  -1.4602280e+01  -3.2126040e+02   3.0458837e+00   1.3535897e+02  -2.0341859e+01   3.3436422e+01   1.6457579e+02
  -1.3749358e+01  -3.2031961e+02   5.6654789e+00   1.3434471e+02  -1.9778077e+01   3.2663648e+01   1.6640898e+02
  -1.2842848e+01  -3.1937163e+02   8.4358742e+00   1.3338954e+02  -1.9242508e+01   3.1724601e+01   1.6810720e+02
  -1.2354790e+01  -3.2033615e+02   1.0000000e+01   1.3679293e+02  -1.8366605e+01   3.0000000e+01   1.6662135e+02
  -1.2882722e+01  -3.2065399e+02   1.0000000e+01   1.3788445e+02  -1.7629792e+01   3.0000000e+01   1.6671804e+02
  -1.3108582e+01  -3.2103034e+02   1.0000000e+01   1.3865044e+02  -1.6286983e+01   3.0000000e+01   1.6729659e+02
  -1.3298739e+01  -3.2124468e+02   1.0000000e+01   1.3942686e+02  -1.4963023e+01   3.0000000e+01   1.6683389e+02
  -1.3610709e+01  -3.2141081e+02   1.0000000e+01   1.4027158e+02  -1.3642572e+01   3.0000000e+01   1.6471318e+02
  -1.2789067e+01  -3.2028920e+02   1.0000000e+01   1.3983012e+02  -1.1567031e+01   3.0000000e+01   1.6290479e+02
  -1.2412308e+01  -3.1807052e+02   1.0000000e+01   1.3866680e+02  -1.0022354e+01   3.0000000e+01   1.6156706e+02
  -1.2790956e+01  -3.1900780e+02   1.0000000e+01   1.4064432e+02  -9.8334478e+00   3.0000000e+01   1.6072051e+02
  -1.1946551e+01  -3.1921929e+02   1.0000000e+01   1.4131982e+02  -8.3033009e+00   3.0000000e+01   1.5817761e+02
  -1.2560925e+01  -3.2042878e+02   1.0000000e+01   1.4332131e+02  -8.4934144e+00   3.0000000e+01   1.5752639e+02
  -1.2433748e+01  -3.2063385e+02   1.0000000e+01   1.4396676e+02  -8.2645028e+00   3.0000000e+01   1.5713086e+02
  -1.2416155e+01  -3.2240889e+02   1.0000000e+01   1.4644645e+02  -8.1581299e+00   3.0000000e+01   1.5640218e+02
  -1.2591059e+01  -3.2432239e+02   1.0000000e+01   1.4898435e+02  -8.2931438e+00   3.0000000e+01   1.5542354e+02
  -1.2161368e+01  -3.2754629e+02   1.0000000e+01   1.5226960e+02  -7.3259663e+00   3.0000000e+01   1.5450270e+02
  -1.2504601e+01  -3.2649540e+02   1.0000000e+01   1.5179779e+02  -7.3744216e+00   3.0000000e+01   1.5336473e+02
  -1.2878407e+01  -3.2620740e+02   1.0000000e+01   1.5164941e+02  -7.4089390e+00   3.0000000e+01   1.5229837e+02
  -1.3840321e+01  -3.2519259e+02   1.0000000e+01   1.5085999e+02  -7.7946285e+00   3.0000000e+01   1.5065213e+02
  -1.3739903e+01  -3.2419063e+02   1.0000000e+01   1.5051769e+02  -7.4379635e+00   3.0000000e+01   1.4919422e+02
  -1.3428067e+01  -3.2266359e+02   1.0000000e+01   1.4978565e+02  -6.8300862e+00   3.0000000e+01   1.4754927e+02
  -1.4865843e+01  -3.2381129e+02   1.0000000e+01   1.5073919e+02  -7.8518363e+00   3.0000000e+01   1.4776698e+02
  -1.4997127e+01  -3.2600739e+02   1.0000000e+01   1.5347036e+02  -7.7814934e+00   3.0000000e+01   1.4562461e+02
  -1.5189130e+01  -3.2563809e+02   1.0000000e+01   1.5355932e+02  -7.6136815e+00   3.0000000e+01   1.4666000e+02
  -1.4735296e+01  -3.2265937e+02   1.0000000e+01   1.5029465e+02  -6.9108986e+00   3.0000000e+01   1.4712283e+02
  -1.5974703e+01  -3.2365518e+02   1.0000000e+01   1.5118670e+02  -7.7932454e+00   3.0000000e+01   1.4795048e+02
  -1.5841754e+01  -3.2205764e+02   1.0000000e+01   1.4934615e+02  -6.6979339e+00   3.0000000e+01   1.4833834e+02
  -1.6775240e+01  -3.2223894e+02   1.0000000e+01   1.4887748e+02  -6.7267974e+00   3.0000000e+01   1.4848196e+02
  -1.8144985e+01  -3.2400837e+02   1.0000000e+01   1.5003967e+02  -7.0264644e+00   3.0000000e+01   1.5054261e+02
  -1.9299351e+01  -3.2387814e+02   1.0000000e+01   1.4900685e+02  -6.2908980e+00   3.0000000e+01   1.5057513e+02
  -2.0058380e+01  -3.2534226e+02   1.0000000e+01   1.4925111e+02  -5.7985025e+00   3.0000000e+01   1.5165376e+02
  -2.0760139e+01  -3.2461601e+02   1.0000000e+01   1.4747468e+02  -5.2482173e+00   3.0000000e+01   1.5396110e+02
  -2.1355888e+01  -3.2004481e+02   1.0000000e+01   1.4246465e+02  -5.1174427e+00   3.0000000e+01   1.5607319e+02
  -2.0171977e+01  -3.1881445e+02   1.0000000e+01   1.3996401e+02  -2.6250870e+00   3.0000000e+01   1.5775314e+02
  -2.0584309e+01  -3.2002223e+02   1.0000000e+01   1.4026427e+02  -1.9983119e+00   3.0000000e+01   1.5855833e+02
  -2.1688168e+01  -3.2339732e+02   1.0000000e+01   1.4226110e+02  -2.5287884e+00   3.0000000e+01   1.5808016e+02
  -2.2092063e+01  -3.2194080e+02   1.0000000e+01   1.4030378e+02  -2.3570140e+00   3.0000000e+01   1.6020832e+02
  -2.1955326e+01  -3.2245157e+02   1.0000000e+01   1.3962478e+02  -1.2497648e+00   3.0000000e+01   1.6134413e+02
  -2.3201803e+01  -3.2448067e+02   1.0000000e+01   1.4087985e+02  -2.0805619e+00   3.0000000e+01   1.6160643e+02
  -2.3723801e+01  -3.2472268e+02   1.0000000e+01   1.4065810e+02  -1.7119453e+00   3.0000000e+01   1.6328154e+02
  -2.3973286e+01  -3.2646856e+02   1.0000000e+01   1.4168231e+02  -1.2347390e+00   3.0000000e+01   1.6402429e+02
  -2.4631938e+01  -3.2921100e+02   1.0000000e+01   1.4325416e+02  -9.1309396e-01   3.0000000e+01   1.6484655e+02
  -2.4348066e+01  -3.2868276e+02   1.0000000e+01   1.4208643e+02   4.0325209e-01   3.0000000e+01   1.6631386e+02
  -2.4792448e+01  -3.2842808e+02   1.0000000e+01   1.4125684e+02   8.4365118e-01   3.0000000e+01   1.6574737e+02
  -2.4785598e+01  -3.2757988e+02   1.0000000e+01   1.3974495e+02   1.8476156e+00   3.0000000e+01   1.6756398e+02
  -2.3869580e+01  -3.2502384e+02   1.0000000e+01   1.3700677e+02   3.8932894e+00   3.0000000e+01   1.6840806e+02
  -2.3175686e+01  -3.2266214e+02   1.0000000e+01   1.3417500e+02   5.4809562e+00   3.0000000e+01   1.6935502e+02
  -2.3475195e+01  -3.2134302e+02   1.0000000e+01   1.3287211e+02   5.4873561e+00   3.0000000e+01   1.6992466e+02
  -2.2716968e+01  -3.1975497e+02   1.0000000e+01   1.3145827e+02   7.1759138e+00   3.0000000e+01   1.7046153e+02
  -2.2811314e+01  -3.1909615e+02   1.0000000e+01   1.3143128e+02   6.8374763e+00   3.0000000e+01   1.7200122e+02
  -2.2185690e+01  -3.1715814e+02   1.0000000e+01   1.3219415e+02   5.4313239e+00   3.0000000e+01   1.7356942e+02
  -1.9771208e+01  -3.1656733e+02   1.0000000e+01   1.4192936e+02   3.2224468e+00   3.0000000e+01   1.7710762e+02
  -2.0063604e+01  -3.1778704e+02   1.0000000e+01   1.5085813e+02  -2.3792607e+00   3.0000000e+01   1.7562689e+02
  -1.7272967e+01  -3.2097835e+02   1.0000000e+01   1.5701482e+02  -1.1079790e+01   3.0000000e+01   1.8001112e+02
  -1.3961159e+01  -3.2444020e+02   1.0000000e+01   1.5824576e+02  -1.8219494e+01   3.0000000e+01   1.8051436e+02
  -1.1316025e+01  -3.2869219e+02   1.0000000e+01   1.5899895e+02  -2.6120598e+01   3.0000000e+01   1.8165266e+02
  -8.0759991e+00  -3.3095324e+02   1.0000000e+01   1.5440882e+02  -3.0138777e+01   3.0000000e+01   1.8322191e+02
  -5.3352374e+00  -3.2956667e+02   1.0000000e+01   1.4660991e+02  -3.1583904e+01   3.0000000e+01   1.8428743e+02
  -2.3944701e+00  -3.3208335e+02   1.0000000e+01   1.4050158e+02  -3.0207651e+01   3.0000000e+01   1.8453383e+02
  -1.3730560e+00  -3.3188733e+02   1.0000000e+01   1.3725908e+02  -2.8633423e+01   3.0000000e+01   1.8311407e+02
  -1.5048079e+00  -3.3136548e+02   1.0000000e+01   1.3691012e+02  -2.8311745e+01   3.0000000e+01   1.8238133e+02
  -1.2798124e+00  -3.3065378e+02   1.0000000e+01   1.3674124e+02  -2.7744028e+01   3.0000000e+01   1.8127481e+02
  -1.2732217e+00  -3.3142764e+02   1.0000000e+01   1.3803248e+02  -2.7676508e+01   3.0000000e+01   1.8143318e+02
  -1.6796565e+00  -3.3149213e+02   1.0000000e+01   1.3876970e+02  -2.7924206e+01   3.0000000e+01   1.8147727e+02
  -1.7804355e+00  -3.3233464e+02   1.0000000e+01   1.4055638e+02  -2.8006381e+01   3.0000000e+01   1.8167316e+02
  -2.2984525e+00  -3.3113988e+02   1.0000000e+01   1.4002409e+02  -2.7496199e+01   3.0000000e+01   1.8149557e+02
  -1.9658712e+00  -3.2960783e+02   1.0000000e+01   1.3911844e+02  -2.6440396e+01   3.0000000e+01   1.8026695e+02
  -1.9641205e+00  -3.2975070e+02   1.0000000e+01   1.3962126e+02  -2.5794922e+01   3.0000000e+01   1.8049164e+02
  -1.9311673e+00  -3.2810188e+02   1.0000000e+01   1.3836739e+02  -2.4425391e+01   3.0000000e+01   1.7970106e+02
  -1.5966876e+00  -3.2923942e+02   1.0000000e+01   1.3995683e+02  -2.3499196e+01   3.0000000e+01   1.7896616e+02
  -9.0429382e-01  -3.3218135e+02   1.0000000e+01   1.4347255e+02  -2.2644185e+01   3.0000000e+01   1.7707110e+02
  -1.1285052e+00  -3.2998393e+02   1.0000000e+01   1.4236834e+02  -2.1171553e+01   3.0000000e+01   1.7699655e+02
  -3.1928305e+00  -3.3092194e+02   1.0000000e+01   1.4359531e+02  -2.1858397e+01   3.0000000e+01   1.7549010e+02
  -3.1453902e+00  -3.3001445e+02   1.0000000e+01   1.4311162e+02  -2.0628424e+01   3.0000000e+01   1.7455595e+02
  -3.6013590e+00  -3.2935443e+02   1.0000000e+01   1.4273971e+02  -2.0143031e+01   3.0000000e+01   1.7422498e+02
  -3.3753896e+00  -3.3049089e+02   1.0000000e+01   1.4418142e+02  -1.9119677e+01   3.0000000e+01   1.7331016e+02
  -3.8188301e+00  -3.2632998e+02   1.0000000e+01   1.4163633e+02  -1.7767189e+01   3.0000000e+01   1.7247176e+02
  -5.5477658e+00  -3.2326340e+02   1.0000000e+01   1.3943787e+02  -1.7696204e+01   3.0000000e+01   1.7034693e+02
  -6.3416920e+00  -3.1935557e+02   1.0000000e+01   1.3659845e+02  -1.6862505e+01   3.0000000e+01   1.7011457e+02
  -6.1607753e+00  -3.1630951e+02   1.0000000e+01   1.3426665e+02  -1.5375232e+01   3.0000000e+01   1.6826672e+02
  -5.7952347e+00  -3.1768028e+02   1.0000000e+01   1.3597396e+02  -1.4146520e+01   3.0000000e+01   1.6757567e+02
  -6.3779704e+00  -3.1885951e+02   1.0000000e+01   1.3742294e+02  -1.3582055e+01   3.0000000e+01   1.6701036e+02
  -7.6188712e+00  -3.1859349e+02   1.0000000e+01   1.3787747e+02  -1.3893132e+01   3.0000000e+01   1.6679467e+02
  -7.4958928e+00  -3.1641717e+02   1.0000000e+01   1.3634758e+02  -1.2030553e+01   3.0000000e+01   1.6577716e+02
  -7.8571456e+00  -3.1536814e+02   1.0000000e+01   1.3519135e+02  -1.1392035e+01   3.0000000e+01   1.6581161e+02
  -7.7278153e+00  -3.1219946e+02   1.0000000e+01   1.3295225e+02  -9.3799620e+00   3.0000000e+01   1.6543921e+02
  -8.7007032e+00  -3.1049166e+02   1.0000000e+01   1.3176431e+02  -9.3680507e+00   3.0000000e+01   1.6498000e+02
  -9.9809101e+00  -3.1150904e+02   1.0000000e+01   1.3263442e+02  -1.0207818e+01   3.0000000e+01   1.6398162e+02
  -9.8729078e+00  -3.0939225e+02   1.0000000e+01   1.3123928e+02  -8.5827606e+00   3.0000000e+01   1.6375042e+02
  -1.0247847e+01  -3.0990057e+02   1.0000000e+01   1.3134578e+02  -8.1734040e+00   3.0000000e+01   1.6363519e+02
  -1.0333661e+01  -3.1083414e+02   1.0000000e+01   1.3259443e+02  -7.7135768e+00   3.0000000e+01   1.6315201e+02
  -1.0865542e+01  -3.1232081e+02   1.0000000e+01   1.3449101e+02  -7.9518333e+00   3.0000000e+01   1.6268118e+02
  -1.1030047e+01  -3.1422182e+02   1.0000000e+01   1.3642770e+02  -7.0837177e+00   3.0000000e+01   1.6188039e+02
  -1.1444195e+01  -3.1444356e+02   1.0000000e+01   1.3694079e+02  -7.2101244e+00   3.0000000e+01   1.6116784e+02
  -1.1422986e+01  -3.1595607e+02   1.0000000e+01   1.3857461e+02  -6.9288673e+00   3.0000000e+01   1.6191210e+02
  -1.2254804e+01  -3.1768656e+02   1.0000000e+01   1.4005997e+02  -7.3578055e+00   3.0000000e+01   1.6169285e+02
  -1.3646226e+01  -3.1862787e+02   1.0000000e+01   1.4100364e+02  -8.3882480e+00   3.0000000e+01   1.6064672e+02
  -1.4706557e+01  -3.1938391e+02   1.0000000e+01   1.4183635e+02  -9.0068904e+00   3.0000000e+01   1.6054430e+02
  -1.4687537e+01  -3.1866816e+02   1.0000000e+01   1.4138362e+02  -8.0505880e+00   3.0000000e+01   1.6045331e+02
  -1.4902741e+01  -3.2003844e+02   1.0000000e+01   1.4259744e+02  -7.8057414e+00   3.0000000e+01   1.6041708e+02
  -1.5145382e+01  -3.1923916e+02   1.0000000e+01   1.4212030e+02  -7.2427931e+00   3.0000000e+01   1.5980328e+02
  -1.5282610e+01  -3.1898488e+02   1.0000000e+01   1.4206631e+02  -6.5664337e+00   3.0000000e+01   1.5967494e+02
  -1.5560177e+01  -3.1920518e+02   1.0000000e+01   1.4229638e+02  -6.1575509e+00   3.0000000e+01   1.6002631e+02
  -1.5897845e+01  -3.1942139e+02   1.0000000e+01   1.4260902e+02  -5.7202360e+00   3.0000000e+01   1.5921069e+02
  -1.6583881e+01  -3.2099190e+02   1.0000000e+01   1.4362277e+02  -6.2195292e+00   3.0000000e+01   1.5999175e+02
  -1.6712433e+01  -3.2145947e+02   1.0000000e+01   1.4430620e+02  -5.8884155e+00   3.0000000e+01   1.5954926e+02
  -1.7809230e+01  -3.2222732e+02   1.0000000e+01   1.4465834e+02  -6.7135056e+00   3.0000000e+01   1.6032890e+02
  -1.8135672e+01  -3.2239651e+02   1.0000000e+01   1.4478177e+02  -6.6446501e+00   3.0000000e+01   1.6067226e+02
  -1.9315203e+01  -3.2183550e+02   1.0000000e+01   1.4390991e+02  -7.4609034e+00   3.0000000e+01   1.6168482e+02
  -2.0038361e+01  -3.2537080e+02   1.0000000e+01   1.4619344e+02  -8.0268085e+00   3.0000000e+01   1.6256747e+02
  -2.0770856e+01  -3.2583608e+02   1.0000000e+01   1.4561310e+02  -8.1271798e+00   3.0000000e+01   1.6282607e+02
  -2.1847415e+01  -3.2685692e+02   1.0000000e+01   1.4571993e+02  -8.6566465e+00   3.0000000e+01   1.6433140e+02
  -2.2261691e+01  -3.2808098e+02   1.0000000e+01   1.4681531e+02  -8.7432105e+00   3.0000000e+01   1.6365660e+02
  -2.1659982e+01  -3.2549783e+02   1.0000000e+01   1.4427360e+02  -7.8360294e+00   3.0000000e+01   1.6508203e+02
  -2.1197953e+01  -3.2543672e+02   1.0000000e+01   1.4342505e+02  -6.8804899e+00   3.0000000e+01   1.6464922e+02
  -2.0320952e+01  -3.2479697e+02   1.0000000e+01   1.4230070e+02  -5.4820576e+00   3.0000000e+01   1.6549487e+02
  -2.1962516e+01  -3.2726302e+02   1.0000000e+01   1.4378263e+02  -6.4400187e+00   3.0000000e+01   1.6589650e+02
  -2.3335166e+01  -3.2948169e+02   1.0000000e+01   1.4494696e+02  -7.9807585e+00   3.0000000e+01   1.6686186e+02
  -2.3743799e+01  -3.2887908e+02   1.0000000e+01   1.4377907e+02  -8.5641365e+00   3.0000000e+01   1.6904248e+02
  -2.4851902e+01  -3.3109331e+02   1.0000000e+01   1.4528406e+02  -9.3190487e+00   3.0000000e+01   1.6885824e+02
  -2.4347528e+01  -3.3234121e+02   1.0000000e+01   1.4634481e+02  -8.0165052e+00   3.0000000e+01   1.6876584e+02
  -2.4942906e+01  -3.3088277e+02   1.0000000e+01   1.4522463e+02  -8.1385495e+00   3.0000000e+01   1.6951224e+02
  -2.4296324e+01  -3.3058177e+02   1.0000000e+01   1.4463037e+02  -6.8585617e+00   3.0000000e+01   1.6988500e+02
  -2.3797531e+01  -3.3005111e+02   1.0000000e+01   1.4416922e+02  -5.5394343e+00   3.0000000e+01   1.6913507e+02
  -2.3546117e+01  -3.2916707e+02   1.0000000e+01   1.4327457e+02  -4.7296703e+00   3.0000000e+01   1.7007306e+02
  -2.3472131e+01  -3.2822838e+02   1.0000000e+01   1.4243970e+02  -3.7407432e+00   3.0000000e+01   1.7029150e+02
  -2.2739170e+01  -3.2698406e+02   1.0000000e+01   1.4117147e+02  -2.0860449e+00   3.0000000e+01   1.7056370e+02
  -2.2558594e+01  -3.2617865e+02   1.0000000e+01   1.4044065e+02  -1.7046442e+00   3.0000000e+01   1.7155138e+02
  -2.2757517e+01  -3.2537941e+02   1.0000000e+01   1.3969764e+02  -1.0315194e+00   3.0000000e+01   1.7168388e+02
  -2.2071193e+01  -3.2531679e+02   1.0000000e+01   1.3931128e+02   1.5285273e-01   3.0000000e+01   1.7230156e+02
  -2.1485330e+01  -3.2382590e+02   1.0000000e+01   1.3766878e+02   1.3013827e+00   3.0000000e+01   1.7245324e+02
  -2.0958178e+01  -3.2383377e+02   1.0000000e+01   1.3734310e+02   2.1791059e+00   3.0000000e+01   1.7178487e+02
  -2.0956232e+01  -3.2475907e+02   1.0000000e+01   1.3793912e+02   2.9833186e+00   3.0000000e+01   1.7262453e+02
  -2.0681205e+01  -3.2336280e+02   1.0000000e+01   1.3737103e+02   3.1149814e+00   3.0000000e+01   1.7320679e+02
  -2.1440864e+01  -3.2194497e+02   1.0000000e+01   1.4131170e+02   1.2890121e+00   3.0000000e+01   1.7539298e+02
  -2.1004616e+01  -3.2179833e+02   1.0000000e+01   1.4814942e+02  -7.6633590e-01   3.0000000e+01   1.7095237e+02
  -1.8283911e+01  -3.1966070e+02   1.0000000e+01   1.5350561e+02  -1.5940862e+00   3.0000000e+01   1.6732418e+02
  -1.7013560e+01  -3.2190586e+02   1.0000000e+01   1.5767491e+02  -7.8529152e+00   3.0000000e+01   1.6633832e+02
  -1.4507853e+01  -3.2505675e+02   1.0000000e+01   1.5951582e+02  -1.4456104e+01   3.0000000e+01   1.6653960e+02
  -1.2074272e+01  -3.2371917e+02   1.0000000e+01   1.5556903e+02  -2.1850474e+01   3.0000000e+01   1.6849161e+02
  -9.3066548e+00  -3.2589837e+02   1.0000000e+01   1.5464129e+02  -2.6457334e+01   3.0000000e+01   1.6849196e+02
  -6.9474357e+00  -3.2671282e+02   1.0000000e+01   1.5271370e+02  -2.9100352e+01   3.0000000e+01   1.6522721e+02
  -5.3612549e+00  -3.2325717e+02   1.0000000e+01   1.4662595e+02  -2.9008530e+01   3.0000000e+01   1.6273403e+02
  -3.8260234e+00  -3.2506355e+02   1.0000000e+01   1.4526560e+02  -2.7310464e+01   3.0000000e+01   1.5757739e+02
  -3.3730713e+00  -3.2517388e+02   1.0000000e+01   1.4524368e+02  -2.4992881e+01   3.0000000e+01   1.5615876e+02
  -3.0464668e+00  -3.2639416e+02   1.0000000e+01   1.4847661e+02  -2.3340630e+01   3.0000000e+01   1.5250251e+02
  -2.9126140e+00  -3.2688656e+02   1.0000000e+01   1.5079998e+02  -2.2390691e+01   3.0000000e+01   1.4738466e+02
  -3.8229363e+00  -3.2511963e+02   1.0000000e+01   1.5103378e+02  -2.2027527e+01   3.0000000e+01   1.4579616e+02
  -3.5363437e+00  -3.2686588e+02   1.0000000e+01   1.5280168e+02  -2.1599320e+01   3.0000000e+01   1.4584518e+02
  -4.2251891e+00  -3.2743442e+02   1.0000000e+01   1.5422838e+02  -2.1980776e+01   3.0000000e+01   1.4477019e+02
  -3.8703922e+00  -3.2792873e+02   1.0000000e+01   1.5439140e+02  -2.0652144e+01   3.0000000e+01   1.4603502e+02
  -5.6659461e+00  -3.2706508e+02   1.0000000e+01   1.5421975e+02  -2.1407720e+01   3.0000000e+01   1.4583372e+02
  -6.2551916e+00  -3.2789331e+02   1.0000000e+01   1.5480009e+02  -2.0990939e+01   3.0000000e+01   1.4653103e+02
  -5.0023331e+00  -3.2910611e+02   1.0000000e+01   1.5562677e+02  -1.9097447e+01   3.0000000e+01   1.4660098e+02
  -5.5161544e+00  -3.3110863e+02   1.0000000e+01   1.5756947e+02  -1.8722338e+01   3.0000000e+01   1.4693607e+02
  -5.5338135e+00  -3.3201422e+02   1.0000000e+01   1.5853284e+02  -1.8113037e+01   3.0000000e+01   1.4669164e+02
  -5.8216453e+00  -3.2654477e+02   1.0000000e+01   1.5360214e+02  -1.6697847e+01   3.0000000e+01   1.4682806e+02
  -7.2785109e+00  -3.2578070e+02   1.0000000e+01   1.5291052e+02  -1.6603067e+01   3.0000000e+01   1.4680711e+02
  -7.3987336e+00  -3.2439332e+02   1.0000000e+01   1.5188369e+02  -1.5548120e+01   3.0000000e+01   1.4664679e+02
  -7.4867385e+00  -3.2387101e+02   1.0000000e+01   1.5125870e+02  -1.4416514e+01   3.0000000e+01   1.4679270e+02
  -8.5374794e+00  -3.2747184e+02   1.0000000e+01   1.5549826e+02  -1.4709873e+01   3.0000000e+01   1.4559406e+02
  -9.1803418e+00  -3.3006701e+02   1.0000000e+01   1.5838453e+02  -1.4449081e+01   3.0000000e+01   1.4604051e+02
  -1.0352419e+01  -3.3030789e+02   1.0000000e+01   1.5891309e+02  -1.4330745e+01   3.0000000e+01   1.4647838e+02
  -1.0628545e+01  -3.3147457e+02   1.0000000e+01   1.6032207e+02  -1.3843700e+01   3.0000000e+01   1.4656401e+02
  -1.1617809e+01  -3.3111241e+02   1.0000000e+01   1.5990720e+02  -1.3571309e+01   3.0000000e+01   1.4767676e+02
  -1.2405461e+01  -3.3035111e+02   1.0000000e+01   1.5930298e+02  -1.3384959e+01   3.0000000e+01   1.4704104e+02
  -1.1487834e+01  -3.2876172e+02   1.0000000e+01   1.5707338e+02  -1.1560300e+01   3.0000000e+01   1.4764922e+02
  -1.0758785e+01  -3.2744402e+02   1.0000000e+01   1.5587061e+02  -1.0062084e+01   3.0000000e+01   1.4748380e+02
  -1.1521625e+01  -3.2620551e+02   1.0000000e+01   1.5440130e+02  -9.8943362e+00   3.0000000e+01   1.4851353e+02
  -1.3196379e+01  -3.2555962e+02   1.0000000e+01   1.5341361e+02  -1.0616317e+01   3.0000000e+01   1.4884290e+02
  -1.3775243e+01  -3.2558730e+02   1.0000000e+01   1.5329341e+02  -9.8363272e+00   3.0000000e+01   1.4752515e+02
  -1.3467812e+01  -3.2353069e+02   1.0000000e+01   1.5074554e+02  -8.3353580e+00   3.0000000e+01   1.4720183e+02
  -1.3050647e+01  -3.2183612e+02   1.0000000e+01   1.4870648e+02  -6.7814744e+00   3.0000000e+01   1.4795938e+02
  -1.4492693e+01  -3.2189629e+02   1.0000000e+01   1.4865058e+02  -7.0654083e+00   3.0000000e+01   1.4827161e+02
  -1.5750557e+01  -3.2197532e+02   1.0000000e+01   1.4858307e+02  -7.4460150e+00   3.0000000e+01   1.4894245e+02
  -1.5021811e+01  -3.1933454e+02   1.0000000e+01   1.4563579e+02  -5.5714123e+00   3.0000000e+01   1.4935798e+02
  -1.6133722e+01  -3.2155109e+02   1.0000000e+01   1.4760018e+02  -5.3678438e+00   3.0000000e+01   1.4869631e+02
  -1.6039005e+01  -3.1995416e+02   1.0000000e+01   1.4580011e+02  -4.3120288e+00   3.0000000e+01   1.4947482e+02
  -1.5952450e+01  -3.1886507e+02   1.0000000e+01   1.4509286e+02  -2.8610745e+00   3.0000000e+01   1.4890269e+02
  -1.6442015e+01  -3.2015430e+02   1.0000000e+01   1.4640028e+02  -2.2427348e+00   3.0000000e+01   1.4963143e+02
  -1.7650404e+01  -3.1955988e+02   1.0000000e+01   1.4572181e+02  -2.6748646e+00   3.0000000e+01   1.4974001e+02
  -1.6961729e+01  -3.1862106e+02   1.0000000e+01   1.4475245e+02  -7.8115313e-01   3.0000000e+01   1.4964405e+02
  -1.8084369e+01  -3.2039780e+02   1.0000000e+01   1.4606338e+02  -1.4426193e+00   3.0000000e+01   1.5011112e+02
  -1.7619657e+01  -3.2156818e+02   1.0000000e+01   1.4694774e+02  -3.2413132e-01   3.0000000e+01   1.5124290e+02
  -1.8820060e+01  -3.2027222e+02   1.0000000e+01   1.4520520e+02  -2.1447440e-01   3.0000000e+01   1.4964024e+02
  -1.8872386e+01  -3.2076734e+02   1.0000000e+01   1.4537331e+02   3.6456819e-01   3.0000000e+01   1.4995034e+02
  -1.8798058e+01  -3.1852352e+02   1.0000000e+01   1.4350675e+02   1.5440517e+00   3.0000000e+01   1.5082292e+02
  -1.8890411e+01  -3.1972699e+02   1.0000000e+01   1.4402475e+02   2.7202614e+00   3.0000000e+01   1.5044073e+02
  -2.1330563e+01  -3.2214589e+02   1.0000000e+01   1.4549996e+02   1.4006868e+00   3.0000000e+01   1.5254863e+02
  -1.9855248e+01  -3.1661559e+02   1.0000000e+01   1.3963281e+02   3.9284239e+00   3.0000000e+01   1.5258661e+02
  -1.9767096e+01  -3.1501061e+02   1.0000000e+01   1.3677421e+02   5.4053645e+00   3.0000000e+01   1.5372105e+02
  -2.2335238e+01  -3.1907077e+02   1.0000000e+01   1.3890027e+02   3.4642520e+00   3.0000000e+01   1.5545848e+02
  -2.4374093e+01  -3.2338191e+02   1.0000000e+01   1.4163572e+02   2.0927944e+00   3.0000000e+01   1.5632444e+02
  -2.5052726e+01  -3.2468840e+02   1.0000000e+01   1.4206729e+02   2.0651691e+00   3.0000000e+01   1.5880346e+02
  -2.5623453e+01  -3.2666162e+02   1.0000000e+01   1.4229814e+02   2.6497216e+00   3.0000000e+01   1.5849277e+02
  -2.4981480e+01  -3.2488774e+02   1.0000000e+01   1.3992498e+02   4.4311703e+00   3.0000000e+01   1.6287249e+02
  -2.5478912e+01  -3.2458068e+02   1.0000000e+01   1.3828599e+02   4.9806363e+00   3.0000000e+01   1.6474631e+02
  -2.4637674e+01  -3.2345346e+02   1.0000000e+01   1.3579190e+02   7.5473364e+00   3.0000000e+01   1.6812084e+02
  -2.4925389e+01  -3.2128790e+02   1.0000000e+01   1.3363467e+02   8.3004107e+00   3.0000000e+01   1.7125707e+02
  -2.3470128e+01  -3.1871003e+02   1.0000000e+01   1.3347486e+02   8.9189809e+00   3.0000000e+01   1.7207528e+02
  -2.2195500e+01  -3.1624877e+02   1.0000000e+01   1.4336797e+02   6.6753190e+00   3.0000000e+01   1.7342482e+02
  -2.2579219e+01  -3.1799983e+02   1.0000000e+01   1.5265237e+02   3.0046661e+00   3.0000000e+01   1.7100908e+02
  -1.9875122e+01  -3.2069797e+02   1.0000000e+01   1.6004775e+02  -3.5090024e+00   3.0000000e+01   1.7349872e+02
  -1.8428382e+01  -3.2315700e+02   1.0000000e+01   1.6392822e+02  -9.4083029e+00   3.0000000e+01   1.7366747e+02
  -1.5706789e+01  -3.2765678e+02   1.0000000e+01   1.5806457e+02  -1.7776462e+01   3.0000000e+01   1.7206754e+02
  -1.1856810e+01  -3.2424655e+02   1.0000000e+01   1.6157746e+02  -2.2391055e+01   3.0000000e+01   1.6887026e+02
  -9.7573581e+00  -3.3123168e+02   1.0000000e+01   1.6585810e+02  -2.9097860e+01   3.0000000e+01   1.6231245e+02
  -4.7826299e+00  -3.3056558e+02   1.0000000e+01   1.5870606e+02  -3.1678682e+01   3.0000000e+01   1.6115616e+02
  -2.2722438e+00  -3.2707447e+02   1.0000000e+01   1.5059104e+02  -3.1370313e+01   3.0000000e+01   1.5874353e+02
  -1.7196478e+00  -3.2466376e+02   1.0000000e+01   1.4499457e+02  -3.0554211e+01   3.0000000e+01   1.5947837e+02
  -1.7548987e+00  -3.2401375e+02   1.0000000e+01   1.4257686e+02  -2.9503240e+01   3.0000000e+01   1.5878866e+02
  -1.9221690e+00  -3.2513694e+02   1.0000000e+01   1.4151380e+02  -2.7436904e+01   3.0000000e+01   1.6101231e+02
  -2.9506220e+00  -3.2634275e+02   1.0000000e+01   1.4352666e+02  -2.7219423e+01   3.0000000e+01   1.5975271e+02
  -2.4581538e+00  -3.2676414e+02   1.0000000e+01   1.4495049e+02  -2.5950570e+01   3.0000000e+01   1.5769342e+02
  -1.3979020e+00  -3.2857161e+02   1.0000000e+01   1.4586654e+02  -2.4273415e+01   3.0000000e+01   1.5854432e+02
  -1.5756832e+00  -3.2775843e+02   1.0000000e+01   1.4677137e+02  -2.3424119e+01   3.0000000e+01   1.5924401e+02
  -2.1512365e+00  -3.2578949e+02   1.0000000e+01   1.4525113e+02  -2.2613159e+01   3.0000000e+01   1.5827449e+02
  -1.8602388e+00  -3.2262844e+02   1.0000000e+01   1.4313191e+02  -2.0966600e+01   3.0000000e+01   1.5901168e+02
  -3.0126996e+00  -3.2307194e+02   1.0000000e+01   1.4341463e+02  -2.1174337e+01   3.0000000e+01   1.5952122e+02
  -2.2373383e+00  -3.2251848e+02   1.0000000e+01   1.4345099e+02  -1.9354702e+01   3.0000000e+01   1.5928324e+02
  -2.3198204e+00  -3.2227498e+02   1.0000000e+01   1.4324567e+02  -1.8536218e+01   3.0000000e+01   1.5887768e+02
  -3.4888481e+00  -3.2283879e+02   1.0000000e+01   1.4466898e+02  -1.8506913e+01   3.0000000e+01   1.5764303e+02
  -3.9015944e+00  -3.2244933e+02   1.0000000e+01   1.4463561e+02  -1.7372712e+01   3.0000000e+01   1.5805612e+02
  -4.2961746e+00  -3.2193114e+02   1.0000000e+01   1.4466661e+02  -1.6325307e+01   3.0000000e+01   1.5698025e+02
  -5.0256562e+00  -3.2137511e+02   1.0000000e+01   1.4453671e+02  -1.5707732e+01   3.0000000e+01   1.5540073e+02
  -5.7787200e+00  -3.1957353e+02   1.0000000e+01   1.4328998e+02  -1.5006825e+01   3.0000000e+01   1.5502143e+02
  -5.5157397e+00  -3.1895131e+02   1.0000000e+01   1.4303369e+02  -1.3516905e+01   3.0000000e+01   1.5468462e+02
  -5.7891211e+00  -3.1756808e+02   1.0000000e+01   1.4194153e+02  -1.2042039e+01   3.0000000e+01   1.5422008e+02
  -5.8698915e+00  -3.1824841e+02   1.0000000e+01   1.4261234e+02  -1.0253319e+01   3.0000000e+01   1.5355482e+02
  -5.7921033e+00  -3.2057247e+02   1.0000000e+01   1.4492512e+02  -8.4279300e+00   3.0000000e+01   1.5351000e+02
  -5.8958576e+00  -3.2200774e+02   1.0000000e+01   1.4658939e+02  -7.1887350e+00   3.0000000e+01   1.5400972e+02
  -7.1072280e+00  -3.2269432e+02   1.0000000e+01   1.4753857e+02  -6.9473363e+00   3.0000000e+01   1.5425425e+02
  -8.1402315e+00  -3.2441154e+02   1.0000000e+01   1.4928745e+02  -7.2894449e+00   3.0000000e+01   1.5475264e+02
  -9.4004597e+00  -3.2260641e+02   1.0000000e+01   1.4755628e+02  -7.2476172e+00   3.0000000e+01   1.5441107e+02
  -1.0102538e+01  -3.2051022e+02   1.0000000e+01   1.4526439e+02  -6.7447477e+00   3.0000000e+01   1.5452566e+02
  -1.0162432e+01  -3.2138137e+02   1.0000000e+01   1.4521914e+02  -5.4313253e+00   3.0000000e+01   1.5452976e+02
  -1.0861348e+01  -3.2305068e+02   1.0000000e+01   1.4674724e+02  -5.6029826e+00   3.0000000e+01   1.5460815e+02
  -1.1236242e+01  -3.2639471e+02   1.0000000e+01   1.4979539e+02  -5.3240702e+00   3.0000000e+01   1.5484166e+02
  -1.2690984e+01  -3.2987295e+02   1.0000000e+01   1.5334497e+02  -6.1198263e+00   3.0000000e+01   1.5478367e+02
  -1.4178566e+01  -3.3226441e+02   1.0000000e+01   1.5518807e+02  -6.4240642e+00   3.0000000e+01   1.5409651e+02
  -1.4708419e+01  -3.2939772e+02   1.0000000e+01   1.5267127e+02  -6.3080474e+00   3.0000000e+01   1.5426569e+02
  -1.5179946e+01  -3.2688881e+02   1.0000000e+01   1.5036976e+02  -5.6804855e+00   3.0000000e+01   1.5448852e+02
  -1.4385916e+01  -3.2561901e+02   1.0000000e+01   1.4947181e+02  -3.7294836e+00   3.0000000e+01   1.5488265e+02
  -1.5633159e+01  -3.2420285e+02   1.0000000e+01   1.4810362e+02  -3.5222650e+00   3.0000000e+01   1.5368396e+02
  -1.6270784e+01  -3.2144441e+02   1.0000000e+01   1.4528269e+02  -3.4696951e+00   3.0000000e+01   1.5408492e+02
  -1.5880892e+01  -3.2076641e+02   1.0000000e+01   1.4498813e+02  -2.1228929e+00   3.0000000e+01   1.5537224e+02
  -1.6285647e+01  -3.2142640e+02   1.0000000e+01   1.4506616e+02  -1.4656795e+00   3.0000000e+01   1.5483481e+02
  -1.5877191e+01  -3.2171252e+02   1.0000000e+01   1.4492488e+02   5.7209672e-02   3.0000000e+01   1.5431287e+02
  -1.6047679e+01  -3.2052068e+02   1.0000000e+01   1.4337114e+02   8.2309085e-01   3.0000000e+01   1.5435006e+02
  -1.5754057e+01  -3.1716212e+02   1.0000000e+01   1.4021254e+02   2.4635245e+00   3.0000000e+01   1.5470853e+02
  -1.6199955e+01  -3.1731459e+02   1.0000000e+01   1.3967042e+02   3.1415159e+00   3.0000000e+01   1.5553737e+02
  -1.7269521e+01  -3.1629824e+02   1.0000000e+01   1.3855850e+02   2.6470808e+00   3.0000000e+01   1.5694229e+02
  -1.6049019e+01  -3.1316490e+02   1.0000000e+01   1.3489489e+02   5.1950170e+00   3.0000000e+01   1.5712580e+02
  -1.4869796e+01  -3.1153742e+02   1.0000000e+01   1.3242170e+02   7.9817369e+00   3.0000000e+01   1.5786700e+02
  -1.5767144e+01  -3.1202111e+02   1.0000000e+01   1.3220940e+02   8.1785336e+00   3.0000000e+01   1.5974722e+02
  -1.9108764e+01  -3.1620011e+02   1.0000000e+01   1.3507668e+02   5.4997596e+00   3.0000000e+01   1.5989813e+02
  -1.9829415e+01  -3.1779547e+02   1.0000000e+01   1.3579316e+02   5.3880799e+00   3.0000000e+01   1.6216649e+02
  -1.9902575e+01  -3.1921896e+02   1.0000000e+01   1.3638642e+02   6.6834714e+00   3.0000000e+01   1.6234923e+02
  -2.1385829e+01  -3.2190006e+02   1.0000000e+01   1.3794628e+02   6.2469632e+00   3.0000000e+01   1.6170646e+02
  -2.2906987e+01  -3.2204717e+02   1.0000000e+01   1.3735197e+02   6.3226263e+00   3.0000000e+01   1.6350640e+02
  -2.4759379e+01  -3.2454373e+02   1.0000000e+01   1.3858156e+02   5.8815958e+00   3.0000000e+01   1.6395443e+02
  -2.5364451e+01  -3.2455681e+02   1.0000000e+01   1.3764725e+02   6.9132164e+00   3.0000000e+01   1.6580149e+02
  -2.6747514e+01  -3.2537520e+02   1.0000000e+01   1.3758639e+02   7.2033974e+00   3.0000000e+01   1.6833476e+02
  -2.6589494e+01  -3.2284462e+02   1.0000000e+01   1.3373132e+02   9.0474824e+00   3.0000000e+01   1.7185600e+02
  -2.6509191e+01  -3.2215266e+02   1.0000000e+01   1.3288452e+02   9.9894562e+00   3.0000000e+01   1.7188005e+02
  -2.5115953e+01  -3.1921972e+02   1.0000000e+01   1.3222469e+02   1.1098831e+01   3.0000000e+01   1.7358162e+02
  -2.3419725e+01  -3.1736167e+02   1.0000000e+01   1.3917333e+02   9.2212556e+00   3.0000000e+01   1.7436257e+02
  -2.3047623e+01  -3.1872982e+02   1.0000000e+01   1.4875460e+02   4.9477748e+00   3.0000000e+01   1.7532135e+02
  -2.2425745e+01  -3.2215141e+02   1.0000000e+01   1.5609250e+02  -1.2713979e+00   3.0000000e+01   1.7412869e+02
  -2.0548519e+01  -3.2264802e+02   1.0000000e+01   1.5938207e+02  -8.5848449e+00   3.0000000e+01   1.7503337e+02
  -1.8831830e+01  -3.2462662e+02   1.0000000e+01   1.5945469e+02  -1.5589042e+01   3.0000000e+01   1.7327936e+02
  -1.4521778e+01  -3.2152411e+02   1.0000000e+01   1.5291429e+02  -2.1395676e+01   3.0000000e+01   1.7356241e+02
  -1.0222492e+01  -3.2017403e+02   1.0000000e+01   1.4982904e+02  -2.8077883e+01   3.0000000e+01   1.6974891e+02
  -8.1912140e+00  -3.2680845e+02   1.0000000e+01   1.5541814e+02  -3.3542048e+01   3.0000000e+01   1.6976498e+02
  -6.3277841e+00  -3.2988861e+02   1.0000000e+01   1.5833464e+02  -3.6876035e+01   3.0000000e+01   1.7030899e+02
  -4.7462607e+00  -3.2700012e+02   1.0000000e+01   1.5313031e+02  -3.8235537e+01   3.0000000e+01   1.7040032e+02
  -2.5877594e+00  -3.2546571e+02   1.0000000e+01   1.4769191e+02  -3.8337886e+01   3.0000000e+01   1.6949660e+02
  -6.6073935e-01  -3.2508718e+02   1.0000000e+01   1.4180705e+02  -3.5908901e+01   3.0000000e+01   1.7115130e+02
  -2.7117451e-01  -3.2797581e+02   1.0000000e+01   1.3932352e+02  -3.2820527e+01   3.0000000e+01   1.7044060e+02
   5.6774874e-01  -3.2860144e+02   1.0000000e+01   1.3864546e+02  -2.9982317e+01   3.0000000e+01   1.6927243e+02
   1.3640259e+00  -3.2838938e+02   1.0000000e+01   1.3885552e+02  -2.7412611e+01   3.0000000e+01   1.6668813e+02
   8.6902399e-01  -3.2757333e+02   1.0000000e+01   1.3940900e+02  -2.6272662e+01   3.0000000e+01   1.6670638e+02
   3.9930198e-01  -3.2661545e+02   1.0000000e+01   1.4006233e+02  -2.5409800e+01   3.0000000e+01   1.6660995e+02
   3.4093926e-01  -3.2456230e+02   1.0000000e+01   1.3934275e+02  -2.4006719e+01   3.0000000e+01   1.6446262e+02
  -6.9372822e-01  -3.2485935e+02   1.0000000e+01   1.4115995e+02  -2.3784231e+01   3.0000000e+01   1.6396507e+02
  -1.3079471e+00  -3.2471299e+02   1.0000000e+01   1.4206068e+02  -2.3183526e+01   3.0000000e+01   1.6319194e+02
  -1.3311416e+00  -3.2385096e+02   1.0000000e+01   1.4209075e+02  -2.1825122e+01   3.0000000e+01   1.6181941e+02
  -5.7930355e-01  -3.2203005e+02   1.0000000e+01   1.4132534e+02  -1.9591269e+01   3.0000000e+01   1.6083695e+02
  -6.9039355e-01  -3.2720495e+02   1.0000000e+01   1.4692884e+02  -1.8894189e+01   3.0000000e+01   1.6057394e+02
  -8.5643424e-02  -3.2722773e+02   1.0000000e+01   1.4787584e+02  -1.7228643e+01   3.0000000e+01   1.6046226e+02
  -2.2834824e-01  -3.2732234e+02   1.0000000e+01   1.4891578e+02  -1.5158598e+01   3.0000000e+01   1.5838054e+02
  -1.3504525e+00  -3.2624764e+02   1.0000000e+01   1.4890796e+02  -1.4366084e+01   3.0000000e+01   1.5839330e+02
  -3.5444058e+00  -3.2512880e+02   1.0000000e+01   1.4856391e+02  -1.5056723e+01   3.0000000e+01   1.5655149e+02
  -4.2260140e+00  -3.2508866e+02   1.0000000e+01   1.4860760e+02  -1.4652512e+01   3.0000000e+01   1.5585207e+02
  -5.6490500e+00  -3.2215664e+02   1.0000000e+01   1.4674409e+02  -1.4474028e+01   3.0000000e+01   1.5440199e+02
  -6.5395225e+00  -3.2444262e+02   1.0000000e+01   1.4878975e+02  -1.4548494e+01   3.0000000e+01   1.5415411e+02
  -6.7514591e+00  -3.2648406e+02   1.0000000e+01   1.5123101e+02  -1.3911138e+01   3.0000000e+01   1.5436275e+02
  -6.8041448e+00  -3.2401112e+02   1.0000000e+01   1.4898505e+02  -1.2402099e+01   3.0000000e+01   1.5363153e+02
  -7.3103888e+00  -3.2396710e+02   1.0000000e+01   1.4950830e+02  -1.1064270e+01   3.0000000e+01   1.5337560e+02
  -5.9372300e+00  -3.2301467e+02   1.0000000e+01   1.4802677e+02  -8.2758290e+00   3.0000000e+01   1.5424824e+02
  -7.2596089e+00  -3.2155300e+02   1.0000000e+01   1.4761820e+02  -8.3479779e+00   3.0000000e+01   1.5370393e+02
  -8.3997032e+00  -3.2113311e+02   1.0000000e+01   1.4746404e+02  -8.3531794e+00   3.0000000e+01   1.5372137e+02
  -8.5251454e+00  -3.1851132e+02   1.0000000e+01   1.4531627e+02  -7.9008269e+00   3.0000000e+01   1.5255561e+02
  -9.2823767e+00  -3.1685933e+02   1.0000000e+01   1.4374626e+02  -7.2681316e+00   3.0000000e+01   1.5318204e+02
  -9.6853755e+00  -3.1761114e+02   1.0000000e+01   1.4399627e+02  -6.6268017e+00   3.0000000e+01   1.5301788e+02
  -1.0464486e+01  -3.1571768e+02   1.0000000e+01   1.4216983e+02  -6.2539401e+00   3.0000000e+01   1.5331918e+02
  -1.0743303e+01  -3.1432630e+02   1.0000000e+01   1.4096855e+02  -5.5067126e+00   3.0000000e+01   1.5293457e+02
  -9.8959743e+00  -3.1270615e+02   1.0000000e+01   1.3945333e+02  -3.7854433e+00   3.0000000e+01   1.5387213e+02
  -1.0453900e+01  -3.1492667e+02   1.0000000e+01   1.4099409e+02  -3.9238975e+00   3.0000000e+01   1.5386365e+02
  -9.6283856e+00  -3.1244286e+02   1.0000000e+01   1.3919484e+02  -1.8961828e+00   3.0000000e+01   1.5375796e+02
  -1.0180207e+01  -3.1438486e+02   1.0000000e+01   1.4125253e+02  -1.3779904e+00   3.0000000e+01   1.5372474e+02
  -1.2307321e+01  -3.1519879e+02   1.0000000e+01   1.4197228e+02  -2.7457967e+00   3.0000000e+01   1.5538540e+02
  -1.2584992e+01  -3.1590875e+02   1.0000000e+01   1.4183453e+02  -2.1809973e+00   3.0000000e+01   1.5544053e+02
  -1.3794652e+01  -3.1687024e+02   1.0000000e+01   1.4180765e+02  -2.4805890e+00   3.0000000e+01   1.5523246e+02
  -1.5298913e+01  -3.1739275e+02   1.0000000e+01   1.4216318e+02  -2.6401316e+00   3.0000000e+01   1.5475571e+02
