  -1.2087060e+01   6.9522915e+00   5.9573743e+01   3.8565082e+01   2.8411783e+01  -5.4879789e+01   8.7293567e+00
  -1.3485667e+01   8.8002451e+00   4.5597496e+01   3.3005800e+01   2.9680305e+01  -5.4220778e+01   1.2970067e+01
  -6.4633434e+00   7.0052661e+00   3.5000000e+01   3.8591149e+01   4.0402861e+01  -5.6000000e+01   1.9852039e+01
  -7.4414391e+00   6.2256662e+00   3.5000000e+01   3.9734075e+01   4.7458622e+01  -5.6000000e+01   2.2591732e+01
  -9.7231008e+00   5.1264081e+00   3.5000000e+01   3.7927548e+01   5.0036329e+01  -5.6000000e+01   2.5251978e+01
  -1.2412095e+01   6.9147537e+00   3.5000000e+01   3.4918232e+01   5.0856663e+01  -5.6000000e+01   2.7099778e+01
  -1.5383261e+01   8.2859034e+00   3.5000000e+01   3.1700636e+01   4.9776559e+01  -5.6000000e+01   2.9148732e+01
  -1.9615844e+01   8.9337818e+00   3.5000000e+01   2.7915632e+01   4.9989825e+01  -5.6000000e+01   3.0476089e+01
  -1.9227248e+01   5.2298604e+00   3.5000000e+01   2.8798460e+01   5.1636057e+01  -5.6000000e+01   3.2391464e+01
  -2.2800467e+01   7.5058183e+00   3.5000000e+01   2.4803395e+01   5.1067575e+01  -5.6000000e+01   3.2340244e+01
  -2.4722227e+01   8.8016129e+00   3.5000000e+01   2.2005628e+01   4.6863794e+01  -5.6000000e+01   3.5015356e+01
  -2.4612165e+01   8.9952481e+00   3.5000000e+01   2.2061567e+01   4.5010891e+01  -5.6000000e+01   3.4401876e+01
  -2.6432381e+01   9.1172249e+00   3.5000000e+01   2.0305535e+01   4.5674306e+01  -5.6000000e+01   3.5549011e+01
  -2.6509799e+01   9.8080764e+00   3.5000000e+01   1.8877675e+01   4.3153687e+01  -5.6000000e+01   3.6537352e+01
  -2.8844569e+01   8.7224172e+00   3.5000000e+01   1.7379426e+01   4.1946036e+01  -5.6000000e+01   3.7267041e+01
  -2.9307417e+01   8.8137957e+00   3.5000000e+01   1.5484549e+01   4.1263529e+01  -5.6000000e+01   3.9386168e+01
  -2.9741704e+01   9.7529340e+00   3.5000000e+01   1.4508754e+01   3.8991212e+01  -5.6000000e+01   3.9969482e+01
  -3.0651577e+01   1.0293506e+01   3.5000000e+01   1.3690372e+01   3.8314666e+01  -5.6000000e+01   4.0146611e+01
  -3.2368134e+01   1.1408278e+01   3.5000000e+01   1.3168291e+01   3.7804787e+01  -5.6000000e+01   4.0177834e+01
  -3.2433364e+01   1.1482978e+01   3.5000000e+01   1.2804051e+01   3.8476449e+01  -5.6000000e+01   4.0760295e+01
  -3.2571998e+01   1.3080918e+01   3.5000000e+01   1.1663390e+01   3.4744019e+01  -5.6000000e+01   4.1382389e+01
  -3.3795378e+01   1.3454460e+01   3.5000000e+01   1.1331420e+01   3.3344487e+01  -5.6000000e+01   4.1318557e+01
  -3.5644632e+01   1.6560968e+01   3.5000000e+01   8.7919656e+00   3.0888000e+01  -5.6000000e+01   4.1612678e+01
  -3.6725381e+01   1.4793712e+01   3.5000000e+01   9.2709637e+00   2.9883012e+01  -5.6000000e+01   4.1253785e+01
  -3.7823085e+01   1.6886680e+01   3.5000000e+01   7.1996291e+00   2.9315636e+01  -5.6000000e+01   4.2253951e+01
  -3.9659520e+01   1.5389749e+01   3.5000000e+01   7.6452519e+00   2.9870589e+01  -5.6000000e+01   4.2622673e+01
  -3.8965767e+01   1.7286035e+01   3.5000000e+01   5.9069763e+00   2.6680268e+01  -5.6000000e+01   4.3093896e+01
  -3.9756710e+01   1.6423894e+01   3.5000000e+01   6.0046750e+00   2.4592281e+01  -5.6000000e+01   4.3453330e+01
  -4.2888887e+01   1.8833482e+01   3.5000000e+01   3.3390660e+00   2.0520485e+01  -5.6000000e+01   4.5429426e+01
  -4.7682280e+01   2.0495234e+01   3.5000000e+01   1.3325111e+00   2.1177879e+01  -5.6000000e+01   4.7187305e+01
  -4.9587251e+01   2.1982936e+01   3.5000000e+01  -1.1246994e+00   2.0293492e+01  -5.6000000e+01   4.9278862e+01
  -5.1062916e+01   1.9996551e+01   3.5000000e+01   2.3533925e-01   1.9889672e+01  -5.6000000e+01   5.2621184e+01
  -5.2452201e+01   3.0358519e+01   3.5000000e+01  -2.2814086e-01   1.2782102e+01  -5.6000000e+01   5.5936705e+01
  -5.3500134e+01   3.2166800e+01   3.5000000e+01  -6.2114480e+00   6.8854253e+00  -5.6000000e+01   5.7676558e+01
  -5.2226144e+01   3.3075062e+01   3.5000000e+01  -5.9141754e+00  -2.1757544e+00  -5.6000000e+01   5.3807788e+01
  -5.1790815e+01   3.3973098e+01   3.5000000e+01  -3.4380708e+00  -6.0071586e+00  -5.6000000e+01   5.6077251e+01
  -5.2415775e+01   3.2156933e+01   3.5000000e+01  -5.5567938e+00   3.1074398e-01  -5.6000000e+01   5.9640723e+01
  -5.3855293e+01   4.1822582e+01   3.5000000e+01  -9.3600450e+00  -7.5174325e+00  -5.6000000e+01   6.0294975e+01
  -5.3840176e+01   4.3789844e+01   3.5000000e+01  -1.2210417e+01  -1.4907225e+01  -5.6000000e+01   6.1206294e+01
  -5.2094554e+01   3.8411640e+01   3.5000000e+01  -7.7581398e+00  -1.8671280e+01  -5.6000000e+01   5.8198161e+01
  -5.1449466e+01   3.5312071e+01   3.5000000e+01  -5.3938012e+00  -1.8388128e+01  -5.6000000e+01   5.8122269e+01
  -5.0737279e+01   3.2867123e+01   3.5000000e+01  -4.3319187e+00  -1.6301260e+01  -5.6000000e+01   5.7317620e+01
  -5.1126226e+01   3.2750641e+01   3.5000000e+01  -6.3737873e+00  -1.4709897e+01  -5.6000000e+01   5.7272258e+01
  -5.3127361e+01   3.4924284e+01   3.5000000e+01  -9.2252364e+00  -1.5490457e+01  -5.6000000e+01   5.7147680e+01
  -4.8758459e+01   3.3854800e+01   3.5000000e+01  -1.6024083e+01  -8.7316461e+00  -5.6000000e+01   5.9558827e+01
  -4.3555813e+01   2.9007463e+01   3.5000000e+01  -2.0790185e+01  -3.5280498e+00  -5.6000000e+01   5.8083389e+01
  -3.9984127e+01   2.8694310e+01   3.5000000e+01  -2.4389082e+01   2.2709779e+00  -5.6000000e+01   5.1640380e+01
  -3.7186340e+01   2.5001858e+01   3.5000000e+01  -2.0236501e+01   1.1605015e+01  -5.6000000e+01   4.4499108e+01
  -3.0604527e+01   1.7458723e+01   3.5000000e+01  -1.5373495e+01   2.3110171e+01  -5.6000000e+01   3.7185232e+01
  -1.9632030e+01   1.2335167e+01   3.5000000e+01  -6.5562541e+00   3.4857878e+01  -5.6000000e+01   3.2285973e+01
  -1.0138803e+01   1.0151406e+01   3.5000000e+01   4.6881309e+00   4.5698333e+01  -5.6000000e+01   2.8022670e+01
  -3.0015642e+00   7.0337253e+00   3.5000000e+01   1.6122702e+01   5.3057289e+01  -5.6000000e+01   2.3783065e+01
   4.6409937e+00   4.9042299e+00   3.5000000e+01   2.7330945e+01   5.5420788e+01  -5.6000000e+01   2.1912434e+01
   1.0279401e+01   2.8241102e+00   3.5000000e+01   3.8100573e+01   5.6954996e+01  -5.6000000e+01   1.9119592e+01
   1.5299529e+01   9.6324016e-01   3.5000000e+01   4.9009521e+01   5.6880745e+01  -5.6000000e+01   1.5980872e+01
   2.1591144e+01  -7.2878942e-01   3.5000000e+01   6.0193261e+01   5.4171562e+01  -5.6000000e+01   1.0732276e+01
   2.6276275e+01  -3.9216970e+00   3.5000000e+01   7.1185720e+01   5.0647539e+01  -5.6000000e+01   4.0935623e+00
   2.8532465e+01  -9.6315739e+00   3.5000000e+01   8.1260951e+01   4.6680714e+01  -5.6000000e+01  -3.6580551e+00
   2.5764195e+01  -1.3112415e+01   3.5000000e+01   9.0616448e+01   4.6472797e+01  -5.6000000e+01  -9.0749834e+00
   2.4488852e+01  -1.5507848e+01   3.5000000e+01   9.7872510e+01   4.9066318e+01  -5.6000000e+01  -1.0995497e+01
   2.4790497e+01  -1.4040945e+01   3.5000000e+01   9.9024643e+01   5.1268274e+01  -5.6000000e+01  -1.3103155e+01
   2.3250678e+01  -1.4064994e+01   3.5000000e+01   9.8527700e+01   5.4648078e+01  -5.6000000e+01  -1.3189960e+01
   2.2731023e+01  -1.5515571e+01   3.5000000e+01   9.9329107e+01   5.7106075e+01  -5.6000000e+01  -1.1645926e+01
   2.2937543e+01  -1.6113103e+01   3.5000000e+01   9.9036718e+01   5.8221692e+01  -5.6000000e+01  -1.1107904e+01
   2.1927179e+01  -1.5643113e+01   3.5000000e+01   9.7385511e+01   5.9050736e+01  -5.6000000e+01  -9.7035566e+00
   1.9162918e+01  -1.1468626e+01   3.5000000e+01   9.4701697e+01   6.0917504e+01  -5.6000000e+01  -8.4894672e+00
   1.6441898e+01  -7.9553190e+00   3.5000000e+01   9.1069071e+01   6.1991518e+01  -5.6000000e+01  -6.0857739e+00
   1.4958312e+01  -6.8735858e+00   3.5000000e+01   8.8281162e+01   6.1569556e+01  -5.6000000e+01  -4.3933638e+00
   1.1977717e+01  -4.1645265e+00   3.5000000e+01   8.6098756e+01   6.2146678e+01  -5.6000000e+01  -3.2721411e+00
   1.0843119e+01  -4.3688617e+00   3.5000000e+01   8.4432255e+01   6.2112923e+01  -5.6000000e+01  -1.1887319e+00
   9.8171567e+00  -3.3122447e+00   3.5000000e+01   8.2880964e+01   6.1874024e+01  -5.6000000e+01   5.2458143e-01
   7.5311925e+00  -2.2628688e+00   3.5000000e+01   8.0885552e+01   6.2456045e+01  -5.6000000e+01   2.8503625e+00
   6.0555470e+00   3.9559856e-02   3.5000000e+01   7.7663868e+01   6.2172204e+01  -5.6000000e+01   5.2076114e+00
   3.9448093e+00   1.7614072e+00   3.5000000e+01   7.3606973e+01   6.1960624e+01  -5.6000000e+01   7.2542057e+00
   1.7451038e+00   3.6857439e+00   3.5000000e+01   6.9680293e+01   6.1388475e+01  -5.6000000e+01   9.0229560e+00
  -1.1969392e+00   5.5146387e+00   3.5000000e+01   6.5814759e+01   6.1760619e+01  -5.6000000e+01   1.0768086e+01
  -3.3512308e+00   6.5016030e+00   3.5000000e+01   6.0872290e+01   6.0935437e+01  -5.6000000e+01   1.4092542e+01
  -5.1295237e+00   9.4431700e+00   3.5000000e+01   5.6236966e+01   5.9766094e+01  -5.6000000e+01   1.6150104e+01
  -7.3987958e+00   1.0820509e+01   3.5000000e+01   5.1285205e+01   5.8476582e+01  -5.6000000e+01   1.8109591e+01
  -8.7876616e+00   1.2994134e+01   3.5000000e+01   4.6810077e+01   5.6532912e+01  -5.6000000e+01   2.0089159e+01
  -1.0368894e+01   1.2962060e+01   3.5000000e+01   4.2793004e+01   5.6316415e+01  -5.6000000e+01   2.3356226e+01
  -1.3637294e+01   1.5184037e+01   3.5000000e+01   3.8328129e+01   5.5973174e+01  -5.6000000e+01   2.3919680e+01
  -1.4890422e+01   1.7212729e+01   3.5000000e+01   3.7310024e+01   5.5237667e+01  -5.6000000e+01   2.1218544e+01
  -1.8020037e+01   1.6441983e+01   3.5000000e+01   3.2948948e+01   5.5226769e+01  -5.6000000e+01   2.3722423e+01
  -2.0731084e+01   1.8388948e+01   3.5000000e+01   2.7179417e+01   5.3814482e+01  -5.6000000e+01   2.6216381e+01
  -2.5567242e+01   2.0229295e+01   3.5000000e+01   1.9752181e+01   5.4059066e+01  -5.6000000e+01   3.0431238e+01
  -2.7719917e+01   1.9757547e+01   3.5000000e+01   1.7307712e+01   5.2246508e+01  -5.6000000e+01   3.2745432e+01
  -2.8441704e+01   1.7897903e+01   3.5000000e+01   1.7557072e+01   5.3161409e+01  -5.6000000e+01   3.3496658e+01
  -3.1514226e+01   2.1631552e+01   3.5000000e+01   1.2275665e+01   5.1044613e+01  -5.6000000e+01   3.5963612e+01
  -3.2370397e+01   2.1850498e+01   3.5000000e+01   1.0341890e+01   4.9191590e+01  -5.6000000e+01   3.8209280e+01
  -3.4128881e+01   2.4199444e+01   3.5000000e+01   6.9740647e+00   4.6163844e+01  -5.6000000e+01   3.9196570e+01
  -3.6888771e+01   2.4903715e+01   3.5000000e+01   4.7669756e+00   4.5276443e+01  -5.6000000e+01   4.0729621e+01
  -3.7438118e+01   2.5838331e+01   3.5000000e+01   3.0403913e+00   4.3684131e+01  -5.6000000e+01   4.2160310e+01
  -3.8260032e+01   2.6979844e+01   3.5000000e+01   7.1690350e-01   4.1240729e+01  -5.6000000e+01   4.3438204e+01
  -3.9106113e+01   2.8525509e+01   3.5000000e+01  -7.4200082e-01   4.0159900e+01  -5.6000000e+01   4.5628245e+01
  -3.9699323e+01   2.8978745e+01   3.5000000e+01  -2.5570298e+00   3.7818157e+01  -5.6000000e+01   4.6383518e+01
  -4.1537496e+01   2.7497910e+01   3.5000000e+01  -3.2657305e+00   3.9415505e+01  -5.6000000e+01   4.7493493e+01
  -4.2800660e+01   2.9591872e+01   3.5000000e+01  -5.3313610e+00   3.7254272e+01  -5.6000000e+01   4.8656411e+01
  -4.1274341e+01   2.0618536e+01   3.5000000e+01  -1.8216056e+00   4.2340994e+01  -5.6000000e+01   4.9296023e+01
  -4.3224482e+01   2.4972550e+01   3.5000000e+01  -4.1146002e+00   4.0214497e+01  -5.6000000e+01   4.9780843e+01
  -4.5601871e+01   2.5537461e+01   3.5000000e+01  -6.6203566e+00   3.6468422e+01  -5.6000000e+01   5.0782339e+01
  -4.6585519e+01   2.3179873e+01   3.5000000e+01  -1.0352102e+00   3.8748038e+01  -5.6000000e+01   5.1650704e+01
  -4.8760713e+01   3.1711610e+01   3.5000000e+01  -7.3642019e+00   3.6020038e+01  -5.6000000e+01   5.3453350e+01
  -4.9811843e+01   3.2633404e+01   3.5000000e+01  -8.9888360e+00   3.1944804e+01  -5.6000000e+01   5.4166564e+01
  -4.8776642e+01   3.4568534e+01   3.5000000e+01  -1.0974855e+01   2.9326337e+01  -5.6000000e+01   5.6336233e+01
  -5.0134060e+01   3.4042149e+01   3.5000000e+01  -9.6303014e+00   2.5518967e+01  -5.6000000e+01   5.6657474e+01
  -5.0387768e+01   3.9926595e+01   3.5000000e+01  -1.2892393e+01   2.2227953e+01  -5.6000000e+01   5.7404080e+01
  -5.0717127e+01   3.6750937e+01   3.5000000e+01  -1.2825913e+01   2.1544357e+01  -5.6000000e+01   5.8827024e+01
  -5.2199711e+01   3.9752462e+01   3.5000000e+01  -1.3953546e+01   1.7077064e+01  -5.6000000e+01   6.0685205e+01
  -5.2703768e+01   4.3302154e+01   3.5000000e+01  -1.6637999e+01   1.2949478e+01  -5.6000000e+01   6.1354163e+01
  -5.3201149e+01   4.4073832e+01   3.5000000e+01  -1.7933079e+01   9.7261290e+00  -5.6000000e+01   6.1683884e+01
  -5.3021957e+01   4.4508035e+01   3.5000000e+01  -1.6353563e+01   6.4589063e+00  -5.6000000e+01   6.3056923e+01
  -5.1862746e+01   4.3946487e+01   3.5000000e+01  -1.6787460e+01   5.4605674e+00  -5.6000000e+01   6.3875452e+01
  -5.3476883e+01   4.6295601e+01   3.5000000e+01  -1.7698154e+01   3.8718655e+00  -5.6000000e+01   6.5372761e+01
  -5.4287942e+01   4.7374422e+01   3.5000000e+01  -1.8924555e+01   2.3896424e+00  -5.6000000e+01   6.6914258e+01
  -5.3581716e+01   4.7937269e+01   3.5000000e+01  -1.9337530e+01   2.1199931e+00  -5.6000000e+01   6.8502936e+01
  -5.5068862e+01   4.9636184e+01   3.5000000e+01  -2.0667043e+01   9.7649133e-01  -5.6000000e+01   6.9348852e+01
  -5.5517667e+01   4.9320235e+01   3.5000000e+01  -2.0545032e+01  -1.7364025e+00  -5.6000000e+01   6.9476823e+01
  -5.5424094e+01   5.1885565e+01   3.5000000e+01  -2.2850953e+01  -3.8798369e+00  -5.6000000e+01   7.0199677e+01
  -5.5661632e+01   5.3268407e+01   3.5000000e+01  -2.5558553e+01  -5.9098969e+00  -5.6000000e+01   6.9969750e+01
  -5.6434201e+01   5.2136575e+01   3.5000000e+01  -2.6511547e+01  -6.1541971e+00  -5.6000000e+01   7.0325978e+01
  -5.3296735e+01   5.1015676e+01   3.5000000e+01  -2.7009075e+01  -8.3780757e+00  -5.6000000e+01   6.9406583e+01
  -5.3085469e+01   4.7808771e+01   3.5000000e+01  -2.6367599e+01  -8.2085718e+00  -5.6000000e+01   6.6897588e+01
  -4.9954692e+01   4.7797911e+01   3.5000000e+01  -2.7393398e+01  -5.3893998e+00  -5.6000000e+01   6.3896707e+01
  -4.5247683e+01   4.4232735e+01   3.5000000e+01  -2.7526843e+01  -4.6384043e-01  -5.6000000e+01   6.1115967e+01
  -4.3198843e+01   4.0563723e+01   3.5000000e+01  -2.4219620e+01   4.2287977e+00  -5.6000000e+01   6.1482556e+01
  -3.9758391e+01   3.5283320e+01   3.5000000e+01  -2.3850767e+01   7.9466158e+00  -5.6000000e+01   5.5055237e+01
  -3.8907683e+01   2.9346920e+01   3.5000000e+01  -2.6160874e+01   1.1895568e+01  -5.6000000e+01   4.5299635e+01
  -3.3431099e+01   2.6011796e+01   3.5000000e+01  -2.5290033e+01   1.7126563e+01  -5.6000000e+01   3.7840411e+01
  -3.1288739e+01   2.0278050e+01   3.5000000e+01  -2.0045113e+01   2.2613611e+01  -5.6000000e+01   3.0475882e+01
  -2.7824606e+01   1.7210200e+01   3.5000000e+01  -1.5825095e+01   3.2260294e+01  -5.6000000e+01   2.3341181e+01
  -2.2133687e+01   1.4074612e+01   3.5000000e+01  -6.9784174e+00   4.3376991e+01  -5.6000000e+01   1.6264727e+01
  -1.2801952e+01   1.1916616e+01   3.5000000e+01   4.8251964e+00   5.1608241e+01  -5.6000000e+01   8.8186854e+00
  -6.8972950e+00   1.0545599e+01   3.5000000e+01   1.5465612e+01   5.8253369e+01  -5.6000000e+01   4.7032939e+00
  -2.1377629e+00   9.0582514e+00   3.5000000e+01   2.5473781e+01   6.3499578e+01  -5.6000000e+01   5.0827151e+00
   2.6175013e+00   6.1463417e+00   3.5000000e+01   3.5038185e+01   6.5529172e+01  -5.6000000e+01   4.7089258e+00
   7.6647981e+00   1.8679044e+00   3.5000000e+01   4.5067584e+01   6.4911960e+01  -5.6000000e+01   2.7624481e+00
   1.2639670e+01  -1.1582507e+00   3.5000000e+01   5.5843586e+01   6.2299480e+01  -5.6000000e+01   1.4536074e-01
   1.6851947e+01  -6.0898103e+00   3.5000000e+01   6.6323764e+01   5.9584324e+01  -5.6000000e+01  -5.6862848e+00
   2.1412374e+01  -1.1016528e+01   3.5000000e+01   7.6142465e+01   5.7609777e+01  -5.6000000e+01  -1.1526994e+01
   2.2942945e+01  -1.3977235e+01   3.5000000e+01   8.5006521e+01   5.7129501e+01  -5.6000000e+01  -1.5640596e+01
   2.2439921e+01  -1.4629679e+01   3.5000000e+01   9.3032965e+01   5.7312622e+01  -5.6000000e+01  -1.9714340e+01
   2.0140458e+01  -1.1783838e+01   3.5000000e+01   9.7432873e+01   5.7849575e+01  -5.6000000e+01  -2.0206334e+01
   1.8932872e+01  -1.1086054e+01   3.5000000e+01   9.7567996e+01   5.9900628e+01  -5.6000000e+01  -1.8401787e+01
   1.9047816e+01  -1.1556527e+01   3.5000000e+01   9.6362465e+01   6.0699381e+01  -5.6000000e+01  -1.7058318e+01
   1.8199296e+01  -1.1809147e+01   3.5000000e+01   9.5551307e+01   6.1662721e+01  -5.6000000e+01  -1.5191670e+01
   1.6972460e+01  -1.0985664e+01   3.5000000e+01   9.4096190e+01   6.2747853e+01  -5.6000000e+01  -1.3842678e+01
   1.5831991e+01  -8.7690488e+00   3.5000000e+01   9.1221624e+01   6.3359711e+01  -5.6000000e+01  -1.3091511e+01
   1.4331547e+01  -8.2568055e+00   3.5000000e+01   8.8990912e+01   6.3999485e+01  -5.6000000e+01  -1.1436332e+01
   1.2378630e+01  -7.3510948e+00   3.5000000e+01   8.7286121e+01   6.4513060e+01  -5.6000000e+01  -8.7986766e+00
   1.0802302e+01  -5.7870348e+00   3.5000000e+01   8.5166574e+01   6.4642809e+01  -5.6000000e+01  -5.9310299e+00
   9.3217548e+00  -3.8745020e+00   3.5000000e+01   8.2440454e+01   6.4456864e+01  -5.6000000e+01  -3.9454293e+00
   7.5015232e+00  -3.3139135e+00   3.5000000e+01   7.9721089e+01   6.3900211e+01  -5.6000000e+01  -8.0981714e-01
   5.6475327e+00  -1.6979889e+00   3.5000000e+01   7.6791523e+01   6.3689017e+01  -5.6000000e+01   1.2120568e+00
   4.0468046e+00  -5.2191901e-01   3.5000000e+01   7.4633908e+01   6.3155035e+01  -5.6000000e+01   2.5215348e+00
   2.7972721e+00   1.5108081e+00   3.5000000e+01   7.2344574e+01   6.2626409e+01  -5.6000000e+01   4.1233542e+00
   1.2469838e+00   1.9302894e+00   3.5000000e+01   7.0156146e+01   6.2282926e+01  -5.6000000e+01   5.8223132e+00
   9.7538265e-02   2.9312493e+00   3.5000000e+01   6.8219140e+01   6.2112466e+01  -5.6000000e+01   7.3448674e+00
  -1.6813712e+00   4.7157536e+00   3.5000000e+01   6.4565370e+01   6.2430351e+01  -5.6000000e+01   9.5461362e+00
  -4.7168994e+00   5.5848868e+00   3.5000000e+01   6.0963094e+01   6.2807074e+01  -5.6000000e+01   1.1877648e+01
  -6.2703678e+00   7.3337541e+00   3.5000000e+01   5.7781745e+01   6.2582116e+01  -5.6000000e+01   1.3512411e+01
  -8.1353020e+00   9.1580085e+00   3.5000000e+01   5.3824756e+01   6.2198430e+01  -5.6000000e+01   1.5384408e+01
  -9.5123498e+00   1.0338898e+01   3.5000000e+01   5.0212256e+01   6.0712804e+01  -5.6000000e+01   1.7210168e+01
  -1.1046071e+01   1.2683050e+01   3.5000000e+01   4.6762408e+01   5.9384288e+01  -5.6000000e+01   1.7801734e+01
  -1.2472364e+01   1.3451942e+01   3.5000000e+01   4.4730602e+01   5.8736614e+01  -5.6000000e+01   1.8991579e+01
  -1.2880860e+01   1.2968711e+01   3.5000000e+01   4.2632795e+01   5.8402349e+01  -5.6000000e+01   2.1115845e+01
  -1.5833780e+01   1.6329632e+01   3.5000000e+01   3.9322976e+01   5.9206822e+01  -5.6000000e+01   2.1361673e+01
  -1.7883426e+01   1.9020185e+01   3.5000000e+01   3.5352582e+01   5.8271002e+01  -5.6000000e+01   2.2176390e+01
  -1.9650651e+01   2.0331544e+01   3.5000000e+01   3.1294600e+01   5.6815708e+01  -5.6000000e+01   2.4522774e+01
  -1.8993013e+01   1.9806681e+01   3.5000000e+01   3.0186852e+01   5.5512697e+01  -5.6000000e+01   2.3951329e+01
  -2.0641912e+01   2.0857991e+01   3.5000000e+01   2.6237890e+01   5.4101912e+01  -5.6000000e+01   2.6374213e+01
  -2.1121227e+01   2.2926417e+01   3.5000000e+01   2.3554919e+01   5.3165637e+01  -5.6000000e+01   2.8736562e+01
  -2.4496862e+01   2.2326909e+01   3.5000000e+01   2.1038593e+01   5.4780097e+01  -5.6000000e+01   3.2131030e+01
  -2.6077014e+01   2.2309595e+01   3.5000000e+01   1.8364134e+01   5.5697789e+01  -5.6000000e+01   3.3010930e+01
  -3.0661020e+01   2.3635699e+01   3.5000000e+01   1.4111660e+01   5.5655531e+01  -5.6000000e+01   3.3226323e+01
  -3.1370664e+01   2.3007100e+01   3.5000000e+01   1.2416060e+01   5.5807306e+01  -5.6000000e+01   3.4662219e+01
  -3.2499012e+01   2.2290629e+01   3.5000000e+01   1.1507931e+01   5.5527008e+01  -5.6000000e+01   3.6565766e+01
  -3.4628886e+01   2.5221411e+01   3.5000000e+01   6.6132691e+00   5.3041716e+01  -5.6000000e+01   4.0114970e+01
  -3.3439042e+01   2.4557053e+01   3.5000000e+01   9.2913975e+00   5.0809032e+01  -5.6000000e+01   4.0706180e+01
  -3.4938248e+01   2.3649467e+01   3.5000000e+01   7.0907296e+00   5.2617386e+01  -5.6000000e+01   4.2241639e+01
  -3.4949696e+01   2.6862285e+01   3.5000000e+01   2.0299984e+00   4.8714398e+01  -5.6000000e+01   4.5616097e+01
  -3.6739985e+01   2.8790138e+01   3.5000000e+01  -2.7776042e+00   4.6319126e+01  -5.6000000e+01   4.6458062e+01
  -3.9148848e+01   3.0486539e+01   3.5000000e+01  -3.3185082e+00   4.8642382e+01  -5.6000000e+01   4.8089170e+01
  -3.9410103e+01   3.1750244e+01   3.5000000e+01  -2.0466015e+00   4.6931852e+01  -5.6000000e+01   4.8990603e+01
  -3.9921263e+01   3.0369390e+01   3.5000000e+01  -5.7653518e+00   4.7642068e+01  -5.6000000e+01   5.0233779e+01
  -4.0656161e+01   2.8425371e+01   3.5000000e+01  -4.4281608e+00   4.5249936e+01  -5.6000000e+01   5.0022989e+01
  -4.2833367e+01   3.0494209e+01   3.5000000e+01  -6.4073115e+00   4.6576236e+01  -5.6000000e+01   5.1472317e+01
  -4.4863851e+01   3.1199557e+01   3.5000000e+01  -7.4712233e+00   4.5981418e+01  -5.6000000e+01   5.1792081e+01
  -4.6338593e+01   3.1702783e+01   3.5000000e+01  -7.8212905e+00   4.1612127e+01  -5.6000000e+01   5.1713030e+01
  -4.7212416e+01   3.3401072e+01   3.5000000e+01  -9.7754653e+00   3.9977319e+01  -5.6000000e+01   5.3495645e+01
  -4.8963763e+01   3.5133164e+01   3.5000000e+01  -1.1824536e+01   3.8373255e+01  -5.6000000e+01   5.5237816e+01
  -4.9259586e+01   3.4541157e+01   3.5000000e+01  -1.2116781e+01   3.6770526e+01  -5.6000000e+01   5.5568072e+01
  -4.9919495e+01   3.7567911e+01   3.5000000e+01  -1.4403333e+01   3.5123949e+01  -5.6000000e+01   5.6360249e+01
  -4.8840761e+01   3.6822822e+01   3.5000000e+01  -1.4534287e+01   3.4112555e+01  -5.6000000e+01   5.8866413e+01
  -5.0085369e+01   3.8363902e+01   3.5000000e+01  -1.3646514e+01   3.0053958e+01  -5.6000000e+01   6.0463022e+01
  -5.0943891e+01   4.0480858e+01   3.5000000e+01  -1.5034414e+01   2.7481119e+01  -5.6000000e+01   6.2598255e+01
  -5.0440412e+01   4.2455528e+01   3.5000000e+01  -1.5833875e+01   2.3976170e+01  -5.6000000e+01   6.4195681e+01
  -5.0879064e+01   4.5827342e+01   3.5000000e+01  -1.9327325e+01   2.1843196e+01  -5.6000000e+01   6.5675164e+01
  -5.0425757e+01   5.0997147e+01   3.5000000e+01  -2.4094343e+01   1.8796202e+01  -5.6000000e+01   6.8194071e+01
  -4.9893599e+01   4.9281987e+01   3.5000000e+01  -2.7258320e+01   1.7138968e+01  -5.6000000e+01   6.9074282e+01
  -4.8061442e+01   4.8960931e+01   3.5000000e+01  -2.9096664e+01   1.5163841e+01  -5.6000000e+01   6.8280334e+01
  -4.5860472e+01   4.7660087e+01   3.5000000e+01  -2.9286578e+01   1.7873028e+01  -5.6000000e+01   6.6402614e+01
  -4.4573610e+01   4.3959602e+01   3.5000000e+01  -2.7394624e+01   1.9479634e+01  -5.6000000e+01   6.4456664e+01
  -4.4317277e+01   4.2018536e+01   3.5000000e+01  -2.5175556e+01   1.6754988e+01  -5.6000000e+01   6.1883989e+01
  -4.0462588e+01   3.9230472e+01   3.5000000e+01  -2.3495044e+01   1.8960708e+01  -5.6000000e+01   5.8785723e+01
  -3.7976951e+01   3.7958612e+01   3.5000000e+01  -2.2566467e+01   2.2986934e+01  -5.6000000e+01   5.7993856e+01
  -3.8582603e+01   3.7225251e+01   3.5000000e+01  -2.4003721e+01   2.3827356e+01  -5.6000000e+01   5.5117322e+01
  -3.7232195e+01   3.7890147e+01   3.5000000e+01  -2.4182666e+01   2.3522509e+01  -5.6000000e+01   5.1098727e+01
  -3.6640991e+01   3.6751894e+01   3.5000000e+01  -2.3366367e+01   2.4250638e+01  -5.6000000e+01   4.9216234e+01
  -3.1793394e+01   3.2271583e+01   3.5000000e+01  -2.9674031e+01   3.0909166e+01  -5.6000000e+01   4.1587423e+01
  -2.9612191e+01   3.0174063e+01   3.5000000e+01  -3.2752735e+01   3.0133368e+01  -5.6000000e+01   3.2220373e+01
  -3.0371514e+01   2.8468857e+01   3.5000000e+01  -3.2710737e+01   2.8370982e+01  -5.6000000e+01   2.3229379e+01
  -2.6946105e+01   2.5129701e+01   3.5000000e+01  -2.2876184e+01   3.5363984e+01  -5.6000000e+01   1.4503166e+01
  -2.0180427e+01   2.0046762e+01   3.5000000e+01  -1.0602846e+01   4.3412329e+01  -5.6000000e+01   9.7290464e+00
  -1.5811545e+01   2.0030171e+01   3.5000000e+01   1.6300411e+00   4.9147133e+01  -5.6000000e+01   6.0342328e+00
  -1.1788513e+01   1.9749468e+01   3.5000000e+01   1.3680662e+01   5.1990824e+01  -5.6000000e+01   2.5914454e+00
  -7.1214984e+00   1.5637645e+01   3.5000000e+01   2.5552183e+01   5.3047195e+01  -5.6000000e+01  -1.6806914e+00
  -7.0105173e-01   1.1210908e+01   3.5000000e+01   3.7231025e+01   5.3533241e+01  -5.6000000e+01  -4.5904150e+00
   5.1506895e+00   6.2868806e+00   3.5000000e+01   4.8901032e+01   5.2275147e+01  -5.6000000e+01  -8.8760365e+00
   8.6568163e+00   2.7410207e+00   3.5000000e+01   6.0428914e+01   5.0022912e+01  -5.6000000e+01  -1.3244800e+01
   1.0046544e+01   2.3943561e-01   3.5000000e+01   7.1156408e+01   4.8439677e+01  -5.6000000e+01  -1.8786355e+01
   1.0272465e+01  -1.9435146e+00   3.5000000e+01   7.8275487e+01   5.0721121e+01  -5.6000000e+01  -2.0033614e+01
   9.0396202e+00  -1.7989264e+00   3.5000000e+01   8.0212249e+01   5.4042617e+01  -5.6000000e+01  -1.9598007e+01
   7.3770347e+00  -1.9203177e-01   3.5000000e+01   7.9052724e+01   5.6274574e+01  -5.6000000e+01  -1.7692088e+01
   5.4493728e+00   8.1481872e-01   3.5000000e+01   7.6475855e+01   5.7976374e+01  -5.6000000e+01  -1.6120896e+01
   3.1362060e+00   3.6324226e+00   3.5000000e+01   7.3524076e+01   5.9926252e+01  -5.6000000e+01  -1.4797043e+01
   7.2318718e-01   5.0414172e+00   3.5000000e+01   6.9759343e+01   6.1553669e+01  -5.6000000e+01  -1.2735620e+01
  -1.3934796e+00   5.5475286e+00   3.5000000e+01   6.7103370e+01   6.2452704e+01  -5.6000000e+01  -1.0206758e+01
  -3.4995002e+00   7.2703770e+00   3.5000000e+01   6.3266393e+01   6.2405602e+01  -5.6000000e+01  -7.7834445e+00
  -6.0228027e+00   8.3705148e+00   3.5000000e+01   5.8541390e+01   6.1245675e+01  -5.6000000e+01  -4.9040738e+00
  -7.5945531e+00   1.0172765e+01   3.5000000e+01   5.5178242e+01   6.0016571e+01  -5.6000000e+01  -2.8284312e+00
  -9.3113609e+00   1.1786810e+01   3.5000000e+01   5.1295347e+01   5.8825491e+01  -5.6000000e+01  -6.2947625e-01
  -1.0893114e+01   1.1617851e+01   3.5000000e+01   4.9436184e+01   5.8037249e+01  -5.6000000e+01   1.0565705e+00
  -1.3019718e+01   1.3114617e+01   3.5000000e+01   4.5268605e+01   5.7229491e+01  -5.6000000e+01   4.0825813e+00
  -1.4990151e+01   1.4124526e+01   3.5000000e+01   4.2439050e+01   5.6369755e+01  -5.6000000e+01   5.5552476e+00
  -1.6872065e+01   1.5893565e+01   3.5000000e+01   3.9154812e+01   5.5553189e+01  -5.6000000e+01   7.1414879e+00
  -1.9444333e+01   1.8192285e+01   3.5000000e+01   3.6522781e+01   5.4479803e+01  -5.6000000e+01   9.3487733e+00
  -2.0204133e+01   2.0272512e+01   3.5000000e+01   3.3259000e+01   5.3764852e+01  -5.6000000e+01   1.2203244e+01
  -2.0435285e+01   1.9053213e+01   3.5000000e+01   3.2559247e+01   5.2266521e+01  -5.6000000e+01   1.3683910e+01
  -1.9813824e+01   1.8583971e+01   3.5000000e+01   3.1408884e+01   5.1174633e+01  -5.6000000e+01   1.5307321e+01
  -2.0080681e+01   1.7535190e+01   3.5000000e+01   3.2510535e+01   5.1231666e+01  -5.6000000e+01   1.6266407e+01
  -2.2793618e+01   2.0714481e+01   3.5000000e+01   2.8842459e+01   5.1502706e+01  -5.6000000e+01   1.7075053e+01
  -2.2844064e+01   2.2827847e+01   3.5000000e+01   2.5763341e+01   4.9291089e+01  -5.6000000e+01   1.8280804e+01
  -2.6194454e+01   2.3950249e+01   3.5000000e+01   2.2852177e+01   4.9627658e+01  -5.6000000e+01   1.8759114e+01
  -2.5558483e+01   2.1432284e+01   3.5000000e+01   2.4088508e+01   4.9270984e+01  -5.6000000e+01   1.8300515e+01
  -2.8250184e+01   2.0060425e+01   3.5000000e+01   2.2615751e+01   5.1987629e+01  -5.6000000e+01   1.9853072e+01
  -2.9171015e+01   2.2407450e+01   3.5000000e+01   2.0857013e+01   5.0788933e+01  -5.6000000e+01   2.1349962e+01
  -2.8380228e+01   2.0398376e+01   3.5000000e+01   2.2369391e+01   5.1175467e+01  -5.6000000e+01   2.1801808e+01
  -2.7195509e+01   2.0450260e+01   3.5000000e+01   2.3685678e+01   4.8899366e+01  -5.6000000e+01   2.0216585e+01
  -2.9661298e+01   2.3697554e+01   3.5000000e+01   1.6388125e+01   4.5418101e+01  -5.6000000e+01   2.3011170e+01
  -2.9943761e+01   2.1061095e+01   3.5000000e+01   1.6034630e+01   4.6344708e+01  -5.6000000e+01   2.4908473e+01
  -3.4133111e+01   2.3004181e+01   3.5000000e+01   1.3420021e+01   4.6829628e+01  -5.6000000e+01   2.5333497e+01
  -3.6148579e+01   2.4260539e+01   3.5000000e+01   1.0720469e+01   4.5941035e+01  -5.6000000e+01   2.8249537e+01
  -3.4113150e+01   2.1922044e+01   3.5000000e+01   1.4546749e+01   4.7130855e+01  -5.6000000e+01   3.0070743e+01
  -3.7038048e+01   2.6880654e+01   3.5000000e+01   9.4120952e+00   4.4010048e+01  -5.6000000e+01   3.2199045e+01
  -3.9543029e+01   3.0792207e+01   3.5000000e+01   1.6052213e+00   3.8222203e+01  -5.6000000e+01   3.4150705e+01
  -4.0224464e+01   3.0378432e+01   3.5000000e+01   9.2823230e-01   3.6485809e+01  -5.6000000e+01   3.5837637e+01
  -4.1563624e+01   3.3377850e+01   3.5000000e+01  -2.8417187e+00   3.3866839e+01  -5.6000000e+01   3.6458369e+01
  -4.3514111e+01   3.4886724e+01   3.5000000e+01  -4.7817740e+00   3.0353506e+01  -5.6000000e+01   3.8496414e+01
  -4.5548277e+01   3.5688156e+01   3.5000000e+01  -6.6381971e+00   3.0012709e+01  -5.6000000e+01   4.1050256e+01
  -4.7572400e+01   3.6445818e+01   3.5000000e+01  -7.9347167e+00   3.0003270e+01  -5.6000000e+01   4.3014238e+01
  -4.8773132e+01   3.7290625e+01   3.5000000e+01  -1.0047313e+01   2.8476071e+01  -5.6000000e+01   4.4421213e+01
  -4.9829710e+01   3.7068686e+01   3.5000000e+01  -1.1256879e+01   2.7897005e+01  -5.6000000e+01   4.4850551e+01
  -5.0630500e+01   4.0575825e+01   3.5000000e+01  -1.2835173e+01   2.3435539e+01  -5.6000000e+01   4.7360299e+01
  -5.0874667e+01   3.8961805e+01   3.5000000e+01  -1.2039382e+01   1.9627453e+01  -5.6000000e+01   4.8609633e+01
  -5.1342099e+01   3.9264188e+01   3.5000000e+01  -1.3537692e+01   1.6851672e+01  -5.6000000e+01   5.1120212e+01
  -5.1669609e+01   4.0515111e+01   3.5000000e+01  -1.5770030e+01   9.7869575e+00  -5.6000000e+01   5.4296218e+01
  -5.1754646e+01   4.0071989e+01   3.5000000e+01  -1.9160774e+01   1.1198498e+01  -5.6000000e+01   5.7915729e+01
  -5.0049261e+01   4.2718710e+01   3.5000000e+01  -2.4175144e+01   7.6962146e+00  -5.6000000e+01   5.7571855e+01
  -4.7500757e+01   3.9704772e+01   3.5000000e+01  -2.6160670e+01   5.5274336e+00  -5.6000000e+01   5.4089424e+01
  -4.3135705e+01   3.8500805e+01   3.5000000e+01  -2.5795779e+01   6.2850904e+00  -5.6000000e+01   5.0047490e+01
  -4.1263996e+01   3.2856261e+01   3.5000000e+01  -2.1787855e+01   1.2063291e+01  -5.6000000e+01   4.9991116e+01
  -4.0121979e+01   3.2137320e+01   3.5000000e+01  -1.9786503e+01   1.4448179e+01  -5.6000000e+01   4.6648509e+01
  -3.9816531e+01   2.9959052e+01   3.5000000e+01  -2.3283039e+01   1.4377954e+01  -5.6000000e+01   4.0390847e+01
  -3.5977045e+01   3.0782436e+01   3.5000000e+01  -2.9617473e+01   1.5862932e+01  -5.6000000e+01   3.1953589e+01
  -3.5767038e+01   2.8288440e+01   3.5000000e+01  -3.1133379e+01   1.9608721e+01  -5.6000000e+01   2.4959340e+01
  -3.2046203e+01   2.3143011e+01   3.5000000e+01  -2.1960360e+01   2.5574629e+01  -5.6000000e+01   1.7830314e+01
  -2.3913164e+01   2.0787670e+01   3.5000000e+01  -1.0868281e+01   3.7123810e+01  -5.6000000e+01   1.5285409e+01
  -1.8301977e+01   2.1876163e+01   3.5000000e+01   5.9624989e-01   4.7493913e+01  -5.6000000e+01   1.1579297e+01
  -1.5730920e+01   2.2340280e+01   3.5000000e+01   1.2104418e+01   5.4091374e+01  -5.6000000e+01   9.0593569e+00
  -9.9977391e+00   2.1334246e+01   3.5000000e+01   2.3739820e+01   5.6142058e+01  -5.6000000e+01   6.3675320e+00
  -4.3525949e+00   1.6725655e+01   3.5000000e+01   3.5264362e+01   5.7290711e+01  -5.6000000e+01   4.3133378e+00
   1.5902418e+00   1.3823641e+01   3.5000000e+01   4.6584204e+01   5.6557467e+01  -5.6000000e+01   7.8052306e-01
   5.4671619e+00   8.3370173e+00   3.5000000e+01   5.7582958e+01   5.5632728e+01  -5.6000000e+01  -3.2655657e+00
   9.2216851e+00   4.1540025e+00   3.5000000e+01   6.8348533e+01   5.4238338e+01  -5.6000000e+01  -6.9225821e+00
   1.0807990e+01   8.4574370e-01   3.5000000e+01   7.7997595e+01   5.3831860e+01  -5.6000000e+01  -1.0375525e+01
   9.7243817e+00   1.9887246e-01   3.5000000e+01   8.2425281e+01   5.7700331e+01  -5.6000000e+01  -9.5993751e+00
   9.1240422e+00   4.7711933e-02   3.5000000e+01   8.3138831e+01   6.1239957e+01  -5.6000000e+01  -8.4357313e+00
   6.8427977e+00  -9.0200315e-01   3.5000000e+01   8.1836022e+01   6.3850382e+01  -5.6000000e+01  -6.0518784e+00
   3.9300813e+00   2.6324122e+00   3.5000000e+01   7.7899138e+01   6.5135125e+01  -5.6000000e+01  -4.2851298e+00
   6.2412341e-01   4.2185129e+00   3.5000000e+01   7.3478070e+01   6.6484504e+01  -5.6000000e+01  -2.6336454e+00
  -1.3984233e+00   4.6568458e+00   3.5000000e+01   6.9259510e+01   6.7167629e+01  -5.6000000e+01  -1.1365256e+00
  -3.9397282e+00   6.9923629e+00   3.5000000e+01   6.4965591e+01   6.7065936e+01  -5.6000000e+01   7.8213551e-01
  -7.0875740e+00   8.7983264e+00   3.5000000e+01   5.9635355e+01   6.6324548e+01  -5.6000000e+01   3.2265802e+00
  -9.8917518e+00   1.0620743e+01   3.5000000e+01   5.4545005e+01   6.5605047e+01  -5.6000000e+01   5.6238927e+00
  -1.2989870e+01   1.4036819e+01   3.5000000e+01   4.8138407e+01   6.3993358e+01  -5.6000000e+01   7.0521699e+00
  -1.6209034e+01   1.7161747e+01   3.5000000e+01   4.2145311e+01   6.1486405e+01  -5.6000000e+01   8.1694072e+00
  -1.5812353e+01   1.6694874e+01   3.5000000e+01   4.0055387e+01   5.8737102e+01  -5.6000000e+01   1.1074748e+01
  -1.7107317e+01   1.6620717e+01   3.5000000e+01   3.8351632e+01   5.8300356e+01  -5.6000000e+01   1.3670241e+01
  -1.7948976e+01   1.8568956e+01   3.5000000e+01   3.6053912e+01   5.6934777e+01  -5.6000000e+01   1.4525189e+01
  -2.0817464e+01   2.0534527e+01   3.5000000e+01   3.2999836e+01   5.6797303e+01  -5.6000000e+01   1.5729743e+01
  -2.5619716e+01   2.3922016e+01   3.5000000e+01   2.5642887e+01   5.7920481e+01  -5.6000000e+01   1.8044901e+01
  -2.5629114e+01   2.1800587e+01   3.5000000e+01   2.4356163e+01   5.6748646e+01  -5.6000000e+01   1.9815577e+01
  -2.6306971e+01   2.0003603e+01   3.5000000e+01   2.4489356e+01   5.6671421e+01  -5.6000000e+01   1.9885938e+01
  -2.7214768e+01   2.1778185e+01   3.5000000e+01   2.3822894e+01   5.5737053e+01  -5.6000000e+01   1.9209109e+01
  -2.8114728e+01   1.9421745e+01   3.5000000e+01   2.3109795e+01   5.7591088e+01  -5.6000000e+01   2.2928282e+01
  -2.7721224e+01   1.9789253e+01   3.5000000e+01   2.1581583e+01   5.7545673e+01  -5.6000000e+01   2.5947967e+01
  -3.0682045e+01   2.2130533e+01   3.5000000e+01   1.7555304e+01   5.4384729e+01  -5.6000000e+01   2.6820252e+01
  -3.2611897e+01   2.2738309e+01   3.5000000e+01   1.5383931e+01   5.3357596e+01  -5.6000000e+01   2.7055957e+01
  -3.3802397e+01   2.5814320e+01   3.5000000e+01   1.1543306e+01   4.9283433e+01  -5.6000000e+01   2.9026926e+01
  -3.5190259e+01   2.7490659e+01   3.5000000e+01   8.6501740e+00   4.7205432e+01  -5.6000000e+01   3.1755449e+01
  -3.7167991e+01   2.9360393e+01   3.5000000e+01   5.1663625e+00   4.6777741e+01  -5.6000000e+01   3.2870373e+01
  -3.7726709e+01   3.0378106e+01   3.5000000e+01   3.4241855e+00   4.5431220e+01  -5.6000000e+01   3.4791065e+01
  -3.9738318e+01   3.0242905e+01   3.5000000e+01   6.3120852e-01   4.2979860e+01  -5.6000000e+01   3.6488176e+01
  -4.0458514e+01   3.1386771e+01   3.5000000e+01  -3.5445452e-01   3.9388768e+01  -5.6000000e+01   3.8440648e+01
  -4.2146644e+01   3.3357031e+01   3.5000000e+01  -4.0856324e+00   3.8171051e+01  -5.6000000e+01   4.1381348e+01
