  -1.2087060e+01   6.9522915e+00   5.9573743e+01   3.8565082e+01   2.8411783e+01  -5.4879789e+01   8.7293567e+00
  -2.1038659e+01   1.2945054e+01   5.9979322e+01   3.3370685e+01   3.0299506e+01  -5.5537688e+01   1.2727518e+01
  -2.2000000e+01   1.7729968e+01   6.2209978e+01   3.0493645e+01   2.2180138e+01  -5.6000000e+01   1.4362123e+01
  -2.2000000e+01   1.7573002e+01   6.0701210e+01   2.8021294e+01   2.2231625e+01  -5.6000000e+01   1.7966913e+01
  -2.2000000e+01   1.5156376e+01   5.7373510e+01   2.6289342e+01   2.5278107e+01  -5.6000000e+01   2.2169887e+01
  -2.2000000e+01   1.5524231e+01   5.3483372e+01   2.4618441e+01   2.9248291e+01  -5.6000000e+01   2.4861377e+01
  -2.2000000e+01   1.4695769e+01   4.8578825e+01   2.3922414e+01   3.2722630e+01  -5.6000000e+01   2.7950541e+01
  -2.2000000e+01   1.1848163e+01   4.3310957e+01   2.4022381e+01   3.9122136e+01  -5.6000000e+01   3.0572840e+01
  -2.2000000e+01   8.0523930e+00   4.2959179e+01   2.5421380e+01   4.2907993e+01  -5.6000000e+01   3.2004673e+01
  -2.2000000e+01   7.6344714e+00   3.7981470e+01   2.4119005e+01   4.6278659e+01  -5.6000000e+01   3.3234248e+01
  -2.2000000e+01   6.9391474e+00   3.3853540e+01   2.3745229e+01   4.7017347e+01  -5.6000000e+01   3.6286001e+01
  -2.2000000e+01   6.8445731e+00   3.2837314e+01   2.4231740e+01   4.6942447e+01  -5.6000000e+01   3.5581571e+01
  -2.2000000e+01   5.2110557e+00   3.0112015e+01   2.4165560e+01   5.0030810e+01  -5.6000000e+01   3.7343738e+01
  -2.2000000e+01   5.5041330e+00   2.9022122e+01   2.3184950e+01   4.9475302e+01  -5.6000000e+01   3.8202766e+01
  -2.2000000e+01   2.2740598e+00   2.6007568e+01   2.3432209e+01   5.0924202e+01  -5.6000000e+01   3.9733699e+01
  -2.2000000e+01   1.7733351e+00   2.4845634e+01   2.2050896e+01   5.1561678e+01  -5.6000000e+01   4.1819594e+01
  -2.2000000e+01   2.1551569e+00   2.4021026e+01   2.1404915e+01   5.0986193e+01  -5.6000000e+01   4.2437195e+01
  -2.2000000e+01   2.0421510e+00   2.3297917e+01   2.0896607e+01   5.0435523e+01  -5.6000000e+01   4.2940299e+01
  -2.2000000e+01   1.7619131e+00   2.1834777e+01   2.1273374e+01   5.0945048e+01  -5.6000000e+01   4.3604646e+01
  -2.2000000e+01   1.7503268e+00   2.1838245e+01   2.1040008e+01   5.1442180e+01  -5.6000000e+01   4.4277472e+01
  -2.2000000e+01   2.9989548e+00   2.0738304e+01   1.9811617e+01   4.9595843e+01  -5.6000000e+01   4.4517682e+01
  -2.2000000e+01   2.3817807e+00   1.9801660e+01   1.9933474e+01   4.8906630e+01  -5.6000000e+01   4.4753011e+01
  -2.2000000e+01   4.1716623e+00   1.8107498e+01   1.7913688e+01   4.8294522e+01  -5.6000000e+01   4.5228443e+01
  -2.2000000e+01   2.0398188e+00   1.7730553e+01   1.8300097e+01   4.7432411e+01  -5.6000000e+01   4.5220388e+01
  -2.2000000e+01   2.9552616e+00   1.5930764e+01   1.6736850e+01   4.8382407e+01  -5.6000000e+01   4.6232950e+01
  -2.2000000e+01   9.9296356e-02   1.4861775e+01   1.7909518e+01   4.9374647e+01  -5.6000000e+01   4.7259789e+01
  -2.2000000e+01   4.7965926e-01   1.2286819e+01   1.6729554e+01   5.0057841e+01  -5.6000000e+01   4.7725003e+01
  -2.2000000e+01  -2.1959300e+00   1.0000572e+01   1.7421295e+01   5.0685995e+01  -5.6000000e+01   4.8371198e+01
  -2.2000000e+01  -3.5588584e+00   5.8570257e+00   1.5895796e+01   5.1337041e+01  -5.6000000e+01   5.0682423e+01
  -2.2000000e+01  -4.6316038e+00   4.0754786e+00   1.4479473e+01   5.2334442e+01  -5.6000000e+01   5.3360417e+01
  -2.2000000e+01  -7.1719716e+00   1.0738396e+00   1.2837572e+01   5.2972070e+01  -5.6000000e+01   5.6403886e+01
  -2.2000000e+01  -1.0136337e+01  -2.5489782e-01   1.3163872e+01   5.2381483e+01  -5.6000000e+01   5.9499686e+01
  -2.2000000e+01  -4.0363943e+00  -5.9019549e+00   1.1591654e+01   5.1505441e+01  -5.6000000e+01   6.1260009e+01
  -2.2000000e+01  -3.3295992e+00  -7.6524496e+00   5.7341419e+00   5.0877210e+01  -5.6000000e+01   6.2665219e+01
  -2.2000000e+01  -1.8012501e+00  -8.1004619e+00   4.3225261e+00   5.0405299e+01  -5.6000000e+01   5.8454315e+01
  -2.2000000e+01  -3.8894097e+00  -6.9977371e+00   4.3778777e+00   4.8766339e+01  -5.6000000e+01   6.0608163e+01
  -2.2000000e+01  -6.3006639e+00  -7.9837014e+00   3.5083867e+00   4.7373377e+01  -5.6000000e+01   6.4977482e+01
  -2.2000000e+01   4.4568484e-01  -1.0766682e+01   8.8190988e-01   4.5692397e+01  -5.6000000e+01   6.5363123e+01
  -2.2000000e+01   3.4435379e+00  -1.4455067e+01  -3.6929246e+00   4.3227871e+01  -5.6000000e+01   6.4535111e+01
  -2.2000000e+01  -8.7909009e-01  -1.0374094e+01  -2.6144185e+00   4.0914225e+01  -5.6000000e+01   6.3341406e+01
  -2.2000000e+01  -2.8168700e+00  -8.0134207e+00  -1.7301478e+00   3.9158082e+01  -5.6000000e+01   6.3318665e+01
  -2.2000000e+01  -3.5964900e+00  -4.3284959e+00  -2.1322697e+00   3.8355039e+01  -5.6000000e+01   6.3174511e+01
  -2.2000000e+01  -4.0569098e+00  -4.5075807e+00  -2.5946030e+00   3.7472910e+01  -5.6000000e+01   6.3124579e+01
  -2.2000000e+01  -4.1888862e+00  -6.1210760e+00  -3.1847853e+00   3.6620209e+01  -5.6000000e+01   6.3131495e+01
  -2.2000000e+01  -1.5005654e+00  -7.8827075e+00  -6.1181193e+00   4.0967570e+01  -5.6000000e+01   6.5064637e+01
  -2.2000000e+01  -1.2003132e+00  -6.8048122e+00  -9.7018655e+00   4.7607565e+01  -5.6000000e+01   6.2911615e+01
  -2.2000000e+01   1.8200343e+00  -5.5918066e+00  -1.3239378e+01   5.5277865e+01  -5.6000000e+01   5.6189140e+01
  -2.2000000e+01   2.7982157e+00   3.9000423e-01  -8.8131733e+00   6.4161632e+01  -5.6000000e+01   4.7849390e+01
  -2.2000000e+01   2.4047292e+00   1.2657403e+01  -6.7570022e-02   7.3016341e+01  -5.6000000e+01   3.7500937e+01
  -2.2000000e+01   7.8980761e+00   2.4495030e+01   5.2958587e+00   7.0409383e+01  -5.6000000e+01   2.9116655e+01
  -2.2000000e+01   1.4546733e+01   3.6188334e+01   9.5452453e+00   6.3636238e+01  -5.6000000e+01   2.0788239e+01
  -2.2000000e+01   1.7516439e+01   4.7737543e+01   1.4046785e+01   5.5713503e+01  -5.6000000e+01   1.2204152e+01
  -2.2000000e+01   2.1699859e+01   5.8932748e+01   1.6817381e+01   4.6325492e+01  -5.6000000e+01   5.4623668e+00
  -2.2000000e+01   2.0964050e+01   6.8295228e+01   2.1479161e+01   3.7014123e+01  -5.6000000e+01  -1.8047845e+00
  -2.2000000e+01   2.0019906e+01   7.7908722e+01   2.8246382e+01   2.8693060e+01  -5.6000000e+01  -9.4840103e+00
  -2.2000000e+01   2.0108322e+01   8.6171859e+01   3.5358065e+01   2.0093966e+01  -5.6000000e+01  -1.7672011e+01
  -2.2000000e+01   2.0799810e+01   9.1133290e+01   4.1995408e+01   1.1803553e+01  -5.6000000e+01  -2.4104854e+01
  -2.2000000e+01   1.7930906e+01   9.3548034e+01   4.9519266e+01   5.6251590e+00  -5.6000000e+01  -2.8503130e+01
  -2.2000000e+01   1.6343140e+01   9.6379303e+01   5.8090156e+01   1.0682016e+00  -5.6000000e+01  -2.9574053e+01
  -2.2000000e+01   1.5021263e+01   1.0077040e+02   6.2795619e+01   5.8490388e-02  -5.6000000e+01  -2.9800535e+01
  -2.2000000e+01   1.8037745e+01   9.8086109e+01   6.2076991e+01  -1.2064078e+00  -5.6000000e+01  -3.0178486e+01
  -2.2000000e+01   1.7727276e+01   9.6926109e+01   6.1172815e+01  -3.1256470e+00  -5.6000000e+01  -2.9546216e+01
  -2.2000000e+01   1.5975026e+01   9.7386788e+01   6.0258061e+01  -1.9657024e+00  -5.6000000e+01  -2.8038260e+01
  -2.2000000e+01   1.5711355e+01   9.6070301e+01   5.8791232e+01  -7.0741164e-01  -5.6000000e+01  -2.7431698e+01
  -2.2000000e+01   1.6127356e+01   9.3719812e+01   5.6640852e+01   4.4937805e-01  -5.6000000e+01  -2.5124940e+01
  -2.2000000e+01   1.9177963e+01   9.2709040e+01   5.5521184e+01  -2.4556949e+00  -5.6000000e+01  -2.2741408e+01
  -2.2000000e+01   2.1333669e+01   9.0518814e+01   5.3211241e+01  -2.6062002e+00  -5.6000000e+01  -1.9248242e+01
  -2.2000000e+01   2.1194942e+01   8.8174345e+01   5.1104098e+01   5.4553030e-01  -5.6000000e+01  -1.6804883e+01
  -2.2000000e+01   2.2378972e+01   8.8271304e+01   5.1335114e+01  -1.0412758e+00  -5.6000000e+01  -1.5051391e+01
  -2.2000000e+01   2.1129426e+01   8.7358975e+01   5.0004225e+01   1.4400111e+00  -5.6000000e+01  -1.2788354e+01
  -2.2000000e+01   2.1642258e+01   8.5985908e+01   4.8542563e+01   3.7163033e+00  -5.6000000e+01  -1.0586645e+01
  -2.2000000e+01   2.1276553e+01   8.2490179e+01   4.7008224e+01   8.4800505e+00  -5.6000000e+01  -7.9842930e+00
  -2.2000000e+01   2.2801632e+01   8.0240239e+01   4.4186036e+01   1.1271029e+01  -5.6000000e+01  -4.6560700e+00
  -2.2000000e+01   2.3271804e+01   7.8061867e+01   4.1960608e+01   1.1898499e+01  -5.6000000e+01  -1.4864778e+00
  -2.2000000e+01   2.3801683e+01   7.5655273e+01   4.0389483e+01   1.2881008e+01  -5.6000000e+01   1.1751423e+00
  -2.2000000e+01   2.3483463e+01   7.1553584e+01   3.8966432e+01   1.7081919e+01  -5.6000000e+01   3.5251949e+00
  -2.2000000e+01   2.2970830e+01   6.8494471e+01   3.5759090e+01   2.0222236e+01  -5.6000000e+01   8.5811518e+00
  -2.2000000e+01   2.4437967e+01   6.5416002e+01   3.3716249e+01   2.3196832e+01  -5.6000000e+01   1.0994189e+01
  -2.2000000e+01   2.4236523e+01   6.2685766e+01   3.1744746e+01   2.3958555e+01  -5.6000000e+01   1.3960787e+01
  -2.2000000e+01   2.5230341e+01   6.0266118e+01   2.9750967e+01   2.4666481e+01  -5.6000000e+01   1.6756588e+01
  -2.2000000e+01   2.3962176e+01   5.8788405e+01   2.7795282e+01   2.7936605e+01  -5.6000000e+01   2.0377310e+01
  -2.2000000e+01   2.3725530e+01   5.3773038e+01   2.6507738e+01   3.1686211e+01  -5.6000000e+01   2.1702655e+01
  -2.2000000e+01   2.4426096e+01   5.2593601e+01   2.7856439e+01   3.1701478e+01  -5.6000000e+01   1.8819234e+01
  -2.2000000e+01   2.1122719e+01   4.8654827e+01   2.5995943e+01   3.7068312e+01  -5.6000000e+01   2.3317319e+01
  -2.2000000e+01   2.0786927e+01   4.4233861e+01   2.3029831e+01   4.0407803e+01  -5.6000000e+01   2.7123678e+01
  -2.2000000e+01   1.9046767e+01   3.8991326e+01   1.9884383e+01   4.6168670e+01  -5.6000000e+01   3.2933290e+01
  -2.2000000e+01   1.6365733e+01   3.4783431e+01   2.0286366e+01   4.9984583e+01  -5.6000000e+01   3.5803841e+01
  -2.2000000e+01   1.3696491e+01   3.3761297e+01   2.1565730e+01   5.2586794e+01  -5.6000000e+01   3.6944727e+01
  -2.2000000e+01   1.4529987e+01   2.9344841e+01   1.9303543e+01   5.5248697e+01  -5.6000000e+01   4.0089097e+01
  -2.2000000e+01   1.3329986e+01   2.5785752e+01   1.8199343e+01   5.7298477e+01  -5.6000000e+01   4.2496312e+01
  -2.2000000e+01   1.3979408e+01   2.3405092e+01   1.6187060e+01   5.8153256e+01  -5.6000000e+01   4.3940731e+01
  -2.2000000e+01   1.2811565e+01   2.1474075e+01   1.4949516e+01   5.9073238e+01  -5.6000000e+01   4.6196193e+01
  -2.2000000e+01   1.2298806e+01   1.8732002e+01   1.3567683e+01   6.0595072e+01  -5.6000000e+01   4.7725336e+01
  -2.2000000e+01   1.1423160e+01   1.5237123e+01   1.1888770e+01   6.2151583e+01  -5.6000000e+01   4.9135536e+01
  -2.2000000e+01   1.1070278e+01   1.2158725e+01   1.0450906e+01   6.4063927e+01  -5.6000000e+01   5.1365998e+01
  -2.2000000e+01   1.0621585e+01   1.0423146e+01   8.9589552e+00   6.4604072e+01  -5.6000000e+01   5.2228012e+01
  -2.2000000e+01   6.7294492e+00   8.0087044e+00   8.1959076e+00   6.6609259e+01  -5.6000000e+01   5.4339862e+01
  -2.2000000e+01   6.3146303e+00   4.6225478e+00   6.6812776e+00   6.8295326e+01  -5.6000000e+01   5.5801915e+01
  -2.2000000e+01  -6.7494727e-01   6.6175723e+00   8.7488886e+00   6.9690688e+01  -5.6000000e+01   5.7088312e+01
  -2.2000000e+01  -8.0377603e-01   1.5250339e+00   7.4377300e+00   7.1168758e+01  -5.6000000e+01   5.8431256e+01
  -2.2000000e+01  -4.0920868e+00  -1.8196494e+00   5.3917004e+00   7.1766267e+01  -5.6000000e+01   6.0233157e+01
  -2.2000000e+01  -7.7663951e+00  -3.1157977e+00   7.7885120e+00   7.2224983e+01  -5.6000000e+01   6.2307617e+01
  -2.2000000e+01  -1.7872508e+00  -5.7179701e+00   5.2080269e+00   7.3443766e+01  -5.6000000e+01   6.3314828e+01
  -2.2000000e+01  -2.2285375e+00  -6.0281449e+00   3.8375937e+00   7.3720785e+01  -5.6000000e+01   6.3930109e+01
  -2.2000000e+01   5.1743736e-01  -6.9155211e+00   2.2030881e+00   7.4192631e+01  -5.6000000e+01   6.4731492e+01
  -2.2000000e+01  -1.3860740e+00  -6.9889873e+00   2.2512953e+00   7.3436003e+01  -5.6000000e+01   6.5006384e+01
  -2.2000000e+01   3.0202685e+00  -8.3399294e+00   4.1679507e-01   7.2918836e+01  -5.6000000e+01   6.5693957e+01
  -2.2000000e+01   5.7429463e-02  -7.7226839e+00  -8.9232283e-01   7.2266931e+01  -5.6000000e+01   6.6776920e+01
  -2.2000000e+01   1.7514146e+00  -9.8655651e+00  -1.8175855e+00   7.1256506e+01  -5.6000000e+01   6.7558838e+01
  -2.2000000e+01   3.9047420e+00  -1.1094371e+01  -3.6922151e+00   7.0234690e+01  -5.6000000e+01   6.8214383e+01
  -2.2000000e+01   3.9666121e+00  -1.1440709e+01  -5.5728280e+00   6.9150267e+01  -5.6000000e+01   6.8701943e+01
  -2.2000000e+01   4.3315614e+00  -9.6397618e+00  -5.7203970e+00   6.7742834e+01  -5.6000000e+01   6.9801981e+01
  -2.2000000e+01   5.0611647e+00  -8.6510093e+00  -6.1855723e+00   6.6432350e+01  -5.6000000e+01   7.0749473e+01
  -2.2000000e+01   5.7520156e+00  -9.7731943e+00  -6.7426001e+00   6.5108941e+01  -5.6000000e+01   7.1909458e+01
  -2.2000000e+01   5.9083444e+00  -1.0083613e+01  -7.6693465e+00   6.4012228e+01  -5.6000000e+01   7.3144779e+01
  -2.2000000e+01   7.0234125e+00  -9.8237632e+00  -8.6076847e+00   6.3085822e+01  -5.6000000e+01   7.4427731e+01
  -2.2000000e+01   7.2302563e+00  -1.0468399e+01  -9.5376960e+00   6.2191829e+01  -5.6000000e+01   7.5594086e+01
  -2.2000000e+01   6.4045795e+00  -1.0713537e+01  -9.9695584e+00   6.1203279e+01  -5.6000000e+01   7.5925935e+01
  -2.2000000e+01   8.3505084e+00  -1.2630629e+01  -1.1129588e+01   6.0360802e+01  -5.6000000e+01   7.6499854e+01
  -2.2000000e+01   9.1157868e+00  -1.4058614e+01  -1.2667936e+01   5.9599230e+01  -5.6000000e+01   7.6366364e+01
  -2.2000000e+01   7.2418667e+00  -1.4670997e+01  -1.3387530e+01   5.9093359e+01  -5.6000000e+01   7.6706927e+01
  -2.2000000e+01   8.6792801e+00  -1.4777846e+01  -1.3820118e+01   5.8762282e+01  -5.6000000e+01   7.5390658e+01
  -2.2000000e+01   6.5635925e+00  -1.3238431e+01  -1.3559823e+01   5.8770119e+01  -5.6000000e+01   7.3013491e+01
  -2.2000000e+01   9.3646151e+00  -1.2770597e+01  -1.4441132e+01   6.0607056e+01  -5.6000000e+01   7.0002412e+01
  -2.2000000e+01   1.0663935e+01  -1.1012296e+01  -1.5253707e+01   6.3023788e+01  -5.6000000e+01   6.6517757e+01
  -2.2000000e+01   9.6809178e+00  -9.2594575e+00  -1.3166301e+01   6.5644709e+01  -5.6000000e+01   6.5337499e+01
  -2.2000000e+01   8.2919348e+00  -7.1630122e+00  -1.1808733e+01   7.1040782e+01  -5.6000000e+01   5.7785906e+01
  -2.2000000e+01   3.4247296e+00  -6.3829671e+00  -1.0863190e+01   7.7112403e+01  -5.6000000e+01   4.7585710e+01
  -2.2000000e+01   4.0229495e+00  -5.4201206e+00  -7.0120566e+00   8.4348047e+01  -5.6000000e+01   3.8731239e+01
  -2.2000000e+01   3.1014531e+00   2.4695335e+00   1.3597450e+00   8.6442352e+01  -5.6000000e+01   2.9020681e+01
  -2.2000000e+01   5.7047788e+00   1.2777483e+01   3.1504185e+00   8.1950629e+01  -5.6000000e+01   2.0755833e+01
  -2.2000000e+01   9.5924388e+00   2.3780607e+01   6.6167927e+00   7.5252631e+01  -5.6000000e+01   1.2715562e+01
  -2.2000000e+01   1.6037870e+01   3.5029938e+01   1.0080794e+01   6.6910056e+01  -5.6000000e+01   2.9736102e+00
  -2.2000000e+01   1.9730234e+01   4.5391067e+01   1.3149117e+01   5.7786651e+01  -5.6000000e+01  -6.5708020e+00
  -2.2000000e+01   2.1578268e+01   5.5868372e+01   1.8491648e+01   4.8858344e+01  -5.6000000e+01  -1.4110318e+01
  -2.2000000e+01   2.1893784e+01   6.5061073e+01   2.3556597e+01   3.9518886e+01  -5.6000000e+01  -2.0510180e+01
  -2.2000000e+01   2.0286028e+01   7.2433374e+01   2.9464784e+01   2.9970361e+01  -5.6000000e+01  -2.6635123e+01
  -2.2000000e+01   1.9523578e+01   7.9380352e+01   3.6962229e+01   2.0893146e+01  -5.6000000e+01  -3.1839005e+01
  -2.2000000e+01   1.7327394e+01   8.3053022e+01   4.3534965e+01   1.1957759e+01  -5.6000000e+01  -3.6827166e+01
  -2.2000000e+01   1.5185637e+01   8.6857958e+01   4.9080918e+01   4.2132595e+00  -5.6000000e+01  -4.0399656e+01
  -2.2000000e+01   1.4616895e+01   9.1376065e+01   5.4787681e+01  -2.3726458e+00  -5.6000000e+01  -4.1381993e+01
  -2.2000000e+01   1.4970779e+01   9.4842137e+01   6.1807420e+01  -8.6091708e+00  -5.6000000e+01  -4.0557037e+01
  -2.2000000e+01   1.8192017e+01   9.7264101e+01   6.5960152e+01  -1.2088406e+01  -5.6000000e+01  -3.7102408e+01
  -2.2000000e+01   1.8734816e+01   9.7967891e+01   6.5311236e+01  -1.3341190e+01  -5.6000000e+01  -3.4365980e+01
  -2.2000000e+01   1.8321216e+01   9.7506722e+01   6.3441398e+01  -1.4063511e+01  -5.6000000e+01  -3.2156980e+01
  -2.2000000e+01   1.7708754e+01   9.6485489e+01   6.2221623e+01  -1.3160190e+01  -5.6000000e+01  -3.0342270e+01
  -2.2000000e+01   1.8143019e+01   9.5032429e+01   5.9948370e+01  -1.1158957e+01  -5.6000000e+01  -2.8567557e+01
  -2.2000000e+01   1.9762657e+01   9.2995871e+01   5.7887607e+01  -1.1642134e+01  -5.6000000e+01  -2.7018068e+01
  -2.2000000e+01   1.9201887e+01   9.1548485e+01   5.6458936e+01  -1.0702440e+01  -5.6000000e+01  -2.5565992e+01
  -2.2000000e+01   1.9191814e+01   8.8878312e+01   5.4033036e+01  -5.8629665e+00  -5.6000000e+01  -2.2479946e+01
  -2.2000000e+01   1.9845847e+01   8.5764292e+01   5.0951827e+01   2.5820297e-01  -5.6000000e+01  -1.8991616e+01
  -2.2000000e+01   2.0868455e+01   8.1952881e+01   4.8184899e+01   4.8227188e+00  -5.6000000e+01  -1.5952833e+01
  -2.2000000e+01   2.0075890e+01   7.9828716e+01   4.5951693e+01   9.8787036e+00  -5.6000000e+01  -1.2261259e+01
  -2.2000000e+01   2.0391464e+01   7.6938342e+01   4.4544385e+01   1.2820875e+01  -5.6000000e+01  -9.9333370e+00
  -2.2000000e+01   2.0540445e+01   7.5781916e+01   4.3962644e+01   1.4376616e+01  -5.6000000e+01  -8.4215198e+00
  -2.2000000e+01   2.1765299e+01   7.4408690e+01   4.2675083e+01   1.5980341e+01  -5.6000000e+01  -6.1149816e+00
  -2.2000000e+01   2.0928921e+01   7.2907629e+01   4.2059516e+01   1.8243161e+01  -5.6000000e+01  -4.1393106e+00
  -2.2000000e+01   2.1240632e+01   7.2179097e+01   4.1111729e+01   1.9148322e+01  -5.6000000e+01  -2.0926865e+00
  -2.2000000e+01   2.1573534e+01   6.8776047e+01   3.8410536e+01   2.2741348e+01  -5.6000000e+01   1.4884756e+00
  -2.2000000e+01   2.0672468e+01   6.5907341e+01   3.7219841e+01   2.6590442e+01  -5.6000000e+01   4.4769764e+00
  -2.2000000e+01   2.0955722e+01   6.3488175e+01   3.6149151e+01   2.8745463e+01  -5.6000000e+01   6.9810484e+00
  -2.2000000e+01   2.1230184e+01   6.0988889e+01   3.4323836e+01   3.1622948e+01  -5.6000000e+01   9.7264711e+00
  -2.2000000e+01   2.1572850e+01   5.9395298e+01   3.2714673e+01   3.2032375e+01  -5.6000000e+01   1.2487433e+01
  -2.2000000e+01   2.2825236e+01   5.7367645e+01   3.1527507e+01   3.1320323e+01  -5.6000000e+01   1.3805755e+01
  -2.2000000e+01   2.2710880e+01   5.6052960e+01   3.1330899e+01   3.3063624e+01  -5.6000000e+01   1.5345656e+01
  -2.2000000e+01   2.1650242e+01   5.5580532e+01   3.0198001e+01   3.4464522e+01  -5.6000000e+01   1.7886369e+01
  -2.2000000e+01   2.2693411e+01   5.1452501e+01   2.9412277e+01   3.8225498e+01  -5.6000000e+01   1.9249565e+01
  -2.2000000e+01   2.3747395e+01   4.8407341e+01   2.7664856e+01   3.9815635e+01  -5.6000000e+01   2.1224799e+01
  -2.2000000e+01   2.3634552e+01   4.5991034e+01   2.5828380e+01   4.1711619e+01  -5.6000000e+01   2.4590731e+01
  -2.2000000e+01   2.3242433e+01   4.6837620e+01   2.5337771e+01   4.0523798e+01  -5.6000000e+01   2.3477091e+01
  -2.2000000e+01   2.3200106e+01   4.3923802e+01   2.2650695e+01   4.1809476e+01  -5.6000000e+01   2.6885413e+01
  -2.2000000e+01   2.4830118e+01   4.2564514e+01   2.0946062e+01   4.2917771e+01  -5.6000000e+01   2.9318579e+01
  -2.2000000e+01   2.1624826e+01   3.9688139e+01   2.1270660e+01   4.7579938e+01  -5.6000000e+01   3.3972524e+01
  -2.2000000e+01   2.0209785e+01   3.8289571e+01   2.0230039e+01   5.0473760e+01  -5.6000000e+01   3.5707962e+01
  -2.2000000e+01   1.8460406e+01   3.5009086e+01   1.8951225e+01   5.3100446e+01  -5.6000000e+01   3.8006815e+01
  -2.2000000e+01   1.6738019e+01   3.2043249e+01   1.8326164e+01   5.6417626e+01  -5.6000000e+01   3.9635954e+01
  -2.2000000e+01   1.4652045e+01   2.8911716e+01   1.8404741e+01   5.9377606e+01  -5.6000000e+01   4.1758904e+01
  -2.2000000e+01   1.5895859e+01   2.6832326e+01   1.5762780e+01   6.1027159e+01  -5.6000000e+01   4.5143845e+01
  -2.2000000e+01   1.4955042e+01   2.4166814e+01   1.7602537e+01   6.1641115e+01  -5.6000000e+01   4.5544267e+01
  -2.2000000e+01   1.2877101e+01   2.2775556e+01   1.6344292e+01   6.3576486e+01  -5.6000000e+01   4.7554952e+01
  -2.2000000e+01   1.5054839e+01   2.0480249e+01   1.1913683e+01   6.3639073e+01  -5.6000000e+01   5.0237687e+01
  -2.2000000e+01   1.6354221e+01   1.9078781e+01   6.7270383e+00   6.3179609e+01  -5.6000000e+01   5.1333157e+01
  -2.2000000e+01   1.5756642e+01   1.6581709e+01   5.6844531e+00   6.5285740e+01  -5.6000000e+01   5.4077179e+01
  -2.2000000e+01   1.4295361e+01   1.2036404e+01   6.8560315e+00   6.7532624e+01  -5.6000000e+01   5.5288206e+01
  -2.2000000e+01   1.2877142e+01   1.1366423e+01   4.0230213e+00   7.1104096e+01  -5.6000000e+01   5.6314390e+01
  -2.2000000e+01   8.6571808e+00   8.0564900e+00   5.0931777e+00   7.1882940e+01  -5.6000000e+01   5.6551787e+01
  -2.2000000e+01   7.2106117e+00   4.4616288e+00   3.8531701e+00   7.5018487e+01  -5.6000000e+01   5.8801446e+01
  -2.2000000e+01   5.4713235e+00   2.0224775e+00   3.1025658e+00   7.7513542e+01  -5.6000000e+01   5.9949026e+01
  -2.2000000e+01   3.7409265e+00  -4.6596215e-01   3.2219727e+00   7.7843944e+01  -5.6000000e+01   6.0248020e+01
  -2.2000000e+01   3.0968750e+00  -2.6842972e+00   1.8618179e+00   7.9079200e+01  -5.6000000e+01   6.1852759e+01
  -2.2000000e+01   2.5319503e+00  -4.4439474e+00   2.4054299e-01   8.0336201e+01  -5.6000000e+01   6.3647683e+01
  -2.2000000e+01   7.1849625e-01  -5.4862809e+00  -9.6434929e-01   8.1213907e+01  -5.6000000e+01   6.4398679e+01
  -2.2000000e+01   2.1851670e+00  -6.7167336e+00  -2.6066083e+00   8.1976299e+01  -5.6000000e+01   6.5542835e+01
  -2.2000000e+01   2.1218186e+00  -6.8531305e+00  -3.9385358e+00   8.2380252e+01  -5.6000000e+01   6.7005817e+01
  -2.2000000e+01   2.1503400e+00  -7.1372165e+00  -4.0239622e+00   8.1876230e+01  -5.6000000e+01   6.7790506e+01
  -2.2000000e+01   3.2085701e+00  -7.8116021e+00  -4.3717502e+00   8.1389928e+01  -5.6000000e+01   6.9474870e+01
  -2.2000000e+01   5.5149625e+00  -6.9559370e+00  -4.9106017e+00   8.0894736e+01  -5.6000000e+01   7.0771366e+01
  -2.2000000e+01   8.3302189e+00  -7.2915564e+00  -6.5742211e+00   8.0472500e+01  -5.6000000e+01   7.1973165e+01
  -2.2000000e+01   1.3095805e+01  -9.7016839e+00  -8.8208011e+00   8.0089650e+01  -5.6000000e+01   7.3647559e+01
  -2.2000000e+01   1.1930145e+01  -1.1039920e+01  -1.1310067e+01   7.9844622e+01  -5.6000000e+01   7.4459523e+01
  -2.2000000e+01   1.2816041e+01  -1.1878068e+01  -1.3342296e+01   7.9826670e+01  -5.6000000e+01   7.3558032e+01
  -2.2000000e+01   1.3622133e+01  -1.0951675e+01  -1.3774081e+01   8.0745386e+01  -5.6000000e+01   7.1907493e+01
  -2.2000000e+01   1.1630787e+01  -9.6734901e+00  -1.3357808e+01   8.1491159e+01  -5.6000000e+01   6.9519434e+01
  -2.2000000e+01   1.0349368e+01  -1.0014313e+01  -1.1808248e+01   8.1820124e+01  -5.6000000e+01   6.5612613e+01
  -2.2000000e+01   1.1248010e+01  -8.3124191e+00  -9.7898356e+00   8.4000377e+01  -5.6000000e+01   6.1169460e+01
  -2.2000000e+01   1.1973070e+01  -7.1813680e+00  -8.3837636e+00   8.6265414e+01  -5.6000000e+01   5.9827097e+01
  -2.2000000e+01   1.0983019e+01  -7.3071673e+00  -7.7535587e+00   8.8245552e+01  -5.6000000e+01   5.6964449e+01
  -2.2000000e+01   1.2593456e+01  -7.3896855e+00  -6.8909514e+00   8.9757080e+01  -5.6000000e+01   5.2865608e+01
  -2.2000000e+01   1.2347040e+01  -6.2127430e+00  -5.5839832e+00   9.1040062e+01  -5.6000000e+01   5.0785046e+01
  -2.2000000e+01   1.1471340e+01  -5.3909425e+00  -5.9523621e+00   1.0090297e+02  -5.6000000e+01   4.0856034e+01
  -2.2000000e+01   9.9987043e+00  -8.6642341e+00  -4.0037138e+00   1.0796727e+02  -5.6000000e+01   2.8955991e+01
  -2.2000000e+01   9.2557089e+00  -6.2030577e+00  -2.8325559e+00   1.0746531e+02  -5.6000000e+01   1.8855986e+01
  -2.2000000e+01   1.2323640e+01   5.3097067e+00   1.4404658e+00   9.8439174e+01  -5.6000000e+01   1.1941062e+01
  -2.2000000e+01   1.4946669e+01   1.7362823e+01   9.6089602e+00   8.9701248e+01  -5.6000000e+01   6.0484760e+00
  -2.2000000e+01   1.9805076e+01   2.9227529e+01   1.7633968e+01   8.0536559e+01  -5.6000000e+01  -1.9333474e+00
  -2.2000000e+01   2.3504614e+01   4.0626065e+01   2.6228341e+01   7.0904844e+01  -5.6000000e+01  -1.1340121e+01
  -2.2000000e+01   2.2408688e+01   5.0050520e+01   3.3456173e+01   6.1152263e+01  -5.6000000e+01  -2.1654736e+01
  -2.2000000e+01   2.1693851e+01   5.7808992e+01   3.8850829e+01   5.1696839e+01  -5.6000000e+01  -3.1040426e+01
  -2.2000000e+01   1.9926959e+01   6.4510926e+01   4.5384021e+01   4.2359519e+01  -5.6000000e+01  -3.9696953e+01
  -2.2000000e+01   1.9167782e+01   6.9113621e+01   5.2752002e+01   3.3521688e+01  -5.6000000e+01  -4.5601928e+01
  -2.2000000e+01   1.9841849e+01   7.1587557e+01   5.8742676e+01   2.4778065e+01  -5.6000000e+01  -4.8103687e+01
  -2.2000000e+01   1.9887724e+01   7.4499307e+01   6.0482510e+01   1.6599946e+01  -5.6000000e+01  -4.5265857e+01
  -2.2000000e+01   2.0745337e+01   7.6067169e+01   5.9220336e+01   8.8155939e+00  -5.6000000e+01  -4.0416090e+01
  -2.2000000e+01   2.2209731e+01   7.6111089e+01   5.6463709e+01   3.4093218e+00  -5.6000000e+01  -3.4164944e+01
  -2.2000000e+01   2.2452131e+01   7.5577391e+01   5.3634437e+01   3.8709671e-01  -5.6000000e+01  -2.9478176e+01
  -2.2000000e+01   2.4229125e+01   7.4109315e+01   5.1001999e+01  -1.6289289e-01  -5.6000000e+01  -2.6607750e+01
  -2.2000000e+01   2.4064478e+01   7.1612712e+01   4.7439529e+01   3.2182477e+00  -5.6000000e+01  -2.3456067e+01
  -2.2000000e+01   2.3147908e+01   7.0035745e+01   4.5252890e+01   7.2746865e+00  -5.6000000e+01  -2.0214520e+01
  -2.2000000e+01   2.3671713e+01   6.7293788e+01   4.1910816e+01   1.0808748e+01  -5.6000000e+01  -1.6325161e+01
  -2.2000000e+01   2.2854980e+01   6.3203692e+01   3.8595160e+01   1.6151336e+01  -5.6000000e+01  -1.1460728e+01
  -2.2000000e+01   2.3200541e+01   6.0808968e+01   3.7232217e+01   1.9922361e+01  -5.6000000e+01  -9.0372668e+00
  -2.2000000e+01   2.3369529e+01   5.8210735e+01   3.5032913e+01   2.2649007e+01  -5.6000000e+01  -5.6393210e+00
  -2.2000000e+01   2.1932292e+01   5.7004155e+01   3.5194132e+01   2.4676564e+01  -5.6000000e+01  -3.7830253e+00
  -2.2000000e+01   2.1853518e+01   5.4036016e+01   3.2462344e+01   2.8694237e+01  -5.6000000e+01   9.6185872e-01
  -2.2000000e+01   2.0929053e+01   5.1884381e+01   3.2312057e+01   3.1599669e+01  -5.6000000e+01   2.9115304e+00
  -2.2000000e+01   2.1379240e+01   4.9882636e+01   3.0819825e+01   3.3096070e+01  -5.6000000e+01   5.4824081e+00
  -2.2000000e+01   2.1764009e+01   4.6982093e+01   3.0602760e+01   3.6007281e+01  -5.6000000e+01   8.9239825e+00
  -2.2000000e+01   2.3053293e+01   4.5987942e+01   2.8529328e+01   3.7393719e+01  -5.6000000e+01   1.2378782e+01
  -2.2000000e+01   2.1492905e+01   4.5337482e+01   2.8775451e+01   3.7530222e+01  -5.6000000e+01   1.3661106e+01
  -2.2000000e+01   2.1299922e+01   4.5819551e+01   2.7507450e+01   3.6656167e+01  -5.6000000e+01   1.5234129e+01
  -2.2000000e+01   2.0154346e+01   4.5057896e+01   2.8913675e+01   3.7684376e+01  -5.6000000e+01   1.6035321e+01
  -2.2000000e+01   2.1337294e+01   4.2626545e+01   2.7015892e+01   3.9843524e+01  -5.6000000e+01   1.8320899e+01
  -2.2000000e+01   2.3155378e+01   4.1941770e+01   2.4494043e+01   3.8736886e+01  -5.6000000e+01   1.9907333e+01
  -2.2000000e+01   2.1929237e+01   4.0231312e+01   2.4040846e+01   4.1104254e+01  -5.6000000e+01   2.1753621e+01
  -2.2000000e+01   1.9480850e+01   4.0462319e+01   2.5450504e+01   4.1288967e+01  -5.6000000e+01   2.1164903e+01
  -2.2000000e+01   1.6398119e+01   3.9427423e+01   2.5588786e+01   4.4683033e+01  -5.6000000e+01   2.3942249e+01
  -2.2000000e+01   1.7863027e+01   3.5949559e+01   2.4935110e+01   4.7361585e+01  -5.6000000e+01   2.5607179e+01
  -2.2000000e+01   1.6190736e+01   3.5957027e+01   2.6402854e+01   4.8632272e+01  -5.6000000e+01   2.5686915e+01
  -2.2000000e+01   1.6617272e+01   3.3333516e+01   2.7369523e+01   4.9477057e+01  -5.6000000e+01   2.3502666e+01
  -2.2000000e+01   1.7877361e+01   3.1141774e+01   2.2316804e+01   4.9367452e+01  -5.6000000e+01   2.6651762e+01
  -2.2000000e+01   1.5329542e+01   3.2893214e+01   2.1742017e+01   4.8159225e+01  -5.6000000e+01   2.8849043e+01
  -2.2000000e+01   1.4322130e+01   2.9536044e+01   2.1415310e+01   5.0888031e+01  -5.6000000e+01   3.1249050e+01
  -2.2000000e+01   1.3648019e+01   2.6371003e+01   2.0654149e+01   5.3937896e+01  -5.6000000e+01   3.4514531e+01
  -2.2000000e+01   1.1019731e+01   2.2882711e+01   2.4067226e+01   5.7718193e+01  -5.6000000e+01   3.6158736e+01
  -2.2000000e+01   1.2401241e+01   1.7907086e+01   2.2285384e+01   6.1278721e+01  -5.6000000e+01   3.8827997e+01
  -2.2000000e+01   1.3819360e+01   1.5301271e+01   1.6989980e+01   6.2798713e+01  -5.6000000e+01   4.0803246e+01
  -2.2000000e+01   1.2099905e+01   1.2983978e+01   1.5435866e+01   6.3425256e+01  -5.6000000e+01   4.2702614e+01
  -2.2000000e+01   1.2983511e+01   1.0208518e+01   1.2336087e+01   6.4816375e+01  -5.6000000e+01   4.3854863e+01
  -2.2000000e+01   1.2046358e+01   7.2352177e+00   1.0325124e+01   6.5530297e+01  -5.6000000e+01   4.5975915e+01
  -2.2000000e+01   9.8169832e+00   4.2116948e+00   8.5840325e+00   6.7315237e+01  -5.6000000e+01   4.8975569e+01
  -2.2000000e+01   7.3887274e+00   1.2484938e+00   6.8804193e+00   6.9071944e+01  -5.6000000e+01   5.1939907e+01
  -2.2000000e+01   5.3742667e+00  -1.6992137e+00   5.0504550e+00   7.0640820e+01  -5.6000000e+01   5.3951864e+01
  -2.2000000e+01   3.3622880e+00  -3.3528092e+00   3.2993249e+00   7.2092167e+01  -5.6000000e+01   5.5546743e+01
  -2.2000000e+01   4.8941619e+00  -5.3023050e+00   1.8266032e+00   7.2298678e+01  -5.6000000e+01   5.6921467e+01
  -2.2000000e+01   2.6290789e+00  -5.4013651e+00   1.2137912e+00   7.1494095e+01  -5.6000000e+01   5.8079118e+01
  -2.2000000e+01   2.2313187e+00  -5.7498529e+00   3.1537587e-01   7.0796019e+01  -5.6000000e+01   5.9444763e+01
  -2.2000000e+01   2.8224668e+00  -6.9414418e+00  -9.7523772e-01   7.0102903e+01  -5.6000000e+01   6.0769108e+01
  -2.2000000e+01   2.1193168e+00  -6.8060593e+00  -3.0070471e+00   7.0068448e+01  -5.6000000e+01   6.3498071e+01
  -2.2000000e+01   5.6878400e+00  -8.3491183e+00  -5.8242837e+00   7.0277477e+01  -5.6000000e+01   6.3921624e+01
  -2.2000000e+01   5.0583008e+00  -8.5043326e+00  -8.2883508e+00   7.0490832e+01  -5.6000000e+01   6.1593787e+01
  -2.2000000e+01   7.4463416e+00  -8.8593539e+00  -9.9363165e+00   7.1919377e+01  -5.6000000e+01   5.6883498e+01
  -2.2000000e+01   4.4089752e+00  -6.5922673e+00  -7.9382892e+00   7.4153168e+01  -5.6000000e+01   5.5036639e+01
  -2.2000000e+01   4.9266358e+00  -5.7715151e+00  -5.9639369e+00   7.6152787e+01  -5.6000000e+01   5.1662197e+01
  -2.2000000e+01   3.5748112e+00  -5.9646252e+00  -6.6519966e+00   7.9866472e+01  -5.6000000e+01   4.4485946e+01
  -2.2000000e+01   5.8044456e+00  -9.4641027e+00  -1.0919565e+01   8.7016684e+01  -5.6000000e+01   3.4024783e+01
  -2.2000000e+01   3.9410254e+00  -8.8003834e+00  -9.2100152e+00   9.3673770e+01  -5.6000000e+01   2.5675888e+01
  -2.2000000e+01   6.0734131e+00   3.2006629e+00  -1.3613879e+00   8.7476339e+01  -5.6000000e+01   1.7784505e+01
  -2.2000000e+01   1.2819764e+01   1.5632717e+01   5.8293681e+00   8.2709618e+01  -5.6000000e+01   1.4417775e+01
  -2.2000000e+01   1.9840468e+01   2.7886637e+01   1.3117429e+01   7.5449307e+01  -5.6000000e+01   7.1368177e+00
  -2.2000000e+01   2.3498214e+01   4.0140317e+01   2.2552365e+01   6.6784415e+01  -5.6000000e+01  -3.8980940e-01
  -2.2000000e+01   2.6302767e+01   5.1870251e+01   3.1358985e+01   5.7422141e+01  -5.6000000e+01  -1.0234289e+01
  -2.2000000e+01   2.5248672e+01   6.2373628e+01   3.8431015e+01   4.7554055e+01  -5.6000000e+01  -2.0130792e+01
  -2.2000000e+01   2.4504004e+01   6.9585310e+01   4.4079828e+01   3.7657194e+01  -5.6000000e+01  -2.9022445e+01
  -2.2000000e+01   2.1380233e+01   7.4322412e+01   4.9933824e+01   2.8272014e+01  -5.6000000e+01  -3.4924571e+01
  -2.2000000e+01   2.1228689e+01   7.9008771e+01   5.4860731e+01   1.9620364e+01  -5.6000000e+01  -3.6780074e+01
  -2.2000000e+01   2.0947413e+01   8.1721413e+01   5.9160557e+01   1.1941576e+01  -5.6000000e+01  -3.5577066e+01
  -2.2000000e+01   2.2629203e+01   8.1063511e+01   5.6970077e+01   1.0196827e+01  -5.6000000e+01  -2.9772442e+01
  -2.2000000e+01   2.3120664e+01   8.0193974e+01   5.4355540e+01   8.3127100e+00  -5.6000000e+01  -2.5268205e+01
  -2.2000000e+01   2.1285343e+01   7.8016994e+01   5.1335159e+01   1.2021598e+01  -5.6000000e+01  -2.0633617e+01
  -2.2000000e+01   2.4057381e+01   7.4122144e+01   4.7299783e+01   1.3370910e+01  -5.6000000e+01  -1.6312250e+01
  -2.2000000e+01   2.3259461e+01   7.0784771e+01   4.4642787e+01   1.7232153e+01  -5.6000000e+01  -1.3597377e+01
  -2.2000000e+01   2.1715823e+01   6.7916261e+01   4.2276871e+01   2.1572323e+01  -5.6000000e+01  -1.1493252e+01
  -2.2000000e+01   2.2410463e+01   6.4806112e+01   4.0041250e+01   2.4201247e+01  -5.6000000e+01  -8.0577623e+00
  -2.2000000e+01   2.1944062e+01   6.1114045e+01   3.7370029e+01   2.8755508e+01  -5.6000000e+01  -3.7452446e+00
  -2.2000000e+01   2.1381659e+01   5.8333340e+01   3.5784621e+01   3.2827261e+01  -5.6000000e+01  -2.5292500e-01
  -2.2000000e+01   2.2969800e+01   5.4246653e+01   3.2348046e+01   3.4392810e+01  -5.6000000e+01   3.1873432e+00
  -2.2000000e+01   2.3553554e+01   5.1172393e+01   3.0355691e+01   3.5962116e+01  -5.6000000e+01   6.3422139e+00
  -2.2000000e+01   2.2899440e+01   5.2054538e+01   3.0183478e+01   3.4957333e+01  -5.6000000e+01   9.1210184e+00
  -2.2000000e+01   2.1808039e+01   5.0866767e+01   3.0343058e+01   3.7753724e+01  -5.6000000e+01   1.1805043e+01
  -2.2000000e+01   2.3380017e+01   4.8658851e+01   2.8747441e+01   3.7586315e+01  -5.6000000e+01   1.3153724e+01
  -2.2000000e+01   2.3039190e+01   4.5814609e+01   2.8384155e+01   4.0917628e+01  -5.6000000e+01   1.5695212e+01
  -2.2000000e+01   2.2865180e+01   4.2576742e+01   2.4682497e+01   4.5397991e+01  -5.6000000e+01   2.0686021e+01
  -2.2000000e+01   2.0123912e+01   4.2345935e+01   2.5081597e+01   4.6614064e+01  -5.6000000e+01   2.2564072e+01
  -2.2000000e+01   1.7672581e+01   4.1742843e+01   2.6250047e+01   4.7648629e+01  -5.6000000e+01   2.2925432e+01
  -2.2000000e+01   1.8788719e+01   3.9616290e+01   2.6206138e+01   4.8647105e+01  -5.6000000e+01   2.2822044e+01
  -2.2000000e+01   1.5815998e+01   3.9015074e+01   2.6626486e+01   5.1570290e+01  -5.6000000e+01   2.6548131e+01
  -2.2000000e+01   1.6246709e+01   3.7111048e+01   2.5310340e+01   5.3785364e+01  -5.6000000e+01   2.9190216e+01
  -2.2000000e+01   1.6204836e+01   3.3158683e+01   2.3503573e+01   5.4613483e+01  -5.6000000e+01   3.1502029e+01
  -2.2000000e+01   1.5168631e+01   3.0970856e+01   2.2818981e+01   5.5889611e+01  -5.6000000e+01   3.2826699e+01
  -2.2000000e+01   1.6385270e+01   2.7108772e+01   2.0917528e+01   5.7497874e+01  -5.6000000e+01   3.4725651e+01
  -2.2000000e+01   1.6361514e+01   2.4035941e+01   1.9294805e+01   5.9277271e+01  -5.6000000e+01   3.7537823e+01
  -2.2000000e+01   1.6308742e+01   2.1637128e+01   1.7101363e+01   6.1680933e+01  -5.6000000e+01   3.9579192e+01
  -2.2000000e+01   1.5525067e+01   1.7888984e+01   1.5700153e+01   6.4098576e+01  -5.6000000e+01   4.1793270e+01
  -2.2000000e+01   1.3370476e+01   1.5377029e+01   1.3986154e+01   6.5425680e+01  -5.6000000e+01   4.3855607e+01
  -2.2000000e+01   1.1978299e+01   1.1115447e+01   1.3108297e+01   6.6842551e+01  -5.6000000e+01   4.5899424e+01
  -2.2000000e+01   1.1338331e+01   7.6414008e+00   1.0277455e+01   6.8933904e+01  -5.6000000e+01   4.8929991e+01
