  -1.2087060e+01   6.9522915e+00   5.9573743e+01   3.8565082e+01   2.8411783e+01  -5.4879789e+01   8.7293567e+00
  -1.3962217e+01   9.8347497e+00   4.5635976e+01   3.2977490e+01   2.9414626e+01  -5.2136643e+01   1.2940637e+01
  -8.8232578e+00   1.1000000e+01   3.5000000e+01   3.0586579e+01   4.0002739e+01  -4.9876284e+01   1.7689890e+01
  -1.0475795e+01   1.1000000e+01   3.5000000e+01   2.8096344e+01   4.6724129e+01  -4.7644808e+01   2.0095788e+01
  -1.3546776e+01   1.1000000e+01   3.5000000e+01   2.4030834e+01   4.8710779e+01  -4.6429147e+01   2.2199081e+01
  -1.5109432e+01   1.1000000e+01   3.5000000e+01   2.1802908e+01   4.9535320e+01  -4.5851251e+01   2.4948429e+01
  -1.7144226e+01   1.1000000e+01   3.5000000e+01   2.0908718e+01   4.8610967e+01  -4.7058026e+01   2.7801284e+01
  -2.0965927e+01   1.1000000e+01   3.5000000e+01   1.9611356e+01   4.8996124e+01  -4.9021396e+01   2.9568866e+01
  -2.2902442e+01   1.1000000e+01   3.5000000e+01   1.7918128e+01   4.8920711e+01  -4.9756908e+01   2.9689558e+01
  -2.5074975e+01   1.1000000e+01   3.5000000e+01   1.8206654e+01   4.8735010e+01  -5.2758952e+01   3.0701928e+01
  -2.6128494e+01   1.1000000e+01   3.5000000e+01   1.8993923e+01   4.5307840e+01  -5.5238657e+01   3.3960840e+01
  -2.5867009e+01   1.1000000e+01   3.5000000e+01   2.0764568e+01   4.3532555e+01  -5.7062693e+01   3.3547592e+01
  -2.7591091e+01   1.1000000e+01   3.5000000e+01   2.1381758e+01   4.4066250e+01  -5.9673066e+01   3.4770369e+01
  -2.7239928e+01   1.1000000e+01   3.5000000e+01   2.3086011e+01   4.1884555e+01  -6.2565993e+01   3.6077732e+01
  -3.0247699e+01   1.1000000e+01   3.5000000e+01   2.1376685e+01   4.0008497e+01  -6.3224690e+01   3.6276143e+01
  -3.0672503e+01   1.1000000e+01   3.5000000e+01   1.9889811e+01   3.9363983e+01  -6.3635178e+01   3.8423000e+01
  -3.0513861e+01   1.1000000e+01   3.5000000e+01   1.9998348e+01   3.7673945e+01  -6.3892434e+01   3.9398708e+01
  -3.1090215e+01   1.1000000e+01   3.5000000e+01   1.9664887e+01   3.7493360e+01  -6.3856674e+01   3.9831317e+01
  -3.2119796e+01   1.1000000e+01   3.5000000e+01   2.0783056e+01   3.7822474e+01  -6.4646596e+01   4.0336697e+01
  -3.2140429e+01   1.1000000e+01   3.5000000e+01   2.1428920e+01   3.8622766e+01  -6.5730582e+01   4.0944457e+01
  -3.1296604e+01   1.1000000e+01   3.5000000e+01   2.1809934e+01   3.6042658e+01  -6.5907516e+01   4.2203905e+01
  -3.2284737e+01   1.1000000e+01   3.5000000e+01   2.2085772e+01   3.5062767e+01  -6.6134022e+01   4.2294128e+01
  -3.2256979e+01   1.1000000e+01   3.5000000e+01   2.2217279e+01   3.4826294e+01  -6.6627547e+01   4.3749442e+01
  -3.4377469e+01   1.1000000e+01   3.5000000e+01   2.1288736e+01   3.3104068e+01  -6.6423992e+01   4.2764225e+01
  -3.4277227e+01   1.1000000e+01   3.5000000e+01   2.1538628e+01   3.3858506e+01  -6.7619948e+01   4.4436451e+01
  -3.6977518e+01   1.1000000e+01   3.5000000e+01   2.1854036e+01   3.3744184e+01  -6.8607583e+01   4.4223352e+01
  -3.5231402e+01   1.1000000e+01   3.5000000e+01   2.2670237e+01   3.1689291e+01  -7.0000451e+01   4.5466146e+01
  -3.6514191e+01   1.1000000e+01   3.5000000e+01   2.4469994e+01   2.9312274e+01  -7.2361436e+01   4.5623170e+01
  -3.8259317e+01   1.1000000e+01   3.5000000e+01   2.5731581e+01   2.7074850e+01  -7.5307333e+01   4.8322277e+01
  -4.1999934e+01   1.1000000e+01   3.5000000e+01   2.6782104e+01   2.9250883e+01  -7.8757096e+01   5.0410898e+01
  -4.3071436e+01   1.1000000e+01   3.5000000e+01   2.8150799e+01   2.9975572e+01  -8.1472047e+01   5.2881871e+01
  -4.5660257e+01   1.1000000e+01   3.5000000e+01   2.8967405e+01   2.9055270e+01  -8.1934742e+01   5.5357193e+01
  -4.2193580e+01   1.1000000e+01   3.5000000e+01   3.4836535e+01   2.7913908e+01  -8.2744331e+01   6.0244254e+01
  -4.1623661e+01   1.1000000e+01   3.5000000e+01   3.3722671e+01   2.6900177e+01  -8.6361040e+01   6.4082932e+01
  -4.0273752e+01   1.1000000e+01   3.5000000e+01   3.6750024e+01   2.2087668e+01  -8.8068258e+01   6.3238619e+01
  -3.9596705e+01   1.1000000e+01   3.5000000e+01   4.3378246e+01   2.0582313e+01  -8.9664985e+01   6.5080551e+01
  -4.0749128e+01   1.1000000e+01   3.5000000e+01   4.7247434e+01   2.1891090e+01  -9.4188980e+01   6.6467899e+01
  -3.8190264e+01   1.1000000e+01   3.5000000e+01   5.2859449e+01   2.0820036e+01  -9.7262806e+01   6.9730729e+01
  -3.7128251e+01   1.1000000e+01   3.5000000e+01   5.4365085e+01   1.8976753e+01  -1.0262547e+02   7.2980007e+01
  -3.7737405e+01   1.1000000e+01   3.5000000e+01   6.1367766e+01   1.6887155e+01  -1.0526794e+02   7.1909984e+01
  -3.8618701e+01   1.1000000e+01   3.5000000e+01   6.8203018e+01   1.5067851e+01  -1.0913857e+02   7.1032807e+01
  -3.9246315e+01   1.1000000e+01   3.5000000e+01   7.6298687e+01   1.4406234e+01  -1.1254407e+02   7.0675817e+01
  -3.9641457e+01   1.1000000e+01   3.5000000e+01   8.3562142e+01   1.3783237e+01  -1.1776364e+02   7.0658125e+01
  -4.0498161e+01   1.1000000e+01   3.5000000e+01   8.9216658e+01   1.3029233e+01  -1.2456291e+02   7.1015280e+01
  -3.6313957e+01   1.1000000e+01   3.5000000e+01   8.6103142e+01   1.4963613e+01  -1.3365592e+02   7.0824879e+01
  -3.3421328e+01   1.1000000e+01   3.5000000e+01   8.1393008e+01   1.6066010e+01  -1.4257620e+02   6.6588709e+01
  -3.0107290e+01   1.1000000e+01   3.5000000e+01   8.1436439e+01   1.7702258e+01  -1.5041265e+02   5.9591916e+01
  -2.8979954e+01   1.1000000e+01   3.5000000e+01   8.4131520e+01   2.3364707e+01  -1.5455472e+02   4.9843209e+01
  -2.6301330e+01   1.1000000e+01   3.5000000e+01   7.8139211e+01   3.2386948e+01  -1.5034169e+02   3.9053017e+01
  -1.8485625e+01   1.1000000e+01   3.5000000e+01   7.6665638e+01   4.0544264e+01  -1.4175816e+02   3.0918283e+01
  -1.0792512e+01   1.1000000e+01   3.5000000e+01   7.8988982e+01   4.7159574e+01  -1.3232931e+02   2.4775346e+01
  -5.1785771e+00   1.1000000e+01   3.5000000e+01   8.0661129e+01   5.2154882e+01  -1.2321185e+02   1.9272923e+01
   1.0815433e+00   1.1000000e+01   3.5000000e+01   8.1274558e+01   5.4550178e+01  -1.1433093e+02   1.6786075e+01
   5.5148782e+00   1.1000000e+01   3.5000000e+01   8.1885297e+01   5.6933417e+01  -1.0563509e+02   1.3068695e+01
   9.6060257e+00   1.1000000e+01   3.5000000e+01   8.4605301e+01   5.8580644e+01  -9.6798241e+01   9.3545326e+00
   1.5257017e+01   1.1000000e+01   3.5000000e+01   8.7867539e+01   5.8383238e+01  -8.7833727e+01   3.5379333e+00
   1.8394493e+01   1.1000000e+01   3.5000000e+01   8.7840702e+01   5.6474712e+01  -7.9572701e+01  -3.1933883e+00
   1.7970027e+01   1.1000000e+01   3.5000000e+01   8.4497819e+01   5.3246140e+01  -7.2090767e+01  -1.0519034e+01
   1.3150863e+01   1.1000000e+01   3.5000000e+01   8.1002209e+01   5.1670189e+01  -6.4661224e+01  -1.5340956e+01
   1.0257228e+01   1.1000000e+01   3.5000000e+01   7.7010478e+01   5.1960043e+01  -5.7870096e+01  -1.6149381e+01
   1.1487017e+01   1.1000000e+01   3.5000000e+01   7.2701841e+01   5.2502832e+01  -5.2039740e+01  -1.6862643e+01
   1.0158965e+01   1.1000000e+01   3.5000000e+01   6.7018199e+01   5.4201484e+01  -4.7576051e+01  -1.6620596e+01
   8.8691507e+00   1.1000000e+01   3.5000000e+01   6.1600736e+01   5.5991063e+01  -4.2779297e+01  -1.5360132e+01
   8.8397178e+00   1.1000000e+01   3.5000000e+01   5.6485503e+01   5.7040227e+01  -3.8081168e+01  -1.4950008e+01
   7.9961328e+00   1.1000000e+01   3.5000000e+01   5.1261363e+01   5.7796995e+01  -3.4025328e+01  -1.3598529e+01
   7.0429477e+00   1.1000000e+01   3.5000000e+01   4.7146199e+01   5.8982245e+01  -2.9996191e+01  -1.1715408e+01
   6.1137420e+00   1.1000000e+01   3.5000000e+01   4.3891954e+01   5.9778419e+01  -2.7130764e+01  -9.1132034e+00
   5.1754318e+00   1.1000000e+01   3.5000000e+01   4.0656537e+01   5.9951458e+01  -2.4672730e+01  -7.5254455e+00
   3.4279381e+00   1.1000000e+01   3.5000000e+01   3.8022774e+01   6.0605259e+01  -2.2240415e+01  -6.4212625e+00
   2.0873922e+00   1.1000000e+01   3.5000000e+01   3.4831201e+01   6.1110695e+01  -2.0247993e+01  -4.7775594e+00
   1.5622629e+00   1.1000000e+01   3.5000000e+01   3.2410165e+01   6.0975218e+01  -1.8232547e+01  -3.1021580e+00
  -2.9405937e-01   1.1000000e+01   3.5000000e+01   3.0018930e+01   6.1566805e+01  -1.6840150e+01  -6.3260937e-01
  -4.7879444e-01   1.1000000e+01   3.5000000e+01   2.8392281e+01   6.1055851e+01  -1.6368988e+01   2.3260046e+00
  -1.5477727e+00   1.1000000e+01   3.5000000e+01   2.6537945e+01   6.0564892e+01  -1.6937168e+01   4.5299392e+00
  -2.6632317e+00   1.1000000e+01   3.5000000e+01   2.5920348e+01   6.0241829e+01  -1.8159069e+01   6.7486376e+00
  -4.5447655e+00   1.1000000e+01   3.5000000e+01   2.5409890e+01   6.0702837e+01  -1.9601488e+01   9.1754767e+00
  -6.1195428e+00   1.1000000e+01   3.5000000e+01   2.3866672e+01   5.9910242e+01  -2.2010130e+01   1.2714860e+01
  -6.1281408e+00   1.1000000e+01   3.5000000e+01   2.4400043e+01   5.9211090e+01  -2.3928836e+01   1.5766827e+01
  -7.4513665e+00   1.1000000e+01   3.5000000e+01   2.4282122e+01   5.8162270e+01  -2.7264694e+01   1.8325143e+01
  -7.4863275e+00   1.1000000e+01   3.5000000e+01   2.6213611e+01   5.6668920e+01  -3.1557882e+01   2.1253973e+01
  -9.0981255e+00   1.1000000e+01   3.5000000e+01   2.6455214e+01   5.7171743e+01  -3.5477691e+01   2.4243811e+01
  -1.0981080e+01   1.1000000e+01   3.5000000e+01   2.7266575e+01   5.7247259e+01  -3.9164866e+01   2.5889431e+01
  -1.0890982e+01   1.1000000e+01   3.5000000e+01   3.0449529e+01   5.7572206e+01  -4.0996623e+01   2.4561580e+01
  -1.4396410e+01   1.1000000e+01   3.5000000e+01   2.9902871e+01   5.7668605e+01  -4.5865493e+01   2.6592789e+01
  -1.5984538e+01   1.1000000e+01   3.5000000e+01   2.9753895e+01   5.7548678e+01  -5.0377318e+01   2.9830808e+01
  -1.9462017e+01   1.1000000e+01   3.5000000e+01   2.8428460e+01   5.9086490e+01  -5.5345792e+01   3.4315572e+01
  -2.2129287e+01   1.1000000e+01   3.5000000e+01   2.9008925e+01   5.8305192e+01  -5.8926555e+01   3.6298367e+01
  -2.4028048e+01   1.1000000e+01   3.5000000e+01   3.0023638e+01   5.8047094e+01  -6.2106609e+01   3.6373930e+01
  -2.5011211e+01   1.1000000e+01   3.5000000e+01   3.1102919e+01   5.8841316e+01  -6.5615941e+01   3.9541865e+01
  -2.5943274e+01   1.1000000e+01   3.5000000e+01   3.2699387e+01   5.8281883e+01  -6.8972500e+01   4.1587879e+01
  -2.6332646e+01   1.1000000e+01   3.5000000e+01   3.4195489e+01   5.7805468e+01  -7.2436679e+01   4.3506103e+01
  -2.8507891e+01   1.1000000e+01   3.5000000e+01   3.5369708e+01   5.7918560e+01  -7.6126350e+01   4.5071049e+01
  -2.8795908e+01   1.1000000e+01   3.5000000e+01   3.7313191e+01   5.7834013e+01  -7.9161942e+01   4.6612292e+01
  -2.9115102e+01   1.1000000e+01   3.5000000e+01   3.9410591e+01   5.7202372e+01  -8.2425401e+01   4.8028273e+01
  -2.9188946e+01   1.1000000e+01   3.5000000e+01   4.2453650e+01   5.7719370e+01  -8.5710168e+01   5.0370700e+01
  -2.9517583e+01   1.1000000e+01   3.5000000e+01   4.4624675e+01   5.6896142e+01  -8.9227543e+01   5.1363702e+01
  -3.2032780e+01   1.1000000e+01   3.5000000e+01   4.6700277e+01   5.7335436e+01  -9.2816626e+01   5.1932278e+01
  -3.2393750e+01   1.1000000e+01   3.5000000e+01   4.9495323e+01   5.7539487e+01  -9.5927175e+01   5.3234941e+01
  -3.5593154e+01   1.1000000e+01   3.5000000e+01   4.7361125e+01   5.5727629e+01  -9.7778977e+01   5.1588974e+01
  -3.5383776e+01   1.1000000e+01   3.5000000e+01   5.1390509e+01   5.5546019e+01  -1.0030574e+02   5.2878201e+01
  -3.7466392e+01   1.1000000e+01   3.5000000e+01   5.5552214e+01   5.4671375e+01  -1.0288891e+02   5.4025045e+01
  -3.9696298e+01   1.1000000e+01   3.5000000e+01   6.1935491e+01   5.4580822e+01  -1.0729394e+02   5.4368638e+01
  -3.7573236e+01   1.1000000e+01   3.5000000e+01   6.6689003e+01   5.6422408e+01  -1.1232316e+02   5.6953352e+01
  -3.8038592e+01   1.1000000e+01   3.5000000e+01   7.2851265e+01   5.6989753e+01  -1.1714041e+02   5.8532371e+01
  -3.6061925e+01   1.1000000e+01   3.5000000e+01   7.8155028e+01   5.7892609e+01  -1.2294553e+02   6.0877511e+01
  -3.7663267e+01   1.1000000e+01   3.5000000e+01   8.4926418e+01   5.7098704e+01  -1.2804568e+02   6.2007475e+01
  -3.5373770e+01   1.1000000e+01   3.5000000e+01   9.2506532e+01   5.7096802e+01  -1.3299772e+02   6.3838404e+01
  -3.6924427e+01   1.1000000e+01   3.5000000e+01   9.9236725e+01   5.7357852e+01  -1.3875746e+02   6.5300126e+01
  -3.7000205e+01   1.1000000e+01   3.5000000e+01   1.0459913e+02   5.7462927e+01  -1.4576468e+02   6.7261392e+01
  -3.5947938e+01   1.1000000e+01   3.5000000e+01   1.1089552e+02   5.7341317e+01  -1.5201179e+02   6.8933280e+01
  -3.5978483e+01   1.1000000e+01   3.5000000e+01   1.1738986e+02   5.7088639e+01  -1.5829535e+02   7.0190389e+01
  -3.5943866e+01   1.1000000e+01   3.5000000e+01   1.2532861e+02   5.6762505e+01  -1.6245924e+02   7.2195805e+01
  -3.5099394e+01   1.1000000e+01   3.5000000e+01   1.3255899e+02   5.6621113e+01  -1.6699425e+02   7.3871404e+01
  -3.5493977e+01   1.1000000e+01   3.5000000e+01   1.3850353e+02   5.6687834e+01  -1.7268546e+02   7.5599169e+01
  -3.5788692e+01   1.1000000e+01   3.5000000e+01   1.4407679e+02   5.6904374e+01  -1.7859692e+02   7.7058042e+01
  -3.4964667e+01   1.1000000e+01   3.5000000e+01   1.4965867e+02   5.7200277e+01  -1.8382711e+02   7.8247416e+01
  -3.5568787e+01   1.1000000e+01   3.5000000e+01   1.5417049e+02   5.7567656e+01  -1.8954465e+02   7.9539541e+01
  -3.6123838e+01   1.1000000e+01   3.5000000e+01   1.5826051e+02   5.7702697e+01  -1.9483330e+02   8.0387544e+01
  -3.4893850e+01   1.1000000e+01   3.5000000e+01   1.6146921e+02   5.7914891e+01  -2.0084965e+02   8.1229430e+01
  -3.4372140e+01   1.1000000e+01   3.5000000e+01   1.6413732e+02   5.8052131e+01  -2.0702293e+02   8.1468819e+01
  -3.5338698e+01   1.1000000e+01   3.5000000e+01   1.6624146e+02   5.7955728e+01  -2.1291178e+02   8.0741033e+01
  -3.3079921e+01   1.1000000e+01   3.5000000e+01   1.6927502e+02   5.7559117e+01  -2.1751244e+02   8.1628392e+01
  -3.4117468e+01   1.1000000e+01   3.5000000e+01   1.7205027e+02   5.6766150e+01  -2.2126240e+02   7.9807515e+01
  -3.1233253e+01   1.1000000e+01   3.5000000e+01   1.7468506e+02   5.5916101e+01  -2.2491573e+02   7.7023081e+01
  -2.8092226e+01   1.1000000e+01   3.5000000e+01   1.7665717e+02   5.4951961e+01  -2.2881562e+02   7.4223707e+01
  -2.7649120e+01   1.1000000e+01   3.5000000e+01   1.7907067e+02   5.3467809e+01  -2.3138440e+02   7.2049847e+01
  -2.6637888e+01   1.1000000e+01   3.5000000e+01   1.7886805e+02   4.7257457e+01  -2.3544852e+02   6.4300680e+01
  -2.8454651e+01   1.1000000e+01   3.5000000e+01   1.7597661e+02   3.8522601e+01  -2.4149312e+02   5.2961002e+01
  -2.4943564e+01   1.1000000e+01   3.5000000e+01   1.7470108e+02   3.2767649e+01  -2.4532110e+02   4.3055052e+01
  -2.5647855e+01   1.1000000e+01   3.5000000e+01   1.7505047e+02   2.9554986e+01  -2.4361111e+02   3.2227890e+01
  -2.3336669e+01   1.1000000e+01   3.5000000e+01   1.7762744e+02   3.3796515e+01  -2.4182631e+02   2.2019480e+01
  -1.9892037e+01   1.1000000e+01   3.5000000e+01   1.8088267e+02   4.1373487e+01  -2.3864710e+02   1.3737549e+01
  -1.2182314e+01   1.1000000e+01   3.5000000e+01   1.8594258e+02   4.7942474e+01  -2.3344685e+02   6.3791853e+00
  -6.8060179e+00   1.1000000e+01   3.5000000e+01   1.9142201e+02   5.4118617e+01  -2.2810659e+02   1.6004418e-01
  -2.5231562e+00   1.1000000e+01   3.5000000e+01   1.9741554e+02   6.0232952e+01  -2.2260797e+02  -2.6359892e+00
   8.7317182e-01   1.1000000e+01   3.5000000e+01   2.0328577e+02   6.4703207e+01  -2.1831705e+02  -5.0487203e+00
   3.7147973e+00   1.1000000e+01   3.5000000e+01   2.0939638e+02   6.7542858e+01  -2.1481531e+02  -9.1872280e+00
   7.0160792e+00   1.1000000e+01   3.5000000e+01   2.1635477e+02   6.8868395e+01  -2.1095515e+02  -1.4000357e+01
   8.6645320e+00   1.1000000e+01   3.5000000e+01   2.2243597e+02   6.9815720e+01  -2.1038525e+02  -2.0726085e+01
   1.0992762e+01   1.1000000e+01   3.5000000e+01   2.2878122e+02   7.0555658e+01  -2.1091426e+02  -2.7827960e+01
   1.1346488e+01   1.1000000e+01   3.5000000e+01   2.3536519e+02   7.1238454e+01  -2.1179474e+02  -3.3163013e+01
   1.0502810e+01   1.1000000e+01   3.5000000e+01   2.4218284e+02   7.1941348e+01  -2.1312360e+02  -3.7420662e+01
   9.3381079e+00   1.1000000e+01   3.5000000e+01   2.4889219e+02   7.2113954e+01  -2.1431552e+02  -3.8861769e+01
   8.7199695e+00   1.1000000e+01   3.5000000e+01   2.5416808e+02   7.3041143e+01  -2.1860495e+02  -3.7866264e+01
   8.8388595e+00   1.1000000e+01   3.5000000e+01   2.5893551e+02   7.4090941e+01  -2.2391325e+02  -3.7468164e+01
   7.9192750e+00   1.1000000e+01   3.5000000e+01   2.6385434e+02   7.5203728e+01  -2.2941969e+02  -3.6067264e+01
   6.8622586e+00   1.1000000e+01   3.5000000e+01   2.6890177e+02   7.6123107e+01  -2.3502090e+02  -3.4099932e+01
   6.5998236e+00   1.1000000e+01   3.5000000e+01   2.7372835e+02   7.6851783e+01  -2.4080182e+02  -3.2485645e+01
   5.2294655e+00   1.1000000e+01   3.5000000e+01   2.7838776e+02   7.7705978e+01  -2.4689097e+02  -3.0551614e+01
   3.4209518e+00   1.1000000e+01   3.5000000e+01   2.8340507e+02   7.7971489e+01  -2.5249782e+02  -2.7439308e+01
   2.3187761e+00   1.1000000e+01   3.5000000e+01   2.8826952e+02   7.7291858e+01  -2.5782034e+02  -2.3841709e+01
   1.5492080e+00   1.1000000e+01   3.5000000e+01   2.9265726e+02   7.6270360e+01  -2.6335019e+02  -2.0961203e+01
  -2.5304107e-01   1.1000000e+01   3.5000000e+01   2.9663007e+02   7.5223284e+01  -2.6920018e+02  -1.7299646e+01
  -1.5111395e+00   1.1000000e+01   3.5000000e+01   3.0046123e+02   7.4118283e+01  -2.7510730e+02  -1.4064388e+01
  -2.6420975e+00   1.1000000e+01   3.5000000e+01   3.0448751e+02   7.2825056e+01  -2.8089005e+02  -1.1397750e+01
  -2.9488148e+00   1.1000000e+01   3.5000000e+01   3.0881033e+02   7.1295249e+01  -2.8626094e+02  -8.4629677e+00
  -4.2441283e+00   1.1000000e+01   3.5000000e+01   3.1250260e+02   6.9980108e+01  -2.9221673e+02  -5.9100785e+00
  -4.8550829e+00   1.1000000e+01   3.5000000e+01   3.1631097e+02   6.8708760e+01  -2.9798632e+02  -3.2088639e+00
  -5.6135403e+00   1.1000000e+01   3.5000000e+01   3.1880731e+02   6.7167094e+01  -3.0344376e+02   4.2054416e-01
  -8.0159252e+00   1.1000000e+01   3.5000000e+01   3.2093157e+02   6.6532867e+01  -3.0942456e+02   4.1290762e+00
  -8.5394103e+00   1.1000000e+01   3.5000000e+01   3.2391599e+02   6.5374040e+01  -3.1451055e+02   7.1184369e+00
  -9.1839929e+00   1.1000000e+01   3.5000000e+01   3.2617362e+02   6.3926183e+01  -3.1931747e+02   1.0268328e+01
  -9.8655545e+00   1.1000000e+01   3.5000000e+01   3.2827000e+02   6.2423046e+01  -3.2434116e+02   1.3086809e+01
  -9.8782276e+00   1.1000000e+01   3.5000000e+01   3.3054132e+02   6.0913386e+01  -3.2875779e+02   1.5236023e+01
  -1.0770289e+01   1.1000000e+01   3.5000000e+01   3.3297853e+02   6.0376272e+01  -3.3309982e+02   1.7477478e+01
  -1.1450142e+01   1.1000000e+01   3.5000000e+01   3.3525072e+02   5.9977254e+01  -3.3771549e+02   1.9584639e+01
  -1.2212188e+01   1.1000000e+01   3.5000000e+01   3.3768589e+02   6.0614182e+01  -3.4132560e+02   2.2017754e+01
  -1.2503361e+01   1.1000000e+01   3.5000000e+01   3.3938309e+02   6.0277943e+01  -3.4467215e+02   2.4294710e+01
  -1.3471111e+01   1.1000000e+01   3.5000000e+01   3.4030345e+02   5.9854937e+01  -3.4828019e+02   2.7406083e+01
  -1.3120507e+01   1.1000000e+01   3.5000000e+01   3.4197783e+02   5.8787003e+01  -3.5146392e+02   2.7222401e+01
  -1.4270712e+01   1.1000000e+01   3.5000000e+01   3.4235210e+02   5.8339194e+01  -3.5527972e+02   2.9850773e+01
  -1.3737599e+01   1.1000000e+01   3.5000000e+01   3.4254569e+02   5.8244181e+01  -3.5725721e+02   3.2910073e+01
  -1.6962452e+01   1.1000000e+01   3.5000000e+01   3.4274281e+02   5.9340523e+01  -3.6005739e+02   3.6188938e+01
  -1.8437343e+01   1.1000000e+01   3.5000000e+01   3.4307591e+02   6.0288095e+01  -3.6305865e+02   3.7498778e+01
  -2.1775569e+01   1.1000000e+01   3.5000000e+01   3.4304846e+02   6.1309565e+01  -3.6640453e+02   3.8769170e+01
  -2.3537651e+01   1.1000000e+01   3.5000000e+01   3.4305942e+02   6.2397700e+01  -3.6969874e+02   3.9617682e+01
  -2.5433556e+01   1.1000000e+01   3.5000000e+01   3.4362394e+02   6.3025203e+01  -3.7254878e+02   4.0912707e+01
  -2.5994504e+01   1.1000000e+01   3.5000000e+01   3.4399319e+02   6.3477174e+01  -3.7498864e+02   4.4604371e+01
  -2.5611663e+01   1.1000000e+01   3.5000000e+01   3.4589136e+02   6.2206520e+01  -3.7636595e+02   4.5572049e+01
  -2.7281547e+01   1.1000000e+01   3.5000000e+01   3.4584487e+02   6.2092480e+01  -3.7936853e+02   4.6719598e+01
  -2.5993133e+01   1.1000000e+01   3.5000000e+01   3.4427529e+02   6.1386235e+01  -3.8126146e+02   5.0077080e+01
  -2.6557275e+01   1.1000000e+01   3.5000000e+01   3.4241577e+02   6.1058636e+01  -3.8258719e+02   5.1912522e+01
  -2.7763688e+01   1.1000000e+01   3.5000000e+01   3.4134896e+02   6.2940130e+01  -3.8301150e+02   5.3827853e+01
  -2.7842376e+01   1.1000000e+01   3.5000000e+01   3.4080618e+02   6.3601252e+01  -3.8278354e+02   5.5046446e+01
  -2.8826984e+01   1.1000000e+01   3.5000000e+01   3.3856687e+02   6.4801793e+01  -3.8367866e+02   5.6173670e+01
  -3.0756495e+01   1.1000000e+01   3.5000000e+01   3.3775933e+02   6.3020139e+01  -3.8307271e+02   5.5855678e+01
  -3.1961601e+01   1.1000000e+01   3.5000000e+01   3.3472756e+02   6.4139453e+01  -3.8290704e+02   5.6778029e+01
  -3.3605206e+01   1.1000000e+01   3.5000000e+01   3.3232876e+02   6.4712564e+01  -3.8173221e+02   5.7252970e+01
  -3.4928912e+01   1.1000000e+01   3.5000000e+01   3.3013162e+02   6.3077378e+01  -3.7975117e+02   5.7638680e+01
  -3.5061037e+01   1.1000000e+01   3.5000000e+01   3.2589536e+02   6.2893578e+01  -3.7807132e+02   5.9069425e+01
  -3.5897498e+01   1.1000000e+01   3.5000000e+01   3.2113978e+02   6.2883733e+01  -3.7597979e+02   6.0990235e+01
  -3.6540527e+01   1.1000000e+01   3.5000000e+01   3.1628656e+02   6.2458230e+01  -3.7333272e+02   6.1462156e+01
  -3.5878302e+01   1.1000000e+01   3.5000000e+01   3.0984144e+02   6.2232172e+01  -3.7081725e+02   6.2612943e+01
  -3.5186745e+01   1.1000000e+01   3.5000000e+01   3.0336184e+02   6.1812034e+01  -3.6724122e+02   6.4557021e+01
  -3.5787372e+01   1.1000000e+01   3.5000000e+01   2.9632989e+02   6.0650482e+01  -3.6305005e+02   6.6139161e+01
  -3.5661235e+01   1.1000000e+01   3.5000000e+01   2.8892561e+02   5.9753294e+01  -3.5883290e+02   6.8043760e+01
  -3.4484232e+01   1.1000000e+01   3.5000000e+01   2.8057714e+02   5.8987965e+01  -3.5506023e+02   6.9747745e+01
  -3.3447297e+01   1.1000000e+01   3.5000000e+01   2.7203703e+02   5.8665755e+01  -3.5162447e+02   7.1261781e+01
  -3.0830219e+01   1.1000000e+01   3.5000000e+01   2.6406581e+02   5.8540155e+01  -3.4784011e+02   7.3478020e+01
  -3.0436343e+01   1.1000000e+01   3.5000000e+01   2.5746103e+02   5.8278471e+01  -3.4257796e+02   7.5025189e+01
  -2.8862725e+01   1.1000000e+01   3.5000000e+01   2.5121061e+02   5.7744526e+01  -3.3674024e+02   7.5322514e+01
  -2.7232363e+01   1.1000000e+01   3.5000000e+01   2.4472044e+02   5.7397115e+01  -3.3129341e+02   7.3940554e+01
  -2.7511622e+01   1.1000000e+01   3.5000000e+01   2.3968837e+02   5.6567432e+01  -3.2484397e+02   7.2107522e+01
  -2.8098766e+01   1.1000000e+01   3.5000000e+01   2.3995312e+02   5.3079658e+01  -3.1630357e+02   6.9404567e+01
  -2.5591922e+01   1.1000000e+01   3.5000000e+01   2.3788942e+02   4.9964438e+01  -3.0821966e+02   6.5833169e+01
  -2.3735828e+01   1.1000000e+01   3.5000000e+01   2.3223324e+02   4.8905172e+01  -3.0241719e+02   6.4662908e+01
  -2.4558499e+01   1.1000000e+01   3.5000000e+01   2.2790735e+02   4.7368892e+01  -2.9634888e+02   6.1956655e+01
  -2.2969576e+01   1.1000000e+01   3.5000000e+01   2.2317629e+02   4.5882907e+01  -2.9089859e+02   5.9098886e+01
  -2.2844647e+01   1.1000000e+01   3.5000000e+01   2.1843765e+02   4.4516312e+01  -2.8573163e+02   5.6730538e+01
  -2.0003913e+01   1.1000000e+01   3.5000000e+01   2.1210532e+02   4.5924768e+01  -2.8571365e+02   4.9049855e+01
  -1.8786296e+01   1.1000000e+01   3.5000000e+01   2.0782191e+02   4.1434941e+01  -2.8485657e+02   3.8997766e+01
  -2.0201777e+01   1.1000000e+01   3.5000000e+01   2.0691938e+02   3.6557582e+01  -2.8379664e+02   2.8156636e+01
  -1.7901340e+01   1.1000000e+01   3.5000000e+01   2.1316668e+02   4.1520987e+01  -2.7803106e+02   1.7322137e+01
  -1.3910145e+01   1.1000000e+01   3.5000000e+01   2.2058494e+02   4.9269941e+01  -2.7055130e+02   8.6422908e+00
  -9.2620591e+00   1.1000000e+01   3.5000000e+01   2.2898299e+02   5.5193291e+01  -2.6281621e+02   2.0086415e+00
  -4.9997117e+00   1.1000000e+01   3.5000000e+01   2.3713620e+02   5.9846982e+01  -2.5531109e+02  -3.5601190e+00
  -2.4343318e+00   1.1000000e+01   3.5000000e+01   2.4443603e+02   6.3051087e+01  -2.5123266e+02  -1.0871000e+01
   1.0516027e+00   1.1000000e+01   3.5000000e+01   2.5179799e+02   6.5284963e+01  -2.4934697e+02  -1.7337873e+01
   3.9153935e+00   1.1000000e+01   3.5000000e+01   2.5972939e+02   6.6959871e+01  -2.4887858e+02  -2.4624685e+01
   4.9717619e+00   1.1000000e+01   3.5000000e+01   2.6775832e+02   6.8107738e+01  -2.4887996e+02  -3.1376955e+01
   4.6038182e+00   1.1000000e+01   3.5000000e+01   2.7561153e+02   6.8195321e+01  -2.5055097e+02  -3.7551489e+01
   3.9526007e+00   1.1000000e+01   3.5000000e+01   2.8261754e+02   6.8806636e+01  -2.5395038e+02  -3.9451192e+01
   3.0105226e+00   1.1000000e+01   3.5000000e+01   2.8821286e+02   7.0042015e+01  -2.5863394e+02  -3.8562100e+01
   2.1376119e+00   1.1000000e+01   3.5000000e+01   2.9311522e+02   7.0984410e+01  -2.6356181e+02  -3.5888335e+01
   6.3021242e-01   1.1000000e+01   3.5000000e+01   2.9686684e+02   7.1696402e+01  -2.6935537e+02  -3.3193874e+01
  -4.2179863e-01   1.1000000e+01   3.5000000e+01   3.0052285e+02   7.2162414e+01  -2.7465464e+02  -2.9466864e+01
  -2.1977124e+00   1.1000000e+01   3.5000000e+01   3.0321916e+02   7.2457162e+01  -2.8030044e+02  -2.5532352e+01
  -4.2220487e+00   1.1000000e+01   3.5000000e+01   3.0607371e+02   7.2636636e+01  -2.8579984e+02  -2.1615466e+01
  -5.5465139e+00   1.1000000e+01   3.5000000e+01   3.0861338e+02   7.1543667e+01  -2.9129729e+02  -1.7868861e+01
  -7.6071670e+00   1.1000000e+01   3.5000000e+01   3.1051687e+02   6.9426146e+01  -2.9700069e+02  -1.3856377e+01
  -8.1698000e+00   1.1000000e+01   3.5000000e+01   3.1306885e+02   6.6996727e+01  -3.0190506e+02  -1.0372269e+01
  -8.9147888e+00   1.1000000e+01   3.5000000e+01   3.1489450e+02   6.4613034e+01  -3.0677479e+02  -6.6611020e+00
  -1.0473360e+01   1.1000000e+01   3.5000000e+01   3.1704292e+02   6.3136290e+01  -3.1173861e+02  -4.1942595e+00
  -1.1696238e+01   1.1000000e+01   3.5000000e+01   3.1845632e+02   6.1317224e+01  -3.1655023e+02   4.8681030e-02
  -1.2899750e+01   1.1000000e+01   3.5000000e+01   3.2067967e+02   5.9902777e+01  -3.2067589e+02   2.5778978e+00
  -1.3630806e+01   1.1000000e+01   3.5000000e+01   3.2149822e+02   5.8895871e+01  -3.2406077e+02   5.8053403e+00
  -1.4637942e+01   1.1000000e+01   3.5000000e+01   3.2298325e+02   5.7695009e+01  -3.2667425e+02   9.4704457e+00
  -1.4134374e+01   1.1000000e+01   3.5000000e+01   3.2307608e+02   5.7409515e+01  -3.2834602e+02   1.3639016e+01
  -1.5129326e+01   1.1000000e+01   3.5000000e+01   3.2409364e+02   5.6248023e+01  -3.3095248e+02   1.4843753e+01
  -1.4846896e+01   1.1000000e+01   3.5000000e+01   3.2550448e+02   5.4659263e+01  -3.3373040e+02   1.5980234e+01
  -1.5770519e+01   1.1000000e+01   3.5000000e+01   3.2810624e+02   5.4495497e+01  -3.3704984e+02   1.6889464e+01
  -1.6320950e+01   1.1000000e+01   3.5000000e+01   3.2933273e+02   5.5050531e+01  -3.3937052e+02   1.9563037e+01
  -1.5171579e+01   1.1000000e+01   3.5000000e+01   3.3026634e+02   5.3977165e+01  -3.4119685e+02   2.2005729e+01
  -1.7190567e+01   1.1000000e+01   3.5000000e+01   3.3064226e+02   5.4419044e+01  -3.4317258e+02   2.3366829e+01
  -1.8274656e+01   1.1000000e+01   3.5000000e+01   3.3228924e+02   5.4159514e+01  -3.4596016e+02   2.2315299e+01
  -2.1479840e+01   1.1000000e+01   3.5000000e+01   3.3340525e+02   5.6062444e+01  -3.4957890e+02   2.3290008e+01
  -2.1706697e+01   1.1000000e+01   3.5000000e+01   3.3397202e+02   5.6540402e+01  -3.5179097e+02   2.5674035e+01
  -2.2205109e+01   1.1000000e+01   3.5000000e+01   3.3642567e+02   5.6621187e+01  -3.5423839e+02   2.5569284e+01
  -2.1544859e+01   1.1000000e+01   3.5000000e+01   3.3823545e+02   5.5115680e+01  -3.5700803e+02   2.4583662e+01
  -2.2019903e+01   1.1000000e+01   3.5000000e+01   3.3688878e+02   5.3613307e+01  -3.5929580e+02   2.7769259e+01
  -2.3430810e+01   1.1000000e+01   3.5000000e+01   3.3876176e+02   5.2381427e+01  -3.6266527e+02   2.8371278e+01
  -2.6276418e+01   1.1000000e+01   3.5000000e+01   3.3949449e+02   5.4029326e+01  -3.6578742e+02   3.0113085e+01
  -2.7893781e+01   1.1000000e+01   3.5000000e+01   3.4039419e+02   5.5194818e+01  -3.6871496e+02   3.3137298e+01
  -2.7691101e+01   1.1000000e+01   3.5000000e+01   3.4351058e+02   5.5054498e+01  -3.7202748e+02   3.4386665e+01
  -2.8031887e+01   1.1000000e+01   3.5000000e+01   3.4301281e+02   5.5320410e+01  -3.7409367e+02   3.7600906e+01
  -2.8389346e+01   1.1000000e+01   3.5000000e+01   3.3997344e+02   5.4696357e+01  -3.7529687e+02   4.0876754e+01
  -2.9292444e+01   1.1000000e+01   3.5000000e+01   3.3812925e+02   5.3510435e+01  -3.7535981e+02   4.2887786e+01
  -2.9218669e+01   1.1000000e+01   3.5000000e+01   3.3467560e+02   5.3363592e+01  -3.7490584e+02   4.4584520e+01
  -3.0430486e+01   1.1000000e+01   3.5000000e+01   3.3138793e+02   5.2278590e+01  -3.7365253e+02   4.6748759e+01
  -3.2057538e+01   1.1000000e+01   3.5000000e+01   3.2700974e+02   5.2451831e+01  -3.7204797e+02   4.9050286e+01
  -3.3773695e+01   1.1000000e+01   3.5000000e+01   3.2218673e+02   5.2654568e+01  -3.7017152e+02   5.0689701e+01
  -3.4771461e+01   1.1000000e+01   3.5000000e+01   3.1604531e+02   5.2620329e+01  -3.6805115e+02   5.2160893e+01
  -3.5926208e+01   1.1000000e+01   3.5000000e+01   3.1001282e+02   5.2169042e+01  -3.6512692e+02   5.2918860e+01
  -3.5366481e+01   1.1000000e+01   3.5000000e+01   3.0311184e+02   5.1363374e+01  -3.6176172e+02   5.5323831e+01
  -3.6375283e+01   1.1000000e+01   3.5000000e+01   2.9570748e+02   4.9763428e+01  -3.5790278e+02   5.6846789e+01
  -3.6737182e+01   1.1000000e+01   3.5000000e+01   2.8816494e+02   4.7994694e+01  -3.5368977e+02   5.8890362e+01
  -3.6535294e+01   1.1000000e+01   3.5000000e+01   2.8100984e+02   4.5095292e+01  -3.4836020e+02   6.1840140e+01
  -3.6737158e+01   1.1000000e+01   3.5000000e+01   2.7271068e+02   4.4042405e+01  -3.4496446e+02   6.4049690e+01
  -3.3991639e+01   1.1000000e+01   3.5000000e+01   2.6485340e+02   4.2569371e+01  -3.4098003e+02   6.5551036e+01
  -3.2650379e+01   1.1000000e+01   3.5000000e+01   2.5758027e+02   3.9761797e+01  -3.3559298e+02   6.4065729e+01
  -2.8896157e+01   1.1000000e+01   3.5000000e+01   2.5162856e+02   3.6373474e+01  -3.2896151e+02   6.1102861e+01
  -2.9456008e+01   1.1000000e+01   3.5000000e+01   2.4703733e+02   3.4262997e+01  -3.2141122e+02   5.8271537e+01
  -2.8748865e+01   1.1000000e+01   3.5000000e+01   2.4219702e+02   3.2269074e+01  -3.1408743e+02   5.5044602e+01
  -2.9230738e+01   1.1000000e+01   3.5000000e+01   2.3812249e+02   2.8635571e+01  -3.0742532e+02   4.7170289e+01
  -2.4961258e+01   1.1000000e+01   3.5000000e+01   2.3073745e+02   2.7245485e+01  -3.0557519e+02   3.8319134e+01
  -2.5702633e+01   1.1000000e+01   3.5000000e+01   2.2596382e+02   2.8452882e+01  -3.0247672e+02   2.9363741e+01
  -2.4438228e+01   1.1000000e+01   3.5000000e+01   2.3097404e+02   3.2058125e+01  -2.9713657e+02   2.0147791e+01
  -1.7861768e+01   1.1000000e+01   3.5000000e+01   2.3568677e+02   4.2757379e+01  -2.9036795e+02   1.5948891e+01
  -1.1102593e+01   1.1000000e+01   3.5000000e+01   2.4473191e+02   5.1972506e+01  -2.8190761e+02   1.0811443e+01
  -6.6627125e+00   1.1000000e+01   3.5000000e+01   2.5390411e+02   5.8600637e+01  -2.7349044e+02   6.9227306e+00
  -8.6558646e-01   1.1000000e+01   3.5000000e+01   2.6253189e+02   6.2767852e+01  -2.6589386e+02   1.4802210e+00
   2.0589452e+00   1.1000000e+01   3.5000000e+01   2.7006548e+02   6.6562854e+01  -2.6203093e+02  -4.3048573e+00
   5.6797504e+00   1.1000000e+01   3.5000000e+01   2.7767290e+02   6.8185714e+01  -2.6004258e+02  -1.1378969e+01
   5.7816800e+00   1.1000000e+01   3.5000000e+01   2.8490151e+02   7.0131020e+01  -2.6166334e+02  -1.8287427e+01
   6.4900707e+00   1.1000000e+01   3.5000000e+01   2.9245066e+02   7.0730688e+01  -2.6344329e+02  -2.3865232e+01
   5.9223420e+00   1.1000000e+01   3.5000000e+01   2.9951404e+02   7.1332788e+01  -2.6593409e+02  -2.8188865e+01
   4.4231107e+00   1.1000000e+01   3.5000000e+01   3.0456771e+02   7.2306974e+01  -2.7004796e+02  -2.5993355e+01
   3.6713462e+00   1.1000000e+01   3.5000000e+01   3.0842000e+02   7.3605603e+01  -2.7518806e+02  -2.3159876e+01
   7.6735063e-01   1.1000000e+01   3.5000000e+01   3.1152135e+02   7.4702952e+01  -2.8104679e+02  -1.9880149e+01
  -6.0847663e-01   1.1000000e+01   3.5000000e+01   3.1430578e+02   7.3879835e+01  -2.8637608e+02  -1.5865617e+01
  -3.0540139e+00   1.1000000e+01   3.5000000e+01   3.1621508e+02   7.3414204e+01  -2.9244043e+02  -1.2306008e+01
  -4.8742098e+00   1.1000000e+01   3.5000000e+01   3.1803373e+02   7.2886065e+01  -2.9825528e+02  -9.7396423e+00
  -6.1829493e+00   1.1000000e+01   3.5000000e+01   3.2013853e+02   7.1866699e+01  -3.0326869e+02  -6.2881421e+00
  -8.2646665e+00   1.1000000e+01   3.5000000e+01   3.2131337e+02   7.0097695e+01  -3.0836838e+02  -2.5181912e+00
  -9.8378890e+00   1.1000000e+01   3.5000000e+01   3.2241649e+02   6.8556674e+01  -3.1299597e+02   1.0319394e+00
  -1.0843609e+01   1.1000000e+01   3.5000000e+01   3.2214080e+02   6.6124835e+01  -3.1732238e+02   4.7540751e+00
  -1.1961379e+01   1.1000000e+01   3.5000000e+01   3.2207464e+02   6.3437652e+01  -3.2057949e+02   7.7888858e+00
  -1.1857907e+01   1.1000000e+01   3.5000000e+01   3.2309139e+02   6.1412391e+01  -3.2357730e+02   1.0442819e+01
  -1.3155739e+01   1.1000000e+01   3.5000000e+01   3.2447668e+02   6.0987593e+01  -3.2680595e+02   1.3260673e+01
  -1.3032964e+01   1.1000000e+01   3.5000000e+01   3.2538383e+02   5.9985069e+01  -3.2971964e+02   1.5430445e+01
  -1.4447646e+01   1.1000000e+01   3.5000000e+01   3.2621711e+02   5.9966953e+01  -3.3196239e+02   1.8072798e+01
  -1.6433094e+01   1.1000000e+01   3.5000000e+01   3.2453451e+02   6.0935963e+01  -3.3391632e+02   2.2361250e+01
  -1.7874173e+01   1.1000000e+01   3.5000000e+01   3.2440970e+02   6.0477378e+01  -3.3612893e+02   2.3326052e+01
  -1.9690827e+01   1.1000000e+01   3.5000000e+01   3.2550392e+02   6.0611076e+01  -3.3844011e+02   2.2874288e+01
  -1.9896479e+01   1.1000000e+01   3.5000000e+01   3.2661585e+02   6.0642314e+01  -3.4032796e+02   2.3479650e+01
  -2.2149452e+01   1.1000000e+01   3.5000000e+01   3.2793880e+02   6.1516780e+01  -3.4402968e+02   2.5722282e+01
  -2.1999978e+01   1.1000000e+01   3.5000000e+01   3.2922958e+02   6.1539339e+01  -3.4762038e+02   2.8452999e+01
  -2.3589203e+01   1.1000000e+01   3.5000000e+01   3.2925340e+02   6.0414554e+01  -3.5050577e+02   3.0754365e+01
  -2.5117187e+01   1.1000000e+01   3.5000000e+01   3.2963298e+02   6.0157672e+01  -3.5317042e+02   3.1691574e+01
  -2.5008606e+01   1.1000000e+01   3.5000000e+01   3.2831900e+02   5.9123858e+01  -3.5442489e+02   3.4377458e+01
  -2.5563794e+01   1.1000000e+01   3.5000000e+01   3.2655109e+02   5.8873768e+01  -3.5482979e+02   3.7325726e+01
  -2.6448864e+01   1.1000000e+01   3.5000000e+01   3.2375512e+02   5.9491836e+01  -3.5491876e+02   3.9270466e+01
  -2.6801302e+01   1.1000000e+01   3.5000000e+01   3.1996300e+02   5.9178808e+01  -3.5429642e+02   4.1313865e+01
  -2.8800675e+01   1.1000000e+01   3.5000000e+01   3.1631689e+02   5.8244724e+01  -3.5317783e+02   4.2815632e+01
  -2.9263356e+01   1.1000000e+01   3.5000000e+01   3.1143013e+02   5.6617376e+01  -3.5104705e+02   4.5055693e+01
  -2.9929305e+01   1.1000000e+01   3.5000000e+01   3.0538214e+02   5.6162032e+01  -3.4860485e+02   4.7797119e+01
