  -1.2087060e+01   6.9522915e+00   5.9573743e+01   3.8565082e+01   2.8411783e+01  -5.4879789e+01   8.7293567e+00
  -1.4911690e+01   1.0034703e+01   5.7747532e+01   3.3494738e+01   2.9085551e+01  -5.4520735e+01   1.2967555e+01
  -1.6833855e+01   1.1946899e+01   5.6126227e+01   2.8890571e+01   2.9662359e+01  -5.5177794e+01   1.7126241e+01
  -1.4851705e+01   1.1000000e+01   5.4460196e+01   3.1569717e+01   3.0114264e+01  -5.6000000e+01   1.9755272e+01
  -1.2901992e+01   1.0089768e+01   5.2784744e+01   3.4235786e+01   3.0562495e+01  -5.6790367e+01   2.2383839e+01
  -1.7492118e+01   1.1000000e+01   4.9303475e+01   2.8036961e+01   3.5084955e+01  -5.6000000e+01   2.5955787e+01
  -2.2082243e+01   1.1910232e+01   4.5822206e+01   2.1838135e+01   3.9607416e+01  -5.5209633e+01   2.9527735e+01
  -2.2183971e+01   1.1000000e+01   4.2574811e+01   2.4811570e+01   4.1667540e+01  -5.6000000e+01   3.0533673e+01
  -2.2285698e+01   1.0089768e+01   3.9327415e+01   2.7785005e+01   4.3727664e+01  -5.6790367e+01   3.1539611e+01
  -2.2404877e+01   9.5367255e+00   3.6264235e+01   3.0457491e+01   4.5888193e+01  -5.7270581e+01   3.2475442e+01
  -2.2524056e+01   8.9836835e+00   3.3201055e+01   3.3129977e+01   4.8048723e+01  -5.7750795e+01   3.3411274e+01
  -2.2643003e+01   8.4551187e+00   3.0151096e+01   3.5783059e+01   5.0213902e+01  -5.8209755e+01   3.4342934e+01
  -2.2771858e+01   7.9754392e+00   2.7129486e+01   3.8399858e+01   5.2389274e+01  -5.8626267e+01   3.5268870e+01
  -2.2847528e+01   8.1288607e+00   2.4476530e+01   4.0563180e+01   5.4691891e+01  -5.8493049e+01   3.6117791e+01
  -2.2923198e+01   8.2822822e+00   2.1823574e+01   4.2726502e+01   5.6994508e+01  -5.8359831e+01   3.6966712e+01
  -2.2998868e+01   8.4357037e+00   1.9170618e+01   4.4889824e+01   5.9297125e+01  -5.8226613e+01   3.7815633e+01
  -2.3074538e+01   8.5891252e+00   1.6517662e+01   4.7053146e+01   6.1599743e+01  -5.8093395e+01   3.8664554e+01
  -2.3150208e+01   8.7425467e+00   1.3864706e+01   4.9216467e+01   6.3902360e+01  -5.7960177e+01   3.9513475e+01
  -2.3225878e+01   8.8959682e+00   1.1211749e+01   5.1379789e+01   6.6204977e+01  -5.7826959e+01   4.0362396e+01
  -2.3301548e+01   9.0493897e+00   8.5587933e+00   5.3543111e+01   6.8507594e+01  -5.7693741e+01   4.1211317e+01
  -2.3377218e+01   9.2028112e+00   5.9058371e+00   5.5706433e+01   7.0810211e+01  -5.7560523e+01   4.2060238e+01
  -2.3452888e+01   9.3562327e+00   3.2528810e+00   5.7869755e+01   7.3112829e+01  -5.7427306e+01   4.2909159e+01
  -2.3528558e+01   9.5096542e+00   5.9992481e-01   6.0033077e+01   7.5415446e+01  -5.7294088e+01   4.3758079e+01
  -2.3604227e+01   9.6630757e+00  -2.0530313e+00   6.2196399e+01   7.7718063e+01  -5.7160870e+01   4.4607000e+01
  -2.3679897e+01   9.8164972e+00  -4.7059875e+00   6.4359721e+01   8.0020680e+01  -5.7027652e+01   4.5455921e+01
  -2.3755567e+01   9.9699187e+00  -7.3589437e+00   6.6523043e+01   8.2323298e+01  -5.6894434e+01   4.6304842e+01
  -2.3831237e+01   1.0123340e+01  -1.0011900e+01   6.8686365e+01   8.4625915e+01  -5.6761216e+01   4.7153763e+01
  -2.3906907e+01   1.0276762e+01  -1.2664856e+01   7.0849687e+01   8.6928532e+01  -5.6627998e+01   4.8002684e+01
  -2.3982577e+01   1.0430183e+01  -1.5317812e+01   7.3013009e+01   8.9231149e+01  -5.6494780e+01   4.8851605e+01
  -2.4058247e+01   1.0583605e+01  -1.7970768e+01   7.5176331e+01   9.1533766e+01  -5.6361562e+01   4.9700526e+01
  -2.4133917e+01   1.0737026e+01  -2.0623724e+01   7.7339653e+01   9.3836384e+01  -5.6228344e+01   5.0549447e+01
  -2.4209587e+01   1.0890448e+01  -2.3276681e+01   7.9502975e+01   9.6139001e+01  -5.6095126e+01   5.1398368e+01
  -3.3622132e+01   1.1000000e+01  -1.0568246e+01   6.7983014e+01   1.0365691e+02  -5.6000000e+01   4.9052210e+01
  -3.9377009e+01   1.1000000e+01   1.2256462e+00   5.6709155e+01   1.0913336e+02  -5.6000000e+01   4.8160411e+01
  -4.1026565e+01   1.1000000e+01   1.0079805e+01   4.6517535e+01   1.1319297e+02  -5.6000000e+01   4.9697235e+01
  -4.1019677e+01   1.1000000e+01   1.4964792e+01   4.0618640e+01   1.0661527e+02  -5.6000000e+01   5.8466627e+01
  -4.2094681e+01   1.1000000e+01   1.7983536e+01   3.1905394e+01   9.7932943e+01  -5.6000000e+01   6.4422770e+01
  -4.0556800e+01   1.1000000e+01   7.7535022e+00   2.3270574e+01   9.0145152e+01  -5.6000000e+01   6.7304908e+01
  -3.8967255e+01   1.1000000e+01   3.1848779e+00   1.3831156e+01   8.1820577e+01  -5.6000000e+01   6.7192130e+01
  -3.9487051e+01   1.1000000e+01   9.1102018e+00   1.0860489e+01   7.1965349e+01  -5.6000000e+01   6.6448511e+01
  -4.0061834e+01   1.1000000e+01   1.2571766e+01   8.5770622e+00   6.1753476e+01  -5.6000000e+01   6.5136771e+01
  -4.0619046e+01   1.1000000e+01   1.5258868e+01   6.6799900e+00   5.1720680e+01  -5.6000000e+01   6.2154379e+01
  -4.0872843e+01   1.1000000e+01   1.5530282e+01   1.4797871e+00   4.1441097e+01  -5.6000000e+01   5.9798336e+01
  -4.1670878e+01   1.1000000e+01   1.4212839e+01  -3.8763138e+00   3.1937903e+01  -5.6000000e+01   5.7967689e+01
  -3.6944310e+01   1.1000000e+01   1.2060201e+01  -1.0751374e+01   3.6688075e+01  -5.6000000e+01   5.9664734e+01
  -3.3517105e+01   1.1000000e+01   1.3980208e+01  -1.5203701e+01   3.6954647e+01  -5.6000000e+01   5.8123463e+01
  -3.0588390e+01   1.1000000e+01   1.1670346e+01  -1.8697235e+01   4.1310843e+01  -5.6000000e+01   5.1268337e+01
  -2.9018610e+01   1.1000000e+01   1.5800901e+01  -1.3468343e+01   4.8148251e+01  -5.6000000e+01   4.3499147e+01
  -2.6240442e+01   1.1000000e+01   2.6672170e+01  -6.4972200e+00   5.3598447e+01  -5.6000000e+01   3.4669757e+01
  -1.8876233e+01   1.1000000e+01   3.6285003e+01   2.3528780e+00   5.1656289e+01  -5.6000000e+01   2.9040933e+01
  -1.2137073e+01   1.1000000e+01   4.4755567e+01   1.1250193e+01   4.6065738e+01  -5.6000000e+01   2.2816898e+01
  -9.0540747e+00   1.1000000e+01   5.3032083e+01   1.7081685e+01   4.0370324e+01  -5.6000000e+01   1.4661277e+01
  -4.1264191e+00   1.1000000e+01   5.7754308e+01   2.0649524e+01   3.5097162e+01  -5.6000000e+01   1.0205619e+01
  -4.9287018e+00   1.1000000e+01   6.4261960e+01   2.4565288e+01   3.2334137e+01  -5.6000000e+01   2.9220912e+00
  -7.4864672e+00   1.1000000e+01   7.2570007e+01   2.9855888e+01   2.9540259e+01  -5.6000000e+01  -5.6795555e+00
  -8.0082258e+00   1.1000000e+01   7.9250193e+01   3.5467309e+01   2.4743607e+01  -5.6000000e+01  -1.4759036e+01
  -7.4487487e+00   1.1000000e+01   8.2580039e+01   4.0946707e+01   1.9431474e+01  -5.6000000e+01  -2.2315199e+01
  -1.1328809e+01   1.1000000e+01   8.5516302e+01   4.7734453e+01   1.4649219e+01  -5.6000000e+01  -2.8217011e+01
  -1.5188840e+01   1.1000000e+01   9.0146757e+01   5.5941686e+01   9.7838377e+00  -5.6000000e+01  -3.0266908e+01
  -1.8159499e+01   1.1000000e+01   9.6834808e+01   6.0881480e+01   7.2342659e+00  -5.6000000e+01  -3.0718091e+01
  -1.5012157e+01   1.1000000e+01   9.4595946e+01   6.0286334e+01   4.9404894e+00  -5.6000000e+01  -3.1248285e+01
  -1.5183090e+01   1.1000000e+01   9.3567018e+01   5.9517667e+01   2.5668685e+00  -5.6000000e+01  -3.0672126e+01
  -1.7205822e+01   1.1000000e+01   9.5027419e+01   5.9010326e+01   2.4964336e+00  -5.6000000e+01  -2.9006758e+01
  -1.7442444e+01   1.1000000e+01   9.4187883e+01   5.7811385e+01   2.8780481e+00  -5.6000000e+01  -2.8155288e+01
  -1.6779007e+01   1.1000000e+01   9.1877528e+01   5.5835748e+01   3.4331401e+00  -5.6000000e+01  -2.5659592e+01
  -1.3245343e+01   1.1000000e+01   8.9491776e+01   5.4398505e+01   1.7547920e+00  -5.6000000e+01  -2.3528610e+01
  -1.0656667e+01   1.1000000e+01   8.5905359e+01   5.2202133e+01   3.3247467e+00  -5.6000000e+01  -1.9829487e+01
  -1.0661202e+01   1.1000000e+01   8.3049104e+01   5.0570393e+01   7.3285571e+00  -5.6000000e+01  -1.6962788e+01
  -9.3790399e+00   1.1000000e+01   8.1709307e+01   5.0707881e+01   7.5214902e+00  -5.6000000e+01  -1.5331418e+01
  -1.0868240e+01   1.1000000e+01   8.1313194e+01   4.9592421e+01   9.7000058e+00  -5.6000000e+01  -1.2927785e+01
  -1.0326918e+01   1.1000000e+01   7.9770932e+01   4.8569157e+01   1.1997510e+01  -5.6000000e+01  -1.0335088e+01
  -1.0976326e+01   1.1000000e+01   7.6663861e+01   4.8086375e+01   1.6822997e+01  -5.6000000e+01  -7.3511266e+00
  -9.2368951e+00   1.1000000e+01   7.3041962e+01   4.6348337e+01   2.0929084e+01  -5.6000000e+01  -3.3169343e+00
  -8.7470130e+00   1.1000000e+01   6.9557437e+01   4.4990908e+01   2.3212778e+01  -5.6000000e+01   2.3415911e-01
  -8.4199796e+00   1.1000000e+01   6.6157606e+01   4.4622343e+01   2.5894653e+01  -5.6000000e+01   3.1624220e+00
  -9.3640282e+00   1.1000000e+01   6.3204573e+01   4.4612114e+01   2.9588512e+01  -5.6000000e+01   5.6337821e+00
  -1.0042415e+01   1.1000000e+01   6.0207976e+01   4.2255516e+01   3.2327951e+01  -5.6000000e+01   1.0716021e+01
  -9.1326827e+00   1.1000000e+01   5.7848128e+01   4.2040572e+01   3.4786149e+01  -5.6000000e+01   1.3781571e+01
  -9.5784747e+00   1.1000000e+01   5.4149888e+01   4.1082886e+01   3.7008992e+01  -5.6000000e+01   1.6918085e+01
  -9.0042144e+00   1.1000000e+01   5.1107658e+01   4.0739342e+01   3.8964118e+01  -5.6000000e+01   2.0153569e+01
  -1.0282369e+01   1.1000000e+01   4.9006093e+01   3.8925975e+01   4.2391697e+01  -5.6000000e+01   2.3457609e+01
  -1.1585342e+01   1.1000000e+01   4.5477004e+01   3.8512196e+01   4.5682811e+01  -5.6000000e+01   2.5284858e+01
  -1.1521362e+01   1.1000000e+01   4.4461957e+01   4.0437072e+01   4.7227406e+01  -5.6000000e+01   2.3828027e+01
  -1.4955376e+01   1.1000000e+01   4.2454355e+01   3.7007158e+01   5.0012963e+01  -5.6000000e+01   2.6082300e+01
  -1.6200433e+01   1.1000000e+01   3.9694430e+01   3.3931731e+01   5.2409731e+01  -5.6000000e+01   2.9603971e+01
  -1.9285039e+01   1.1000000e+01   3.6608074e+01   2.9296221e+01   5.6772613e+01  -5.6000000e+01   3.4371093e+01
  -2.1788118e+01   1.1000000e+01   3.2819069e+01   2.6882458e+01   5.9295345e+01  -5.6000000e+01   3.6228080e+01
  -2.3789301e+01   1.1000000e+01   3.2869302e+01   2.5240861e+01   5.9857331e+01  -5.6000000e+01   3.6263744e+01
  -2.4565950e+01   1.1000000e+01   2.8406141e+01   2.2892711e+01   6.3091971e+01  -5.6000000e+01   3.9282244e+01
  -2.5464547e+01   1.1000000e+01   2.4996028e+01   2.0731252e+01   6.4783418e+01  -5.6000000e+01   4.1135369e+01
  -2.5921101e+01   1.1000000e+01   2.2585728e+01   1.8683278e+01   6.6191801e+01  -5.6000000e+01   4.2387372e+01
  -2.8140217e+01   1.1000000e+01   2.1709204e+01   1.6252727e+01   6.7432460e+01  -5.6000000e+01   4.3455849e+01
  -2.8532512e+01   1.1000000e+01   1.9051815e+01   1.4176752e+01   6.8535196e+01  -5.6000000e+01   4.4649627e+01
  -2.9065722e+01   1.1000000e+01   1.6039359e+01   1.1510713e+01   6.9281753e+01  -5.6000000e+01   4.5602065e+01
  -2.9469002e+01   1.1000000e+01   1.3422962e+01   9.8092569e+00   7.0915497e+01  -5.6000000e+01   4.7547687e+01
  -2.9711243e+01   1.1000000e+01   1.2572125e+01   7.7302120e+00   7.0041395e+01  -5.6000000e+01   4.8108463e+01
  -3.2254414e+01   1.1000000e+01   1.5106285e+01   5.8936221e+00   6.8976588e+01  -5.6000000e+01   4.8645049e+01
  -3.2771497e+01   1.1000000e+01   1.2509652e+01   3.7736259e+00   6.9375911e+01  -5.6000000e+01   4.9579725e+01
  -3.5220719e+01   1.1000000e+01   2.3756019e+01   4.9455834e+00   6.1775148e+01  -5.6000000e+01   4.9540358e+01
  -3.5473065e+01   1.1000000e+01   1.9028045e+01   2.4198127e+00   6.2819117e+01  -5.6000000e+01   5.0194999e+01
  -3.7780863e+01   1.1000000e+01   1.9950613e+01  -4.4566245e-01   5.9013623e+01  -5.6000000e+01   5.1079013e+01
  -3.9773383e+01   1.1000000e+01   2.3214601e+01   6.2759906e+00   5.8966245e+01  -5.6000000e+01   5.1858373e+01
  -3.8201409e+01   1.1000000e+01   1.3200831e+01  -1.2509670e-01   6.6574860e+01  -5.6000000e+01   5.3589095e+01
  -3.8866477e+01   1.1000000e+01   1.3726883e+01   4.1566799e-01   6.5128593e+01  -5.6000000e+01   5.4115825e+01
  -3.6907384e+01   1.1000000e+01   1.0144629e+01  -1.1632867e+00   6.7451944e+01  -5.6000000e+01   5.6305034e+01
  -3.8591992e+01   1.1000000e+01   1.2190588e+01   6.5785649e-01   6.3230303e+01  -5.6000000e+01   5.6180483e+01
  -3.7499434e+01   1.1000000e+01   5.1194458e+00  -2.3983590e+00   6.7558427e+01  -5.6000000e+01   5.7211020e+01
  -3.8408933e+01   1.1000000e+01   9.8264070e+00  -2.0554978e+00   6.4579412e+01  -5.6000000e+01   5.8728381e+01
  -3.8229329e+01   1.1000000e+01   5.8486662e+00  -4.4149052e+00   6.2537597e+01  -5.6000000e+01   5.9873907e+01
  -3.7920006e+01   1.1000000e+01   2.0868171e+00  -7.4129679e+00   6.3468369e+01  -5.6000000e+01   6.0540576e+01
  -3.8122488e+01   1.1000000e+01   2.0333027e+00  -8.2331799e+00   6.2489202e+01  -5.6000000e+01   6.0962773e+01
  -3.8924319e+01   1.1000000e+01   2.5734328e+00  -5.0003015e+00   6.0808975e+01  -5.6000000e+01   6.2791563e+01
  -3.8274870e+01   1.1000000e+01   2.2630298e+00  -6.1904404e+00   6.0691646e+01  -5.6000000e+01   6.3811786e+01
  -3.8763260e+01   1.1000000e+01   5.2090982e-01  -6.7952493e+00   6.1863800e+01  -5.6000000e+01   6.5147026e+01
  -3.9169682e+01   1.1000000e+01   1.5800161e-01  -7.8915655e+00   6.2557142e+01  -5.6000000e+01   6.6655085e+01
  -3.8789597e+01   1.1000000e+01  -1.0716009e+00  -7.7259426e+00   6.4309698e+01  -5.6000000e+01   6.8319081e+01
  -3.9490363e+01   1.1000000e+01  -1.7914365e+00  -8.5642793e+00   6.4849109e+01  -5.6000000e+01   6.9039210e+01
  -3.9747909e+01   1.1000000e+01  -9.2010809e-01  -8.2679544e+00   6.1706382e+01  -5.6000000e+01   6.9376386e+01
  -3.8972821e+01   1.1000000e+01  -4.8478775e+00  -1.1259995e+01   6.4093592e+01  -5.6000000e+01   6.9775742e+01
  -3.8646563e+01   1.1000000e+01  -6.7268372e+00  -1.3565366e+01   6.4998995e+01  -5.6000000e+01   6.9557520e+01
  -3.8738553e+01   1.1000000e+01  -4.5254779e+00  -1.2877349e+01   6.6147466e+01  -5.6000000e+01   7.0255798e+01
  -3.7085452e+01   1.1000000e+01  -6.7440724e+00  -1.3307666e+01   6.5247978e+01  -5.6000000e+01   6.9717311e+01
  -3.7306321e+01   1.1000000e+01  -2.6521794e+00  -1.2310695e+01   6.4693279e+01  -5.6000000e+01   6.7175269e+01
  -3.5087009e+01   1.1000000e+01  -6.4380518e+00  -1.3556465e+01   6.9618356e+01  -5.6000000e+01   6.3569091e+01
  -3.2162578e+01   1.1000000e+01  -7.4502565e+00  -1.3590695e+01   7.4078724e+01  -5.6000000e+01   6.0442039e+01
  -3.0978430e+01   1.1000000e+01  -4.4664446e+00  -9.0020237e+00   7.7050682e+01  -5.6000000e+01   6.0915357e+01
  -2.8108757e+01   1.1000000e+01  -1.3201927e+00  -9.3318509e+00   7.5304926e+01  -5.6000000e+01   5.3342855e+01
  -2.8262539e+01   1.1000000e+01   5.3909700e+00  -1.1828248e+01   6.9787148e+01  -5.6000000e+01   4.3205283e+01
  -2.5477403e+01   1.1000000e+01   8.5372110e+00  -1.1535862e+01   6.8031192e+01  -5.6000000e+01   3.5819543e+01
  -2.4809265e+01   1.1000000e+01   1.5274198e+01  -9.1513922e+00   6.2496616e+01  -5.6000000e+01   2.7835026e+01
  -2.2400001e+01   1.1000000e+01   1.9560197e+01  -5.4150024e+00   6.4751660e+01  -5.6000000e+01   2.0455958e+01
  -1.9806400e+01   1.1000000e+01   2.8258322e+01   2.9777651e+00   6.4182114e+01  -5.6000000e+01   1.3331562e+01
  -1.2263274e+01   1.1000000e+01   3.7148789e+01   1.3033432e+01   5.7540144e+01  -5.6000000e+01   3.7246588e+00
  -8.5975817e+00   1.1000000e+01   4.6174291e+01   1.8068348e+01   4.9952202e+01  -5.6000000e+01  -3.7784341e+00
  -7.4285802e+00   1.1000000e+01   5.5551796e+01   2.3379276e+01   4.3920146e+01  -5.6000000e+01  -9.3259673e+00
  -7.1795969e+00   1.1000000e+01   6.2203492e+01   2.7123215e+01   3.7954209e+01  -5.6000000e+01  -1.5279134e+01
  -8.5538416e+00   1.1000000e+01   6.7762686e+01   3.1350327e+01   3.1508086e+01  -5.6000000e+01  -2.2157333e+01
  -9.5534093e+00   1.1000000e+01   7.3671919e+01   3.7653596e+01   2.5193163e+01  -5.6000000e+01  -2.8641950e+01
  -1.1792100e+01   1.1000000e+01   7.6855595e+01   4.2982978e+01   1.8053233e+01  -5.6000000e+01  -3.5027793e+01
  -1.4567814e+01   1.1000000e+01   8.1057218e+01   4.7749961e+01   1.1482785e+01  -5.6000000e+01  -4.0041095e+01
  -1.6618488e+01   1.1000000e+01   8.6378703e+01   5.3212976e+01   5.5008818e+00  -5.6000000e+01  -4.2119493e+01
  -1.7353900e+01   1.1000000e+01   9.0510999e+01   6.0022179e+01  -5.7152099e-01  -5.6000000e+01  -4.1971326e+01
  -1.4490540e+01   1.1000000e+01   9.2696771e+01   6.3554442e+01  -4.1502984e+00  -5.6000000e+01  -3.8786008e+01
  -1.4058492e+01   1.1000000e+01   9.3569590e+01   6.2677139e+01  -5.8785550e+00  -5.6000000e+01  -3.5973241e+01
  -1.4490931e+01   1.1000000e+01   9.3354485e+01   6.0915952e+01  -7.0145885e+00  -5.6000000e+01  -3.3650088e+01
  -1.5154403e+01   1.1000000e+01   9.2929425e+01   6.0043227e+01  -6.9622848e+00  -5.6000000e+01  -3.1505253e+01
  -1.4628382e+01   1.1000000e+01   9.1683190e+01   5.8059372e+01  -5.6301850e+00  -5.6000000e+01  -2.9487927e+01
  -1.2577477e+01   1.1000000e+01   8.8776141e+01   5.5900262e+01  -5.4061731e+00  -5.6000000e+01  -2.7721836e+01
  -1.3130914e+01   1.1000000e+01   8.7358669e+01   5.4781778e+01  -4.2604190e+00  -5.6000000e+01  -2.6320405e+01
  -1.3207904e+01   1.1000000e+01   8.4945691e+01   5.3000192e+01   3.3009837e-01  -5.6000000e+01  -2.2785232e+01
  -1.2489099e+01   1.1000000e+01   8.1572501e+01   5.0706140e+01   6.7457124e+00  -5.6000000e+01  -1.8844895e+01
  -1.1199056e+01   1.1000000e+01   7.6808615e+01   4.8886532e+01   1.2446901e+01  -5.6000000e+01  -1.5164531e+01
  -1.2046774e+01   1.1000000e+01   7.4348984e+01   4.7184023e+01   1.7913920e+01  -5.6000000e+01  -1.1259867e+01
  -1.1711203e+01   1.1000000e+01   7.0905307e+01   4.6659731e+01   2.1723096e+01  -5.6000000e+01  -8.6594896e+00
  -1.1592598e+01   1.1000000e+01   6.9374835e+01   4.6560355e+01   2.3710088e+01  -5.6000000e+01  -7.1028233e+00
  -1.0410344e+01   1.1000000e+01   6.7130924e+01   4.6233669e+01   2.6459083e+01  -5.6000000e+01  -4.2375737e+00
  -1.1511559e+01   1.1000000e+01   6.6172268e+01   4.5822411e+01   2.8274708e+01  -5.6000000e+01  -2.4338694e+00
  -1.1269170e+01   1.1000000e+01   6.5245182e+01   4.5289399e+01   2.9310420e+01  -5.6000000e+01  -2.7900546e-01
  -1.1388241e+01   1.1000000e+01   6.2824916e+01   4.3696155e+01   3.2130135e+01  -5.6000000e+01   3.5445181e+00
  -1.2528916e+01   1.1000000e+01   5.9874065e+01   4.3032657e+01   3.6005196e+01  -5.6000000e+01   6.4734634e+00
  -1.2554303e+01   1.1000000e+01   5.7838301e+01   4.2778710e+01   3.8170773e+01  -5.6000000e+01   9.1682108e+00
  -1.2766660e+01   1.1000000e+01   5.6064951e+01   4.1753098e+01   4.0556398e+01  -5.6000000e+01   1.2061305e+01
  -1.2517567e+01   1.1000000e+01   5.3589624e+01   4.1042144e+01   4.1978215e+01  -5.6000000e+01   1.4917916e+01
  -1.1847536e+01   1.1000000e+01   5.1043088e+01   4.1302983e+01   4.2970094e+01  -5.6000000e+01   1.6895308e+01
  -1.2100397e+01   1.1000000e+01   4.8627735e+01   4.1889526e+01   4.5593037e+01  -5.6000000e+01   1.8536319e+01
  -1.2954935e+01   1.1000000e+01   4.8101610e+01   4.0390968e+01   4.6967117e+01  -5.6000000e+01   2.0575307e+01
  -1.3330785e+01   1.1000000e+01   4.6074413e+01   4.0854158e+01   4.9968294e+01  -5.6000000e+01   2.2537279e+01
  -1.3169386e+01   1.1000000e+01   4.3386309e+01   4.0977290e+01   5.2500541e+01  -5.6000000e+01   2.5022838e+01
  -1.3763167e+01   1.1000000e+01   4.0587017e+01   4.0121366e+01   5.4997120e+01  -5.6000000e+01   2.8109495e+01
  -1.3615575e+01   1.1000000e+01   4.0417198e+01   3.9155493e+01   5.5002783e+01  -5.6000000e+01   2.7605490e+01
  -1.4414570e+01   1.1000000e+01   3.7805373e+01   3.7061567e+01   5.6453322e+01  -5.6000000e+01   3.0400968e+01
  -1.3619367e+01   1.1000000e+01   3.5321965e+01   3.7281746e+01   5.8607060e+01  -5.6000000e+01   3.3406157e+01
  -1.7010103e+01   1.1000000e+01   3.4325574e+01   3.5037211e+01   6.1674801e+01  -5.6000000e+01   3.6341380e+01
  -1.8561677e+01   1.1000000e+01   3.4635191e+01   3.1922531e+01   6.3160999e+01  -5.6000000e+01   3.7570954e+01
  -2.1932652e+01   1.1000000e+01   3.3475991e+01   2.8081581e+01   6.5200557e+01  -5.6000000e+01   3.8600702e+01
  -2.3425426e+01   1.1000000e+01   3.0181716e+01   2.5211601e+01   6.7429841e+01  -5.6000000e+01   3.9355702e+01
  -2.5193204e+01   1.1000000e+01   2.7385273e+01   2.2900318e+01   6.9268322e+01  -5.6000000e+01   4.0461251e+01
  -2.5673664e+01   1.1000000e+01   2.6010651e+01   2.0127464e+01   7.1247408e+01  -5.6000000e+01   4.3687214e+01
  -2.5330830e+01   1.1000000e+01   2.2326232e+01   2.1332900e+01   7.1195618e+01  -5.6000000e+01   4.4299252e+01
  -2.7079767e+01   1.1000000e+01   2.2376532e+01   1.8097240e+01   7.1804834e+01  -5.6000000e+01   4.5203449e+01
  -2.5854398e+01   1.1000000e+01   1.8515920e+01   1.4085191e+01   7.2649816e+01  -5.6000000e+01   4.8518699e+01
  -2.6333696e+01   1.1000000e+01   1.7419071e+01   9.5596217e+00   7.3658163e+01  -5.6000000e+01   4.9569056e+01
  -2.8159677e+01   1.1000000e+01   1.4467123e+01   7.2696748e+00   7.6957672e+01  -5.6000000e+01   5.1371506e+01
  -2.8743004e+01   1.1000000e+01   9.2427068e+00   7.5036803e+00   7.9017057e+01  -5.6000000e+01   5.2065517e+01
  -2.9246619e+01   1.1000000e+01   1.0811809e+01   3.8651405e+00   8.0665040e+01  -5.6000000e+01   5.2136856e+01
  -3.0964408e+01   1.1000000e+01   1.2691137e+01   4.9523795e+00   7.6179197e+01  -5.6000000e+01   5.1256433e+01
  -3.2624317e+01   1.1000000e+01   1.1214234e+01   3.0270043e+00   7.9419062e+01  -5.6000000e+01   5.2614358e+01
  -3.4285929e+01   1.1000000e+01   1.1455337e+01   2.5683936e+00   7.9909126e+01  -5.6000000e+01   5.2391473e+01
  -3.5459534e+01   1.1000000e+01   1.1526699e+01   2.5148808e+00   7.5887507e+01  -5.6000000e+01   5.1793352e+01
  -3.5902723e+01   1.1000000e+01   1.0391142e+01   8.6541384e-01   7.7486492e+01  -5.6000000e+01   5.3726341e+01
  -3.6970904e+01   1.1000000e+01   9.4949751e+00  -8.9370675e-01   7.8327926e+01  -5.6000000e+01   5.5181857e+01
  -3.7585952e+01   1.1000000e+01   1.0980711e+01  -6.2383604e-01   7.6278220e+01  -5.6000000e+01   5.5282120e+01
  -3.7480227e+01   1.1000000e+01   7.7487556e+00  -3.6667502e+00   7.7579285e+01  -5.6000000e+01   5.6410509e+01
  -3.6824087e+01   1.1000000e+01   8.0334866e+00  -3.4028634e+00   7.7151767e+01  -5.6000000e+01   5.8991986e+01
  -3.7860819e+01   1.1000000e+01   7.2813067e+00  -1.1841128e+00   7.5085900e+01  -5.6000000e+01   5.9985150e+01
  -3.7992952e+01   1.1000000e+01   5.3150466e+00  -2.1699781e+00   7.6602472e+01  -5.6000000e+01   6.2104337e+01
  -3.7773302e+01   1.1000000e+01   2.7463737e+00  -2.5416131e+00   7.6957070e+01  -5.6000000e+01   6.3382800e+01
  -3.7717412e+01   1.1000000e+01  -1.2138052e+00  -6.1545700e+00   8.0260536e+01  -5.6000000e+01   6.4882663e+01
  -3.6873338e+01   1.1000000e+01  -9.3902678e+00  -1.0874400e+01   8.5536192e+01  -5.6000000e+01   6.7263993e+01
  -3.5576299e+01   1.1000000e+01  -8.5993760e+00  -1.2347273e+01   8.6961925e+01  -5.6000000e+01   6.8111333e+01
  -3.4463804e+01   1.1000000e+01  -1.0862317e+01  -1.2862918e+01   8.8745188e+01  -5.6000000e+01   6.7062654e+01
  -3.3337223e+01   1.1000000e+01  -1.1568635e+01  -1.0916484e+01   9.4741340e+01  -5.6000000e+01   6.4969214e+01
  -3.2530957e+01   1.1000000e+01  -7.7152491e+00  -8.2753163e+00   9.3772085e+01  -5.6000000e+01   6.2891561e+01
  -3.1688195e+01   1.1000000e+01  -6.1590511e+00  -7.6878022e+00   8.9311362e+01  -5.6000000e+01   5.9716027e+01
  -2.8764048e+01   1.1000000e+01  -6.4962690e+00  -5.9428402e+00   9.2238126e+01  -5.6000000e+01   5.6359981e+01
  -2.7843815e+01   1.1000000e+01  -7.2315082e+00  -5.0529550e+00   9.4617364e+01  -5.6000000e+01   5.6292348e+01
  -2.8182598e+01   1.1000000e+01  -5.6314994e+00  -4.8059081e+00   9.4311489e+01  -5.6000000e+01   5.3002076e+01
  -2.7265661e+01   1.1000000e+01  -8.7034955e+00  -5.2863336e+00   9.5987750e+01  -5.6000000e+01   4.9077226e+01
  -2.6882315e+01   1.1000000e+01  -7.2017709e+00  -3.8363315e+00   9.6681464e+01  -5.6000000e+01   4.7686164e+01
  -2.3231378e+01   1.1000000e+01  -6.2039512e+00  -3.1055593e+00   1.0673263e+02  -5.6000000e+01   3.8747636e+01
  -2.1432384e+01   1.1000000e+01  -6.9968715e+00  -2.6518028e+00   1.0818999e+02  -5.6000000e+01   2.7936512e+01
  -2.1808667e+01   1.1000000e+01  -3.8483752e+00  -1.6622011e+00   1.0702561e+02  -5.6000000e+01   1.8235554e+01
  -1.9139672e+01   1.1000000e+01   6.5697250e+00   3.1785530e+00   9.7224407e+01  -5.6000000e+01   1.3626946e+01
  -1.4273462e+01   1.1000000e+01   1.8133633e+01   1.3669165e+01   8.6936615e+01  -5.6000000e+01   1.0728426e+01
  -1.0024694e+01   1.1000000e+01   2.9406235e+01   2.4410334e+01   7.6832602e+01  -5.6000000e+01   5.5527622e+00
  -6.6939627e+00   1.1000000e+01   3.9211209e+01   3.5155870e+01   6.7154268e+01  -5.6000000e+01  -2.8911462e+00
  -5.9325761e+00   1.1000000e+01   4.5962828e+01   4.1144380e+01   5.8150792e+01  -5.6000000e+01  -1.4143215e+01
  -5.0200924e+00   1.1000000e+01   5.1747411e+01   4.4489981e+01   4.9522059e+01  -5.6000000e+01  -2.4168347e+01
  -5.7326117e+00   1.1000000e+01   5.6797279e+01   4.8522844e+01   4.1868543e+01  -5.6000000e+01  -3.3145299e+01
  -7.0020195e+00   1.1000000e+01   6.1002938e+01   5.4255954e+01   3.4375328e+01  -5.6000000e+01  -3.9671333e+01
  -6.6819339e+00   1.1000000e+01   6.2424365e+01   5.9705495e+01   2.7215878e+01  -5.6000000e+01  -4.2762430e+01
  -8.3605849e+00   1.1000000e+01   6.6336928e+01   6.0777877e+01   2.1083356e+01  -5.6000000e+01  -4.0503721e+01
  -9.0240564e+00   1.1000000e+01   6.8884789e+01   5.9661729e+01   1.5442495e+01  -5.6000000e+01  -3.6558732e+01
  -8.4614125e+00   1.1000000e+01   6.8587316e+01   5.7393539e+01   1.3244306e+01  -5.6000000e+01  -3.0473960e+01
  -8.8168267e+00   1.1000000e+01   6.7513707e+01   5.4944633e+01   1.2847442e+01  -5.6000000e+01  -2.6622510e+01
  -7.5275419e+00   1.1000000e+01   6.4094960e+01   5.3671934e+01   1.7178010e+01  -5.6000000e+01  -2.3627110e+01
  -8.3811471e+00   1.1000000e+01   6.1964987e+01   5.1240452e+01   2.1091701e+01  -5.6000000e+01  -2.0411835e+01
  -9.6094927e+00   1.1000000e+01   6.0764475e+01   4.9632908e+01   2.4451542e+01  -5.6000000e+01  -1.7468245e+01
  -9.4059470e+00   1.1000000e+01   5.7894546e+01   4.7751432e+01   2.7863607e+01  -5.6000000e+01  -1.3334585e+01
  -1.0614747e+01   1.1000000e+01   5.4775693e+01   4.5426525e+01   3.1489343e+01  -5.6000000e+01  -8.4957488e+00
  -1.0610664e+01   1.1000000e+01   5.2796928e+01   4.5141761e+01   3.4643348e+01  -5.6000000e+01  -5.6137987e+00
  -1.0869014e+01   1.1000000e+01   5.0722636e+01   4.3928706e+01   3.6926172e+01  -5.6000000e+01  -2.1208226e+00
  -1.2317733e+01   1.1000000e+01   4.9388340e+01   4.3560661e+01   3.8976368e+01  -5.6000000e+01  -4.0131456e-01
  -1.3023642e+01   1.1000000e+01   4.7384271e+01   4.1771396e+01   4.1767925e+01  -5.6000000e+01   3.8983281e+00
  -1.4400548e+01   1.1000000e+01   4.6528957e+01   4.1040823e+01   4.3394630e+01  -5.6000000e+01   5.9995499e+00
  -1.4668252e+01   1.1000000e+01   4.4797111e+01   4.0303018e+01   4.5222640e+01  -5.6000000e+01   8.8632745e+00
  -1.5185215e+01   1.1000000e+01   4.2239575e+01   4.1080124e+01   4.8071018e+01  -5.6000000e+01   1.2453540e+01
  -1.4498457e+01   1.1000000e+01   4.1022639e+01   4.0894269e+01   5.0540454e+01  -5.6000000e+01   1.6047320e+01
  -1.5503789e+01   1.1000000e+01   3.9723833e+01   4.0230707e+01   5.1077991e+01  -5.6000000e+01   1.7052528e+01
  -1.5416604e+01   1.1000000e+01   4.0071307e+01   3.8616361e+01   5.0075591e+01  -5.6000000e+01   1.8225692e+01
  -1.6225071e+01   1.1000000e+01   3.9192174e+01   3.9017377e+01   5.0479636e+01  -5.6000000e+01   1.8921508e+01
  -1.6694053e+01   1.1000000e+01   3.8496464e+01   3.8168388e+01   5.2393466e+01  -5.6000000e+01   2.1380754e+01
  -1.5403582e+01   1.1000000e+01   3.7733378e+01   3.7536135e+01   5.2559342e+01  -5.6000000e+01   2.3779764e+01
  -1.7596157e+01   1.1000000e+01   3.7267409e+01   3.6011282e+01   5.4132236e+01  -5.6000000e+01   2.4871403e+01
  -1.8792240e+01   1.1000000e+01   3.7285561e+01   3.5044891e+01   5.3514337e+01  -5.6000000e+01   2.3582080e+01
  -2.2252336e+01   1.1000000e+01   3.7994740e+01   3.2043117e+01   5.4925922e+01  -5.6000000e+01   2.4526380e+01
  -2.1671960e+01   1.1000000e+01   3.3908859e+01   3.2335540e+01   5.7897265e+01  -5.6000000e+01   2.6808316e+01
  -2.2174708e+01   1.1000000e+01   3.3869381e+01   3.2798262e+01   5.8392536e+01  -5.6000000e+01   2.6371604e+01
  -2.1254950e+01   1.1000000e+01   2.9182569e+01   3.4438511e+01   5.9985053e+01  -5.6000000e+01   2.5041098e+01
  -2.1618801e+01   1.1000000e+01   2.7813561e+01   3.0619189e+01   6.0973082e+01  -5.6000000e+01   2.8019229e+01
  -2.3320948e+01   1.1000000e+01   3.1222386e+01   2.7316853e+01   5.7726471e+01  -5.6000000e+01   2.8811511e+01
  -2.6082920e+01   1.1000000e+01   2.8837416e+01   2.5261765e+01   6.0464591e+01  -5.6000000e+01   3.0073626e+01
  -2.7522986e+01   1.1000000e+01   2.6184623e+01   2.3422922e+01   6.3463996e+01  -5.6000000e+01   3.2544999e+01
  -2.7448875e+01   1.1000000e+01   2.3496447e+01   2.5410050e+01   6.5001364e+01  -5.6000000e+01   3.3516216e+01
  -2.8274941e+01   1.1000000e+01   1.7394157e+01   2.2913767e+01   6.9534190e+01  -5.6000000e+01   3.6228005e+01
  -2.8865233e+01   1.1000000e+01   1.4134744e+01   1.7423377e+01   7.1986262e+01  -5.6000000e+01   3.8212141e+01
  -2.9916035e+01   1.1000000e+01   1.2980735e+01   1.4946290e+01   7.1785992e+01  -5.6000000e+01   3.9255181e+01
  -3.0321873e+01   1.1000000e+01   9.4404322e+00   1.0996651e+01   7.3509830e+01  -5.6000000e+01   4.0214972e+01
  -3.1754300e+01   1.1000000e+01   7.4693447e+00   8.6359393e+00   7.3950942e+01  -5.6000000e+01   4.1327321e+01
  -3.3622480e+01   1.1000000e+01   7.1998951e+00   6.1433828e+00   7.4685606e+01  -5.6000000e+01   4.3141149e+01
  -3.5414473e+01   1.1000000e+01   7.5873207e+00   4.5811726e+00   7.4496808e+01  -5.6000000e+01   4.4678740e+01
  -3.6579260e+01   1.1000000e+01   7.4650933e+00   2.1459612e+00   7.3728845e+01  -5.6000000e+01   4.5668898e+01
  -3.7577714e+01   1.1000000e+01   8.7240967e+00   1.0212577e+00   7.2231650e+01  -5.6000000e+01   4.5745056e+01
  -3.7711574e+01   1.1000000e+01   4.9673995e+00  -3.0292197e-01   7.2800525e+01  -5.6000000e+01   4.7996742e+01
  -3.8569834e+01   1.1000000e+01   7.6539692e+00   6.0605932e-01   6.7554927e+01  -5.6000000e+01   4.8908709e+01
  -3.8893717e+01   1.1000000e+01   7.7060037e+00  -1.9096177e+00   6.5090687e+01  -5.6000000e+01   5.1301737e+01
  -3.8763874e+01   1.1000000e+01   6.0959922e+00  -5.2141078e+00   6.1422206e+01  -5.6000000e+01   5.4152143e+01
  -3.9015335e+01   1.1000000e+01   7.0892024e+00  -7.0960458e+00   6.3579089e+01  -5.6000000e+01   5.8086470e+01
  -3.7029444e+01   1.1000000e+01   1.4802858e+00  -1.1628111e+01   6.4739290e+01  -5.6000000e+01   5.7446149e+01
  -3.5306483e+01   1.1000000e+01   2.6435827e+00  -1.4231398e+01   6.2064514e+01  -5.6000000e+01   5.3968277e+01
  -3.1764439e+01   1.1000000e+01  -8.9458640e-01  -1.4356010e+01   6.5351682e+01  -5.6000000e+01   4.9428238e+01
  -3.1151815e+01   1.1000000e+01   6.1175112e+00  -9.1346210e+00   6.6717911e+01  -5.6000000e+01   4.9670935e+01
  -3.0526715e+01   1.1000000e+01   6.0175952e+00  -7.0015022e+00   6.8207752e+01  -5.6000000e+01   4.5916693e+01
  -2.9741037e+01   1.1000000e+01   7.2262012e+00  -1.1353380e+01   6.5453012e+01  -5.6000000e+01   3.8812617e+01
  -2.5694498e+01   1.1000000e+01   1.4202344e+00  -1.7145797e+01   7.0398614e+01  -5.6000000e+01   2.9757762e+01
  -2.5364338e+01   1.1000000e+01   3.7108197e+00  -1.6992240e+01   7.3485289e+01  -5.6000000e+01   2.1870130e+01
  -2.3638780e+01   1.1000000e+01   1.1550763e+01  -7.9476979e+00   7.1616033e+01  -5.6000000e+01   1.4824902e+01
  -1.8127357e+01   1.1000000e+01   2.0438851e+01   3.1757975e+00   7.2484007e+01  -5.6000000e+01   1.6632036e+01
  -1.2293156e+01   1.1000000e+01   3.1262194e+01   1.4353037e+01   6.6970048e+01  -5.6000000e+01   1.4456219e+01
  -9.4252653e+00   1.1000000e+01   4.2328092e+01   2.6070422e+01   5.9619105e+01  -5.6000000e+01   9.1349947e+00
  -5.1192681e+00   1.1000000e+01   5.1997377e+01   3.7503404e+01   5.1184445e+01  -5.6000000e+01  -6.2432694e-01
  -4.9284033e+00   1.1000000e+01   5.9633259e+01   4.4022857e+01   4.3898503e+01  -5.6000000e+01  -1.2167579e+01
  -5.0942723e+00   1.1000000e+01   6.5790577e+01   4.7880904e+01   3.5774446e+01  -5.6000000e+01  -2.2805635e+01
  -8.8971686e+00   1.1000000e+01   7.0994667e+01   5.1784067e+01   2.8149465e+01  -5.6000000e+01  -3.0740406e+01
  -9.0545123e+00   1.1000000e+01   7.4731741e+01   5.5952592e+01   2.1661498e+01  -5.6000000e+01  -3.3863036e+01
  -1.0044189e+01   1.1000000e+01   7.7360254e+01   5.9875211e+01   1.6047635e+01  -5.6000000e+01  -3.3891937e+01
  -9.3326367e+00   1.1000000e+01   7.6326616e+01   5.8287686e+01   1.7496233e+01  -5.6000000e+01  -2.7738188e+01
  -8.8281605e+00   1.1000000e+01   7.4355937e+01   5.6028785e+01   1.7780672e+01  -5.6000000e+01  -2.3240580e+01
  -1.1090192e+01   1.1000000e+01   7.2370962e+01   5.3341966e+01   2.1755425e+01  -5.6000000e+01  -1.8800725e+01
  -8.3875757e+00   1.1000000e+01   6.6916427e+01   5.1520300e+01   2.5334576e+01  -5.6000000e+01  -1.3632216e+01
  -9.7561150e+00   1.1000000e+01   6.4576211e+01   4.9823763e+01   2.8498870e+01  -5.6000000e+01  -1.1186724e+01
  -1.1547529e+01   1.1000000e+01   6.2728154e+01   4.7569368e+01   3.1620747e+01  -5.6000000e+01  -9.2234350e+00
  -1.1316904e+01   1.1000000e+01   5.9895301e+01   4.6573409e+01   3.4274684e+01  -5.6000000e+01  -5.4861268e+00
  -1.2306383e+01   1.1000000e+01   5.7004458e+01   4.4606634e+01   3.7799629e+01  -5.6000000e+01  -1.0911468e+00
  -1.3389825e+01   1.1000000e+01   5.4825509e+01   4.3366622e+01   4.1485143e+01  -5.6000000e+01   2.4840109e+00
  -1.2751208e+01   1.1000000e+01   5.0581222e+01   4.2169351e+01   4.4367236e+01  -5.6000000e+01   6.4916669e+00
  -1.3273413e+01   1.1000000e+01   4.7783514e+01   4.1405585e+01   4.6839827e+01  -5.6000000e+01   9.8840802e+00
  -1.3027956e+01   1.1000000e+01   4.6445413e+01   4.1282224e+01   4.7553460e+01  -5.6000000e+01   1.2597334e+01
  -1.4275758e+01   1.1000000e+01   4.5524387e+01   4.1091542e+01   4.9729496e+01  -5.6000000e+01   1.4905103e+01
  -1.3443517e+01   1.1000000e+01   4.2394005e+01   4.1473404e+01   5.1498126e+01  -5.6000000e+01   1.7104103e+01
  -1.4792752e+01   1.1000000e+01   4.0689047e+01   4.1420626e+01   5.4418419e+01  -5.6000000e+01   1.9475855e+01
  -1.7009059e+01   1.1000000e+01   4.0319874e+01   3.7852742e+01   5.8356995e+01  -5.6000000e+01   2.3668128e+01
  -1.8527004e+01   1.1000000e+01   3.9723315e+01   3.5817333e+01   5.8548125e+01  -5.6000000e+01   2.4647476e+01
  -2.0517388e+01   1.1000000e+01   3.9575738e+01   3.4333616e+01   5.8392316e+01  -5.6000000e+01   2.4127909e+01
  -2.0204836e+01   1.1000000e+01   3.7483545e+01   3.4801152e+01   5.9530780e+01  -5.6000000e+01   2.4650059e+01
  -2.2550750e+01   1.1000000e+01   3.7355627e+01   3.2923013e+01   6.1206667e+01  -5.6000000e+01   2.6855540e+01
  -2.2005677e+01   1.1000000e+01   3.5164060e+01   3.1619570e+01   6.2576690e+01  -5.6000000e+01   2.9599943e+01
  -2.3383120e+01   1.1000000e+01   3.1674387e+01   2.9494882e+01   6.4053448e+01  -5.6000000e+01   3.1545723e+01
  -2.4912400e+01   1.1000000e+01   2.9588529e+01   2.7604728e+01   6.5681093e+01  -5.6000000e+01   3.2083861e+01
  -2.4823021e+01   1.1000000e+01   2.4835584e+01   2.6063168e+01   6.8039118e+01  -5.6000000e+01   3.4468100e+01
  -2.5610897e+01   1.1000000e+01   2.1087370e+01   2.4216251e+01   7.0733104e+01  -5.6000000e+01   3.6999018e+01
  -2.6791250e+01   1.1000000e+01   1.8503782e+01   2.1230154e+01   7.3815852e+01  -5.6000000e+01   3.8387375e+01
  -2.7577947e+01   1.1000000e+01   1.4093859e+01   1.8362016e+01   7.6211066e+01  -5.6000000e+01   4.0151555e+01
  -2.9426967e+01   1.1000000e+01   1.3729766e+01   1.4516947e+01   7.5955255e+01  -5.6000000e+01   4.0721353e+01
  -3.0228381e+01   1.1000000e+01   1.0689729e+01   1.2387642e+01   7.5836551e+01  -5.6000000e+01   4.1924892e+01
  -3.1242953e+01   1.1000000e+01   8.2921000e+00   8.1431373e+00   7.7118130e+01  -5.6000000e+01   4.4307621e+01
