  -1.2087060e+01   6.9522915e+00   5.9573743e+01   3.8565082e+01   2.8411783e+01  -5.4879789e+01   8.7293567e+00
  -1.6309082e+01   9.2141074e+00   5.8674256e+01   3.2735610e+01   2.9753581e+01  -5.2430434e+01   1.2756453e+01
  -2.0531104e+01   1.1475923e+01   5.7774770e+01   2.6906137e+01   3.1095379e+01  -4.9981080e+01   1.6783549e+01
  -2.2000000e+01   1.1000000e+01   5.8984312e+01   2.7313718e+01   3.3372717e+01  -5.1017241e+01   1.8136065e+01
  -2.2000000e+01   1.1000000e+01   5.6065382e+01   2.6146519e+01   3.3266463e+01  -5.2529749e+01   2.1901475e+01
  -2.2000000e+01   1.1000000e+01   5.2513895e+01   2.6290832e+01   3.6603331e+01  -5.4186336e+01   2.4822690e+01
  -2.2000000e+01   1.1000000e+01   4.7689101e+01   2.7797501e+01   3.8827294e+01  -5.7014497e+01   2.7993012e+01
  -2.2000000e+01   1.1000000e+01   4.2995961e+01   2.8709227e+01   4.0903219e+01  -6.0425359e+01   3.0580226e+01
  -2.2000000e+01   1.1000000e+01   4.4228190e+01   2.7169812e+01   3.7834018e+01  -6.0893634e+01   3.1733917e+01
  -2.2000000e+01   1.1000000e+01   4.0110763e+01   2.6254030e+01   3.9224401e+01  -6.2421327e+01   3.3045476e+01
  -2.2000000e+01   1.1000000e+01   3.6860475e+01   2.5419988e+01   3.8256842e+01  -6.2630465e+01   3.5856921e+01
  -2.2000000e+01   1.1000000e+01   3.6570620e+01   2.5504653e+01   3.7281737e+01  -6.2476538e+01   3.5457617e+01
  -2.2000000e+01   1.1000000e+01   3.5339014e+01   2.4398054e+01   3.7455996e+01  -6.2931975e+01   3.6849854e+01
  -2.2000000e+01   1.1000000e+01   3.4346081e+01   2.3658390e+01   3.6662520e+01  -6.3211235e+01   3.7819988e+01
  -2.2000000e+01   1.1000000e+01   3.3174654e+01   2.1746131e+01   3.3866808e+01  -6.3372943e+01   3.8520784e+01
  -2.2000000e+01   1.1000000e+01   3.2387256e+01   1.9594913e+01   3.2883288e+01  -6.3267236e+01   4.0483001e+01
  -2.2000000e+01   1.1000000e+01   3.1674890e+01   1.8358359e+01   3.1859975e+01  -6.2418983e+01   4.1337351e+01
  -2.2000000e+01   1.1000000e+01   3.0641270e+01   1.7112278e+01   3.1668884e+01  -6.1549624e+01   4.1716375e+01
  -2.2000000e+01   1.1000000e+01   2.9181801e+01   1.6168904e+01   3.1998005e+01  -6.0468061e+01   4.2374779e+01
  -2.2000000e+01   1.1000000e+01   2.8874090e+01   1.5080194e+01   3.2793989e+01  -5.9550635e+01   4.2946064e+01
  -2.2000000e+01   1.1000000e+01   2.7114141e+01   1.4094364e+01   3.2866370e+01  -5.8576305e+01   4.3393659e+01
  -2.2000000e+01   1.1000000e+01   2.6031189e+01   1.3022177e+01   3.2384831e+01  -5.7496009e+01   4.3298110e+01
  -2.2000000e+01   1.1000000e+01   2.3341932e+01   1.1682912e+01   3.4074899e+01  -5.6614980e+01   4.4143223e+01
  -2.2000000e+01   1.1000000e+01   2.2134885e+01   9.7293742e+00   3.2764871e+01  -5.5500781e+01   4.3026771e+01
  -2.2000000e+01   1.1000000e+01   2.0429070e+01   8.0871344e+00   3.4239955e+01  -5.4821252e+01   4.4260427e+01
  -2.2000000e+01   1.1000000e+01   1.9679756e+01   6.5023740e+00   3.3163455e+01  -5.4029139e+01   4.4296379e+01
  -2.2000000e+01   1.1000000e+01   1.9391953e+01   5.1298019e+00   3.2241949e+01  -5.3481136e+01   4.4941348e+01
  -2.2000000e+01   1.1000000e+01   2.0083800e+01   4.0765589e+00   2.9385601e+01  -5.3283179e+01   4.4937507e+01
  -2.2000000e+01   1.1000000e+01   1.7997589e+01   2.1166159e+00   2.6345661e+01  -5.3907070e+01   4.6382175e+01
  -2.2000000e+01   1.1000000e+01   1.4948972e+01   3.0432465e-01   2.5940831e+01  -5.4515408e+01   4.8488239e+01
  -2.2000000e+01   1.1000000e+01   1.4712807e+01  -1.8246701e+00   2.4513583e+01  -5.4627472e+01   5.0628545e+01
  -2.2000000e+01   1.1000000e+01   1.3918319e+01  -3.3731581e+00   2.1778191e+01  -5.3817421e+01   5.2416854e+01
  -2.2000000e+01   1.1000000e+01   8.3961815e+00  -3.4981814e+00   2.1080524e+01  -5.2807391e+01   5.5853312e+01
  -2.2000000e+01   1.1000000e+01   5.9511274e+00  -7.0440630e+00   2.0763680e+01  -5.3497313e+01   5.7826362e+01
  -2.2000000e+01   1.1000000e+01   5.2008505e+00  -7.8058734e+00   2.0757457e+01  -5.2590574e+01   5.4398779e+01
  -2.2000000e+01   1.1000000e+01   9.7216234e+00  -7.7072028e+00   1.9130536e+01  -5.1476581e+01   5.6132607e+01
  -2.2000000e+01   1.1000000e+01   1.0891163e+01  -8.5852628e+00   1.7423637e+01  -5.1178667e+01   5.9587394e+01
  -2.2000000e+01   1.1000000e+01   3.6601689e+00  -1.0323223e+01   1.5993282e+01  -5.1062926e+01   6.1213534e+01
  -2.2000000e+01   1.1000000e+01  -2.7130098e+00  -1.2739090e+01   1.6703590e+01  -5.1428015e+01   6.2318132e+01
  -2.2000000e+01   1.1000000e+01   3.5126527e+00  -1.2259493e+01   1.5039844e+01  -5.0327833e+01   6.0313195e+01
  -2.2000000e+01   1.1000000e+01   8.1996488e+00  -1.2239572e+01   1.3151217e+01  -4.9689643e+01   5.9706687e+01
  -2.2000000e+01   1.1000000e+01   1.3124643e+01  -1.3181475e+01   1.1908930e+01  -4.9382131e+01   5.9425111e+01
  -2.2000000e+01   1.1000000e+01   1.3499189e+01  -1.4201141e+01   1.0595488e+01  -4.9053956e+01   5.9245833e+01
  -2.2000000e+01   1.1000000e+01   1.1588513e+01  -1.5330682e+01   9.2054799e+00  -4.8738961e+01   5.9124820e+01
  -2.2000000e+01   1.1000000e+01   9.2015202e+00  -1.7258061e+01   1.2600870e+01  -5.0683083e+01   6.2161121e+01
  -2.2000000e+01   1.1000000e+01   1.1302639e+01  -1.9125708e+01   1.7319170e+01  -5.3490815e+01   6.1207489e+01
  -2.2000000e+01   1.1000000e+01   1.0954075e+01  -2.0395487e+01   2.4618924e+01  -5.6094015e+01   5.6057139e+01
  -2.2000000e+01   1.1000000e+01   1.5787101e+01  -1.6901048e+01   3.3708779e+01  -5.4878378e+01   4.9115560e+01
  -2.2000000e+01   1.1000000e+01   2.6716275e+01  -1.1193041e+01   4.3713564e+01  -5.3576436e+01   3.9692250e+01
  -2.2000000e+01   1.1000000e+01   3.7726657e+01  -4.3026563e+00   4.9502861e+01  -5.0609436e+01   3.0172295e+01
  -2.2000000e+01   1.1000000e+01   4.7128394e+01  -2.3770673e-02   4.8705447e+01  -4.7251154e+01   2.2552076e+01
  -2.2000000e+01   1.1000000e+01   5.7075198e+01   3.3307411e+00   4.4794535e+01  -4.4111513e+01   1.4343728e+01
  -2.2000000e+01   1.1000000e+01   6.7017189e+01   4.9279499e+00   3.9023050e+01  -4.1684886e+01   8.5496375e+00
  -2.2000000e+01   1.1000000e+01   7.5738661e+01   7.4528217e+00   3.2547489e+01  -3.8935152e+01   9.6439333e-01
  -2.2000000e+01   1.1000000e+01   8.4591958e+01   1.0944833e+01   2.6403460e+01  -3.5316173e+01  -7.7798776e+00
  -2.2000000e+01   1.1000000e+01   9.2584154e+01   1.4428474e+01   1.9265249e+01  -3.1166038e+01  -1.7012602e+01
  -2.2000000e+01   1.1000000e+01   9.8189577e+01   1.7595594e+01   1.1935192e+01  -2.6813180e+01  -2.4545283e+01
  -2.2000000e+01   1.1000000e+01   9.8948903e+01   2.1618848e+01   6.5615367e+00  -2.2085350e+01  -3.0978208e+01
  -2.2000000e+01   1.1000000e+01   1.0040814e+02   2.6110231e+01   3.5873455e+00  -1.7707040e+01  -3.3884599e+01
  -2.2000000e+01   1.1000000e+01   1.0204008e+02   2.8407800e+01   5.5791383e+00  -1.6872369e+01  -3.4369481e+01
  -2.2000000e+01   1.1000000e+01   1.0112449e+02   2.9416080e+01   7.3185985e+00  -1.8811940e+01  -3.3376703e+01
  -2.2000000e+01   1.1000000e+01   9.9223022e+01   2.9814171e+01   6.4540801e+00  -2.0643853e+01  -3.2449767e+01
  -2.2000000e+01   1.1000000e+01   9.7499298e+01   2.9575596e+01   7.9851551e+00  -2.2229206e+01  -3.0644051e+01
  -2.2000000e+01   1.1000000e+01   9.5631686e+01   2.9394434e+01   9.5789002e+00  -2.3770321e+01  -2.9395101e+01
  -2.2000000e+01   1.1000000e+01   9.3390933e+01   2.8962247e+01   1.1158475e+01  -2.5411360e+01  -2.6807117e+01
  -2.2000000e+01   1.1000000e+01   9.4795897e+01   2.9047264e+01   9.5354313e+00  -2.6068503e+01  -2.4609833e+01
  -2.2000000e+01   1.1000000e+01   9.4587793e+01   2.9081545e+01   9.6152982e+00  -2.7701808e+01  -2.1018478e+01
  -2.2000000e+01   1.1000000e+01   9.2691373e+01   2.9402563e+01   1.1494624e+01  -2.9860624e+01  -1.8025661e+01
  -2.2000000e+01   1.1000000e+01   9.3344883e+01   3.0141107e+01   1.1080094e+01  -3.0470638e+01  -1.6160868e+01
  -2.2000000e+01   1.1000000e+01   9.1780208e+01   3.0134783e+01   1.2389701e+01  -3.1969121e+01  -1.3820109e+01
  -2.2000000e+01   1.1000000e+01   9.0975022e+01   3.0255183e+01   1.4205805e+01  -3.3365538e+01  -1.1420974e+01
  -2.2000000e+01   1.1000000e+01   8.7647952e+01   3.1007552e+01   1.7828307e+01  -3.5388034e+01  -8.6726706e+00
  -2.2000000e+01   1.1000000e+01   8.6146724e+01   3.0937324e+01   2.1410509e+01  -3.7482800e+01  -5.5930431e+00
  -2.2000000e+01   1.1000000e+01   8.3240151e+01   3.1071382e+01   2.4047625e+01  -3.9369373e+01  -2.6012793e+00
  -2.2000000e+01   1.1000000e+01   8.0165509e+01   3.1468465e+01   2.6578172e+01  -4.1025436e+01   4.2792817e-01
  -2.2000000e+01   1.1000000e+01   7.5646358e+01   3.2355271e+01   3.0295947e+01  -4.2960546e+01   3.0852898e+00
  -2.2000000e+01   1.1000000e+01   7.1176412e+01   3.2442328e+01   3.4258696e+01  -4.5518179e+01   7.1201385e+00
  -2.2000000e+01   1.1000000e+01   6.8082820e+01   3.3165664e+01   3.8642355e+01  -4.7464626e+01   1.0183230e+01
  -2.2000000e+01   1.1000000e+01   6.3328140e+01   3.3976264e+01   4.2034638e+01  -4.9405373e+01   1.3032797e+01
  -2.2000000e+01   1.1000000e+01   5.9776454e+01   3.5352446e+01   4.5194452e+01  -5.1816531e+01   1.5971019e+01
  -2.2000000e+01   1.1000000e+01   5.6121134e+01   3.5967971e+01   4.8740091e+01  -5.4377075e+01   1.9062040e+01
  -2.2000000e+01   1.1000000e+01   5.0916517e+01   3.7442569e+01   5.2118515e+01  -5.6667960e+01   2.1320491e+01
  -2.2000000e+01   1.1000000e+01   4.8863907e+01   4.0318039e+01   5.4971571e+01  -5.7708213e+01   2.0372792e+01
  -2.2000000e+01   1.1000000e+01   4.5508158e+01   4.1113910e+01   5.5968158e+01  -6.1453351e+01   2.3104138e+01
  -2.2000000e+01   1.1000000e+01   4.2152743e+01   4.1643896e+01   5.7079864e+01  -6.5483709e+01   2.6834862e+01
  -2.2000000e+01   1.1000000e+01   3.7919455e+01   4.0738513e+01   5.9030355e+01  -6.9891101e+01   3.2500748e+01
  -2.2000000e+01   1.1000000e+01   3.3811962e+01   4.0956451e+01   5.8771242e+01  -7.2444568e+01   3.5644511e+01
  -2.2000000e+01   1.1000000e+01   3.3727149e+01   4.0603412e+01   5.6980209e+01  -7.3810492e+01   3.6722266e+01
  -2.2000000e+01   1.1000000e+01   2.9394908e+01   4.0163464e+01   5.9273303e+01  -7.6041196e+01   4.0179967e+01
  -2.2000000e+01   1.1000000e+01   2.5968405e+01   3.9244053e+01   5.9987072e+01  -7.7231497e+01   4.2516385e+01
  -2.2000000e+01   1.1000000e+01   2.3556065e+01   3.8224259e+01   6.0996156e+01  -7.8400114e+01   4.4032805e+01
  -2.2000000e+01   1.1000000e+01   2.2143563e+01   3.6656411e+01   6.0865414e+01  -7.9020875e+01   4.6041782e+01
  -2.2000000e+01   1.1000000e+01   1.9473800e+01   3.5066669e+01   6.1656778e+01  -7.9154013e+01   4.7585971e+01
  -2.2000000e+01   1.1000000e+01   1.6382151e+01   3.2830523e+01   6.2210390e+01  -7.9327563e+01   4.8871129e+01
  -2.2000000e+01   1.1000000e+01   1.3629502e+01   3.0930841e+01   6.3422774e+01  -7.8899895e+01   5.1127868e+01
  -2.2000000e+01   1.1000000e+01   1.2187724e+01   2.8165226e+01   6.3244456e+01  -7.7887329e+01   5.1930718e+01
  -2.2000000e+01   1.1000000e+01   1.2845031e+01   2.5216374e+01   6.2419666e+01  -7.6334801e+01   5.3467128e+01
  -2.2000000e+01   1.1000000e+01   1.0631531e+01   2.2021172e+01   6.1736419e+01  -7.4913451e+01   5.4648966e+01
  -2.2000000e+01   1.1000000e+01   1.6980200e+01   1.8881115e+01   5.7823752e+01  -7.2278832e+01   5.4889625e+01
  -2.2000000e+01   1.1000000e+01   1.5842034e+01   1.6246997e+01   5.5939681e+01  -7.0509352e+01   5.6054941e+01
  -2.2000000e+01   1.1000000e+01   1.6569058e+01   1.3366573e+01   5.3997941e+01  -6.8833173e+01   5.7133052e+01
  -2.2000000e+01   1.1000000e+01   1.8854319e+01   1.2727559e+01   5.1547085e+01  -6.6895370e+01   5.8599351e+01
  -2.2000000e+01   1.1000000e+01   1.1797297e+01   9.9112255e+00   5.1711103e+01  -6.6458458e+01   6.0641309e+01
  -2.2000000e+01   1.1000000e+01   1.0296172e+01   7.8186147e+00   5.1434477e+01  -6.5519588e+01   6.1338282e+01
  -2.2000000e+01   1.1000000e+01   7.0623516e+00   5.6241036e+00   5.1919842e+01  -6.5101213e+01   6.2885235e+01
  -2.2000000e+01   1.1000000e+01   7.7860064e+00   4.8068380e+00   5.1196975e+01  -6.3646123e+01   6.2955823e+01
  -2.2000000e+01   1.1000000e+01   2.9077760e+00   2.8822530e+00   5.1341840e+01  -6.3384747e+01   6.4153081e+01
  -2.2000000e+01   1.1000000e+01   5.4168908e+00   1.4915824e+00   5.0982125e+01  -6.2530675e+01   6.5094578e+01
  -2.2000000e+01   1.1000000e+01   1.7501205e+00  -8.5029778e-02   5.0177888e+01  -6.1776365e+01   6.6046066e+01
  -2.2000000e+01   1.1000000e+01  -1.7136914e+00  -2.4507532e+00   4.9869014e+01  -6.1338170e+01   6.6981383e+01
  -2.2000000e+01   1.1000000e+01  -2.6918527e+00  -4.4157296e+00   4.9546026e+01  -6.0486456e+01   6.7408640e+01
  -2.2000000e+01   1.1000000e+01  -1.3989115e+00  -5.1395476e+00   4.8763242e+01  -5.8913158e+01   6.8342038e+01
  -2.2000000e+01   1.1000000e+01  -1.0367899e+00  -6.3917444e+00   4.8060511e+01  -5.8052091e+01   6.9306031e+01
  -2.2000000e+01   1.1000000e+01  -3.1131255e+00  -7.5832500e+00   4.7334209e+01  -5.7239853e+01   7.0563040e+01
  -2.2000000e+01   1.1000000e+01  -3.8623686e+00  -8.8822008e+00   4.6691104e+01  -5.6619487e+01   7.1815084e+01
  -2.2000000e+01   1.1000000e+01  -4.6116116e+00  -1.0181152e+01   4.6047998e+01  -5.5999122e+01   7.3067129e+01
  -2.2000000e+01   1.1000000e+01  -5.8174236e+00  -1.1458682e+01   4.5476014e+01  -5.5472223e+01   7.4399959e+01
  -2.2000000e+01   1.1000000e+01  -5.4492373e+00  -1.2212342e+01   4.4794136e+01  -5.4756664e+01   7.4765330e+01
  -2.2000000e+01   1.1000000e+01  -8.7480140e+00  -1.3684673e+01   4.4461064e+01  -5.4734524e+01   7.5684523e+01
  -2.2000000e+01   1.1000000e+01  -1.1079362e+01  -1.5227289e+01   4.4271502e+01  -5.4870027e+01   7.6009207e+01
  -2.2000000e+01   1.1000000e+01  -1.0457522e+01  -1.5932135e+01   4.4420688e+01  -5.4784409e+01   7.6126491e+01
  -2.2000000e+01   1.1000000e+01  -1.1204984e+01  -1.6498953e+01   4.4712357e+01  -5.4555641e+01   7.5133826e+01
  -2.2000000e+01   1.1000000e+01  -7.9220102e+00  -1.6740380e+01   4.5249351e+01  -5.4195648e+01   7.3039833e+01
  -2.2000000e+01   1.1000000e+01  -9.3779269e+00  -1.7535836e+01   4.8415363e+01  -5.4285768e+01   7.0324002e+01
  -2.2000000e+01   1.1000000e+01  -9.5026352e+00  -1.8417090e+01   5.3014337e+01  -5.4579373e+01   6.7059464e+01
  -2.2000000e+01   1.1000000e+01  -6.9096532e+00  -1.6820084e+01   5.7281911e+01  -5.3225361e+01   6.5741733e+01
  -2.2000000e+01   1.1000000e+01  -2.7255496e+00  -1.5575774e+01   6.3025348e+01  -5.3564265e+01   5.8210767e+01
  -2.2000000e+01   1.1000000e+01   3.4639673e+00  -1.5402352e+01   6.3651649e+01  -5.4871776e+01   4.8335942e+01
  -2.2000000e+01   1.1000000e+01   7.5969190e+00  -1.3068166e+01   6.4851345e+01  -5.6226210e+01   3.9738380e+01
  -2.2000000e+01   1.1000000e+01   1.4173141e+01  -9.4260443e+00   6.1593359e+01  -5.6349734e+01   3.0690272e+01
  -2.2000000e+01   1.1000000e+01   1.9377515e+01  -6.9290872e+00   6.4749459e+01  -5.4260134e+01   2.1484346e+01
  -2.2000000e+01   1.1000000e+01   2.8477334e+01  -1.5643212e+00   6.4937558e+01  -5.1447699e+01   1.2831265e+01
  -2.2000000e+01   1.1000000e+01   3.6660350e+01   1.7269204e+00   6.1942394e+01  -4.8331900e+01   4.6562780e+00
  -2.2000000e+01   1.1000000e+01   4.5251818e+01   4.2208972e+00   5.8780922e+01  -4.5195514e+01  -2.9832919e+00
  -2.2000000e+01   1.1000000e+01   5.5054186e+01   7.5017103e+00   5.5763480e+01  -4.1286474e+01  -9.7342383e+00
  -2.2000000e+01   1.1000000e+01   6.3860605e+01   9.5820153e+00   5.0570384e+01  -3.7641166e+01  -1.6608406e+01
  -2.2000000e+01   1.1000000e+01   7.1302952e+01   1.1881593e+01   4.3433668e+01  -3.3634783e+01  -2.4563806e+01
  -2.2000000e+01   1.1000000e+01   7.8690399e+01   1.5038086e+01   3.6135537e+01  -2.8852430e+01  -3.2150023e+01
  -2.2000000e+01   1.1000000e+01   8.2039362e+01   1.7677841e+01   2.7806707e+01  -2.4634209e+01  -3.9894207e+01
  -2.2000000e+01   1.1000000e+01   8.5016002e+01   1.9522961e+01   1.9972761e+01  -2.0731413e+01  -4.6486359e+01
  -2.2000000e+01   1.1000000e+01   8.9142974e+01   2.1463491e+01   1.3189503e+01  -1.6565424e+01  -5.0140917e+01
  -2.2000000e+01   1.1000000e+01   9.2834364e+01   2.4316392e+01   6.4874688e+00  -1.2320036e+01  -5.0810836e+01
  -2.2000000e+01   1.1000000e+01   9.7499822e+01   2.6243295e+01   4.3218534e+00  -1.0332662e+01  -4.6562162e+01
  -2.2000000e+01   1.1000000e+01   9.8715560e+01   2.5865926e+01   2.7541957e+00  -1.1585161e+01  -4.2089838e+01
  -2.2000000e+01   1.1000000e+01   9.7963469e+01   2.5092112e+01   1.1135212e+00  -1.3383581e+01  -3.8254695e+01
  -2.2000000e+01   1.1000000e+01   9.6557951e+01   2.5021883e+01   1.0321012e+00  -1.5302242e+01  -3.4839953e+01
  -2.2000000e+01   1.1000000e+01   9.5669341e+01   2.4802458e+01   2.1777121e+00  -1.7426499e+01  -3.2058522e+01
  -2.2000000e+01   1.1000000e+01   9.5180144e+01   2.4784342e+01   1.8446107e+00  -1.8992678e+01  -2.9840725e+01
  -2.2000000e+01   1.1000000e+01   9.3560772e+01   2.4878407e+01   1.9680058e+00  -2.0855927e+01  -2.7377044e+01
  -2.2000000e+01   1.1000000e+01   9.1130857e+01   2.5138410e+01   5.5680851e+00  -2.3356118e+01  -2.3823805e+01
  -2.2000000e+01   1.1000000e+01   8.8942661e+01   2.5565453e+01   1.0531079e+01  -2.6324959e+01  -1.9976648e+01
  -2.2000000e+01   1.1000000e+01   8.6233741e+01   2.6201613e+01   1.4813567e+01  -2.8930882e+01  -1.6539904e+01
  -2.2000000e+01   1.1000000e+01   8.3576209e+01   2.6699569e+01   1.9135831e+01  -3.1677158e+01  -1.3136908e+01
  -2.2000000e+01   1.1000000e+01   8.0381977e+01   2.7744665e+01   2.2900062e+01  -3.4013731e+01  -1.0312528e+01
  -2.2000000e+01   1.1000000e+01   7.8238935e+01   2.9124177e+01   2.6136367e+01  -3.6021071e+01  -8.7298615e+00
  -2.2000000e+01   1.1000000e+01   7.7045127e+01   3.0349300e+01   2.9270679e+01  -3.7975994e+01  -6.4694020e+00
  -2.2000000e+01   1.1000000e+01   7.4665827e+01   3.1618222e+01   3.1749847e+01  -3.9946066e+01  -4.4841477e+00
  -2.2000000e+01   1.1000000e+01   7.3232647e+01   3.2936188e+01   3.4119800e+01  -4.1922923e+01  -2.7688924e+00
  -2.2000000e+01   1.1000000e+01   7.0592567e+01   3.3386888e+01   3.6951800e+01  -4.4265895e+01   5.9056252e-01
  -2.2000000e+01   1.1000000e+01   6.6564936e+01   3.4242061e+01   4.0360140e+01  -4.6364494e+01   3.5064523e+00
  -2.2000000e+01   1.1000000e+01   6.3762041e+01   3.5497171e+01   4.3571286e+01  -4.8118777e+01   6.1883747e+00
  -2.2000000e+01   1.1000000e+01   6.1258962e+01   3.6348801e+01   4.6639935e+01  -5.0267694e+01   9.1036169e+00
  -2.2000000e+01   1.1000000e+01   5.8623170e+01   3.7452207e+01   4.8749423e+01  -5.2249957e+01   1.1563657e+01
  -2.2000000e+01   1.1000000e+01   5.5898497e+01   3.8892268e+01   5.0575970e+01  -5.3901228e+01   1.3509326e+01
  -2.2000000e+01   1.1000000e+01   5.3234718e+01   4.0840052e+01   5.3106435e+01  -5.5732408e+01   1.5233435e+01
  -2.2000000e+01   1.1000000e+01   5.2203047e+01   4.1913567e+01   5.4231297e+01  -5.8188953e+01   1.7074561e+01
  -2.2000000e+01   1.1000000e+01   4.9510914e+01   4.4375401e+01   5.6970915e+01  -6.0952825e+01   1.9218793e+01
  -2.2000000e+01   1.1000000e+01   4.6551067e+01   4.6785302e+01   5.9532927e+01  -6.3934850e+01   2.1414684e+01
  -2.2000000e+01   1.1000000e+01   4.3363027e+01   4.8917767e+01   6.1754548e+01  -6.7489971e+01   2.4544108e+01
  -2.2000000e+01   1.1000000e+01   4.3617527e+01   5.0884849e+01   6.1635361e+01  -7.0553020e+01   2.3971736e+01
  -2.2000000e+01   1.1000000e+01   4.0775283e+01   5.2212628e+01   6.2153487e+01  -7.4451228e+01   2.6649408e+01
  -2.2000000e+01   1.1000000e+01   3.7686743e+01   5.4595833e+01   6.4807651e+01  -7.7593783e+01   2.9261666e+01
  -2.2000000e+01   1.1000000e+01   3.6602945e+01   5.6230432e+01   6.5303317e+01  -8.1452759e+01   3.3186824e+01
  -2.2000000e+01   1.1000000e+01   3.7090128e+01   5.6721139e+01   6.4511433e+01  -8.5519794e+01   3.4857251e+01
  -2.2000000e+01   1.1000000e+01   3.5458644e+01   5.6499087e+01   6.3528295e+01  -8.9022608e+01   3.6943683e+01
  -2.2000000e+01   1.1000000e+01   3.2747670e+01   5.6697832e+01   6.3758353e+01  -9.1694417e+01   3.8756051e+01
  -2.2000000e+01   1.1000000e+01   3.0283272e+01   5.6243869e+01   6.3546854e+01  -9.3077301e+01   4.0909494e+01
  -2.2000000e+01   1.1000000e+01   2.8761789e+01   5.4809033e+01   6.4833807e+01  -9.5060238e+01   4.4201809e+01
  -2.2000000e+01   1.1000000e+01   2.5519067e+01   5.6883462e+01   6.4884077e+01  -9.5125439e+01   4.4997450e+01
  -2.2000000e+01   1.1000000e+01   2.5499229e+01   5.4587800e+01   6.4363829e+01  -9.5780723e+01   4.6793294e+01
  -2.2000000e+01   1.1000000e+01   2.2080231e+01   5.1983746e+01   6.5930713e+01  -9.7452485e+01   4.9689747e+01
  -2.2000000e+01   1.1000000e+01   2.0714834e+01   4.7990705e+01   6.7210559e+01  -9.8600160e+01   5.0681874e+01
  -2.2000000e+01   1.1000000e+01   1.7564429e+01   4.6323529e+01   6.9945499e+01  -9.8327170e+01   5.3520886e+01
  -2.2000000e+01   1.1000000e+01   1.2210772e+01   4.6493873e+01   7.1583004e+01  -9.7745366e+01   5.5064024e+01
  -2.2000000e+01   1.1000000e+01   1.2703323e+01   4.2421246e+01   7.3140009e+01  -9.7711481e+01   5.5406999e+01
  -2.2000000e+01   1.1000000e+01   1.2766333e+01   4.0065541e+01   7.0156178e+01  -9.4780091e+01   5.5747832e+01
  -2.2000000e+01   1.1000000e+01   1.1028477e+01   3.6881339e+01   7.0674600e+01  -9.3291692e+01   5.7637400e+01
  -2.2000000e+01   1.1000000e+01   1.0219420e+01   3.3980163e+01   7.0759717e+01  -9.1266751e+01   5.8541528e+01
  -2.2000000e+01   1.1000000e+01   9.4146362e+00   3.1491115e+01   6.8878144e+01  -8.8708261e+01   5.8590460e+01
  -2.2000000e+01   1.1000000e+01   8.2146408e+00   2.8416800e+01   6.8266441e+01  -8.7117468e+01   6.0219756e+01
  -2.2000000e+01   1.1000000e+01   6.8274856e+00   2.5211542e+01   6.7820505e+01  -8.5648378e+01   6.2078805e+01
  -2.2000000e+01   1.1000000e+01   7.5987932e+00   2.2547222e+01   6.7014817e+01  -8.3832580e+01   6.2849603e+01
  -2.2000000e+01   1.1000000e+01   5.2975296e+00   1.9532915e+01   6.6671242e+01  -8.2721301e+01   6.4079601e+01
  -2.2000000e+01   1.1000000e+01   5.1552302e+00   1.7109379e+01   6.6327082e+01  -8.1124986e+01   6.5655247e+01
  -2.2000000e+01   1.1000000e+01   4.5697306e+00   1.5633909e+01   6.5479403e+01  -7.9266933e+01   6.6679723e+01
  -2.2000000e+01   1.1000000e+01   2.5960132e+00   1.3750614e+01   6.4863302e+01  -7.8045710e+01   6.8494639e+01
  -2.2000000e+01   1.1000000e+01   6.7982415e-01   1.1983665e+01   6.4394219e+01  -7.7115116e+01   6.9600697e+01
  -2.2000000e+01   1.1000000e+01  -3.0745243e+00   9.5563277e+00   6.4393425e+01  -7.6759371e+01   7.1234785e+01
  -2.2000000e+01   1.1000000e+01  -1.0423333e+01   6.3850437e+00   6.5079219e+01  -7.6967527e+01   7.3629547e+01
  -2.2000000e+01   1.1000000e+01  -1.2102868e+01   3.2234501e+00   6.6145484e+01  -7.6548576e+01   7.4413464e+01
  -2.2000000e+01   1.1000000e+01  -1.3998090e+01   5.3696117e-01   6.7613219e+01  -7.5530652e+01   7.3641597e+01
  -2.2000000e+01   1.1000000e+01  -1.4501612e+01  -9.1435371e-01   7.0238563e+01  -7.3988748e+01   7.2301576e+01
  -2.2000000e+01   1.1000000e+01  -1.1042286e+01  -1.6483182e+00   7.2704044e+01  -7.2014582e+01   6.9729660e+01
  -2.2000000e+01   1.1000000e+01  -9.3778246e+00  -1.7182483e+00   7.4829588e+01  -6.9275872e+01   6.5630762e+01
  -2.2000000e+01   1.1000000e+01  -8.4856457e+00  -1.4607435e+00   7.9485490e+01  -6.7341195e+01   6.1008628e+01
  -2.2000000e+01   1.1000000e+01  -8.6954199e+00  -1.2935242e+00   8.3920351e+01  -6.5670254e+01   5.9757474e+01
  -2.2000000e+01   1.1000000e+01  -7.4563635e+00  -1.8850490e+00   8.6569491e+01  -6.3227007e+01   5.6865837e+01
  -2.2000000e+01   1.1000000e+01  -9.7886255e+00  -2.4290051e+00   8.9690437e+01  -6.2263634e+01   5.2774129e+01
  -2.2000000e+01   1.1000000e+01  -8.6102762e+00  -1.5300986e+00   9.1555766e+01  -6.1742896e+01   5.0705406e+01
  -2.2000000e+01   1.1000000e+01  -6.4372988e+00  -3.0578571e+00   1.0142845e+02  -5.9453029e+01   4.0809884e+01
  -2.2000000e+01   1.1000000e+01  -6.6963957e+00  -4.8756500e+00   1.0814747e+02  -5.3319555e+01   2.8802659e+01
  -2.2000000e+01   1.1000000e+01  -3.3691310e+00  -7.2969183e+00   1.0816710e+02  -4.8559943e+01   1.8506606e+01
  -2.2000000e+01   1.1000000e+01   7.0223140e+00  -5.5089624e+00   9.9490064e+01  -4.5477470e+01   1.2508444e+01
  -2.2000000e+01   1.1000000e+01   1.8160172e+01  -9.2164331e-02   9.2480534e+01  -4.0650741e+01   7.3663399e+00
  -2.2000000e+01   1.1000000e+01   2.9067962e+01   4.9357930e+00   8.6188827e+01  -3.5953674e+01   1.8208889e+00
  -2.2000000e+01   1.1000000e+01   3.9310621e+01   1.0153406e+01   8.0900402e+01  -3.0847565e+01  -4.8793269e+00
  -2.2000000e+01   1.1000000e+01   4.8344676e+01   1.4089046e+01   7.5824378e+01  -2.6772428e+01  -1.4042129e+01
  -2.2000000e+01   1.1000000e+01   5.6277257e+01   1.6272948e+01   7.0141272e+01  -2.3764410e+01  -2.3373560e+01
  -2.2000000e+01   1.1000000e+01   6.3003650e+01   1.8729067e+01   6.4000542e+01  -2.0445543e+01  -3.3240214e+01
  -2.2000000e+01   1.1000000e+01   6.8428610e+01   2.1936810e+01   5.7436916e+01  -1.6322748e+01  -4.2034652e+01
  -2.2000000e+01   1.1000000e+01   7.2292925e+01   2.5162525e+01   5.1392074e+01  -1.2414418e+01  -4.8251344e+01
  -2.2000000e+01   1.1000000e+01   7.4783867e+01   2.6314447e+01   4.6487294e+01  -1.1161722e+01  -4.9006402e+01
  -2.2000000e+01   1.1000000e+01   7.5217535e+01   2.6008523e+01   4.2687019e+01  -1.1670632e+01  -4.6638283e+01
  -2.2000000e+01   1.1000000e+01   7.4377103e+01   2.5378088e+01   3.9928693e+01  -1.3425177e+01  -4.1503173e+01
  -2.2000000e+01   1.1000000e+01   7.2601522e+01   2.4237536e+01   3.6987176e+01  -1.5776084e+01  -3.6783168e+01
  -2.2000000e+01   1.1000000e+01   7.1484264e+01   2.4021788e+01   3.6160469e+01  -1.8379226e+01  -3.2303844e+01
  -2.2000000e+01   1.1000000e+01   6.9160418e+01   2.3313490e+01   3.6047436e+01  -2.1605391e+01  -2.7427002e+01
  -2.2000000e+01   1.1000000e+01   6.7239609e+01   2.3180608e+01   3.6662129e+01  -2.4351342e+01  -2.3243521e+01
  -2.2000000e+01   1.1000000e+01   6.4780181e+01   2.2936359e+01   3.8213562e+01  -2.7078736e+01  -1.8523938e+01
  -2.2000000e+01   1.1000000e+01   6.0963775e+01   2.2852212e+01   4.0184819e+01  -2.9993231e+01  -1.3274448e+01
  -2.2000000e+01   1.1000000e+01   5.8737915e+01   2.3728427e+01   4.2750726e+01  -3.2199280e+01  -9.4102605e+00
  -2.2000000e+01   1.1000000e+01   5.6149605e+01   2.4480857e+01   4.5188315e+01  -3.4538036e+01  -5.6710805e+00
  -2.2000000e+01   1.1000000e+01   5.3517073e+01   2.5790188e+01   4.7125869e+01  -3.6474094e+01  -3.2418893e+00
  -2.2000000e+01   1.1000000e+01   5.0794486e+01   2.6420666e+01   4.9672009e+01  -3.9132782e+01   8.7868139e-01
  -2.2000000e+01   1.1000000e+01   4.8980967e+01   2.8076774e+01   5.0854990e+01  -4.1609636e+01   3.6260667e+00
  -2.2000000e+01   1.1000000e+01   4.6814103e+01   2.9194014e+01   5.2682156e+01  -4.3814796e+01   6.6864171e+00
  -2.2000000e+01   1.1000000e+01   4.3869714e+01   3.1474834e+01   5.5137057e+01  -4.5803652e+01   1.0384722e+01
  -2.2000000e+01   1.1000000e+01   4.2731970e+01   3.3087952e+01   5.7840069e+01  -4.8242985e+01   1.3741127e+01
  -2.2000000e+01   1.1000000e+01   4.1282400e+01   3.4825780e+01   5.7757579e+01  -5.0508807e+01   1.4962712e+01
  -2.2000000e+01   1.1000000e+01   4.1846704e+01   3.5703822e+01   5.6534928e+01  -5.3167696e+01   1.6109670e+01
  -2.2000000e+01   1.1000000e+01   4.0835612e+01   3.8302683e+01   5.6119246e+01  -5.5610133e+01   1.6926155e+01
  -2.2000000e+01   1.1000000e+01   4.0008535e+01   4.0181021e+01   5.7200264e+01  -5.8994953e+01   1.9457365e+01
  -2.2000000e+01   1.1000000e+01   3.9791865e+01   4.1952614e+01   5.7819230e+01  -6.2167191e+01   2.1298397e+01
  -2.2000000e+01   1.1000000e+01   3.8766768e+01   4.3681007e+01   5.8016691e+01  -6.5375653e+01   2.2842914e+01
  -2.2000000e+01   1.1000000e+01   3.8833346e+01   4.5334215e+01   5.5768116e+01  -6.7869592e+01   2.1936929e+01
  -2.2000000e+01   1.1000000e+01   3.8760578e+01   4.4870089e+01   5.4120139e+01  -7.0521239e+01   2.3932237e+01
  -2.2000000e+01   1.1000000e+01   3.5174207e+01   4.6936380e+01   5.6785023e+01  -7.2454778e+01   2.6213876e+01
  -2.2000000e+01   1.1000000e+01   3.5385078e+01   4.8762957e+01   5.6321117e+01  -7.4196680e+01   2.6009936e+01
  -2.2000000e+01   1.1000000e+01   3.1140188e+01   5.2640909e+01   5.7997153e+01  -7.6942864e+01   2.4494307e+01
  -2.2000000e+01   1.1000000e+01   2.9944295e+01   5.1812409e+01   5.8472951e+01  -8.0652703e+01   2.7367235e+01
  -2.2000000e+01   1.1000000e+01   3.3163888e+01   4.9693230e+01   5.3911728e+01  -8.1770602e+01   2.8684249e+01
  -2.2000000e+01   1.1000000e+01   3.0454721e+01   4.9360575e+01   5.4430097e+01  -8.2885065e+01   3.1012847e+01
  -2.2000000e+01   1.1000000e+01   2.7927997e+01   4.8770517e+01   5.5627009e+01  -8.4390031e+01   3.4291605e+01
  -2.2000000e+01   1.1000000e+01   2.5334872e+01   5.1120613e+01   5.6708550e+01  -8.5221866e+01   3.5845225e+01
  -2.2000000e+01   1.1000000e+01   1.9848143e+01   5.1626228e+01   6.0212970e+01  -8.7718732e+01   3.8768856e+01
  -2.2000000e+01   1.1000000e+01   1.6815936e+01   4.9336952e+01   6.2495902e+01  -9.0325880e+01   4.1035042e+01
  -2.2000000e+01   1.1000000e+01   1.5023364e+01   4.7974659e+01   6.2587735e+01  -9.0645652e+01   4.2480934e+01
  -2.2000000e+01   1.1000000e+01   1.1691642e+01   4.5764226e+01   6.4383099e+01  -9.1595364e+01   4.3928129e+01
  -2.2000000e+01   1.1000000e+01   9.1853210e+00   4.3806071e+01   6.4936431e+01  -9.1619172e+01   4.5654714e+01
  -2.2000000e+01   1.1000000e+01   7.7218705e+00   4.1322801e+01   6.5277666e+01  -9.1298587e+01   4.8268623e+01
  -2.2000000e+01   1.1000000e+01   7.0055176e+00   3.8626144e+01   6.4876425e+01  -9.0402026e+01   5.0459603e+01
  -2.2000000e+01   1.1000000e+01   6.2538468e+00   3.5506027e+01   6.4338767e+01  -8.9536619e+01   5.2088694e+01
  -2.2000000e+01   1.1000000e+01   6.6823482e+00   3.2410465e+01   6.3374736e+01  -8.8536435e+01   5.3119389e+01
  -2.2000000e+01   1.1000000e+01   3.6410321e+00   2.9680327e+01   6.2635115e+01  -8.7690959e+01   5.4943732e+01
  -2.2000000e+01   1.1000000e+01   5.3167399e+00   2.7682111e+01   6.0847310e+01  -8.6263698e+01   5.6058905e+01
  -2.2000000e+01   1.1000000e+01   5.4332013e+00   2.5196088e+01   5.9114427e+01  -8.5405312e+01   5.7553799e+01
  -2.2000000e+01   1.1000000e+01   3.7007756e+00   2.2757696e+01   5.7296474e+01  -8.4554488e+01   5.9174787e+01
  -2.2000000e+01   1.1000000e+01   4.3527700e+00   1.9383305e+01   5.6235778e+01  -8.4610616e+01   6.1875710e+01
  -2.2000000e+01   1.1000000e+01  -3.7733163e-01   1.5636338e+01   5.5773215e+01  -8.5167823e+01   6.2640093e+01
  -2.2000000e+01   1.1000000e+01  -9.7544925e-02   1.2617786e+01   5.5273782e+01  -8.4980700e+01   6.0492381e+01
  -2.2000000e+01   1.1000000e+01  -2.6389282e+00   1.0420487e+01   5.7028573e+01  -8.4734496e+01   5.5969732e+01
  -2.2000000e+01   1.1000000e+01   3.2983896e+00   1.1020890e+01   5.8127760e+01  -8.2024735e+01   5.4190653e+01
  -2.2000000e+01   1.1000000e+01   4.2898397e+00   1.1354052e+01   5.9265355e+01  -7.9952867e+01   5.1136359e+01
  -2.2000000e+01   1.1000000e+01   5.2502331e+00   8.2703123e+00   6.0173043e+01  -7.9254174e+01   4.3909517e+01
  -2.2000000e+01   1.1000000e+01   9.5471903e-01   3.1084938e+00   6.5136705e+01  -8.1139223e+01   3.3794494e+01
  -2.2000000e+01   1.1000000e+01   3.1305882e+00   1.1952492e+00   6.8398027e+01  -7.9344612e+01   2.4944088e+01
  -2.2000000e+01   1.1000000e+01   1.1326185e+01   5.2203268e+00   6.9362873e+01  -7.1277319e+01   1.6259580e+01
  -2.2000000e+01   1.1000000e+01   2.0895360e+01   1.2296118e+01   7.4036005e+01  -6.4686437e+01   1.4023855e+01
  -2.2000000e+01   1.1000000e+01   3.1386682e+01   1.7831629e+01   7.3970203e+01  -5.8666168e+01   9.2160663e+00
  -2.2000000e+01   1.1000000e+01   4.2350628e+01   2.4343048e+01   7.1954896e+01  -5.2112975e+01   3.8049992e+00
  -2.2000000e+01   1.1000000e+01   5.2751167e+01   2.9591960e+01   6.9663813e+01  -4.6556756e+01  -3.7001564e+00
  -2.2000000e+01   1.1000000e+01   6.2080831e+01   3.2576573e+01   6.5518498e+01  -4.2541448e+01  -1.2308822e+01
  -2.2000000e+01   1.1000000e+01   6.9662416e+01   3.4134164e+01   5.9699070e+01  -3.8976441e+01  -2.1241793e+01
  -2.2000000e+01   1.1000000e+01   7.3582269e+01   3.5709141e+01   5.2964493e+01  -3.5347971e+01  -2.9740283e+01
  -2.2000000e+01   1.1000000e+01   7.8551547e+01   3.7348315e+01   4.6877635e+01  -3.1644122e+01  -3.5562224e+01
  -2.2000000e+01   1.1000000e+01   8.1214965e+01   3.9011068e+01   4.1640281e+01  -2.8570923e+01  -3.7525792e+01
  -2.2000000e+01   1.1000000e+01   8.1537864e+01   3.8811835e+01   3.9771934e+01  -2.9629200e+01  -3.3627816e+01
  -2.2000000e+01   1.1000000e+01   8.0571706e+01   3.8100113e+01   3.7688189e+01  -3.1456617e+01  -2.9600713e+01
  -2.2000000e+01   1.1000000e+01   7.7742938e+01   3.7569213e+01   3.6485542e+01  -3.4532772e+01  -2.4815428e+01
  -2.2000000e+01   1.1000000e+01   7.5715502e+01   3.7527902e+01   3.6976839e+01  -3.7287834e+01  -2.0042474e+01
  -2.2000000e+01   1.1000000e+01   7.2245616e+01   3.7304839e+01   3.8165043e+01  -4.0051667e+01  -1.6059125e+01
  -2.2000000e+01   1.1000000e+01   6.8855385e+01   3.6963858e+01   3.9552383e+01  -4.2957260e+01  -1.2693897e+01
  -2.2000000e+01   1.1000000e+01   6.5850160e+01   3.7564974e+01   4.1909222e+01  -4.5388640e+01  -8.7127044e+00
  -2.2000000e+01   1.1000000e+01   6.2079221e+01   3.8042911e+01   4.4998562e+01  -4.8256362e+01  -4.4000829e+00
  -2.2000000e+01   1.1000000e+01   5.8896697e+01   3.8886975e+01   4.8223796e+01  -5.0841405e+01  -4.5556194e-01
  -2.2000000e+01   1.1000000e+01   5.4687213e+01   3.9607729e+01   5.1139805e+01  -5.3590617e+01   3.2862082e+00
  -2.2000000e+01   1.1000000e+01   5.1211188e+01   4.0880497e+01   5.3786609e+01  -5.6009747e+01   6.8690200e+00
  -2.2000000e+01   1.1000000e+01   4.9891649e+01   4.2619882e+01   5.4925608e+01  -5.7993499e+01   9.4541491e+00
  -2.2000000e+01   1.1000000e+01   4.8304500e+01   4.4400760e+01   5.6300543e+01  -6.0276475e+01   1.2018604e+01
  -2.2000000e+01   1.1000000e+01   4.5258585e+01   4.6590225e+01   5.8416959e+01  -6.2734325e+01   1.4073820e+01
  -2.2000000e+01   1.1000000e+01   4.2960759e+01   4.9543828e+01   6.0599163e+01  -6.6137144e+01   1.6713090e+01
  -2.2000000e+01   1.1000000e+01   4.2054165e+01   5.0194883e+01   6.2584299e+01  -7.1034373e+01   2.0993242e+01
  -2.2000000e+01   1.1000000e+01   4.1576735e+01   5.1310998e+01   6.0863345e+01  -7.3856132e+01   2.2438973e+01
  -2.2000000e+01   1.1000000e+01   4.1347698e+01   5.2394708e+01   5.8572287e+01  -7.6131596e+01   2.2513842e+01
  -2.2000000e+01   1.1000000e+01   3.9600181e+01   5.4932102e+01   5.9129648e+01  -7.8730111e+01   2.2981512e+01
  -2.2000000e+01   1.1000000e+01   3.9525715e+01   5.5841795e+01   5.8288826e+01  -8.1974568e+01   2.6113654e+01
  -2.2000000e+01   1.1000000e+01   3.7803740e+01   5.7129304e+01   5.9371589e+01  -8.5461494e+01   2.9029327e+01
  -2.2000000e+01   1.1000000e+01   3.4317587e+01   5.8469663e+01   5.9541878e+01  -8.8838538e+01   3.1207756e+01
  -2.2000000e+01   1.1000000e+01   3.2494263e+01   5.9766090e+01   5.9702200e+01  -9.1738597e+01   3.2340236e+01
  -2.2000000e+01   1.1000000e+01   2.8230274e+01   6.1449632e+01   6.1661807e+01  -9.4745210e+01   3.4683349e+01
  -2.2000000e+01   1.1000000e+01   2.4872466e+01   6.2972012e+01   6.3803298e+01  -9.7681420e+01   3.7425885e+01
  -2.2000000e+01   1.1000000e+01   2.2643861e+01   6.3639028e+01   6.6056246e+01  -1.0087060e+02   3.9208513e+01
  -2.2000000e+01   1.1000000e+01   1.8740609e+01   6.4381367e+01   6.7828370e+01  -1.0362905e+02   4.1474395e+01
  -2.2000000e+01   1.1000000e+01   1.8087404e+01   6.2875575e+01   6.6697453e+01  -1.0524811e+02   4.3033741e+01
  -2.2000000e+01   1.1000000e+01   1.4783375e+01   6.2064638e+01   6.6221080e+01  -1.0610185e+02   4.5049241e+01
  -2.2000000e+01   1.1000000e+01   1.2282595e+01   5.9889953e+01   6.6813476e+01  -1.0755889e+02   4.7997770e+01
