   3.5150000e+01   4.5907285e+00  -1.4561347e+02   1.5082829e+00   6.2317250e+01  -5.6828196e+01   1.1906425e+02
   3.0580798e+01   4.3168038e-01  -1.5956190e+02  -6.6752050e+00   6.6712052e+01  -4.9338685e+01   1.3108364e+02
   2.6011597e+01  -3.7273678e+00  -1.7351034e+02  -1.4858693e+01   7.1106855e+01  -4.1849175e+01   1.4310303e+02
   2.1442395e+01  -7.8864159e+00  -1.8745877e+02  -2.3042181e+01   7.5501658e+01  -3.4359664e+01   1.5512242e+02
   2.5585876e+01  -8.0000000e+00  -1.9100000e+02  -1.5201510e+01   7.6964106e+01  -2.6422676e+01   1.6501175e+02
   2.0542512e+01  -8.0000000e+00  -1.9100000e+02  -1.4329846e+01   7.4421072e+01  -2.3348452e+01   1.7539251e+02
   1.6304043e+01  -8.0000000e+00  -1.9100000e+02  -1.3857681e+01   7.7503672e+01  -2.3519828e+01   1.8467592e+02
   1.0546402e+01  -8.0000000e+00  -1.9100000e+02  -1.4024087e+01   8.3148049e+01  -2.4898661e+01   1.8657281e+02
   4.1428987e+00  -8.0000000e+00  -1.9100000e+02  -1.0480067e+01   8.7614838e+01  -2.5115006e+01   1.8506946e+02
  -3.3919740e-01  -8.0000000e+00  -1.9100000e+02  -7.0567727e+00   9.0943057e+01  -2.5157762e+01   1.8112761e+02
  -5.9980654e+00  -8.0000000e+00  -1.9100000e+02  -1.3760854e+00   9.3236112e+01  -2.2411748e+01   1.7858583e+02
  -1.2199685e+01  -8.0000000e+00  -1.9100000e+02   6.3355366e+00   9.6282959e+01  -1.5969716e+01   1.7545921e+02
  -1.7991545e+01  -8.0000000e+00  -1.9100000e+02   1.4541954e+01   1.0000641e+02  -8.7042826e+00   1.7591615e+02
  -2.0750945e+01  -8.0000000e+00  -1.9100000e+02   2.2398608e+01   1.0385811e+02  -1.0771711e+00   1.7877164e+02
  -1.6057437e+01  -8.0000000e+00  -1.9100000e+02   2.9636890e+01   1.0907499e+02   5.5758544e+00   1.8245256e+02
  -1.4281669e+01  -8.0000000e+00  -1.9100000e+02   2.9555336e+01   1.1004941e+02   5.3435776e+00   1.7974232e+02
  -1.2768715e+01  -8.0000000e+00  -1.9100000e+02   2.7729792e+01   1.0981242e+02   3.4675212e+00   1.7600531e+02
  -1.0686963e+01  -8.0000000e+00  -1.9100000e+02   2.5608518e+01   1.0995026e+02   1.3041939e+00   1.7118425e+02
  -7.0441696e+00  -8.0000000e+00  -1.9100000e+02   2.2893433e+01   1.0993658e+02  -1.5155016e+00   1.6652913e+02
  -3.7952173e+00  -8.0000000e+00  -1.9100000e+02   2.0054419e+01   1.0975418e+02  -4.5073250e+00   1.6194486e+02
  -1.1269283e+00  -8.0000000e+00  -1.9100000e+02   1.6987894e+01   1.0932358e+02  -8.3074809e+00   1.5885524e+02
   1.3633763e+00  -8.0000000e+00  -1.9100000e+02   1.5616827e+01   1.0881586e+02  -1.2685237e+01   1.5488381e+02
   5.4449453e+00  -8.0000000e+00  -1.9100000e+02   1.3646871e+01   1.0789687e+02  -1.7906416e+01   1.5151959e+02
   1.0031172e+01  -8.0000000e+00  -1.9100000e+02   1.1029512e+01   1.0652883e+02  -2.3842998e+01   1.4831310e+02
   1.4051861e+01  -8.0000000e+00  -1.9100000e+02   8.6225590e+00   1.0542747e+02  -2.9664538e+01   1.4503208e+02
   1.8090055e+01  -8.0000000e+00  -1.9100000e+02   6.3046884e+00   1.0472624e+02  -3.5401130e+01   1.4214189e+02
   2.0035926e+01  -8.0000000e+00  -1.9100000e+02   4.7360264e+00   1.0596697e+02  -4.0922151e+01   1.3872186e+02
   2.6762952e+01  -8.0000000e+00  -1.9100000e+02   2.9126440e+00   1.0423335e+02  -4.5869627e+01   1.3502090e+02
   2.9651646e+01  -8.0000000e+00  -1.9100000e+02   2.5633308e+00   1.0434655e+02  -4.9898976e+01   1.3162271e+02
   3.4760726e+01  -8.0000000e+00  -1.9100000e+02   1.8866746e+00   1.0370819e+02  -5.3213509e+01   1.2886923e+02
   3.7780358e+01  -8.0000000e+00  -1.9100000e+02   1.3783438e+00   1.0293225e+02  -5.5659121e+01   1.2476105e+02
   3.8758000e+01  -8.0000000e+00  -1.9100000e+02   1.0919767e+00   1.0277568e+02  -5.7064622e+01   1.2067141e+02
   4.0974190e+01  -8.0000000e+00  -1.9100000e+02   1.0125093e+00   1.0234843e+02  -5.8462144e+01   1.1583699e+02
   4.0871828e+01  -8.0000000e+00  -1.9100000e+02   1.3297107e+00   1.0179123e+02  -5.9525062e+01   1.1005707e+02
   4.2029852e+01  -8.0000000e+00  -1.9100000e+02   2.6030439e+00   1.0141504e+02  -5.9826817e+01   1.0497042e+02
   4.3992979e+01  -8.0000000e+00  -1.9100000e+02   4.9557922e+00   1.0118259e+02  -5.9577691e+01   1.0169911e+02
   4.3725310e+01  -8.0000000e+00  -1.9100000e+02   8.5310855e+00   1.0103985e+02  -5.9363703e+01   9.9626697e+01
   4.3911844e+01  -8.0000000e+00  -1.9100000e+02   1.2615789e+01   1.0066993e+02  -6.0596946e+01   9.7814399e+01
   4.4551797e+01  -8.0000000e+00  -1.9100000e+02   1.6428311e+01   1.0036784e+02  -6.1981735e+01   9.7430048e+01
   4.2668851e+01  -8.0000000e+00  -1.9100000e+02   2.0221240e+01   1.0006658e+02  -6.3396271e+01   9.7087085e+01
   4.1993515e+01  -8.0000000e+00  -1.9100000e+02   2.3792469e+01   9.9778654e+01  -6.5954144e+01   9.6813260e+01
   4.1391608e+01  -8.0000000e+00  -1.9100000e+02   2.6727073e+01   9.9472974e+01  -6.9518349e+01   9.7562913e+01
   4.0403694e+01  -8.0000000e+00  -1.9100000e+02   2.8595999e+01   9.9044229e+01  -7.4021026e+01   9.9009570e+01
   3.9198579e+01  -8.0000000e+00  -1.9100000e+02   3.1295700e+01   9.8697248e+01  -7.8110263e+01   1.0151148e+02
   3.5997784e+01  -8.0000000e+00  -1.9100000e+02   3.2123350e+01   9.7885699e+01  -8.3107179e+01   1.0509760e+02
   3.2330062e+01  -8.0000000e+00  -1.9100000e+02   3.4925106e+01   9.8335442e+01  -8.6008408e+01   1.1258401e+02
   3.2709908e+01  -8.0000000e+00  -1.9100000e+02   2.8941713e+01   1.0344324e+02  -8.8669596e+01   1.2297966e+02
   2.2989477e+01  -8.0000000e+00  -1.9100000e+02   2.4875184e+01   1.1116956e+02  -9.0889932e+01   1.3417742e+02
   2.3439101e+01  -8.0000000e+00  -1.9100000e+02   1.7232359e+01   1.1948813e+02  -9.4317791e+01   1.4608851e+02
   1.9666323e+01  -8.0000000e+00  -1.9100000e+02   1.3280161e+01   1.2619018e+02  -9.2362885e+01   1.5819721e+02
   1.5156952e+01  -8.0000000e+00  -1.9100000e+02   1.5774061e+01   1.2187988e+02  -8.7557939e+01   1.6989243e+02
   9.1503093e+00  -8.0000000e+00  -1.9100000e+02   2.1263487e+01   1.1332244e+02  -8.1535946e+01   1.7988358e+02
   3.7916842e+00  -8.0000000e+00  -1.9100000e+02   2.6564362e+01   1.0556704e+02  -7.7339156e+01   1.8270630e+02
  -1.7410232e+00  -8.0000000e+00  -1.9100000e+02   3.2767531e+01   1.0077325e+02  -7.2922501e+01   1.8005797e+02
  -5.7732683e+00  -8.0000000e+00  -1.9100000e+02   3.9001486e+01   9.9006000e+01  -6.7905293e+01   1.7910310e+02
  -1.1067691e+01  -8.0000000e+00  -1.9100000e+02   4.6377223e+01   9.9905000e+01  -6.0738681e+01   1.7750198e+02
  -1.4988919e+01  -8.0000000e+00  -1.9100000e+02   5.4583155e+01   1.0299536e+02  -5.2134558e+01   1.7879643e+02
  -1.6577388e+01  -8.0000000e+00  -1.9100000e+02   6.2701965e+01   1.0717348e+02  -4.3394724e+01   1.8292592e+02
  -1.4655492e+01  -8.0000000e+00  -1.9100000e+02   6.7160376e+01   1.0997685e+02  -3.7692081e+01   1.8401871e+02
  -1.2870963e+01  -8.0000000e+00  -1.9100000e+02   6.5274829e+01   1.1052743e+02  -3.7703985e+01   1.8085391e+02
  -1.0774348e+01  -8.0000000e+00  -1.9100000e+02   6.1716290e+01   1.1035283e+02  -3.9259447e+01   1.7595082e+02
  -8.2898302e+00  -8.0000000e+00  -1.9100000e+02   5.9201576e+01   1.1073216e+02  -3.9966411e+01   1.7037334e+02
  -5.6586344e+00  -8.0000000e+00  -1.9100000e+02   5.5520125e+01   1.1055149e+02  -4.1995451e+01   1.6545696e+02
  -3.0552470e+00  -8.0000000e+00  -1.9100000e+02   5.1263610e+01   1.1047604e+02  -4.4792550e+01   1.6129786e+02
  -3.0134769e-01  -8.0000000e+00  -1.9100000e+02   4.7892364e+01   1.1010807e+02  -4.8219767e+01   1.5786029e+02
   2.5588826e+00  -8.0000000e+00  -1.9100000e+02   4.6258304e+01   1.0927295e+02  -5.1781026e+01   1.5561343e+02
   6.6395362e+00  -8.0000000e+00  -1.9100000e+02   4.3864283e+01   1.0776510e+02  -5.6361506e+01   1.5319865e+02
   1.0332671e+01  -8.0000000e+00  -1.9100000e+02   4.3038843e+01   1.0636529e+02  -6.1654150e+01   1.5119136e+02
   1.5306386e+01  -8.0000000e+00  -1.9100000e+02   4.3817202e+01   1.0446706e+02  -6.7747641e+01   1.4814520e+02
   2.0223537e+01  -8.0000000e+00  -1.9100000e+02   4.2756031e+01   1.0364042e+02  -7.4471767e+01   1.4788639e+02
   2.4184269e+01  -8.0000000e+00  -1.9100000e+02   4.2010329e+01   1.0445407e+02  -8.0456414e+01   1.4603227e+02
   2.8214064e+01  -8.0000000e+00  -1.9100000e+02   4.4335364e+01   1.0407948e+02  -8.6386885e+01   1.4361880e+02
   2.7214760e+01  -8.0000000e+00  -1.9100000e+02   4.8127395e+01   1.0460278e+02  -9.0954046e+01   1.3838106e+02
   3.2100055e+01  -8.0000000e+00  -1.9100000e+02   5.1261195e+01   1.0401476e+02  -9.6731665e+01   1.3519280e+02
   3.4702072e+01  -8.0000000e+00  -1.9100000e+02   5.6683398e+01   1.0309858e+02  -1.0214492e+02   1.3128337e+02
   3.7914418e+01  -8.0000000e+00  -1.9100000e+02   6.2362536e+01   1.0227740e+02  -1.0757994e+02   1.2879959e+02
   3.8842743e+01  -8.0000000e+00  -1.9100000e+02   6.8559180e+01   1.0136422e+02  -1.1291060e+02   1.2622877e+02
   4.0488108e+01  -8.0000000e+00  -1.9100000e+02   7.5351343e+01   1.0003957e+02  -1.1816555e+02   1.2449225e+02
   4.2030313e+01  -8.0000000e+00  -1.9100000e+02   8.2670129e+01   9.8961863e+01  -1.2320642e+02   1.2273420e+02
   4.2186450e+01  -8.0000000e+00  -1.9100000e+02   8.9992474e+01   9.7873995e+01  -1.2825467e+02   1.2101265e+02
   4.3035069e+01  -8.0000000e+00  -1.9100000e+02   9.7295063e+01   9.6791659e+01  -1.3333469e+02   1.1928933e+02
   4.2103736e+01  -8.0000000e+00  -1.9100000e+02   1.0416608e+02   9.5334971e+01  -1.3913791e+02   1.1709812e+02
   3.9615463e+01  -8.0000000e+00  -1.9100000e+02   1.1162700e+02   9.4020733e+01  -1.4451424e+02   1.1398612e+02
   3.9999745e+01  -8.0000000e+00  -1.9100000e+02   1.1775099e+02   9.2815398e+01  -1.5067964e+02   1.1008699e+02
   3.9442837e+01  -8.0000000e+00  -1.9100000e+02   1.2320451e+02   9.1896130e+01  -1.5729587e+02   1.0662583e+02
   3.9342258e+01  -8.0000000e+00  -1.9100000e+02   1.2779002e+02   9.1291869e+01  -1.6427617e+02   1.0509598e+02
   3.9286721e+01  -8.0000000e+00  -1.9100000e+02   1.3242141e+02   9.1159198e+01  -1.7021410e+02   1.0411454e+02
   3.9473493e+01  -8.0000000e+00  -1.9100000e+02   1.3624929e+02   9.1513267e+01  -1.7621564e+02   1.0403579e+02
   3.9244023e+01  -8.0000000e+00  -1.9100000e+02   1.3984009e+02   9.2351986e+01  -1.8141060e+02   1.0371363e+02
   3.8098699e+01  -8.0000000e+00  -1.9100000e+02   1.4369564e+02   9.3136987e+01  -1.8642250e+02   1.0456958e+02
   3.3040730e+01  -8.0000000e+00  -1.9100000e+02   1.4358541e+02   9.6693146e+01  -1.9113320e+02   1.1229761e+02
   3.0060164e+01  -8.0000000e+00  -1.9100000e+02   1.4234616e+02   1.0299565e+02  -1.9427111e+02   1.2088522e+02
   2.7306880e+01  -8.0000000e+00  -1.9100000e+02   1.3763830e+02   1.0879493e+02  -1.9874483e+02   1.3187534e+02
   2.5036145e+01  -8.0000000e+00  -1.9100000e+02   1.3188178e+02   1.1585404e+02  -2.0263536e+02   1.4344530e+02
   2.1873899e+01  -8.0000000e+00  -1.9100000e+02   1.2881851e+02   1.2371736e+02  -2.0304223e+02   1.5522524e+02
   1.7158603e+01  -8.0000000e+00  -1.9100000e+02   1.2802101e+02   1.2780779e+02  -1.9983132e+02   1.6699419e+02
   1.4490107e+01  -8.0000000e+00  -1.9100000e+02   1.2799565e+02   1.2519280e+02  -1.9500375e+02   1.7843162e+02
   7.8865669e+00  -8.0000000e+00  -1.9100000e+02   1.3308289e+02   1.1616531e+02  -1.8798626e+02   1.8667717e+02
   2.2335082e+00  -8.0000000e+00  -1.9100000e+02   1.3594625e+02   1.0896337e+02  -1.8171673e+02   1.8979872e+02
  -1.1143988e+00  -8.0000000e+00  -1.9100000e+02   1.3832669e+02   1.0462665e+02  -1.7548232e+02   1.9043574e+02
  -7.7020292e+00  -8.0000000e+00  -1.9100000e+02   1.4604742e+02   1.0359185e+02  -1.6648949e+02   1.8561025e+02
  -1.3074981e+01  -8.0000000e+00  -1.9100000e+02   1.5512090e+02   1.0614462e+02  -1.5650364e+02   1.8344016e+02
  -1.6835063e+01  -8.0000000e+00  -1.9100000e+02   1.6283852e+02   1.0994218e+02  -1.4708402e+02   1.8796169e+02
  -1.4888211e+01  -8.0000000e+00  -1.9100000e+02   1.6653811e+02   1.1231013e+02  -1.4057656e+02   1.9115702e+02
  -1.3932896e+01  -8.0000000e+00  -1.9100000e+02   1.6420314e+02   1.1218735e+02  -1.4020481e+02   1.8965824e+02
  -1.1086006e+01  -8.0000000e+00  -1.9100000e+02   1.6081286e+02   1.1171237e+02  -1.4125969e+02   1.8574721e+02
  -8.0333538e+00  -8.0000000e+00  -1.9100000e+02   1.5700485e+02   1.1114586e+02  -1.4291683e+02   1.8104425e+02
  -3.4596817e+00  -8.0000000e+00  -1.9100000e+02   1.5253899e+02   1.1079966e+02  -1.4520874e+02   1.7528792e+02
   5.7835748e-01  -8.0000000e+00  -1.9100000e+02   1.4746881e+02   1.1032033e+02  -1.4822931e+02   1.7031605e+02
   5.3939003e+00  -8.0000000e+00  -1.9100000e+02   1.4314623e+02   1.1002526e+02  -1.5021479e+02   1.6645932e+02
   8.5652764e+00  -8.0000000e+00  -1.9100000e+02   1.3914628e+02   1.0967429e+02  -1.5232543e+02   1.6217838e+02
   1.4724195e+01  -8.0000000e+00  -1.9100000e+02   1.3319285e+02   1.0898362e+02  -1.5536207e+02   1.5789492e+02
   1.9725779e+01  -8.0000000e+00  -1.9100000e+02   1.2744835e+02   1.0843113e+02  -1.5810213e+02   1.5363565e+02
   2.3338186e+01  -8.0000000e+00  -1.9100000e+02   1.2189858e+02   1.0929955e+02  -1.6011071e+02   1.5145335e+02
   2.5037549e+01  -8.0000000e+00  -1.9100000e+02   1.2514849e+02   1.1129908e+02  -1.6613467e+02   1.4675426e+02
   2.9069892e+01  -8.0000000e+00  -1.9100000e+02   1.2750935e+02   1.1146260e+02  -1.7268262e+02   1.4325024e+02
   3.2214768e+01  -8.0000000e+00  -1.9100000e+02   1.3228701e+02   1.0990401e+02  -1.7811872e+02   1.3937326e+02
   3.5393515e+01  -8.0000000e+00  -1.9100000e+02   1.3658145e+02   1.0880641e+02  -1.8427450e+02   1.3619980e+02
   3.7195495e+01  -8.0000000e+00  -1.9100000e+02   1.4077374e+02   1.0914341e+02  -1.8989551e+02   1.3373037e+02
   3.8341407e+01  -8.0000000e+00  -1.9100000e+02   1.4496071e+02   1.1040460e+02  -1.9655033e+02   1.3099634e+02
   3.9320533e+01  -8.0000000e+00  -1.9100000e+02   1.4891631e+02   1.0990904e+02  -2.0068538e+02   1.2630302e+02
   4.0090361e+01  -8.0000000e+00  -1.9100000e+02   1.5284578e+02   1.0940735e+02  -2.0480673e+02   1.2164344e+02
   4.1487699e+01  -8.0000000e+00  -1.9100000e+02   1.5668798e+02   1.0901438e+02  -2.0831882e+02   1.1889512e+02
   4.2210561e+01  -8.0000000e+00  -1.9100000e+02   1.5951945e+02   1.0888384e+02  -2.1167522e+02   1.1647706e+02
   4.2004416e+01  -8.0000000e+00  -1.9100000e+02   1.6247566e+02   1.0904614e+02  -2.1429061e+02   1.1309215e+02
   4.1234787e+01  -8.0000000e+00  -1.9100000e+02   1.6504783e+02   1.0923044e+02  -2.1675788e+02   1.1037313e+02
   4.1025915e+01  -8.0000000e+00  -1.9100000e+02   1.6646960e+02   1.1005823e+02  -2.1939239e+02   1.0752288e+02
   4.1650446e+01  -8.0000000e+00  -1.9100000e+02   1.6716428e+02   1.1167893e+02  -2.2120230e+02   1.0664885e+02
   4.0962658e+01  -8.0000000e+00  -1.9100000e+02   1.6813121e+02   1.1342782e+02  -2.2272869e+02   1.0623914e+02
   4.0629046e+01  -8.0000000e+00  -1.9100000e+02   1.6906561e+02   1.1538027e+02  -2.2392563e+02   1.0525436e+02
   3.9534093e+01  -8.0000000e+00  -1.9100000e+02   1.6865440e+02   1.1709744e+02  -2.2466357e+02   1.0510640e+02
   3.8977657e+01  -8.0000000e+00  -1.9100000e+02   1.6748015e+02   1.1984478e+02  -2.2350314e+02   1.0479478e+02
   3.8277328e+01  -8.0000000e+00  -1.9100000e+02   1.6605286e+02   1.2241893e+02  -2.2277948e+02   1.0518348e+02
   3.6181071e+01  -8.0000000e+00  -1.9100000e+02   1.6552855e+02   1.2346492e+02  -2.2328986e+02   1.0566719e+02
   3.4485608e+01  -8.0000000e+00  -1.9100000e+02   1.6490825e+02   1.2482843e+02  -2.2303669e+02   1.0553347e+02
   3.2128800e+01  -8.0000000e+00  -1.9100000e+02   1.6355731e+02   1.2599662e+02  -2.2297111e+02   1.0668532e+02
   3.1610200e+01  -8.0000000e+00  -1.9100000e+02   1.6233797e+02   1.2959531e+02  -2.2349869e+02   1.1025823e+02
   3.2491518e+01  -8.0000000e+00  -1.9100000e+02   1.5901724e+02   1.2995618e+02  -2.2743564e+02   1.2055549e+02
   3.0596102e+01  -8.0000000e+00  -1.9100000e+02   1.5598789e+02   1.3575224e+02  -2.2972568e+02   1.3158754e+02
   2.5411944e+01  -8.0000000e+00  -1.9100000e+02   1.5078706e+02   1.3558106e+02  -2.3276031e+02   1.4258994e+02
   2.6155302e+01  -8.0000000e+00  -1.9100000e+02   1.4822943e+02   1.3813165e+02  -2.3277004e+02   1.5387333e+02
   2.0317242e+01  -8.0000000e+00  -1.9100000e+02   1.5108805e+02   1.3670551e+02  -2.2820734e+02   1.6551732e+02
   1.4790627e+01  -8.0000000e+00  -1.9100000e+02   1.5430362e+02   1.2981601e+02  -2.2327969e+02   1.7628867e+02
   8.9807543e+00  -8.0000000e+00  -1.9100000e+02   1.5795359e+02   1.2033970e+02  -2.1812599e+02   1.8525705e+02
   3.5491403e+00  -8.0000000e+00  -1.9100000e+02   1.6158759e+02   1.1128305e+02  -2.1253667e+02   1.8811788e+02
  -1.6054506e+00  -8.0000000e+00  -1.9100000e+02   1.6545280e+02   1.0435951e+02  -2.0656052e+02   1.8410491e+02
  -5.4918727e+00  -8.0000000e+00  -1.9100000e+02   1.7109977e+02   1.0227621e+02  -1.9924367e+02   1.8354332e+02
  -1.0429969e+01  -8.0000000e+00  -1.9100000e+02   1.8018994e+02   1.0526142e+02  -1.8941910e+02   1.7975032e+02
  -1.4672443e+01  -8.0000000e+00  -1.9100000e+02   1.9064261e+02   1.1165297e+02  -1.7851351e+02   1.8000243e+02
  -1.3305337e+01  -8.0000000e+00  -1.9100000e+02   1.9691460e+02   1.1537639e+02  -1.7129078e+02   1.8216690e+02
  -1.1903802e+01  -8.0000000e+00  -1.9100000e+02   1.9674836e+02   1.1470213e+02  -1.7122600e+02   1.8081371e+02
  -1.0222321e+01  -8.0000000e+00  -1.9100000e+02   1.9522116e+02   1.1402976e+02  -1.7234799e+02   1.7738663e+02
  -6.3723929e+00  -8.0000000e+00  -1.9100000e+02   1.9162783e+02   1.1415215e+02  -1.7479181e+02   1.7200062e+02
  -3.6554846e+00  -8.0000000e+00  -1.9100000e+02   1.8775124e+02   1.1394886e+02  -1.7755254e+02   1.6672326e+02
  -5.5314733e-01  -8.0000000e+00  -1.9100000e+02   1.8357151e+02   1.1430324e+02  -1.8058318e+02   1.6236134e+02
   2.0226441e+00  -8.0000000e+00  -1.9100000e+02   1.7931893e+02   1.1417832e+02  -1.8365299e+02   1.5903260e+02
   5.2974242e+00  -8.0000000e+00  -1.9100000e+02   1.7488666e+02   1.1344670e+02  -1.8648794e+02   1.5577333e+02
   7.8825769e+00  -8.0000000e+00  -1.9100000e+02   1.7088251e+02   1.1253739e+02  -1.8842673e+02   1.5181667e+02
   1.1845854e+01  -8.0000000e+00  -1.9100000e+02   1.6537621e+02   1.1095757e+02  -1.8961414e+02   1.4736193e+02
   1.4567047e+01  -8.0000000e+00  -1.9100000e+02   1.5974679e+02   1.0840950e+02  -1.9149076e+02   1.4296409e+02
   1.8141098e+01  -8.0000000e+00  -1.9100000e+02   1.5422768e+02   1.0864217e+02  -1.9173393e+02   1.4036954e+02
   2.2099632e+01  -8.0000000e+00  -1.9100000e+02   1.4918459e+02   1.0647877e+02  -1.9163382e+02   1.3945799e+02
   2.3762684e+01  -8.0000000e+00  -1.9100000e+02   1.4739194e+02   1.0493998e+02  -1.9211877e+02   1.3456826e+02
   2.5150255e+01  -8.0000000e+00  -1.9100000e+02   1.4788237e+02   1.0451798e+02  -1.9438073e+02   1.3205693e+02
   2.6511105e+01  -8.0000000e+00  -1.9100000e+02   1.5056416e+02   1.0271894e+02  -1.9753934e+02   1.2810255e+02
   2.7565207e+01  -8.0000000e+00  -1.9100000e+02   1.5350977e+02   1.0437257e+02  -2.0026597e+02   1.2562278e+02
   2.8582018e+01  -8.0000000e+00  -1.9100000e+02   1.5622610e+02   1.0399399e+02  -2.0332173e+02   1.2331343e+02
   3.0191020e+01  -8.0000000e+00  -1.9100000e+02   1.5826093e+02   1.0314187e+02  -2.0743752e+02   1.2153946e+02
   3.1803799e+01  -8.0000000e+00  -1.9100000e+02   1.6141694e+02   1.0507110e+02  -2.1096723e+02   1.2036610e+02
   3.2990141e+01  -8.0000000e+00  -1.9100000e+02   1.6388482e+02   1.0470386e+02  -2.1304430e+02   1.1790017e+02
   3.4434671e+01  -8.0000000e+00  -1.9100000e+02   1.6301422e+02   1.0460864e+02  -2.1288329e+02   1.1708808e+02
   3.5508773e+01  -8.0000000e+00  -1.9100000e+02   1.6103085e+02   1.0489335e+02  -2.1125651e+02   1.1789141e+02
   3.5711572e+01  -8.0000000e+00  -1.9100000e+02   1.6309384e+02   1.0308567e+02  -2.1214607e+02   1.1584931e+02
   3.6765962e+01  -8.0000000e+00  -1.9100000e+02   1.6238793e+02   1.0270025e+02  -2.1093100e+02   1.1542622e+02
   3.7576246e+01  -8.0000000e+00  -1.9100000e+02   1.6291875e+02   1.0131425e+02  -2.1066917e+02   1.1379987e+02
   3.7677079e+01  -8.0000000e+00  -1.9100000e+02   1.6514072e+02   1.0022252e+02  -2.1354494e+02   1.1252921e+02
   3.8718809e+01  -8.0000000e+00  -1.9100000e+02   1.6795082e+02   9.9372000e+01  -2.1603004e+02   1.1362781e+02
   3.8942441e+01  -8.0000000e+00  -1.9100000e+02   1.7075607e+02   9.9010619e+01  -2.1834873e+02   1.1246421e+02
   3.9636821e+01  -8.0000000e+00  -1.9100000e+02   1.7304207e+02   1.0116245e+02  -2.2018890e+02   1.1233319e+02
   4.0292102e+01  -8.0000000e+00  -1.9100000e+02   1.7432773e+02   1.0021562e+02  -2.2250543e+02   1.1249822e+02
   4.1440251e+01  -8.0000000e+00  -1.9100000e+02   1.7531865e+02   1.0249504e+02  -2.2352625e+02   1.1023054e+02
   4.2632265e+01  -8.0000000e+00  -1.9100000e+02   1.7486847e+02   1.0366142e+02  -2.2314546e+02   1.0738459e+02
   4.2769834e+01  -8.0000000e+00  -1.9100000e+02   1.7367903e+02   1.0302761e+02  -2.2331502e+02   1.0528261e+02
   4.3555083e+01  -8.0000000e+00  -1.9100000e+02   1.7391197e+02   1.0287868e+02  -2.2280838e+02   1.0439628e+02
   4.3951168e+01  -8.0000000e+00  -1.9100000e+02   1.7412175e+02   1.0279070e+02  -2.2286008e+02   1.0293323e+02
   4.3659869e+01  -8.0000000e+00  -1.9100000e+02   1.7432619e+02   1.0278651e+02  -2.2305704e+02   1.0231379e+02
   4.2268532e+01  -8.0000000e+00  -1.9100000e+02   1.7453493e+02   1.0277978e+02  -2.2327433e+02   1.0169690e+02
   4.0823474e+01  -8.0000000e+00  -1.9100000e+02   1.7489134e+02   1.0269945e+02  -2.2385485e+02   1.0005372e+02
   3.9609886e+01  -8.0000000e+00  -1.9100000e+02   1.7526907e+02   1.0255864e+02  -2.2477103e+02   9.9269116e+01
   3.8518660e+01  -8.0000000e+00  -1.9100000e+02   1.7615609e+02   1.0234580e+02  -2.2592800e+02   9.9932937e+01
   3.5074045e+01  -8.0000000e+00  -1.9100000e+02   1.7683498e+02   1.0179598e+02  -2.2737372e+02   9.9700349e+01
   3.0419220e+01  -8.0000000e+00  -1.9100000e+02   1.7811594e+02   1.0133063e+02  -2.2875521e+02   1.0389689e+02
   2.8631082e+01  -8.0000000e+00  -1.9100000e+02   1.8016142e+02   1.0482984e+02  -2.3078187e+02   1.1292802e+02
   2.7363943e+01  -8.0000000e+00  -1.9100000e+02   1.7811539e+02   1.0642009e+02  -2.3489495e+02   1.2366886e+02
   2.9834991e+01  -8.0000000e+00  -1.9100000e+02   1.7553576e+02   1.1037710e+02  -2.3833353e+02   1.3504260e+02
   2.9006128e+01  -8.0000000e+00  -1.9100000e+02   1.7375245e+02   1.1530078e+02  -2.4055668e+02   1.4646612e+02
   2.4705324e+01  -8.0000000e+00  -1.9100000e+02   1.7453205e+02   1.1931455e+02  -2.3993547e+02   1.5797478e+02
   1.7710798e+01  -8.0000000e+00  -1.9100000e+02   1.7780174e+02   1.1704609e+02  -2.3641219e+02   1.6945517e+02
   8.5134049e+00  -8.0000000e+00  -1.9100000e+02   1.8148679e+02   1.0897297e+02  -2.2901438e+02   1.7793484e+02
   4.6168330e+00  -8.0000000e+00  -1.9100000e+02   1.8427009e+02   1.0357774e+02  -2.2316910e+02   1.8137639e+02
  -2.1929628e-03  -8.0000000e+00  -1.9100000e+02   1.8800340e+02   1.0116178e+02  -2.1743372e+02   1.8331236e+02
  -5.9508115e+00  -8.0000000e+00  -1.9100000e+02   1.9249782e+02   9.9984147e+01  -2.1103709e+02   1.8369098e+02
  -1.1551281e+01  -8.0000000e+00  -1.9100000e+02   1.9852887e+02   1.0064794e+02  -2.0366572e+02   1.8480908e+02
  -1.6752424e+01  -8.0000000e+00  -1.9100000e+02   2.0487813e+02   1.0178080e+02  -1.9649454e+02   1.8683355e+02
  -2.1805570e+01  -8.0000000e+00  -1.9100000e+02   2.1195142e+02   1.0400301e+02  -1.8957869e+02   1.9179933e+02
  -2.1211642e+01  -8.0000000e+00  -1.9100000e+02   2.1793182e+02   1.0628659e+02  -1.8391979e+02   1.9773028e+02
  -1.7209748e+01  -8.0000000e+00  -1.9100000e+02   2.2112406e+02   1.0742683e+02  -1.8159606e+02   1.9913405e+02
  -1.5035413e+01  -8.0000000e+00  -1.9100000e+02   2.2173193e+02   1.0844541e+02  -1.8265739e+02   1.9552307e+02
  -1.2895664e+01  -8.0000000e+00  -1.9100000e+02   2.2089025e+02   1.0886695e+02  -1.8471936e+02   1.8996808e+02
  -1.0892697e+01  -8.0000000e+00  -1.9100000e+02   2.1941328e+02   1.0987574e+02  -1.8709863e+02   1.8543372e+02
  -8.5952868e+00  -8.0000000e+00  -1.9100000e+02   2.1680375e+02   1.1034969e+02  -1.9019021e+02   1.7955802e+02
  -4.8477058e+00  -8.0000000e+00  -1.9100000e+02   2.1341286e+02   1.1135306e+02  -1.9269100e+02   1.7364498e+02
  -1.9617210e+00  -8.0000000e+00  -1.9100000e+02   2.0990144e+02   1.1195979e+02  -1.9512096e+02   1.6898697e+02
   1.4552973e+00  -8.0000000e+00  -1.9100000e+02   2.0568834e+02   1.1144723e+02  -1.9717475e+02   1.6483740e+02
   3.9222576e+00  -8.0000000e+00  -1.9100000e+02   2.0078640e+02   1.1113784e+02  -1.9906703e+02   1.6099998e+02
   8.1098026e+00  -8.0000000e+00  -1.9100000e+02   1.9497448e+02   1.1051390e+02  -2.0162863e+02   1.5695730e+02
   1.3051037e+01  -8.0000000e+00  -1.9100000e+02   1.8835738e+02   1.0899998e+02  -2.0467540e+02   1.5238806e+02
   1.6574573e+01  -8.0000000e+00  -1.9100000e+02   1.8152095e+02   1.0958578e+02  -2.0731798e+02   1.4905222e+02
   2.2514385e+01  -8.0000000e+00  -1.9100000e+02   1.7534259e+02   1.0711088e+02  -2.1012477e+02   1.4648215e+02
   2.6262024e+01  -8.0000000e+00  -1.9100000e+02   1.6897045e+02   1.0615800e+02  -2.1105766e+02   1.4161051e+02
   3.1081137e+01  -8.0000000e+00  -1.9100000e+02   1.6596595e+02   1.0475796e+02  -2.1279276e+02   1.3785058e+02
   3.4495782e+01  -8.0000000e+00  -1.9100000e+02   1.6628401e+02   1.0277631e+02  -2.1521027e+02   1.3509100e+02
   3.7768730e+01  -8.0000000e+00  -1.9100000e+02   1.6726052e+02   1.0142937e+02  -2.1742530e+02   1.3204129e+02
   3.9794119e+01  -8.0000000e+00  -1.9100000e+02   1.6801541e+02   9.9533224e+01  -2.2049346e+02   1.2868784e+02
   4.2165595e+01  -8.0000000e+00  -1.9100000e+02   1.6975036e+02   9.9915475e+01  -2.2253449e+02   1.2531234e+02
   4.2606100e+01  -8.0000000e+00  -1.9100000e+02   1.7138178e+02   1.0007017e+02  -2.2438758e+02   1.2047370e+02
   4.3063612e+01  -8.0000000e+00  -1.9100000e+02   1.7151951e+02   1.0047893e+02  -2.2524972e+02   1.1624675e+02
   4.2521129e+01  -8.0000000e+00  -1.9100000e+02   1.7291169e+02   1.0021679e+02  -2.2614347e+02   1.1380250e+02
   4.1816026e+01  -8.0000000e+00  -1.9100000e+02   1.7426987e+02   1.0018950e+02  -2.2687968e+02   1.0965947e+02
   4.1298289e+01  -8.0000000e+00  -1.9100000e+02   1.7499155e+02   1.0043892e+02  -2.2743034e+02   1.0617260e+02
   4.1991884e+01  -8.0000000e+00  -1.9100000e+02   1.7562632e+02   1.0082509e+02  -2.2741417e+02   1.0374885e+02
   4.2475776e+01  -8.0000000e+00  -1.9100000e+02   1.7624319e+02   1.0120781e+02  -2.2738555e+02   1.0134498e+02
   4.1562643e+01  -8.0000000e+00  -1.9100000e+02   1.7695391e+02   1.0143795e+02  -2.2748063e+02   9.9781821e+01
   3.9470464e+01  -8.0000000e+00  -1.9100000e+02   1.7822317e+02   1.0157296e+02  -2.2797330e+02   9.9005693e+01
   3.7380626e+01  -8.0000000e+00  -1.9100000e+02   1.7771082e+02   1.0144367e+02  -2.2925050e+02   1.0078127e+02
   3.1299618e+01  -8.0000000e+00  -1.9100000e+02   1.7755472e+02   1.0128680e+02  -2.3042963e+02   1.0507185e+02
   2.7903617e+01  -8.0000000e+00  -1.9100000e+02   1.7983663e+02   1.0617421e+02  -2.3121834e+02   1.1462217e+02
   2.8663678e+01  -8.0000000e+00  -1.9100000e+02   1.7797518e+02   1.1170221e+02  -2.3585947e+02   1.2627050e+02
   2.7360754e+01  -8.0000000e+00  -1.9100000e+02   1.7530517e+02   1.1811770e+02  -2.3793733e+02   1.3811065e+02
   2.2086176e+01  -8.0000000e+00  -1.9100000e+02   1.7680746e+02   1.2338852e+02  -2.3818449e+02   1.5035637e+02
   1.7224540e+01  -8.0000000e+00  -1.9100000e+02   1.7773032e+02   1.1904999e+02  -2.3496021e+02   1.6223091e+02
   1.1179218e+01  -8.0000000e+00  -1.9100000e+02   1.8160623e+02   1.1280409e+02  -2.2808732e+02   1.7282721e+02
   7.3224434e+00  -8.0000000e+00  -1.9100000e+02   1.8342074e+02   1.0693182e+02  -2.2272595e+02   1.7878592e+02
   3.5419744e+00  -8.0000000e+00  -1.9100000e+02   1.8585212e+02   1.0311331e+02  -2.1798997e+02   1.8263059e+02
  -1.7984521e+00  -8.0000000e+00  -1.9100000e+02   1.9005113e+02   1.0139607e+02  -2.1213257e+02   1.8214929e+02
  -8.4071122e+00  -8.0000000e+00  -1.9100000e+02   1.9640444e+02   1.0168022e+02  -2.0471312e+02   1.8100857e+02
  -1.3944564e+01  -8.0000000e+00  -1.9100000e+02   2.0382230e+02   1.0362456e+02  -1.9669789e+02   1.8079875e+02
  -1.9038388e+01  -8.0000000e+00  -1.9100000e+02   2.1104241e+02   1.0587693e+02  -1.8913356e+02   1.8506954e+02
  -1.8246048e+01  -8.0000000e+00  -1.9100000e+02   2.1604055e+02   1.0770442e+02  -1.8410816e+02   1.9104940e+02
  -1.4656875e+01  -8.0000000e+00  -1.9100000e+02   2.1762185e+02   1.1037156e+02  -1.8250238e+02   1.9144763e+02
  -1.2743631e+01  -8.0000000e+00  -1.9100000e+02   2.1604879e+02   1.1032743e+02  -1.8442193e+02   1.8891954e+02
  -1.0393376e+01  -8.0000000e+00  -1.9100000e+02   2.1470452e+02   1.1055212e+02  -1.8628481e+02   1.8492242e+02
  -7.5408766e+00  -8.0000000e+00  -1.9100000e+02   2.1250954e+02   1.1061815e+02  -1.8892767e+02   1.7961149e+02
  -4.0926659e+00  -8.0000000e+00  -1.9100000e+02   2.0975939e+02   1.1061910e+02  -1.9206565e+02   1.7508442e+02
  -4.1943616e-01  -8.0000000e+00  -1.9100000e+02   2.0640021e+02   1.1062861e+02  -1.9547939e+02   1.7084874e+02
   3.4278584e+00  -8.0000000e+00  -1.9100000e+02   2.0267098e+02   1.1054359e+02  -1.9874220e+02   1.6757587e+02
   6.7070424e+00  -8.0000000e+00  -1.9100000e+02   1.9801320e+02   1.1029441e+02  -2.0085575e+02   1.6326695e+02
   9.9622337e+00  -8.0000000e+00  -1.9100000e+02   1.9317398e+02   1.1022624e+02  -2.0283321e+02   1.5997645e+02
   1.3147500e+01  -8.0000000e+00  -1.9100000e+02   1.8702568e+02   1.1017438e+02  -2.0283662e+02   1.5618958e+02
   1.6264971e+01  -8.0000000e+00  -1.9100000e+02   1.8051009e+02   1.1043092e+02  -2.0340561e+02   1.5363737e+02
   2.0772785e+01  -8.0000000e+00  -1.9100000e+02   1.7454975e+02   1.1010832e+02  -2.0452120e+02   1.5219205e+02
   2.5067965e+01  -8.0000000e+00  -1.9100000e+02   1.6853727e+02   1.0873223e+02  -2.0590481e+02   1.4661416e+02
   2.7436098e+01  -8.0000000e+00  -1.9100000e+02   1.6527541e+02   1.0772351e+02  -2.0727120e+02   1.4215125e+02
   2.9688514e+01  -8.0000000e+00  -1.9100000e+02   1.6342701e+02   1.0623354e+02  -2.0897619e+02   1.3811290e+02
   3.1861486e+01  -8.0000000e+00  -1.9100000e+02   1.6344330e+02   1.0547570e+02  -2.1157902e+02   1.3392240e+02
   3.4648171e+01  -8.0000000e+00  -1.9100000e+02   1.6442406e+02   1.0515470e+02  -2.1382064e+02   1.3060354e+02
   3.6943838e+01  -8.0000000e+00  -1.9100000e+02   1.6599887e+02   1.0451517e+02  -2.1726705e+02   1.2752293e+02
   3.7360488e+01  -8.0000000e+00  -1.9100000e+02   1.6803139e+02   1.0598686e+02  -2.2021314e+02   1.2417128e+02
   3.8473105e+01  -8.0000000e+00  -1.9100000e+02   1.6909871e+02   1.0652830e+02  -2.2311860e+02   1.2034586e+02
   3.9473272e+01  -8.0000000e+00  -1.9100000e+02   1.7004049e+02   1.0611533e+02  -2.2478225e+02   1.1696886e+02
   4.0712964e+01  -8.0000000e+00  -1.9100000e+02   1.7132635e+02   1.0592158e+02  -2.2614741e+02   1.1444356e+02
   4.2339675e+01  -8.0000000e+00  -1.9100000e+02   1.7245131e+02   1.0576560e+02  -2.2747667e+02   1.1258712e+02
   4.2882343e+01  -8.0000000e+00  -1.9100000e+02   1.7352239e+02   1.0566772e+02  -2.2845293e+02   1.0980925e+02
   4.3268203e+01  -8.0000000e+00  -1.9100000e+02   1.7458794e+02   1.0556985e+02  -2.2941626e+02   1.0705018e+02
   4.2451107e+01  -8.0000000e+00  -1.9100000e+02   1.7486837e+02   1.0561952e+02  -2.3006743e+02   1.0460769e+02
   4.3643988e+01  -8.0000000e+00  -1.9100000e+02   1.7521355e+02   1.0584946e+02  -2.3014714e+02   1.0273648e+02
   4.4703684e+01  -8.0000000e+00  -1.9100000e+02   1.7376479e+02   1.0758724e+02  -2.2730211e+02   1.0115179e+02
   4.4646949e+01  -8.0000000e+00  -1.9100000e+02   1.7228890e+02   1.0899558e+02  -2.2515005e+02   1.0104797e+02
   4.3152410e+01  -8.0000000e+00  -1.9100000e+02   1.7313088e+02   1.0963160e+02  -2.2467860e+02   1.0032635e+02
   4.2661840e+01  -8.0000000e+00  -1.9100000e+02   1.7343223e+02   1.1029960e+02  -2.2469263e+02   1.0131077e+02
   4.0916457e+01  -8.0000000e+00  -1.9100000e+02   1.7320143e+02   1.1137647e+02  -2.2540725e+02   1.0218928e+02
   3.9238889e+01  -8.0000000e+00  -1.9100000e+02   1.7262059e+02   1.1306719e+02  -2.2572179e+02   1.0360769e+02
   3.7123639e+01  -8.0000000e+00  -1.9100000e+02   1.7224244e+02   1.1505286e+02  -2.2586804e+02   1.0541024e+02
   3.4816202e+01  -8.0000000e+00  -1.9100000e+02   1.7122477e+02   1.1639346e+02  -2.2715132e+02   1.0763025e+02
   3.2681385e+01  -8.0000000e+00  -1.9100000e+02   1.7024840e+02   1.2031186e+02  -2.3093193e+02   1.1772408e+02
   2.9588616e+01  -8.0000000e+00  -1.9100000e+02   1.6796786e+02   1.2622806e+02  -2.3562053e+02   1.2939017e+02
   2.7696709e+01  -8.0000000e+00  -1.9100000e+02   1.6780134e+02   1.3108915e+02  -2.3788734e+02   1.4124878e+02
   2.1900578e+01  -8.0000000e+00  -1.9100000e+02   1.6952096e+02   1.2857331e+02  -2.3345556e+02   1.5284772e+02
   1.6111854e+01  -8.0000000e+00  -1.9100000e+02   1.7269281e+02   1.1981935e+02  -2.2542486e+02   1.6328575e+02
   1.0280273e+01  -8.0000000e+00  -1.9100000e+02   1.7501039e+02   1.1097633e+02  -2.1880784e+02   1.6750396e+02
   5.1205826e+00  -8.0000000e+00  -1.9100000e+02   1.7756145e+02   1.0456307e+02  -2.1279203e+02   1.6679443e+02
   4.4965296e-01  -8.0000000e+00  -1.9100000e+02   1.8069602e+02   1.0248648e+02  -2.0751996e+02   1.6963313e+02
  -4.2792158e+00  -8.0000000e+00  -1.9100000e+02   1.8448641e+02   1.0153535e+02  -2.0140419e+02   1.7007023e+02
  -9.0735181e+00  -8.0000000e+00  -1.9100000e+02   1.9001891e+02   1.0304347e+02  -1.9446983e+02   1.7169783e+02
  -1.3510089e+01  -8.0000000e+00  -1.9100000e+02   1.9598610e+02   1.0568354e+02  -1.8730332e+02   1.7577530e+02
