   3.2549344e+01  -3.7987767e+00  -1.4550667e+02   1.5259057e+00  -1.1768342e+02  -5.6869681e+01   6.0934691e+01
   2.8952528e+01  -2.7354330e+00  -1.4925904e+02  -6.6553609e+00  -1.1326766e+02  -4.9393603e+01   4.8902225e+01
   2.7760836e+01  -4.1780333e+00  -1.5890771e+02   2.4070199e+00  -1.1197657e+02  -5.4353080e+01   3.8050541e+01
   2.6198845e+01   5.3331610e-01  -1.6447456e+02  -5.0651792e+00  -1.0725193e+02  -4.7139084e+01   2.5468161e+01
   2.6626933e+01   2.8671411e+00  -1.7036161e+02  -7.6376555e+00  -1.0623948e+02  -4.2946555e+01   1.1952869e+01
   2.1310925e+01   1.0338609e+01  -1.7608326e+02  -1.1966339e+01  -9.7462782e+01  -4.2563270e+01  -3.8348411e-01
   1.5645916e+01   1.3804588e+01  -1.8632878e+02   8.6078117e-01  -8.9192205e+01  -5.3868402e+01  -1.1902559e+01
   6.9675953e+00   1.6649062e+01  -1.9887041e+02   4.9326986e+00  -7.6576422e+01  -5.7742483e+01  -1.9468328e+01
  -1.2333566e+00   1.3478464e+01  -2.1287041e+02   1.8932698e+01  -6.2576435e+01  -6.6093838e+01  -2.7809424e+01
  -4.9594904e+00   1.0780938e+01  -2.2181706e+02   1.6906354e+01  -5.1916059e+01  -5.9983725e+01  -3.1618886e+01
  -8.7801345e+00   7.8162203e+00  -2.3096022e+02   2.3516854e+01  -4.0146678e+01  -5.8943364e+01  -4.2896425e+01
  -8.4841130e+00   4.0947061e+00  -2.3526692e+02   2.3541929e+01  -3.7633152e+01  -4.8997884e+01  -4.5023515e+01
  -8.2079228e+00   1.9041926e+00  -2.3835124e+02   2.3890843e+01  -3.3865423e+01  -4.1549941e+01  -4.6807543e+01
  -6.9054950e+00   8.5862955e-01  -2.4047542e+02   2.0623334e+01  -3.1600155e+01  -3.0373266e+01  -4.2566337e+01
  -6.8904234e+00   3.2430869e+00  -2.4035460e+02   2.8608554e+01  -2.4689372e+01  -3.0890509e+01  -2.8566337e+01
  -6.9257263e+00   3.4725132e+00  -2.3741221e+02   3.1030296e+01  -2.7414936e+01  -3.7399028e+01  -1.5220044e+01
  -6.5907055e+00   5.3967856e+00  -2.3687411e+02   2.6035822e+01  -2.4764449e+01  -3.7595622e+01  -1.0288257e+01
  -5.5380377e+00   7.3153557e+00  -2.3586751e+02   2.1626972e+01  -2.5230066e+01  -3.8493882e+01  -3.7442957e+00
  -3.6605400e+00   9.4042367e+00  -2.3438906e+02   2.2194663e+01  -2.6995070e+01  -4.4124716e+01   1.6074880e+00
  -1.6328825e+00   1.2405394e+01  -2.3326941e+02   1.9729304e+01  -2.8715118e+01  -4.7186443e+01   4.7028367e+00
  -1.1710624e+00   1.3652357e+01  -2.3183012e+02   2.2982043e+01  -2.6170556e+01  -5.5118985e+01   8.5223349e+00
  -1.0350783e+00   1.4881017e+01  -2.2925386e+02   2.7695409e+01  -2.7363279e+01  -6.3855277e+01   1.4112525e+01
   1.5316051e+00   1.6253147e+01  -2.2573417e+02   3.2273019e+01  -3.0719369e+01  -7.2370172e+01   1.8572507e+01
   6.0928968e+00   1.7341203e+01  -2.2291414e+02   2.8821306e+01  -3.5377524e+01  -7.3247627e+01   2.2665225e+01
   8.8026644e+00   2.0007537e+01  -2.1670745e+02   2.2111645e+01  -3.9541630e+01  -7.1153209e+01   2.7369763e+01
   1.2857729e+01   2.0522325e+01  -2.1023276e+02   1.9358300e+01  -4.5204839e+01  -7.2058449e+01   3.2031153e+01
   1.5907182e+01   1.8847845e+01  -2.0492264e+02   1.8067113e+01  -4.9163482e+01  -7.3374556e+01   3.7324110e+01
   2.5462859e+01   1.7511362e+01  -1.9175726e+02   1.9934949e+01  -6.3163482e+01  -7.8303408e+01   4.1802744e+01
   2.9550369e+01   1.3421958e+01  -1.8342753e+02   2.3736279e+01  -7.1069074e+01  -8.3657025e+01   4.5790841e+01
   3.6356854e+01   9.0303785e+00  -1.7440346e+02   2.6435959e+01  -8.0963032e+01  -8.8227343e+01   4.8578786e+01
   4.0535282e+01   1.4845198e+00  -1.6342872e+02   3.9973700e+01  -9.3995636e+01  -1.0222734e+02   5.4250921e+01
   4.1627742e+01  -4.3200324e+00  -1.5595910e+02   4.8017602e+01  -9.8196321e+01  -1.1023593e+02   5.8329478e+01
   4.3531794e+01  -6.1979970e+00  -1.5312042e+02   4.3470505e+01  -1.0184555e+02  -1.0505926e+02   6.1418444e+01
   4.0634541e+01  -7.4333019e+00  -1.5859303e+02   3.1848769e+01  -1.0137192e+02  -9.1059264e+01   6.9835035e+01
   4.1802713e+01  -7.3132258e+00  -1.5854416e+02   2.0133851e+01  -9.6372153e+01  -7.7059264e+01   7.4311546e+01
   4.4196050e+01  -7.3047603e+00  -1.5971019e+02   2.9938662e+01  -9.4149413e+01  -8.3737157e+01   7.5534607e+01
   4.4504050e+01  -7.3074081e+00  -1.5947808e+02   4.3938661e+01  -9.1410871e+01  -9.5840715e+01   7.7462166e+01
   4.5447582e+01  -6.5253368e+00  -1.5796434e+02   5.7234446e+01  -9.3571923e+01  -1.0984071e+02   7.7765250e+01
   4.5926908e+01  -8.6793227e+00  -1.5717425e+02   5.6112352e+01  -9.5672604e+01  -1.0799287e+02   7.6657635e+01
   4.4710678e+01  -7.4463446e+00  -1.5494325e+02   5.0136009e+01  -9.1744068e+01  -1.0359199e+02   7.6077277e+01
   4.3834377e+01  -9.0685878e+00  -1.5311861e+02   5.3777235e+01  -9.4798672e+01  -1.0742571e+02   7.4822916e+01
   4.1148763e+01  -1.0275208e+01  -1.5386359e+02   4.0251113e+01  -9.6543020e+01  -9.3425705e+01   7.3138595e+01
   3.8730484e+01  -1.0977003e+01  -1.5324169e+02   2.6374078e+01  -1.0098163e+02  -7.9425706e+01   7.2464677e+01
   3.6544069e+01  -1.3355419e+01  -1.5242394e+02   4.0197414e+01  -1.0667435e+02  -9.1101287e+01   6.9593355e+01
   3.3593990e+01  -1.1217397e+01  -1.4850894e+02   2.6197414e+01  -1.1156876e+02  -7.9651675e+01   6.5179913e+01
   2.9575868e+01  -1.1819821e+01  -1.5197036e+02   3.8931149e+01  -1.1099680e+02  -8.7285175e+01   5.2395678e+01
   2.7736958e+01  -1.3235360e+01  -1.5557065e+02   2.4944399e+01  -1.1148231e+02  -7.3285175e+01   3.8395678e+01
   2.1776101e+01  -2.4479710e+00  -1.6057491e+02   1.9121649e+01  -1.0712276e+02  -6.9548097e+01   2.8011913e+01
   2.4576359e+01  -1.7715599e+00  -1.6665167e+02   5.1216495e+00  -1.0633139e+02  -5.6868990e+01   1.4011916e+01
   2.1601768e+01   4.6442273e+00  -1.7459425e+02  -1.5424774e+00  -9.8948575e+01  -5.1483106e+01   3.0572135e+00
   1.5605159e+01   1.0167183e+01  -1.8377927e+02   4.1464055e+00  -9.0035835e+01  -5.7222995e+01  -3.4052265e+00
   7.1931959e+00   1.2877887e+01  -1.9619139e+02   1.1582397e+01  -7.6035836e+01  -6.4441607e+01  -1.2737693e+01
  -5.0909500e-01   1.3229999e+01  -2.1019139e+02   1.7877234e+01  -6.2968122e+01  -6.7073281e+01  -2.2658067e+01
  -6.5681915e+00   1.0392308e+01  -2.2190578e+02   2.3956651e+01  -4.8968122e+01  -6.7510496e+01  -2.8468572e+01
  -8.0422446e+00   8.1617825e+00  -2.2909966e+02   2.3730109e+01  -3.8274290e+01  -5.9915764e+01  -3.7979483e+01
  -7.2414696e+00   3.9346978e+00  -2.3467190e+02   2.8581326e+01  -3.3143438e+01  -5.3695943e+01  -4.3868588e+01
  -6.7982715e+00   1.4908387e+00  -2.3774477e+02   3.0152639e+01  -2.9551358e+01  -4.3899073e+01  -4.5767337e+01
  -6.5565505e+00   3.0865505e+00  -2.4011185e+02   2.4988663e+01  -2.1541737e+01  -3.0300326e+01  -4.2228160e+01
  -5.3695680e+00   5.1571312e+00  -2.3945007e+02   2.5338742e+01  -2.6755956e+01  -2.8244697e+01  -2.9626000e+01
  -6.2496519e+00   5.2894449e+00  -2.3718525e+02   2.8097746e+01  -2.4234749e+01  -3.6329454e+01  -1.7758242e+01
  -4.4070903e+00   6.9459146e+00  -2.3623128e+02   2.1459199e+01  -2.4389171e+01  -3.5803893e+01  -9.9491327e+00
  -3.3870253e+00   7.4910175e+00  -2.3627849e+02   2.3601161e+01  -2.6212179e+01  -4.1427675e+01  -3.0383056e+00
  -2.6874561e+00   1.0143324e+01  -2.3384744e+02   1.8932636e+01  -2.7436809e+01  -4.2338833e+01   2.2094301e+00
  -1.1733354e-01   1.2334021e+01  -2.3208684e+02   1.1946262e+01  -2.9726421e+01  -4.0251976e+01   5.9012863e+00
   1.9531590e-01   1.5255913e+01  -2.2930046e+02   1.0402513e+01  -2.9506305e+01  -4.4148769e+01   9.6310696e+00
   1.2769075e+00   1.7042568e+01  -2.2882700e+02   1.5107941e+01  -2.8412064e+01  -5.2882787e+01   1.0999277e+01
   3.4714100e+00   1.9520519e+01  -2.2521688e+02   1.1972034e+01  -3.1814816e+01  -5.4401857e+01   1.4253805e+01
   5.0080302e+00   2.0665187e+01  -2.2141350e+02   1.7517316e+01  -3.4579382e+01  -6.3653151e+01   1.7924534e+01
   9.4724408e+00   2.1410204e+01  -2.1411567e+02   2.8683973e+01  -4.2277296e+01  -7.7653151e+01   2.3933025e+01
   1.5500582e+01   2.0484199e+01  -2.0994989e+02   2.7466564e+01  -4.7055687e+01  -7.9284710e+01   2.5154653e+01
   2.0465265e+01   1.9142644e+01  -2.0527266e+02   2.3170591e+01  -5.2056958e+01  -7.6590680e+01   2.9360759e+01
   2.5095627e+01   1.8586746e+01  -1.9925196e+02   3.2577640e+01  -5.6621059e+01  -8.9475466e+01   3.3249794e+01
   2.4746831e+01   1.8941487e+01  -1.9396250e+02   2.0898127e+01  -5.7704050e+01  -8.0637289e+01   4.1017399e+01
   3.1781325e+01   1.6085968e+01  -1.8597260e+02   2.1507058e+01  -6.5406540e+01  -8.3044697e+01   4.3219277e+01
   3.5518756e+01   1.3132571e+01  -1.7972030e+02   3.5507058e+01  -7.1452154e+01  -9.6804269e+01   4.6942206e+01
   3.9138695e+01   8.7994219e+00  -1.7595921e+02   4.3081854e+01  -7.6902005e+01  -1.0324436e+02   4.8642024e+01
   4.0648977e+01   5.7241622e+00  -1.7074755e+02   3.6837955e+01  -8.1763927e+01  -9.8087982e+01   5.1389040e+01
   4.2620843e+01   1.7270790e+00  -1.6601920e+02   3.2483552e+01  -8.8758161e+01  -9.4066507e+01   5.3051241e+01
   4.3763177e+01  -2.8951297e+00  -1.6274288e+02   4.6051505e+01  -9.1830689e+01  -1.0519652e+02   5.4273255e+01
   4.4070255e+01  -5.0418385e+00  -1.5883049e+02   3.4836095e+01  -9.4730561e+01  -9.5835337e+01   5.5361593e+01
   4.4189849e+01  -7.2173722e+00  -1.5786255e+02   3.2771968e+01  -9.6030543e+01  -9.2234737e+01   5.7365990e+01
   4.4069010e+01  -7.2404055e+00  -1.5453864e+02   3.6724140e+01  -9.8691345e+01  -9.7532553e+01   5.8852325e+01
   4.2246314e+01  -6.5611569e+00  -1.5308115e+02   4.3417187e+01  -9.6870185e+01  -1.0469714e+02   6.2438214e+01
   4.1533026e+01  -6.9794202e+00  -1.5554008e+02   4.8149726e+01  -9.4600454e+01  -1.0554077e+02   6.5714406e+01
   4.0722708e+01  -6.4255492e+00  -1.5547248e+02   3.6459246e+01  -9.2334976e+01  -9.4032651e+01   6.7666324e+01
   3.9767716e+01  -6.4557318e+00  -1.5743955e+02   3.0584517e+01  -9.5103612e+01  -8.6093780e+01   6.9892809e+01
   4.0049495e+01  -7.4496613e+00  -1.5600537e+02   4.4467871e+01  -9.5844382e+01  -1.0009378e+02   7.0164909e+01
   3.9886615e+01  -8.3622170e+00  -1.5598681e+02   5.1035569e+01  -9.4190959e+01  -1.0756704e+02   6.9269106e+01
   3.9710979e+01  -8.9440562e+00  -1.5558215e+02   6.0264684e+01  -9.6451003e+01  -1.1626542e+02   6.9955564e+01
   3.8901597e+01  -7.9487195e+00  -1.5423229e+02   4.6264684e+01  -9.8976357e+01  -1.0343735e+02   6.8399121e+01
   3.2684635e+01  -5.1072845e+00  -1.5340238e+02   3.2264684e+01  -1.0378887e+02  -9.0599107e+01   5.7233938e+01
   2.8682348e+01  -5.1584185e+00  -1.5547910e+02   1.9365832e+01  -9.9804373e+01  -7.6599107e+01   4.8502311e+01
   2.6359095e+01  -4.0962870e+00  -1.5888491e+02   8.1335923e+00  -1.0628423e+02  -6.2599107e+01   3.4899040e+01
   2.4692468e+01  -2.3702168e+00  -1.6439143e+02   3.0785156e+00  -1.0788775e+02  -5.5000264e+01   2.2118914e+01
   2.3630756e+01   2.7560454e+00  -1.7018202e+02   3.9232373e-01  -1.0431814e+02  -5.2076594e+01   1.1628860e+01
   1.9443849e+01   7.9523610e+00  -1.7920384e+02   1.0665338e+00  -9.5108474e+01  -5.2711143e+01  -2.6676156e-01
   1.6258954e+01   1.1209338e+01  -1.8777891e+02   3.5492209e+00  -8.8632095e+01  -5.4171852e+01  -1.2815305e+01
   4.8222474e+00   1.6059210e+01  -2.0137480e+02   9.8933126e+00  -7.4632095e+01  -5.9631092e+01  -1.9289145e+01
  -1.2487304e+00   1.1781599e+01  -2.1293097e+02   1.7915732e+01  -6.0632096e+01  -6.3137195e+01  -2.8344925e+01
  -1.2673974e+00   8.0007388e+00  -2.2158274e+02   1.6847923e+01  -4.9784066e+01  -5.5706392e+01  -3.6697660e+01
  -7.2468099e+00   7.0073000e+00  -2.3297592e+02   2.0110748e+01  -3.5784066e+01  -4.7474041e+01  -4.5091774e+01
  -8.0980433e+00   4.2865715e+00  -2.3794199e+02   2.7197102e+01  -2.8093016e+01  -4.3136483e+01  -4.4789013e+01
  -6.2064014e+00   3.9297654e+00  -2.3971398e+02   2.1788897e+01  -2.4042947e+01  -2.9136483e+01  -4.0601489e+01
  -5.5115200e+00   5.3138574e+00  -2.3912980e+02   2.4499603e+01  -2.2654035e+01  -2.8911928e+01  -2.7047187e+01
  -5.0682495e+00   6.5886030e+00  -2.3652695e+02   2.1472167e+01  -2.4487205e+01  -3.1970166e+01  -1.6883783e+01
  -3.9846364e+00   7.7149272e+00  -2.3461556e+02   1.9799053e+01  -2.5445067e+01  -3.5521849e+01  -9.4881993e+00
  -7.6568529e-01   8.9110562e+00  -2.3316070e+02   1.5788573e+01  -2.8705217e+01  -3.5681999e+01  -3.7283516e+00
   3.7982698e-02   1.1078555e+01  -2.3029596e+02   1.6952037e+01  -2.9867880e+01  -4.2714715e+01   2.9951462e+00
   2.7518693e+00   1.5212379e+01  -2.2784804e+02   1.1995731e+01  -3.2141109e+01  -4.5095403e+01   7.3368562e+00
   3.8670222e+00   1.6828985e+01  -2.2783030e+02   1.9743536e+01  -2.9576975e+01  -5.6203888e+01   8.4175019e+00
   1.9947270e+00   2.0125870e+01  -2.2518951e+02   2.7404432e+01  -2.6426787e+01  -7.0203888e+01   1.2827336e+01
   8.9086345e+00   1.9254782e+01  -2.1956080e+02   3.8989007e+01  -3.5613860e+01  -8.4203887e+01   1.8486080e+01
   1.4114390e+01   1.9670402e+01  -2.1365131e+02   4.2912865e+01  -4.2644304e+01  -9.2168518e+01   2.4059795e+01
   1.9017310e+01   1.9730064e+01  -2.0826230e+02   2.8912865e+01  -4.7776243e+01  -8.2051993e+01   2.8175222e+01
   2.0825125e+01   2.0499850e+01  -2.0162341e+02   3.3562947e+01  -4.7603781e+01  -9.0393110e+01   3.2223391e+01
   2.6458909e+01   1.7367218e+01  -1.9591025e+02   4.1404845e+01  -5.6324391e+01  -9.7923449e+01   3.6066979e+01
   3.1321392e+01   1.7324881e+01  -1.8792611e+02   5.2640802e+01  -6.2932480e+01  -1.1192345e+02   3.9273666e+01
   3.6139045e+01   1.3612975e+01  -1.8047296e+02   4.6361980e+01  -7.1316459e+01  -1.0731583e+02   4.2961081e+01
   3.8739010e+01   1.0147135e+01  -1.7534016e+02   4.5598055e+01  -7.5680614e+01  -1.0723058e+02   4.5050574e+01
   3.9894281e+01   8.0973409e+00  -1.7288604e+02   3.1598055e+01  -7.8484352e+01  -9.4550133e+01   4.7951813e+01
   4.1569494e+01   4.0111880e+00  -1.6823948e+02   4.5598055e+01  -8.3165414e+01  -1.0855013e+02   5.3072746e+01
   4.3051217e+01   6.7361430e-01  -1.6291821e+02   5.9003518e+01  -8.8597720e+01  -1.2255013e+02   5.6418857e+01
   4.4355795e+01  -3.4333634e+00  -1.5848167e+02   5.1637661e+01  -9.2904336e+01  -1.1460664e+02   5.8011585e+01
   4.4747203e+01  -4.8197736e+00  -1.5760089e+02   4.9849369e+01  -9.2402773e+01  -1.1313350e+02   5.9487086e+01
   4.4111732e+01  -3.8308056e+00  -1.5986142e+02   4.3165022e+01  -8.9867780e+01  -1.0459430e+02   6.3834617e+01
   4.3640566e+01  -3.6909619e+00  -1.5876919e+02   3.8792458e+01  -8.7374077e+01  -1.0176764e+02   6.6072980e+01
   4.2294834e+01  -4.5947115e+00  -1.5959788e+02   2.8411360e+01  -8.5341529e+01  -9.0221349e+01   6.8643981e+01
   4.2124054e+01  -5.8511796e+00  -1.6086524e+02   2.9414590e+01  -8.6465862e+01  -8.9616323e+01   6.9692165e+01
   4.1479024e+01  -5.5789536e+00  -1.6012592e+02   2.5990548e+01  -8.5137058e+01  -8.6488071e+01   6.9829992e+01
   4.1066294e+01  -5.4265680e+00  -1.6062250e+02   2.7443887e+01  -8.3212010e+01  -8.7490455e+01   7.0690092e+01
   3.9736839e+01  -6.5636937e+00  -1.6064997e+02   4.1443886e+01  -8.4393964e+01  -1.0042063e+02   7.0587480e+01
   3.9051117e+01  -6.6373525e+00  -1.6096319e+02   5.2917424e+01  -8.2906254e+01  -1.1052769e+02   7.0816745e+01
   3.8144715e+01  -6.2677533e+00  -1.5986403e+02   3.8917456e+01  -8.6516415e+01  -9.7608843e+01   7.1003604e+01
   3.6464582e+01  -5.9073788e+00  -1.5756168e+02   3.7414871e+01  -9.0846735e+01  -9.6119221e+01   7.0180793e+01
   3.5064413e+01  -6.0102920e+00  -1.5662366e+02   5.1414871e+01  -9.0955362e+01  -1.0896270e+02   6.9392711e+01
   3.3361062e+01  -5.1083911e+00  -1.5565948e+02   6.4327087e+01  -9.2046115e+01  -1.2296269e+02   6.8424222e+01
   3.1881108e+01  -5.4409976e+00  -1.5534102e+02   5.0327087e+01  -9.1713195e+01  -1.0965130e+02   6.5066348e+01
   3.0875363e+01  -7.9355872e+00  -1.5613220e+02   3.6327087e+01  -1.0341059e+02  -9.5651295e+01   5.1509384e+01
   2.8022961e+01  -8.2050704e+00  -1.5721912e+02   2.6283005e+01  -9.9862522e+01  -8.1651296e+01   3.8471184e+01
   2.3293748e+01  -4.3465930e+00  -1.6090772e+02   1.6333488e+01  -1.0785484e+02  -7.2327655e+01   2.9221962e+01
   2.5103188e+01  -4.3427108e+00  -1.6670356e+02   6.7131158e+00  -1.0882141e+02  -5.9650560e+01   1.5306988e+01
   2.1608389e+01   7.2623079e+00  -1.7427428e+02   9.4004339e-01  -9.9798061e+01  -5.5017264e+01   1.5170549e+00
   1.5277537e+01   1.1516616e+01  -1.8353320e+02   2.4096274e+00  -9.0855281e+01  -5.6199299e+01  -4.1613046e+00
   7.1029916e+00   1.6130212e+01  -1.9512596e+02   5.2693503e+00  -7.9618073e+01  -5.9983461e+01  -1.3906150e+01
  -6.6739003e-01   1.3871234e+01  -2.0912596e+02   1.6359906e+01  -6.5618077e+01  -6.6943384e+01  -2.3275708e+01
  -7.7786657e+00   1.3111196e+01  -2.1959756e+02   2.1032924e+01  -5.2871997e+01  -6.8536423e+01  -2.4876501e+01
  -7.9408047e+00   9.3427905e+00  -2.2813686e+02   1.8629010e+01  -4.0628943e+01  -5.7352915e+01  -3.3906222e+01
  -8.1465402e+00   5.9719577e+00  -2.3733424e+02   2.0761000e+01  -2.8020948e+01  -4.5938918e+01  -3.5256866e+01
  -8.4977250e+00   4.8822223e+00  -2.4112933e+02   2.3088672e+01  -2.2449107e+01  -3.6353043e+01  -2.7707967e+01
  -6.0968330e+00   7.7364599e+00  -2.4154924e+02   1.8044648e+01  -2.3165743e+01  -3.0320512e+01  -1.3735323e+01
  -5.9725405e+00   8.6960955e+00  -2.3995782e+02   1.7480355e+01  -2.1794064e+01  -3.4334168e+01  -5.1728213e+00
  -5.9168379e+00   8.3421747e+00  -2.3953675e+02   1.8338198e+01  -2.1593769e+01  -3.8361854e+01   2.4056014e-01
  -4.4087105e+00   8.5528375e+00  -2.3659002e+02   2.4431624e+01  -2.4288739e+01  -4.8394859e+01   8.6881975e+00
  -2.6377006e+00   1.0927839e+01  -2.3455392e+02   1.8123466e+01  -2.7471959e+01  -4.7091277e+01   1.3263227e+01
  -1.3837604e-01   1.2744326e+01  -2.3187257e+02   1.5487225e+01  -3.1457147e+01  -4.8855862e+01   1.8162358e+01
   1.0246717e+00   1.5486665e+01  -2.3020979e+02   1.0693470e+01  -3.0785384e+01  -4.8787846e+01   2.0283390e+01
   3.8767830e+00   1.7298066e+01  -2.2712472e+02   1.3433870e+01  -3.5494524e+01  -5.6135536e+01   2.3765945e+01
   3.3560516e+00   1.8781241e+01  -2.2502142e+02   1.5934525e+01  -3.6486469e+01  -6.1437564e+01   2.6383278e+01
   5.5787543e+00   1.8900663e+01  -2.2040963e+02   2.7976570e+01  -3.9351994e+01  -7.5437564e+01   3.1020852e+01
   6.9896115e+00   2.2100437e+01  -2.1614020e+02   2.8687742e+01  -4.4311891e+01  -8.1599067e+01   3.4028586e+01
   1.2377750e+01   2.0381652e+01  -2.1110503e+02   3.4575731e+01  -5.0537511e+01  -8.8264812e+01   3.8046645e+01
   1.7827850e+01   2.0277133e+01  -2.0636724e+02   2.5181361e+01  -5.8494638e+01  -8.0370223e+01   3.9955974e+01
   1.9363153e+01   2.0692616e+01  -2.0185718e+02   3.7776863e+01  -6.0274156e+01  -9.4370222e+01   4.4156453e+01
   2.0822166e+01   2.1292758e+01  -2.0166084e+02   2.9777684e+01  -5.9578875e+01  -8.8612013e+01   4.6849263e+01
   2.2574128e+01   2.1247841e+01  -1.9959516e+02   2.8666529e+01  -6.3019606e+01  -8.7363799e+01   5.0934876e+01
   2.4875300e+01   2.0729133e+01  -1.9479201e+02   2.8173534e+01  -6.3135554e+01  -8.7965153e+01   5.3585973e+01
   2.6533200e+01   2.0240451e+01  -1.9219645e+02   3.1510009e+01  -6.5582554e+01  -9.1662498e+01   5.5522444e+01
   2.9100716e+01   1.8907552e+01  -1.8890604e+02   2.0540893e+01  -7.0770413e+01  -8.1946168e+01   5.7807368e+01
   3.1489465e+01   1.7718368e+01  -1.8554074e+02   1.4754757e+01  -7.1719765e+01  -7.6335593e+01   5.9286973e+01
   3.3232541e+01   1.5318803e+01  -1.8260675e+02   2.1116146e+01  -7.5618241e+01  -8.0747539e+01   6.1525228e+01
   3.4663701e+01   1.4392321e+01  -1.8229354e+02   2.3544993e+01  -7.8212577e+01  -8.3017616e+01   6.2442606e+01
   3.5699279e+01   1.3793121e+01  -1.8199935e+02   1.9387776e+01  -8.0067653e+01  -7.8966604e+01   6.2299292e+01
   3.6286131e+01   1.2791766e+01  -1.7984050e+02   1.8949722e+01  -8.2411582e+01  -7.7309818e+01   6.3927412e+01
   3.7200625e+01   1.0962236e+01  -1.7947363e+02   2.2022198e+01  -8.4417485e+01  -7.8550662e+01   6.4338005e+01
   3.8071480e+01   8.6824316e+00  -1.7770550e+02   2.0534942e+01  -8.7558851e+01  -7.5513977e+01   6.5846818e+01
   3.8638012e+01   8.4090866e+00  -1.7547868e+02   1.5477294e+01  -8.8071786e+01  -7.2804053e+01   6.6754681e+01
   4.0116436e+01   8.7353005e+00  -1.7329498e+02   8.1704334e+00  -8.9293384e+01  -6.6377246e+01   6.5334740e+01
   4.0833638e+01   9.2505240e+00  -1.7199061e+02   7.7753742e+00  -8.5333238e+01  -6.7231997e+01   6.5699423e+01
   4.1230221e+01   7.9264817e+00  -1.7172413e+02   5.3216438e+00  -8.4659664e+01  -6.3762720e+01   6.5788332e+01
   4.1749601e+01   6.1598785e+00  -1.7043478e+02   5.9915826e+00  -9.2396290e+01  -6.3887990e+01   6.6438231e+01
   4.2597104e+01   4.9013107e+00  -1.6990535e+02   5.9994849e+00  -8.8731330e+01  -6.3728250e+01   6.8605436e+01
   4.4126338e+01   1.6931806e+00  -1.6635379e+02   1.9999485e+01  -8.9498636e+01  -7.6045934e+01   7.0353176e+01
   4.4714276e+01   5.4122899e-01  -1.6484609e+02   3.3999485e+01  -9.6700738e+01  -8.9821680e+01   7.2104104e+01
   4.5786288e+01  -1.8456818e+00  -1.6083232e+02   3.3251286e+01  -9.3251186e+01  -8.9272139e+01   7.1417493e+01
   4.6383526e+01  -4.6303583e+00  -1.5826356e+02   4.4292305e+01  -9.5435913e+01  -9.9694089e+01   7.2197331e+01
   4.5887017e+01  -6.7693575e+00  -1.5570200e+02   4.5835828e+01  -9.7510456e+01  -1.0074357e+02   7.2188795e+01
   4.4803782e+01  -7.7975465e+00  -1.5304827e+02   4.8685591e+01  -9.8837025e+01  -1.0381575e+02   7.2616871e+01
   4.4168662e+01  -8.0057349e+00  -1.5051228e+02   5.5146814e+01  -1.0078779e+02  -1.1007442e+02   7.3807603e+01
   4.2475893e+01  -9.4684353e+00  -1.4780877e+02   4.3706552e+01  -1.0609761e+02  -9.8402371e+01   7.2924084e+01
   4.0710626e+01  -8.1970546e+00  -1.4619035e+02   2.9706552e+01  -1.1316057e+02  -8.5685274e+01   7.1942416e+01
   3.8770846e+01  -6.7687531e+00  -1.4485843e+02   1.9586078e+01  -1.1767972e+02  -7.3815791e+01   7.2896525e+01
   3.4076284e+01  -2.6985314e+00  -1.4725263e+02   5.5860786e+00  -1.1376075e+02  -6.0676844e+01   6.4648869e+01
   2.9812977e+01  -2.2303248e+00  -1.5158268e+02  -6.3724519e+00  -1.0826402e+02  -4.6676844e+01   5.2438150e+01
   2.8729944e+01  -1.7892461e+00  -1.5476902e+02   1.5667230e+00  -1.1363810e+02  -5.3537926e+01   4.2747485e+01
   3.0193877e+01  -2.8792887e+00  -1.6318260e+02   9.2649750e+00  -1.1267630e+02  -5.8519460e+01   2.9495250e+01
   2.9635738e+01  -7.5639433e-01  -1.7114951e+02   1.5813997e+01  -1.0954665e+02  -6.2806739e+01   2.0022327e+01
   2.6110636e+01   5.2939605e+00  -1.7724695e+02   8.3162015e+00  -9.9971604e+01  -5.7271051e+01   1.1182897e+01
   1.8664763e+01   1.4016034e+01  -1.8575118e+02   7.1510363e+00  -8.7736187e+01  -6.0227633e+01   4.6648387e-01
   4.6647632e+00   1.9691225e+01  -1.9975117e+02   1.8987280e+01  -7.3736187e+01  -7.2374136e+01  -8.6606989e+00
  -4.4188042e-01   1.6193893e+01  -2.1240351e+02   1.9757846e+01  -5.9867373e+01  -6.7575097e+01  -1.8437525e+01
  -2.9909669e+00   1.2729980e+01  -2.2267624e+02   1.8728585e+01  -4.7581588e+01  -6.1668606e+01  -2.8130667e+01
  -7.0810568e+00   1.0542616e+01  -2.2867536e+02   1.8588520e+01  -4.0345314e+01  -5.4609828e+01  -3.6128538e+01
  -7.1832317e+00   6.3403099e+00  -2.3410885e+02   2.4021493e+01  -3.1681703e+01  -4.9801597e+01  -4.4417124e+01
  -7.8641361e+00   3.3148338e+00  -2.3797606e+02   2.8214093e+01  -2.7671879e+01  -4.5105331e+01  -4.8967328e+01
  -5.8201900e+00   3.4605809e+00  -2.4083667e+02   1.9397996e+01  -2.7750302e+01  -3.1105331e+01  -4.7102477e+01
  -6.1666491e+00   4.5955631e+00  -2.4376923e+02   1.9928026e+01  -2.0564020e+01  -2.4688323e+01  -4.3176477e+01
  -6.0924029e+00   7.4220256e+00  -2.4166861e+02   1.6175438e+01  -2.4302916e+01  -2.1088874e+01  -2.9748726e+01
  -5.2194181e+00   7.4145683e+00  -2.4100267e+02   1.6120688e+01  -2.5611157e+01  -2.5237661e+01  -1.7693665e+01
  -6.0868358e+00   9.1566531e+00  -2.3945427e+02   1.8088353e+01  -2.5097169e+01  -3.2363044e+01  -1.0355722e+01
  -4.8851273e+00   1.0508544e+01  -2.3871938e+02   1.5350378e+01  -2.5622037e+01  -3.3562220e+01  -5.5466265e+00
  -4.9415224e+00   1.2305133e+01  -2.3667944e+02   1.3862145e+01  -2.4945715e+01  -3.7015099e+01   7.3258189e-01
  -3.6157846e+00   1.3381929e+01  -2.3505246e+02   1.8974506e+01  -2.7038435e+01  -4.5762337e+01   5.6767098e+00
  -1.6690796e+00   1.6598657e+01  -2.3464549e+02   1.6212464e+01  -2.7994823e+01  -4.8044496e+01   7.6993579e+00
  -6.4347882e-01   1.8362823e+01  -2.3311755e+02   1.9625576e+01  -2.8337597e+01  -5.5368616e+01   1.0250837e+01
  -1.3910756e+00   2.0529058e+01  -2.3195110e+02   1.8706958e+01  -2.6696383e+01  -5.9143708e+01   1.3547550e+01
   1.3501385e+00   2.1787638e+01  -2.2920144e+02   2.0827959e+01  -2.9477976e+01  -6.5617141e+01   1.8342390e+01
   5.3089460e+00   2.3787900e+01  -2.2317372e+02   2.3322941e+01  -3.6127514e+01  -7.2156471e+01   2.2866247e+01
   1.0771566e+01   2.1839684e+01  -2.1424132e+02   2.3921145e+01  -4.5642916e+01  -7.5147679e+01   2.9607838e+01
   1.6928808e+01   2.4202042e+01  -2.0909702e+02   1.4030261e+01  -4.9737493e+01  -6.9862389e+01   3.1442318e+01
   2.1976695e+01   2.1603929e+01  -2.0151849e+02   2.7242734e+01  -5.8051945e+01  -8.3862389e+01   3.6680838e+01
   2.9832469e+01   1.9284214e+01  -1.8947980e+02   3.1100502e+01  -6.9246754e+01  -9.0568615e+01   4.0816144e+01
   3.5205228e+01   1.6742308e+01  -1.8160215e+02   3.0008233e+01  -7.6648835e+01  -9.1668170e+01   4.3671416e+01
   3.9424721e+01   1.1245311e+01  -1.7537646e+02   1.9786026e+01  -8.5039235e+01  -8.0936618e+01   4.7310560e+01
   4.2376967e+01   8.1581213e+00  -1.6941113e+02   1.5496876e+01  -9.2229719e+01  -7.9478716e+01   5.0643302e+01
   4.4764902e+01   1.6793861e+00  -1.6337435e+02   2.0410763e+01  -9.6701868e+01  -8.3115969e+01   5.3139328e+01
   4.5397716e+01  -2.1067213e+00  -1.5854861e+02   2.6969728e+01  -1.0138991e+02  -8.8321238e+01   5.8239345e+01
   4.5709998e+01  -4.0459853e+00  -1.5603627e+02   4.0969727e+01  -1.0454348e+02  -1.0155997e+02   6.1448695e+01
   4.5662082e+01  -4.1858825e+00  -1.5450629e+02   2.6969727e+01  -1.0664077e+02  -8.7705498e+01   6.3793635e+01
   4.4436571e+01  -4.0986516e+00  -1.5522166e+02   2.6191936e+01  -1.0123766e+02  -8.5958695e+01   6.7565905e+01
   4.3663422e+01  -5.5269979e+00  -1.5394095e+02   3.3669918e+01  -1.0047218e+02  -9.2590928e+01   7.0110480e+01
   4.4455897e+01  -6.2524696e+00  -1.5524358e+02   4.7669917e+01  -9.6914594e+01  -1.0370157e+02   7.1922466e+01
   4.5096886e+01  -6.8446272e+00  -1.5493497e+02   5.5530570e+01  -9.6762824e+01  -1.1080063e+02   7.3491393e+01
   4.5135968e+01  -6.4487518e+00  -1.5136800e+02   4.1801443e+01  -9.7043054e+01  -9.8596073e+01   7.3393121e+01
   4.3068963e+01  -5.3299053e+00  -1.4865285e+02   2.7801443e+01  -1.0153171e+02  -8.6373367e+01   7.3289726e+01
   3.9848520e+01  -7.4562202e+00  -1.4852683e+02   3.1554228e+01  -1.1124863e+02  -8.7825768e+01   7.0698631e+01
   3.5156818e+01  -3.0044297e+00  -1.4790279e+02   2.2092270e+01  -1.1260454e+02  -7.9443822e+01   6.2847643e+01
   3.0790750e+01   4.9058727e-01  -1.5249442e+02   8.0922706e+00  -1.0287815e+02  -6.5443822e+01   4.8847645e+01
   3.0089994e+01  -1.4127059e+00  -1.5859473e+02  -1.4356539e+00  -1.0402273e+02  -5.3751087e+01   3.4847645e+01
   2.8361732e+01   1.4737181e+00  -1.6864844e+02   1.2564345e+01  -9.8999799e+01  -6.3421788e+01   2.4689685e+01
   2.4432769e+01   1.0259347e+01  -1.7706007e+02   3.0727003e+00  -8.7384753e+01  -5.6458759e+01   1.1123863e+01
   1.7238332e+01   1.3995471e+01  -1.8880378e+02   1.6421139e+01  -7.7861416e+01  -6.9064080e+01   3.6470940e+00
   8.4242167e+00   1.6557781e+01  -2.0027195e+02   2.0889083e+01  -6.6797328e+01  -7.0265978e+01  -6.4831129e+00
   3.3803150e+00   1.3260593e+01  -2.1118015e+02   3.2672900e+01  -5.8479457e+01  -7.7337297e+01  -1.5381700e+01
   9.3846884e-01   1.3244682e+01  -2.1861488e+02   1.9109587e+01  -5.0828477e+01  -6.3337297e+01  -2.2939742e+01
  -3.3765078e+00   1.1319156e+01  -2.2811102e+02   1.7445230e+01  -4.0989058e+01  -5.5030894e+01  -3.0735562e+01
  -5.8702089e+00   8.6649795e+00  -2.3452756e+02   1.9966121e+01  -3.3605021e+01  -4.9223478e+01  -3.6750960e+01
  -6.6901248e+00   5.7902340e+00  -2.3869486e+02   2.0754538e+01  -3.1040217e+01  -4.2046111e+01  -3.5921833e+01
  -6.8406428e+00   3.9907064e+00  -2.4264112e+02   2.2680186e+01  -2.4902441e+01  -3.6115661e+01  -3.8829273e+01
  -6.9088454e+00   4.6911385e+00  -2.4170645e+02   2.2970025e+01  -2.1407467e+01  -3.0878069e+01  -3.0415918e+01
  -7.2191120e+00   6.6997888e+00  -2.3958730e+02   2.1610238e+01  -2.3335818e+01  -3.1115406e+01  -1.6415918e+01
  -6.1364427e+00   8.8354190e+00  -2.3822585e+02   1.8853477e+01  -2.2672574e+01  -3.3362083e+01  -1.1648962e+01
  -4.3723565e+00   9.8533010e+00  -2.3750146e+02   1.5999125e+01  -2.5363155e+01  -3.4098567e+01  -6.5453950e+00
  -3.6581053e+00   1.3328111e+01  -2.3587345e+02   1.0650462e+01  -2.5879673e+01  -3.4931721e+01  -1.0166983e+00
  -7.1850326e-01   1.4435537e+01  -2.3380886e+02   1.4215123e+01  -2.8886437e+01  -4.2306275e+01   2.8542259e+00
   3.4755125e-01   1.7254548e+01  -2.3167502e+02   1.2021476e+01  -2.9259638e+01  -4.5569857e+01   6.4751254e+00
   2.1675122e+00   1.9806760e+01  -2.3008878e+02   1.0603377e+01  -2.8781205e+01  -4.8261036e+01   7.9757298e+00
   1.3664251e+00   2.2119156e+01  -2.2862142e+02   1.1033124e+01  -2.7639788e+01  -5.3062864e+01   1.1579044e+01
   2.6424276e+00   2.2911913e+01  -2.2732351e+02   1.5600177e+01  -2.7266491e+01  -6.0715193e+01   1.4676510e+01
   4.0378566e+00   2.3244133e+01  -2.2481057e+02   2.8187624e+01  -2.9451416e+01  -7.4715193e+01   1.8001006e+01
   8.5046405e+00   2.3060488e+01  -2.1928877e+02   2.9543205e+01  -3.5222958e+01  -7.9905095e+01   2.3039504e+01
   1.4569106e+01   2.2923264e+01  -2.1616714e+02   2.3804678e+01  -4.0763891e+01  -7.7020779e+01   2.5602593e+01
   1.8263834e+01   2.5132792e+01  -2.0849325e+02   3.1556464e+01  -4.4703043e+01  -8.9280048e+01   3.0699050e+01
   2.1752203e+01   2.4564406e+01  -2.0370976e+02   3.4587548e+01  -4.9355468e+01  -9.4339065e+01   3.5247761e+01
   2.6271343e+01   2.3348532e+01  -1.9562217e+02   4.6891336e+01  -5.8349165e+01  -1.0833906e+02   3.9541912e+01
   3.1199897e+01   2.1255100e+01  -1.8668803e+02   4.4334214e+01  -6.5711315e+01  -1.0881084e+02   4.4290660e+01
   3.6156383e+01   1.7487137e+01  -1.7894524e+02   3.5343950e+01  -7.2201371e+01  -1.0047100e+02   4.7367010e+01
   3.8929199e+01   1.3742314e+01  -1.7532505e+02   2.1343950e+01  -7.7919889e+01  -8.6470998e+01   5.1063650e+01
   3.9767292e+01   1.2509702e+01  -1.7282363e+02   1.4659723e+01  -7.4467324e+01  -8.2274894e+01   5.3835156e+01
   4.1169619e+01   8.6385571e+00  -1.6999181e+02   2.8659723e+01  -7.9642730e+01  -9.5324060e+01   5.7803918e+01
   4.2564014e+01   5.5441149e+00  -1.6659120e+02   4.0073723e+01  -8.5790467e+01  -1.0560054e+02   6.1097140e+01
   4.4243902e+01   1.9714399e+00  -1.6223286e+02   4.2926238e+01  -8.7909255e+01  -1.0829314e+02   6.2771481e+01
   4.5463154e+01  -2.6094468e+00  -1.5885424e+02   4.3223928e+01  -9.3115244e+01  -1.0728223e+02   6.3976918e+01
   4.5636531e+01  -2.7320066e+00  -1.5988657e+02   4.3624481e+01  -9.2338000e+01  -1.0571187e+02   6.7542434e+01
   4.5494229e+01  -3.8619933e+00  -1.6024962e+02   3.9694163e+01  -9.2470777e+01  -1.0037018e+02   7.0454034e+01
   4.4303619e+01  -3.9902214e+00  -1.5974570e+02   3.3977103e+01  -9.1895314e+01  -9.5045662e+01   7.2856457e+01
   4.5348935e+01  -5.7478391e+00  -1.5939188e+02   4.5965975e+01  -8.9566529e+01  -1.0528825e+02   7.3992119e+01
   4.5704562e+01  -6.4069285e+00  -1.6098481e+02   5.9730374e+01  -8.6847635e+01  -1.1687463e+02   7.4521160e+01
   4.5990738e+01  -6.7549720e+00  -1.6073792e+02   6.9415405e+01  -8.6334745e+01  -1.2590878e+02   7.4602109e+01
   4.5528802e+01  -4.8715833e+00  -1.5930198e+02   6.1499148e+01  -8.2174503e+01  -1.1965996e+02   7.3670907e+01
   4.4511617e+01  -5.0965661e+00  -1.5858970e+02   4.7499148e+01  -8.3983752e+01  -1.0662474e+02   7.2620607e+01
   4.1880368e+01  -5.7796634e+00  -1.5754160e+02   3.3499154e+01  -8.6807321e+01  -9.2998747e+01   7.1774679e+01
   4.0012197e+01  -6.5435058e+00  -1.5675333e+02   3.6658085e+01  -8.6312230e+01  -9.5162262e+01   7.0268768e+01
   3.7679822e+01  -5.8659892e+00  -1.5657049e+02   2.8063803e+01  -9.0250369e+01  -8.5441377e+01   6.8226861e+01
   3.6012879e+01  -5.4409807e+00  -1.5431723e+02   2.9464125e+01  -9.6047180e+01  -8.7728380e+01   6.5775518e+01
   3.3012355e+01  -4.6229968e+00  -1.5443058e+02   1.5464126e+01  -1.0100039e+02  -7.3728380e+01   5.3198337e+01
   2.9763093e+01  -2.6863628e+00  -1.5798899e+02   1.6150174e+00  -9.8678954e+01  -5.9728380e+01   3.9198337e+01
   2.8173998e+01   9.2884028e-01  -1.6639661e+02  -4.3247170e+00  -9.2414793e+01  -5.1286590e+01   2.6578447e+01
   2.2487736e+01   8.9139492e+00  -1.7774064e+02   9.6752829e+00  -8.2911331e+01  -6.3324976e+01   1.8760977e+01
   1.4842839e+01   1.4571211e+01  -1.9059367e+02   2.3675282e+01  -7.1497769e+01  -7.5184314e+01   1.0371872e+01
   6.4263616e+00   1.6817169e+01  -2.0459367e+02   2.4944927e+01  -6.3721608e+01  -7.4075124e+01   3.7275467e+00
  -8.4292573e-01   1.7852451e+01  -2.1753866e+02   1.6490275e+01  -5.5776808e+01  -6.3706496e+01  -8.4098107e-01
  -2.5166216e+00   1.5142050e+01  -2.2524204e+02   8.0239248e+00  -4.8815904e+01  -5.2160990e+01  -9.6490771e+00
  -7.5332106e+00   1.1784444e+01  -2.3013535e+02   1.8130589e+01  -4.0698595e+01  -5.6110374e+01  -1.4920001e+01
  -6.9369886e+00   8.4386386e+00  -2.3502175e+02   1.7058092e+01  -3.5297801e+01  -4.7601152e+01  -2.0057445e+01
  -7.3547444e+00   5.1918877e+00  -2.3869802e+02   2.1147348e+01  -2.7744430e+01  -4.3970448e+01  -2.3194593e+01
