   3.2549344e+01  -3.7987767e+00  -1.4550667e+02   1.5259057e+00  -1.1768342e+02  -5.6869681e+01   6.0934691e+01
   2.8956187e+01   5.5217355e+00  -1.4925520e+02  -6.6436314e+00  -1.1327232e+02  -7.0762301e+01   4.8944334e+01
   2.8706671e+01   6.0000000e+00  -1.6201297e+02   3.0739042e+00  -1.1025362e+02  -7.2000000e+01   4.7466976e+01
   2.6729940e+01   6.0000000e+00  -1.6933965e+02   1.1675505e+01  -1.0788874e+02  -7.2000000e+01   4.1513993e+01
   2.6503989e+01   6.0000000e+00  -1.7295783e+02   1.5553657e+01  -1.0593602e+02  -7.2000000e+01   3.4522099e+01
   2.1213378e+01   6.0000000e+00  -1.7135607e+02   1.5182607e+01  -1.0419956e+02  -7.2000000e+01   2.7174238e+01
   1.6635837e+01   6.0000000e+00  -1.7349293e+02   1.8410644e+01  -1.0222287e+02  -7.2000000e+01   2.0587476e+01
   1.0710103e+01   6.0000000e+00  -1.7667826e+02   2.0707539e+01  -1.0034045e+02  -7.2000000e+01   1.6461830e+01
   3.2402064e+00   6.0000000e+00  -1.8584915e+02   2.6389361e+01  -9.7804775e+01  -7.2000000e+01   1.3364396e+01
  -2.3574616e+00   6.0000000e+00  -1.9700651e+02   3.0904989e+01  -9.4000015e+01  -7.2000000e+01   9.7785101e+00
  -7.4998813e+00   6.0000000e+00  -2.0850853e+02   3.7696413e+01  -8.9000087e+01  -7.2000000e+01   4.8845874e+00
  -9.2162151e+00   6.0000000e+00  -2.1885831e+02   4.3747669e+01  -8.3150105e+01  -7.2000000e+01  -1.1886250e+00
  -9.7132181e+00   6.0000000e+00  -2.2534253e+02   4.7975609e+01  -7.7440695e+01  -7.2000000e+01  -7.3786618e+00
  -8.7856493e+00   6.0000000e+00  -2.2903774e+02   5.2476322e+01  -7.1842975e+01  -7.2000000e+01  -1.1998349e+01
  -7.5120977e+00   6.0000000e+00  -2.3248487e+02   6.0733439e+01  -6.4715728e+01  -7.2000000e+01  -1.3936740e+01
  -7.2314188e+00   6.0000000e+00  -2.3183307e+02   6.0998963e+01  -5.8224703e+01  -7.2000000e+01  -1.4155098e+01
  -6.6016460e+00   6.0000000e+00  -2.3243287e+02   5.8467306e+01  -5.1565877e+01  -7.2000000e+01  -1.3042187e+01
  -5.3368546e+00   6.0000000e+00  -2.3317621e+02   5.5029272e+01  -4.5203321e+01  -7.2000000e+01  -9.9143904e+00
  -3.4095797e+00   6.0000000e+00  -2.3346971e+02   5.2473534e+01  -3.9630263e+01  -7.2000000e+01  -5.4627055e+00
  -1.4823556e+00   6.0000000e+00  -2.3318955e+02   5.0432700e+01  -3.6826117e+01  -7.2000000e+01  -1.7808431e+00
  -9.9574094e-01   6.0000000e+00  -2.3209018e+02   4.8116235e+01  -3.4231043e+01  -7.2000000e+01   1.6966029e+00
  -1.0318706e+00   6.0000000e+00  -2.3064108e+02   4.6752786e+01  -3.2304386e+01  -7.2000000e+01   5.0697131e+00
   1.1945437e+00   6.0000000e+00  -2.2718924e+02   4.5430044e+01  -3.2436656e+01  -7.2000000e+01   7.9620692e+00
   5.8331238e+00   6.0000000e+00  -2.2145118e+02   4.2172442e+01  -3.3115593e+01  -7.2000000e+01   1.0895323e+01
   9.1676534e+00   6.0000000e+00  -2.1309703e+02   3.9454874e+01  -3.4267047e+01  -7.2000000e+01   1.3915636e+01
   1.4261153e+01   6.0000000e+00  -2.0230906e+02   3.5345646e+01  -3.6499129e+01  -7.2000000e+01   1.7084083e+01
   1.8093794e+01   6.0000000e+00  -1.9175953e+02   2.8809873e+01  -4.0190331e+01  -7.2000000e+01   2.1418484e+01
   2.6903725e+01   6.0000000e+00  -1.7967611e+02   2.1770513e+01  -4.5047452e+01  -7.2000000e+01   2.6473977e+01
   3.0503831e+01   6.0000000e+00  -1.7225048e+02   1.4969383e+01  -5.1274799e+01  -7.2000000e+01   3.2913390e+01
   3.6588144e+01   6.0000000e+00  -1.6995963e+02   1.1517282e+01  -5.7442480e+01  -7.2000000e+01   3.9171059e+01
   4.0472560e+01   6.0000000e+00  -1.6775114e+02   1.1390147e+01  -6.2015191e+01  -7.2000000e+01   4.4180535e+01
   4.1953716e+01   6.0000000e+00  -1.6621140e+02   1.1336799e+01  -6.4793098e+01  -7.2000000e+01   4.8271290e+01
   4.4415806e+01   6.0000000e+00  -1.6387367e+02   1.1323546e+01  -6.7539401e+01  -7.2000000e+01   5.2359171e+01
   4.1911121e+01   6.0000000e+00  -1.7240935e+02   1.2103233e+01  -6.8954607e+01  -7.2000000e+01   5.7610373e+01
   4.3111232e+01   6.0000000e+00  -1.7233436e+02   1.3561732e+01  -7.0034401e+01  -7.2000000e+01   6.2614879e+01
   4.5320439e+01   6.0000000e+00  -1.7213983e+02   1.6695917e+01  -7.0460349e+01  -7.2000000e+01   6.6626298e+01
   4.5368346e+01   6.0000000e+00  -1.7159185e+02   2.0333392e+01  -7.0769023e+01  -7.2000000e+01   7.0146561e+01
   4.6293749e+01   6.0000000e+00  -1.6710421e+02   1.9975989e+01  -7.1051238e+01  -7.2000000e+01   7.3251748e+01
   4.6912405e+01   6.0000000e+00  -1.6920072e+02   2.0305757e+01  -7.1214063e+01  -7.2000000e+01   7.4666197e+01
   4.5576393e+01   6.0000000e+00  -1.6670257e+02   1.9270476e+01  -7.1364899e+01  -7.2000000e+01   7.5941444e+01
   4.4977757e+01   6.0000000e+00  -1.6656653e+02   1.8830388e+01  -7.1495433e+01  -7.2000000e+01   7.6886249e+01
   4.3044613e+01   6.0000000e+00  -1.6984985e+02   1.7675597e+01  -7.1598012e+01  -7.2000000e+01   7.7218338e+01
   4.1311882e+01   6.0000000e+00  -1.7163939e+02   1.6627359e+01  -7.1700381e+01  -7.2000000e+01   7.7491567e+01
   3.9685075e+01   6.0000000e+00  -1.7441590e+02   1.7801135e+01  -7.1805087e+01  -7.2000000e+01   7.7290949e+01
   3.6820052e+01   6.0000000e+00  -1.7041262e+02   1.5397457e+01  -7.2153762e+01  -7.2000000e+01   7.5467524e+01
   3.2180970e+01   6.0000000e+00  -1.7953668e+02   1.8215977e+01  -7.2420133e+01  -7.2000000e+01   7.3246418e+01
   3.1877663e+01   6.0000000e+00  -1.8583365e+02   1.7139791e+01  -7.2732839e+01  -7.2000000e+01   7.0441398e+01
   2.2637503e+01   6.0000000e+00  -1.7954022e+02   1.7866419e+01  -7.3739275e+01  -7.2000000e+01   6.4296296e+01
   2.5200962e+01   6.0000000e+00  -1.7915426e+02   1.4791708e+01  -7.5311469e+01  -7.2000000e+01   5.7417656e+01
   2.1268387e+01   6.0000000e+00  -1.7810492e+02   1.4820148e+01  -7.7427564e+01  -7.2000000e+01   4.9066534e+01
   1.5666840e+01   6.0000000e+00  -1.7738841e+02   1.6893163e+01  -8.0172268e+01  -7.2000000e+01   4.0560453e+01
   8.9214451e+00   6.0000000e+00  -1.8057230e+02   1.9368461e+01  -8.2103002e+01  -7.2000000e+01   3.3442550e+01
   2.3609003e+00   6.0000000e+00  -1.8979899e+02   2.3896833e+01  -8.2398404e+01  -7.2000000e+01   2.7537970e+01
  -4.2276077e+00   6.0000000e+00  -2.0075618e+02   2.9865660e+01  -7.9976395e+01  -7.2000000e+01   2.1668671e+01
  -7.3169745e+00   6.0000000e+00  -2.1164717e+02   3.6226189e+01  -7.6108013e+01  -7.2000000e+01   1.4668507e+01
  -8.0666227e+00   6.0000000e+00  -2.2062726e+02   4.2043040e+01  -7.1158572e+01  -7.2000000e+01   7.1863150e+00
  -8.1782061e+00   6.0000000e+00  -2.2554445e+02   4.8432447e+01  -6.5974331e+01  -7.2000000e+01   5.0591699e-01
  -7.6498236e+00   6.0000000e+00  -2.2967918e+02   5.6116882e+01  -6.0089633e+01  -7.2000000e+01  -5.1511324e+00
  -5.8950699e+00   6.0000000e+00  -2.3298208e+02   6.1884878e+01  -5.3940898e+01  -7.2000000e+01  -9.2349452e+00
  -6.3712794e+00   6.0000000e+00  -2.3253084e+02   6.0315637e+01  -4.7694728e+01  -7.2000000e+01  -1.1282249e+01
  -4.3769810e+00   6.0000000e+00  -2.3334560e+02   5.6181793e+01  -4.1969107e+01  -7.2000000e+01  -1.0502554e+01
  -3.2599983e+00   6.0000000e+00  -2.3475392e+02   5.3567839e+01  -3.7080706e+01  -7.2000000e+01  -7.3629753e+00
  -2.4971540e+00   6.0000000e+00  -2.3379282e+02   5.0949461e+01  -3.3731359e+01  -7.2000000e+01  -3.3171673e+00
  -1.0755697e-01   6.0000000e+00  -2.3254918e+02   4.7802628e+01  -3.2623970e+01  -7.2000000e+01   3.3249813e-01
   2.1700370e-01   6.0000000e+00  -2.3037973e+02   4.5860767e+01  -3.1650474e+01  -7.2000000e+01   3.8441828e+00
   1.2130924e+00   6.0000000e+00  -2.2907780e+02   4.4639184e+01  -3.1120075e+01  -7.2000000e+01   6.9806704e+00
   3.1469892e+00   6.0000000e+00  -2.2550090e+02   4.2616369e+01  -3.1099909e+01  -7.2000000e+01   9.6088859e+00
   4.9368432e+00   6.0000000e+00  -2.2029793e+02   4.1477297e+01  -3.1744860e+01  -7.2000000e+01   1.2050911e+01
   9.7064520e+00   6.0000000e+00  -2.1090008e+02   4.0719389e+01  -3.3815062e+01  -7.2000000e+01   1.4508442e+01
   1.6712056e+01   6.0000000e+00  -2.0045330e+02   3.5802839e+01  -3.6792364e+01  -7.2000000e+01   1.7188374e+01
   2.2289041e+01   6.0000000e+00  -1.9101331e+02   2.8887128e+01  -4.1598540e+01  -7.2000000e+01   2.1197973e+01
   2.7959756e+01   6.0000000e+00  -1.8034197e+02   2.1528114e+01  -4.6742616e+01  -7.2000000e+01   2.5430986e+01
   2.8462076e+01   6.0000000e+00  -1.7112368e+02   1.4941278e+01  -5.1920188e+01  -7.2000000e+01   3.0156840e+01
   3.3576766e+01   6.0000000e+00  -1.7057187e+02   1.1211613e+01  -5.7523541e+01  -7.2000000e+01   3.5420980e+01
   3.6550760e+01   6.0000000e+00  -1.6906396e+02   1.1945881e+01  -6.2651821e+01  -7.2000000e+01   4.0335629e+01
   3.9461220e+01   6.0000000e+00  -1.7105328e+02   1.3330321e+01  -6.6709885e+01  -7.2000000e+01   4.3906031e+01
   4.0690463e+01   6.0000000e+00  -1.7013310e+02   1.2612855e+01  -7.0640477e+01  -7.2000000e+01   4.7397841e+01
   4.2591256e+01   6.0000000e+00  -1.7001499e+02   1.1946960e+01  -7.3642773e+01  -7.2000000e+01   4.9897886e+01
   4.3977796e+01   6.0000000e+00  -1.7075688e+02   1.4031067e+01  -7.4936898e+01  -7.2000000e+01   5.1258556e+01
   4.4542960e+01   6.0000000e+00  -1.6942739e+02   1.2290182e+01  -7.6219165e+01  -7.2000000e+01   5.2604480e+01
   4.5049650e+01   6.0000000e+00  -1.7048919e+02   1.2740990e+01  -7.7284732e+01  -7.2000000e+01   5.3965627e+01
   4.4966220e+01   6.0000000e+00  -1.6705015e+02   1.2028500e+01  -7.8266730e+01  -7.2000000e+01   5.5396530e+01
   4.2931450e+01   6.0000000e+00  -1.6563648e+02   1.2099873e+01  -7.9070669e+01  -7.2000000e+01   5.7095723e+01
   4.2367968e+01   6.0000000e+00  -1.6829503e+02   1.4764443e+01  -7.9148078e+01  -7.2000000e+01   5.9851467e+01
   4.1617040e+01   6.0000000e+00  -1.6848643e+02   1.4732268e+01  -7.9199844e+01  -7.2000000e+01   6.2611685e+01
   4.0781105e+01   6.0000000e+00  -1.7103432e+02   1.5784652e+01  -7.9219528e+01  -7.2000000e+01   6.5304201e+01
   4.1081902e+01   6.0000000e+00  -1.7007081e+02   1.6661997e+01  -7.9213795e+01  -7.2000000e+01   6.6950522e+01
   4.1081246e+01   6.0000000e+00  -1.7059686e+02   1.6046092e+01  -7.9189517e+01  -7.2000000e+01   6.8409261e+01
   4.0924545e+01   6.0000000e+00  -1.7031726e+02   1.6413548e+01  -7.9154894e+01  -7.2000000e+01   6.9643786e+01
   4.0049483e+01   6.0000000e+00  -1.6931181e+02   1.5168567e+01  -7.9163467e+01  -7.2000000e+01   7.0543578e+01
   3.4134984e+01   6.0000000e+00  -1.6688893e+02   1.1274631e+01  -7.9625463e+01  -7.2000000e+01   6.7244835e+01
   3.0268190e+01   6.0000000e+00  -1.7212720e+02   1.2119327e+01  -7.9900430e+01  -7.2000000e+01   6.3728716e+01
   2.7628575e+01   6.0000000e+00  -1.7630852e+02   1.3398508e+01  -8.0543973e+01  -7.2000000e+01   5.8192514e+01
   2.5668109e+01   6.0000000e+00  -1.7916908e+02   1.4634344e+01  -8.1765843e+01  -7.2000000e+01   5.1586768e+01
   2.3569308e+01   6.0000000e+00  -1.7639740e+02   1.5893926e+01  -8.4149204e+01  -7.2000000e+01   4.3508793e+01
   1.9000343e+01   6.0000000e+00  -1.7709841e+02   1.7434633e+01  -8.6598428e+01  -7.2000000e+01   3.4858650e+01
   1.6019313e+01   6.0000000e+00  -1.8026380e+02   1.9929247e+01  -8.8313812e+01  -7.2000000e+01   2.6539441e+01
   7.8836091e+00   6.0000000e+00  -1.8498356e+02   2.4336267e+01  -8.8410958e+01  -7.2000000e+01   2.1308517e+01
   7.5613387e-01   6.0000000e+00  -1.9506971e+02   2.8819838e+01  -8.5920050e+01  -7.2000000e+01   1.5267461e+01
  -1.3835929e+00   6.0000000e+00  -2.0552831e+02   3.2396398e+01  -8.1560821e+01  -7.2000000e+01   8.2053055e+00
  -6.9320362e+00   6.0000000e+00  -2.1632236e+02   4.1110463e+01  -7.6450877e+01  -7.2000000e+01   2.0272253e+00
  -8.6376066e+00   6.0000000e+00  -2.2513817e+02   4.9806156e+01  -7.0268257e+01  -7.2000000e+01  -4.0719233e+00
  -7.2521669e+00   6.0000000e+00  -2.2977851e+02   5.6556519e+01  -6.4021001e+01  -7.2000000e+01  -9.5274472e+00
  -5.8368952e+00   6.0000000e+00  -2.3251099e+02   6.1980522e+01  -5.7218955e+01  -7.2000000e+01  -1.2579833e+01
  -4.9596228e+00   6.0000000e+00  -2.3278227e+02   5.9265100e+01  -5.0670381e+01  -7.2000000e+01  -1.3744594e+01
  -3.7823955e+00   6.0000000e+00  -2.3219461e+02   5.5753502e+01  -4.4636786e+01  -7.2000000e+01  -1.2217106e+01
  -6.3463438e-01   6.0000000e+00  -2.3221975e+02   5.2324556e+01  -3.9963751e+01  -7.2000000e+01  -8.9882088e+00
   2.2505529e-01   6.0000000e+00  -2.3038148e+02   4.9744693e+01  -3.6852935e+01  -7.2000000e+01  -4.4304582e+00
   2.6438766e+00   6.0000000e+00  -2.2810777e+02   4.6777287e+01  -3.6189680e+01  -7.2000000e+01  -5.4585170e-01
   3.9975560e+00   6.0000000e+00  -2.2595983e+02   4.6581869e+01  -3.5693839e+01  -7.2000000e+01   3.0615248e+00
   2.6103337e+00   6.0000000e+00  -2.2331242e+02   4.6066701e+01  -3.5539282e+01  -7.2000000e+01   5.4640649e+00
   9.1218799e+00   6.0000000e+00  -2.1503909e+02   4.4224872e+01  -3.6598701e+01  -7.2000000e+01   7.9868219e+00
   1.5392776e+01   6.0000000e+00  -2.0484012e+02   4.0115425e+01  -3.8843740e+01  -7.2000000e+01   1.0981686e+01
   2.0717332e+01   6.0000000e+00  -1.9554277e+02   3.2763993e+01  -4.2801573e+01  -7.2000000e+01   1.5230670e+01
   2.4679145e+01   6.0000000e+00  -1.8332942e+02   2.6620061e+01  -4.6598996e+01  -7.2000000e+01   1.9280634e+01
   2.9502045e+01   6.0000000e+00  -1.7561672e+02   1.9754120e+01  -5.1834396e+01  -7.2000000e+01   2.4560350e+01
   3.4155553e+01   6.0000000e+00  -1.6899001e+02   1.5556525e+01  -5.6894613e+01  -7.2000000e+01   2.9600666e+01
   3.7399649e+01   6.0000000e+00  -1.6862870e+02   1.3112770e+01  -6.1832951e+01  -7.2000000e+01   3.4497708e+01
   3.9277753e+01   6.0000000e+00  -1.6855816e+02   1.2386720e+01  -6.6202690e+01  -7.2000000e+01   3.8657458e+01
   4.0070031e+01   6.0000000e+00  -1.6940050e+02   9.5978582e+00  -7.1490676e+01  -7.2000000e+01   4.4297171e+01
   4.1558756e+01   6.0000000e+00  -1.6924162e+02   1.1501981e+01  -7.3517246e+01  -7.2000000e+01   4.7025010e+01
   4.3080224e+01   6.0000000e+00  -1.6638359e+02   1.1306405e+01  -7.5390906e+01  -7.2000000e+01   4.9788668e+01
   4.4624205e+01   6.0000000e+00  -1.6649231e+02   1.1425275e+01  -7.6902705e+01  -7.2000000e+01   5.2440835e+01
   4.5198423e+01   6.0000000e+00  -1.6687019e+02   1.0853099e+01  -7.8118259e+01  -7.2000000e+01   5.4937404e+01
   4.4448176e+01   6.0000000e+00  -1.6881617e+02   1.2134092e+01  -7.9049043e+01  -7.2000000e+01   5.7568412e+01
   4.3942119e+01   6.0000000e+00  -1.6802472e+02   1.1034922e+01  -7.8845111e+01  -7.2000000e+01   6.0697256e+01
   4.2866391e+01   6.0000000e+00  -1.7041297e+02   1.0947881e+01  -7.8559404e+01  -7.2000000e+01   6.3803767e+01
   4.2878231e+01   6.0000000e+00  -1.7301368e+02   1.2020825e+01  -7.8220712e+01  -7.2000000e+01   6.6669730e+01
   4.2256748e+01   6.0000000e+00  -1.7236067e+02   1.1742841e+01  -7.7738250e+01  -7.2000000e+01   6.8166784e+01
   4.1807761e+01   6.0000000e+00  -1.7282003e+02   1.2156112e+01  -7.7230964e+01  -7.2000000e+01   6.9624233e+01
   4.0486801e+01   6.0000000e+00  -1.7438480e+02   1.3601395e+01  -7.6735069e+01  -7.2000000e+01   7.0875120e+01
   3.9818206e+01   6.0000000e+00  -1.7430945e+02   1.5107317e+01  -7.6242792e+01  -7.2000000e+01   7.2102178e+01
   3.9093592e+01   6.0000000e+00  -1.7365866e+02   1.3918885e+01  -7.5819765e+01  -7.2000000e+01   7.3045057e+01
   3.7368655e+01   6.0000000e+00  -1.7191665e+02   1.3720596e+01  -7.5664458e+01  -7.2000000e+01   7.2724768e+01
   3.5855487e+01   6.0000000e+00  -1.7110521e+02   1.5317495e+01  -7.5521852e+01  -7.2000000e+01   7.2419826e+01
   3.3933141e+01   6.0000000e+00  -1.6859894e+02   1.5001370e+01  -7.5452572e+01  -7.2000000e+01   7.2064590e+01
   3.2790659e+01   6.0000000e+00  -1.6986433e+02   1.2584869e+01  -7.5379807e+01  -7.2000000e+01   7.0627647e+01
   3.2871168e+01   6.0000000e+00  -1.7455508e+02   1.1079314e+01  -7.5751990e+01  -7.2000000e+01   6.6708654e+01
   3.0240857e+01   6.0000000e+00  -1.7962240e+02   1.2811405e+01  -7.5867954e+01  -7.2000000e+01   6.2475410e+01
   2.5098026e+01   6.0000000e+00  -1.7962707e+02   1.2404830e+01  -7.7076082e+01  -7.2000000e+01   5.6447597e+01
   2.6690437e+01   6.0000000e+00  -1.8176115e+02   1.2961530e+01  -7.8498612e+01  -7.2000000e+01   5.0113473e+01
   2.1228602e+01   6.0000000e+00  -1.7529986e+02   1.4945104e+01  -8.1945568e+01  -7.2000000e+01   4.1572622e+01
   1.5352697e+01   6.0000000e+00  -1.7641471e+02   1.6961167e+01  -8.5226098e+01  -7.2000000e+01   3.3498599e+01
   9.4968664e+00   6.0000000e+00  -1.7868389e+02   1.8984839e+01  -8.6770894e+01  -7.2000000e+01   2.7648982e+01
   2.7018584e+00   6.0000000e+00  -1.8752156e+02   2.3116513e+01  -8.6714162e+01  -7.2000000e+01   2.2615968e+01
  -4.0138760e+00   6.0000000e+00  -1.9812949e+02   2.8569703e+01  -8.4718675e+01  -7.2000000e+01   1.8679137e+01
  -6.8839431e+00   6.0000000e+00  -2.0930980e+02   3.4709061e+01  -8.0401238e+01  -7.2000000e+01   1.2761635e+01
  -8.2929137e+00   6.0000000e+00  -2.2017260e+02   4.3144442e+01  -7.4272232e+01  -7.2000000e+01   7.1559833e+00
  -8.9276652e+00   6.0000000e+00  -2.2905646e+02   5.2281708e+01  -6.7031216e+01  -7.2000000e+01   2.4293492e+00
  -6.1178086e+00   6.0000000e+00  -2.3479887e+02   5.7570395e+01  -5.9282263e+01  -7.2000000e+01  -4.5387494e-01
  -5.5372269e+00   6.0000000e+00  -2.3600264e+02   5.5838621e+01  -5.1706966e+01  -7.2000000e+01  -1.2875087e+00
  -5.5213910e+00   6.0000000e+00  -2.3665259e+02   5.2609528e+01  -4.4802829e+01  -7.2000000e+01  -3.7762846e-01
  -4.1394511e+00   6.0000000e+00  -2.3551982e+02   4.9694655e+01  -3.8377883e+01  -7.2000000e+01   3.5516915e+00
  -2.4607396e+00   6.0000000e+00  -2.3467403e+02   4.6746858e+01  -3.5025046e+01  -7.2000000e+01   7.5510352e+00
  -1.5075532e-01   6.0000000e+00  -2.3265000e+02   4.4025536e+01  -3.4220079e+01  -7.2000000e+01   1.1512873e+01
   9.8157631e-01   6.0000000e+00  -2.3077171e+02   4.1913671e+01  -3.3653167e+01  -7.2000000e+01   1.5124270e+01
   3.5118921e+00   6.0000000e+00  -2.2754110e+02   3.9497409e+01  -3.4591142e+01  -7.2000000e+01   1.8278820e+01
   3.4215368e+00   6.0000000e+00  -2.2437677e+02   3.8598076e+01  -3.5612177e+01  -7.2000000e+01   2.1241645e+01
   5.9174085e+00   6.0000000e+00  -2.1756902e+02   3.9128999e+01  -3.6561988e+01  -7.2000000e+01   2.3849756e+01
   8.7347414e+00   6.0000000e+00  -2.0868552e+02   3.7471956e+01  -3.8246021e+01  -7.2000000e+01   2.6177266e+01
   1.4620433e+01   6.0000000e+00  -1.9869981e+02   3.3582756e+01  -4.0713224e+01  -7.2000000e+01   2.9006809e+01
   2.0482423e+01   6.0000000e+00  -1.8933591e+02   2.7267145e+01  -4.4288646e+01  -7.2000000e+01   3.2522596e+01
   2.4352113e+01   6.0000000e+00  -1.7764419e+02   2.2538408e+01  -4.8038865e+01  -7.2000000e+01   3.6209433e+01
   2.6520131e+01   6.0000000e+00  -1.7093160e+02   1.5809979e+01  -5.2119959e+01  -7.2000000e+01   4.0193501e+01
   2.8252802e+01   6.0000000e+00  -1.6883328e+02   1.2510319e+01  -5.6148858e+01  -7.2000000e+01   4.4283245e+01
   2.9653900e+01   6.0000000e+00  -1.6713929e+02   1.1150646e+01  -5.9954854e+01  -7.2000000e+01   4.8166632e+01
   3.1023891e+01   6.0000000e+00  -1.6618582e+02   1.0928756e+01  -6.3435938e+01  -7.2000000e+01   5.1661662e+01
   3.2187202e+01   6.0000000e+00  -1.6749683e+02   9.8155854e+00  -6.6718584e+01  -7.2000000e+01   5.4853302e+01
   3.3610554e+01   6.0000000e+00  -1.6790122e+02   9.6125443e+00  -6.9459339e+01  -7.2000000e+01   5.7066589e+01
   3.4732792e+01   6.0000000e+00  -1.6884380e+02   1.1918126e+01  -7.2080921e+01  -7.2000000e+01   5.9254530e+01
   3.5771553e+01   6.0000000e+00  -1.7035723e+02   1.2755109e+01  -7.4605120e+01  -7.2000000e+01   6.1271679e+01
   3.6437298e+01   6.0000000e+00  -1.7163057e+02   1.2737928e+01  -7.6790847e+01  -7.2000000e+01   6.2146210e+01
   3.6939031e+01   6.0000000e+00  -1.7092865e+02   1.3759134e+01  -7.8927613e+01  -7.2000000e+01   6.3108536e+01
   3.7587552e+01   6.0000000e+00  -1.7295347e+02   1.5726623e+01  -8.0998695e+01  -7.2000000e+01   6.4039465e+01
   3.8232167e+01   6.0000000e+00  -1.7427357e+02   1.7200028e+01  -8.3095415e+01  -7.2000000e+01   6.5049509e+01
   3.8777433e+01   6.0000000e+00  -1.7254904e+02   1.4825530e+01  -8.5115688e+01  -7.2000000e+01   6.6062620e+01
   4.0195776e+01   6.0000000e+00  -1.7036273e+02   1.3295283e+01  -8.6987052e+01  -7.2000000e+01   6.5596218e+01
   4.0982690e+01   6.0000000e+00  -1.6846637e+02   1.2107092e+01  -8.7850442e+01  -7.2000000e+01   6.5764579e+01
   4.1275662e+01   6.0000000e+00  -1.6977318e+02   1.2699966e+01  -8.7826792e+01  -7.2000000e+01   6.5489709e+01
   4.1736954e+01   6.0000000e+00  -1.7045212e+02   1.3214403e+01  -8.8545880e+01  -7.2000000e+01   6.6244126e+01
   4.2603224e+01   6.0000000e+00  -1.7124411e+02   1.3371610e+01  -8.8723201e+01  -7.2000000e+01   6.7882334e+01
   4.4222708e+01   6.0000000e+00  -1.7049765e+02   1.6062105e+01  -8.8801189e+01  -7.2000000e+01   6.9504348e+01
   4.4817878e+01   6.0000000e+00  -1.6954979e+02   1.7491262e+01  -8.8896855e+01  -7.2000000e+01   7.1045485e+01
   4.6099196e+01   6.0000000e+00  -1.6756073e+02   1.6893121e+01  -8.8751658e+01  -7.2000000e+01   7.1598515e+01
   4.6868540e+01   6.0000000e+00  -1.6703725e+02   1.7555479e+01  -8.8588711e+01  -7.2000000e+01   7.2178506e+01
   4.6691337e+01   6.0000000e+00  -1.6643334e+02   1.7732053e+01  -8.8427764e+01  -7.2000000e+01   7.2726750e+01
   4.5722971e+01   6.0000000e+00  -1.6519869e+02   1.7577551e+01  -8.8275147e+01  -7.2000000e+01   7.3256096e+01
   4.5054135e+01   6.0000000e+00  -1.6289945e+02   1.7853536e+01  -8.8144832e+01  -7.2000000e+01   7.3853593e+01
   4.3791526e+01   6.0000000e+00  -1.6297950e+02   1.7327016e+01  -8.8058674e+01  -7.2000000e+01   7.4415720e+01
   4.2465948e+01   6.0000000e+00  -1.6034665e+02   1.3822669e+01  -8.8068296e+01  -7.2000000e+01   7.4821645e+01
   3.9868456e+01   6.0000000e+00  -1.5982609e+02   1.5683899e+01  -8.8134791e+01  -7.2000000e+01   7.5139056e+01
   3.4650404e+01   6.0000000e+00  -1.5957942e+02   1.4176947e+01  -8.8664671e+01  -7.2000000e+01   7.2491293e+01
   3.0705028e+01   6.0000000e+00  -1.6414513e+02   1.4205647e+01  -8.9101552e+01  -7.2000000e+01   6.8073131e+01
   2.9301414e+01   6.0000000e+00  -1.6771681e+02   1.5835865e+01  -9.0186206e+01  -7.2000000e+01   6.2232167e+01
   3.1011816e+01   6.0000000e+00  -1.7584464e+02   1.8205801e+01  -9.1301086e+01  -7.2000000e+01   5.6105350e+01
   3.0113014e+01   6.0000000e+00  -1.8046507e+02   2.1036526e+01  -9.2626958e+01  -7.2000000e+01   4.8733814e+01
   2.5943785e+01   6.0000000e+00  -1.7908957e+02   2.1054236e+01  -9.3883405e+01  -7.2000000e+01   3.9940040e+01
   1.9471502e+01   6.0000000e+00  -1.7597286e+02   2.0354300e+01  -9.4685648e+01  -7.2000000e+01   3.2654348e+01
   1.1678026e+01   6.0000000e+00  -1.7118974e+02   2.1433837e+01  -9.4803184e+01  -7.2000000e+01   2.9330663e+01
   5.6766734e+00   6.0000000e+00  -1.8014449e+02   2.5312378e+01  -9.3906222e+01  -7.2000000e+01   2.6236627e+01
   4.8245209e-01   6.0000000e+00  -1.9131540e+02   2.9983050e+01  -9.1109153e+01  -7.2000000e+01   2.2187820e+01
  -5.0391611e+00   6.0000000e+00  -2.0274819e+02   3.6677494e+01  -8.7006010e+01  -7.2000000e+01   1.7382559e+01
  -7.4777734e+00   6.0000000e+00  -2.1377218e+02   4.4044342e+01  -8.1730915e+01  -7.2000000e+01   1.1073486e+01
  -9.0520502e+00   6.0000000e+00  -2.2253052e+02   4.9662403e+01  -7.6352854e+01  -7.2000000e+01   4.2857226e+00
  -7.8178209e+00   6.0000000e+00  -2.2840961e+02   5.2975856e+01  -7.1027240e+01  -7.2000000e+01  -2.4064871e+00
  -7.3506349e+00   6.0000000e+00  -2.3327378e+02   5.9192598e+01  -6.4838140e+01  -7.2000000e+01  -8.1432212e+00
  -6.1973612e+00   6.0000000e+00  -2.3546634e+02   6.3148043e+01  -5.8122193e+01  -7.2000000e+01  -1.1896905e+01
  -5.1779247e+00   6.0000000e+00  -2.3674847e+02   6.0776864e+01  -5.1791214e+01  -7.2000000e+01  -1.2894504e+01
  -5.6786761e+00   6.0000000e+00  -2.3695687e+02   5.8523812e+01  -4.5481474e+01  -7.2000000e+01  -1.1544082e+01
  -4.5171380e+00   6.0000000e+00  -2.3728982e+02   5.5801091e+01  -4.0237874e+01  -7.2000000e+01  -8.9683561e+00
  -4.4908890e+00   6.0000000e+00  -2.3650113e+02   5.3443681e+01  -3.6081945e+01  -7.2000000e+01  -5.4798953e+00
  -3.4032699e+00   6.0000000e+00  -2.3586377e+02   5.1924080e+01  -3.3668620e+01  -7.2000000e+01  -1.7454503e+00
  -1.6882653e+00   6.0000000e+00  -2.3584948e+02   5.0390087e+01  -3.2264411e+01  -7.2000000e+01   1.4406830e+00
  -7.8027011e-01   6.0000000e+00  -2.3451381e+02   4.9494821e+01  -3.1248008e+01  -7.2000000e+01   4.2438804e+00
  -1.5338143e+00   6.0000000e+00  -2.3407201e+02   4.7736183e+01  -3.0673175e+01  -7.2000000e+01   6.7264215e+00
   6.4342847e-01   6.0000000e+00  -2.3144976e+02   4.5729496e+01  -3.0367695e+01  -7.2000000e+01   9.0801477e+00
   4.2877180e+00   6.0000000e+00  -2.2499609e+02   4.4352675e+01  -3.1322761e+01  -7.2000000e+01   1.1486163e+01
   9.4777300e+00   6.0000000e+00  -2.1594068e+02   4.0685774e+01  -3.3084544e+01  -7.2000000e+01   1.4353761e+01
   1.7001110e+01   6.0000000e+00  -2.0474401e+02   3.6005624e+01  -3.5514735e+01  -7.2000000e+01   1.7335277e+01
   2.3958476e+01   6.0000000e+00  -1.9216081e+02   3.1801103e+01  -3.8639303e+01  -7.2000000e+01   2.0602260e+01
   3.1522256e+01   6.0000000e+00  -1.7932752e+02   2.4818489e+01  -4.2433684e+01  -7.2000000e+01   2.4401220e+01
   3.7017767e+01   6.0000000e+00  -1.6808914e+02   1.5927435e+01  -4.8919944e+01  -7.2000000e+01   3.0476998e+01
   3.9899690e+01   6.0000000e+00  -1.6897133e+02   1.1477622e+01  -5.6134715e+01  -7.2000000e+01   3.7086814e+01
   4.2452201e+01   6.0000000e+00  -1.6698315e+02   8.4158620e+00  -6.3275792e+01  -7.2000000e+01   4.3561809e+01
   4.4805239e+01   6.0000000e+00  -1.6736055e+02   9.4529596e+00  -6.9186571e+01  -7.2000000e+01   4.8413535e+01
   4.5697932e+01   6.0000000e+00  -1.6589735e+02   1.0915097e+01  -7.2767801e+01  -7.2000000e+01   5.2499920e+01
   4.6332328e+01   6.0000000e+00  -1.6400439e+02   1.2515645e+01  -7.4955237e+01  -7.2000000e+01   5.5590352e+01
   4.6266611e+01   6.0000000e+00  -1.6362763e+02   1.1457585e+01  -7.7179773e+01  -7.2000000e+01   5.8786159e+01
   4.5079828e+01   6.0000000e+00  -1.6463878e+02   1.2337337e+01  -7.9156800e+01  -7.2000000e+01   6.2060656e+01
   4.4500222e+01   6.0000000e+00  -1.6465534e+02   1.3311127e+01  -7.9671441e+01  -7.2000000e+01   6.5052208e+01
   4.5150073e+01   6.0000000e+00  -1.6600588e+02   1.6347866e+01  -8.0077664e+01  -7.2000000e+01   6.7823255e+01
   4.5803617e+01   6.0000000e+00  -1.6563424e+02   1.7433524e+01  -8.0421060e+01  -7.2000000e+01   7.0366503e+01
   4.5892644e+01   6.0000000e+00  -1.6241420e+02   1.6176945e+01  -8.0728223e+01  -7.2000000e+01   7.2614360e+01
   4.4035730e+01   6.0000000e+00  -1.5942775e+02   1.2315921e+01  -8.0980061e+01  -7.2000000e+01   7.3692707e+01
   4.1091346e+01   6.0000000e+00  -1.6303290e+02   1.4573355e+01  -8.1223142e+01  -7.2000000e+01   7.4374621e+01
   3.5634785e+01   6.0000000e+00  -1.5993848e+02   1.4104491e+01  -8.2187063e+01  -7.2000000e+01   7.1402960e+01
   3.1061866e+01   6.0000000e+00  -1.6108596e+02   1.2608423e+01  -8.3344231e+01  -7.2000000e+01   6.4986317e+01
   3.0737917e+01   6.0000000e+00  -1.6911959e+02   1.2752842e+01  -8.4439804e+01  -7.2000000e+01   5.8471662e+01
   2.8504122e+01   6.0000000e+00  -1.7542899e+02   1.8036984e+01  -8.5526036e+01  -7.2000000e+01   5.0418066e+01
   2.4447827e+01   6.0000000e+00  -1.7170758e+02   1.7507850e+01  -8.6846789e+01  -7.2000000e+01   4.1906840e+01
   1.8969922e+01   6.0000000e+00  -1.7212186e+02   1.9099929e+01  -8.8092376e+01  -7.2000000e+01   3.5215020e+01
   1.2812848e+01   6.0000000e+00  -1.7440127e+02   2.2943752e+01  -8.8563738e+01  -7.2000000e+01   3.0825770e+01
   7.2406285e+00   6.0000000e+00  -1.8360063e+02   2.7736564e+01  -8.7989597e+01  -7.2000000e+01   2.6657423e+01
   3.3083755e+00   6.0000000e+00  -1.9429170e+02   3.0221592e+01  -8.5421227e+01  -7.2000000e+01   2.1599837e+01
  -1.6064226e+00   6.0000000e+00  -2.0536497e+02   3.5688375e+01  -8.1977236e+01  -7.2000000e+01   1.6604234e+01
  -5.3913923e+00   6.0000000e+00  -2.1640020e+02   4.2412090e+01  -7.6850510e+01  -7.2000000e+01   1.0479741e+01
  -7.1044917e+00   6.0000000e+00  -2.2583545e+02   4.7557146e+01  -7.1181214e+01  -7.2000000e+01   4.0440851e+00
  -7.7498253e+00   6.0000000e+00  -2.3180153e+02   5.2348166e+01  -6.5174863e+01  -7.2000000e+01  -2.2403292e+00
  -7.3606563e+00   6.0000000e+00  -2.3392463e+02   5.7769132e+01  -5.8492663e+01  -7.2000000e+01  -6.9660808e+00
  -7.1324935e+00   6.0000000e+00  -2.3479356e+02   5.9679027e+01  -5.1499042e+01  -7.2000000e+01  -8.7472700e+00
  -5.8408498e+00   6.0000000e+00  -2.3511877e+02   5.7857475e+01  -4.4786926e+01  -7.2000000e+01  -9.0252785e+00
  -4.1183943e+00   6.0000000e+00  -2.3577838e+02   5.5117584e+01  -3.9555919e+01  -7.2000000e+01  -7.5116971e+00
  -3.2900837e+00   6.0000000e+00  -2.3556371e+02   5.2749802e+01  -3.6187203e+01  -7.2000000e+01  -4.8128066e+00
  -6.7959143e-01   6.0000000e+00  -2.3415187e+02   5.0801354e+01  -3.4497115e+01  -7.2000000e+01  -1.7674726e+00
   3.5882968e-01   6.0000000e+00  -2.3222095e+02   4.8780952e+01  -3.3566575e+01  -7.2000000e+01   1.0640250e+00
   2.0293751e+00   6.0000000e+00  -2.3010804e+02   4.7596796e+01  -3.2971126e+01  -7.2000000e+01   3.7307439e+00
   1.5384887e+00   6.0000000e+00  -2.2848087e+02   4.6493213e+01  -3.2829889e+01  -7.2000000e+01   6.1472728e+00
   2.9243487e+00   6.0000000e+00  -2.2557754e+02   4.5591602e+01  -3.2854359e+01  -7.2000000e+01   8.3480796e+00
   5.1210634e+00   6.0000000e+00  -2.1998454e+02   4.6343994e+01  -3.3265511e+01  -7.2000000e+01   1.0430332e+01
   9.8237912e+00   6.0000000e+00  -2.1192211e+02   4.2922717e+01  -3.4848886e+01  -7.2000000e+01   1.2815673e+01
   1.6661674e+01   6.0000000e+00  -2.0287824e+02   3.6619424e+01  -3.7541076e+01  -7.2000000e+01   1.5766192e+01
   2.3119829e+01   6.0000000e+00  -1.9065049e+02   3.1713845e+01  -4.0461140e+01  -7.2000000e+01   1.8780732e+01
   2.8268432e+01   6.0000000e+00  -1.7818094e+02   2.4382625e+01  -4.4633013e+01  -7.2000000e+01   2.2735308e+01
   3.2536734e+01   6.0000000e+00  -1.6703473e+02   1.6443797e+01  -4.9642093e+01  -7.2000000e+01   2.7514438e+01
   3.5555712e+01   6.0000000e+00  -1.6253659e+02   1.0356780e+01  -5.4786166e+01  -7.2000000e+01   3.2522592e+01
   3.8391112e+01   6.0000000e+00  -1.6287748e+02   8.0564293e+00  -5.9893595e+01  -7.2000000e+01   3.7565010e+01
   3.9859626e+01   6.0000000e+00  -1.6552327e+02   6.9653045e+00  -6.5546825e+01  -7.2000000e+01   4.3443862e+01
   4.0437662e+01   6.0000000e+00  -1.6495356e+02   5.1048694e+00  -7.0099337e+01  -7.2000000e+01   4.8398142e+01
   4.1421864e+01   6.0000000e+00  -1.6639000e+02   6.9755393e+00  -7.2851635e+01  -7.2000000e+01   5.2303701e+01
   4.2614700e+01   6.0000000e+00  -1.6604028e+02   8.6850546e+00  -7.4772924e+01  -7.2000000e+01   5.5628459e+01
   4.4221498e+01   6.0000000e+00  -1.6529322e+02   9.1733891e+00  -7.5947929e+01  -7.2000000e+01   5.8194887e+01
   4.5662833e+01   6.0000000e+00  -1.6621859e+02   1.0027996e+01  -7.7006133e+01  -7.2000000e+01   6.0600139e+01
   4.5844363e+01   6.0000000e+00  -1.6733046e+02   1.1636530e+01  -7.7926334e+01  -7.2000000e+01   6.3026757e+01
   4.5794958e+01   6.0000000e+00  -1.6905169e+02   1.2633236e+01  -7.8703675e+01  -7.2000000e+01   6.5528468e+01
   4.4740994e+01   6.0000000e+00  -1.6909152e+02   1.2155710e+01  -7.9355491e+01  -7.2000000e+01   6.8114882e+01
   4.5909703e+01   6.0000000e+00  -1.6961349e+02   1.3791753e+01  -7.9823418e+01  -7.2000000e+01   7.0544744e+01
   4.6453794e+01   6.0000000e+00  -1.6995222e+02   1.5771659e+01  -7.9901855e+01  -7.2000000e+01   7.2312042e+01
   4.6637127e+01   6.0000000e+00  -1.6954071e+02   1.6492825e+01  -7.9914837e+01  -7.2000000e+01   7.3817627e+01
   4.5882469e+01   6.0000000e+00  -1.6795056e+02   1.5936012e+01  -7.9872604e+01  -7.2000000e+01   7.4977900e+01
   4.5098154e+01   6.0000000e+00  -1.6804731e+02   1.4011558e+01  -7.9610905e+01  -7.2000000e+01   7.4686367e+01
   4.2784960e+01   6.0000000e+00  -1.6919666e+02   1.2363983e+01  -7.9323259e+01  -7.2000000e+01   7.4359092e+01
   4.0959603e+01   6.0000000e+00  -1.7014624e+02   1.3661825e+01  -7.8996761e+01  -7.2000000e+01   7.3944850e+01
   3.8610831e+01   6.0000000e+00  -1.7068712e+02   1.4140974e+01  -7.8689303e+01  -7.2000000e+01   7.3325634e+01
   3.6816333e+01   6.0000000e+00  -1.6885454e+02   1.3695122e+01  -7.8666743e+01  -7.2000000e+01   7.1507442e+01
   3.4141127e+01   6.0000000e+00  -1.6921556e+02   1.1889213e+01  -7.9027426e+01  -7.2000000e+01   6.6859252e+01
   3.0654751e+01   6.0000000e+00  -1.7170154e+02   1.0932934e+01  -7.9485430e+01  -7.2000000e+01   6.0275754e+01
   2.8370104e+01   6.0000000e+00  -1.7494146e+02   1.2476785e+01  -7.9786997e+01  -7.2000000e+01   5.2670275e+01
   2.2662458e+01   6.0000000e+00  -1.7275161e+02   1.7308096e+01  -8.1859274e+01  -7.2000000e+01   4.3816062e+01
   1.7743807e+01   6.0000000e+00  -1.6893577e+02   1.9809606e+01  -8.3765331e+01  -7.2000000e+01   3.8318650e+01
   1.1816102e+01   6.0000000e+00  -1.7457860e+02   2.2257425e+01  -8.4929082e+01  -7.2000000e+01   3.5314951e+01
   6.1105106e+00   6.0000000e+00  -1.8399798e+02   2.5897673e+01  -8.5199760e+01  -7.2000000e+01   3.2998457e+01
   1.4244485e+00   6.0000000e+00  -1.9508732e+02   2.8716230e+01  -8.3734260e+01  -7.2000000e+01   2.9697163e+01
  -4.5129310e+00   6.0000000e+00  -2.0644347e+02   3.5653733e+01  -8.0331361e+01  -7.2000000e+01   2.5814977e+01
  -6.4632331e+00   6.0000000e+00  -2.1762624e+02   4.1578824e+01  -7.5106638e+01  -7.2000000e+01   2.0113252e+01
  -7.7603856e+00   6.0000000e+00  -2.2647831e+02   4.5837075e+01  -6.8965314e+01  -7.2000000e+01   1.3830429e+01
