   3.5150000e+01   4.5907285e+00  -1.4561347e+02   1.5082829e+00   6.2317250e+01  -5.6828196e+01   1.1906425e+02
   3.0434576e+01   3.1830423e+00  -1.4929496e+02  -6.6623333e+00   6.6707209e+01  -4.9349501e+01   1.3104639e+02
   2.7000000e+01   3.7405416e+00  -1.5852689e+02  -3.3313621e+00   6.8862214e+01  -4.8556648e+01   1.3923970e+02
   2.7000000e+01   9.7101769e-01  -1.6272184e+02  -4.9970645e+00   7.0919604e+01  -4.7025045e+01   1.5149105e+02
   2.7000000e+01  -1.0356882e+00  -1.6838516e+02  -6.8393205e+00   7.2153417e+01  -4.3728571e+01   1.6378277e+02
   2.7000000e+01  -6.1873879e+00  -1.7209463e+02  -1.0006630e+01   7.3487889e+01  -4.2031225e+01   1.7513566e+02
   2.7000000e+01  -1.0511130e+01  -1.7914135e+02  -9.4714098e+00   7.4792445e+01  -3.9971352e+01   1.8562779e+02
   2.7000000e+01  -1.6593561e+01  -1.8844409e+02  -9.4572982e+00   7.6119178e+01  -3.8372648e+01   1.9506735e+02
   2.7000000e+01  -2.1362023e+01  -1.9967099e+02  -7.7802213e+00   7.8180509e+01  -3.5370218e+01   2.0408734e+02
   2.7000000e+01  -2.5146337e+01  -2.1070243e+02  -6.1059255e+00   8.0320628e+01  -3.2274799e+01   2.1354771e+02
   2.7000000e+01  -2.9010370e+01  -2.2131941e+02  -3.8616476e+00   8.2578500e+01  -2.8595017e+01   2.2376915e+02
   2.7000000e+01  -2.9632857e+01  -2.3158235e+02  -2.1166015e-01   8.5165203e+01  -2.3494814e+01   2.3390179e+02
   2.7000000e+01  -2.9290727e+01  -2.3970817e+02   3.3365613e+00   8.7712114e+01  -1.8414559e+01   2.4400023e+02
   2.7000000e+01  -2.8508859e+01  -2.4657096e+02   7.7649344e+00   9.0327563e+01  -1.2195523e+01   2.5274531e+02
   2.7000000e+01  -3.0543240e+01  -2.4738819e+02   1.4403574e+01   9.3629807e+01  -4.2637863e+00   2.5363380e+02
   2.7000000e+01  -3.0515272e+01  -2.4711747e+02   1.3428217e+01   9.5803937e+01  -3.1724326e+00   2.5095683e+02
   2.7000000e+01  -3.0905436e+01  -2.4348404e+02   1.0847121e+01   9.8458001e+01  -3.8544034e+00   2.4670417e+02
   2.7000000e+01  -3.1024717e+01  -2.3920094e+02   8.1195044e+00   1.0157345e+02  -4.9166490e+00   2.3925933e+02
   2.7000000e+01  -3.0612213e+01  -2.3475967e+02   5.5235391e+00   1.0574602e+02  -6.5734270e+00   2.3015489e+02
   2.7000000e+01  -3.0398065e+01  -2.2988700e+02   2.5569172e+00   1.1087790e+02  -9.4578951e+00   2.1997161e+02
   2.7000000e+01  -2.9862145e+01  -2.2535055e+02  -6.2584168e-01   1.1707055e+02  -1.3440332e+01   2.0952310e+02
   2.7000000e+01  -3.0134108e+01  -2.2265030e+02  -3.3954187e+00   1.2385422e+02  -1.8173028e+01   1.9879617e+02
   2.7000000e+01  -2.9584293e+01  -2.2071879e+02  -5.2702024e+00   1.3084178e+02  -2.3774680e+01   1.8772615e+02
   2.7000000e+01  -2.7744167e+01  -2.1883796e+02  -6.2971097e+00   1.3562110e+02  -2.9901957e+01   1.7606881e+02
   2.7000000e+01  -2.8047476e+01  -2.1540431e+02  -7.1977400e+00   1.3902116e+02  -3.6998135e+01   1.6432480e+02
   2.7000000e+01  -2.6656289e+01  -2.1179040e+02  -6.3060385e+00   1.3910623e+02  -4.4548485e+01   1.5314157e+02
   2.7000000e+01  -2.4185713e+01  -2.0857431e+02  -3.4149091e+00   1.3781712e+02  -5.1876811e+01   1.4463106e+02
   2.7000000e+01  -2.0943276e+01  -1.9754830e+02  -1.9862113e+00   1.3013629e+02  -5.7115328e+01   1.3750573e+02
   2.7000000e+01  -1.6531288e+01  -1.8825804e+02   4.4598937e-01   1.2289984e+02  -6.1246706e+01   1.3246427e+02
   2.7000000e+01  -1.3619460e+01  -1.8001896e+02   2.9985434e-01   1.1905911e+02  -6.3583467e+01   1.2817454e+02
   2.7000000e+01  -1.3529534e+01  -1.7558236e+02   6.3359747e-02   1.1733439e+02  -6.4956862e+01   1.2365484e+02
   2.7000000e+01  -1.4342617e+01  -1.7421247e+02  -3.6304536e-01   1.1748720e+02  -6.5835343e+01   1.1978592e+02
   2.7000000e+01  -1.5148756e+01  -1.7085217e+02  -7.1300353e-01   1.1791000e+02  -6.6698454e+01   1.1500175e+02
   2.7000000e+01  -8.5244574e+00  -1.7262736e+02  -7.3416664e-01   1.1830259e+02  -6.6598203e+01   1.0878211e+02
   2.7000000e+01  -7.6028115e+00  -1.7133803e+02  -2.9898316e-01   1.1901441e+02  -6.5304905e+01   1.0335136e+02
   2.7000000e+01  -8.0504948e+00  -1.7122375e+02   2.6604179e-01   1.1967835e+02  -6.3808939e+01   9.9573329e+01
   2.7000000e+01  -9.5166579e+00  -1.7246784e+02   9.9743721e-01   1.2025167e+02  -6.2391007e+01   9.6771647e+01
   2.7000000e+01  -1.1763982e+01  -1.6931892e+02   2.1265284e+00   1.2076095e+02  -6.1302338e+01   9.4786182e+01
   2.7000000e+01  -1.1925000e+01  -1.7194511e+02   2.5267657e+00   1.2115070e+02  -6.0536559e+01   9.3789900e+01
   2.7000000e+01  -1.3753891e+01  -1.7203522e+02   2.3502803e+00   1.2145006e+02  -6.0280638e+01   9.4166930e+01
   2.7000000e+01  -1.3836043e+01  -1.7226091e+02   2.1417404e+00   1.2176875e+02  -6.0143742e+01   9.4637710e+01
   2.7000000e+01  -9.5982929e+00  -1.7131840e+02   2.0169487e+00   1.2213963e+02  -5.9940082e+01   9.5910049e+01
   2.7000000e+01  -6.4878028e+00  -1.6990921e+02   1.6642726e+00   1.2239403e+02  -5.9909320e+01   9.7931128e+01
   2.7000000e+01  -4.3633524e+00  -1.7039466e+02   1.7468027e+00   1.2236757e+02  -5.9893531e+01   1.0031668e+02
   2.7000000e+01  -5.1709039e+00  -1.6793629e+02   2.6906650e-01   1.1948028e+02  -6.1591876e+01   1.0483225e+02
   2.7000000e+01  -2.1310182e+00  -1.7303012e+02   3.5972781e-01   1.1629448e+02  -6.2760329e+01   1.1346596e+02
   2.7000000e+01   3.5405450e+00  -1.7158523e+02  -1.9403874e+00   1.1072488e+02  -6.4718005e+01   1.2461834e+02
   2.7000000e+01   2.7655360e+00  -1.6419125e+02  -3.4160047e+00   1.0283660e+02  -6.6870284e+01   1.3632961e+02
   2.7000000e+01   5.3796498e+00  -1.6409362e+02  -5.6449305e+00   9.4221772e+01  -6.4651138e+01   1.4863979e+02
   2.7000000e+01   3.0966939e+00  -1.6503899e+02  -5.2545505e+00   8.7652515e+01  -6.0846401e+01   1.6079833e+02
   2.7000000e+01  -2.6560255e+00  -1.6958866e+02  -4.5355924e+00   8.4902402e+01  -5.8006554e+01   1.7181161e+02
   2.7000000e+01  -8.4295333e+00  -1.7760212e+02  -3.8500547e+00   8.5986153e+01  -5.5068015e+01   1.8178062e+02
   2.7000000e+01  -1.5132710e+01  -1.8817009e+02  -3.0578424e+00   8.7780406e+01  -5.1791763e+01   1.9148575e+02
   2.7000000e+01  -2.1431002e+01  -1.9959831e+02  -1.3631629e+00   9.0627497e+01  -4.7426397e+01   2.0053655e+02
   2.7000000e+01  -2.5544707e+01  -2.1104979e+02   1.1945925e+00   9.4463073e+01  -4.2003805e+01   2.1032207e+02
   2.7000000e+01  -2.6723992e+01  -2.2253666e+02   4.8160894e+00   9.9038609e+01  -3.5543246e+01   2.2012476e+02
   2.7000000e+01  -2.6905515e+01  -2.3314461e+02   9.6649515e+00   1.0431081e+02  -2.8057168e+01   2.3003325e+02
   2.7000000e+01  -2.7678964e+01  -2.3974469e+02   1.5421256e+01   1.1034993e+02  -2.0023286e+01   2.3905680e+02
   2.7000000e+01  -2.8690798e+01  -2.4243963e+02   1.7814864e+01   1.1641889e+02  -1.4232240e+01   2.3936142e+02
   2.7000000e+01  -2.9289596e+01  -2.4146331e+02   1.4958174e+01   1.2217107e+02  -1.3900828e+01   2.3589975e+02
   2.7000000e+01  -2.8822752e+01  -2.3825258e+02   1.0864336e+01   1.2767199e+02  -1.5356042e+01   2.2799112e+02
   2.7000000e+01  -2.8909269e+01  -2.3769221e+02   7.6811136e+00   1.3396229e+02  -1.7073499e+01   2.1825556e+02
   2.7000000e+01  -2.9623985e+01  -2.3493469e+02   3.4491299e+00   1.4041875e+02  -2.0149559e+01   2.0779600e+02
   2.7000000e+01  -2.9292504e+01  -2.3241024e+02  -2.3934569e-01   1.4544957e+02  -2.3887012e+01   1.9651028e+02
   2.7000000e+01  -3.0648410e+01  -2.2995598e+02  -3.3314541e+00   1.5091204e+02  -2.8791786e+01   1.8521262e+02
   2.7000000e+01  -3.1156204e+01  -2.2944472e+02  -2.7842747e+00   1.5564311e+02  -3.4996257e+01   1.7540132e+02
   2.7000000e+01  -3.1428518e+01  -2.2666692e+02  -1.7750120e+00   1.5552701e+02  -4.1568009e+01   1.6828059e+02
   2.7000000e+01  -3.1626385e+01  -2.2384565e+02   7.2465926e-01   1.5431875e+02  -4.8159151e+01   1.6381480e+02
   2.7000000e+01  -3.0455075e+01  -2.1798881e+02   4.1761010e+00   1.4896498e+02  -5.4903747e+01   1.5753480e+02
   2.7000000e+01  -2.5400703e+01  -2.1063996e+02   8.8043648e+00   1.3983339e+02  -6.1207281e+01   1.5432260e+02
   2.7000000e+01  -2.0639994e+01  -2.0340140e+02   1.2660470e+01   1.3052373e+02  -6.5138468e+01   1.4938494e+02
   2.7000000e+01  -1.7402715e+01  -1.9470951e+02   1.5377800e+01   1.2307668e+02  -6.9234567e+01   1.4438188e+02
   2.7000000e+01  -1.6813489e+01  -1.8847487e+02   1.5847113e+01   1.1768362e+02  -7.2736227e+01   1.3817543e+02
   2.7000000e+01  -1.3616531e+01  -1.8159903e+02   1.5521367e+01   1.1464402e+02  -7.4123771e+01   1.3385682e+02
   2.7000000e+01  -1.2527633e+01  -1.7687009e+02   1.6136619e+01   1.1241659e+02  -7.4798610e+01   1.2961813e+02
   2.7000000e+01  -1.0307690e+01  -1.7461053e+02   1.6279059e+01   1.1157523e+02  -7.5069127e+01   1.2668056e+02
   2.7000000e+01  -1.0358224e+01  -1.7346023e+02   1.5643026e+01   1.1079605e+02  -7.5659112e+01   1.2377453e+02
   2.7000000e+01  -1.0901924e+01  -1.7360795e+02   1.4371133e+01   1.1038919e+02  -7.6266209e+01   1.2133925e+02
   2.7000000e+01  -1.0368611e+01  -1.7325963e+02   1.3320551e+01   1.1083816e+02  -7.6345060e+01   1.1938726e+02
   2.7000000e+01  -1.1866519e+01  -1.7366364e+02   1.1969750e+01   1.1148293e+02  -7.6435291e+01   1.1776456e+02
   2.7000000e+01  -1.1031965e+01  -1.7357683e+02   1.0561105e+01   1.1244557e+02  -7.6373258e+01   1.1617769e+02
   2.7000000e+01  -1.3442981e+01  -1.7266638e+02   9.2020750e+00   1.1351635e+02  -7.6262476e+01   1.1455568e+02
   2.7000000e+01  -1.4619170e+01  -1.7349631e+02   8.2002858e+00   1.1475761e+02  -7.6025420e+01   1.1262352e+02
   2.7000000e+01  -1.2022206e+01  -1.7305519e+02   8.7719309e+00   1.1637882e+02  -7.4857537e+01   1.0969350e+02
   2.7000000e+01  -1.1055012e+01  -1.7227273e+02   9.1887022e+00   1.1788532e+02  -7.3797172e+01   1.0706038e+02
   2.7000000e+01  -8.7612382e+00  -1.7223326e+02   9.5481001e+00   1.1934996e+02  -7.2755623e+01   1.0451501e+02
   2.7000000e+01  -9.4887191e+00  -1.7204781e+02   9.9940247e+00   1.2007706e+02  -7.2342390e+01   1.0357538e+02
   2.7000000e+01  -8.8680935e+00  -1.7184084e+02   1.0209546e+01   1.2075747e+02  -7.2105896e+01   1.0323008e+02
   2.7000000e+01  -8.8235347e+00  -1.7140167e+02   1.0431348e+01   1.2142081e+02  -7.1886863e+01   1.0287819e+02
   2.7000000e+01  -9.8115657e+00  -1.7211012e+02   1.0124618e+01   1.2177670e+02  -7.2070711e+01   1.0337830e+02
   2.7000000e+01  -7.3852140e+00  -1.6890790e+02   5.5442565e+00   1.1665786e+02  -7.3831323e+01   1.1264345e+02
   2.7000000e+01  -2.5377144e+00  -1.6778745e+02   3.5792675e+00   1.0971053e+02  -7.2012788e+01   1.2344512e+02
   2.7000000e+01   3.3067901e-01  -1.6691398e+02   1.3064936e+00   1.0061863e+02  -7.1030986e+01   1.3528717e+02
   2.7000000e+01   3.4762748e+00  -1.6462956e+02   1.0814290e+00   9.0846784e+01  -6.8472095e+01   1.4741023e+02
   2.7000000e+01   2.0907081e+00  -1.6437742e+02   2.2129156e+00   8.2480954e+01  -6.4285929e+01   1.5947368e+02
   2.7000000e+01  -1.7893252e+00  -1.7035785e+02   3.3406423e+00   8.0545202e+01  -6.0217390e+01   1.7104332e+02
   2.7000000e+01  -5.9184707e+00  -1.7731347e+02   3.4670803e+00   8.0902997e+01  -5.6581987e+01   1.8234652e+02
   2.7000000e+01  -1.4433677e+01  -1.8663672e+02   2.9259045e+00   8.2811450e+01  -5.3749310e+01   1.9208226e+02
   2.7000000e+01  -1.8409727e+01  -1.9734609e+02   3.2653339e+00   8.5394173e+01  -4.9780939e+01   2.0198537e+02
   2.7000000e+01  -1.9554364e+01  -2.0819288e+02   4.7205372e+00   8.8965872e+01  -4.4423572e+01   2.1207909e+02
   2.7000000e+01  -2.6316039e+01  -2.1981773e+02   7.6983948e+00   9.3249960e+01  -3.7840163e+01   2.2137050e+02
   2.7000000e+01  -2.9354697e+01  -2.3110768e+02   1.2335591e+01   9.8303307e+01  -3.0169585e+01   2.3050826e+02
   2.7000000e+01  -2.8058169e+01  -2.3892299e+02   1.7330994e+01   1.0373496e+02  -2.2061065e+01   2.3951235e+02
   2.7000000e+01  -2.8804691e+01  -2.4090092e+02   2.0183897e+01   1.0855109e+02  -1.6007506e+01   2.4094732e+02
   2.7000000e+01  -2.8874886e+01  -2.3848194e+02   1.6386909e+01   1.1370633e+02  -1.5977137e+01   2.3594381e+02
   2.7000000e+01  -2.8633125e+01  -2.3528337e+02   1.2330223e+01   1.1901203e+02  -1.6811295e+01   2.2826509e+02
   2.7000000e+01  -2.7219312e+01  -2.3216918e+02   8.2505009e+00   1.2468798e+02  -1.8427322e+01   2.1835978e+02
   2.7000000e+01  -2.7490366e+01  -2.2913916e+02   4.4463849e+00   1.3109768e+02  -2.1458730e+01   2.0773945e+02
   2.7000000e+01  -2.8464677e+01  -2.2439173e+02   3.0046383e-01   1.3584861e+02  -2.6007774e+01   1.9624194e+02
   2.7000000e+01  -2.8436980e+01  -2.2340632e+02  -5.8022344e-01   1.4244194e+02  -3.1333007e+01   1.8502823e+02
   2.7000000e+01  -3.2030594e+01  -2.2199196e+02  -1.6433373e+00   1.5034609e+02  -3.8693668e+01   1.7534573e+02
   2.7000000e+01  -2.8502103e+01  -2.1874146e+02   2.2498228e+00   1.4810591e+02  -4.6213920e+01   1.6580815e+02
   2.7000000e+01  -2.5694013e+01  -2.1218042e+02   5.8907971e+00   1.4109317e+02  -5.3583853e+01   1.5734586e+02
   2.7000000e+01  -2.1792253e+01  -2.0507777e+02   9.2182344e+00   1.3290142e+02  -6.0027468e+01   1.5093407e+02
   2.7000000e+01  -2.0572832e+01  -1.9688570e+02   1.2997220e+01   1.2833897e+02  -6.6645161e+01   1.4711442e+02
   2.7000000e+01  -1.5513735e+01  -1.8994253e+02   1.6667776e+01   1.2141785e+02  -6.9747561e+01   1.4207012e+02
   2.7000000e+01  -1.5787099e+01  -1.8270328e+02   1.8360957e+01   1.1702111e+02  -7.3290190e+01   1.3756824e+02
   2.7000000e+01  -1.3738396e+01  -1.7793099e+02   1.8063979e+01   1.1433772e+02  -7.5615115e+01   1.3315547e+02
   2.7000000e+01  -1.2266003e+01  -1.7485700e+02   1.7685878e+01   1.1287481e+02  -7.6931996e+01   1.3022970e+02
   2.7000000e+01  -1.0687228e+01  -1.7300841e+02   1.5201797e+01   1.1215857e+02  -7.7719010e+01   1.2681885e+02
   2.7000000e+01  -1.1296601e+01  -1.7344289e+02   1.4552409e+01   1.1257592e+02  -7.7562585e+01   1.2328157e+02
   2.7000000e+01  -1.3301747e+01  -1.7225473e+02   1.3740840e+01   1.1321747e+02  -7.7812010e+01   1.1958468e+02
   2.7000000e+01  -1.4119000e+01  -1.7288837e+02   1.2614672e+01   1.1408426e+02  -7.8111726e+01   1.1662027e+02
   2.7000000e+01  -1.3874227e+01  -1.7273506e+02   1.1508166e+01   1.1526079e+02  -7.8258662e+01   1.1408138e+02
   2.7000000e+01  -1.2402836e+01  -1.7335130e+02   1.0414620e+01   1.1645676e+02  -7.8355661e+01   1.1154834e+02
   2.7000000e+01  -1.3126503e+01  -1.7379439e+02   9.5684508e+00   1.1772302e+02  -7.8105608e+01   1.0904407e+02
   2.7000000e+01  -1.0460288e+01  -1.7325304e+02   9.0296250e+00   1.1914144e+02  -7.7442236e+01   1.0643705e+02
   2.7000000e+01  -8.2667572e+00  -1.7347059e+02   8.6963012e+00   1.2039138e+02  -7.6453527e+01   1.0443249e+02
   2.7000000e+01  -8.2357249e+00  -1.7289303e+02   8.4924428e+00   1.2149341e+02  -7.5282478e+01   1.0352455e+02
   2.7000000e+01  -7.6631867e+00  -1.7265027e+02   8.2850731e+00   1.2259231e+02  -7.4111525e+01   1.0265410e+02
   2.7000000e+01  -6.9985526e+00  -1.7388692e+02   8.2849228e+00   1.2355614e+02  -7.2978947e+01   1.0232165e+02
   2.7000000e+01  -6.4968189e+00  -1.7316613e+02   8.8741857e+00   1.2451157e+02  -7.1788508e+01   1.0232532e+02
   2.7000000e+01  -6.2121093e+00  -1.7210596e+02   8.9727472e+00   1.2516239e+02  -7.1373237e+01   1.0247715e+02
   2.7000000e+01  -7.2093473e+00  -1.7195229e+02   9.0458148e+00   1.2548338e+02  -7.1269787e+01   1.0327935e+02
   2.7000000e+01  -7.6232212e+00  -1.7204171e+02   1.0672472e+01   1.2523364e+02  -7.1999042e+01   1.0439437e+02
   2.7000000e+01  -8.5624260e+00  -1.7139269e+02   1.2053774e+01   1.2429388e+02  -7.4215786e+01   1.0618593e+02
   2.7000000e+01  -6.7039956e+00  -1.7037872e+02   1.1879264e+01   1.2242541e+02  -7.6723150e+01   1.0953278e+02
   2.7000000e+01  -3.3799724e+00  -1.7106583e+02   8.2130661e+00   1.1549024e+02  -7.8470422e+01   1.1872165e+02
   2.7000000e+01   8.2434512e-01  -1.6932435e+02   7.7619953e+00   1.1023338e+02  -7.6995575e+01   1.3014459e+02
   2.7000000e+01   1.4388710e+00  -1.6956899e+02   5.0760397e+00   1.0116672e+02  -7.8650309e+01   1.4184211e+02
   2.7000000e+01   5.9621160e+00  -1.6682623e+02   5.0952709e+00   9.2009570e+01  -7.5026611e+01   1.5399837e+02
   2.7000000e+01   4.5980937e-01  -1.6530866e+02   5.4771980e+00   8.6069551e+01  -7.1234693e+01   1.6598043e+02
   2.7000000e+01  -4.6574596e+00  -1.7177354e+02   5.9421896e+00   8.3914916e+01  -6.7509165e+01   1.7693486e+02
   2.7000000e+01  -1.1584824e+01  -1.7961974e+02   5.2455789e+00   8.4158785e+01  -6.4398743e+01   1.8704642e+02
   2.7000000e+01  -1.7144275e+01  -1.9019992e+02   5.5357758e+00   8.5876961e+01  -6.0270283e+01   1.9642883e+02
   2.7000000e+01  -2.4717581e+01  -2.0161660e+02   5.8294122e+00   8.9130248e+01  -5.5938992e+01   2.0451347e+02
   2.7000000e+01  -2.7256988e+01  -2.1298600e+02   8.2067845e+00   9.3655844e+01  -4.9307926e+01   2.1399687e+02
   2.7000000e+01  -2.9841973e+01  -2.2495500e+02   1.3769607e+01   9.9583897e+01  -4.0806394e+01   2.2148352e+02
   2.7000000e+01  -3.1206333e+01  -2.3563546e+02   2.0695705e+01   1.0674784e+02  -3.1677243e+01   2.2771375e+02
   2.7000000e+01  -3.0241502e+01  -2.3769465e+02   2.2331369e+01   1.1468235e+02  -2.5796306e+01   2.2256921e+02
   2.7000000e+01  -2.9957498e+01  -2.3585769e+02   1.7963624e+01   1.2206115e+02  -2.5847203e+01   2.1499759e+02
   2.7000000e+01  -2.9828476e+01  -2.3611239e+02   1.3275561e+01   1.3053500e+02  -2.6799259e+01   2.0692666e+02
   2.7000000e+01  -2.9407264e+01  -2.3643455e+02   9.6497929e+00   1.3936543e+02  -2.8960208e+01   1.9715409e+02
   2.7000000e+01  -2.9874387e+01  -2.3583655e+02   5.5635196e+00   1.4726355e+02  -3.2478989e+01   1.8627209e+02
   2.7000000e+01  -2.9812810e+01  -2.3492883e+02   2.6730657e+00   1.5204020e+02  -3.6226349e+01   1.7487518e+02
   2.7000000e+01  -3.0497310e+01  -2.3331324e+02   1.1794616e+00   1.5621542e+02  -4.1044051e+01   1.6486215e+02
   2.7000000e+01  -2.9783355e+01  -2.2949602e+02   2.4500983e+00   1.5248351e+02  -4.6816917e+01   1.5828044e+02
   2.7000000e+01  -3.1256015e+01  -2.2805939e+02   4.2470073e+00   1.5225216e+02  -5.1850602e+01   1.5529379e+02
   2.7000000e+01  -3.0865294e+01  -2.2570177e+02   7.8297110e+00   1.5231943e+02  -5.7749979e+01   1.5064963e+02
   2.7000000e+01  -3.2575923e+01  -2.2117689e+02   9.6209724e+00   1.4810043e+02  -6.4871018e+01   1.4683258e+02
   2.7000000e+01  -2.8182509e+01  -2.1506438e+02   1.4630539e+01   1.4030980e+02  -7.0583514e+01   1.4236661e+02
   2.7000000e+01  -2.4060557e+01  -2.0759550e+02   1.7429417e+01   1.2999058e+02  -7.4310935e+01   1.3906738e+02
   2.7000000e+01  -2.2826811e+01  -2.0059645e+02   2.3449177e+01   1.2235732e+02  -7.9910981e+01   1.3547757e+02
   2.7000000e+01  -2.0384595e+01  -1.9596406e+02   2.5868622e+01   1.1643333e+02  -8.2760578e+01   1.3233246e+02
   2.7000000e+01  -1.8469443e+01  -1.9156505e+02   2.7343309e+01   1.1145964e+02  -8.4228765e+01   1.2802159e+02
   2.7000000e+01  -1.7155235e+01  -1.8668133e+02   2.8100048e+01   1.0983245e+02  -8.5576651e+01   1.2518500e+02
   2.7000000e+01  -1.5813640e+01  -1.8294941e+02   2.8613680e+01   1.0771550e+02  -8.7038689e+01   1.2281305e+02
   2.7000000e+01  -1.4053892e+01  -1.8027376e+02   2.6793574e+01   1.0493918e+02  -8.7573099e+01   1.2007862e+02
   2.7000000e+01  -1.2867837e+01  -1.7769229e+02   2.5460270e+01   1.0399916e+02  -8.6709199e+01   1.1789766e+02
   2.7000000e+01  -1.1302955e+01  -1.7564610e+02   2.4866800e+01   1.0332469e+02  -8.5333378e+01   1.1523454e+02
   2.7000000e+01  -1.0182193e+01  -1.7473808e+02   2.3998163e+01   1.0237996e+02  -8.4368760e+01   1.1362779e+02
   2.7000000e+01  -9.2568964e+00  -1.7414629e+02   2.2911236e+01   1.0128884e+02  -8.3572202e+01   1.1273104e+02
   2.7000000e+01  -9.1434669e+00  -1.7322378e+02   2.2071654e+01   1.0036787e+02  -8.2499532e+01   1.1102877e+02
   2.7000000e+01  -7.6710662e+00  -1.7300848e+02   2.1646053e+01   9.9727781e+01  -8.1023585e+01   1.1010129e+02
   2.7000000e+01  -6.5713132e+00  -1.7295873e+02   2.1113198e+01   9.9218460e+01  -7.9554812e+01   1.0851721e+02
   2.7000000e+01  -7.6223115e+00  -1.7276401e+02   1.9677383e+01   9.8824902e+01  -7.8730348e+01   1.0736068e+02
   2.7000000e+01  -8.7383786e+00  -1.7138646e+02   1.7696994e+01   9.8631796e+01  -7.7999909e+01   1.0752709e+02
   2.7000000e+01  -1.0198029e+01  -1.7102178e+02   1.5765387e+01   9.8988953e+01  -7.7024859e+01   1.0716967e+02
   2.7000000e+01  -9.0994551e+00  -1.7064164e+02   1.4199682e+01   9.9834200e+01  -7.5542806e+01   1.0678181e+02
   2.7000000e+01  -8.5757314e+00  -1.7041907e+02   1.2341073e+01   1.0027762e+02  -7.4240242e+01   1.0591570e+02
   2.7000000e+01  -7.5834846e+00  -1.6976950e+02   1.0800694e+01   1.0093653e+02  -7.2660339e+01   1.0405398e+02
   2.7000000e+01  -8.6384477e+00  -1.7006831e+02   9.9214002e+00   1.0174088e+02  -7.0914263e+01   1.0217953e+02
   2.7000000e+01  -1.0360028e+01  -1.7101072e+02   9.2721396e+00   1.0239456e+02  -6.9580481e+01   1.0026169e+02
   2.7000000e+01  -1.2025653e+01  -1.7054048e+02   8.5919115e+00   1.0310093e+02  -6.8471012e+01   9.8902419e+01
   2.7000000e+01  -1.3604813e+01  -1.7164474e+02   7.7888069e+00   1.0376871e+02  -6.7595371e+01   9.7745094e+01
   2.7000000e+01  -1.4150154e+01  -1.7174230e+02   6.9775075e+00   1.0440572e+02  -6.6933298e+01   9.6944248e+01
   2.7000000e+01  -1.5305730e+01  -1.7233252e+02   6.2425367e+00   1.0499686e+02  -6.6421881e+01   9.6476365e+01
   2.7000000e+01  -1.7165181e+01  -1.7249681e+02   5.5466990e+00   1.0558217e+02  -6.5925827e+01   9.5991922e+01
   2.7000000e+01  -1.6768569e+01  -1.7283038e+02   4.9589972e+00   1.0610557e+02  -6.5602581e+01   9.5707828e+01
   2.7000000e+01  -1.5263032e+01  -1.6869811e+02   3.1307770e+00   1.0652269e+02  -6.5914868e+01   9.6768355e+01
   2.7000000e+01  -1.6122419e+01  -1.7064796e+02   2.3231860e+00   1.0677413e+02  -6.5637705e+01   9.8253162e+01
   2.7000000e+01  -1.3120887e+01  -1.6925432e+02   8.7556212e-01   1.0499277e+02  -6.5000308e+01   1.0584741e+02
   2.7000000e+01  -5.8875270e+00  -1.6501028e+02  -1.5511189e+00   1.0000175e+02  -6.2368142e+01   1.1709777e+02
   2.7000000e+01  -3.0862032e+00  -1.6309377e+02  -2.1194629e+00   9.0513661e+01  -6.0635614e+01   1.2859608e+02
   2.7000000e+01   1.2205905e+00  -1.6458917e+02  -6.1481574e-02   8.1875705e+01  -5.7340752e+01   1.4021585e+02
   2.7000000e+01   1.8644958e+00  -1.6804909e+02   4.3108751e+00   7.4997852e+01  -5.5009622e+01   1.5191506e+02
   2.7000000e+01  -3.6185237e+00  -1.7471467e+02   5.7193158e+00   7.7181648e+01  -5.4187703e+01   1.6402068e+02
   2.7000000e+01  -1.1133324e+01  -1.8091897e+02   4.3211062e+00   7.9783069e+01  -5.3730340e+01   1.7494622e+02
   2.7000000e+01  -2.0121535e+01  -1.8953775e+02   3.7789999e+00   8.2402449e+01  -5.2255958e+01   1.8478140e+02
   2.7000000e+01  -2.3246096e+01  -1.9995209e+02   4.6015209e+00   8.5950478e+01  -4.9009215e+01   1.9491273e+02
   2.7000000e+01  -2.4310291e+01  -2.0967384e+02   5.5739494e+00   9.0192107e+01  -4.4997003e+01   2.0555470e+02
   2.7000000e+01  -2.7559611e+01  -2.1843299e+02   6.2198558e+00   9.4723760e+01  -4.0854278e+01   2.1633294e+02
   2.7000000e+01  -2.7900811e+01  -2.2692540e+02   8.3249852e+00   9.9890200e+01  -3.5163411e+01   2.2687435e+02
   2.7000000e+01  -2.8583762e+01  -2.3531809e+02   1.0484004e+01   1.0503918e+02  -2.9445569e+01   2.3715838e+02
   2.7000000e+01  -2.7909794e+01  -2.4157909e+02   1.2853902e+01   1.1004817e+02  -2.3090525e+01   2.4592249e+02
   2.7000000e+01  -2.9652353e+01  -2.4521184e+02   1.6729086e+01   1.1446923e+02  -1.6069522e+01   2.5073062e+02
   2.7000000e+01  -3.1314278e+01  -2.4389260e+02   1.6484880e+01   1.1910992e+02  -1.1870652e+01   2.4524672e+02
   2.7000000e+01  -3.0990394e+01  -2.4258654e+02   1.3171598e+01   1.2315207e+02  -1.1109999e+01   2.3669932e+02
   2.7000000e+01  -3.2135930e+01  -2.3955809e+02   9.2416331e+00   1.2854299e+02  -1.2909156e+01   2.2735621e+02
   2.7000000e+01  -3.1924003e+01  -2.3691495e+02   5.3285415e+00   1.3405632e+02  -1.4856343e+01   2.1707044e+02
   2.7000000e+01  -3.2674155e+01  -2.3428183e+02   1.2581282e+00   1.4047954e+02  -1.8220362e+01   2.0642192e+02
   2.7000000e+01  -3.2692775e+01  -2.3403568e+02  -7.2248312e-01   1.4684156e+02  -2.2041398e+01   1.9537010e+02
   2.7000000e+01  -3.3168025e+01  -2.3220938e+02  -2.0804386e+00   1.5073229e+02  -2.7238418e+01   1.8397033e+02
   2.7000000e+01  -3.3406944e+01  -2.3101829e+02  -6.1630565e-01   1.5352686e+02  -3.4269889e+01   1.7453652e+02
   2.7000000e+01  -3.5236782e+01  -2.2993664e+02   1.0298344e+00   1.5677146e+02  -4.1301992e+01   1.6881972e+02
   2.7000000e+01  -3.4184008e+01  -2.2664322e+02   4.4104639e+00   1.5406556e+02  -4.8832073e+01   1.6292583e+02
   2.7000000e+01  -3.2895303e+01  -2.2036828e+02   8.0215828e+00   1.4735050e+02  -5.6462023e+01   1.5751883e+02
   2.7000000e+01  -2.8862228e+01  -2.1502006e+02   1.1208880e+01   1.4042172e+02  -6.3442414e+01   1.5123328e+02
   2.7000000e+01  -2.5899710e+01  -2.0562784e+02   1.1680293e+01   1.3157280e+02  -6.6389473e+01   1.4709491e+02
   2.7000000e+01  -2.1316024e+01  -1.9726057e+02   1.4629152e+01   1.2279877e+02  -6.9581037e+01   1.4179302e+02
   2.7000000e+01  -1.8651117e+01  -1.8784184e+02   1.5207974e+01   1.1678854e+02  -7.2812770e+01   1.3641863e+02
   2.7000000e+01  -1.6501792e+01  -1.8051233e+02   1.4883095e+01   1.1235634e+02  -7.5063563e+01   1.3270845e+02
   2.7000000e+01  -1.3322427e+01  -1.7661914e+02   1.3564393e+01   1.0976310e+02  -7.5804365e+01   1.2850683e+02
   2.7000000e+01  -1.3793811e+01  -1.7384508e+02   1.1435191e+01   1.0704606e+02  -7.6848645e+01   1.2435755e+02
   2.7000000e+01  -1.3146321e+01  -1.7227826e+02   1.0201443e+01   1.0680083e+02  -7.6383983e+01   1.2137034e+02
   2.7000000e+01  -1.4372856e+01  -1.7174688e+02   8.8684238e+00   1.0696525e+02  -7.5931950e+01   1.1759942e+02
   2.7000000e+01  -1.4967567e+01  -1.6954646e+02   8.2145602e+00   1.0759224e+02  -7.5364740e+01   1.1325849e+02
   2.7000000e+01  -1.5945812e+01  -1.7055738e+02   7.0483542e+00   1.0809608e+02  -7.4940678e+01   1.0998145e+02
   2.7000000e+01  -1.4635882e+01  -1.7060168e+02   6.3642374e+00   1.0895658e+02  -7.4102417e+01   1.0666962e+02
   2.7000000e+01  -1.4222092e+01  -1.7048503e+02   6.3739928e+00   1.0997289e+02  -7.2917861e+01   1.0375890e+02
   2.7000000e+01  -1.4210476e+01  -1.7184459e+02   6.6458264e+00   1.1095921e+02  -7.1652205e+01   1.0132435e+02
   2.7000000e+01  -1.5156457e+01  -1.7250088e+02   6.9359404e+00   1.1193117e+02  -7.0399965e+01   9.8901228e+01
   2.7000000e+01  -1.7481234e+01  -1.7181294e+02   6.7653070e+00   1.1268367e+02  -6.9633274e+01   9.7514183e+01
   2.7000000e+01  -1.7303250e+01  -1.6923118e+02   5.4438275e+00   1.1337873e+02  -6.9344002e+01   9.6908527e+01
   2.7000000e+01  -1.4612586e+01  -1.7118400e+02   4.9391998e+00   1.1383627e+02  -6.8785188e+01   9.8587925e+01
   2.7000000e+01  -1.4302063e+01  -1.7092981e+02   3.8251111e+00   1.1257195e+02  -6.9967621e+01   1.0614372e+02
   2.7000000e+01  -9.2935710e+00  -1.6740071e+02   1.0837150e+00   1.0872765e+02  -6.8949848e+01   1.1803137e+02
   2.7000000e+01  -3.4426516e+00  -1.6711128e+02  -1.3842634e+00   1.0219758e+02  -6.7954674e+01   1.3016136e+02
   2.7000000e+01  -9.9585085e-01  -1.6807963e+02   2.9029798e+00   9.4066944e+01  -6.4547320e+01   1.4251984e+02
   2.7000000e+01  -5.5989771e+00  -1.7131158e+02   3.4437734e+00   9.1666287e+01  -6.1952554e+01   1.5485862e+02
   2.7000000e+01  -1.0563420e+01  -1.7961080e+02   4.6129214e+00   9.2102684e+01  -6.0055957e+01   1.6608310e+02
   2.7000000e+01  -1.6369708e+01  -1.8891204e+02   5.6269146e+00   9.5311828e+01  -5.7193042e+01   1.7683687e+02
   2.7000000e+01  -1.9374424e+01  -1.9977276e+02   6.4037063e+00   9.9577375e+01  -5.4317433e+01   1.8736415e+02
   2.7000000e+01  -2.1843774e+01  -2.0855643e+02   5.3530029e+00   1.0589834e+02  -5.1776445e+01   1.9839747e+02
   2.7000000e+01  -2.5747044e+01  -2.1837092e+02   6.1849262e+00   1.1278018e+02  -4.7377090e+01   2.0894021e+02
   2.7000000e+01  -2.8508642e+01  -2.2778498e+02   8.1957931e+00   1.2015780e+02  -4.1833490e+01   2.1905026e+02
   2.7000000e+01  -2.9834606e+01  -2.3707571e+02   1.1094756e+01   1.2764525e+02  -3.5542803e+01   2.2752715e+02
   2.7000000e+01  -2.9780378e+01  -2.4333122e+02   1.4014639e+01   1.3507541e+02  -2.9263088e+01   2.3473566e+02
   2.7000000e+01  -3.0080559e+01  -2.4456863e+02   1.6246604e+01   1.4245013e+02  -2.3482745e+01   2.3400454e+02
   2.7000000e+01  -3.1732594e+01  -2.4432533e+02   1.4711438e+01   1.4885768e+02  -2.1364030e+01   2.2508278e+02
   2.7000000e+01  -3.2126000e+01  -2.4210301e+02   1.0101042e+01   1.5531791e+02  -2.2858117e+01   2.1531051e+02
   2.7000000e+01  -3.1918918e+01  -2.4222571e+02   6.8615495e+00   1.5975910e+02  -2.4809105e+01   2.0472617e+02
   2.7000000e+01  -3.3287595e+01  -2.3950602e+02   3.3308423e+00   1.6186190e+02  -2.8061139e+01   1.9361446e+02
   2.7000000e+01  -3.1739214e+01  -2.3724493e+02   2.9526104e+00   1.6052013e+02  -3.2619214e+01   1.8346626e+02
   2.7000000e+01  -3.2180352e+01  -2.3340619e+02   2.7940480e+00   1.5866074e+02  -3.7884472e+01   1.7633237e+02
   2.7000000e+01  -3.2017006e+01  -2.2882572e+02   4.6516525e+00   1.5577540e+02  -4.3104508e+01   1.7298231e+02
   2.7000000e+01  -3.3974161e+01  -2.2637807e+02   5.6707982e+00   1.5614020e+02  -4.8339336e+01   1.6931422e+02
   2.7000000e+01  -3.3530895e+01  -2.2405696e+02   9.0492547e+00   1.5518094e+02  -5.4365720e+01   1.6585423e+02
   2.7000000e+01  -3.3197615e+01  -2.2174178e+02   1.4319634e+01   1.5336438e+02  -6.1207456e+01   1.6248393e+02
   2.7000000e+01  -3.0212610e+01  -2.1662055e+02   1.7969162e+01   1.4708191e+02  -6.8285501e+01   1.5726384e+02
   2.7000000e+01  -2.5325812e+01  -2.1052591e+02   2.0075411e+01   1.3791002e+02  -7.1398930e+01   1.5294918e+02
   2.7000000e+01  -2.4558343e+01  -2.0073483e+02   2.1496432e+01   1.3047403e+02  -7.5581697e+01   1.4771187e+02
   2.7000000e+01  -2.1455474e+01  -1.9352970e+02   2.3474422e+01   1.2312869e+02  -7.8840711e+01   1.4262988e+02
   2.7000000e+01  -2.0067040e+01  -1.8677023e+02   2.5070572e+01   1.1700769e+02  -8.2380328e+01   1.3786822e+02
   2.7000000e+01  -1.8936605e+01  -1.8093790e+02   2.4923162e+01   1.1327336e+02  -8.5618596e+01   1.3289592e+02
   2.7000000e+01  -1.7118701e+01  -1.7693928e+02   2.3961676e+01   1.1178120e+02  -8.6831378e+01   1.2900952e+02
   2.7000000e+01  -1.4549441e+01  -1.7480936e+02   2.1696776e+01   1.1090240e+02  -8.6848698e+01   1.2495115e+02
   2.7000000e+01  -1.4043050e+01  -1.7314736e+02   1.9711464e+01   1.1086895e+02  -8.6479503e+01   1.2197099e+02
   2.7000000e+01  -1.3463694e+01  -1.7338829e+02   1.8228176e+01   1.1124689e+02  -8.5868511e+01   1.1854242e+02
   2.7000000e+01  -1.3948835e+01  -1.7305007e+02   1.6823681e+01   1.1164476e+02  -8.5243248e+01   1.1507986e+02
   2.7000000e+01  -1.5249399e+01  -1.7334019e+02   1.5738177e+01   1.1241953e+02  -8.4529900e+01   1.1213121e+02
   2.7000000e+01  -1.5133541e+01  -1.7354542e+02   1.4634021e+01   1.1338272e+02  -8.3858143e+01   1.0963141e+02
   2.7000000e+01  -1.4538207e+01  -1.7399414e+02   1.3543555e+01   1.1435792e+02  -8.3167638e+01   1.0712616e+02
   2.7000000e+01  -1.3401897e+01  -1.7469544e+02   1.2462858e+01   1.1533137e+02  -8.2455167e+01   1.0461448e+02
   2.7000000e+01  -1.2314496e+01  -1.7363310e+02   1.1707878e+01   1.1628492e+02  -8.1475282e+01   1.0191159e+02
   2.7000000e+01  -1.2157966e+01  -1.7365522e+02   1.1176825e+01   1.1716920e+02  -8.0303331e+01   9.9561346e+01
   2.7000000e+01  -1.0449775e+01  -1.7144646e+02   1.1737879e+01   1.1810444e+02  -7.8491971e+01   9.7629741e+01
   2.7000000e+01  -1.0817041e+01  -1.7136581e+02   1.2201467e+01   1.1890449e+02  -7.6858152e+01   9.6657522e+01
   2.7000000e+01  -1.3184100e+01  -1.7295273e+02   1.2323440e+01   1.1960752e+02  -7.5509388e+01   9.6375952e+01
   2.7000000e+01  -1.2280329e+01  -1.7222685e+02   1.1944481e+01   1.2031334e+02  -7.4553121e+01   9.6782264e+01
   2.7000000e+01  -1.0111711e+01  -1.7152641e+02   1.0937517e+01   1.2100916e+02  -7.3879968e+01   9.8647535e+01
   2.7000000e+01  -9.2577208e+00  -1.7200659e+02   1.0375172e+01   1.2175620e+02  -7.3099536e+01   1.0076398e+02
   2.7000000e+01  -8.2671312e+00  -1.7189774e+02   1.0077476e+01   1.2242076e+02  -7.2347664e+01   1.0340709e+02
   2.7000000e+01  -9.5024326e+00  -1.7232205e+02   9.2844864e+00   1.2249079e+02  -7.2429860e+01   1.0630296e+02
   2.7000000e+01  -7.3763433e+00  -1.7094847e+02   5.5934568e+00   1.1759421e+02  -7.4061500e+01   1.1589786e+02
   2.7000000e+01  -4.4499816e+00  -1.7051484e+02   2.5794657e+00   1.1158282e+02  -7.4646781e+01   1.2786373e+02
   2.7000000e+01  -2.0689673e+00  -1.6961141e+02   2.0673154e+00   1.0510879e+02  -7.1143145e+01   1.4025452e+02
   2.7000000e+01  -6.8489734e+00  -1.7525992e+02   5.6834726e+00   1.0157329e+02  -6.8001703e+01   1.5200720e+02
   2.7000000e+01  -1.3757972e+01  -1.8484934e+02   8.2449832e+00   1.0307473e+02  -6.5268093e+01   1.6235173e+02
   2.7000000e+01  -2.0403339e+01  -1.9612545e+02   8.4439489e+00   1.0542198e+02  -6.3150508e+01   1.7248067e+02
   2.7000000e+01  -2.7144845e+01  -2.0751938e+02   8.0144730e+00   1.0991183e+02  -6.0164562e+01   1.8196770e+02
   2.7000000e+01  -2.8385833e+01  -2.1773714e+02   7.2788054e+00   1.1766051e+02  -5.5994685e+01   1.9222315e+02
   2.7000000e+01  -3.1846341e+01  -2.2744417e+02   8.0903313e+00   1.2664521e+02  -5.1123052e+01   2.0170104e+02
   2.7000000e+01  -3.1120529e+01  -2.3523401e+02   9.9268961e+00   1.3590903e+02  -4.5491331e+01   2.1008927e+02
   2.7000000e+01  -3.0413386e+01  -2.4137102e+02   1.2209083e+01   1.4504539e+02  -3.9721455e+01   2.1646979e+02
