   3.5150000e+01   4.5907285e+00  -1.4561347e+02   1.5082829e+00   6.2317250e+01  -5.6828196e+01   1.1906425e+02
   3.0399536e+01   2.6213507e+00  -1.4941572e+02  -6.6002112e+00   6.6705837e+01  -4.9377220e+01   1.3094657e+02
   2.5649072e+01   6.5197295e-01  -1.5321797e+02  -1.4708705e+01   7.1094425e+01  -4.1926244e+01   1.4282889e+02
   2.4219808e+01  -4.9549740e+00  -1.5725941e+02  -2.2744996e+01   7.5420274e+01  -3.4551146e+01   1.5451802e+02
   2.7000000e+01  -8.0000000e+00  -1.6840413e+02  -1.8405493e+01   7.2199027e+01  -3.2613181e+01   1.6573086e+02
   2.7000000e+01  -8.0000000e+00  -1.7350474e+02  -1.8509593e+01   7.3288777e+01  -3.2246014e+01   1.7682057e+02
   2.7000000e+01  -8.0000000e+00  -1.7860839e+02  -1.7650012e+01   7.5217771e+01  -3.1135351e+01   1.8568405e+02
   2.7000000e+01  -8.0000000e+00  -1.8330803e+02  -1.8257468e+01   7.7754718e+01  -3.0609086e+01   1.9140911e+02
   2.7000000e+01  -8.0000000e+00  -1.9010447e+02  -1.7537741e+01   8.1173412e+01  -2.8685657e+01   1.9568849e+02
   2.7000000e+01  -8.0000000e+00  -2.0001234e+02  -1.5925619e+01   8.4937350e+01  -2.5396043e+01   2.0046696e+02
   2.7000000e+01  -8.0000000e+00  -2.1012100e+02  -1.3539773e+01   8.8575836e+01  -2.1113554e+01   2.0622459e+02
   2.7000000e+01  -8.0000000e+00  -2.2118706e+02  -1.0110825e+01   9.2418521e+01  -1.5910711e+01   2.1148810e+02
   2.7000000e+01  -8.0000000e+00  -2.3184588e+02  -6.2561337e+00   9.6000520e+01  -1.0617038e+01   2.1769362e+02
   2.7000000e+01  -8.0000000e+00  -2.4209313e+02  -1.4576492e+00   9.9729817e+01  -4.6690356e+00   2.2272193e+02
   2.7000000e+01  -8.0000000e+00  -2.5044421e+02   6.3826970e+00   1.0430677e+02   3.2178288e+00   2.1921969e+02
   2.7000000e+01  -8.0000000e+00  -2.5280725e+02   6.0943306e+00   1.0733378e+02   4.2950254e+00   2.1636794e+02
   2.7000000e+01  -8.0000000e+00  -2.5059587e+02   3.8295626e+00   1.1039592e+02   3.8204055e+00   2.1210642e+02
   2.7000000e+01  -8.0000000e+00  -2.4726777e+02   8.5164000e-01   1.1323463e+02   2.7122248e+00   2.0550602e+02
   2.7000000e+01  -8.0000000e+00  -2.4297486e+02  -2.3005144e+00   1.1570475e+02   1.2419533e+00   1.9794911e+02
   2.7000000e+01  -8.0000000e+00  -2.3791873e+02  -5.5849990e+00   1.1713224e+02  -6.0109364e-01   1.8978952e+02
   2.7000000e+01  -8.0000000e+00  -2.3273942e+02  -8.5743280e+00   1.1823577e+02  -2.3943296e+00   1.8255394e+02
   2.7000000e+01  -8.0000000e+00  -2.2812206e+02  -1.1189831e+01   1.1795795e+02  -3.9868529e+00   1.7525627e+02
   2.7000000e+01  -8.0000000e+00  -2.2131061e+02  -1.3696873e+01   1.1612184e+02  -5.8080499e+00   1.6832957e+02
   2.7000000e+01  -8.0000000e+00  -2.1484822e+02  -1.6318069e+01   1.1385833e+02  -7.8820828e+00   1.6147193e+02
   2.7000000e+01  -8.0000000e+00  -2.0616057e+02  -1.9138011e+01   1.1092354e+02  -1.0164564e+01   1.5486196e+02
   2.7000000e+01  -8.0000000e+00  -1.9599221e+02  -2.2436519e+01   1.0720802e+02  -1.2982636e+01   1.4873978e+02
   2.7000000e+01  -8.0000000e+00  -1.8865707e+02  -2.4404917e+01   1.0425706e+02  -1.5625522e+01   1.4333350e+02
   2.7000000e+01  -8.0000000e+00  -1.7874421e+02  -2.4628585e+01   1.0004446e+02  -2.1461801e+01   1.3626556e+02
   2.7000000e+01  -8.0000000e+00  -1.7459423e+02  -2.1839697e+01   9.9168210e+01  -2.7294531e+01   1.3131492e+02
   2.7000000e+01  -8.0000000e+00  -1.7151845e+02  -2.1135931e+01   9.8679018e+01  -3.0955363e+01   1.2735132e+02
   2.7000000e+01  -8.0000000e+00  -1.6883620e+02  -2.0777034e+01   9.8359692e+01  -3.3570084e+01   1.2265230e+02
   2.7000000e+01  -8.0000000e+00  -1.6705559e+02  -2.0488398e+01   9.8680107e+01  -3.5373717e+01   1.1879588e+02
   2.7000000e+01  -8.0000000e+00  -1.6363608e+02  -1.9988555e+01   9.9232680e+01  -3.7149669e+01   1.1376919e+02
   2.7000000e+01  -8.0000000e+00  -1.7089798e+02  -1.9234561e+01   1.0007294e+02  -3.8479039e+01   1.0785671e+02
   2.7000000e+01  -8.0000000e+00  -1.7174259e+02  -1.8461372e+01   1.0101576e+02  -3.9150752e+01   1.0232792e+02
   2.7000000e+01  -8.0000000e+00  -1.7144582e+02  -1.7392586e+01   1.0179518e+02  -3.9141200e+01   9.8446238e+01
   2.7000000e+01  -8.0000000e+00  -1.7129034e+02  -1.6084013e+01   1.0231807e+02  -3.8913569e+01   9.5781009e+01
   2.7000000e+01  -8.0000000e+00  -1.6644035e+02  -1.4173267e+01   1.0270090e+02  -3.8964719e+01   9.3902759e+01
   2.7000000e+01  -8.0000000e+00  -1.6830567e+02  -1.3793956e+01   1.0290246e+02  -3.9379080e+01   9.3254548e+01
   2.7000000e+01  -8.0000000e+00  -1.6653981e+02  -1.3441003e+01   1.0309912e+02  -3.9750590e+01   9.2698661e+01
   2.7000000e+01  -8.0000000e+00  -1.6630771e+02  -1.2874364e+01   1.0327204e+02  -4.0119203e+01   9.3546339e+01
   2.7000000e+01  -8.0000000e+00  -1.6903198e+02  -1.2233725e+01   1.0347868e+02  -4.0541208e+01   9.4818092e+01
   2.7000000e+01  -8.0000000e+00  -1.7088863e+02  -1.1732264e+01   1.0374215e+02  -4.1193020e+01   9.6352762e+01
   2.7000000e+01  -8.0000000e+00  -1.7421120e+02  -1.0884878e+01   1.0412678e+02  -4.2300305e+01   9.9124917e+01
   2.7000000e+01  -8.0000000e+00  -1.7145690e+02  -1.1206729e+01   1.0411531e+02  -4.4660743e+01   1.0450002e+02
   2.7000000e+01  -8.0000000e+00  -1.8129295e+02  -1.0107525e+01   1.0446723e+02  -4.6268920e+01   1.1243753e+02
   2.7000000e+01  -8.0000000e+00  -1.8718761e+02  -1.2402171e+01   1.0827239e+02  -4.9191467e+01   1.2240257e+02
   2.7000000e+01  -8.0000000e+00  -1.8532047e+02  -1.5030473e+01   1.1242048e+02  -5.2817399e+01   1.3374661e+02
   2.7000000e+01  -8.0000000e+00  -1.8488338e+02  -2.0409939e+01   1.1778769e+02  -5.7082896e+01   1.4587167e+02
   2.7000000e+01  -8.0000000e+00  -1.8602531e+02  -2.1729118e+01   1.2287814e+02  -5.8060230e+01   1.5804394e+02
   2.7000000e+01  -8.0000000e+00  -1.8770355e+02  -2.0181975e+01   1.2217189e+02  -5.6680519e+01   1.6939237e+02
   2.7000000e+01  -8.0000000e+00  -1.9084483e+02  -1.7691136e+01   1.2111558e+02  -5.3805428e+01   1.7932277e+02
   2.7000000e+01  -8.0000000e+00  -1.9737075e+02  -1.4966480e+01   1.1918112e+02  -4.9932769e+01   1.8804445e+02
   2.7000000e+01  -8.0000000e+00  -2.0571732e+02  -1.1131871e+01   1.1754227e+02  -4.4802723e+01   1.9462223e+02
   2.7000000e+01  -8.0000000e+00  -2.1493794e+02  -6.7312591e+00   1.1839362e+02  -3.8882425e+01   2.0174251e+02
   2.7000000e+01  -8.0000000e+00  -2.2536936e+02  -1.6235301e+00   1.2010857e+02  -3.2656114e+01   2.0844272e+02
   2.7000000e+01  -8.0000000e+00  -2.3581124e+02   4.2920047e+00   1.2226639e+02  -2.5675538e+01   2.1458484e+02
   2.7000000e+01  -8.0000000e+00  -2.4504133e+02   1.1374113e+01   1.2543849e+02  -1.7991311e+01   2.1728355e+02
   2.7000000e+01  -8.0000000e+00  -2.5217672e+02   1.5780363e+01   1.2712140e+02  -1.2766737e+01   2.1495665e+02
   2.7000000e+01  -8.0000000e+00  -2.5320668e+02   1.4605822e+01   1.2937141e+02  -1.2325420e+01   2.1153125e+02
   2.7000000e+01  -8.0000000e+00  -2.5049123e+02   1.1726923e+01   1.3148430e+02  -1.3509682e+01   2.0543380e+02
   2.7000000e+01  -8.0000000e+00  -2.4949974e+02   9.1141410e+00   1.3253780e+02  -1.4573381e+01   1.9837579e+02
   2.7000000e+01  -8.0000000e+00  -2.4555540e+02   6.1105556e+00   1.3261016e+02  -1.6260085e+01   1.9062866e+02
   2.7000000e+01  -8.0000000e+00  -2.4049760e+02   3.2350487e+00   1.3108574e+02  -1.8067041e+01   1.8305689e+02
   2.7000000e+01  -8.0000000e+00  -2.3478374e+02   5.3740106e-01   1.2950300e+02  -1.9697383e+01   1.7614568e+02
   2.7000000e+01  -8.0000000e+00  -2.2972032e+02  -1.1813653e+00   1.2714224e+02  -2.0701824e+01   1.7084853e+02
   2.7000000e+01  -8.0000000e+00  -2.2294933e+02  -3.4122853e+00   1.2313375e+02  -2.2244879e+01   1.6572421e+02
   2.7000000e+01  -8.0000000e+00  -2.1501587e+02  -5.5266663e+00   1.1874612e+02  -2.3838466e+01   1.6134032e+02
   2.7000000e+01  -8.0000000e+00  -2.0477166e+02  -7.1171123e+00   1.1343282e+02  -2.5492758e+01   1.5547710e+02
   2.7000000e+01  -8.0000000e+00  -1.9549485e+02  -7.1421728e+00   1.0787562e+02  -2.8751950e+01   1.5127864e+02
   2.7000000e+01  -8.0000000e+00  -1.8949468e+02  -5.9106403e+00   1.0468241e+02  -3.2403521e+01   1.4689516e+02
   2.7000000e+01  -8.0000000e+00  -1.8141544e+02  -4.6047903e+00   1.0174287e+02  -3.8363183e+01   1.4195801e+02
   2.7000000e+01  -8.0000000e+00  -1.7396902e+02  -4.4715972e+00   9.9287795e+01  -4.4923228e+01   1.3618218e+02
   2.7000000e+01  -8.0000000e+00  -1.7230270e+02  -3.3978605e+00   9.9893408e+01  -4.8819449e+01   1.3221445e+02
   2.7000000e+01  -8.0000000e+00  -1.7002552e+02  -1.4586929e+00   1.0057362e+02  -5.1554787e+01   1.2833375e+02
   2.7000000e+01  -8.0000000e+00  -1.7083874e+02   6.3414936e-02   1.0162509e+02  -5.3276807e+01   1.2589314e+02
   2.7000000e+01  -8.0000000e+00  -1.7016664e+02  -1.8336540e-01   1.0240341e+02  -5.5133179e+01   1.2311126e+02
   2.7000000e+01  -8.0000000e+00  -1.7004474e+02  -1.2587376e+00   1.0305529e+02  -5.6275208e+01   1.2108039e+02
   2.7000000e+01  -8.0000000e+00  -1.7054193e+02  -1.6541343e+00   1.0427636e+02  -5.6538926e+01   1.1917377e+02
   2.7000000e+01  -8.0000000e+00  -1.6956402e+02  -2.8966843e+00   1.0524699e+02  -5.7113092e+01   1.1769389e+02
   2.7000000e+01  -8.0000000e+00  -1.7022664e+02  -4.0957624e+00   1.0625016e+02  -5.7617464e+01   1.1618824e+02
   2.7000000e+01  -8.0000000e+00  -1.6715186e+02  -5.1851784e+00   1.0725200e+02  -5.8034173e+01   1.1447743e+02
   2.7000000e+01  -8.0000000e+00  -1.6604501e+02  -5.2589093e+00   1.0809985e+02  -5.8053670e+01   1.1200790e+02
   2.7000000e+01  -8.0000000e+00  -1.6802566e+02  -4.1350921e+00   1.0923273e+02  -5.7458279e+01   1.0916499e+02
   2.7000000e+01  -8.0000000e+00  -1.6838594e+02  -3.0590323e+00   1.1036885e+02  -5.6912488e+01   1.0634781e+02
   2.7000000e+01  -8.0000000e+00  -1.7078674e+02  -2.1311565e+00   1.1143525e+02  -5.6478211e+01   1.0386267e+02
   2.7000000e+01  -8.0000000e+00  -1.7021681e+02  -1.2729391e+00   1.1216282e+02  -5.6676849e+01   1.0297500e+02
   2.7000000e+01  -8.0000000e+00  -1.7066186e+02  -5.1049849e-01   1.1287818e+02  -5.6968437e+01   1.0231880e+02
   2.7000000e+01  -8.0000000e+00  -1.7041423e+02   2.0473057e-01   1.1355904e+02  -5.7366503e+01   1.0179700e+02
   2.7000000e+01  -8.0000000e+00  -1.6980908e+02   9.2911444e-02   1.1384835e+02  -5.8429709e+01   1.0304745e+02
   2.7000000e+01  -8.0000000e+00  -1.6890214e+02  -3.5616994e+00   1.0996496e+02  -6.1067848e+01   1.1254905e+02
   2.7000000e+01  -8.0000000e+00  -1.7472649e+02  -5.3469425e+00   1.1087353e+02  -6.1271931e+01   1.2295738e+02
   2.7000000e+01  -8.0000000e+00  -1.7990703e+02  -8.4560378e+00   1.1104244e+02  -6.3181104e+01   1.3445044e+02
   2.7000000e+01  -8.0000000e+00  -1.8375047e+02  -1.1135427e+01   1.1443146e+02  -6.5784091e+01   1.4623886e+02
   2.7000000e+01  -8.0000000e+00  -1.8241564e+02  -1.1968607e+01   1.1674182e+02  -6.6211766e+01   1.5807288e+02
   2.7000000e+01  -8.0000000e+00  -1.8397860e+02  -1.0727593e+01   1.1678826e+02  -6.4030549e+01   1.6983481e+02
   2.7000000e+01  -8.0000000e+00  -1.8700951e+02  -8.9018475e+00   1.1578236e+02  -6.1405240e+01   1.8122935e+02
   2.7000000e+01  -8.0000000e+00  -1.9136147e+02  -6.1651278e+00   1.1323662e+02  -5.7502786e+01   1.8922488e+02
   2.7000000e+01  -8.0000000e+00  -1.9956707e+02  -3.4376119e+00   1.1295762e+02  -5.2984653e+01   1.9689450e+02
   2.7000000e+01  -8.0000000e+00  -2.0939546e+02   2.1733336e-01   1.1381632e+02  -4.7521649e+01   2.0500110e+02
   2.7000000e+01  -8.0000000e+00  -2.2018075e+02   5.5263059e+00   1.1456695e+02  -4.0680624e+01   2.0909805e+02
   2.7000000e+01  -8.0000000e+00  -2.3114813e+02   1.1411500e+01   1.1583878e+02  -3.3482069e+01   2.1171261e+02
   2.7000000e+01  -8.0000000e+00  -2.4155053e+02   1.7800454e+01   1.1890362e+02  -2.5878237e+01   2.1488350e+02
   2.7000000e+01  -8.0000000e+00  -2.4884635e+02   2.2705584e+01   1.2155078e+02  -1.9925406e+01   2.1275522e+02
   2.7000000e+01  -8.0000000e+00  -2.4885666e+02   2.0835410e+01   1.2401925e+02  -1.9970843e+01   2.0904613e+02
   2.7000000e+01  -8.0000000e+00  -2.4632651e+02   1.7932937e+01   1.2644438e+02  -2.1113806e+01   2.0339744e+02
   2.7000000e+01  -8.0000000e+00  -2.4263746e+02   1.4785144e+01   1.2820826e+02  -2.2788558e+01   1.9604932e+02
   2.7000000e+01  -8.0000000e+00  -2.3795973e+02   1.2147773e+01   1.2797095e+02  -2.4740214e+01   1.8830784e+02
   2.7000000e+01  -8.0000000e+00  -2.3200880e+02   9.7356163e+00   1.2573552e+02  -2.7125095e+01   1.7992254e+02
   2.7000000e+01  -8.0000000e+00  -2.2578208e+02   8.7802957e+00   1.2316534e+02  -2.8724280e+01   1.7383135e+02
   2.7000000e+01  -8.0000000e+00  -2.1782278e+02   7.2841739e+00   1.1962596e+02  -3.1081353e+01   1.6811482e+02
   2.7000000e+01  -8.0000000e+00  -2.0860514e+02   7.5769832e+00   1.1442440e+02  -3.4105744e+01   1.6180355e+02
   2.7000000e+01  -8.0000000e+00  -1.9895286e+02   7.6655792e+00   1.0887566e+02  -3.8199019e+01   1.5484789e+02
   2.7000000e+01  -8.0000000e+00  -1.9220569e+02   7.5723378e+00   1.0545533e+02  -4.3363151e+01   1.4882231e+02
   2.7000000e+01  -8.0000000e+00  -1.8106849e+02   7.4686430e+00   1.0232231e+02  -4.8845941e+01   1.4432902e+02
   2.7000000e+01  -8.0000000e+00  -1.7777320e+02   9.4659263e+00   1.0160938e+02  -5.4259159e+01   1.3984352e+02
   2.7000000e+01  -8.0000000e+00  -1.7138381e+02   1.0991674e+01   9.9960541e+01  -5.9560576e+01   1.3530392e+02
   2.7000000e+01  -8.0000000e+00  -1.6966265e+02   1.0710711e+01   9.9788721e+01  -6.2732885e+01   1.3135772e+02
   2.7000000e+01  -8.0000000e+00  -1.6890062e+02   1.0707175e+01   1.0042341e+02  -6.4850784e+01   1.2889102e+02
   2.7000000e+01  -8.0000000e+00  -1.6905286e+02   8.6124076e+00   1.0156002e+02  -6.6594154e+01   1.2585395e+02
   2.7000000e+01  -8.0000000e+00  -1.6945490e+02   8.1631799e+00   1.0293477e+02  -6.7039993e+01   1.2239051e+02
   2.7000000e+01  -8.0000000e+00  -1.6654380e+02   7.7655770e+00   1.0422491e+02  -6.7541157e+01   1.1876294e+02
   2.7000000e+01  -8.0000000e+00  -1.6637603e+02   7.1413222e+00   1.0540943e+02  -6.8106472e+01   1.1542644e+02
   2.7000000e+01  -8.0000000e+00  -1.6652991e+02   6.1059919e+00   1.0645180e+02  -6.8571638e+01   1.1334548e+02
   2.7000000e+01  -8.0000000e+00  -1.6847905e+02   5.1125729e+00   1.0751159e+02  -6.8919922e+01   1.1116436e+02
   2.7000000e+01  -8.0000000e+00  -1.6818278e+02   4.2167500e+00   1.0859000e+02  -6.9154852e+01   1.0883606e+02
   2.7000000e+01  -8.0000000e+00  -1.7012958e+02   3.9688470e+00   1.1000469e+02  -6.8517076e+01   1.0593633e+02
   2.7000000e+01  -8.0000000e+00  -1.7277425e+02   3.6970059e+00   1.1138619e+02  -6.7863500e+01   1.0331339e+02
   2.7000000e+01  -8.0000000e+00  -1.7246278e+02   3.4829506e+00   1.1260302e+02  -6.7130841e+01   1.0257396e+02
   2.7000000e+01  -8.0000000e+00  -1.7290106e+02   3.2829575e+00   1.1382175e+02  -6.6391802e+01   1.0188269e+02
   2.7000000e+01  -8.0000000e+00  -1.7491907e+02   3.1465666e+00   1.1501556e+02  -6.5658444e+01   1.0135055e+02
   2.7000000e+01  -8.0000000e+00  -1.7486867e+02   4.2664013e+00   1.1621466e+02  -6.4694124e+01   1.0163737e+02
   2.7000000e+01  -8.0000000e+00  -1.7419419e+02   4.5477399e+00   1.1726875e+02  -6.4690078e+01   1.0171734e+02
   2.7000000e+01  -8.0000000e+00  -1.7297719e+02   4.8534771e+00   1.1800633e+02  -6.5101144e+01   1.0294791e+02
   2.7000000e+01  -8.0000000e+00  -1.7250120e+02   6.6385788e+00   1.1854004e+02  -6.5661455e+01   1.0418008e+02
   2.7000000e+01  -8.0000000e+00  -1.7054483e+02   8.9925088e+00   1.1780708e+02  -6.8626935e+01   1.0605804e+02
   2.7000000e+01  -8.0000000e+00  -1.7197824e+02   8.6835310e+00   1.1765430e+02  -7.1334426e+01   1.0938119e+02
   2.7000000e+01  -8.0000000e+00  -1.7666067e+02   4.4190724e+00   1.1518992e+02  -7.3488963e+01   1.1854382e+02
   2.7000000e+01  -8.0000000e+00  -1.8209904e+02   2.1351021e+00   1.2076980e+02  -7.4077986e+01   1.2943059e+02
   2.7000000e+01  -8.0000000e+00  -1.8611871e+02  -2.3242713e+00   1.2175271e+02  -7.8890796e+01   1.4089621e+02
   2.7000000e+01  -8.0000000e+00  -1.8805869e+02  -5.0956908e+00   1.2720659e+02  -8.0682366e+01   1.5255953e+02
   2.7000000e+01  -8.0000000e+00  -1.8533509e+02  -4.3355807e+00   1.2728780e+02  -7.8368788e+01   1.6433716e+02
   2.7000000e+01  -8.0000000e+00  -1.8793050e+02  -2.5917748e+00   1.2406417e+02  -7.5138893e+01   1.7512800e+02
   2.7000000e+01  -8.0000000e+00  -1.8965150e+02  -1.5581762e+00   1.2066656e+02  -7.2273613e+01   1.8424948e+02
   2.7000000e+01  -8.0000000e+00  -1.9538815e+02   7.5129655e-01   1.1803971e+02  -6.7850003e+01   1.9194754e+02
   2.7000000e+01  -8.0000000e+00  -2.0117714e+02   2.5969322e+00   1.1575175e+02  -6.3648874e+01   1.9581068e+02
   2.7000000e+01  -8.0000000e+00  -2.1113729e+02   7.3995039e+00   1.1545425e+02  -5.6810410e+01   2.0079868e+02
   2.7000000e+01  -8.0000000e+00  -2.2252383e+02   1.4402897e+01   1.1528681e+02  -4.8767592e+01   2.0194150e+02
   2.7000000e+01  -8.0000000e+00  -2.3419614e+02   2.2214003e+01   1.1603581e+02  -4.0005898e+01   2.0027044e+02
   2.7000000e+01  -8.0000000e+00  -2.4414094e+02   2.7909385e+01   1.1740658e+02  -3.3349534e+01   1.9652803e+02
   2.7000000e+01  -8.0000000e+00  -2.4686926e+02   2.7381219e+01   1.1998253e+02  -3.2053738e+01   1.9322360e+02
   2.7000000e+01  -8.0000000e+00  -2.4722610e+02   2.4827636e+01   1.2299521e+02  -3.2502188e+01   1.8982671e+02
   2.7000000e+01  -8.0000000e+00  -2.4508352e+02   2.2218336e+01   1.2554402e+02  -3.3497935e+01   1.8417658e+02
   2.7000000e+01  -8.0000000e+00  -2.4174855e+02   1.9074619e+01   1.2654938e+02  -3.5383629e+01   1.7737475e+02
   2.7000000e+01  -8.0000000e+00  -2.3762513e+02   1.6690283e+01   1.2530016e+02  -3.7245719e+01   1.7032737e+02
   2.7000000e+01  -8.0000000e+00  -2.3235586e+02   1.4539525e+01   1.2409142e+02  -3.9008687e+01   1.6447416e+02
   2.7000000e+01  -8.0000000e+00  -2.2701323e+02   1.3222095e+01   1.2060776e+02  -4.1083706e+01   1.5897148e+02
   2.7000000e+01  -8.0000000e+00  -2.2122746e+02   1.2228686e+01   1.1670749e+02  -4.2981419e+01   1.5530838e+02
   2.7000000e+01  -8.0000000e+00  -2.1195013e+02   1.1889063e+01   1.1267063e+02  -4.4830167e+01   1.5113662e+02
   2.7000000e+01  -8.0000000e+00  -2.0169222e+02   1.0353743e+01   1.0684642e+02  -4.8217109e+01   1.4689415e+02
   2.7000000e+01  -8.0000000e+00  -1.9277592e+02   1.0409379e+01   1.0206207e+02  -5.1318258e+01   1.4188319e+02
   2.7000000e+01  -8.0000000e+00  -1.8738264e+02   1.0380196e+01   9.7509476e+01  -5.5618322e+01   1.3814144e+02
   2.7000000e+01  -8.0000000e+00  -1.7745450e+02   1.1609455e+01   9.3859643e+01  -6.1348298e+01   1.3376742e+02
   2.7000000e+01  -8.0000000e+00  -1.7412427e+02   1.2501111e+01   9.1936309e+01  -6.6777536e+01   1.3065010e+02
   2.7000000e+01  -8.0000000e+00  -1.7221956e+02   1.4054827e+01   9.0677632e+01  -7.1441141e+01   1.2642712e+02
   2.7000000e+01  -8.0000000e+00  -1.7019346e+02   1.6981707e+01   9.1581642e+01  -7.4659917e+01   1.2403586e+02
   2.7000000e+01  -8.0000000e+00  -1.6898501e+02   1.9208176e+01   9.2064604e+01  -7.8036891e+01   1.2175634e+02
   2.7000000e+01  -8.0000000e+00  -1.6973148e+02   1.9097210e+01   9.1754448e+01  -8.0122692e+01   1.1930886e+02
   2.7000000e+01  -8.0000000e+00  -1.6960092e+02   1.9344465e+01   9.3098515e+01  -8.0330877e+01   1.1734487e+02
   2.7000000e+01  -8.0000000e+00  -1.7020911e+02   1.9966518e+01   9.4434647e+01  -7.9815620e+01   1.1490517e+02
   2.7000000e+01  -8.0000000e+00  -1.7117450e+02   2.0116992e+01   9.5339115e+01  -7.9520045e+01   1.1347504e+02
   2.7000000e+01  -8.0000000e+00  -1.7199218e+02   1.9727072e+01   9.5927981e+01  -7.9419386e+01   1.1275442e+02
   2.7000000e+01  -8.0000000e+00  -1.7148582e+02   1.9355656e+01   9.6263977e+01  -7.8917551e+01   1.1092850e+02
   2.7000000e+01  -8.0000000e+00  -1.7297509e+02   1.9205934e+01   9.6720454e+01  -7.7785556e+01   1.1009360e+02
   2.7000000e+01  -8.0000000e+00  -1.7422428e+02   1.8923026e+01   9.7208559e+01  -7.6577795e+01   1.0868858e+02
   2.7000000e+01  -8.0000000e+00  -1.7315866e+02   1.7418528e+01   9.7489815e+01  -7.6128608e+01   1.0743118e+02
   2.7000000e+01  -8.0000000e+00  -1.7063046e+02   1.5533695e+01   9.7596466e+01  -7.5587663e+01   1.0747008e+02
   2.7000000e+01  -8.0000000e+00  -1.6864068e+02   1.3680318e+01   9.7800901e+01  -7.4946276e+01   1.0733923e+02
   2.7000000e+01  -8.0000000e+00  -1.6917290e+02   1.2363772e+01   9.8631830e+01  -7.3439649e+01   1.0679979e+02
   2.7000000e+01  -8.0000000e+00  -1.6939543e+02   1.0743286e+01   9.9168973e+01  -7.2148212e+01   1.0593917e+02
   2.7000000e+01  -8.0000000e+00  -1.7004564e+02   9.2363416e+00   9.9897083e+01  -7.0707469e+01   1.0414428e+02
   2.7000000e+01  -8.0000000e+00  -1.6940555e+02   8.1113938e+00   1.0068876e+02  -6.9148104e+01   1.0218569e+02
   2.7000000e+01  -8.0000000e+00  -1.6876547e+02   6.9864459e+00   1.0148044e+02  -6.7588740e+01   1.0022711e+02
   2.7000000e+01  -8.0000000e+00  -1.6678940e+02   6.4756665e+00   1.0214671e+02  -6.6307923e+01   9.9315539e+01
   2.7000000e+01  -8.0000000e+00  -1.6633143e+02   5.9017635e+00   1.0278544e+02  -6.5142197e+01   9.8399351e+01
   2.7000000e+01  -8.0000000e+00  -1.6587346e+02   5.3278605e+00   1.0342416e+02  -6.3976470e+01   9.7483163e+01
   2.7000000e+01  -8.0000000e+00  -1.6484106e+02   4.7464220e+00   1.0401020e+02  -6.2974050e+01   9.6754418e+01
   2.7000000e+01  -8.0000000e+00  -1.6283894e+02   4.2130660e+00   1.0454719e+02  -6.2094743e+01   9.6128605e+01
   2.7000000e+01  -8.0000000e+00  -1.6293920e+02   3.6004777e+00   1.0480428e+02  -6.1909623e+01   9.6654966e+01
   2.7000000e+01  -8.0000000e+00  -1.5994334e+02   1.6059784e+00   1.0475310e+02  -6.2338279e+01   9.7964551e+01
   2.7000000e+01  -8.0000000e+00  -1.6014658e+02   1.3418123e+00   1.0443741e+02  -6.1901291e+01   9.8553356e+01
   2.7000000e+01  -8.0000000e+00  -1.6107893e+02  -4.3390451e-01   1.0092636e+02  -6.1994815e+01   1.0625210e+02
   2.7000000e+01  -8.0000000e+00  -1.6676631e+02  -2.9939428e+00   9.8192637e+01  -5.9608276e+01   1.1733095e+02
   2.7000000e+01  -8.0000000e+00  -1.7049552e+02  -3.2909593e+00   9.1920935e+01  -5.7968806e+01   1.2859926e+02
   2.7000000e+01  -8.0000000e+00  -1.7608506e+02  -1.7249614e+00   8.7573006e+01  -5.4733799e+01   1.3993104e+02
   2.7000000e+01  -8.0000000e+00  -1.7891322e+02   2.3340871e-01   8.3183966e+01  -5.1419375e+01   1.5148601e+02
   2.7000000e+01  -8.0000000e+00  -1.7892506e+02   1.2414319e+00   7.9365464e+01  -4.8695451e+01   1.6383247e+02
   2.7000000e+01  -8.0000000e+00  -1.8007146e+02  -2.7653655e-02   8.0575111e+01  -4.9476083e+01   1.7377252e+02
   2.7000000e+01  -8.0000000e+00  -1.7839596e+02  -2.1340566e+00   8.1930105e+01  -5.0769305e+01   1.7918312e+02
   2.7000000e+01  -8.0000000e+00  -1.8632138e+02  -1.3886104e+00   8.5489055e+01  -4.8742683e+01   1.8493609e+02
   2.7000000e+01  -8.0000000e+00  -1.9706761e+02   9.3238355e-01   8.9665305e+01  -4.4813563e+01   1.9162270e+02
   2.7000000e+01  -8.0000000e+00  -2.0754160e+02   3.6673709e+00   9.3679101e+01  -4.0100584e+01   1.9838828e+02
   2.7000000e+01  -8.0000000e+00  -2.1817583e+02   7.2268147e+00   9.7896615e+01  -3.4506655e+01   2.0533250e+02
   2.7000000e+01  -8.0000000e+00  -2.2863439e+02   1.0279417e+01   1.0180206e+02  -2.9307727e+01   2.1252520e+02
   2.7000000e+01  -8.0000000e+00  -2.3890356e+02   1.3673767e+01   1.0574847e+02  -2.3666405e+01   2.1930155e+02
   2.7000000e+01  -8.0000000e+00  -2.4773708e+02   1.8828748e+01   1.0965033e+02  -1.7083494e+01   2.2182404e+02
   2.7000000e+01  -8.0000000e+00  -2.5250523e+02   2.1379817e+01   1.1239891e+02  -1.2912747e+01   2.1826466e+02
   2.7000000e+01  -8.0000000e+00  -2.5329964e+02   1.9688978e+01   1.1464070e+02  -1.2490393e+01   2.1271914e+02
   2.7000000e+01  -8.0000000e+00  -2.5160085e+02   1.7019049e+01   1.1673721e+02  -1.3127052e+01   2.0625016e+02
   2.7000000e+01  -8.0000000e+00  -2.4875931e+02   1.4130587e+01   1.1887503e+02  -1.4075221e+01   1.9967248e+02
   2.7000000e+01  -8.0000000e+00  -2.4490889e+02   1.1023147e+01   1.2047075e+02  -1.5369164e+01   1.9210184e+02
   2.7000000e+01  -8.0000000e+00  -2.4119868e+02   8.5430720e+00   1.2085372e+02  -1.6577097e+01   1.8517692e+02
   2.7000000e+01  -8.0000000e+00  -2.3631834e+02   6.3023298e+00   1.1999794e+02  -1.8004410e+01   1.7813620e+02
   2.7000000e+01  -8.0000000e+00  -2.3092940e+02   4.4224063e+00   1.1851768e+02  -1.9411496e+01   1.7248791e+02
   2.7000000e+01  -8.0000000e+00  -2.2572706e+02   2.1653965e+00   1.1652202e+02  -2.1153028e+01   1.6713006e+02
   2.7000000e+01  -8.0000000e+00  -2.1872081e+02   9.6282553e-02   1.1356202e+02  -2.2963930e+01   1.6180516e+02
   2.7000000e+01  -8.0000000e+00  -2.0985037e+02  -1.9123267e+00   1.0951665e+02  -2.5104132e+01   1.5589401e+02
   2.7000000e+01  -8.0000000e+00  -2.0167850e+02  -3.2781124e+00   1.0613146e+02  -2.7892490e+01   1.5010305e+02
   2.7000000e+01  -8.0000000e+00  -1.9154214e+02  -5.8680852e+00   1.0168945e+02  -3.2023492e+01   1.4454629e+02
   2.7000000e+01  -8.0000000e+00  -1.8047971e+02  -6.5163370e+00   9.7730205e+01  -3.7564378e+01   1.3892174e+02
   2.7000000e+01  -8.0000000e+00  -1.7206523e+02  -6.6073603e+00   9.4561359e+01  -4.2875179e+01   1.3352128e+02
   2.7000000e+01  -8.0000000e+00  -1.6812289e+02  -6.4432926e+00   9.2750883e+01  -4.6911570e+01   1.3004994e+02
   2.7000000e+01  -8.0000000e+00  -1.6903377e+02  -6.0725287e+00   9.2783277e+01  -4.8819809e+01   1.2667376e+02
   2.7000000e+01  -8.0000000e+00  -1.6692889e+02  -7.5789536e+00   9.2226521e+01  -5.1186175e+01   1.2285396e+02
   2.7000000e+01  -8.0000000e+00  -1.6655526e+02  -7.9265492e+00   9.2972206e+01  -5.1732308e+01   1.1990068e+02
   2.7000000e+01  -8.0000000e+00  -1.6517013e+02  -8.2782811e+00   9.3739226e+01  -5.2193577e+01   1.1660380e+02
   2.7000000e+01  -8.0000000e+00  -1.6266237e+02  -7.7768561e+00   9.4414440e+01  -5.2548683e+01   1.1217723e+02
   2.7000000e+01  -8.0000000e+00  -1.6256395e+02  -8.2991223e+00   9.4747349e+01  -5.3070137e+01   1.0929820e+02
   2.7000000e+01  -8.0000000e+00  -1.6352046e+02  -8.5730867e+00   9.5189870e+01  -5.3386873e+01   1.0630443e+02
   2.7000000e+01  -8.0000000e+00  -1.6366552e+02  -7.6413017e+00   9.5965469e+01  -5.2966337e+01   1.0321281e+02
   2.7000000e+01  -8.0000000e+00  -1.6525438e+02  -6.6766069e+00   9.6732947e+01  -5.2519988e+01   1.0037386e+02
   2.7000000e+01  -8.0000000e+00  -1.6502914e+02  -5.7544901e+00   9.7456589e+01  -5.2076123e+01   9.7723732e+01
   2.7000000e+01  -8.0000000e+00  -1.6221050e+02  -5.5111382e+00   9.7907429e+01  -5.1941325e+01   9.6923366e+01
   2.7000000e+01  -8.0000000e+00  -1.5896080e+02  -6.4527744e+00   9.8240024e+01  -5.2384108e+01   9.7271574e+01
   2.7000000e+01  -8.0000000e+00  -1.6257458e+02  -6.1381377e+00   9.8387406e+01  -5.2595474e+01   9.9354177e+01
   2.7000000e+01  -8.0000000e+00  -1.6133541e+02  -6.1694740e+00   9.6398409e+01  -5.4636235e+01   1.0681881e+02
   2.7000000e+01  -8.0000000e+00  -1.6385328e+02  -7.0648942e+00   9.4504966e+01  -5.3949537e+01   1.1886092e+02
   2.7000000e+01  -8.0000000e+00  -1.7044414e+02  -8.2309008e+00   9.4087571e+01  -5.3092089e+01   1.3091219e+02
   2.7000000e+01  -8.0000000e+00  -1.7605135e+02  -4.9008979e+00   9.4146479e+01  -5.1849149e+01   1.4304217e+02
   2.7000000e+01  -8.0000000e+00  -1.7489264e+02  -5.2041258e+00   9.2526383e+01  -5.0717845e+01   1.5548634e+02
   2.7000000e+01  -8.0000000e+00  -1.7851177e+02  -3.8149700e+00   9.1073027e+01  -5.0478012e+01   1.6600029e+02
   2.7000000e+01  -8.0000000e+00  -1.8286089e+02  -1.9746523e+00   9.1364176e+01  -4.8963928e+01   1.7442063e+02
   2.7000000e+01  -8.0000000e+00  -1.9111077e+02   1.0886250e-01   9.2461243e+01  -4.6782311e+01   1.8201636e+02
   2.7000000e+01  -8.0000000e+00  -2.0056965e+02   1.8618287e+00   9.4580767e+01  -4.3995115e+01   1.9034452e+02
   2.7000000e+01  -8.0000000e+00  -2.1057091e+02   4.6671541e+00   9.7329336e+01  -3.9991742e+01   1.9737229e+02
   2.7000000e+01  -8.0000000e+00  -2.2088578e+02   8.1603827e+00   1.0040432e+02  -3.5137592e+01   2.0378931e+02
   2.7000000e+01  -8.0000000e+00  -2.3122237e+02   1.1363050e+01   1.0341863e+02  -3.0074042e+01   2.0850588e+02
   2.7000000e+01  -8.0000000e+00  -2.4093734e+02   1.4865322e+01   1.0708134e+02  -2.4525929e+01   2.1397826e+02
   2.7000000e+01  -8.0000000e+00  -2.4784954e+02   1.9406490e+01   1.1121724e+02  -1.8507208e+01   2.1536555e+02
   2.7000000e+01  -8.0000000e+00  -2.5125743e+02   2.0607335e+01   1.1426756e+02  -1.5455225e+01   2.1075127e+02
   2.7000000e+01  -8.0000000e+00  -2.4873526e+02   1.8292880e+01   1.1715633e+02  -1.5754081e+01   2.0567021e+02
   2.7000000e+01  -8.0000000e+00  -2.4687602e+02   1.5478113e+01   1.1938959e+02  -1.6646496e+01   1.9967329e+02
   2.7000000e+01  -8.0000000e+00  -2.4283027e+02   1.2356001e+01   1.2067659e+02  -1.8076454e+01   1.9197459e+02
   2.7000000e+01  -8.0000000e+00  -2.3781629e+02   9.9790329e+00   1.2061692e+02  -1.9780472e+01   1.8486224e+02
   2.7000000e+01  -8.0000000e+00  -2.3235848e+02   7.5064729e+00   1.2002928e+02  -2.1692621e+01   1.7813361e+02
   2.7000000e+01  -8.0000000e+00  -2.2648270e+02   5.6978823e+00   1.1882872e+02  -2.3192330e+01   1.7256648e+02
   2.7000000e+01  -8.0000000e+00  -2.2026445e+02   3.9283990e+00   1.1586253e+02  -2.4606370e+01   1.6733715e+02
   2.7000000e+01  -8.0000000e+00  -2.1336967e+02   2.4418226e+00   1.1308216e+02  -2.5854987e+01   1.6252445e+02
   2.7000000e+01  -8.0000000e+00  -2.0487056e+02   2.1149151e+00   1.0896401e+02  -2.7629282e+01   1.5831025e+02
   2.7000000e+01  -8.0000000e+00  -1.9798551e+02   1.4969291e+00   1.0553471e+02  -3.0460709e+01   1.5366135e+02
   2.7000000e+01  -8.0000000e+00  -1.9365015e+02   1.1931163e+00   1.0328734e+02  -3.3952982e+01   1.4952201e+02
   2.7000000e+01  -8.0000000e+00  -1.8245486e+02  -1.3472223e-01   9.9812116e+01  -3.8962688e+01   1.4370649e+02
   2.7000000e+01  -8.0000000e+00  -1.7350376e+02  -1.5004192e+00   9.6439181e+01  -4.4770862e+01   1.3870709e+02
   2.7000000e+01  -8.0000000e+00  -1.6767183e+02  -6.7291495e-01   9.3705257e+01  -5.0935721e+01   1.3384086e+02
   2.7000000e+01  -8.0000000e+00  -1.6411420e+02  -6.4764981e-03   9.2250919e+01  -5.6153395e+01   1.2938825e+02
   2.7000000e+01  -8.0000000e+00  -1.6350762e+02   1.2634836e+00   9.2392760e+01  -5.9174837e+01   1.2654903e+02
   2.7000000e+01  -8.0000000e+00  -1.6530364e+02   9.9218330e-01   9.3579121e+01  -6.0691206e+01   1.2271195e+02
   2.7000000e+01  -8.0000000e+00  -1.6488555e+02   5.7120047e-01   9.5335768e+01  -6.1713632e+01   1.2029902e+02
   2.7000000e+01  -8.0000000e+00  -1.6628873e+02   4.5744218e-01   9.7000058e+01  -6.2224586e+01   1.1703181e+02
   2.7000000e+01  -8.0000000e+00  -1.6599485e+02   3.7806254e-01   9.8560754e+01  -6.2694815e+01   1.1371921e+02
   2.7000000e+01  -8.0000000e+00  -1.6518731e+02   2.5252425e-01   1.0002478e+02  -6.3118012e+01   1.1058719e+02
   2.7000000e+01  -8.0000000e+00  -1.6589624e+02  -3.4084122e-01   1.0103886e+02  -6.3287808e+01   1.0865405e+02
   2.7000000e+01  -8.0000000e+00  -1.6701031e+02  -8.8775988e-01   1.0203005e+02  -6.3350184e+01   1.0653432e+02
   2.7000000e+01  -8.0000000e+00  -1.6879971e+02  -1.4202421e+00   1.0299233e+02  -6.3323601e+01   1.0428000e+02
   2.7000000e+01  -8.0000000e+00  -1.6875921e+02  -1.8494972e+00   1.0392750e+02  -6.3181113e+01   1.0178201e+02
   2.7000000e+01  -8.0000000e+00  -1.6926776e+02  -2.1544975e+00   1.0482974e+02  -6.2902756e+01   9.9279219e+01
   2.7000000e+01  -8.0000000e+00  -1.6856985e+02  -5.8000461e-01   1.0572079e+02  -6.1497092e+01   9.7129694e+01
   2.7000000e+01  -8.0000000e+00  -1.6837542e+02   3.4645985e-01   1.0639228e+02  -6.0715562e+01   9.6039105e+01
   2.7000000e+01  -8.0000000e+00  -1.6776839e+02   5.8344228e-01   1.0689365e+02  -6.0214957e+01   9.6044244e+01
   2.7000000e+01  -8.0000000e+00  -1.6762084e+02   6.8621562e-01   1.0741583e+02  -5.9784079e+01   9.6296315e+01
   2.7000000e+01  -8.0000000e+00  -1.6870438e+02   2.0611513e-01   1.0806603e+02  -5.9665780e+01   9.7949428e+01
   2.7000000e+01  -8.0000000e+00  -1.7028501e+02  -4.3574495e-02   1.0878698e+02  -5.9481427e+01   9.9699014e+01
   2.7000000e+01  -8.0000000e+00  -1.7125731e+02   4.6450298e-01   1.0970532e+02  -5.9082309e+01   1.0256939e+02
   2.7000000e+01  -8.0000000e+00  -1.7014592e+02   3.3406813e-01   1.1014046e+02  -5.9908838e+01   1.0596652e+02
   2.7000000e+01  -8.0000000e+00  -1.7101097e+02  -2.1792858e+00   1.0885168e+02  -6.2121520e+01   1.1571552e+02
   2.7000000e+01  -8.0000000e+00  -1.7453478e+02  -5.0769660e+00   1.0916846e+02  -6.3537887e+01   1.2761538e+02
   2.7000000e+01  -8.0000000e+00  -1.7820911e+02  -6.5691782e+00   1.1232732e+02  -6.2919412e+01   1.3989144e+02
   2.7000000e+01  -8.0000000e+00  -1.7887363e+02  -3.1856539e+00   1.0781414e+02  -6.0862430e+01   1.5160271e+02
   2.7000000e+01  -8.0000000e+00  -1.7908816e+02  -2.9868935e-01   1.0300944e+02  -5.9343674e+01   1.6054832e+02
   2.7000000e+01  -8.0000000e+00  -1.8556673e+02   1.3634494e+00   9.8778192e+01  -5.8353145e+01   1.6736959e+02
   2.7000000e+01  -8.0000000e+00  -1.9388585e+02   3.0649687e+00   9.6554200e+01  -5.6299399e+01   1.7200216e+02
   2.7000000e+01  -8.0000000e+00  -2.0410440e+02   5.6153371e+00   9.7889216e+01  -5.2111008e+01   1.7897477e+02
   2.7000000e+01  -8.0000000e+00  -2.1299330e+02   8.7522475e+00   1.0015358e+02  -4.7176080e+01   1.8508489e+02
   2.7000000e+01  -8.0000000e+00  -2.2294394e+02   1.2155191e+01   1.0334352e+02  -4.1679716e+01   1.9177332e+02
   2.7000000e+01  -8.0000000e+00  -2.3241236e+02   1.5452714e+01   1.0773490e+02  -3.6061429e+01   1.9858829e+02
