  -2.6286056e+01   1.8342836e+01   4.7465404e+01   1.9711147e+01   2.6266456e+01  -4.9320256e+01   2.0428388e+01
  -2.7171686e+01   1.8567640e+01   4.1470682e+01   2.0795039e+01   2.7577590e+01  -5.1205900e+01   2.2271762e+01
  -2.6662317e+01   1.4932133e+01   3.9000000e+01   2.0140574e+01   3.6074054e+01  -5.1000000e+01   2.5125300e+01
  -2.8014049e+01   1.5165470e+01   3.9000000e+01   1.9596815e+01   3.6301133e+01  -5.1000000e+01   2.6793623e+01
  -3.0475115e+01   1.5199455e+01   3.9000000e+01   1.6515020e+01   3.6733922e+01  -5.1000000e+01   2.9791693e+01
  -3.0999301e+01   1.1278392e+01   3.9000000e+01   1.7511814e+01   3.9473945e+01  -5.1000000e+01   3.1917112e+01
  -3.6049432e+01   1.6145608e+01   3.9000000e+01   1.2126257e+01   3.7364205e+01  -5.1000000e+01   3.4196069e+01
  -4.0308372e+01   2.3206405e+01   3.9000000e+01   5.3559674e+00   3.1432533e+01  -5.1000000e+01   3.7058606e+01
  -4.4097044e+01   2.6667653e+01   3.9000000e+01   9.2047435e-02   2.6378345e+01  -5.1000000e+01   4.0537984e+01
  -4.6571409e+01   2.8252297e+01   3.9000000e+01  -2.7756827e+00   2.0988739e+01  -5.1000000e+01   4.3238688e+01
  -5.0675560e+01   3.4143066e+01   3.9000000e+01  -6.5473357e+00   1.6394697e+01  -5.1000000e+01   4.7613956e+01
  -5.1788975e+01   3.6739239e+01   3.9000000e+01  -8.2907147e+00   1.2995190e+01  -5.1000000e+01   4.9950873e+01
  -5.2997956e+01   3.5351811e+01   3.9000000e+01  -8.9307296e+00   1.1820703e+01  -5.1000000e+01   5.1899219e+01
  -5.4647385e+01   3.7139792e+01   3.9000000e+01  -1.0089446e+01   9.2259586e+00  -5.1000000e+01   5.5155613e+01
  -5.4277049e+01   3.7481589e+01   3.9000000e+01  -1.1031873e+01   6.4906806e+00  -5.1000000e+01   5.8995398e+01
  -5.1070532e+01   3.1823126e+01   3.9000000e+01  -1.1398032e+01   2.5639825e+00  -5.1000000e+01   5.9352813e+01
  -4.8089817e+01   3.0686421e+01   3.9000000e+01  -1.5347586e+01   4.3135319e+00  -5.1000000e+01   6.0749626e+01
  -4.5651825e+01   2.7218815e+01   3.9000000e+01  -2.1582470e+01   6.4279563e+00  -5.1000000e+01   5.9038807e+01
  -4.3149032e+01   2.3498557e+01   3.9000000e+01  -2.4996158e+01   1.1357254e+01  -5.1000000e+01   5.5510669e+01
  -3.6248746e+01   2.0005821e+01   3.9000000e+01  -2.0974758e+01   1.5665707e+01  -5.1000000e+01   4.9226481e+01
  -3.2398338e+01   1.5020689e+01   3.9000000e+01  -1.4323913e+01   1.8622716e+01  -5.1000000e+01   4.1205492e+01
  -2.5491513e+01   9.1723230e+00   3.9000000e+01  -9.5987959e+00   2.2409673e+01  -5.1000000e+01   3.0244369e+01
  -2.1746739e+01   7.8998299e+00   3.9000000e+01  -8.9302675e+00   2.7372968e+01  -5.1000000e+01   2.1442326e+01
  -1.7943933e+01   5.2138581e+00   3.9000000e+01  -7.8679368e+00   3.2767077e+01  -5.1000000e+01   1.2510574e+01
  -1.4130169e+01   4.3701743e+00   3.9000000e+01  -3.8249748e+00   3.8997512e+01  -5.1000000e+01   4.7783265e+00
  -6.5041273e+00  -2.3937856e-01   3.9000000e+01   6.5917358e+00   4.6700640e+01  -5.1000000e+01  -3.2919995e+00
  -7.4261304e-01  -3.7809895e+00   3.9000000e+01   1.5867612e+01   5.3773002e+01  -5.1000000e+01  -7.6632905e+00
   4.8353048e+00  -6.1567954e+00   3.9000000e+01   2.3761853e+01   5.5780475e+01  -5.1000000e+01  -1.2790203e+01
   1.0283540e+01  -1.0913035e+01   3.9000000e+01   3.3541878e+01   5.7714195e+01  -5.1000000e+01  -1.4200891e+01
   1.6752929e+01  -1.5675558e+01   3.9000000e+01   4.3271414e+01   5.6729458e+01  -5.1000000e+01  -1.7015790e+01
   2.1605364e+01  -1.8673836e+01   3.9000000e+01   5.2568737e+01   5.5356466e+01  -5.1000000e+01  -1.9482154e+01
   2.2898391e+01  -2.0371427e+01   3.9000000e+01   6.0707159e+01   5.3441646e+01  -5.1000000e+01  -2.3052525e+01
   2.1953484e+01  -2.0769048e+01   3.9000000e+01   6.9181399e+01   5.0721944e+01  -5.1000000e+01  -2.4969995e+01
   1.7640389e+01  -1.9651907e+01   3.9000000e+01   7.8018473e+01   4.6714521e+01  -5.1000000e+01  -2.3518829e+01
   1.6220781e+01  -1.9012846e+01   3.9000000e+01   8.1654289e+01   4.5108418e+01  -5.1000000e+01  -1.9171790e+01
   1.4189484e+01  -1.7353828e+01   3.9000000e+01   7.7954295e+01   4.3926759e+01  -5.1000000e+01  -1.5278741e+01
   1.0128444e+01  -1.4040231e+01   3.9000000e+01   7.2547751e+01   4.4320706e+01  -5.1000000e+01  -9.9349994e+00
   7.2246056e+00  -1.0997899e+01   3.9000000e+01   6.6925612e+01   4.3304420e+01  -5.1000000e+01  -6.7988215e+00
   2.8539970e+00  -7.2799060e+00   3.9000000e+01   6.0523025e+01   4.2684984e+01  -5.1000000e+01  -4.0026725e+00
  -1.3040838e+00  -4.9236905e+00   3.9000000e+01   5.5984994e+01   4.3093039e+01  -5.1000000e+01  -5.1228161e-01
  -4.8065931e+00  -2.1525147e+00   3.9000000e+01   5.1570104e+01   4.2986309e+01  -5.1000000e+01   7.5080254e-01
  -8.0526427e+00  -1.8840396e-01   3.9000000e+01   4.7789831e+01   4.2282060e+01  -5.1000000e+01   2.5156333e+00
  -1.0818331e+01   2.2363919e+00   3.9000000e+01   4.4133470e+01   4.1933660e+01  -5.1000000e+01   4.7160117e+00
  -1.3975853e+01   4.9470246e+00   3.9000000e+01   3.8268011e+01   3.9394519e+01  -5.1000000e+01   7.8043869e+00
  -1.7432969e+01   7.2697217e+00   3.9000000e+01   3.3214034e+01   3.7723333e+01  -5.1000000e+01   1.0634330e+01
  -2.0653568e+01   9.6707826e+00   3.9000000e+01   2.8289725e+01   3.5078426e+01  -5.1000000e+01   1.4166679e+01
  -2.5024838e+01   1.1073533e+01   3.9000000e+01   2.4605346e+01   3.4685869e+01  -5.1000000e+01   1.5656277e+01
  -2.7554713e+01   1.1050478e+01   3.9000000e+01   2.2756978e+01   3.5417623e+01  -5.1000000e+01   1.9159113e+01
  -3.0962729e+01   1.2809418e+01   3.9000000e+01   1.9702513e+01   3.4330884e+01  -5.1000000e+01   2.2316659e+01
  -3.4019599e+01   1.4573682e+01   3.9000000e+01   1.5549901e+01   3.2120700e+01  -5.1000000e+01   2.6986915e+01
  -3.8143555e+01   1.8281839e+01   3.9000000e+01   1.1801814e+01   3.0983055e+01  -5.1000000e+01   2.9855695e+01
  -4.1954395e+01   2.2531985e+01   3.9000000e+01   6.4951179e+00   2.6301513e+01  -5.1000000e+01   3.3394847e+01
  -4.6138986e+01   2.7194171e+01   3.9000000e+01   1.6233808e+00   2.1240440e+01  -5.1000000e+01   3.7162645e+01
  -4.9127102e+01   3.1633119e+01   3.9000000e+01  -2.7236243e+00   1.4254877e+01  -5.1000000e+01   3.9781581e+01
  -5.2411505e+01   3.4107722e+01   3.9000000e+01  -4.3810159e+00   8.9907921e+00  -5.1000000e+01   4.3318564e+01
  -5.3218896e+01   3.6716049e+01   3.9000000e+01  -6.7641167e+00   5.0417114e+00  -5.1000000e+01   4.5503705e+01
  -5.1909100e+01   3.7502767e+01   3.9000000e+01  -7.2681366e+00   1.7524457e+00  -5.1000000e+01   4.9329555e+01
  -5.1916606e+01   3.8369111e+01   3.9000000e+01  -8.2625217e+00  -8.6657477e-01  -5.1000000e+01   5.2058249e+01
  -5.1302370e+01   3.5959938e+01   3.9000000e+01  -9.9501108e+00  -1.2714626e+00  -5.1000000e+01   5.4996663e+01
  -4.8008589e+01   3.0550734e+01   3.9000000e+01  -1.2215256e+01   1.9755643e+00  -5.1000000e+01   5.4705354e+01
  -4.5044049e+01   2.6732421e+01   3.9000000e+01  -1.6571716e+01   6.8921972e+00  -5.1000000e+01   5.4273812e+01
  -4.4145705e+01   2.6015827e+01   3.9000000e+01  -2.0352322e+01   7.9639161e+00  -5.1000000e+01   5.3435624e+01
  -4.1076157e+01   2.1350287e+01   3.9000000e+01  -1.7949913e+01   1.0321821e+01  -5.1000000e+01   5.0114261e+01
  -3.6784918e+01   1.6873670e+01   3.9000000e+01  -1.4078535e+01   1.3308525e+01  -5.1000000e+01   4.7668287e+01
  -3.1171852e+01   1.2614483e+01   3.9000000e+01  -1.3517129e+01   1.6022212e+01  -5.1000000e+01   3.7638031e+01
  -2.5643700e+01   1.3358998e+01   3.9000000e+01  -1.8748242e+01   1.8865998e+01  -5.1000000e+01   2.9795215e+01
  -2.2101234e+01   1.0471963e+01   3.9000000e+01  -2.2470380e+01   1.9343765e+01  -5.1000000e+01   2.1136542e+01
  -1.8198453e+01   1.0316520e+01   3.9000000e+01  -2.2700874e+01   2.2689021e+01  -5.1000000e+01   1.4078631e+01
  -1.6044495e+01   6.7992127e+00   3.9000000e+01  -1.8523839e+01   2.8041040e+01  -5.1000000e+01   6.0727258e+00
  -9.6353433e+00   1.6947286e+00   3.9000000e+01  -7.2672222e+00   3.6083198e+01  -5.1000000e+01  -1.7934051e+00
  -1.3263778e+00  -1.5658348e+00   3.9000000e+01   4.3073839e+00   4.6191057e+01  -5.1000000e+01  -6.2051003e+00
   6.3775701e+00  -7.3387408e+00   3.9000000e+01   1.6021582e+01   5.1428663e+01  -5.1000000e+01  -1.0248240e+01
   1.2350480e+01  -1.0763783e+01   3.9000000e+01   2.6881860e+01   5.5119768e+01  -5.1000000e+01  -1.2053854e+01
   1.9058651e+01  -1.5712398e+01   3.9000000e+01   3.7763486e+01   5.5715816e+01  -5.1000000e+01  -1.5219229e+01
   2.3933642e+01  -1.9391066e+01   3.9000000e+01   4.8124017e+01   5.4558172e+01  -5.1000000e+01  -1.8390573e+01
   2.7239168e+01  -2.1333263e+01   3.9000000e+01   5.8032431e+01   5.2334978e+01  -5.1000000e+01  -2.2115147e+01
   2.8543775e+01  -2.4988499e+01   3.9000000e+01   6.7482023e+01   5.0137198e+01  -5.1000000e+01  -2.5467151e+01
   2.7489423e+01  -2.5299847e+01   3.9000000e+01   7.7099592e+01   4.7835785e+01  -5.1000000e+01  -2.6864431e+01
   1.5600188e+01  -2.4106936e+01   3.9000000e+01   7.4772589e+01   3.8109811e+01  -5.1000000e+01  -2.0442316e+01
   2.1341559e+01  -2.2198403e+01   3.9000000e+01   8.1026851e+01   3.8998179e+01  -5.1000000e+01  -1.8009303e+01
   1.9822287e+01  -2.1312674e+01   3.9000000e+01   7.8841652e+01   4.0144936e+01  -5.1000000e+01  -1.3552241e+01
   1.6696599e+01  -1.8081253e+01   3.9000000e+01   7.4906266e+01   4.0989970e+01  -5.1000000e+01  -9.1117808e+00
   1.3576914e+01  -1.5915373e+01   3.9000000e+01   7.1652398e+01   4.1760513e+01  -5.1000000e+01  -5.7835643e+00
   9.9862032e+00  -1.2413402e+01   3.9000000e+01   6.7982809e+01   4.2908194e+01  -5.1000000e+01  -3.1960667e+00
   6.0274408e+00  -8.0877587e+00   3.9000000e+01   6.3109915e+01   4.2954890e+01  -5.1000000e+01  -6.9352332e-01
   2.4760747e+00  -4.2158496e+00   3.9000000e+01   5.7325316e+01   4.2583188e+01  -5.1000000e+01   1.6203256e+00
  -5.4882854e-01  -4.2487011e-01   3.9000000e+01   5.2158626e+01   4.1225482e+01  -5.1000000e+01   2.8245724e+00
  -2.9828093e+00   1.7317466e+00   3.9000000e+01   4.8446359e+01   4.0145500e+01  -5.1000000e+01   4.2238008e+00
  -4.2665889e+00   2.1828236e+00   3.9000000e+01   4.6386319e+01   3.9548775e+01  -5.1000000e+01   5.1053673e+00
  -4.7500638e+00   1.8886464e+00   3.9000000e+01   4.6277080e+01   3.9352341e+01  -5.1000000e+01   4.7819020e+00
  -6.0929710e+00   3.3452831e+00   3.9000000e+01   4.4824424e+01   3.9371215e+01  -5.1000000e+01   5.2011044e+00
  -6.2750892e+00   3.9590206e+00   3.9000000e+01   4.4102165e+01   3.7396894e+01  -5.1000000e+01   5.1471391e+00
  -7.4826313e+00   5.4028559e+00   3.9000000e+01   4.2401851e+01   3.7052435e+01  -5.1000000e+01   5.3097412e+00
  -8.0161677e+00   5.2425824e+00   3.9000000e+01   4.1201214e+01   3.7185893e+01  -5.1000000e+01   8.5171231e+00
  -1.0022148e+01   6.9728956e+00   3.9000000e+01   3.7701755e+01   3.6974737e+01  -5.1000000e+01   1.1175578e+01
  -1.1295199e+01   6.2084527e+00   3.9000000e+01   3.6214950e+01   3.7230592e+01  -5.1000000e+01   1.3398411e+01
  -1.3250918e+01   8.3805461e+00   3.9000000e+01   3.3688654e+01   3.6532510e+01  -5.1000000e+01   1.5008728e+01
  -1.6146314e+01   9.7027480e+00   3.9000000e+01   3.0699993e+01   3.7888732e+01  -5.1000000e+01   1.8125948e+01
  -1.7720634e+01   1.0336807e+01   3.9000000e+01   2.8533288e+01   3.7468869e+01  -5.1000000e+01   2.0091283e+01
  -1.9015466e+01   9.8454633e+00   3.9000000e+01   2.6539540e+01   3.7993743e+01  -5.1000000e+01   2.4280516e+01
  -2.1672189e+01   1.0649687e+01   3.9000000e+01   2.2911470e+01   3.8854488e+01  -5.1000000e+01   2.7771886e+01
  -2.2740791e+01   1.2028563e+01   3.9000000e+01   1.8914997e+01   3.6914388e+01  -5.1000000e+01   3.1085982e+01
  -2.5884134e+01   1.3843829e+01   3.9000000e+01   1.4925035e+01   3.6993594e+01  -5.1000000e+01   3.4685983e+01
  -2.9552493e+01   1.6938204e+01   3.9000000e+01   9.0820791e+00   3.5160355e+01  -5.1000000e+01   3.6444978e+01
  -3.2594939e+01   1.6949802e+01   3.9000000e+01   7.1108175e+00   3.4870309e+01  -5.1000000e+01   4.1488524e+01
  -3.5749659e+01   1.9073560e+01   3.9000000e+01   2.3828973e+00   3.3178370e+01  -5.1000000e+01   4.4593722e+01
  -3.8793088e+01   2.1191279e+01   3.9000000e+01  -1.5381736e+00   3.2687467e+01  -5.1000000e+01   4.7586323e+01
  -4.2237562e+01   2.5196239e+01   3.9000000e+01  -6.5188899e+00   2.7422203e+01  -5.1000000e+01   5.0686425e+01
  -4.2132392e+01   2.6823697e+01   3.9000000e+01  -1.0224986e+01   2.4097121e+01  -5.1000000e+01   5.4273109e+01
  -4.0241452e+01   2.5392974e+01   3.9000000e+01  -1.5437970e+01   2.2388270e+01  -5.1000000e+01   5.6977592e+01
  -3.4127767e+01   1.9203085e+01   3.9000000e+01  -1.8352196e+01   2.4073415e+01  -5.1000000e+01   5.6539802e+01
  -2.8568839e+01   1.6969495e+01   3.9000000e+01  -2.0568064e+01   2.6541991e+01  -5.1000000e+01   5.2200143e+01
  -2.2614852e+01   1.4658297e+01   3.9000000e+01  -1.7647532e+01   2.7918251e+01  -5.1000000e+01   4.7727079e+01
  -1.9336755e+01   1.4155358e+01   3.9000000e+01  -1.8034184e+01   3.3297714e+01  -5.1000000e+01   4.2345623e+01
  -1.5898703e+01   9.8306068e+00   3.9000000e+01  -1.1366857e+01   3.4549537e+01  -5.1000000e+01   3.5095900e+01
  -1.2078007e+01   3.2505759e+00   3.9000000e+01  -3.2756847e+00   3.4429641e+01  -5.1000000e+01   2.8208073e+01
  -4.6272450e+00   4.6029658e-01   3.9000000e+01  -6.8137485e+00   4.0090755e+01  -5.1000000e+01   1.9919587e+01
  -6.7678712e-01   3.5012585e+00   3.9000000e+01  -1.3992681e+01   4.2349487e+01  -5.1000000e+01   1.0959692e+01
   8.6549940e-01   6.0319671e+00   3.9000000e+01  -2.0287821e+01   4.2023242e+01  -5.1000000e+01   1.5375677e+00
   2.7207362e+00   4.4738712e+00   3.9000000e+01  -2.0436182e+01   4.2029065e+01  -5.1000000e+01  -6.2866822e+00
   8.4712878e+00  -2.1863303e+00   3.9000000e+01  -1.2368371e+01   4.3328721e+01  -5.1000000e+01  -1.2148259e+01
   1.0973105e+01  -6.7389668e+00   3.9000000e+01  -5.8612879e-01   5.0012247e+01  -5.1000000e+01  -1.5621392e+01
   1.5640572e+01  -9.7993088e+00   3.9000000e+01   1.1292691e+01   5.5048011e+01  -5.1000000e+01  -1.8563697e+01
   2.0425790e+01  -1.3112990e+01   3.9000000e+01   2.3421698e+01   5.4832923e+01  -5.1000000e+01  -1.5897252e+01
   2.4173166e+01  -1.8168510e+01   3.9000000e+01   3.5305737e+01   5.2190303e+01  -5.1000000e+01  -1.8638861e+01
   2.6305999e+01  -2.0547836e+01   3.9000000e+01   4.7183563e+01   4.6013542e+01  -5.1000000e+01  -2.3625711e+01
   2.6326894e+01  -1.9535137e+01   3.9000000e+01   5.8855526e+01   4.2062834e+01  -5.1000000e+01  -2.5542849e+01
   2.2671477e+01  -1.7376862e+01   3.9000000e+01   7.0293752e+01   3.6962480e+01  -5.1000000e+01  -2.3618359e+01
   2.0786565e+01  -1.9327278e+01   3.9000000e+01   7.8528436e+01   3.3704645e+01  -5.1000000e+01  -2.0846994e+01
   2.1388137e+01  -2.0432215e+01   3.9000000e+01   7.8236352e+01   3.2575367e+01  -5.1000000e+01  -1.6908963e+01
   2.0306527e+01  -1.9952716e+01   3.9000000e+01   7.5950706e+01   3.2108906e+01  -5.1000000e+01  -1.3231788e+01
   1.7901650e+01  -1.7089587e+01   3.9000000e+01   7.1847423e+01   3.2542533e+01  -5.1000000e+01  -8.8468474e+00
   1.5997677e+01  -1.7639424e+01   3.9000000e+01   6.9278031e+01   3.4253255e+01  -5.1000000e+01  -4.4180474e+00
   1.3494663e+01  -1.5107244e+01   3.9000000e+01   6.5261928e+01   3.4989192e+01  -5.1000000e+01  -6.5054003e-01
   1.0333411e+01  -1.3055652e+01   3.9000000e+01   6.1354413e+01   3.4854224e+01  -5.1000000e+01   2.6439430e+00
   7.5563646e+00  -9.7153919e+00   3.9000000e+01   5.6726160e+01   3.5297646e+01  -5.1000000e+01   6.0222163e+00
   2.0443491e+00  -3.8642130e+00   3.9000000e+01   5.0110499e+01   3.6674274e+01  -5.1000000e+01   8.5456139e+00
  -3.7012545e+00   1.1248635e-01   3.9000000e+01   4.4516110e+01   3.9071403e+01  -5.1000000e+01   1.2072730e+01
  -8.0685183e+00   5.9873667e+00   3.9000000e+01   3.8086094e+01   3.7459971e+01  -5.1000000e+01   1.3408677e+01
  -1.2207948e+01   8.9464794e+00   3.9000000e+01   3.2055989e+01   3.6776440e+01  -5.1000000e+01   1.7539691e+01
  -1.5098808e+01   1.0791697e+01   3.9000000e+01   2.7001903e+01   3.5346441e+01  -5.1000000e+01   2.1377199e+01
  -1.8753410e+01   1.1878477e+01   3.9000000e+01   2.2995559e+01   3.4378712e+01  -5.1000000e+01   2.4835009e+01
  -2.3202489e+01   1.1433871e+01   3.9000000e+01   2.0179286e+01   3.7674096e+01  -5.1000000e+01   2.8879994e+01
  -2.6701342e+01   1.4172077e+01   3.9000000e+01   1.6141151e+01   3.5638915e+01  -5.1000000e+01   3.2463444e+01
  -3.0685957e+01   1.9232438e+01   3.9000000e+01   1.1225120e+01   3.3702421e+01  -5.1000000e+01   3.5534628e+01
  -3.4843169e+01   2.0187570e+01   3.9000000e+01   6.4824595e+00   3.2329145e+01  -5.1000000e+01   3.8753841e+01
  -4.0049472e+01   2.3964742e+01   3.9000000e+01   8.2752130e-01   2.9923990e+01  -5.1000000e+01   4.2646485e+01
  -4.2854066e+01   2.7369822e+01   3.9000000e+01  -2.7095984e+00   2.5323189e+01  -5.1000000e+01   4.5314263e+01
  -4.6329004e+01   3.0738323e+01   3.9000000e+01  -6.0306246e+00   2.1210490e+01  -5.1000000e+01   4.7714269e+01
  -4.9601597e+01   3.4253210e+01   3.9000000e+01  -8.8330992e+00   1.6719774e+01  -5.1000000e+01   4.9989756e+01
  -5.0502772e+01   3.6831466e+01   3.9000000e+01  -1.0509892e+01   1.1763094e+01  -5.1000000e+01   5.1751982e+01
  -5.0794852e+01   3.9761027e+01   3.9000000e+01  -1.2771515e+01   7.8264305e+00  -5.1000000e+01   5.4802031e+01
  -5.0719392e+01   3.7641096e+01   3.9000000e+01  -1.3447931e+01   6.1397205e+00  -5.1000000e+01   5.6692163e+01
  -4.9940110e+01   3.5192031e+01   3.9000000e+01  -1.3361792e+01   5.0061530e+00  -5.1000000e+01   5.9407293e+01
  -4.6804496e+01   3.1073751e+01   3.9000000e+01  -1.3293938e+01   5.3851047e+00  -5.1000000e+01   6.0966406e+01
  -4.3488208e+01   2.5854325e+01   3.9000000e+01  -1.8896515e+01   1.2003742e+01  -5.1000000e+01   5.9536380e+01
  -3.7671929e+01   2.1712301e+01   3.9000000e+01  -2.0636415e+01   1.7246209e+01  -5.1000000e+01   5.5146265e+01
  -3.2435615e+01   1.9145915e+01   3.9000000e+01  -2.1815689e+01   2.0052588e+01  -5.1000000e+01   4.9230117e+01
  -2.8904615e+01   1.7076440e+01   3.9000000e+01  -1.9406230e+01   2.3954967e+01  -5.1000000e+01   4.3002912e+01
  -2.3877387e+01   1.3236307e+01   3.9000000e+01  -1.8096654e+01   2.1439689e+01  -5.1000000e+01   3.2412859e+01
  -1.9378629e+01   1.0746138e+01   3.9000000e+01  -1.9601505e+01   2.5118492e+01  -5.1000000e+01   2.5135154e+01
  -1.3385298e+01   9.5015767e+00   3.9000000e+01  -2.3833193e+01   2.7918482e+01  -5.1000000e+01   1.5371205e+01
  -9.9715118e+00   1.1440684e+01   3.9000000e+01  -2.5824643e+01   2.7763917e+01  -5.1000000e+01   4.7152138e+00
  -7.8673324e+00   6.4024331e+00   3.9000000e+01  -2.0498629e+01   3.2163600e+01  -5.1000000e+01  -3.6902920e+00
  -2.1172550e+00  -1.1727131e+00   3.9000000e+01  -1.0786450e+01   3.7301638e+01  -5.1000000e+01  -8.4261418e+00
   2.4124343e+00  -5.3488092e+00   3.9000000e+01   2.2068897e-01   4.5744592e+01  -5.1000000e+01  -1.6457067e+01
   7.6502939e+00  -8.6640851e+00   3.9000000e+01   1.1642426e+01   5.3466871e+01  -5.1000000e+01  -2.2020696e+01
   1.4889648e+01  -1.2575973e+01   3.9000000e+01   2.2936034e+01   5.5905146e+01  -5.1000000e+01  -2.2307704e+01
   2.0328466e+01  -1.6910020e+01   3.9000000e+01   3.4184383e+01   5.6089269e+01  -5.1000000e+01  -2.2476627e+01
   2.4522954e+01  -2.0606865e+01   3.9000000e+01   4.5396518e+01   5.2846321e+01  -5.1000000e+01  -2.5806802e+01
   2.7277984e+01  -2.4266274e+01   3.9000000e+01   5.6025489e+01   4.9309781e+01  -5.1000000e+01  -2.9261401e+01
   2.8036903e+01  -2.4017197e+01   3.9000000e+01   6.7459676e+01   4.4298322e+01  -5.1000000e+01  -3.0565100e+01
   2.4985034e+01  -2.2688218e+01   3.9000000e+01   7.8452993e+01   3.9452262e+01  -5.1000000e+01  -2.4035849e+01
   2.4538867e+01  -2.5545061e+01   3.9000000e+01   8.4360656e+01   3.6155918e+01  -5.1000000e+01  -1.9039945e+01
   2.4387952e+01  -2.6207539e+01   3.9000000e+01   8.3208211e+01   3.5252875e+01  -5.1000000e+01  -1.4304400e+01
   2.2978810e+01  -2.5576461e+01   3.9000000e+01   8.0187073e+01   3.4801776e+01  -5.1000000e+01  -9.5055080e+00
   2.1593243e+01  -2.4183636e+01   3.9000000e+01   7.7056378e+01   3.5026202e+01  -5.1000000e+01  -4.5467903e+00
   1.9605032e+01  -2.2343788e+01   3.9000000e+01   7.4679427e+01   3.5172333e+01  -5.1000000e+01  -2.6530435e+00
   1.7105690e+01  -1.9782284e+01   3.9000000e+01   7.1549886e+01   3.6066529e+01  -5.1000000e+01   2.5403318e-01
   1.4328711e+01  -1.7577968e+01   3.9000000e+01   6.8430953e+01   3.7679902e+01  -5.1000000e+01   3.7705124e+00
   1.0948719e+01  -1.4680466e+01   3.9000000e+01   6.5142954e+01   3.9927359e+01  -5.1000000e+01   7.2980657e+00
   7.4989502e+00  -1.1680168e+01   3.9000000e+01   6.0664158e+01   4.0672665e+01  -5.1000000e+01   9.2696640e+00
   3.9775203e+00  -6.4343241e+00   3.9000000e+01   5.4264115e+01   3.9931622e+01  -5.1000000e+01   1.0358499e+01
   2.2876967e+00  -4.5534452e+00   3.9000000e+01   5.0756172e+01   4.0179806e+01  -5.1000000e+01   1.3474925e+01
  -2.5567241e+00   1.0258470e+00   3.9000000e+01   4.5748805e+01   4.1464353e+01  -5.1000000e+01   1.4977796e+01
  -5.7858406e+00   3.3019773e+00   3.9000000e+01   4.2192051e+01   4.1675593e+01  -5.1000000e+01   1.6345667e+01
  -7.6544850e+00   5.4570288e+00   3.9000000e+01   3.8605438e+01   4.0917326e+01  -5.1000000e+01   1.9021060e+01
  -9.6548102e+00   6.1160632e+00   3.9000000e+01   3.5151304e+01   4.0395479e+01  -5.1000000e+01   2.2203502e+01
  -1.2675128e+01   7.7016721e+00   3.9000000e+01   3.1577818e+01   4.1228986e+01  -5.1000000e+01   2.4321260e+01
  -1.5507525e+01   1.0571345e+01   3.9000000e+01   2.7062494e+01   4.0108429e+01  -5.1000000e+01   2.7357816e+01
  -1.8877326e+01   1.3285500e+01   3.9000000e+01   2.2800733e+01   3.9557641e+01  -5.1000000e+01   3.0109955e+01
  -2.3083787e+01   1.4388865e+01   3.9000000e+01   1.8609340e+01   4.0232439e+01  -5.1000000e+01   3.0613207e+01
  -2.5337652e+01   1.4463829e+01   3.9000000e+01   1.7535150e+01   4.1347536e+01  -5.1000000e+01   3.3113467e+01
  -2.8383832e+01   1.4528032e+01   3.9000000e+01   1.5180367e+01   4.2184423e+01  -5.1000000e+01   3.5304717e+01
  -3.0870965e+01   1.6618060e+01   3.9000000e+01   1.1284585e+01   4.1981364e+01  -5.1000000e+01   3.9306244e+01
  -3.5214706e+01   2.0916995e+01   3.9000000e+01   4.7002026e+00   3.7450728e+01  -5.1000000e+01   4.1268594e+01
  -3.9023388e+01   2.2479864e+01   3.9000000e+01   3.3486941e-01   3.5969625e+01  -5.1000000e+01   4.4523903e+01
  -4.1571596e+01   2.5710350e+01   3.9000000e+01  -3.2213200e+00   3.4252863e+01  -5.1000000e+01   4.6811183e+01
  -4.2688321e+01   2.8124690e+01   3.9000000e+01  -5.8467782e+00   3.1549515e+01  -5.1000000e+01   4.9451701e+01
  -4.4443519e+01   2.9334178e+01   3.9000000e+01  -8.0084601e+00   2.8836358e+01  -5.1000000e+01   5.1505760e+01
  -4.5793506e+01   2.9204775e+01   3.9000000e+01  -9.0255556e+00   2.4725152e+01  -5.1000000e+01   5.5007049e+01
  -4.4974847e+01   2.8749379e+01   3.9000000e+01  -1.0909997e+01   2.1696639e+01  -5.1000000e+01   5.7384330e+01
  -4.4172995e+01   2.7113196e+01   3.9000000e+01  -1.5341249e+01   1.9955315e+01  -5.1000000e+01   5.9234693e+01
  -3.6954868e+01   2.2979377e+01   3.9000000e+01  -1.8340137e+01   2.2632126e+01  -5.1000000e+01   5.9852003e+01
  -3.2265608e+01   1.9703675e+01   3.9000000e+01  -1.9734302e+01   2.3621198e+01  -5.1000000e+01   5.3306414e+01
  -2.4657123e+01   1.8335989e+01   3.9000000e+01  -2.2961067e+01   2.8576448e+01  -5.1000000e+01   4.4306268e+01
  -2.0111734e+01   1.5087138e+01   3.9000000e+01  -2.3547907e+01   3.0466873e+01  -5.1000000e+01   3.6633911e+01
  -1.5432370e+01   1.0407053e+01   3.9000000e+01  -1.8224406e+01   3.3883308e+01  -5.1000000e+01   2.6968434e+01
  -1.0045131e+01   6.3271233e+00   3.9000000e+01  -1.0712942e+01   3.9362218e+01  -5.1000000e+01   1.5883733e+01
  -4.2197841e+00   2.5835347e+00   3.9000000e+01  -2.6401601e-01   4.6551107e+01  -5.1000000e+01   4.6727239e+00
   1.3250092e+00  -6.2682862e-01   3.9000000e+01   1.0220009e+01   5.4478099e+01  -5.1000000e+01  -4.2110402e+00
   8.2067996e+00  -8.5901831e+00   3.9000000e+01   1.9516521e+01   5.6521531e+01  -5.1000000e+01  -1.2032660e+01
   1.4641020e+01  -1.2930922e+01   3.9000000e+01   2.7641177e+01   5.8593976e+01  -5.1000000e+01  -1.6275688e+01
   2.0454014e+01  -1.5535307e+01   3.9000000e+01   3.2350235e+01   5.8356499e+01  -5.1000000e+01  -2.0800290e+01
   2.4858946e+01  -2.1491761e+01   3.9000000e+01   4.0170128e+01   5.9117574e+01  -5.1000000e+01  -2.3712869e+01
   3.0087839e+01  -2.6042555e+01   3.9000000e+01   4.7697178e+01   5.8237660e+01  -5.1000000e+01  -2.8886911e+01
   3.2785884e+01  -2.7890318e+01   3.9000000e+01   5.3140956e+01   5.6723894e+01  -5.1000000e+01  -3.2930693e+01
   3.5468610e+01  -2.8347484e+01   3.9000000e+01   5.7784045e+01   5.5840307e+01  -5.1000000e+01  -3.6164831e+01
   3.8020824e+01  -3.2958571e+01   3.9000000e+01   6.4828547e+01   5.3717058e+01  -5.1000000e+01  -3.8530626e+01
   3.8126323e+01  -3.3897110e+01   3.9000000e+01   6.9102380e+01   5.1478446e+01  -5.1000000e+01  -4.1380103e+01
   3.6251271e+01  -3.2898446e+01   3.9000000e+01   7.7262619e+01   4.8638480e+01  -5.1000000e+01  -4.3027563e+01
   3.4800777e+01  -3.2402787e+01   3.9000000e+01   8.8007675e+01   4.3570764e+01  -5.1000000e+01  -4.1459505e+01
   3.0291536e+01  -2.8088453e+01   3.9000000e+01   9.4505040e+01   3.6697037e+01  -5.1000000e+01  -3.3989401e+01
   3.0410166e+01  -2.7777659e+01   3.9000000e+01   9.1301486e+01   3.2619022e+01  -5.1000000e+01  -2.6817111e+01
   2.8681346e+01  -2.5370597e+01   3.9000000e+01   8.5583556e+01   3.0084101e+01  -5.1000000e+01  -2.0066060e+01
   2.6274699e+01  -2.3610177e+01   3.9000000e+01   8.2625782e+01   3.1474593e+01  -5.1000000e+01  -1.5134185e+01
   2.3930273e+01  -2.1875083e+01   3.9000000e+01   7.9836331e+01   3.2927584e+01  -5.1000000e+01  -9.9760845e+00
   2.1325790e+01  -1.9008361e+01   3.9000000e+01   7.6269942e+01   3.3709536e+01  -5.1000000e+01  -6.2591705e+00
   1.9233522e+01  -1.7995516e+01   3.9000000e+01   7.3544907e+01   3.4938394e+01  -5.1000000e+01  -2.4890334e+00
   1.5898175e+01  -1.6348736e+01   3.9000000e+01   7.1921367e+01   3.7703646e+01  -5.1000000e+01  -1.8201650e-01
   1.1195180e+01  -1.0194303e+01   3.9000000e+01   6.5830249e+01   4.0093024e+01  -5.1000000e+01   4.3508879e+00
   6.5169653e+00  -6.3366912e+00   3.9000000e+01   6.0090553e+01   4.1708686e+01  -5.1000000e+01   6.9768946e+00
   2.3858518e+00  -2.4746633e-01   3.9000000e+01   5.3683225e+01   4.2183106e+01  -5.1000000e+01   9.4257570e+00
  -1.9862125e+00   1.4509648e+00   3.9000000e+01   4.9428365e+01   4.3528645e+01  -5.1000000e+01   1.2206038e+01
  -4.8528021e+00   4.4270818e+00   3.9000000e+01   4.4695212e+01   4.2970261e+01  -5.1000000e+01   1.4268044e+01
  -6.3534890e+00   3.6134710e+00   3.9000000e+01   4.3392190e+01   4.3628187e+01  -5.1000000e+01   1.6841083e+01
  -8.0967725e+00   7.4562730e+00   3.9000000e+01   3.7349178e+01   4.1412959e+01  -5.1000000e+01   2.0838507e+01
  -1.1068933e+01   8.3494895e+00   3.9000000e+01   3.3298057e+01   4.1092575e+01  -5.1000000e+01   2.3370510e+01
  -1.4465404e+01   1.0843240e+01   3.9000000e+01   2.7803821e+01   4.1163049e+01  -5.1000000e+01   2.6584521e+01
  -1.7112437e+01   1.3042564e+01   3.9000000e+01   2.3349577e+01   3.9554532e+01  -5.1000000e+01   2.9226968e+01
  -2.1255444e+01   1.0067703e+01   3.9000000e+01   2.1905333e+01   4.4288069e+01  -5.1000000e+01   3.1410104e+01
  -2.4290513e+01   1.2613299e+01   3.9000000e+01   1.6859252e+01   4.3636208e+01  -5.1000000e+01   3.4955113e+01
  -2.7245979e+01   1.4289006e+01   3.9000000e+01   1.2699618e+01   4.3008667e+01  -5.1000000e+01   3.7807120e+01
  -3.0591482e+01   1.7751839e+01   3.9000000e+01   8.2762031e+00   4.1512179e+01  -5.1000000e+01   3.9905628e+01
  -3.3830928e+01   2.0861045e+01   3.9000000e+01   2.4258611e+00   3.8802239e+01  -5.1000000e+01   4.3095801e+01
  -3.7816819e+01   2.1760646e+01   3.9000000e+01  -2.1156209e+00   3.9306273e+01  -5.1000000e+01   4.7767429e+01
  -4.0770576e+01   2.4564843e+01   3.9000000e+01  -6.0924194e+00   3.8333801e+01  -5.1000000e+01   4.9488644e+01
  -4.0463026e+01   2.5051613e+01   3.9000000e+01  -9.2293951e+00   3.6388260e+01  -5.1000000e+01   5.3358696e+01
  -3.6794487e+01   2.0635682e+01   3.9000000e+01  -1.0555079e+01   3.4080389e+01  -5.1000000e+01   5.4806379e+01
  -3.4330404e+01   2.0212006e+01   3.9000000e+01  -1.5666718e+01   3.1758985e+01  -5.1000000e+01   5.3838962e+01
  -3.0240482e+01   1.8799754e+01   3.9000000e+01  -2.0138870e+01   3.3935227e+01  -5.1000000e+01   5.0404187e+01
  -2.4971660e+01   1.8176705e+01   3.9000000e+01  -1.8973291e+01   3.1904233e+01  -5.1000000e+01   4.4098293e+01
  -2.0947454e+01   1.5842682e+01   3.9000000e+01  -1.9078758e+01   3.3742284e+01  -5.1000000e+01   3.5576065e+01
  -1.7474303e+01   1.2164735e+01   3.9000000e+01  -1.4353662e+01   3.7640757e+01  -5.1000000e+01   2.6183256e+01
  -1.1159589e+01   8.1845177e+00   3.9000000e+01  -6.9651718e+00   4.1564432e+01  -5.1000000e+01   1.5276015e+01
  -7.2449748e+00   3.6757462e+00   3.9000000e+01   2.6168434e+00   4.7450447e+01  -5.1000000e+01   3.6749514e+00
  -2.2955679e+00  -3.9070744e-01   3.9000000e+01   1.2640160e+01   5.2902396e+01  -5.1000000e+01  -5.0718762e+00
   3.0300110e+00  -4.7169064e+00   3.9000000e+01   2.0950602e+01   5.6363747e+01  -5.1000000e+01  -9.6286400e+00
   9.7432665e+00  -9.8288144e+00   3.9000000e+01   2.9484545e+01   5.6814348e+01  -5.1000000e+01  -1.4093486e+01
   1.6083471e+01  -1.6349669e+01   3.9000000e+01   3.7094514e+01   5.5852687e+01  -5.1000000e+01  -1.8106396e+01
   2.0349120e+01  -2.3605295e+01   3.9000000e+01   4.4680313e+01   5.6014877e+01  -5.1000000e+01  -2.2795525e+01
   2.4545918e+01  -2.7420772e+01   3.9000000e+01   5.0806955e+01   5.5130613e+01  -5.1000000e+01  -2.6351843e+01
   2.7440815e+01  -3.0547776e+01   3.9000000e+01   5.6741574e+01   5.3931503e+01  -5.1000000e+01  -3.0339378e+01
   3.0144630e+01  -3.2333917e+01   3.9000000e+01   6.3065616e+01   5.2538460e+01  -5.1000000e+01  -3.3764113e+01
   3.1461833e+01  -3.2781475e+01   3.9000000e+01   6.8821135e+01   5.1741091e+01  -5.1000000e+01  -3.4395485e+01
   2.9539475e+01  -3.1711639e+01   3.9000000e+01   7.5734706e+01   4.9379475e+01  -5.1000000e+01  -3.7061209e+01
   2.7311138e+01  -2.9610132e+01   3.9000000e+01   8.3315006e+01   4.5214163e+01  -5.1000000e+01  -3.3614586e+01
   2.4060624e+01  -2.8473284e+01   3.9000000e+01   8.8589141e+01   4.1009903e+01  -5.1000000e+01  -2.6327927e+01
   2.3834403e+01  -2.8862165e+01   3.9000000e+01   8.6597480e+01   3.8044015e+01  -5.1000000e+01  -1.9634303e+01
   2.2246067e+01  -2.7553011e+01   3.9000000e+01   8.2781125e+01   3.6179574e+01  -5.1000000e+01  -1.2792715e+01
   2.0961129e+01  -2.5709445e+01   3.9000000e+01   7.9457209e+01   3.4373027e+01  -5.1000000e+01  -7.9197994e+00
   1.8494568e+01  -2.0845955e+01   3.9000000e+01   7.4527052e+01   3.3045813e+01  -5.1000000e+01  -3.5926805e+00
   1.5364059e+01  -1.9503296e+01   3.9000000e+01   7.1027128e+01   3.4916018e+01  -5.1000000e+01  -3.4448378e-02
   1.2544076e+01  -1.6480365e+01   3.9000000e+01   6.6925374e+01   3.5931812e+01  -5.1000000e+01   3.3250341e+00
   9.0422884e+00  -1.3228499e+01   3.9000000e+01   6.2247997e+01   3.6349937e+01  -5.1000000e+01   5.7752176e+00
   4.6505392e+00  -8.6899719e+00   3.9000000e+01   5.5973011e+01   3.6806266e+01  -5.1000000e+01   8.3487641e+00
  -2.4565095e-01  -4.4405624e+00   3.9000000e+01   4.9374678e+01   3.8007021e+01  -5.1000000e+01   1.2750121e+01
  -5.1744297e+00  -1.5665949e+00   3.9000000e+01   4.4484361e+01   3.9078209e+01  -5.1000000e+01   1.4431422e+01
  -7.1717320e+00   1.1100516e+00   3.9000000e+01   4.0347859e+01   3.7748943e+01  -5.1000000e+01   1.7646383e+01
  -1.3545979e+01   5.9398546e+00   3.9000000e+01   3.2257806e+01   3.8185077e+01  -5.1000000e+01   2.1895713e+01
  -1.7296195e+01   1.1373604e+01   3.9000000e+01   2.6531098e+01   3.3428306e+01  -5.1000000e+01   2.3974318e+01
  -2.1498212e+01   1.3757930e+01   3.9000000e+01   2.1488675e+01   3.4325045e+01  -5.1000000e+01   2.7067946e+01
  -2.3706897e+01   1.0167975e+01   3.9000000e+01   2.1053878e+01   3.8740797e+01  -5.1000000e+01   3.1048901e+01
  -2.9068797e+01   1.4898538e+01   3.9000000e+01   1.5510004e+01   3.7259417e+01  -5.1000000e+01   3.3732808e+01
  -3.2143996e+01   1.7561772e+01   3.9000000e+01   1.2155724e+01   3.6097553e+01  -5.1000000e+01   3.6190831e+01
  -3.4300009e+01   1.8519239e+01   3.9000000e+01   8.6927294e+00   3.5199811e+01  -5.1000000e+01   3.9542089e+01
  -3.6716322e+01   2.2374908e+01   3.9000000e+01   3.4484266e+00   3.3072223e+01  -5.1000000e+01   4.4146296e+01
  -4.1253295e+01   2.5205130e+01   3.9000000e+01  -1.6542366e+00   3.0919337e+01  -5.1000000e+01   4.7137360e+01
  -4.4496066e+01   2.8709813e+01   3.9000000e+01  -4.8078174e+00   2.6984432e+01  -5.1000000e+01   4.9705461e+01
  -4.7707560e+01   3.2805199e+01   3.9000000e+01  -8.4090613e+00   2.2215818e+01  -5.1000000e+01   5.2178681e+01
  -4.9176490e+01   3.7168863e+01   3.9000000e+01  -1.2435078e+01   1.7345029e+01  -5.1000000e+01   5.5558116e+01
  -4.7512305e+01   3.5506351e+01   3.9000000e+01  -1.5062508e+01   1.5093150e+01  -5.1000000e+01   5.7022882e+01
  -4.5304239e+01   3.4792132e+01   3.9000000e+01  -1.9075832e+01   1.4307379e+01  -5.1000000e+01   5.8483009e+01
  -4.0014184e+01   2.9090760e+01   3.9000000e+01  -2.2697325e+01   1.8977202e+01  -5.1000000e+01   5.9498288e+01
  -3.3096347e+01   2.2751970e+01   3.9000000e+01  -2.1756946e+01   2.0263033e+01  -5.1000000e+01   5.3035806e+01
  -2.9076408e+01   2.1493676e+01   3.9000000e+01  -2.3033163e+01   2.5306996e+01  -5.1000000e+01   4.6735967e+01
  -2.2625114e+01   1.5874169e+01   3.9000000e+01  -1.8769102e+01   2.5294311e+01  -5.1000000e+01   3.6648391e+01
  -1.9899486e+01   1.4019578e+01   3.9000000e+01  -1.7971904e+01   3.2842564e+01  -5.1000000e+01   2.9049168e+01
  -1.6114707e+01   1.3060782e+01   3.9000000e+01  -1.6848058e+01   3.6337551e+01  -5.1000000e+01   2.0919701e+01
  -1.2521329e+01   7.5923993e+00   3.9000000e+01  -1.2842047e+01   3.5807434e+01  -5.1000000e+01   1.1812303e+01
  -9.7303650e+00   4.6154512e+00   3.9000000e+01  -8.1072699e+00   4.0580840e+01  -5.1000000e+01   3.2588743e+00
  -4.3005201e+00   1.7331321e+00   3.9000000e+01   7.3046072e-01   4.7460260e+01  -5.1000000e+01  -1.2100791e+00
   1.7793421e+00  -3.2120039e+00   3.9000000e+01   1.1595899e+01   5.3394476e+01  -5.1000000e+01  -8.4161614e+00
   7.4076760e+00  -8.9534516e+00   3.9000000e+01   2.2107528e+01   5.4835684e+01  -5.1000000e+01  -1.0608513e+01
   1.3024868e+01  -1.0166398e+01   3.9000000e+01   3.1648397e+01   5.4245485e+01  -5.1000000e+01  -1.4525400e+01
   1.8319870e+01  -1.6412726e+01   3.9000000e+01   4.1722573e+01   5.3858443e+01  -5.1000000e+01  -1.6484559e+01
   2.3342379e+01  -2.0937455e+01   3.9000000e+01   5.1371304e+01   5.2613600e+01  -5.1000000e+01  -1.9307808e+01
   2.6466010e+01  -2.2601546e+01   3.9000000e+01   5.9783776e+01   5.1186611e+01  -5.1000000e+01  -2.1538487e+01
   2.8179932e+01  -2.5552039e+01   3.9000000e+01   6.8652958e+01   4.8730028e+01  -5.1000000e+01  -2.3842051e+01
   2.6616334e+01  -2.5749472e+01   3.9000000e+01   7.7187684e+01   4.6327752e+01  -5.1000000e+01  -2.1761504e+01
   2.2189922e+01  -2.3772133e+01   3.9000000e+01   8.4105498e+01   4.0243636e+01  -5.1000000e+01  -1.8692383e+01
   2.1455157e+01  -2.4163716e+01   3.9000000e+01   8.2693522e+01   3.8612729e+01  -5.1000000e+01  -1.4871913e+01
   1.9941670e+01  -2.2994287e+01   3.9000000e+01   7.9556570e+01   3.8316498e+01  -5.1000000e+01  -1.0129790e+01
   1.8028744e+01  -2.1349353e+01   3.9000000e+01   7.6971219e+01   3.8532698e+01  -5.1000000e+01  -7.4335004e+00
   1.5176231e+01  -1.8492234e+01   3.9000000e+01   7.2789813e+01   3.9259036e+01  -5.1000000e+01  -4.3754695e+00
   1.2453431e+01  -1.6289601e+01   3.9000000e+01   6.8923517e+01   3.9952627e+01  -5.1000000e+01  -6.9283850e-01
   9.5726473e+00  -1.2841217e+01   3.9000000e+01   6.5168316e+01   4.0302632e+01  -5.1000000e+01   1.0489375e+00
   6.9361633e+00  -1.0788326e+01   3.9000000e+01   6.2214552e+01   4.0847036e+01  -5.1000000e+01   3.5123042e+00
   3.9223182e+00  -7.8568175e+00   3.9000000e+01   5.8325363e+01   4.1222514e+01  -5.1000000e+01   5.5174095e+00
   8.4587881e-01  -4.1484360e+00   3.9000000e+01   5.3772768e+01   4.0958746e+01  -5.1000000e+01   7.0805611e+00
  -2.0722493e+00  -2.0247449e+00   3.9000000e+01   4.9318284e+01   4.0196691e+01  -5.1000000e+01   1.0233548e+01
  -4.5214854e+00  -1.6148447e+00   3.9000000e+01   4.7179170e+01   4.1085337e+01  -5.1000000e+01   1.3056897e+01
  -7.1906143e+00   1.7866346e+00   3.9000000e+01   4.3815217e+01   4.0409554e+01  -5.1000000e+01   1.4101064e+01
  -9.3772695e+00   1.8805274e+00   3.9000000e+01   4.1133009e+01   4.1445024e+01  -5.1000000e+01   1.6576940e+01
  -1.2796514e+01   7.5364552e+00   3.9000000e+01   3.5572956e+01   3.9101131e+01  -5.1000000e+01   1.8905126e+01
  -1.4965864e+01   7.7534958e+00   3.9000000e+01   3.1145896e+01   3.8117629e+01  -5.1000000e+01   2.1754691e+01
  -1.8706011e+01   1.1670834e+01   3.9000000e+01   2.5599123e+01   3.6695093e+01  -5.1000000e+01   2.3126015e+01
  -2.1950226e+01   1.1396108e+01   3.9000000e+01   2.4614822e+01   3.8861183e+01  -5.1000000e+01   2.4476264e+01
  -2.4285391e+01   1.2215078e+01   3.9000000e+01   2.1973328e+01   3.9442995e+01  -5.1000000e+01   2.7251039e+01
  -2.7318840e+01   1.1717279e+01   3.9000000e+01   1.9119018e+01   4.0718104e+01  -5.1000000e+01   3.0547193e+01
  -3.1194367e+01   1.5829371e+01   3.9000000e+01   1.4262729e+01   3.8164741e+01  -5.1000000e+01   3.2781820e+01
  -3.3470932e+01   1.6998070e+01   3.9000000e+01   1.0832030e+01   3.5166649e+01  -5.1000000e+01   3.4112617e+01
  -3.6992961e+01   1.8545156e+01   3.9000000e+01   5.5303242e+00   3.4004731e+01  -5.1000000e+01   3.7838918e+01
  -3.9657361e+01   2.1661349e+01   3.9000000e+01   1.9247345e+00   3.2278183e+01  -5.1000000e+01   4.1626203e+01
  -4.3816276e+01   2.4103951e+01   3.9000000e+01  -9.8892042e-01   2.8632967e+01  -5.1000000e+01   4.4958507e+01
  -4.6889145e+01   2.6668190e+01   3.9000000e+01  -2.7905318e+00   2.5566528e+01  -5.1000000e+01   4.8333278e+01
  -5.0130764e+01   2.6771919e+01   3.9000000e+01  -4.3172549e+00   2.4974461e+01  -5.1000000e+01   5.0548429e+01
  -5.0385417e+01   2.8348649e+01   3.9000000e+01  -5.8888959e+00   2.2280364e+01  -5.1000000e+01   5.3069294e+01
  -4.9809559e+01   3.0257296e+01   3.9000000e+01  -8.3339306e+00   1.8807297e+01  -5.1000000e+01   5.5064236e+01
  -4.8171378e+01   2.9021839e+01   3.9000000e+01  -1.1543224e+01   1.7478872e+01  -5.1000000e+01   5.6983269e+01
  -4.4303150e+01   2.6585482e+01   3.9000000e+01  -1.7743652e+01   2.0353492e+01  -5.1000000e+01   5.4235285e+01
  -3.7902119e+01   2.1997708e+01   3.9000000e+01  -2.0595484e+01   2.2622732e+01  -5.1000000e+01   4.9616745e+01
  -3.4412183e+01   1.7649377e+01   3.9000000e+01  -2.2154775e+01   2.1978518e+01  -5.1000000e+01   4.0872368e+01
  -2.9701595e+01   1.2960821e+01   3.9000000e+01  -1.8695979e+01   2.2944363e+01  -5.1000000e+01   3.2939005e+01
  -2.3605559e+01   1.0287100e+01   3.9000000e+01  -1.3788954e+01   2.8647165e+01  -5.1000000e+01   2.4403603e+01
  -1.7995940e+01   7.0800395e+00   3.9000000e+01  -6.0059441e+00   3.7139224e+01  -5.1000000e+01   1.5101815e+01
  -9.1493855e+00   2.3168064e+00   3.9000000e+01   5.5040404e+00   4.6689426e+01  -5.1000000e+01   6.1039592e+00
  -1.9850816e+00  -1.1046791e+00   3.9000000e+01   1.6409222e+01   5.2714288e+01  -5.1000000e+01  -7.4413427e-01
   4.8673332e+00  -3.8675966e+00   3.9000000e+01   2.5448873e+01   5.6760567e+01  -5.1000000e+01  -3.0843223e+00
   1.1005623e+01  -9.7953706e+00   3.9000000e+01   3.4998839e+01   5.9488562e+01  -5.1000000e+01  -6.5241713e+00
   1.8075575e+01  -1.4722634e+01   3.9000000e+01   4.4004681e+01   5.9258335e+01  -5.1000000e+01  -1.0053386e+01
   2.3231826e+01  -1.9589612e+01   3.9000000e+01   5.3184007e+01   5.8316957e+01  -5.1000000e+01  -1.3673576e+01
   2.7399441e+01  -2.3637703e+01   3.9000000e+01   6.0639322e+01   5.7726546e+01  -5.1000000e+01  -1.6800545e+01
   2.9429241e+01  -2.6686101e+01   3.9000000e+01   6.8357481e+01   5.6330302e+01  -5.1000000e+01  -2.0811317e+01
   2.9216870e+01  -2.7623905e+01   3.9000000e+01   7.5307689e+01   5.3890399e+01  -5.1000000e+01  -2.4786976e+01
   2.6931308e+01  -2.6859156e+01   3.9000000e+01   8.1887430e+01   5.1513008e+01  -5.1000000e+01  -2.5905693e+01
   2.2812454e+01  -2.5099862e+01   3.9000000e+01   8.7235892e+01   4.7418592e+01  -5.1000000e+01  -2.3941471e+01
   2.0606212e+01  -2.2930345e+01   3.9000000e+01   8.5937190e+01   4.4785099e+01  -5.1000000e+01  -2.0695250e+01
   1.8752375e+01  -2.2104766e+01   3.9000000e+01   8.3057853e+01   4.4016085e+01  -5.1000000e+01  -1.5406176e+01
   1.5450581e+01  -1.8987489e+01   3.9000000e+01   7.8287524e+01   4.3930515e+01  -5.1000000e+01  -9.9894561e+00
   1.1842963e+01  -1.5806325e+01   3.9000000e+01   7.3418037e+01   4.4131506e+01  -5.1000000e+01  -6.3514929e+00
   8.4230982e+00  -1.3466196e+01   3.9000000e+01   6.9108611e+01   4.4524111e+01  -5.1000000e+01  -4.0436980e+00
   5.2031075e+00  -1.0453896e+01   3.9000000e+01   6.4532069e+01   4.4070031e+01  -5.1000000e+01  -1.7027799e+00
   1.8680517e+00  -7.5627199e+00   3.9000000e+01   5.9525170e+01   4.3380750e+01  -5.1000000e+01   9.4153363e-01
  -2.6446226e-01  -6.3374841e+00   3.9000000e+01   5.6238435e+01   4.3262058e+01  -5.1000000e+01   3.4104461e+00
  -3.7148175e+00  -3.7464425e+00   3.9000000e+01   5.1690421e+01   4.2763548e+01  -5.1000000e+01   5.5408717e+00
  -6.9806664e+00  -5.5342559e-01   3.9000000e+01   4.7735145e+01   4.2166462e+01  -5.1000000e+01   6.8277289e+00
  -9.6606288e+00   8.0485481e-01   3.9000000e+01   4.5456739e+01   4.2167017e+01  -5.1000000e+01   8.2479857e+00
  -1.1840514e+01   3.3896369e+00   3.9000000e+01   4.1493339e+01   4.0909499e+01  -5.1000000e+01   1.0237310e+01
  -1.5293803e+01   5.9504736e+00   3.9000000e+01   3.7035088e+01   4.0314957e+01  -5.1000000e+01   1.3345948e+01
  -1.7603702e+01   8.3994313e+00   3.9000000e+01   3.3099960e+01   3.8862995e+01  -5.1000000e+01   1.5799553e+01
  -2.0815661e+01   1.0518121e+01   3.9000000e+01   2.9134559e+01   3.7399261e+01  -5.1000000e+01   1.6974044e+01
  -2.4375348e+01   1.1442229e+01   3.9000000e+01   2.6070761e+01   3.7054997e+01  -5.1000000e+01   1.9058414e+01
  -2.7268273e+01   1.2659159e+01   3.9000000e+01   2.3326898e+01   3.6981740e+01  -5.1000000e+01   2.1153845e+01
  -3.0257106e+01   1.4375485e+01   3.9000000e+01   2.2112986e+01   3.6181196e+01  -5.1000000e+01   2.1158434e+01
  -3.3178886e+01   1.4223328e+01   3.9000000e+01   1.8501412e+01   3.5745551e+01  -5.1000000e+01   2.4490720e+01
  -3.7543733e+01   1.8610116e+01   3.9000000e+01   1.2711535e+01   3.3636403e+01  -5.1000000e+01   2.8984369e+01
  -3.9972493e+01   1.9603305e+01   3.9000000e+01   9.0943718e+00   3.2083741e+01  -5.1000000e+01   3.2029982e+01
  -4.3437912e+01   2.3009505e+01   3.9000000e+01   4.5165150e+00   2.7335742e+01  -5.1000000e+01   3.5223877e+01
  -4.7297292e+01   2.6611693e+01   3.9000000e+01   4.3884540e-01   2.3217010e+01  -5.1000000e+01   3.8280735e+01
  -5.0058960e+01   3.0005881e+01   3.9000000e+01  -2.1610570e+00   1.7228087e+01  -5.1000000e+01   4.0907144e+01
  -5.3198061e+01   3.3425554e+01   3.9000000e+01  -4.4814511e+00   1.2570558e+01  -5.1000000e+01   4.5005560e+01
  -5.4426608e+01   3.4050457e+01   3.9000000e+01  -5.5999596e+00   1.0052254e+01  -5.1000000e+01   4.7719721e+01
  -5.6069836e+01   3.5059568e+01   3.9000000e+01  -7.4992412e+00   7.6719039e+00  -5.1000000e+01   5.1420878e+01
  -5.5562615e+01   3.6353616e+01   3.9000000e+01  -9.6718419e+00   3.3076704e+00  -5.1000000e+01   5.3147608e+01
  -5.4535171e+01   3.5537516e+01   3.9000000e+01  -1.1537466e+01   1.5805310e-02  -5.1000000e+01   5.5176402e+01
  -5.0968136e+01   3.2344727e+01   3.9000000e+01  -1.4842316e+01   1.4192286e+00  -5.1000000e+01   5.5849588e+01
  -4.8453218e+01   2.9489181e+01   3.9000000e+01  -1.8916091e+01   4.7364933e+00  -5.1000000e+01   5.3479351e+01
  -4.4788596e+01   2.8582137e+01   3.9000000e+01  -2.4739755e+01   8.6683307e+00  -5.1000000e+01   4.8356943e+01
  -4.0851445e+01   2.6092590e+01   3.9000000e+01  -2.6377505e+01   8.8373189e+00  -5.1000000e+01   4.0697969e+01
  -3.6073138e+01   2.2480445e+01   3.9000000e+01  -2.4334151e+01   1.2631073e+01  -5.1000000e+01   3.2865927e+01
  -3.1290687e+01   1.6129110e+01   3.9000000e+01  -1.9166606e+01   1.9109746e+01  -5.1000000e+01   2.5039889e+01
  -2.5142197e+01   1.0745810e+01   3.9000000e+01  -1.2286258e+01   2.6998589e+01  -5.1000000e+01   1.8182379e+01
  -1.9363072e+01   5.6374862e+00   3.9000000e+01  -3.6088997e+00   3.6735362e+01  -5.1000000e+01   1.0096345e+01
  -1.1676579e+01   9.7212206e-01   3.9000000e+01   7.6789448e+00   4.5043869e+01  -5.1000000e+01   1.7258833e+00
  -5.0511593e+00  -2.9323158e+00   3.9000000e+01   1.7611269e+01   5.2006315e+01  -5.1000000e+01  -3.6573300e+00
   1.1943205e+00  -5.6944290e+00   3.9000000e+01   2.6445843e+01   5.5378632e+01  -5.1000000e+01  -7.8222603e+00
   7.0234502e+00  -9.2475628e+00   3.9000000e+01   3.5472735e+01   5.7215999e+01  -5.1000000e+01  -1.0432709e+01
   1.3368678e+01  -1.4944413e+01   3.9000000e+01   4.5223407e+01   5.6186425e+01  -5.1000000e+01  -1.3167413e+01
   1.8519077e+01  -1.8699913e+01   3.9000000e+01   5.3987172e+01   5.4525909e+01  -5.1000000e+01  -1.7161411e+01
   2.1127854e+01  -2.1327726e+01   3.9000000e+01   6.1703131e+01   5.2926953e+01  -5.1000000e+01  -1.9627170e+01
   2.1851983e+01  -2.2427877e+01   3.9000000e+01   6.9177499e+01   5.0151590e+01  -5.1000000e+01  -2.2313233e+01
   1.8748758e+01  -2.1584285e+01   3.9000000e+01   7.5262220e+01   4.7855876e+01  -5.1000000e+01  -2.3617647e+01
   1.5380221e+01  -2.1565664e+01   3.9000000e+01   8.0012239e+01   4.3918251e+01  -5.1000000e+01  -2.0453017e+01
   1.3720242e+01  -1.9713320e+01   3.9000000e+01   7.7634998e+01   4.2764959e+01  -5.1000000e+01  -1.6778252e+01
   1.1549272e+01  -1.7232496e+01   3.9000000e+01   7.4639208e+01   4.2420138e+01  -5.1000000e+01  -1.3825340e+01
   8.7917373e+00  -1.4275310e+01   3.9000000e+01   7.0861209e+01   4.2166039e+01  -5.1000000e+01  -1.1094812e+01
