  -2.6286056e+01   1.8342836e+01   4.7465404e+01   1.9711147e+01   2.6266456e+01  -4.9320256e+01   2.0428388e+01
  -2.7968900e+01   4.4140713e+00   4.7231546e+01   2.1271787e+01   2.7101205e+01  -5.1684294e+01   2.2465255e+01
  -1.6724267e+01  -2.0000000e+00   4.0208340e+01   2.9195282e+01   3.6213098e+01  -4.8072100e+01   3.0313271e+01
  -1.6393323e+01  -2.0000000e+00   3.1313953e+01   3.4577860e+01   4.4497695e+01  -5.0811158e+01   3.3985031e+01
  -1.8990788e+01  -2.0000000e+00   2.5485751e+01   3.7304557e+01   5.2769573e+01  -5.5658470e+01   3.6332111e+01
  -2.2421201e+01  -2.0000000e+00   2.3949867e+01   3.9165120e+01   5.8075943e+01  -6.0299790e+01   3.6402061e+01
  -2.4470840e+01  -2.0000000e+00   2.2202953e+01   4.0762502e+01   6.1730304e+01  -6.4846693e+01   3.8965663e+01
  -2.5548389e+01  -2.0000000e+00   1.7325805e+01   4.2064825e+01   6.5538813e+01  -6.9826851e+01   4.2305514e+01
  -2.8186066e+01  -2.0000000e+00   1.2564895e+01   4.1141298e+01   6.9260025e+01  -7.5008533e+01   4.4699555e+01
  -3.1032816e+01  -2.0000000e+00   7.4958864e+00   3.9039578e+01   7.0620944e+01  -7.8533491e+01   4.5712454e+01
  -3.3945568e+01  -2.0000000e+00   1.9776838e+00   3.6346359e+01   7.4223619e+01  -8.1268333e+01   4.8785440e+01
  -3.4939288e+01  -2.0000000e+00  -1.0656912e+00   3.4787934e+01   7.5272358e+01  -8.2344714e+01   5.1003738e+01
  -3.6283143e+01  -2.0000000e+00   2.2574527e+00   3.3782266e+01   7.2213236e+01  -8.2048034e+01   5.2681532e+01
  -3.7941129e+01  -2.0000000e+00   2.1626700e+00   3.2556209e+01   7.0206797e+01  -8.2188345e+01   5.5782776e+01
  -3.7807443e+01  -2.0000000e+00   1.3372975e+00   3.1851332e+01   6.8707085e+01  -8.3267852e+01   5.9337939e+01
  -3.6545978e+01  -2.0000000e+00   5.0352455e+00   3.1562252e+01   5.9293422e+01  -8.6015290e+01   5.8859492e+01
  -3.4605867e+01  -2.0000000e+00   2.9422439e+00   3.1988051e+01   6.3901905e+01  -9.1258484e+01   6.0327961e+01
  -3.1248244e+01  -2.0000000e+00   3.5415612e+00   2.4543429e+01   6.3846132e+01  -9.0615520e+01   5.7769435e+01
  -2.8609735e+01  -2.0000000e+00   5.4375507e+00   1.9347343e+01   6.7414155e+01  -8.6793907e+01   5.3464397e+01
  -2.3767660e+01  -2.0000000e+00   3.7082617e+00   1.8381680e+01   7.0734910e+01  -7.8459783e+01   4.7444900e+01
  -2.1907644e+01  -2.0000000e+00   9.5851930e+00   1.8759042e+01   6.5898889e+01  -7.0721223e+01   3.9003590e+01
  -1.7440824e+01  -2.0000000e+00   1.5950216e+01   1.6692136e+01   6.1485645e+01  -6.5350518e+01   2.7680020e+01
  -1.4640616e+01  -2.0000000e+00   1.9658458e+01   1.3813553e+01   6.3138729e+01  -6.2044395e+01   2.1275355e+01
  -1.2217624e+01  -2.0000000e+00   2.3141631e+01   1.0554339e+01   6.3283214e+01  -5.8504259e+01   1.2544366e+01
  -9.3255424e+00  -2.0000000e+00   2.7372535e+01   1.1914702e+01   6.3545436e+01  -5.6495216e+01   6.4882633e+00
  -4.9881038e+00  -2.0000000e+00   3.5466757e+01   1.5873065e+01   5.5847735e+01  -5.6057916e+01  -3.0266889e+00
  -2.6087013e+00  -2.0000000e+00   4.2303486e+01   1.5348932e+01   5.0436371e+01  -5.1727064e+01  -1.1057366e+01
   3.5584695e-01  -2.0000000e+00   4.5952874e+01   1.5154962e+01   4.6336158e+01  -4.6773832e+01  -1.9492289e+01
   4.5022854e-01  -2.0000000e+00   5.0655078e+01   1.5542974e+01   4.4401059e+01  -4.0998957e+01  -2.7185294e+01
   2.4361250e+00  -2.0000000e+00   5.2881397e+01   1.5793750e+01   4.2770421e+01  -3.5538042e+01  -3.3746543e+01
   3.7375558e+00  -2.0000000e+00   5.5408581e+01   1.6486938e+01   4.1583021e+01  -2.9955251e+01  -3.9035414e+01
   3.5035242e+00  -2.0000000e+00   5.6451059e+01   1.7793406e+01   4.0021476e+01  -2.4507366e+01  -4.3565110e+01
   9.0214881e-01  -2.0000000e+00   5.9072257e+01   2.0160412e+01   3.7429656e+01  -1.8624319e+01  -4.6551280e+01
  -3.7929540e+00  -2.0000000e+00   6.2530581e+01   2.3898928e+01   3.2796051e+01  -1.2684042e+01  -4.3918832e+01
  -5.9981299e+00  -2.0000000e+00   6.6509915e+01   2.4112964e+01   2.8742831e+01  -1.1254713e+01  -3.6060910e+01
  -5.0665497e+00  -2.0000000e+00   6.4376488e+01   2.2239571e+01   2.4428356e+01  -1.3349408e+01  -2.7782623e+01
  -4.6951322e+00  -2.0000000e+00   6.1152606e+01   2.3520334e+01   2.4313139e+01  -1.8322905e+01  -1.8585233e+01
  -3.9985109e+00  -2.0000000e+00   5.8319692e+01   2.6952249e+01   2.4395394e+01  -2.4788755e+01  -1.2835643e+01
  -4.9474565e+00  -2.0000000e+00   5.5592377e+01   3.0117232e+01   2.5342887e+01  -3.0507553e+01  -7.4126952e+00
  -6.8072839e+00  -2.0000000e+00   5.3690793e+01   3.3519913e+01   2.8369258e+01  -3.5659148e+01  -2.6883183e+00
  -7.2779780e+00  -2.0000000e+00   5.1556848e+01   3.6715379e+01   2.9266437e+01  -4.0394362e+01   1.3150398e-02
  -8.4001744e+00  -2.0000000e+00   4.9368530e+01   4.0094985e+01   3.0758378e+01  -4.5167676e+01   3.0902686e+00
  -8.8268682e+00  -2.0000000e+00   4.7105857e+01   4.3773341e+01   3.2987075e+01  -4.9854886e+01   6.5913310e+00
  -9.5418685e+00  -2.0000000e+00   4.3552432e+01   4.6124373e+01   3.5019342e+01  -5.4525567e+01   1.0967720e+01
  -1.1179920e+01  -2.0000000e+00   4.1063779e+01   4.8487853e+01   3.7438951e+01  -5.9140074e+01   1.4791356e+01
  -1.2662393e+01  -2.0000000e+00   3.6622560e+01   5.1475673e+01   4.1019266e+01  -6.3658174e+01   1.8929120e+01
  -1.5850682e+01  -2.0000000e+00   3.4552892e+01   5.3233560e+01   4.4210817e+01  -6.7956763e+01   2.1006508e+01
  -1.8511632e+01  -2.0000000e+00   3.2918950e+01   5.5231682e+01   4.7333306e+01  -7.1885119e+01   2.3778920e+01
  -2.1073459e+01  -2.0000000e+00   2.9191554e+01   5.7482095e+01   5.0848234e+01  -7.6107002e+01   2.7047116e+01
  -2.3285048e+01  -2.0000000e+00   2.6363496e+01   5.8551568e+01   5.3528754e+01  -8.0891291e+01   3.1051577e+01
  -2.5657322e+01  -2.0000000e+00   2.2967401e+01   6.0581488e+01   5.7663552e+01  -8.5202038e+01   3.4308601e+01
  -2.7655488e+01  -2.0000000e+00   1.8844987e+01   6.1184359e+01   6.0792527e+01  -9.0256178e+01   3.7429826e+01
  -3.0738956e+01  -2.0000000e+00   1.2754998e+01   6.0621156e+01   6.4808484e+01  -9.4559350e+01   4.0238097e+01
  -3.2737402e+01  -2.0000000e+00   7.2024728e+00   5.8520482e+01   6.7337740e+01  -9.7559287e+01   4.1850333e+01
  -3.5310587e+01  -2.0000000e+00   5.4533207e+00   5.5866399e+01   6.7411255e+01  -9.7682547e+01   4.4306592e+01
  -3.6068434e+01  -2.0000000e+00   2.0684230e+00   5.2362457e+01   6.6807969e+01  -9.8288893e+01   4.6567298e+01
  -3.6264093e+01  -2.0000000e+00  -1.0798817e+00   5.0063153e+01   6.6482485e+01  -9.7753741e+01   5.0480097e+01
  -3.6672160e+01  -2.0000000e+00  -2.2756287e+00   4.8711842e+01   6.6338418e+01  -9.8303665e+01   5.2764821e+01
  -3.6284010e+01  -2.0000000e+00   5.2342036e-02   4.5551471e+01   6.3011322e+01  -9.8489602e+01   5.5661703e+01
  -3.4292644e+01  -2.0000000e+00   3.4562743e+00   4.7161441e+01   6.1811087e+01  -1.0398690e+02   5.4462283e+01
  -3.1927549e+01  -2.0000000e+00   5.1984294e+00   4.0857540e+01   6.3247224e+01  -1.0160412e+02   5.3857229e+01
  -2.9867201e+01  -2.0000000e+00   3.9077279e+00   3.3922081e+01   6.3458188e+01  -9.7900874e+01   5.2112601e+01
  -2.8095313e+01  -2.0000000e+00   8.0104403e+00   2.9800918e+01   6.0632730e+01  -9.1041836e+01   4.8679927e+01
  -2.5566203e+01  -2.0000000e+00   1.1228307e+01   2.6115182e+01   5.7781963e+01  -8.3482057e+01   4.6760551e+01
  -2.1439451e+01  -2.0000000e+00   1.2465697e+01   2.1279378e+01   5.7678869e+01  -7.7272004e+01   3.5137411e+01
  -1.6179052e+01  -2.0000000e+00   8.7203198e+00   1.8178648e+01   6.6373578e+01  -7.7509747e+01   2.9156249e+01
  -1.3874934e+01  -2.0000000e+00   4.4446974e+00   1.3838427e+01   7.3681126e+01  -7.3934663e+01   1.9219277e+01
  -1.0154068e+01  -2.0000000e+00   7.5155307e+00   1.2250372e+01   7.5850311e+01  -7.0927520e+01   1.4525103e+01
  -8.9963465e+00  -2.0000000e+00   1.4869098e+01   1.0213039e+01   7.2748691e+01  -6.5371219e+01   6.1294951e+00
  -5.5902395e+00  -2.0000000e+00   2.6407553e+01   1.3159660e+01   6.6660403e+01  -5.8205040e+01  -3.3188799e+00
  -5.9776436e-01  -2.0000000e+00   3.6716318e+01   1.5160408e+01   6.0475594e+01  -5.3488839e+01  -1.0640218e+01
   2.5666363e+00  -2.0000000e+00   4.1427061e+01   1.5940308e+01   5.6804834e+01  -4.8491654e+01  -1.8399667e+01
   4.2935248e+00  -2.0000000e+00   4.6335595e+01   1.5659260e+01   5.3855222e+01  -4.2637287e+01  -2.4872100e+01
   6.0333949e+00  -2.0000000e+00   4.9702460e+01   1.5920386e+01   5.2431420e+01  -3.6870345e+01  -3.1948143e+01
   6.9400731e+00  -2.0000000e+00   5.2231641e+01   1.6333724e+01   5.0761557e+01  -3.1025570e+01  -3.7701870e+01
   8.8102299e+00  -2.0000000e+00   5.3432148e+01   1.7646222e+01   4.9065684e+01  -2.4895461e+01  -4.2010150e+01
   7.9091672e+00  -2.0000000e+00   5.4021350e+01   1.8464358e+01   4.7800633e+01  -1.9248561e+01  -4.5385942e+01
   4.3958393e+00  -2.0000000e+00   5.7480714e+01   2.0767576e+01   4.5760696e+01  -1.3016106e+01  -4.8839794e+01
  -1.6662086e+00  -2.0000000e+00   4.6334713e+01   2.0885510e+01   3.7998325e+01  -1.0004948e+01  -4.6302886e+01
   1.4018327e+00  -2.0000000e+00   5.6153742e+01   2.1045962e+01   3.7846117e+01  -5.6753789e+00  -3.8903667e+01
  -1.7784296e+00  -2.0000000e+00   6.0236108e+01   1.7410034e+01   3.3610626e+01  -6.8305654e+00  -3.1792849e+01
  -2.3624273e+00  -2.0000000e+00   6.0966660e+01   1.6107921e+01   2.9454747e+01  -9.2107457e+00  -2.3630035e+01
  -3.5562738e+00  -2.0000000e+00   6.1486929e+01   1.6686573e+01   2.6412863e+01  -1.2602730e+01  -1.7599778e+01
  -3.5133808e+00  -2.0000000e+00   6.0742502e+01   2.0217169e+01   2.5387832e+01  -1.8191188e+01  -1.1983834e+01
  -2.5507415e+00  -2.0000000e+00   5.8251335e+01   2.5320259e+01   2.4687495e+01  -2.5115238e+01  -6.0340697e+00
  -2.5444313e+00  -2.0000000e+00   5.6632633e+01   2.8506022e+01   2.4593538e+01  -3.0723774e+01  -1.0564236e+00
  -2.0544879e+00  -2.0000000e+00   5.5209931e+01   3.1736802e+01   2.3975420e+01  -3.5333924e+01   2.0930878e+00
  -2.2904449e+00  -2.0000000e+00   5.3652540e+01   3.5044121e+01   2.4376139e+01  -3.9728662e+01   4.6352889e+00
  -3.1608979e+00  -2.0000000e+00   5.2747735e+01   3.8158655e+01   2.5212167e+01  -4.3964402e+01   5.8551163e+00
  -3.5530806e+00  -2.0000000e+00   5.1752406e+01   4.1860829e+01   2.5804661e+01  -4.7817662e+01   5.4719372e+00
  -3.4927126e+00  -2.0000000e+00   5.0414462e+01   4.6163819e+01   2.6567475e+01  -5.2356403e+01   7.0270682e+00
  -3.0275043e+00  -2.0000000e+00   4.9217593e+01   5.1208145e+01   2.6014198e+01  -5.7425651e+01   7.3138096e+00
  -3.1167079e+00  -2.0000000e+00   4.8790234e+01   5.6065419e+01   2.6275140e+01  -6.2847068e+01   8.1590157e+00
  -3.7426244e+00  -2.0000000e+00   4.8483175e+01   6.0200552e+01   2.7103239e+01  -6.8271508e+01   1.1072996e+01
  -4.3773313e+00  -2.0000000e+00   4.7176231e+01   6.3976030e+01   2.8668001e+01  -7.3713541e+01   1.4344742e+01
  -6.2197983e+00  -2.0000000e+00   4.6876442e+01   6.6817123e+01   2.9933459e+01  -7.8560260e+01   1.6211139e+01
  -6.6084103e+00  -2.0000000e+00   4.5991022e+01   7.1052517e+01   3.0828717e+01  -8.3431024e+01   1.8551009e+01
  -8.3501100e+00  -2.0000000e+00   4.4766877e+01   7.5095161e+01   3.4047170e+01  -8.8804793e+01   2.1928521e+01
  -9.4688092e+00  -2.0000000e+00   4.2588914e+01   7.9387111e+01   3.6524441e+01  -9.4077013e+01   2.4002055e+01
  -1.1131134e+01  -2.0000000e+00   4.1466762e+01   8.2730991e+01   3.8807610e+01  -9.9452402e+01   2.7424117e+01
  -1.3245067e+01  -2.0000000e+00   3.8724156e+01   8.6170133e+01   4.2896554e+01  -1.0521984e+02   3.0868607e+01
  -1.3695248e+01  -2.0000000e+00   3.5939881e+01   8.9454461e+01   4.5198060e+01  -1.1101839e+02   3.4203317e+01
  -1.5876930e+01  -2.0000000e+00   3.2721733e+01   9.3100209e+01   4.9524529e+01  -1.1700889e+02   3.7768275e+01
  -1.7982290e+01  -2.0000000e+00   2.9373513e+01   9.6042333e+01   5.3680095e+01  -1.2339828e+02   3.9716241e+01
  -2.1374199e+01  -2.0000000e+00   2.7277409e+01   9.8469997e+01   5.6951997e+01  -1.2929944e+02   4.3407587e+01
  -2.3914026e+01  -2.0000000e+00   2.3491534e+01   9.9881575e+01   6.0765771e+01  -1.3533908e+02   4.5843792e+01
  -2.6403862e+01  -2.0000000e+00   1.9989223e+01   1.0145922e+02   6.5088601e+01  -1.4053669e+02   4.8223698e+01
  -2.8482669e+01  -2.0000000e+00   1.5982715e+01   1.0213362e+02   6.6821954e+01  -1.4557419e+02   5.0109334e+01
  -2.8087460e+01  -2.0000000e+00   1.2860145e+01   1.0253260e+02   6.7815535e+01  -1.4999669e+02   5.3339312e+01
  -2.6285796e+01  -2.0000000e+00   1.3777760e+01   9.9478063e+01   6.6745242e+01  -1.5345759e+02   5.4750240e+01
  -2.2747224e+01  -2.0000000e+00   1.5714264e+01   9.6346174e+01   6.4618321e+01  -1.5536340e+02   5.4592725e+01
  -1.8591575e+01  -2.0000000e+00   1.3669794e+01   9.4836705e+01   6.6030570e+01  -1.5633875e+02   4.9893097e+01
  -1.4098666e+01  -2.0000000e+00   1.1866143e+01   9.7743077e+01   6.8457824e+01  -1.5409297e+02   4.5949209e+01
  -1.0119612e+01  -2.0000000e+00   1.5067558e+01   9.5699496e+01   6.9667761e+01  -1.5266598e+02   3.9220977e+01
  -7.6767199e+00  -2.0000000e+00   1.8387868e+01   9.3472358e+01   6.4653408e+01  -1.4663959e+02   3.1547215e+01
  -7.1350933e+00  -2.0000000e+00   2.3173078e+01   8.9524724e+01   5.7674530e+01  -1.3917470e+02   2.4161691e+01
  -1.8273479e+00  -2.0000000e+00   2.5828727e+01   8.2178377e+01   5.8271496e+01  -1.3623436e+02   1.6520917e+01
   2.6962434e+00  -2.0000000e+00   2.5029040e+01   7.8570134e+01   6.2123288e+01  -1.3729346e+02   9.2197972e+00
   5.2623284e+00  -2.0000000e+00   2.4699467e+01   7.9161414e+01   6.3729489e+01  -1.4164702e+02   4.4969787e-01
   6.6347494e+00  -2.0000000e+00   2.4345219e+01   7.9467506e+01   6.5039374e+01  -1.4209051e+02  -7.6076496e+00
   9.5942933e+00  -2.0000000e+00   2.3754208e+01   7.6807587e+01   6.7347112e+01  -1.3416861e+02  -1.1588369e+01
   1.0231422e+01  -2.0000000e+00   2.8957368e+01   7.5489774e+01   6.7024818e+01  -1.2535727e+02  -1.5655422e+01
   1.2703853e+01  -2.0000000e+00   3.3013275e+01   7.4770356e+01   6.5919908e+01  -1.1632448e+02  -1.9559236e+01
   1.4706259e+01  -2.0000000e+00   3.8260513e+01   7.6076047e+01   6.3639047e+01  -1.0676378e+02  -2.2987679e+01
   1.5446069e+01  -2.0000000e+00   3.9715133e+01   7.5394199e+01   6.1388733e+01  -9.7546989e+01  -2.7762975e+01
   1.7301592e+01  -2.0000000e+00   3.7527407e+01   7.6617029e+01   5.8133167e+01  -8.7983647e+01  -3.1100236e+01
   1.7440567e+01  -2.0000000e+00   3.8296178e+01   7.8345988e+01   5.4702070e+01  -7.8313833e+01  -3.4809437e+01
   1.3231853e+01  -2.0000000e+00   3.9621972e+01   8.0598020e+01   4.9201768e+01  -6.8749862e+01  -3.5563299e+01
   9.2300521e+00  -2.0000000e+00   4.0795128e+01   7.7177865e+01   4.3929559e+01  -6.0836198e+01  -3.3308589e+01
   8.1874799e+00  -2.0000000e+00   4.2929393e+01   6.9881988e+01   3.9840424e+01  -5.6237096e+01  -2.9703522e+01
   6.2950158e+00  -2.0000000e+00   4.5370788e+01   6.2238098e+01   3.6024737e+01  -5.2137702e+01  -2.5583737e+01
   4.7091796e+00  -2.0000000e+00   4.8169537e+01   5.4738750e+01   3.1863430e+01  -4.8345375e+01  -2.0113189e+01
   6.1775913e-01  -2.0000000e+00   5.2351451e+01   4.7063248e+01   2.9056842e+01  -4.5223692e+01  -1.5747516e+01
  -9.2764267e-01  -2.0000000e+00   5.5159192e+01   4.0068926e+01   2.5096897e+01  -4.1573926e+01  -1.0176499e+01
  -2.2437863e+00  -2.0000000e+00   5.5952642e+01   3.4306444e+01   2.1880642e+01  -3.8078536e+01  -5.0312024e+00
  -1.8338022e+00  -2.0000000e+00   5.5601620e+01   2.9582320e+01   2.0709478e+01  -3.5410936e+01   6.4179692e-01
  -1.7252615e+00  -2.0000000e+00   5.3180837e+01   3.3247943e+01   2.1874954e+01  -4.1145566e+01   6.9315282e+00
  -3.7466564e+00  -2.0000000e+00   5.1334152e+01   3.6875043e+01   2.5614783e+01  -4.6304879e+01   1.2420228e+01
  -3.1306466e+00  -2.0000000e+00   4.8628786e+01   4.1486382e+01   2.6627502e+01  -5.1465890e+01   1.6504363e+01
  -4.7404203e+00  -2.0000000e+00   4.5486119e+01   4.5271343e+01   3.0169707e+01  -5.7064186e+01   2.1730978e+01
  -6.3508165e+00  -2.0000000e+00   4.1546046e+01   4.8849697e+01   3.4345898e+01  -6.2457453e+01   2.6297536e+01
  -9.2561898e+00  -2.0000000e+00   3.6827907e+01   5.2255923e+01   3.9449712e+01  -6.7674102e+01   3.0147726e+01
  -1.3645813e+01  -2.0000000e+00   3.4723088e+01   5.4070302e+01   4.5365793e+01  -7.2958983e+01   3.3780651e+01
  -1.6110578e+01  -2.0000000e+00   2.9131448e+01   5.7390383e+01   5.0973218e+01  -7.7635674e+01   3.7524656e+01
  -1.8340268e+01  -2.0000000e+00   2.1555060e+01   6.1501436e+01   5.7684258e+01  -8.2697140e+01   4.1298422e+01
  -2.1648286e+01  -2.0000000e+00   1.9789666e+01   6.1866288e+01   6.2725303e+01  -8.8880875e+01   4.3422114e+01
  -2.5626255e+01  -2.0000000e+00   1.5548730e+01   6.0482642e+01   6.7527134e+01  -9.4407642e+01   4.5957935e+01
  -2.7952003e+01  -2.0000000e+00   9.8494425e+00   6.0026867e+01   7.1134189e+01  -9.8681714e+01   4.7592637e+01
  -3.0598320e+01  -2.0000000e+00   5.7613966e+00   5.8189827e+01   7.3792321e+01  -1.0179146e+02   4.9085112e+01
  -3.2868133e+01  -2.0000000e+00   2.6907598e+00   5.5516791e+01   7.5049659e+01  -1.0327723e+02   5.0109347e+01
  -3.3905134e+01  -2.0000000e+00  -1.3926547e+00   5.2857099e+01   7.5274192e+01  -1.0304031e+02   5.1732540e+01
  -3.4535550e+01  -2.0000000e+00  -5.8651432e+00   4.9153105e+01   7.6632474e+01  -1.0250480e+02   5.4553121e+01
  -3.5100811e+01  -2.0000000e+00  -3.3219184e+00   4.4869466e+01   7.3684327e+01  -9.8983257e+01   5.6596511e+01
  -3.4800759e+01  -2.0000000e+00  -1.1338742e+00   3.9980872e+01   7.0074172e+01  -9.4277314e+01   5.9351968e+01
  -3.2843334e+01  -2.0000000e+00   5.0744607e-01   3.5795282e+01   6.7005538e+01  -9.1925068e+01   6.0603907e+01
  -2.9418844e+01  -2.0000000e+00   3.9172370e+00   2.7896536e+01   7.2000948e+01  -8.9096858e+01   5.8262920e+01
  -2.5633179e+01  -2.0000000e+00   2.6392969e+00   2.2501505e+01   7.4570957e+01  -8.2805934e+01   5.3685400e+01
  -2.1555579e+01  -2.0000000e+00  -8.2830625e-01   1.7577884e+01   7.8985159e+01  -7.6661540e+01   4.7612313e+01
  -1.8846440e+01  -2.0000000e+00   5.7106835e-01   1.8604628e+01   8.1319517e+01  -7.3602658e+01   4.2766189e+01
  -1.4816861e+01  -2.0000000e+00   4.1825954e+00   1.8185206e+01   7.7371277e+01  -7.1353913e+01   3.2102428e+01
  -1.0935876e+01  -2.0000000e+00   9.1765061e+00   1.4379141e+01   7.6762035e+01  -6.8713566e+01   2.5425882e+01
  -6.1957491e+00  -2.0000000e+00   9.2239338e+00   1.0596217e+01   7.8980153e+01  -6.8375642e+01   1.6426030e+01
  -3.6634804e+00  -2.0000000e+00   8.5878916e+00   9.3253312e+00   7.9703655e+01  -6.8207869e+01   8.0079959e+00
  -2.2450949e+00  -2.0000000e+00   1.4470764e+01   1.1836475e+01   7.9067711e+01  -6.6900741e+01  -7.7797629e-02
   6.8174390e-01  -2.0000000e+00   2.3320304e+01   1.4039640e+01   7.4709413e+01  -6.1978840e+01  -8.5392347e+00
   2.0604346e+00  -2.0000000e+00   3.1451504e+01   1.4315836e+01   7.1140152e+01  -5.6727379e+01  -1.8308729e+01
   4.1427784e+00  -2.0000000e+00   3.7086023e+01   1.4311096e+01   6.8161736e+01  -5.0538470e+01  -2.6422122e+01
   7.7768627e+00  -2.0000000e+00   4.1057697e+01   1.5015722e+01   6.4931528e+01  -4.4034055e+01  -3.0893992e+01
   8.6443501e+00  -2.0000000e+00   4.5455817e+01   1.5606753e+01   6.2428084e+01  -3.7481527e+01  -3.6619646e+01
   1.0062736e+01  -2.0000000e+00   4.6902182e+01   1.6908172e+01   5.9970826e+01  -3.0563858e+01  -4.1879118e+01
   1.0808771e+01  -2.0000000e+00   4.7201786e+01   1.8074770e+01   5.7911890e+01  -2.4104660e+01  -4.5458818e+01
   1.1352439e+01  -2.0000000e+00   4.7956923e+01   2.2126254e+01   5.5158604e+01  -1.6449875e+01  -4.8509404e+01
   5.9222841e+00  -2.0000000e+00   5.2170554e+01   2.5224080e+01   5.0075716e+01  -8.7611633e+00  -4.4879478e+01
   2.0710763e+00  -2.0000000e+00   5.4616566e+01   2.2699008e+01   4.4417760e+01  -4.7249784e+00  -4.0333634e+01
   6.6208877e-01  -2.0000000e+00   5.6222226e+01   1.8168546e+01   3.9022616e+01  -3.5870635e+00  -3.5146054e+01
  -7.9875561e-01  -2.0000000e+00   5.7430731e+01   1.4468836e+01   3.4121587e+01  -3.7485235e+00  -2.9139948e+01
  -2.0698171e+00  -2.0000000e+00   5.9425713e+01   1.1584838e+01   3.0356571e+01  -4.4590157e+00  -2.2604577e+01
  -2.5269957e+00  -2.0000000e+00   6.0433197e+01   1.0169997e+01   2.6505992e+01  -5.3921832e+00  -1.9035388e+01
  -2.9913562e+00  -2.0000000e+00   6.1047909e+01   9.9710487e+00   2.4169813e+01  -7.3544457e+00  -1.3783988e+01
  -4.1141202e+00  -2.0000000e+00   6.1378525e+01   1.0640237e+01   2.4009936e+01  -1.0213124e+01  -8.1997176e+00
  -4.7943440e+00  -2.0000000e+00   6.0939405e+01   1.2382401e+01   2.5203521e+01  -1.3904998e+01  -2.4561624e+00
  -4.5044790e+00  -2.0000000e+00   5.8487458e+01   1.5037457e+01   2.5333837e+01  -1.8667285e+01   2.0804810e+00
  -2.7685229e+00  -2.0000000e+00   5.5792826e+01   1.9244013e+01   2.4125929e+01  -2.4899828e+01   6.6529786e+00
  -3.1269028e+00  -2.0000000e+00   5.5876347e+01   2.3347335e+01   2.5633828e+01  -3.1008628e+01   1.0729219e+01
  -2.3471597e+00  -2.0000000e+00   5.4110677e+01   2.7399531e+01   2.6351221e+01  -3.5500231e+01   1.4836553e+01
  -3.1574163e+00  -2.0000000e+00   5.2021812e+01   3.1798296e+01   2.7847506e+01  -4.0691353e+01   1.7799444e+01
  -3.0285105e+00  -2.0000000e+00   5.0032747e+01   3.6114374e+01   2.9429563e+01  -4.5954374e+01   2.1532736e+01
  -4.4245421e+00  -2.0000000e+00   4.8083066e+01   3.9456756e+01   3.1800966e+01  -5.1031470e+01   2.5139248e+01
  -6.1975636e+00  -2.0000000e+00   4.6435462e+01   4.2737804e+01   3.4999352e+01  -5.5916148e+01   2.8185639e+01
  -6.9084671e+00  -2.0000000e+00   4.3504103e+01   4.6416593e+01   3.7796452e+01  -6.0531872e+01   3.2186609e+01
  -8.3604046e+00  -2.0000000e+00   4.0201627e+01   5.0547547e+01   4.1946561e+01  -6.5272233e+01   3.6033943e+01
  -1.1657129e+01  -2.0000000e+00   3.6176584e+01   5.3322045e+01   4.7425098e+01  -7.0378216e+01   3.7490723e+01
  -1.4509854e+01  -2.0000000e+00   3.0438535e+01   5.7352206e+01   5.3550122e+01  -7.4954641e+01   3.9329942e+01
  -1.7812144e+01  -2.0000000e+00   2.6843618e+01   6.0155357e+01   5.9403692e+01  -8.0294636e+01   4.0521069e+01
  -1.9614824e+01  -2.0000000e+00   2.3446124e+01   6.2520600e+01   6.4633035e+01  -8.5974346e+01   4.3746608e+01
  -2.2128207e+01  -2.0000000e+00   1.9042748e+01   6.3183253e+01   6.8671157e+01  -9.1858399e+01   4.5613175e+01
  -2.5254594e+01  -2.0000000e+00   1.6814277e+01   6.2052197e+01   7.2203609e+01  -9.7175802e+01   4.7444349e+01
  -2.7361332e+01  -2.0000000e+00   1.1597362e+01   6.1485748e+01   7.6123104e+01  -1.0176222e+02   4.9003549e+01
  -2.8444606e+01  -2.0000000e+00   5.9551268e+00   6.0234714e+01   7.8635133e+01  -1.0502388e+02   5.1197201e+01
  -2.9497862e+01  -2.0000000e+00   4.9324531e+00   5.8933486e+01   7.9824474e+01  -1.0674288e+02   5.2142136e+01
  -3.0614728e+01  -2.0000000e+00   4.8941517e+00   5.6531696e+01   7.8222070e+01  -1.0588310e+02   5.4162289e+01
  -3.0249799e+01  -2.0000000e+00   3.3068640e+00   5.2279539e+01   7.6224527e+01  -1.0446048e+02   5.6420242e+01
  -2.9353412e+01  -2.0000000e+00   3.5827970e+00   4.5218256e+01   7.5107603e+01  -1.0235411e+02   5.7682149e+01
  -2.4195034e+01  -2.0000000e+00   1.1688320e+00   3.8903949e+01   7.8833941e+01  -9.9076621e+01   5.8447230e+01
  -2.0569760e+01  -2.0000000e+00   3.4482252e-01   3.4626813e+01   8.0843884e+01  -9.4051040e+01   5.1049408e+01
  -1.5709009e+01  -2.0000000e+00  -4.7373954e+00   3.3835911e+01   8.8194723e+01  -9.5175318e+01   4.3611301e+01
  -1.1016171e+01  -2.0000000e+00   2.1960380e+00   3.3054299e+01   8.8258310e+01  -9.1550743e+01   3.5898623e+01
  -7.5978472e+00  -2.0000000e+00   1.1054316e+01   3.4201299e+01   8.2911791e+01  -8.5832544e+01   2.6887997e+01
  -4.3221245e+00  -2.0000000e+00   1.9777490e+01   3.5206509e+01   7.6918368e+01  -8.0538998e+01   1.6696537e+01
  -5.3768811e-01  -2.0000000e+00   2.8770969e+01   3.4229565e+01   6.9695254e+01  -7.4632356e+01   6.3646284e+00
   2.5144070e+00  -2.0000000e+00   3.6389482e+01   3.0569298e+01   6.2666281e+01  -6.7791538e+01  -3.7721438e+00
   4.4568406e+00  -2.0000000e+00   3.8889271e+01   2.6409969e+01   5.8776480e+01  -6.1405850e+01  -1.3514428e+01
   7.2754259e+00  -2.0000000e+00   4.1648848e+01   2.4085327e+01   5.7342238e+01  -5.5153383e+01  -2.1058590e+01
   1.0650265e+01  -2.0000000e+00   4.4063969e+01   2.0858793e+01   5.5948209e+01  -4.9153148e+01  -2.8506841e+01
   1.0180009e+01  -2.0000000e+00   4.7193309e+01   1.8520321e+01   5.5767861e+01  -4.3196025e+01  -3.5240126e+01
   1.2584139e+01  -2.0000000e+00   4.8113326e+01   1.7037059e+01   5.6525802e+01  -3.7237651e+01  -4.0773812e+01
   1.4108607e+01  -2.0000000e+00   4.9095776e+01   1.5767973e+01   5.7136884e+01  -3.1304178e+01  -4.5583160e+01
   1.7519897e+01  -2.0000000e+00   4.8561594e+01   1.4985604e+01   5.8170192e+01  -2.5870846e+01  -4.7621949e+01
   1.9875281e+01  -2.0000000e+00   4.6708860e+01   1.5165792e+01   5.9614465e+01  -2.0361408e+01  -4.7486266e+01
   2.1701178e+01  -2.0000000e+00   4.3893601e+01   1.5250805e+01   6.0940994e+01  -1.4967719e+01  -4.7654540e+01
   2.1078082e+01  -2.0000000e+00   4.2058105e+01   1.8360959e+01   6.0741250e+01  -8.4005853e+00  -4.9494710e+01
   2.0690511e+01  -2.0000000e+00   3.8300437e+01   2.3896995e+01   5.8886162e+01  -6.9588682e-01  -4.9295006e+01
   1.6818447e+01  -2.0000000e+00   3.6645099e+01   2.7665114e+01   5.3379402e+01   5.7147634e+00  -4.4800280e+01
   1.6908791e+01  -2.0000000e+00   3.5961234e+01   2.4618168e+01   4.8872686e+01   7.0167602e+00  -3.9180363e+01
   1.5694795e+01  -2.0000000e+00   3.6888923e+01   2.0368805e+01   4.4418230e+01   6.4078978e+00  -3.3020452e+01
   1.3109212e+01  -2.0000000e+00   3.9531480e+01   1.6835339e+01   4.1856248e+01   5.6096750e+00  -2.7930215e+01
   9.6520348e+00  -2.0000000e+00   4.4148325e+01   1.3513466e+01   3.8789959e+01   4.0850312e+00  -2.2856106e+01
   7.6524494e+00  -2.0000000e+00   4.7299895e+01   1.1212172e+01   3.5026369e+01   2.0477866e+00  -1.8300070e+01
   4.1585399e+00  -2.0000000e+00   5.2099277e+01   9.8345630e+00   3.1598396e+01  -1.0634071e+00  -1.4628074e+01
   5.0317812e-01  -2.0000000e+00   5.6850470e+01   1.0224138e+01   2.8888638e+01  -4.6292029e+00  -1.2016498e+01
   5.4201364e-01  -2.0000000e+00   5.8724081e+01   1.2852099e+01   2.5337976e+01  -1.1395224e+01  -3.5283141e+00
  -6.0778696e-01  -2.0000000e+00   5.8876291e+01   1.6911165e+01   2.3290806e+01  -1.8705678e+01   2.0937669e+00
   8.1335943e-01  -2.0000000e+00   5.8878020e+01   2.0832466e+01   2.1600132e+01  -2.4723048e+01   7.5636214e+00
  -1.3195718e+00  -2.0000000e+00   5.7469518e+01   2.4900863e+01   2.3505824e+01  -3.0658684e+01   1.1785503e+01
  -1.2586711e+00  -2.0000000e+00   5.5458705e+01   2.9154436e+01   2.4787034e+01  -3.6437741e+01   1.5604996e+01
  -3.1703522e+00  -2.0000000e+00   5.3882116e+01   3.3921333e+01   2.7666072e+01  -4.2277341e+01   1.8394698e+01
  -1.9777451e+00  -2.0000000e+00   5.2028129e+01   3.7427555e+01   2.8165874e+01  -4.7718788e+01   2.3725191e+01
  -3.9228961e+00  -2.0000000e+00   4.9105927e+01   4.1082499e+01   3.1075578e+01  -5.3038351e+01   2.7203448e+01
  -5.4020906e+00  -2.0000000e+00   4.6078890e+01   4.4395178e+01   3.4939413e+01  -5.8354743e+01   3.1627875e+01
  -6.6479399e+00  -2.0000000e+00   4.2702847e+01   4.8027020e+01   3.8530388e+01  -6.3346414e+01   3.5275373e+01
  -1.2358790e+01  -2.0000000e+00   4.0579181e+01   4.9822426e+01   4.5015851e+01  -6.9136315e+01   3.6817557e+01
  -1.4199122e+01  -2.0000000e+00   3.5181654e+01   5.2747499e+01   5.1133578e+01  -7.4148305e+01   4.0258331e+01
  -1.6740524e+01  -2.0000000e+00   2.8663064e+01   5.5471376e+01   5.7642779e+01  -7.9305524e+01   4.2851543e+01
  -1.9007776e+01  -2.0000000e+00   2.1618019e+01   5.8071306e+01   6.4060889e+01  -8.4745455e+01   4.5213390e+01
  -2.1132833e+01  -2.0000000e+00   1.6872527e+01   5.8390280e+01   6.9454549e+01  -9.0743774e+01   4.7688385e+01
  -2.4545260e+01  -2.0000000e+00   1.5306918e+01   5.5805651e+01   7.4051588e+01  -9.6188016e+01   5.0288233e+01
  -2.6889571e+01  -2.0000000e+00   1.0954760e+01   5.3591078e+01   7.8324494e+01  -9.9788489e+01   5.1333315e+01
  -2.6983509e+01  -2.0000000e+00   6.3748454e+00   5.0457383e+01   8.0718367e+01  -1.0149046e+02   5.4119386e+01
  -2.5122098e+01  -2.0000000e+00   6.5578764e+00   4.6226331e+01   7.8712321e+01  -9.8550697e+01   5.4872502e+01
  -2.2782613e+01  -2.0000000e+00   3.0013585e+00   4.0083942e+01   8.1368308e+01  -9.7127834e+01   5.2528996e+01
  -1.9345105e+01  -2.0000000e+00   9.0801328e-01   3.5523422e+01   8.7339966e+01  -9.4842001e+01   4.8982463e+01
  -1.5801926e+01  -2.0000000e+00  -7.8506976e-02   3.7896746e+01   8.9074774e+01  -9.3690275e+01   4.3792113e+01
  -1.1748418e+01  -2.0000000e+00   7.7719124e+00   3.7833127e+01   8.6814082e+01  -9.1137956e+01   3.5824620e+01
  -9.2285459e+00  -2.0000000e+00   1.5771192e+01   3.8776892e+01   8.1400382e+01  -8.7032644e+01   2.7544372e+01
  -4.7243489e+00  -2.0000000e+00   2.2638180e+01   4.0360661e+01   7.4511479e+01  -8.3032184e+01   1.8166524e+01
  -2.8238051e+00  -2.0000000e+00   2.9776964e+01   3.8307876e+01   6.7164314e+01  -7.7995229e+01   7.6502505e+00
  -8.4570665e-01  -2.0000000e+00   3.6261361e+01   3.4989068e+01   5.9595985e+01  -7.1127931e+01  -2.9700975e+00
   4.7330911e-01  -2.0000000e+00   4.2242112e+01   3.0710287e+01   5.3589216e+01  -6.3742359e+01  -1.2745356e+01
   2.8986089e+00  -2.0000000e+00   4.5262562e+01   2.7591571e+01   4.9634174e+01  -5.6541810e+01  -2.1316473e+01
   4.0623764e+00  -2.0000000e+00   4.7111084e+01   2.4061629e+01   4.7440335e+01  -5.0036455e+01  -2.8816029e+01
   2.1957900e+00  -2.0000000e+00   4.9813424e+01   2.0726153e+01   4.6130231e+01  -4.4232601e+01  -3.6700376e+01
   2.3522219e+00  -2.0000000e+00   5.2185433e+01   1.8155369e+01   4.4497321e+01  -3.8114833e+01  -4.3588682e+01
   2.6159110e+00  -2.0000000e+00   5.3865790e+01   1.6394050e+01   4.3277136e+01  -3.2421705e+01  -4.9318126e+01
   3.6162061e+00  -2.0000000e+00   5.5394515e+01   1.5624677e+01   4.2373360e+01  -2.6854653e+01  -5.3622777e+01
   3.6148301e+00  -2.0000000e+00   5.7413146e+01   1.5317499e+01   4.1813791e+01  -2.1272103e+01  -5.6437824e+01
   2.2318755e+00  -2.0000000e+00   5.7735717e+01   1.7159851e+01   4.0399255e+01  -1.5004510e+01  -5.9837050e+01
  -4.1316284e-01  -2.0000000e+00   6.0757122e+01   1.9756668e+01   3.7817988e+01  -8.2775900e+00  -5.8373219e+01
  -4.3620959e+00  -2.0000000e+00   6.4225834e+01   2.0299425e+01   3.4498189e+01  -2.9367594e+00  -5.1524641e+01
  -6.3798663e+00  -2.0000000e+00   6.6028517e+01   1.6617962e+01   3.0623414e+01  -1.7172675e+00  -4.4461661e+01
  -7.1309321e+00  -2.0000000e+00   6.6279064e+01   1.3159363e+01   2.6603756e+01  -1.6036051e+00  -3.6258912e+01
  -6.5729384e+00  -2.0000000e+00   6.5928496e+01   1.0851565e+01   2.2947561e+01  -2.1848494e+00  -2.8832226e+01
  -3.0450705e+00  -2.0000000e+00   6.2948425e+01   1.0108277e+01   2.0051109e+01  -3.9213359e+00  -2.0751104e+01
  -4.7460861e+00  -2.0000000e+00   6.2688836e+01   9.8375469e+00   1.9898680e+01  -6.8646666e+00  -1.4373756e+01
  -4.3567026e+00  -2.0000000e+00   6.1384935e+01   1.0855895e+01   1.9788144e+01  -1.0425717e+01  -8.1859062e+00
  -4.0300866e+00  -2.0000000e+00   5.9229368e+01   1.2944737e+01   1.9608932e+01  -1.4913045e+01  -2.7882810e+00
  -3.5653428e+00  -2.0000000e+00   5.6357886e+01   1.6868962e+01   2.0122198e+01  -2.1696144e+01   3.3808822e+00
  -4.2315957e+00  -2.0000000e+00   5.3116617e+01   2.0959940e+01   2.3337689e+01  -2.8464087e+01   1.0815319e+01
  -6.2142460e+00  -2.0000000e+00   5.0370699e+01   2.5582168e+01   2.6732800e+01  -3.4642312e+01   1.4195563e+01
  -5.7583730e+00  -2.0000000e+00   4.7523858e+01   3.0233410e+01   2.8672727e+01  -4.0337074e+01   1.8743856e+01
  -8.2099400e+00  -2.0000000e+00   4.3788844e+01   3.2246136e+01   3.3533807e+01  -4.4766865e+01   2.4910195e+01
  -8.4074348e+00  -2.0000000e+00   3.7020103e+01   3.6945171e+01   3.7754180e+01  -4.8230840e+01   2.9138172e+01
  -1.0748207e+01  -2.0000000e+00   3.2902267e+01   4.0011231e+01   4.3642277e+01  -5.2849780e+01   3.3231415e+01
  -1.5051540e+01  -2.0000000e+00   3.1353915e+01   4.1348996e+01   4.9198444e+01  -5.8333953e+01   3.5640488e+01
  -1.7797117e+01  -2.0000000e+00   2.7104237e+01   4.3897468e+01   5.4648834e+01  -6.2970742e+01   3.9163699e+01
  -2.0172057e+01  -2.0000000e+00   2.1310284e+01   4.6717302e+01   6.0295252e+01  -6.7893641e+01   4.1823589e+01
  -2.2067399e+01  -2.0000000e+00   1.8615182e+01   4.7930331e+01   6.4709796e+01  -7.3184867e+01   4.4281447e+01
  -2.3418483e+01  -2.0000000e+00   1.3707383e+01   4.8062140e+01   6.9253585e+01  -7.8368811e+01   4.7955521e+01
  -2.6581063e+01  -2.0000000e+00   1.1020516e+01   4.5819403e+01   7.2834135e+01  -8.3801236e+01   4.9954229e+01
  -2.9536146e+01  -2.0000000e+00   5.1134032e+00   4.3788369e+01   7.5762817e+01  -8.7492838e+01   5.1422514e+01
  -3.2082492e+01  -2.0000000e+00   8.6398392e-02   4.0489488e+01   7.7675919e+01  -8.9659512e+01   5.2910055e+01
  -3.3151774e+01  -2.0000000e+00  -5.5576786e+00   3.6270015e+01   8.0184989e+01  -9.0830860e+01   5.5448951e+01
  -3.2130902e+01  -2.0000000e+00  -5.9794742e+00   3.2113183e+01   8.0344397e+01  -8.8818088e+01   5.6773671e+01
  -3.0632341e+01  -2.0000000e+00  -8.8519689e+00   2.6200698e+01   8.2166648e+01  -8.7950674e+01   5.8001526e+01
  -2.6051817e+01  -2.0000000e+00  -8.0461496e+00   2.0156081e+01   8.6505143e+01  -8.4136715e+01   5.8936151e+01
  -2.1455543e+01  -2.0000000e+00  -7.1576784e+00   2.0132595e+01   8.5908886e+01  -8.0568357e+01   5.1718819e+01
  -1.8834455e+01  -2.0000000e+00  -9.4357531e+00   1.9562394e+01   9.0796173e+01  -8.1198233e+01   4.7003356e+01
  -1.4064355e+01  -2.0000000e+00  -2.7123450e+00   2.3222062e+01   8.6827999e+01  -7.7863429e+01   3.8557009e+01
  -1.1054196e+01  -2.0000000e+00   8.0837108e+00   2.3453770e+01   8.4893918e+01  -7.6627709e+01   3.1807677e+01
  -7.6936975e+00  -2.0000000e+00   1.6040338e+01   2.3651475e+01   8.0646821e+01  -7.4374893e+01   2.4615783e+01
  -6.0037025e+00  -2.0000000e+00   1.7982416e+01   2.3604915e+01   7.5783561e+01  -7.1305753e+01   1.5059298e+01
  -4.7185305e+00  -2.0000000e+00   2.3624856e+01   2.1770517e+01   7.1648108e+01  -6.8124735e+01   6.0245083e+00
  -1.3298248e+00  -2.0000000e+00   3.1241945e+01   2.1553150e+01   6.5400125e+01  -6.3773630e+01   5.6305884e-01
   1.2078842e+00  -2.0000000e+00   3.7931911e+01   1.9196914e+01   5.7966242e+01  -5.7405911e+01  -9.3997340e+00
   2.2418824e+00  -2.0000000e+00   4.1846785e+01   1.8452907e+01   5.3876422e+01  -5.0910862e+01  -1.6393565e+01
   5.9140006e+00  -2.0000000e+00   4.4859342e+01   1.8915251e+01   5.0171220e+01  -4.3765208e+01  -2.3294671e+01
   5.2977919e+00  -2.0000000e+00   4.8726046e+01   1.8279126e+01   4.8331831e+01  -3.7680820e+01  -3.0229834e+01
   5.7071545e+00  -2.0000000e+00   5.1699431e+01   1.7846675e+01   4.6548735e+01  -3.1708322e+01  -3.6451253e+01
   7.2360443e+00  -2.0000000e+00   5.3390965e+01   1.8057720e+01   4.5151396e+01  -2.5833899e+01  -4.0071935e+01
   6.7450743e+00  -2.0000000e+00   5.4669231e+01   1.8737978e+01   4.3855379e+01  -1.9930465e+01  -4.3137462e+01
   3.2509759e+00  -2.0000000e+00   5.7609742e+01   2.0231627e+01   4.1452548e+01  -1.3899184e+01  -4.2856812e+01
  -3.9488891e-01  -2.0000000e+00   5.9267831e+01   2.2435158e+01   3.5723808e+01  -7.8668586e+00  -3.7927006e+01
  -2.4548680e+00  -2.0000000e+00   6.1307570e+01   1.9070897e+01   3.1260883e+01  -7.3204993e+00  -3.3132286e+01
  -3.6705249e+00  -2.0000000e+00   6.2822101e+01   1.6143641e+01   2.7310889e+01  -7.7714656e+00  -2.7169593e+01
  -4.4628361e+00  -2.0000000e+00   6.4011671e+01   1.5075299e+01   2.4132794e+01  -8.9802824e+00  -2.2863449e+01
  -4.3599872e+00  -2.0000000e+00   6.3109969e+01   1.4967011e+01   2.2481090e+01  -1.1484749e+01  -1.7252720e+01
  -4.8394171e+00  -2.0000000e+00   6.2133804e+01   1.5375654e+01   2.2365626e+01  -1.4355056e+01  -1.1467230e+01
  -3.9399407e+00  -2.0000000e+00   6.0546876e+01   1.8110903e+01   2.2190410e+01  -1.8549591e+01  -7.4049726e+00
  -4.4600924e+00  -2.0000000e+00   5.9802189e+01   2.1461784e+01   2.2959129e+01  -2.3482568e+01  -3.2041147e+00
  -4.9243070e+00  -2.0000000e+00   5.8201255e+01   2.6340302e+01   2.3276889e+01  -2.9865960e+01   1.2906597e+00
  -4.1017185e+00  -2.0000000e+00   5.6683247e+01   3.0037158e+01   2.3054335e+01  -3.5109603e+01   4.9511014e+00
  -4.6869800e+00  -2.0000000e+00   5.4649615e+01   3.2477714e+01   2.3989920e+01  -3.9429145e+01   9.7114922e+00
  -6.3977958e+00  -2.0000000e+00   5.3006197e+01   3.6513256e+01   2.7072951e+01  -4.4590675e+01   1.2743151e+01
  -5.5924570e+00  -2.0000000e+00   5.0175802e+01   4.1460514e+01   2.8403683e+01  -4.9531648e+01   1.5467578e+01
  -7.4051976e+00  -2.0000000e+00   4.8434556e+01   4.4626408e+01   3.1893506e+01  -5.4470106e+01   1.8132745e+01
  -6.5117344e+00  -2.0000000e+00   4.4539449e+01   4.9966587e+01   3.4037028e+01  -5.9389034e+01   2.2689981e+01
  -8.3649854e+00  -2.0000000e+00   4.1569016e+01   5.2632759e+01   3.7188179e+01  -6.4806482e+01   2.5748786e+01
  -9.4863506e+00  -2.0000000e+00   3.8057828e+01   5.6231751e+01   4.1018564e+01  -6.9450142e+01   2.8577167e+01
  -1.2686782e+01  -2.0000000e+00   3.6636120e+01   5.9668609e+01   4.5272589e+01  -7.4090544e+01   2.9868637e+01
  -1.4713744e+01  -2.0000000e+00   3.3536076e+01   6.3173988e+01   4.9604069e+01  -7.9198642e+01   3.2353432e+01
  -1.8035202e+01  -2.0000000e+00   3.2708598e+01   6.4788505e+01   5.2907300e+01  -8.4866676e+01   3.4563489e+01
  -1.9931854e+01  -2.0000000e+00   2.7599419e+01   6.8111343e+01   5.7518906e+01  -8.9908960e+01   3.7549115e+01
  -2.2111822e+01  -2.0000000e+00   2.3276412e+01   7.0377286e+01   6.1065911e+01  -9.5397947e+01   3.8465254e+01
  -2.4604306e+01  -2.0000000e+00   2.2858836e+01   6.9362076e+01   6.3338805e+01  -1.0067642e+02   4.0886608e+01
  -2.6240224e+01  -2.0000000e+00   1.9130572e+01   6.9843646e+01   6.6185240e+01  -1.0498684e+02   4.4104778e+01
  -2.9721892e+01  -2.0000000e+00   1.5413320e+01   6.9071473e+01   6.8339849e+01  -1.0836050e+02   4.6193237e+01
  -3.2304457e+01  -2.0000000e+00   1.1906559e+01   6.8040399e+01   7.0132486e+01  -1.1010321e+02   4.8872930e+01
  -3.5348649e+01  -2.0000000e+00   1.3342124e+01   6.4852835e+01   6.9857530e+01  -1.0892327e+02   5.0709910e+01
  -3.5603699e+01  -2.0000000e+00   1.0421106e+01   6.0830416e+01   6.9080631e+01  -1.0721516e+02   5.3309903e+01
  -3.5286211e+01  -2.0000000e+00   6.4583512e+00   5.5920237e+01   6.9816696e+01  -1.0529267e+02   5.5019052e+01
  -3.4112123e+01  -2.0000000e+00   5.9455222e+00   4.9478809e+01   7.0699977e+01  -1.0282196e+02   5.6715514e+01
  -2.9761821e+01  -2.0000000e+00   4.9654616e+00   4.2287796e+01   7.4827655e+01  -1.0140013e+02   5.2963911e+01
  -2.4913421e+01  -2.0000000e+00   3.9170107e+00   3.6291771e+01   7.7512158e+01  -9.6416800e+01   4.7884480e+01
  -2.2326121e+01  -2.0000000e+00   5.0078595e+00   2.9689069e+01   7.5719145e+01  -9.0487023e+01   3.7655466e+01
  -1.9511356e+01  -2.0000000e+00   9.7579575e+00   2.5812865e+01   7.2895484e+01  -8.2443695e+01   2.9616577e+01
  -1.5045699e+01  -2.0000000e+00   1.6060540e+01   2.5190341e+01   7.1427083e+01  -7.5658750e+01   2.3107228e+01
  -1.1596851e+01  -2.0000000e+00   2.4458952e+01   2.5267768e+01   6.7671720e+01  -6.9323264e+01   1.5859544e+01
  -5.9636672e+00  -2.0000000e+00   3.3915325e+01   2.5987025e+01   6.1085709e+01  -6.2876727e+01   6.5793389e+00
  -2.0446439e+00  -2.0000000e+00   4.1952128e+01   2.3869311e+01   5.2873023e+01  -5.6257036e+01  -3.8362077e+00
   1.4799947e+00  -2.0000000e+00   4.7314638e+01   2.1148384e+01   4.7879937e+01  -5.0096650e+01  -9.9772667e+00
   1.6785803e+00  -2.0000000e+00   5.1456225e+01   1.9687149e+01   4.6233092e+01  -4.4698853e+01  -1.8602296e+01
   3.4815305e+00  -2.0000000e+00   5.4502732e+01   1.8260855e+01   4.4415927e+01  -3.9199262e+01  -2.6235682e+01
   3.9701923e+00  -2.0000000e+00   5.6916170e+01   1.7900540e+01   4.3563284e+01  -3.3912391e+01  -3.2775326e+01
   4.1656588e+00  -2.0000000e+00   5.9038890e+01   1.6736217e+01   4.2976680e+01  -2.8960040e+01  -3.8186995e+01
   3.0180035e+00  -2.0000000e+00   6.1061903e+01   1.6623464e+01   4.2149781e+01  -2.3472914e+01  -4.3425173e+01
   2.3581660e+00  -2.0000000e+00   6.1669763e+01   1.7745588e+01   4.0190426e+01  -1.7872320e+01  -4.7833344e+01
  -5.0856963e-01  -2.0000000e+00   6.4145549e+01   1.9521751e+01   3.7651437e+01  -1.2412084e+01  -4.9518298e+01
  -3.5655857e+00  -2.0000000e+00   6.5932298e+01   2.1262611e+01   3.3780921e+01  -7.1825283e+00  -4.5965283e+01
  -3.8316328e+00  -2.0000000e+00   6.6159636e+01   1.9512330e+01   2.9391387e+01  -5.6735526e+00  -4.0324764e+01
  -5.5112142e+00  -2.0000000e+00   6.7143699e+01   1.7439434e+01   2.6182710e+01  -6.6986119e+00  -3.2892465e+01
  -5.1035678e+00  -2.0000000e+00   6.4933264e+01   1.6927611e+01   2.4823679e+01  -9.4100127e+00  -2.3767434e+01
  -4.9694776e+00  -2.0000000e+00   6.2543816e+01   1.8751062e+01   2.4584966e+01  -1.4058050e+01  -1.6796389e+01
  -5.6547559e+00  -2.0000000e+00   6.1057802e+01   2.1229568e+01   2.4207595e+01  -1.9014853e+01  -1.2524449e+01
  -5.7115530e+00  -2.0000000e+00   5.9014512e+01   2.5713770e+01   2.4607532e+01  -2.5583267e+01  -7.5070301e+00
  -5.8442782e+00  -2.0000000e+00   5.6270907e+01   3.0299359e+01   2.5587980e+01  -3.2368440e+01  -2.5794050e+00
  -7.1130160e+00  -2.0000000e+00   5.5822780e+01   3.4063801e+01   2.6746868e+01  -3.7985975e+01   3.7751022e-01
  -7.6068919e+00  -2.0000000e+00   5.2752023e+01   3.5839817e+01   2.8227107e+01  -4.1271101e+01   4.3470621e+00
  -7.8528945e+00  -2.0000000e+00   5.0719374e+01   3.9260922e+01   2.9815282e+01  -4.5191882e+01   7.1535646e+00
  -8.9278541e+00  -2.0000000e+00   4.8466093e+01   4.3060206e+01   3.2254928e+01  -4.9318844e+01   9.3396954e+00
  -8.8159385e+00  -2.0000000e+00   4.5834864e+01   4.6831276e+01   3.4096337e+01  -5.4215723e+01   1.2625872e+01
  -1.0122474e+01  -2.0000000e+00   4.3310397e+01   5.0276607e+01   3.7050062e+01  -5.8912324e+01   1.6724221e+01
  -1.0650672e+01  -2.0000000e+00   4.1048265e+01   5.3901095e+01   3.9337148e+01  -6.3570448e+01   2.0050180e+01
  -1.2246459e+01  -2.0000000e+00   3.8039809e+01   5.7344267e+01   4.2168895e+01  -6.8352868e+01   2.2161693e+01
  -1.5118496e+01  -2.0000000e+00   3.4024056e+01   6.0773770e+01   4.6699720e+01  -7.3159284e+01   2.4322450e+01
  -1.7354683e+01  -2.0000000e+00   3.1713228e+01   6.3823764e+01   5.0512259e+01  -7.7579594e+01   2.6275664e+01
  -1.9664165e+01  -2.0000000e+00   2.8411792e+01   6.8079307e+01   5.4414827e+01  -8.1464637e+01   2.6897771e+01
  -2.2373124e+01  -2.0000000e+00   3.0031155e+01   6.8033078e+01   5.4162266e+01  -8.6671739e+01   2.8721516e+01
  -2.4098346e+01  -2.0000000e+00   2.8337249e+01   6.9045439e+01   5.6546824e+01  -9.1895090e+01   3.3142819e+01
  -2.6316521e+01  -2.0000000e+00   2.5784663e+01   6.9694892e+01   5.8959695e+01  -9.6410083e+01   3.5814637e+01
  -2.8699180e+01  -2.0000000e+00   2.0843172e+01   6.9625775e+01   6.1725459e+01  -1.0104261e+02   3.8194617e+01
  -3.1524038e+01  -2.0000000e+00   1.6489959e+01   6.9030601e+01   6.5062630e+01  -1.0461355e+02   4.0259668e+01
  -3.3810713e+01  -2.0000000e+00   1.1283184e+01   6.7985307e+01   6.6916295e+01  -1.0665579e+02   4.2131288e+01
  -3.6031120e+01  -2.0000000e+00   8.4241135e+00   6.5834953e+01   6.8307102e+01  -1.0777556e+02   4.5392012e+01
  -3.7045721e+01  -2.0000000e+00   8.1459258e+00   6.2940623e+01   6.7279918e+01  -1.0665908e+02   4.7911599e+01
  -3.8802488e+01  -2.0000000e+00   7.7062618e+00   5.8093280e+01   6.5893100e+01  -1.0466816e+02   5.1517338e+01
  -3.8791032e+01  -2.0000000e+00   5.0836586e+00   5.2400677e+01   6.3345228e+01  -1.0286382e+02   5.3073763e+01
  -3.7873525e+01  -2.0000000e+00   4.5620126e+00   4.5861655e+01   6.0359206e+01  -9.9910812e+01   5.5004738e+01
  -3.5531230e+01  -2.0000000e+00   4.1902554e+00   3.8888191e+01   6.2297206e+01  -9.6609763e+01   5.5275217e+01
  -3.2995222e+01  -2.0000000e+00   4.4038551e+00   3.1894638e+01   6.4402311e+01  -9.3111555e+01   5.2251379e+01
  -2.9230179e+01  -2.0000000e+00  -4.3338371e-02   2.4793543e+01   7.1602317e+01  -9.0146901e+01   4.6178432e+01
  -2.5964757e+01  -2.0000000e+00  -3.0577913e+00   1.9315823e+01   7.5811034e+01  -8.3780867e+01   3.7339929e+01
  -2.2478814e+01  -2.0000000e+00  -1.6286102e-01   1.7938907e+01   7.8421500e+01  -7.8126269e+01   3.0976456e+01
  -1.9680127e+01  -2.0000000e+00   8.3549731e+00   1.8276244e+01   7.5104459e+01  -7.1653994e+01   2.4116727e+01
  -1.6024455e+01  -2.0000000e+00   1.7130536e+01   1.8440411e+01   7.1068842e+01  -6.5456761e+01   1.8629941e+01
  -1.3596567e+01  -2.0000000e+00   2.6677846e+01   1.7973607e+01   6.4809421e+01  -6.0526513e+01   1.0834953e+01
  -9.4390384e+00  -2.0000000e+00   3.5321613e+01   2.1408754e+01   5.6340058e+01  -5.8368673e+01   1.2270636e+00
  -6.7282068e+00  -2.0000000e+00   4.3590771e+01   1.9599852e+01   4.8282713e+01  -5.3222704e+01  -7.7276411e+00
  -3.5398979e+00  -2.0000000e+00   4.8090704e+01   1.9254774e+01   4.3493034e+01  -4.8454448e+01  -1.5274973e+01
  -2.5937241e+00  -2.0000000e+00   5.2723804e+01   1.8799153e+01   3.9936196e+01  -4.2842343e+01  -2.2936947e+01
  -2.1451978e+00  -2.0000000e+00   5.6196854e+01   1.8490471e+01   3.6913326e+01  -3.7384761e+01  -3.0127660e+01
  -1.2327090e+00  -2.0000000e+00   5.8584382e+01   1.8369804e+01   3.4039177e+01  -3.2059485e+01  -3.6894535e+01
  -1.6293856e+00  -2.0000000e+00   6.0754333e+01   1.8645067e+01   3.1713370e+01  -2.6832038e+01  -4.1272982e+01
  -2.7295606e+00  -2.0000000e+00   6.2850695e+01   2.0240158e+01   2.9262217e+01  -2.1438235e+01  -4.4519945e+01
  -5.0126417e+00  -2.0000000e+00   6.4367632e+01   2.2096961e+01   2.6190510e+01  -1.6262204e+01  -4.4733849e+01
  -8.4940377e+00  -2.0000000e+00   6.5936860e+01   2.3412283e+01   2.3961333e+01  -1.2227442e+01  -3.7983708e+01
  -7.3576247e+00  -2.0000000e+00   6.4431726e+01   2.1995998e+01   2.1941978e+01  -1.3135307e+01  -3.1486649e+01
  -6.9797187e+00  -2.0000000e+00   6.3190736e+01   2.2910431e+01   2.1398502e+01  -1.5898345e+01  -2.5460961e+01
  -6.1491667e+00  -2.0000000e+00   6.0300398e+01   2.5560669e+01   2.2580521e+01  -2.0425420e+01  -1.9738840e+01
