  -1.2557191e+01   1.2283546e+01   4.8949751e+01   1.9711146e+01   2.6266450e+01  -4.9320256e+01   2.0428387e+01
  -1.4101430e+01   1.2534216e+01   4.8739381e+01   2.0631679e+01   2.7112748e+01  -5.1000000e+01   2.2428396e+01
  -1.6834898e+01   1.2866273e+01   4.5858512e+01   1.8468726e+01   2.9941519e+01  -5.1000000e+01   2.4895527e+01
  -1.7961498e+01   1.2798719e+01   4.3382109e+01   1.8125502e+01   3.1709294e+01  -5.1000000e+01   2.6619623e+01
  -2.0659539e+01   1.2109029e+01   4.0690004e+01   1.5950005e+01   3.5322252e+01  -5.1000000e+01   2.9747588e+01
  -2.3787469e+01   8.9082222e+00   3.9952670e+01   1.7269934e+01   3.8803351e+01  -5.1000000e+01   3.1919292e+01
  -2.6056020e+01   1.1278893e+01   3.6363154e+01   1.2951830e+01   4.1410722e+01  -5.1000000e+01   3.4171573e+01
  -2.6765513e+01   1.5099667e+01   3.1629356e+01   6.7594410e+00   4.1975949e+01  -5.1000000e+01   3.6523425e+01
  -2.9255212e+01   1.4847944e+01   2.7329728e+01   2.9852047e+00   4.4208382e+01  -5.1000000e+01   3.9985684e+01
  -3.1517974e+01   1.2287489e+01   2.3628472e+01   2.1580017e+00   4.5685353e+01  -5.1000000e+01   4.3020571e+01
  -3.4029029e+01   1.2612664e+01   1.8501187e+01  -1.9386723e-01   5.0695242e+01  -5.1000000e+01   4.7397383e+01
  -3.4734867e+01   1.1162869e+01   1.5350701e+01   3.8078843e-01   5.3651093e+01  -5.1000000e+01   4.9872779e+01
  -3.6521620e+01   6.9976998e+00   1.3241269e+01   1.6957357e+00   5.6642948e+01  -5.1000000e+01   5.2014640e+01
  -3.8178457e+01   4.0150472e+00   9.2322241e+00   2.4759938e+00   6.0316407e+01  -5.1000000e+01   5.5454927e+01
  -3.8023413e+01   1.8086052e+00   5.7423909e+00   2.7036036e+00   6.3231183e+01  -5.1000000e+01   5.9208544e+01
  -3.6598948e+01  -3.1119058e+00   3.2393966e+00   2.1894019e+00   6.3381362e+01  -5.1000000e+01   5.9043150e+01
  -3.4489314e+01  -3.8586717e+00  -5.6353022e-02   3.6493363e-02   6.8952716e+01  -5.1000000e+01   6.0417418e+01
  -3.0194877e+01  -6.3311083e+00  -4.2717638e+00  -6.4618120e+00   7.4811043e+01  -5.1000000e+01   5.8230147e+01
  -2.7009900e+01  -7.1626963e+00  -4.2098304e+00  -6.1179091e+00   8.2593959e+01  -5.1000000e+01   5.4182832e+01
  -2.3618123e+01  -2.5666533e+00   1.1775059e+00  -2.8309861e+00   7.6871027e+01  -5.1000000e+01   4.7912347e+01
  -2.2038451e+01  -2.1050378e+00   7.8051251e+00   2.7214514e+00   6.9809691e+01  -5.1000000e+01   3.9668226e+01
  -1.7924918e+01  -1.2951375e+00   1.5440504e+01   3.9735060e+00   6.2755676e+01  -5.1000000e+01   2.7787308e+01
  -1.5677737e+01   1.3994459e+00   2.1257786e+01   8.0582805e-01   5.9357462e+01  -5.1000000e+01   1.9068528e+01
  -1.3382626e+01   6.7699173e-01   2.4228978e+01   1.6353236e+00   6.0832363e+01  -5.1000000e+01   1.0260216e+01
  -1.0506128e+01   1.3778414e+00   2.8628126e+01   4.1795075e+00   6.0710463e+01  -5.1000000e+01   3.7161828e+00
  -6.2741792e+00  -9.4922890e-01   3.6127680e+01   1.0388773e+01   5.4625432e+01  -5.1000000e+01  -3.8016266e+00
  -4.1328835e+00  -2.9361477e+00   4.3329106e+01   1.5304995e+01   4.8632854e+01  -5.1000000e+01  -1.0623705e+01
  -1.5363690e+00  -4.6011807e+00   4.7762351e+01   2.0683740e+01   4.2684290e+01  -5.1000000e+01  -1.8616546e+01
  -2.1958929e+00  -8.5274530e+00   5.3515405e+01   2.9447306e+01   3.8463973e+01  -5.1000000e+01  -2.4492592e+01
  -7.3378626e-01  -1.2257126e+01   5.6571509e+01   3.7598931e+01   3.3663589e+01  -5.1000000e+01  -2.8844189e+01
  -8.5289213e-03  -1.4079458e+01   5.9438096e+01   4.4870335e+01   3.0596285e+01  -5.1000000e+01  -3.2235893e+01
  -2.9082209e-01  -1.4520602e+01   6.0369566e+01   5.1643110e+01   2.8131958e+01  -5.1000000e+01  -3.5092230e+01
  -2.6236862e+00  -1.4073627e+01   6.3003540e+01   5.9185812e+01   2.5534711e+01  -5.1000000e+01  -3.5968398e+01
  -6.1450825e+00  -1.2006311e+01   6.5622188e+01   6.7003647e+01   2.3072807e+01  -5.1000000e+01  -3.1690117e+01
  -7.5746543e+00  -9.8746107e+00   6.8021040e+01   6.6967961e+01   2.3196520e+01  -5.1000000e+01  -2.4948867e+01
  -6.5382945e+00  -8.2862219e+00   6.5166620e+01   6.2396095e+01   2.1556059e+01  -5.1000000e+01  -1.9263893e+01
  -6.3119004e+00  -5.7874594e+00   6.1640606e+01   5.7282540e+01   2.3046335e+01  -5.1000000e+01  -1.3095374e+01
  -5.7324342e+00  -4.2399984e+00   5.8999302e+01   5.3523755e+01   2.3385142e+01  -5.1000000e+01  -9.7586646e+00
  -6.9171268e+00  -1.0184055e+00   5.7173565e+01   4.8048543e+01   2.3243790e+01  -5.1000000e+01  -7.1661913e+00
  -8.9203761e+00   3.3608196e-01   5.5938113e+01   4.5196392e+01   2.5451334e+01  -5.1000000e+01  -3.4807770e+00
  -9.3963909e+00   1.9788623e+00   5.4681681e+01   4.2182369e+01   2.4705299e+01  -5.1000000e+01  -1.9728841e+00
  -1.0574668e+01   3.1927130e+00   5.3252976e+01   3.9635895e+01   2.5001317e+01  -5.1000000e+01   4.5767345e-01
  -1.0951981e+01   4.7357033e+00   5.2135676e+01   3.6854075e+01   2.5246832e+01  -5.1000000e+01   3.1613291e+00
  -1.1521388e+01   6.4653773e+00   4.9983020e+01   3.2288586e+01   2.4724290e+01  -5.1000000e+01   7.0433799e+00
  -1.3267439e+01   8.0428342e+00   4.8582570e+01   2.8522381e+01   2.5312177e+01  -5.1000000e+01   1.0046548e+01
  -1.4460966e+01   9.2533446e+00   4.5882886e+01   2.5192070e+01   2.6132400e+01  -5.1000000e+01   1.3994904e+01
  -1.8003361e+01   1.0065015e+01   4.4201216e+01   2.2558634e+01   2.8482856e+01  -5.1000000e+01   1.5367121e+01
  -2.0530993e+01   9.4555983e+00   4.2137310e+01   2.1632657e+01   3.2015054e+01  -5.1000000e+01   1.9042692e+01
  -2.2802843e+01   1.0005002e+01   3.9617391e+01   1.9516396e+01   3.4137965e+01  -5.1000000e+01   2.2311500e+01
  -2.4891156e+01   1.0024642e+01   3.6293471e+01   1.6508587e+01   3.6337679e+01  -5.1000000e+01   2.7131762e+01
  -2.7051248e+01   1.1687339e+01   3.4186234e+01   1.3652126e+01   3.8805749e+01  -5.1000000e+01   2.9926481e+01
  -2.8895969e+01   1.2877995e+01   2.9668269e+01   9.0060353e+00   4.0331404e+01  -5.1000000e+01   3.3252968e+01
  -3.1442400e+01   1.3014814e+01   2.5207192e+01   5.5125016e+00   4.2924082e+01  -5.1000000e+01   3.7071516e+01
  -3.2977431e+01   1.3005450e+01   2.1211937e+01   1.9309504e+00   4.3110867e+01  -5.1000000e+01   3.9484738e+01
  -3.5591714e+01   1.0424503e+01   1.7654503e+01   2.3213844e+00   4.6114785e+01  -5.1000000e+01   4.3347578e+01
  -3.6125347e+01   9.1826010e+00   1.4172081e+01   1.0388855e+00   4.7837681e+01  -5.1000000e+01   4.5654920e+01
  -3.6026454e+01   7.6422679e+00   1.0787695e+01   1.9593532e+00   4.9849539e+01  -5.1000000e+01   4.9764799e+01
  -3.6458936e+01   6.2267129e+00   7.9711076e+00   2.0603557e+00   5.2497944e+01  -5.1000000e+01   5.2335396e+01
  -3.6389346e+01   2.8387879e+00   5.8982887e+00   1.2650248e+00   5.5203075e+01  -5.1000000e+01   5.5330918e+01
  -3.4501101e+01   1.0393632e-02   5.5206156e+00  -1.9611096e-02   5.9350219e+01  -5.1000000e+01   5.4663909e+01
  -3.1956466e+01  -2.4153521e+00   3.3931381e+00  -2.9701029e+00   6.5605521e+01  -5.1000000e+01   5.4200581e+01
  -2.9337029e+01  -3.8164077e+00  -1.0891627e+00  -5.8023166e+00   7.0792821e+01  -5.1000000e+01   5.2906166e+01
  -2.7549383e+01  -4.3748882e+00   2.3153213e+00  -2.4561646e+00   6.9914591e+01  -5.1000000e+01   4.9405048e+01
  -2.5310466e+01  -3.6502601e+00   6.6740274e+00   2.2161869e-01   6.5532454e+01  -5.1000000e+01   4.7317105e+01
  -2.1378261e+01  -2.9824474e+00   8.9702058e+00   6.0996936e-01   6.4448377e+01  -5.1000000e+01   3.5504607e+01
  -1.6548611e+01   1.3075506e+00   8.2905936e+00  -5.2286434e+00   6.9384924e+01  -5.1000000e+01   2.7818790e+01
  -1.4095026e+01  -7.9446738e-01   4.7945853e+00  -6.0933392e+00   7.5481181e+01  -5.1000000e+01   1.8944510e+01
  -1.0512952e+01   2.5002622e+00   9.1312177e+00  -7.6889349e+00   7.4154617e+01  -5.1000000e+01   1.2350042e+01
  -9.9557807e+00   9.7050608e-01   1.6784427e+01  -4.6225446e+00   7.0095634e+01  -5.1000000e+01   3.7347409e+00
  -6.7535367e+00  -1.4787334e+00   2.7797877e+01   5.4120084e+00   6.4216924e+01  -5.1000000e+01  -4.0443831e+00
  -2.0078627e+00  -2.7901682e+00   3.8038487e+01   1.2767189e+01   5.7793784e+01  -5.1000000e+01  -1.0415767e+01
   1.8924909e-01  -7.2952273e+00   4.5146949e+01   2.0908043e+01   4.9549354e+01  -5.1000000e+01  -1.8190299e+01
   1.1293702e+00  -9.4205999e+00   5.1002542e+01   2.6736090e+01   4.2717720e+01  -5.1000000e+01  -2.2852519e+01
   1.3511506e+00  -1.3545382e+01   5.5977705e+01   3.5717678e+01   3.7321029e+01  -5.1000000e+01  -2.9617045e+01
   1.4022888e+00  -1.5496516e+01   5.8989427e+01   4.2923482e+01   3.3007053e+01  -5.1000000e+01  -3.3182129e+01
   2.6008258e+00  -1.6867703e+01   6.1049482e+01   5.1000270e+01   2.8284718e+01  -5.1000000e+01  -3.6077619e+01
   5.3122182e-01  -1.8996879e+01   6.2958483e+01   5.9486878e+01   2.5973365e+01  -5.1000000e+01  -3.7391843e+01
  -2.8625675e+00  -1.8033883e+01   6.7198929e+01   6.7704550e+01   2.3744457e+01  -5.1000000e+01  -3.8625943e+01
  -7.7648625e+00  -1.2297618e+01   5.5860180e+01   6.5420309e+01   1.4080656e+01  -5.1000000e+01  -2.9292448e+01
  -4.0422819e+00  -1.4642100e+01   6.6021135e+01   7.0185935e+01   2.1068347e+01  -5.1000000e+01  -2.3763871e+01
  -4.7918907e+00  -1.2703455e+01   6.5562365e+01   6.5133035e+01   2.2427443e+01  -5.1000000e+01  -1.7684241e+01
  -4.1778982e+00  -9.8026976e+00   6.3486219e+01   6.0139663e+01   2.3097804e+01  -5.1000000e+01  -1.2676587e+01
  -5.2528854e+00  -8.1271454e+00   6.2885025e+01   5.7329250e+01   2.3320516e+01  -5.1000000e+01  -9.5958243e+00
  -5.2138532e+00  -5.4535066e+00   6.1509689e+01   5.3797166e+01   2.3910438e+01  -5.1000000e+01  -7.1008248e+00
  -4.2677984e+00  -2.7796875e+00   5.9031210e+01   5.0060184e+01   2.3298508e+01  -5.1000000e+01  -3.6721542e+00
  -4.4065920e+00   4.1060874e-02   5.7988084e+01   4.5170675e+01   2.2598847e+01  -5.1000000e+01  -1.2066343e+00
  -3.8603113e+00   2.3186856e+00   5.6848617e+01   4.1741655e+01   2.1322789e+01  -5.1000000e+01   2.4960983e-01
  -4.1103929e+00   3.3601361e+00   5.5630731e+01   3.9843645e+01   2.1264742e+01  -5.1000000e+01   1.9924829e+00
  -5.1000031e+00   3.5919899e+00   5.5281493e+01   3.8738899e+01   2.1557626e+01  -5.1000000e+01   2.7963514e+00
  -5.4445308e+00   3.2173948e+00   5.4607633e+01   3.9319533e+01   2.1708931e+01  -5.1000000e+01   2.4096318e+00
  -5.2865937e+00   4.2944308e+00   5.3550993e+01   3.8006405e+01   2.1685644e+01  -5.1000000e+01   3.4584030e+00
  -4.7116620e+00   4.4597910e+00   5.2293634e+01   3.8223859e+01   2.1211357e+01  -5.1000000e+01   3.5966853e+00
  -4.8146428e+00   5.5952683e+00   5.2246694e+01   3.6696335e+01   2.0931697e+01  -5.1000000e+01   3.8040174e+00
  -5.4590617e+00   5.4130926e+00   5.1774145e+01   3.5617207e+01   2.1917415e+01  -5.1000000e+01   7.6400798e+00
  -6.0620280e+00   6.8668843e+00   5.0519605e+01   3.2446639e+01   2.3014202e+01  -5.1000000e+01   1.0419953e+01
  -8.0411038e+00   6.4171244e+00   5.0623346e+01   3.1353391e+01   2.3934719e+01  -5.1000000e+01   1.2553425e+01
  -8.2871829e+00   8.2260520e+00   5.0339259e+01   2.8980626e+01   2.3373355e+01  -5.1000000e+01   1.4176938e+01
  -1.0151648e+01   9.3188613e+00   4.9411907e+01   2.6319609e+01   2.6058671e+01  -5.1000000e+01   1.7513577e+01
  -1.1075808e+01   9.6617850e+00   4.8059182e+01   2.4856552e+01   2.6965129e+01  -5.1000000e+01   1.9553930e+01
  -1.2737487e+01   9.1221106e+00   4.6647893e+01   2.3489495e+01   2.9463314e+01  -5.1000000e+01   2.4016816e+01
  -1.4776759e+01   9.5410562e+00   4.4522474e+01   2.0614257e+01   3.2689776e+01  -5.1000000e+01   2.7516218e+01
  -1.4930207e+01   1.0171108e+01   4.2881571e+01   1.7482492e+01   3.2769401e+01  -5.1000000e+01   3.0956840e+01
  -1.6986167e+01   1.1052233e+01   4.0664999e+01   1.4375464e+01   3.5599575e+01  -5.1000000e+01   3.4620182e+01
  -1.8911116e+01   1.2620156e+01   3.8240570e+01   9.5061690e+00   3.7312232e+01  -5.1000000e+01   3.6452040e+01
  -2.2221430e+01   1.1419407e+01   3.5177149e+01   8.5926644e+00   4.0876226e+01  -5.1000000e+01   4.1566345e+01
  -2.4624522e+01   1.1129651e+01   3.1058797e+01   5.0729211e+00   4.4901475e+01  -5.1000000e+01   4.4598503e+01
  -2.7023272e+01   1.0291780e+01   2.7133775e+01   2.8474550e+00   5.0634560e+01  -5.1000000e+01   4.7651448e+01
  -2.9136419e+01   9.6145348e+00   2.0172131e+01  -1.0980519e+00   5.4040291e+01  -5.1000000e+01   5.0372530e+01
  -2.8572137e+01   8.4324056e+00   1.5828457e+01  -3.2071961e+00   5.7020376e+01  -5.1000000e+01   5.4250430e+01
  -2.6715245e+01   5.4987946e+00   1.0154637e+01  -7.4594103e+00   6.2470632e+01  -5.1000000e+01   5.6689485e+01
  -2.2752504e+01   8.6155625e-01   7.4200672e+00  -7.4206971e+00   6.8675923e+01  -5.1000000e+01   5.6380230e+01
  -1.8736430e+01   1.4824190e+00   5.2771388e+00  -6.8159923e+00   7.4994252e+01  -5.1000000e+01   5.1384213e+01
  -1.4490001e+01   3.2695067e+00   7.5027992e+00  -2.6377198e+00   7.5038755e+01  -5.1000000e+01   4.7007019e+01
  -1.1180093e+01   6.6601318e+00   1.5411100e+01  -6.7706651e+00   7.0447086e+01  -5.1000000e+01   4.0917313e+01
  -9.0444107e+00   4.6633829e+00   2.2002683e+01  -1.8037454e+00   6.1650763e+01  -5.1000000e+01   3.3899710e+01
  -8.4423908e+00   7.1947077e-02   2.6487273e+01   4.3802458e+00   5.5144459e+01  -5.1000000e+01   2.7968843e+01
  -2.7079629e+00  -5.6749162e-01   2.6192367e+01   1.2113300e+00   6.1922120e+01  -5.1000000e+01   1.9607288e+01
   2.0258450e+00   3.4822062e+00   2.3035093e+01  -4.9987362e+00   6.9199371e+01  -5.1000000e+01   1.0912119e+01
   4.3241015e+00   6.5508744e+00   2.0321821e+01  -9.7286041e+00   7.5857035e+01  -5.1000000e+01   1.4597996e+00
   5.7698862e+00   5.4871818e+00   2.0547341e+01  -8.8678534e+00   7.8503592e+01  -5.1000000e+01  -5.5800572e+00
   8.7797833e+00  -7.6666688e-03   2.4493736e+01  -9.8088244e-01   7.5897441e+01  -5.1000000e+01  -1.0457870e+01
   7.9065002e+00  -5.2864610e+00   3.4347361e+01   8.3940018e+00   6.8449348e+01  -5.1000000e+01  -1.7250034e+01
   8.7773690e+00  -8.5138784e+00   4.1539458e+01   1.7206732e+01   6.0693994e+01  -5.1000000e+01  -2.5170871e+01
   8.6549519e+00  -1.2503045e+01   4.7927174e+01   2.7952802e+01   5.0939546e+01  -5.1000000e+01  -2.7654232e+01
   6.0343435e+00  -1.6439083e+01   5.2416963e+01   3.8163532e+01   4.2692736e+01  -5.1000000e+01  -3.3948624e+01
   6.2508067e+00  -1.8127999e+01   5.3285788e+01   4.9061375e+01   3.4219347e+01  -5.1000000e+01  -3.7684580e+01
   4.0296941e+00  -1.7202071e+01   5.6844772e+01   5.8567296e+01   2.8490090e+01  -5.1000000e+01  -3.8633753e+01
   6.6850835e-01  -1.5310308e+01   6.1005842e+01   6.8221010e+01   2.3130404e+01  -5.1000000e+01  -3.3481587e+01
  -1.3508840e+00  -1.4936132e+01   6.2297736e+01   7.2710817e+01   1.9083718e+01  -5.1000000e+01  -2.6087665e+01
  -1.1032296e+00  -1.4702429e+01   6.2172168e+01   6.9692942e+01   1.7662294e+01  -5.1000000e+01  -1.9804627e+01
  -1.2873967e+00  -1.3756946e+01   6.1307442e+01   6.6599883e+01   1.7161352e+01  -5.1000000e+01  -1.5371160e+01
  -4.4172845e-01  -1.1529815e+01   5.9658751e+01   6.2150805e+01   1.7064464e+01  -5.1000000e+01  -1.0664276e+01
  -3.2503547e+00  -1.1324440e+01   5.9312405e+01   5.9626952e+01   2.0752625e+01  -5.1000000e+01  -6.6891762e+00
  -3.0664809e+00  -9.1749821e+00   5.8050367e+01   5.5347808e+01   2.0947464e+01  -5.1000000e+01  -2.9328123e+00
  -3.7646394e+00  -7.7771153e+00   5.6615514e+01   5.2340390e+01   2.0701114e+01  -5.1000000e+01   6.8909352e-01
  -3.3337533e+00  -5.4464248e+00   5.5566860e+01   4.8062194e+01   2.0729786e+01  -5.1000000e+01   4.2253496e+00
  -3.3794307e+00  -7.9664945e-01   5.3584497e+01   4.1660077e+01   2.1291856e+01  -5.1000000e+01   6.9242854e+00
  -5.6086953e+00   2.2229737e+00   5.2511917e+01   3.6864315e+01   2.4005182e+01  -5.1000000e+01   1.0821013e+01
  -4.7348021e+00   6.3247811e+00   5.0960663e+01   3.1847138e+01   2.2308821e+01  -5.1000000e+01   1.2472476e+01
  -6.4773397e+00   8.4052552e+00   4.9564466e+01   2.7163565e+01   2.3731985e+01  -5.1000000e+01   1.7092342e+01
  -7.9948321e+00   9.5479907e+00   4.7174727e+01   2.3611426e+01   2.5603547e+01  -5.1000000e+01   2.1135593e+01
  -1.1017358e+01   1.0076489e+01   4.4042556e+01   2.1103390e+01   2.8758439e+01  -5.1000000e+01   2.4690066e+01
  -1.5899723e+01   9.6314124e+00   4.2490826e+01   1.8915368e+01   3.4111519e+01  -5.1000000e+01   2.8756334e+01
  -1.7692268e+01   1.0920623e+01   3.9275674e+01   1.6117171e+01   3.6007790e+01  -5.1000000e+01   3.2461615e+01
  -1.8883687e+01   1.3890951e+01   3.6684278e+01   1.2176059e+01   3.7991777e+01  -5.1000000e+01   3.5570604e+01
  -2.2775693e+01   1.3212225e+01   3.3374595e+01   8.5015991e+00   4.1277935e+01  -5.1000000e+01   3.8769348e+01
  -2.6645372e+01   1.3694216e+01   2.8311017e+01   3.8475409e+00   4.5987121e+01  -5.1000000e+01   4.2453267e+01
  -2.8278637e+01   1.3556588e+01   2.4369741e+01   1.8645352e+00   4.7807794e+01  -5.1000000e+01   4.5018860e+01
  -3.0787128e+01   1.2955398e+01   2.0677236e+01  -3.5440384e-02   5.0943970e+01  -5.1000000e+01   4.7360723e+01
  -3.3087663e+01   1.2167797e+01   1.6315239e+01  -1.8905627e+00   5.3409259e+01  -5.1000000e+01   4.9280778e+01
  -3.3779562e+01   1.0570625e+01   1.2586274e+01  -1.7055611e+00   5.5213974e+01  -5.1000000e+01   5.1436179e+01
  -3.4151647e+01   1.0097359e+01   8.6702047e+00  -2.9283744e+00   5.7754157e+01  -5.1000000e+01   5.4776872e+01
  -3.5070753e+01   6.0159393e+00   6.6412979e+00  -2.1322156e+00   5.9814288e+01  -5.1000000e+01   5.6775177e+01
  -3.4961719e+01   2.4344470e+00   4.2166610e+00  -6.4048175e-01   6.2454907e+01  -5.1000000e+01   5.9561686e+01
  -3.3013526e+01   2.0890056e-01   3.0640808e+00  -4.1208985e-02   6.4662060e+01  -5.1000000e+01   6.0797812e+01
  -2.9477693e+01  -1.7635455e+00   3.0917309e+00  -5.5368142e+00   7.3563326e+01  -5.1000000e+01   5.8687108e+01
  -2.5533680e+01  -2.4718313e+00   8.0076287e-01  -3.9822670e+00   7.8237622e+01  -5.1000000e+01   5.4058042e+01
  -2.1655975e+01  -1.0570774e+00   1.6490698e-01  -4.0554591e+00   7.9929153e+01  -5.1000000e+01   4.7792249e+01
  -1.9296354e+01   1.3708735e+00   5.5573016e+00  -1.8879136e+00   7.7332762e+01  -5.1000000e+01   4.1854230e+01
  -1.5335538e+01   1.8940364e+00   8.3157707e+00  -3.1667839e+00   7.1280666e+01  -5.1000000e+01   2.9945518e+01
  -1.1522524e+01   2.7337757e+00   1.1831740e+01  -5.6749250e+00   7.1190713e+01  -5.1000000e+01   2.3074579e+01
  -6.9491943e+00   4.7406256e+00   1.0823861e+01  -8.6052637e+00   7.6867801e+01  -5.1000000e+01   1.1231137e+01
  -4.2811399e+00   8.5108184e+00   1.1655479e+01  -1.1119411e+01   7.7272934e+01  -5.1000000e+01  -5.2375277e-01
  -3.1082735e+00   3.7236285e+00   1.7336525e+01  -5.3380699e+00   7.7484830e+01  -5.1000000e+01  -5.6825405e+00
  -2.5926999e-01  -2.4919634e+00   2.3845658e+01   4.0369417e+00   7.4397755e+01  -5.1000000e+01  -8.3523062e+00
   5.0458619e-01  -5.2199467e+00   3.3032870e+01   1.1132004e+01   6.9192203e+01  -5.1000000e+01  -1.8624438e+01
   1.8294124e+00  -7.3757894e+00   4.0065053e+01   1.7709774e+01   6.2193551e+01  -5.1000000e+01  -2.7669776e+01
   4.9569732e+00  -1.0616717e+01   4.4767486e+01   2.5489747e+01   5.3904858e+01  -5.1000000e+01  -3.0076343e+01
   4.3121235e+00  -1.3857292e+01   4.9833441e+01   3.4100843e+01   4.6830024e+01  -5.1000000e+01  -3.4042461e+01
   4.3978981e+00  -1.6692618e+01   5.2850279e+01   4.4061683e+01   3.9569703e+01  -5.1000000e+01  -3.8679550e+01
   3.7360262e+00  -1.9131165e+01   5.4660922e+01   5.3060107e+01   3.3953030e+01  -5.1000000e+01  -4.0221288e+01
   2.4975719e+00  -1.9531041e+01   5.8765071e+01   6.4224516e+01   2.6632975e+01  -5.1000000e+01  -4.1220206e+01
  -2.3525303e+00  -1.7853362e+01   6.5428718e+01   7.2954314e+01   2.4012885e+01  -5.1000000e+01  -3.2428523e+01
  -4.4351142e+00  -1.8102598e+01   6.7199006e+01   7.5312325e+01   2.0858956e+01  -5.1000000e+01  -2.3731267e+01
  -4.0789956e+00  -1.7688950e+01   6.5910245e+01   7.2217938e+01   2.0177742e+01  -5.1000000e+01  -1.7133150e+01
  -4.0859175e+00  -1.6774569e+01   6.4215980e+01   6.8648131e+01   2.0544708e+01  -5.1000000e+01  -1.1562937e+01
  -4.2655200e+00  -1.5383565e+01   6.3329563e+01   6.5032756e+01   2.2214297e+01  -5.1000000e+01  -6.8140110e+00
  -4.1611790e+00  -1.4392173e+01   6.2705694e+01   6.3369431e+01   2.1127206e+01  -5.1000000e+01  -5.2724551e+00
  -4.4264883e+00  -1.2071192e+01   6.1903653e+01   5.9661439e+01   2.1904547e+01  -5.1000000e+01  -2.4331562e+00
  -5.3978062e+00  -9.9877187e+00   6.1197016e+01   5.6110814e+01   2.3846229e+01  -5.1000000e+01   8.2334702e-01
  -6.1601677e+00  -7.5037815e+00   6.0577252e+01   5.2340972e+01   2.5677553e+01  -5.1000000e+01   4.0159270e+00
  -6.0545686e+00  -5.5494612e+00   5.8588509e+01   4.8744711e+01   2.5411865e+01  -5.1000000e+01   6.3682513e+00
  -4.5839452e+00  -1.7051984e+00   5.6709716e+01   4.2986750e+01   2.3125023e+01  -5.1000000e+01   7.7659258e+00
  -5.0116550e+00  -1.1534985e+00   5.7199573e+01   4.0833132e+01   2.4143738e+01  -5.1000000e+01   1.1193208e+01
  -4.1007243e+00   3.0739688e+00   5.5778364e+01   3.6129670e+01   2.3529761e+01  -5.1000000e+01   1.2915300e+01
  -4.9960267e+00   4.4148161e+00   5.4542426e+01   3.4094292e+01   2.3938948e+01  -5.1000000e+01   1.4797020e+01
  -4.7175502e+00   5.7197602e+00   5.3208609e+01   3.1576050e+01   2.4362082e+01  -5.1000000e+01   1.8013010e+01
  -6.2345438e+00   6.3869514e+00   5.2741675e+01   2.8714835e+01   2.5019434e+01  -5.1000000e+01   2.1476769e+01
  -8.1675390e+00   7.9357673e+00   5.2264417e+01   2.5509752e+01   2.6694243e+01  -5.1000000e+01   2.3462977e+01
  -8.6234925e+00   9.8801881e+00   4.9787928e+01   2.2209572e+01   2.7857657e+01  -5.1000000e+01   2.6924967e+01
  -9.9778237e+00   1.1715713e+01   4.7751222e+01   1.9226024e+01   2.9813261e+01  -5.1000000e+01   2.9814680e+01
  -1.3491030e+01   1.2596942e+01   4.6271700e+01   1.5815757e+01   3.2382470e+01  -5.1000000e+01   3.0304377e+01
  -1.5662786e+01   1.2415156e+01   4.4509268e+01   1.5496749e+01   3.5528658e+01  -5.1000000e+01   3.2903514e+01
  -1.8921416e+01   1.1876953e+01   4.1627891e+01   1.4146290e+01   3.9519938e+01  -5.1000000e+01   3.5215799e+01
  -2.0435280e+01   1.2323367e+01   3.7974284e+01   1.1649145e+01   4.3866344e+01  -5.1000000e+01   3.9343649e+01
  -2.2751796e+01   1.4048903e+01   3.3891271e+01   6.3662696e+00   4.5413237e+01  -5.1000000e+01   4.1181828e+01
  -2.6148172e+01   1.3071137e+01   2.9901961e+01   3.6830760e+00   5.0275561e+01  -5.1000000e+01   4.4393627e+01
  -2.7613729e+01   1.3364554e+01   2.6490574e+01   1.7283044e+00   5.4317399e+01  -5.1000000e+01   4.6621074e+01
  -2.8189157e+01   1.3005511e+01   2.2956745e+01   4.3088636e-01   5.6367778e+01  -5.1000000e+01   4.9438566e+01
  -2.9633048e+01   1.1814932e+01   1.9640059e+01  -5.5361159e-01   5.9110375e+01  -5.1000000e+01   5.1136675e+01
  -3.1089675e+01   8.6177309e+00   1.5334830e+01  -1.9137554e-01   6.1214210e+01  -5.1000000e+01   5.4533140e+01
  -3.0726487e+01   5.8562854e+00   1.1403352e+01  -7.6262769e-01   6.3348954e+01  -5.1000000e+01   5.6933644e+01
  -2.9741378e+01   1.9049156e+00   5.8998175e+00  -4.3309052e+00   6.8851184e+01  -5.1000000e+01   5.8677876e+01
  -2.4526281e+01   1.3873315e+00   4.4890686e+00  -5.3248251e+00   7.5418605e+01  -5.1000000e+01   5.9341495e+01
  -2.1037219e+01   1.6352062e+00   3.9788166e+00  -4.5521912e+00   7.7548592e+01  -5.1000000e+01   5.1161937e+01
  -1.5810140e+01   5.2574797e+00   5.3233173e+00  -5.5280689e+00   8.2923137e+01  -5.1000000e+01   4.1532571e+01
  -1.1495088e+01   6.0449469e+00   8.6571784e+00  -7.2410209e+00   8.0273602e+01  -5.1000000e+01   3.3568843e+01
  -8.5993912e+00   4.4895631e+00   1.6703361e+01  -2.6813808e+00   7.4312486e+01  -5.1000000e+01   2.3222155e+01
  -5.6780883e+00   3.4227736e+00   2.4832887e+01   2.1018565e+00   6.8669384e+01  -5.1000000e+01   1.1554415e+01
  -2.3557135e+00   1.4570707e+00   3.4034409e+01   6.9867570e+00   6.0593853e+01  -5.1000000e+01   1.3373805e+00
   3.0776340e-01  -8.0595863e-01   4.1379457e+01   1.1443992e+01   5.3606685e+01  -5.1000000e+01  -7.3557469e+00
   1.0161836e+00  -7.1129410e+00   4.5391058e+01   1.8330536e+01   4.7951678e+01  -5.1000000e+01  -1.7013034e+01
   3.4674540e+00  -1.0235354e+01   4.8104715e+01   2.3995687e+01   4.4646228e+01  -5.1000000e+01  -2.2655322e+01
   6.0664611e+00  -1.1828680e+01   5.0140491e+01   2.6552058e+01   4.0209909e+01  -5.1000000e+01  -2.8395991e+01
   3.8298992e+00  -1.6106838e+01   5.4158812e+01   3.3623877e+01   3.7467628e+01  -5.1000000e+01  -3.4461529e+01
   5.1708214e+00  -1.9665587e+01   5.5932367e+01   4.0798433e+01   3.3760550e+01  -5.1000000e+01  -4.0290717e+01
   5.8270410e+00  -2.0488506e+01   5.6879981e+01   4.5184452e+01   3.0672198e+01  -5.1000000e+01  -4.3780759e+01
   8.6494285e+00  -2.1478649e+01   5.6625498e+01   4.9927629e+01   2.8784543e+01  -5.1000000e+01  -4.6035375e+01
   7.3081752e+00  -2.5211861e+01   5.8154761e+01   5.7608308e+01   2.8063275e+01  -5.1000000e+01  -4.6739683e+01
   7.1908234e+00  -2.5628675e+01   5.7765717e+01   6.1925905e+01   2.6567033e+01  -5.1000000e+01  -4.7939613e+01
   4.3705979e+00  -2.4371380e+01   6.0263140e+01   6.9734318e+01   2.3451284e+01  -5.1000000e+01  -5.0267952e+01
   1.0114745e+00  -2.4988064e+01   6.5395328e+01   8.1165283e+01   1.8975794e+01  -5.1000000e+01  -4.7657270e+01
   2.0527431e+00  -2.1441593e+01   6.4708176e+01   8.5853127e+01   1.6310472e+01  -5.1000000e+01  -3.6606602e+01
   2.3905793e+00  -2.1201573e+01   6.4424681e+01   8.1679102e+01   1.5089562e+01  -5.1000000e+01  -2.6981362e+01
   3.2791678e+00  -1.9195260e+01   6.2374426e+01   7.5898520e+01   1.4155301e+01  -5.1000000e+01  -1.9924046e+01
   1.2936215e+00  -1.7420956e+01   6.3913492e+01   7.2233513e+01   1.5465436e+01  -5.1000000e+01  -1.6311989e+01
   2.8325290e-02  -1.5555151e+01   6.4308673e+01   6.8475599e+01   1.7382635e+01  -5.1000000e+01  -1.1690867e+01
   5.4702322e-01  -1.3631126e+01   6.3176824e+01   6.4994783e+01   1.7315685e+01  -5.1000000e+01  -8.0926148e+00
  -1.2473673e+00  -1.2105748e+01   6.3393126e+01   6.1673735e+01   1.8810971e+01  -5.1000000e+01  -4.8087229e+00
  -3.3122765e+00  -1.0173761e+01   6.4458080e+01   5.9157173e+01   2.0001685e+01  -5.1000000e+01  -3.3539328e+00
  -1.5570496e+00  -4.8712390e+00   6.2006339e+01   5.1059813e+01   2.0374109e+01  -5.1000000e+01   1.9643035e+00
  -2.5296561e+00  -2.1290060e+00   6.0936018e+01   4.6487959e+01   2.0253065e+01  -5.1000000e+01   4.3799064e+00
  -7.1669643e-01   2.0254383e+00   5.9778679e+01   4.0696727e+01   1.9264680e+01  -5.1000000e+01   7.2773440e+00
  -3.2061661e+00   3.0496515e+00   5.8292646e+01   3.8552490e+01   2.2179163e+01  -5.1000000e+01   1.0234220e+01
  -2.9610985e+00   5.0253206e+00   5.6606252e+01   3.5196220e+01   2.2448635e+01  -5.1000000e+01   1.2702868e+01
  -5.1109857e+00   4.6070853e+00   5.6813144e+01   3.4578880e+01   2.3820542e+01  -5.1000000e+01   1.5179371e+01
  -3.4680278e+00   7.2571213e+00   5.4501940e+01   2.9307302e+01   2.3132644e+01  -5.1000000e+01   2.0201414e+01
  -5.6688051e+00   8.1313247e+00   5.3555353e+01   2.6591663e+01   2.4468429e+01  -5.1000000e+01   2.2527460e+01
  -7.1579576e+00   1.0138947e+01   5.1771405e+01   2.1969440e+01   2.6561254e+01  -5.1000000e+01   2.6105661e+01
  -8.2536661e+00   1.1555656e+01   4.9385705e+01   1.9107256e+01   2.7653642e+01  -5.1000000e+01   2.8911658e+01
  -1.4887333e+01   9.8491600e+00   4.8555734e+01   1.8081101e+01   3.3850255e+01  -5.1000000e+01   3.0972923e+01
  -1.5993156e+01   1.1127859e+01   4.4527856e+01   1.4428345e+01   3.7268207e+01  -5.1000000e+01   3.4776292e+01
  -1.7975319e+01   1.1610255e+01   4.1498543e+01   1.1773660e+01   4.0585267e+01  -5.1000000e+01   3.7743019e+01
  -1.9434988e+01   1.3308338e+01   3.8515820e+01   8.5623919e+00   4.3062843e+01  -5.1000000e+01   3.9885189e+01
  -2.1320649e+01   1.4249864e+01   3.4659712e+01   3.9695582e+00   4.5750034e+01  -5.1000000e+01   4.3126343e+01
  -2.5250065e+01   1.2931675e+01   3.0639381e+01   8.0118085e-01   5.1924696e+01  -5.1000000e+01   4.7819883e+01
  -2.7477164e+01   1.2252128e+01   2.5255692e+01  -1.2194199e+00   5.8448576e+01  -5.1000000e+01   4.9245265e+01
  -2.7402786e+01   9.6348460e+00   1.9725305e+01  -2.1115232e+00   6.3439178e+01  -5.1000000e+01   5.3557121e+01
  -2.5751397e+01   4.1368911e+00   1.4656480e+01  -5.9062309e-01   6.7455272e+01  -5.1000000e+01   5.4875473e+01
  -2.3346202e+01   3.0429337e+00   8.5968311e+00  -4.2159815e+00   7.4052236e+01  -5.1000000e+01   5.2956130e+01
  -1.9891181e+01   3.1192803e+00   6.5792212e+00  -5.1173712e+00   8.2221607e+01  -5.1000000e+01   4.9227336e+01
  -1.5850003e+01   6.4489647e+00   9.4353524e+00  -2.9267957e+00   8.0430226e+01  -5.1000000e+01   4.2072894e+01
  -1.2380172e+01   7.9072862e+00   1.4706471e+01  -5.6311139e+00   7.5029116e+01  -5.1000000e+01   3.2300228e+01
  -1.0327040e+01   6.5818998e+00   2.1693015e+01  -2.5238643e+00   6.9471287e+01  -5.1000000e+01   2.3181854e+01
  -5.8910490e+00   5.2136167e+00   2.8297792e+01   1.9998628e+00   6.2870282e+01  -5.1000000e+01   1.2620555e+01
  -4.8788601e+00   2.5217620e+00   3.6042635e+01   6.3339585e+00   5.5340863e+01  -5.1000000e+01   1.8222091e+00
  -3.1580780e+00  -3.4585194e-01   4.2204472e+01   1.2557257e+01   4.9240612e+01  -5.1000000e+01  -7.8024714e+00
  -2.3470660e+00  -3.7199301e+00   4.7592924e+01   1.8351651e+01   4.4193855e+01  -5.1000000e+01  -1.5059876e+01
  -3.0089534e-01  -7.8003586e+00   5.0592417e+01   2.5326047e+01   3.9341836e+01  -5.1000000e+01  -2.1512558e+01
   1.3030824e-02  -1.2457205e+01   5.2236464e+01   3.1462363e+01   3.6157312e+01  -5.1000000e+01  -2.5692299e+01
  -3.3169633e+00  -1.6977824e+01   5.5956474e+01   3.8468595e+01   3.4356648e+01  -5.1000000e+01  -3.3059903e+01
  -2.6974607e+00  -1.8890424e+01   5.7188769e+01   4.3041203e+01   3.1793841e+01  -5.1000000e+01  -3.6429843e+01
  -2.3964545e+00  -2.1176277e+01   5.8599046e+01   4.8876535e+01   2.9454326e+01  -5.1000000e+01  -4.0164568e+01
  -1.5357022e+00  -2.2847697e+01   6.0205383e+01   5.5297418e+01   2.6959118e+01  -5.1000000e+01  -4.3360450e+01
  -1.1042527e+00  -2.3008550e+01   6.1247819e+01   6.0046101e+01   2.6538474e+01  -5.1000000e+01  -4.3082642e+01
  -2.5486756e+00  -2.1733271e+01   6.2056408e+01   6.6986639e+01   2.3395534e+01  -5.1000000e+01  -4.5468062e+01
  -4.2458952e+00  -1.9828736e+01   6.4917724e+01   7.3147252e+01   2.1270224e+01  -5.1000000e+01  -3.9619602e+01
  -6.3293079e+00  -1.8125694e+01   6.6718939e+01   7.6887690e+01   2.1376519e+01  -5.1000000e+01  -2.9904753e+01
  -6.6050590e+00  -1.8167103e+01   6.6278563e+01   7.4240736e+01   2.0866673e+01  -5.1000000e+01  -2.1515968e+01
  -6.4681787e+00  -1.6875539e+01   6.4731110e+01   7.0098108e+01   2.0886884e+01  -5.1000000e+01  -1.4248169e+01
  -5.7504160e+00  -1.6100166e+01   6.3475940e+01   6.7852543e+01   2.0225213e+01  -5.1000000e+01  -9.5582772e+00
  -2.8840182e+00  -1.3229187e+01   6.0647322e+01   6.3552354e+01   1.8669450e+01  -5.1000000e+01  -5.0840492e+00
  -5.2371971e+00  -1.1895365e+01   6.0393357e+01   6.0318786e+01   2.1357089e+01  -5.1000000e+01  -2.2441579e+00
  -5.1066525e+00  -9.6602541e+00   5.9383180e+01   5.6177888e+01   2.1472588e+01  -5.1000000e+01   1.1657645e+00
  -5.1231670e+00  -7.3825310e+00   5.7783581e+01   5.2143128e+01   2.1078990e+01  -5.1000000e+01   3.8109344e+00
  -5.0815239e+00  -3.9392519e+00   5.6114963e+01   4.6221795e+01   2.0416745e+01  -5.1000000e+01   6.8061829e+00
  -6.0129933e+00  -8.8809643e-01   5.4097146e+01   4.0651935e+01   2.2215596e+01  -5.1000000e+01   1.1677966e+01
  -8.2264753e+00   1.3492057e+00   5.2763194e+01   3.7068100e+01   2.3968641e+01  -5.1000000e+01   1.3067107e+01
  -7.6296457e+00   2.8020421e+00   5.1293915e+01   3.4294986e+01   2.3656752e+01  -5.1000000e+01   1.6887275e+01
  -1.0389585e+01   6.9400601e+00   4.8807966e+01   2.6747421e+01   2.6491960e+01  -5.1000000e+01   2.1353281e+01
  -9.7596107e+00   9.9137998e+00   4.4940033e+01   2.3987320e+01   2.6122018e+01  -5.1000000e+01   2.3760928e+01
  -1.2492877e+01   1.1495261e+01   4.3609281e+01   1.9874867e+01   2.9600022e+01  -5.1000000e+01   2.6941301e+01
  -1.7186512e+01   8.7552644e+00   4.2554214e+01   1.9739106e+01   3.5024891e+01  -5.1000000e+01   3.0894950e+01
  -1.9623724e+01   1.1481829e+01   3.9129441e+01   1.5441895e+01   3.7814157e+01  -5.1000000e+01   3.3680772e+01
  -2.1310233e+01   1.2443062e+01   3.6422058e+01   1.3224224e+01   4.0376724e+01  -5.1000000e+01   3.6250537e+01
  -2.3103632e+01   1.2191991e+01   3.4421787e+01   1.0641306e+01   4.2649537e+01  -5.1000000e+01   3.9638817e+01
  -2.3808589e+01   1.3736524e+01   3.1091667e+01   6.2038365e+00   4.5329339e+01  -5.1000000e+01   4.4275236e+01
  -2.7375715e+01   1.3722066e+01   2.6895367e+01   1.8830961e+00   4.9096988e+01  -5.1000000e+01   4.6714709e+01
  -2.9621756e+01   1.3140450e+01   2.2855133e+01   5.1481522e-01   5.1753951e+01  -5.1000000e+01   4.9291056e+01
  -3.1955396e+01   1.2032573e+01   1.7592355e+01  -1.2948157e+00   5.5356180e+01  -5.1000000e+01   5.1806776e+01
  -3.2806117e+01   1.1437064e+01   1.1774332e+01  -3.9444267e+00   5.9132327e+01  -5.1000000e+01   5.5292986e+01
  -3.2119688e+01   8.0802492e+00   8.1509235e+00  -4.4781450e+00   6.3347638e+01  -5.1000000e+01   5.6779533e+01
  -3.0698517e+01   6.8555558e+00   4.4954977e+00  -8.1495949e+00   6.7345023e+01  -5.1000000e+01   5.8302120e+01
  -2.6438800e+01   3.9252857e+00   2.2419942e+00  -9.8530930e+00   7.5934161e+01  -5.1000000e+01   5.9412698e+01
  -2.1822456e+01   2.7343394e+00   2.0350054e+00  -6.3719792e+00   7.7117646e+01  -5.1000000e+01   5.1609130e+01
  -1.9049774e+01   4.9246644e+00   3.3001215e+00  -6.1726613e+00   8.0790830e+01  -5.1000000e+01   4.5435596e+01
  -1.4190132e+01   5.0162056e+00   9.2703455e+00  -3.4071176e+00   7.3778762e+01  -5.1000000e+01   3.4418862e+01
  -1.1854192e+01   6.8400105e+00   1.8647174e+01  -6.0767058e+00   6.9879653e+01  -5.1000000e+01   2.6781027e+01
  -8.4847476e+00   8.2359876e+00   2.1880058e+01  -7.1239591e+00   6.7096091e+01  -5.1000000e+01   1.8763274e+01
  -7.1936591e+00   3.6484751e+00   2.1672670e+01  -1.0299858e+00   6.8129843e+01  -5.1000000e+01   9.7496060e+00
  -6.0793993e+00   2.1243395e+00   2.6523669e+01   2.0419895e+00   6.6680722e+01  -5.1000000e+01   1.8122463e+00
  -2.5418052e+00   6.3331207e-01   3.3116853e+01   6.6662661e+00   6.1391078e+01  -5.1000000e+01  -1.1864334e+00
  -6.2540108e-01  -2.8780635e+00   4.0463721e+01   1.2906267e+01   5.3435986e+01  -5.1000000e+01  -1.0324648e+01
  -2.4209293e-01  -7.4551251e+00   4.5431403e+01   2.0981765e+01   4.6516442e+01  -5.1000000e+01  -1.4718197e+01
   3.1178975e+00  -8.2862101e+00   4.8915664e+01   2.8173107e+01   4.0120932e+01  -5.1000000e+01  -2.1012116e+01
   5.4463825e-01  -1.3266878e+01   5.4634681e+01   3.7254754e+01   3.5468126e+01  -5.1000000e+01  -2.6354078e+01
   6.2037368e-02  -1.6150366e+01   5.8422674e+01   4.5059880e+01   3.1035927e+01  -5.1000000e+01  -3.0679134e+01
   1.6734514e+00  -1.6980765e+01   6.0034841e+01   5.1226405e+01   2.7790334e+01  -5.1000000e+01  -3.1993223e+01
  -1.4879375e-01  -1.9098297e+01   6.3116544e+01   5.9699732e+01   2.4794039e+01  -5.1000000e+01  -3.3455940e+01
  -2.6368395e+00  -1.8022027e+01   6.5321832e+01   6.6270321e+01   2.4790507e+01  -5.1000000e+01  -2.9326626e+01
  -4.0535966e+00  -1.5708350e+01   6.5973472e+01   7.2472303e+01   2.0912052e+01  -5.1000000e+01  -2.2579164e+01
  -4.9192290e+00  -1.5377892e+01   6.5684908e+01   7.0048195e+01   2.0847510e+01  -5.1000000e+01  -1.7461772e+01
  -5.2204962e+00  -1.3981194e+01   6.4763366e+01   6.6227908e+01   2.1456193e+01  -5.1000000e+01  -1.2568228e+01
  -5.5471765e+00  -1.2695126e+01   6.4326126e+01   6.3844779e+01   2.1425729e+01  -5.1000000e+01  -1.0432615e+01
  -5.4296739e+00  -1.0160649e+01   6.2488044e+01   5.9285219e+01   2.2107849e+01  -5.1000000e+01  -7.4252878e+00
  -5.9786361e+00  -8.6143627e+00   6.1262447e+01   5.5915387e+01   2.3017531e+01  -5.1000000e+01  -3.6686958e+00
  -5.3798226e+00  -6.3348212e+00   6.0229353e+01   5.2757740e+01   2.2446324e+01  -5.1000000e+01  -2.1465424e+00
  -6.0455104e+00  -5.0101210e+00   5.9711564e+01   5.0409867e+01   2.3198312e+01  -5.1000000e+01   6.0450366e-01
  -6.7986382e+00  -2.2642470e+00   5.9178286e+01   4.6461875e+01   2.2286120e+01  -5.1000000e+01   2.4543377e+00
  -6.0338800e+00   1.2137452e-01   5.8243776e+01   4.2727866e+01   2.0987942e+01  -5.1000000e+01   4.4484162e+00
  -6.6581824e+00   1.3295778e+00   5.6716293e+01   3.9685895e+01   2.1157157e+01  -5.1000000e+01   8.4600814e+00
  -8.4322870e+00   1.4548003e+00   5.5178077e+01   3.8847669e+01   2.4341799e+01  -5.1000000e+01   1.1288167e+01
  -7.4593785e+00   3.8056292e+00   5.3744777e+01   3.6176452e+01   2.3189912e+01  -5.1000000e+01   1.2649188e+01
  -9.4551910e+00   4.0696933e+00   5.3797952e+01   3.3792891e+01   2.4903859e+01  -5.1000000e+01   1.5325107e+01
  -8.0593454e+00   7.9591826e+00   5.0837804e+01   2.9544190e+01   2.4084794e+01  -5.1000000e+01   1.8166013e+01
  -1.0122788e+01   7.9395353e+00   4.9603254e+01   2.6365984e+01   2.5529218e+01  -5.1000000e+01   2.1330369e+01
  -1.0933763e+01   1.0835374e+01   4.7985797e+01   2.1756700e+01   2.6036418e+01  -5.1000000e+01   2.2694891e+01
  -1.4547643e+01   1.0612891e+01   4.7040502e+01   2.1524441e+01   2.9917668e+01  -5.1000000e+01   2.4013131e+01
  -1.6269268e+01   1.0794966e+01   4.4335851e+01   1.9763111e+01   3.3389324e+01  -5.1000000e+01   2.6983413e+01
  -1.9761628e+01   9.9096551e+00   4.1892437e+01   1.7887193e+01   3.7462265e+01  -5.1000000e+01   3.0421285e+01
  -2.1221845e+01   1.1891621e+01   3.8251092e+01   1.4460233e+01   3.9768589e+01  -5.1000000e+01   3.2768720e+01
  -2.3016373e+01   1.1670639e+01   3.5914933e+01   1.2167951e+01   4.0346297e+01  -5.1000000e+01   3.4186411e+01
  -2.5808499e+01   1.1656748e+01   3.3434426e+01   7.6469283e+00   4.3103771e+01  -5.1000000e+01   3.7825138e+01
  -2.7118647e+01   1.2254513e+01   2.9894237e+01   5.1657056e+00   4.6293278e+01  -5.1000000e+01   4.1593046e+01
  -3.0531033e+01   1.0949130e+01   2.5436235e+01   3.8513512e+00   4.9759199e+01  -5.1000000e+01   4.4710908e+01
  -3.2850613e+01   9.3453285e+00   2.1727840e+01   4.1700409e+00   5.3497622e+01  -5.1000000e+01   4.8170046e+01
  -3.6038439e+01   5.3782927e+00   1.8846622e+01   5.3572106e+00   5.9147155e+01  -5.1000000e+01   5.0561302e+01
  -3.6142725e+01   3.1846006e+00   1.4554785e+01   5.5770216e+00   6.2278280e+01  -5.1000000e+01   5.3269569e+01
  -3.5656519e+01   2.0052070e+00   1.0303197e+01   4.6370804e+00   6.5354953e+01  -5.1000000e+01   5.5034749e+01
  -3.4395175e+01  -1.6455150e-01   7.1239428e+00   2.7179109e+00   6.9625013e+01  -5.1000000e+01   5.6912579e+01
  -3.0024627e+01   6.1688254e-02   4.8772288e+00  -3.8565665e+00   7.5698648e+01  -5.1000000e+01   5.3364012e+01
  -2.5112139e+01  -4.1910759e-01   3.8232093e+00  -3.7210758e+00   7.9256352e+01  -5.1000000e+01   4.8553156e+01
  -2.2591536e+01  -1.6292844e+00   3.6248915e+00  -3.8707784e+00   7.9696901e+01  -5.1000000e+01   3.7779533e+01
  -1.9813310e+01  -1.6598895e+00   8.9088629e+00  -3.5023896e-01   7.6808433e+01  -5.1000000e+01   3.0354961e+01
  -1.5765283e+01   1.1690635e+00   1.7222988e+01   1.3381716e+00   6.9754081e+01  -5.1000000e+01   2.2022713e+01
  -1.2847835e+01   2.0671606e+00   2.7045555e+01   4.7069897e+00   6.2550829e+01  -5.1000000e+01   1.3118906e+01
  -7.5624725e+00   5.0776298e-01   3.7593682e+01   1.1513598e+01   5.4542102e+01  -5.1000000e+01   3.5504365e+00
  -3.9185001e+00  -1.3464236e+00   4.5230774e+01   1.7310048e+01   4.6970522e+01  -5.1000000e+01  -5.7318020e+00
  -3.9976223e-01  -3.6506941e+00   4.9464401e+01   2.2323438e+01   4.3547532e+01  -5.1000000e+01  -8.9753108e+00
  -1.2481922e+00  -8.2805498e+00   5.4989257e+01   3.0129593e+01   4.0348632e+01  -5.1000000e+01  -1.7207424e+01
  -1.8303642e-01  -1.1875938e+01   5.8826015e+01   3.6509815e+01   3.6159121e+01  -5.1000000e+01  -2.2957672e+01
  -5.7307101e-01  -1.4968332e+01   6.2145400e+01   4.3979029e+01   3.3277826e+01  -5.1000000e+01  -2.8252330e+01
  -6.1097274e-01  -1.6949510e+01   6.3883040e+01   4.8760885e+01   3.1844602e+01  -5.1000000e+01  -3.0538417e+01
  -2.1400937e+00  -1.8414215e+01   6.6556804e+01   5.5686931e+01   2.9453711e+01  -5.1000000e+01  -3.4834232e+01
  -2.3777244e+00  -1.8903897e+01   6.6980614e+01   6.2575502e+01   2.5877023e+01  -5.1000000e+01  -3.6587758e+01
  -4.2126826e+00  -1.7370113e+01   6.8424879e+01   6.7960544e+01   2.4723022e+01  -5.1000000e+01  -3.5473439e+01
  -5.4705367e+00  -1.5342287e+01   6.8100955e+01   7.2669521e+01   2.3540007e+01  -5.1000000e+01  -2.9768488e+01
  -4.9760389e+00  -1.3519294e+01   6.7157429e+01   7.0491887e+01   2.1519096e+01  -5.1000000e+01  -2.4380287e+01
  -6.4629974e+00  -1.2152567e+01   6.7164261e+01   6.6751024e+01   2.2284428e+01  -5.1000000e+01  -1.8480159e+01
  -6.1310480e+00  -9.2486991e+00   6.4426982e+01   6.1487544e+01   2.3328677e+01  -5.1000000e+01  -1.2947972e+01
  -6.3470567e+00  -7.1425433e+00   6.2347005e+01   5.7813679e+01   2.4085545e+01  -5.1000000e+01  -9.7978233e+00
  -7.1770968e+00  -5.7773655e+00   6.0974852e+01   5.4932899e+01   2.4214883e+01  -5.1000000e+01  -7.7076189e+00
  -7.4964537e+00  -3.5645208e+00   5.9753359e+01   5.1112965e+01   2.3814586e+01  -5.1000000e+01  -5.0611982e+00
  -7.7490767e+00  -1.7136500e+00   5.7652582e+01   4.7465628e+01   2.3935280e+01  -5.1000000e+01  -1.8740965e+00
  -9.0532142e+00  -1.0441523e+00   5.7438807e+01   4.5402666e+01   2.4757480e+01  -5.1000000e+01   4.4816325e-01
  -9.6340520e+00   8.0583650e-01   5.5012370e+01   4.1942828e+01   2.5148030e+01  -5.1000000e+01   3.2055218e+00
  -9.9861198e+00   3.0073405e+00   5.4068923e+01   3.9078087e+01   2.4992384e+01  -5.1000000e+01   4.6132946e+00
  -1.1082090e+01   3.6380693e+00   5.2638119e+01   3.8087010e+01   2.6300798e+01  -5.1000000e+01   6.4431264e+00
  -1.0827794e+01   5.1703620e+00   5.0483482e+01   3.5175860e+01   2.6932881e+01  -5.1000000e+01   9.1238737e+00
  -1.2218451e+01   7.0875886e+00   4.9258469e+01   3.1498523e+01   2.7808686e+01  -5.1000000e+01   1.2539638e+01
  -1.2558248e+01   8.5654677e+00   4.8020606e+01   2.8715839e+01   2.7908130e+01  -5.1000000e+01   1.5214032e+01
  -1.4156534e+01   9.7673498e+00   4.5708693e+01   2.6107933e+01   2.9304654e+01  -5.1000000e+01   1.6534390e+01
  -1.7011352e+01   9.9449751e+00   4.3146811e+01   2.4326524e+01   3.2237937e+01  -5.1000000e+01   1.8833507e+01
  -1.9158076e+01   1.0319005e+01   4.1225966e+01   2.2570349e+01   3.4902382e+01  -5.1000000e+01   2.1057100e+01
  -2.1068784e+01   1.1301165e+01   4.0180996e+01   2.1845566e+01   3.5619979e+01  -5.1000000e+01   2.1119710e+01
  -2.4152124e+01   1.0531560e+01   3.8351509e+01   1.8951529e+01   3.7517936e+01  -5.1000000e+01   2.4543057e+01
  -2.6072271e+01   1.2852149e+01   3.4541273e+01   1.3787275e+01   4.0490850e+01  -5.1000000e+01   2.8808764e+01
  -2.8085982e+01   1.1910222e+01   3.2338407e+01   1.1550554e+01   4.2707906e+01  -5.1000000e+01   3.2020774e+01
  -3.0233418e+01   1.2273644e+01   2.7490125e+01   7.6544209e+00   4.4484901e+01  -5.1000000e+01   3.4779639e+01
  -3.2799821e+01   1.1940427e+01   2.3941880e+01   4.9955693e+00   4.7301956e+01  -5.1000000e+01   3.7711128e+01
  -3.4438194e+01   1.0840709e+01   2.1010012e+01   3.9661152e+00   4.7707355e+01  -5.1000000e+01   4.0586260e+01
  -3.6508496e+01   9.4432713e+00   1.7609235e+01   3.2448477e+00   5.1054339e+01  -5.1000000e+01   4.4999826e+01
  -3.7527427e+01   7.0737646e+00   1.5636827e+01   3.7212725e+00   5.3099675e+01  -5.1000000e+01   4.7838372e+01
  -3.9237475e+01   3.5720519e+00   1.2314446e+01   3.5010031e+00   5.7079924e+01  -5.1000000e+01   5.1890043e+01
  -3.9094671e+01   2.0708825e+00   8.9015931e+00   1.2864497e+00   5.7004254e+01  -5.1000000e+01   5.3268394e+01
  -3.8101068e+01  -2.8479144e-01   5.5783600e+00   8.7868919e-02   5.8592786e+01  -5.1000000e+01   5.5260458e+01
  -3.5650654e+01  -1.5653343e+00   3.7733892e+00  -2.2179034e+00   6.3765701e+01  -5.1000000e+01   5.5628091e+01
  -3.2757034e+01  -3.3537838e+00   1.0603286e+00  -4.2207444e+00   6.9960432e+01  -5.1000000e+01   5.2751919e+01
  -2.8951042e+01  -2.5974454e+00  -3.0408833e+00  -7.3759331e+00   7.8887524e+01  -5.1000000e+01   4.6680855e+01
  -2.5863324e+01  -1.6587001e+00  -4.1262452e+00  -7.3123469e+00   8.0672285e+01  -5.1000000e+01   3.7853494e+01
  -2.2785486e+01   1.1723142e+00   2.3229025e+00  -6.3671126e+00   7.6980946e+01  -5.1000000e+01   3.0403200e+01
  -2.0218332e+01   2.8797573e-01   1.0229167e+01  -1.4314474e+00   7.2873150e+01  -5.1000000e+01   2.3425491e+01
  -1.6868184e+01   6.5284341e-01   1.9271783e+01   2.7788363e+00   6.6980657e+01  -5.1000000e+01   1.7253243e+01
  -1.4889676e+01   4.6994532e-01   2.8951811e+01   6.4065559e+00   6.0064280e+01  -5.1000000e+01   9.0498348e+00
  -1.0794248e+01  -6.6445315e-01   3.6630748e+01   1.3022676e+01   5.3598238e+01  -5.1000000e+01   4.0518406e-01
  -8.2388428e+00  -2.2774094e+00   4.4630457e+01   1.7746814e+01   4.6459922e+01  -5.1000000e+01  -7.5136278e+00
  -5.1677664e+00  -4.0484809e+00   4.9252538e+01   2.3390998e+01   4.1428617e+01  -5.1000000e+01  -1.4110524e+01
  -4.5770569e+00  -6.7146862e+00   5.4323592e+01   3.0193497e+01   3.6875497e+01  -5.1000000e+01  -1.9947400e+01
  -4.5898242e+00  -1.1268690e+01   5.8572958e+01   3.9170254e+01   3.2610253e+01  -5.1000000e+01  -2.4936537e+01
  -3.7869571e+00  -1.3278431e+01   6.1108280e+01   4.5774384e+01   2.8276932e+01  -5.1000000e+01  -2.9856914e+01
  -3.8721847e+00  -1.4327392e+01   6.2354260e+01   5.1366881e+01   2.6617660e+01  -5.1000000e+01  -3.0726566e+01
  -4.6299675e+00  -1.4544413e+01   6.3983711e+01   5.8178930e+01   2.4462049e+01  -5.1000000e+01  -3.2384501e+01
  -6.2661134e+00  -1.2733472e+01   6.4574342e+01   6.3386814e+01   2.2634321e+01  -5.1000000e+01  -3.2246255e+01
  -9.1864927e+00  -1.1483182e+01   6.4951132e+01   6.7351442e+01   2.3017721e+01  -5.1000000e+01  -2.5792807e+01
  -7.7253844e+00  -1.0548419e+01   6.2298301e+01   6.4811475e+01   2.2710053e+01  -5.1000000e+01  -2.0392320e+01
  -7.9724324e+00  -8.2234461e+00   6.1951552e+01   6.1396003e+01   2.2401927e+01  -5.1000000e+01  -1.7727311e+01
  -7.5824938e+00  -6.1814393e+00   5.9981274e+01   5.8112005e+01   2.2911138e+01  -5.1000000e+01  -1.4710641e+01
