  -2.6286056e+01   1.8342836e+01   4.7465404e+01   1.9711147e+01   2.6266456e+01  -4.9320256e+01   2.0428388e+01
  -1.4897678e+01   4.4012703e+00   4.7187851e+01   2.1364226e+01   2.7096422e+01  -5.1600742e+01   2.2522824e+01
  -9.0000000e+00  -2.0000000e+00   3.9199475e+01   2.9488196e+01   3.1481534e+01  -4.6877419e+01   3.0988448e+01
  -9.0000000e+00  -2.0000000e+00   3.1284241e+01   3.3631892e+01   3.6492714e+01  -4.8730609e+01   3.5456528e+01
  -9.0000000e+00  -2.0000000e+00   2.5423073e+01   3.4884342e+01   4.0911382e+01  -5.1622420e+01   3.9153927e+01
  -9.0000000e+00  -2.0000000e+00   2.0922202e+01   3.3793122e+01   4.2577353e+01  -5.3081709e+01   4.1033899e+01
  -9.0000000e+00  -2.0000000e+00   1.8000137e+01   3.2823433e+01   4.4360685e+01  -5.4282739e+01   4.4612397e+01
  -9.0000000e+00  -2.0000000e+00   1.4658720e+01   3.2125145e+01   4.6100077e+01  -5.5534076e+01   4.9045221e+01
  -9.0000000e+00  -2.0000000e+00   1.0251958e+01   3.0012143e+01   4.7631298e+01  -5.7558443e+01   5.3109153e+01
  -9.0000000e+00  -2.0000000e+00   4.4073024e+00   2.6760655e+01   4.8110076e+01  -5.8759825e+01   5.5465896e+01
  -9.0000000e+00  -2.0000000e+00  -1.5749691e+00   2.3575280e+01   4.8849727e+01  -5.9412611e+01   5.9381848e+01
  -9.0000000e+00  -2.0000000e+00  -6.8026425e+00   2.0144794e+01   4.9518612e+01  -5.9723130e+01   6.1953322e+01
  -9.0000000e+00  -2.0000000e+00  -8.6288667e+00   1.6144565e+01   4.9455023e+01  -5.9586102e+01   6.3250652e+01
  -9.0000000e+00  -2.0000000e+00  -8.0169857e+00   1.2045050e+01   4.9286763e+01  -5.9418550e+01   6.4586089e+01
  -9.0000000e+00  -2.0000000e+00  -7.9001928e+00   8.2062159e+00   4.8956990e+01  -5.9144293e+01   6.6121958e+01
  -9.0000000e+00  -2.0000000e+00  -3.0507427e+00   4.7734509e+00   4.8376612e+01  -5.8804383e+01   6.6714898e+01
  -9.0000000e+00  -2.0000000e+00  -2.8259331e+00   1.4238484e+00   4.7846751e+01  -5.8544654e+01   6.7429333e+01
  -9.0000000e+00  -2.0000000e+00  -7.6322215e+00  -2.2012099e+00   4.8286910e+01  -5.9356467e+01   6.7386574e+01
  -9.0000000e+00  -2.0000000e+00  -8.0383561e+00  -4.4965304e+00   5.2574686e+01  -5.9557725e+01   6.4884692e+01
  -9.0000000e+00  -2.0000000e+00  -5.7842325e+00  -3.3380351e+00   5.7865073e+01  -5.7455952e+01   5.9125079e+01
  -9.0000000e+00  -2.0000000e+00  -7.0730437e-01   6.8030500e-01   6.1119414e+01  -5.3638870e+01   5.0953386e+01
  -9.0000000e+00  -2.0000000e+00   7.6971392e+00   3.4553730e+00   6.2834447e+01  -5.0610845e+01   3.9657353e+01
  -9.0000000e+00  -2.0000000e+00   1.5632915e+01   3.5384475e+00   6.4371377e+01  -4.9258906e+01   2.8769406e+01
  -9.0000000e+00  -2.0000000e+00   2.0975564e+01   2.4995039e+00   6.4311567e+01  -4.8780326e+01   1.7473238e+01
  -9.0000000e+00  -2.0000000e+00   2.6621313e+01   5.3153034e+00   6.4534740e+01  -4.9045863e+01   8.0054451e+00
  -9.0000000e+00  -2.0000000e+00   3.4583997e+01   8.2420716e+00   5.9533787e+01  -4.8697704e+01  -2.0184489e+00
  -9.0000000e+00  -2.0000000e+00   4.2372312e+01   9.7493960e+00   5.4602513e+01  -4.6916061e+01  -1.0993063e+01
  -9.0000000e+00  -2.0000000e+00   4.8150176e+01   1.0654670e+01   4.8989338e+01  -4.4145459e+01  -2.0066329e+01
  -9.0000000e+00  -2.0000000e+00   5.4945333e+01   1.2057345e+01   4.3628244e+01  -3.9494925e+01  -2.8850587e+01
  -9.0000000e+00  -2.0000000e+00   6.0202864e+01   1.2939649e+01   3.8089624e+01  -3.5074137e+01  -3.6777010e+01
  -9.0000000e+00  -2.0000000e+00   6.5287514e+01   1.4192586e+01   3.3109665e+01  -3.0133394e+01  -4.3376715e+01
  -9.0000000e+00  -2.0000000e+00   6.8093539e+01   1.6133689e+01   2.8414274e+01  -2.4902462e+01  -4.8541562e+01
  -9.0000000e+00  -2.0000000e+00   7.0833461e+01   1.9263549e+01   2.4376880e+01  -1.8990967e+01  -5.0989380e+01
  -9.0000000e+00  -2.0000000e+00   7.1964795e+01   2.3649034e+01   2.1203904e+01  -1.3165832e+01  -4.6201795e+01
  -9.0000000e+00  -2.0000000e+00   7.3108185e+01   2.4484796e+01   2.1495013e+01  -1.2145733e+01  -3.7347388e+01
  -9.0000000e+00  -2.0000000e+00   7.0948730e+01   2.2998049e+01   2.0515330e+01  -1.4358252e+01  -2.9035398e+01
  -9.0000000e+00  -2.0000000e+00   6.7610653e+01   2.3153665e+01   2.2194884e+01  -1.7881950e+01  -2.0516842e+01
  -9.0000000e+00  -2.0000000e+00   6.5207119e+01   2.4517506e+01   2.3163147e+01  -2.2198766e+01  -1.4843357e+01
  -9.0000000e+00  -2.0000000e+00   6.0797543e+01   2.6515829e+01   2.4935549e+01  -2.6630036e+01  -8.9937445e+00
  -9.0000000e+00  -2.0000000e+00   5.6376828e+01   2.9627708e+01   2.8457335e+01  -3.1442633e+01  -3.5892747e+00
  -9.0000000e+00  -2.0000000e+00   5.3246425e+01   3.2881787e+01   2.9914324e+01  -3.6218987e+01  -5.4117886e-01
  -9.0000000e+00  -2.0000000e+00   4.9817152e+01   3.6339645e+01   3.1246441e+01  -4.1007078e+01   2.8708629e+00
  -9.0000000e+00  -2.0000000e+00   4.7014133e+01   4.0092873e+01   3.3435960e+01  -4.5761000e+01   6.5532859e+00
  -9.0000000e+00  -2.0000000e+00   4.2995136e+01   4.2434449e+01   3.4952532e+01  -5.0404829e+01   1.1093012e+01
  -9.0000000e+00  -2.0000000e+00   3.9551394e+01   4.4747806e+01   3.6178937e+01  -5.4785757e+01   1.5196050e+01
  -9.0000000e+00  -2.0000000e+00   3.5027970e+01   4.7118317e+01   3.7672639e+01  -5.8901416e+01   1.9963584e+01
  -9.0000000e+00  -2.0000000e+00   3.1660262e+01   4.7698163e+01   3.7863366e+01  -6.1835093e+01   2.2951554e+01
  -9.0000000e+00  -2.0000000e+00   2.8854073e+01   4.7731411e+01   3.8085729e+01  -6.3733345e+01   2.6703990e+01
  -9.0000000e+00  -2.0000000e+00   2.5073009e+01   4.7737597e+01   3.8383120e+01  -6.5452142e+01   3.0483384e+01
  -9.0000000e+00  -2.0000000e+00   2.1591077e+01   4.6809965e+01   3.8979876e+01  -6.7376765e+01   3.5320370e+01
  -9.0000000e+00  -2.0000000e+00   1.8205743e+01   4.6290783e+01   3.9926175e+01  -6.8525787e+01   3.9812622e+01
  -9.0000000e+00  -2.0000000e+00   1.4269371e+01   4.4703186e+01   4.0812914e+01  -7.0233467e+01   4.4282355e+01
  -9.0000000e+00  -2.0000000e+00   9.0863109e+00   4.2405606e+01   4.1765592e+01  -7.1348002e+01   4.8455547e+01
  -9.0000000e+00  -2.0000000e+00   3.7566550e+00   3.9588735e+01   4.2669244e+01  -7.2332904e+01   5.1632615e+01
  -9.0000000e+00  -2.0000000e+00  -1.0238823e+00   3.6015490e+01   4.2814414e+01  -7.1994527e+01   5.4326145e+01
  -9.0000000e+00  -2.0000000e+00  -5.4531855e+00   3.1951602e+01   4.2891093e+01  -7.1868932e+01   5.6574922e+01
  -9.0000000e+00  -2.0000000e+00  -7.8256380e+00   2.7868935e+01   4.2921045e+01  -7.1668259e+01   5.8551277e+01
  -9.0000000e+00  -2.0000000e+00  -8.3610084e+00   2.3838655e+01   4.2895679e+01  -7.1421612e+01   6.0279008e+01
  -9.0000000e+00  -2.0000000e+00  -7.1268217e+00   1.9806767e+01   4.2778194e+01  -7.1176781e+01   6.1859995e+01
  -9.0000000e+00  -2.0000000e+00  -4.7465017e+00   1.5912377e+01   4.2668354e+01  -7.0963646e+01   6.3101627e+01
  -9.0000000e+00  -2.0000000e+00  -5.2957739e+00   1.2295461e+01   4.3243955e+01  -7.0966177e+01   6.3544044e+01
  -9.0000000e+00  -2.0000000e+00  -8.1323086e+00   8.6455223e+00   4.6113884e+01  -7.0822370e+01   6.2782952e+01
  -9.0000000e+00  -2.0000000e+00  -6.5365390e+00   7.4070842e+00   4.9424787e+01  -6.8740826e+01   5.9490042e+01
  -9.0000000e+00  -2.0000000e+00  -3.3873926e+00   7.7312156e+00   5.2170219e+01  -6.5470316e+01   5.5938803e+01
  -9.0000000e+00  -2.0000000e+00   2.2835171e+00   8.0523025e+00   5.6462250e+01  -6.2578412e+01   4.6335897e+01
  -9.0000000e+00  -2.0000000e+00   6.2320519e+00   6.3544408e+00   6.4134265e+01  -6.3687288e+01   3.7108223e+01
  -9.0000000e+00  -2.0000000e+00   3.7234333e+00   4.5214485e+00   7.0524910e+01  -6.4757505e+01   2.6601908e+01
  -9.0000000e+00  -2.0000000e+00   7.5131257e+00   4.3426772e+00   7.4531949e+01  -6.3126865e+01   1.7371706e+01
  -9.0000000e+00  -2.0000000e+00   1.4862126e+01   4.0459059e+00   7.2568248e+01  -5.8899294e+01   7.2113190e+00
  -9.0000000e+00  -2.0000000e+00   2.5584076e+01   8.0271667e+00   6.8444080e+01  -5.4101052e+01  -2.8720064e+00
  -9.0000000e+00  -2.0000000e+00   3.5745162e+01   1.0475311e+01   6.5218935e+01  -5.0780776e+01  -1.1012203e+01
  -9.0000000e+00  -2.0000000e+00   4.3809070e+01   1.1613528e+01   5.9728298e+01  -4.7017122e+01  -2.0105198e+01
  -9.0000000e+00  -2.0000000e+00   5.1309272e+01   1.2076315e+01   5.4184951e+01  -4.2259231e+01  -2.8444866e+01
  -9.0000000e+00  -2.0000000e+00   5.7864860e+01   1.2618157e+01   4.8468920e+01  -3.7386032e+01  -3.7062396e+01
  -9.0000000e+00  -2.0000000e+00   6.3110370e+01   1.3563746e+01   4.3034454e+01  -3.1999476e+01  -4.4517117e+01
  -9.0000000e+00  -2.0000000e+00   6.7969670e+01   1.5109155e+01   3.8097906e+01  -2.6147759e+01  -5.0636473e+01
  -9.0000000e+00  -2.0000000e+00   7.0880105e+01   1.6648958e+01   3.3583625e+01  -2.0305866e+01  -5.5479555e+01
  -9.0000000e+00  -2.0000000e+00   7.4183396e+01   1.9846414e+01   2.9540263e+01  -1.3672609e+01  -5.8104042e+01
  -9.0000000e+00  -2.0000000e+00   6.1104623e+01   2.1749755e+01   1.9254583e+01  -9.5987158e+00  -5.4368428e+01
  -9.0000000e+00  -2.0000000e+00   7.2701029e+01   2.0732842e+01   2.5197654e+01  -7.2699928e+00  -4.5382712e+01
  -9.0000000e+00  -2.0000000e+00   7.3447843e+01   1.7701375e+01   2.3151490e+01  -8.0707707e+00  -3.6661305e+01
  -9.0000000e+00  -2.0000000e+00   7.2346169e+01   1.6346750e+01   2.2534405e+01  -1.0056850e+01  -2.7619813e+01
  -9.0000000e+00  -2.0000000e+00   7.0520289e+01   1.6682913e+01   2.1829337e+01  -1.3075109e+01  -2.0058334e+01
  -9.0000000e+00  -2.0000000e+00   6.8902156e+01   1.8762252e+01   2.2803926e+01  -1.7082092e+01  -1.4037841e+01
  -9.0000000e+00  -2.0000000e+00   6.7037346e+01   2.1165725e+01   2.3518206e+01  -2.1020623e+01  -8.5801478e+00
  -9.0000000e+00  -2.0000000e+00   6.4567633e+01   2.2814166e+01   2.4772381e+01  -2.4837182e+01  -3.6139442e+00
  -9.0000000e+00  -2.0000000e+00   6.2554489e+01   2.4844522e+01   2.5906162e+01  -2.8167922e+01  -1.5512506e-01
  -9.0000000e+00  -2.0000000e+00   6.0275470e+01   2.6999481e+01   2.6962017e+01  -3.1342476e+01   2.6060743e+00
  -9.0000000e+00  -2.0000000e+00   5.8122153e+01   2.9226223e+01   2.8085829e+01  -3.4483395e+01   4.2163244e+00
  -9.0000000e+00  -2.0000000e+00   5.6315886e+01   3.2033717e+01   2.9050659e+01  -3.7379402e+01   4.1400333e+00
  -9.0000000e+00  -2.0000000e+00   5.4522603e+01   3.5038681e+01   3.0384525e+01  -4.0514218e+01   5.6936478e+00
  -9.0000000e+00  -2.0000000e+00   5.2934538e+01   3.8552227e+01   3.1292445e+01  -4.3718838e+01   5.9275718e+00
  -9.0000000e+00  -2.0000000e+00   5.1584820e+01   4.2035389e+01   3.2554132e+01  -4.7505171e+01   6.8997249e+00
  -9.0000000e+00  -2.0000000e+00   5.0272043e+01   4.5277604e+01   3.3822294e+01  -5.1624458e+01   9.7474349e+00
  -9.0000000e+00  -2.0000000e+00   4.8165892e+01   4.8254260e+01   3.5260966e+01  -5.6156024e+01   1.3306436e+01
  -9.0000000e+00  -2.0000000e+00   4.6087199e+01   5.1183079e+01   3.6014181e+01  -6.0711466e+01   1.5639361e+01
  -9.0000000e+00  -2.0000000e+00   4.4733267e+01   5.5102864e+01   3.6573063e+01  -6.5359783e+01   1.8430214e+01
  -9.0000000e+00  -2.0000000e+00   4.2460772e+01   5.8930434e+01   3.8395960e+01  -7.0455119e+01   2.2297010e+01
  -9.0000000e+00  -2.0000000e+00   3.9745295e+01   6.2890207e+01   3.9646894e+01  -7.5464208e+01   2.4880478e+01
  -9.0000000e+00  -2.0000000e+00   3.8013188e+01   6.5698415e+01   4.0073368e+01  -8.0428334e+01   2.8824684e+01
  -9.0000000e+00  -2.0000000e+00   3.5077435e+01   6.7973404e+01   4.1398296e+01  -8.5224135e+01   3.3083746e+01
  -9.0000000e+00  -2.0000000e+00   3.2552207e+01   7.0141395e+01   4.2590960e+01  -8.9952154e+01   3.6733664e+01
  -9.0000000e+00  -2.0000000e+00   2.9786302e+01   7.2240898e+01   4.3969549e+01  -9.4363301e+01   4.1114641e+01
  -9.0000000e+00  -2.0000000e+00   2.6890647e+01   7.3486632e+01   4.5310957e+01  -9.8812309e+01   4.4314300e+01
  -9.0000000e+00  -2.0000000e+00   2.4054473e+01   7.3554858e+01   4.5545469e+01  -1.0177470e+02   4.8898508e+01
  -9.0000000e+00  -2.0000000e+00   2.0491386e+01   7.2646446e+01   4.6220782e+01  -1.0481496e+02   5.2778667e+01
  -9.0000000e+00  -2.0000000e+00   1.7130796e+01   7.1687049e+01   4.7240804e+01  -1.0698368e+02   5.6408820e+01
  -9.0000000e+00  -2.0000000e+00   1.2679086e+01   6.9808773e+01   4.7916587e+01  -1.0956439e+02   5.9841304e+01
  -9.0000000e+00  -2.0000000e+00   8.6455477e+00   6.7386286e+01   4.8794174e+01  -1.1202014e+02   6.3168973e+01
  -9.0000000e+00  -2.0000000e+00   5.7813155e+00   6.2081347e+01   5.0944031e+01  -1.1505535e+02   6.5204691e+01
  -9.0000000e+00  -2.0000000e+00   4.5486406e+00   5.6727786e+01   5.3993991e+01  -1.1652949e+02   6.3916340e+01
  -9.0000000e+00  -2.0000000e+00   3.9301339e+00   5.3202583e+01   6.0232135e+01  -1.1683029e+02   5.8651294e+01
  -9.0000000e+00  -2.0000000e+00   4.3622936e+00   5.4983017e+01   6.7330636e+01  -1.1435780e+02   5.2171449e+01
  -9.0000000e+00  -2.0000000e+00   1.0945007e+01   5.3046406e+01   7.3409744e+01  -1.1212092e+02   4.4127732e+01
  -9.0000000e+00  -2.0000000e+00   1.7379958e+01   5.2151348e+01   6.9343301e+01  -1.0560845e+02   3.5272827e+01
  -9.0000000e+00  -2.0000000e+00   2.3538112e+01   4.8926586e+01   6.1026217e+01  -9.7765801e+01   2.6701138e+01
  -9.0000000e+00  -2.0000000e+00   2.8375698e+01   4.1888344e+01   6.0082930e+01  -9.7816905e+01   1.7157322e+01
  -9.0000000e+00  -2.0000000e+00   2.7748425e+01   3.7696179e+01   6.0432092e+01  -1.0154377e+02   8.8186971e+00
  -9.0000000e+00  -2.0000000e+00   2.4582205e+01   3.4266897e+01   5.9923566e+01  -1.0480667e+02   4.1554332e-01
  -9.0000000e+00  -2.0000000e+00   2.4264607e+01   3.2766537e+01   5.8409849e+01  -1.0519552e+02  -7.6845844e+00
  -9.0000000e+00  -2.0000000e+00   2.9690996e+01   3.3290289e+01   5.4561953e+01  -1.0161312e+02  -1.4933010e+01
  -9.0000000e+00  -2.0000000e+00   3.8150967e+01   3.4333089e+01   5.1265627e+01  -9.4451981e+01  -2.2546955e+01
  -9.0000000e+00  -2.0000000e+00   4.6178064e+01   3.5040107e+01   4.7472553e+01  -8.6869218e+01  -2.9856362e+01
  -9.0000000e+00  -2.0000000e+00   5.4314639e+01   3.7530696e+01   4.3181881e+01  -7.8091867e+01  -3.6003383e+01
  -9.0000000e+00  -2.0000000e+00   6.0300534e+01   3.8250567e+01   3.8046423e+01  -6.9329791e+01  -4.3087024e+01
  -9.0000000e+00  -2.0000000e+00   6.4001259e+01   4.0168425e+01   3.2411354e+01  -6.0454183e+01  -4.8687961e+01
  -9.0000000e+00  -2.0000000e+00   6.8532287e+01   4.3090570e+01   2.7609682e+01  -5.1283948e+01  -5.2371394e+01
  -9.0000000e+00  -2.0000000e+00   7.3419332e+01   4.6918291e+01   2.3579608e+01  -4.1828167e+01  -4.9520027e+01
  -9.0000000e+00  -2.0000000e+00   7.4890628e+01   4.5435014e+01   1.9251850e+01  -3.4277921e+01  -4.3477597e+01
  -9.0000000e+00  -2.0000000e+00   7.5713123e+01   3.9538715e+01   1.5715523e+01  -3.0722176e+01  -3.7162225e+01
  -9.0000000e+00  -2.0000000e+00   7.5304672e+01   3.4307200e+01   1.3013242e+01  -2.7920898e+01  -3.0889273e+01
  -9.0000000e+00  -2.0000000e+00   7.5492887e+01   3.0240787e+01   1.1414936e+01  -2.6458960e+01  -2.4277775e+01
  -9.0000000e+00  -2.0000000e+00   7.2669026e+01   2.6873413e+01   1.2482985e+01  -2.6064168e+01  -1.8148130e+01
  -9.0000000e+00  -2.0000000e+00   7.0804557e+01   2.4449291e+01   1.4196155e+01  -2.6172754e+01  -1.2046239e+01
  -9.0000000e+00  -2.0000000e+00   6.8347879e+01   2.3208912e+01   1.4779961e+01  -2.6791972e+01  -6.6540391e+00
  -9.0000000e+00  -2.0000000e+00   6.7126215e+01   2.2477059e+01   1.6212324e+01  -2.8300396e+01  -1.3857215e+00
  -9.0000000e+00  -2.0000000e+00   6.4088163e+01   2.3454714e+01   1.8696155e+01  -3.1163408e+01   4.1903390e+00
  -9.0000000e+00  -2.0000000e+00   5.9232262e+01   2.5645741e+01   2.3323817e+01  -3.4996589e+01   1.0294660e+01
  -9.0000000e+00  -2.0000000e+00   5.4967986e+01   2.8928484e+01   2.6952782e+01  -3.8970198e+01   1.4755041e+01
  -9.0000000e+00  -2.0000000e+00   4.9320167e+01   3.2063112e+01   3.1578388e+01  -4.3573037e+01   2.0289805e+01
  -9.0000000e+00  -2.0000000e+00   4.3291034e+01   3.5193214e+01   3.6005383e+01  -4.8192893e+01   2.5523870e+01
  -9.0000000e+00  -2.0000000e+00   3.6652393e+01   3.8479228e+01   3.9842586e+01  -5.2669254e+01   3.0164126e+01
  -9.0000000e+00  -2.0000000e+00   3.2269196e+01   4.0122886e+01   4.2275642e+01  -5.6825384e+01   3.5135988e+01
  -9.0000000e+00  -2.0000000e+00   2.6806728e+01   4.2257939e+01   4.4269348e+01  -6.0236367e+01   3.9809636e+01
  -9.0000000e+00  -2.0000000e+00   2.0757328e+01   4.4910022e+01   4.7459712e+01  -6.3135436e+01   4.4618291e+01
  -9.0000000e+00  -2.0000000e+00   1.7347603e+01   4.3898087e+01   4.9274958e+01  -6.6734885e+01   4.8839569e+01
  -9.0000000e+00  -2.0000000e+00   1.2802697e+01   4.1534080e+01   5.0563971e+01  -6.9623972e+01   5.3453584e+01
  -9.0000000e+00  -2.0000000e+00   7.6623292e+00   3.9594217e+01   5.1574071e+01  -7.1101882e+01   5.6930259e+01
  -9.0000000e+00  -2.0000000e+00   2.6554423e+00   3.6965530e+01   5.2591329e+01  -7.2392486e+01   5.9770392e+01
  -9.0000000e+00  -2.0000000e+00  -2.0979476e+00   3.3580101e+01   5.3317308e+01  -7.3163452e+01   6.2124278e+01
  -9.0000000e+00  -2.0000000e+00  -7.6349532e+00   3.0265000e+01   5.3743729e+01  -7.3361127e+01   6.3937515e+01
  -9.0000000e+00  -2.0000000e+00  -1.2672834e+01   2.6506995e+01   5.4159739e+01  -7.3441818e+01   6.6019387e+01
  -9.0000000e+00  -2.0000000e+00  -1.3408162e+01   2.2157364e+01   5.4411132e+01  -7.3449020e+01   6.7490337e+01
  -9.0000000e+00  -2.0000000e+00  -1.2192198e+01   1.8343752e+01   5.4008641e+01  -7.2851590e+01   6.8526324e+01
  -9.0000000e+00  -2.0000000e+00  -1.0627860e+01   1.4907026e+01   5.3570260e+01  -7.2215896e+01   6.9271520e+01
  -9.0000000e+00  -2.0000000e+00  -1.0743084e+01   1.0708814e+01   5.5340960e+01  -7.1989908e+01   6.8866528e+01
  -9.0000000e+00  -2.0000000e+00  -9.4440019e+00   8.3844341e+00   5.8484594e+01  -7.0844112e+01   6.5459534e+01
  -9.0000000e+00  -2.0000000e+00  -7.8593390e+00   6.9266001e+00   6.4238131e+01  -6.9606689e+01   5.9248479e+01
  -9.0000000e+00  -2.0000000e+00  -4.0896314e+00   8.2887568e+00   7.0624830e+01  -6.6880512e+01   5.2385896e+01
  -9.0000000e+00  -2.0000000e+00   2.0304749e+00   9.7602830e+00   7.2824110e+01  -6.4334975e+01   4.1046467e+01
  -9.0000000e+00  -2.0000000e+00   8.7859743e+00   7.2325525e+00   7.4911045e+01  -6.1895987e+01   3.0008492e+01
  -9.0000000e+00  -2.0000000e+00   8.7938335e+00   2.7427069e+00   7.8367674e+01  -6.2462360e+01   1.8694748e+01
  -9.0000000e+00  -2.0000000e+00   6.4051377e+00   3.1123053e-01   8.0446647e+01  -6.2316445e+01   8.4565213e+00
  -9.0000000e+00  -2.0000000e+00   1.2008907e+01   2.3313021e+00   8.0805323e+01  -6.0558852e+01  -9.2794478e-01
  -9.0000000e+00  -2.0000000e+00   2.0684851e+01   5.6113863e+00   7.8643293e+01  -5.6863327e+01  -9.4318968e+00
  -9.0000000e+00  -2.0000000e+00   2.9846588e+01   7.4129143e+00   7.5246306e+01  -5.2894544e+01  -1.9290802e+01
  -9.0000000e+00  -2.0000000e+00   3.7753675e+01   8.6551093e+00   7.1273609e+01  -4.8156136e+01  -2.8749626e+01
  -9.0000000e+00  -2.0000000e+00   4.5418347e+01   1.0184452e+01   6.7015924e+01  -4.2907990e+01  -3.6739655e+01
  -9.0000000e+00  -2.0000000e+00   5.2459123e+01   1.1659167e+01   6.2480315e+01  -3.6785303e+01  -4.4739829e+01
  -9.0000000e+00  -2.0000000e+00   5.7955869e+01   1.3504084e+01   5.7760323e+01  -3.0226957e+01  -5.2490723e+01
  -9.0000000e+00  -2.0000000e+00   6.2061749e+01   1.5194102e+01   5.3382930e+01  -2.3848945e+01  -5.8884228e+01
  -9.0000000e+00  -2.0000000e+00   6.7694534e+01   1.9403534e+01   4.9201252e+01  -1.6229023e+01  -6.3421234e+01
  -9.0000000e+00  -2.0000000e+00   7.2823213e+01   2.3571507e+01   4.4435132e+01  -8.1711246e+00  -5.8553952e+01
  -9.0000000e+00  -2.0000000e+00   7.2614929e+01   2.1857993e+01   3.8821435e+01  -3.6341766e+00  -5.2088907e+01
  -9.0000000e+00  -2.0000000e+00   7.1798464e+01   1.7645193e+01   3.3565388e+01  -2.6633365e+00  -4.4837447e+01
  -9.0000000e+00  -2.0000000e+00   7.0778677e+01   1.4019734e+01   2.8707025e+01  -2.9204119e+00  -3.6738190e+01
  -9.0000000e+00  -2.0000000e+00   7.0680824e+01   1.1113505e+01   2.5503671e+01  -3.8632209e+00  -2.8091118e+01
  -9.0000000e+00  -2.0000000e+00   7.1248956e+01   9.6977768e+00   2.1159604e+01  -5.2742782e+00  -2.2155783e+01
  -9.0000000e+00  -2.0000000e+00   7.1010272e+01   9.5204588e+00   1.9443549e+01  -7.4328898e+00  -1.5848979e+01
  -9.0000000e+00  -2.0000000e+00   6.9461251e+01   1.0102224e+01   2.0376209e+01  -1.0287344e+01  -9.5056485e+00
  -9.0000000e+00  -2.0000000e+00   6.7656228e+01   1.1671739e+01   2.2736814e+01  -1.3794403e+01  -3.5915101e+00
  -9.0000000e+00  -2.0000000e+00   6.5155418e+01   1.3455224e+01   2.3677891e+01  -1.7598603e+01   8.4405417e-01
  -9.0000000e+00  -2.0000000e+00   6.3153132e+01   1.5357981e+01   2.4577625e+01  -2.1164870e+01   4.7027685e+00
  -9.0000000e+00  -2.0000000e+00   6.2672746e+01   1.7192196e+01   2.6448505e+01  -2.4765261e+01   8.6964148e+00
  -9.0000000e+00  -2.0000000e+00   6.0758333e+01   1.9640036e+01   2.8481138e+01  -2.7804628e+01   1.2642498e+01
  -9.0000000e+00  -2.0000000e+00   5.7168995e+01   2.2883234e+01   3.0610206e+01  -3.1640158e+01   1.5904655e+01
  -9.0000000e+00  -2.0000000e+00   5.4266606e+01   2.6031532e+01   3.3354741e+01  -3.5557621e+01   1.9490132e+01
  -9.0000000e+00  -2.0000000e+00   5.0629394e+01   2.8844452e+01   3.5948414e+01  -3.9701493e+01   2.3519890e+01
  -9.0000000e+00  -2.0000000e+00   4.7222620e+01   3.1879981e+01   3.8728882e+01  -4.3806752e+01   2.7139654e+01
  -9.0000000e+00  -2.0000000e+00   4.3342286e+01   3.5169867e+01   4.1388700e+01  -4.7835818e+01   3.1473062e+01
  -9.0000000e+00  -2.0000000e+00   3.9084141e+01   3.8961762e+01   4.4542121e+01  -5.2030026e+01   3.5659306e+01
  -9.0000000e+00  -2.0000000e+00   3.4388954e+01   4.1383913e+01   4.7116243e+01  -5.6235586e+01   3.8231932e+01
  -9.0000000e+00  -2.0000000e+00   2.9108248e+01   4.4593969e+01   4.9288715e+01  -5.9671766e+01   4.1187975e+01
  -9.0000000e+00  -2.0000000e+00   2.4988789e+01   4.5848855e+01   5.0994028e+01  -6.2991921e+01   4.4126572e+01
  -9.0000000e+00  -2.0000000e+00   2.1690183e+01   4.6698182e+01   5.3245420e+01  -6.6391374e+01   4.8217224e+01
  -9.0000000e+00  -2.0000000e+00   1.7669729e+01   4.6042283e+01   5.4757155e+01  -6.9706723e+01   5.1881160e+01
  -9.0000000e+00  -2.0000000e+00   1.4271241e+01   4.3677566e+01   5.6053765e+01  -7.2359774e+01   5.5731726e+01
  -9.0000000e+00  -2.0000000e+00   9.8197334e+00   4.1889404e+01   5.7319465e+01  -7.4251022e+01   5.8885911e+01
  -9.0000000e+00  -2.0000000e+00   4.3381185e+00   4.0030307e+01   5.8481415e+01  -7.5724300e+01   6.1742789e+01
  -9.0000000e+00  -2.0000000e+00   6.1856235e-01   3.7222641e+01   5.9889050e+01  -7.7221311e+01   6.3784803e+01
  -9.0000000e+00  -2.0000000e+00  -2.9888263e+00   3.3529402e+01   6.0341805e+01  -7.7532670e+01   6.5615193e+01
  -9.0000000e+00  -2.0000000e+00  -6.6484193e+00   2.9461844e+01   6.0653153e+01  -7.7855754e+01   6.6954258e+01
  -9.0000000e+00  -2.0000000e+00  -9.1590220e+00   2.4121759e+01   6.1371335e+01  -7.8669520e+01   6.7812123e+01
  -9.0000000e+00  -2.0000000e+00  -9.8521841e+00   1.9744073e+01   6.4652335e+01  -7.9041272e+01   6.7748886e+01
  -9.0000000e+00  -2.0000000e+00  -7.0001485e+00   1.7489715e+01   7.0342746e+01  -7.8065385e+01   6.0813779e+01
  -9.0000000e+00  -2.0000000e+00  -5.7420216e+00   1.6432885e+01   7.8756896e+01  -7.9355151e+01   5.1936112e+01
  -9.0000000e+00  -2.0000000e+00   2.7458714e+00   1.6634220e+01   8.3753236e+01  -7.6507253e+01   4.1382934e+01
  -9.0000000e+00  -2.0000000e+00   1.1698851e+01   1.8724911e+01   8.1290349e+01  -7.1496813e+01   3.0099199e+01
  -9.0000000e+00  -2.0000000e+00   1.9783919e+01   1.9942166e+01   7.7516570e+01  -6.7529659e+01   1.8647261e+01
  -9.0000000e+00  -2.0000000e+00   2.8428438e+01   2.0233918e+01   7.2717057e+01  -6.3768984e+01   7.6074942e+00
  -9.0000000e+00  -2.0000000e+00   3.6328923e+01   1.9411668e+01   6.7727194e+01  -5.9939905e+01  -2.9709626e+00
  -9.0000000e+00  -2.0000000e+00   4.1714948e+01   1.7145862e+01   6.1367927e+01  -5.6206994e+01  -1.3672923e+01
  -9.0000000e+00  -2.0000000e+00   4.7396284e+01   1.5583629e+01   5.5596492e+01  -5.2084222e+01  -2.3404853e+01
  -9.0000000e+00  -2.0000000e+00   5.1719613e+01   1.3394648e+01   4.9826621e+01  -4.8195057e+01  -3.2813797e+01
  -9.0000000e+00  -2.0000000e+00   5.6990410e+01   1.2415873e+01   4.4620947e+01  -4.2965580e+01  -4.1852966e+01
  -9.0000000e+00  -2.0000000e+00   6.1177036e+01   1.1419818e+01   3.9658023e+01  -3.7674161e+01  -5.0079524e+01
  -9.0000000e+00  -2.0000000e+00   6.4120506e+01   1.0821229e+01   3.5207010e+01  -3.2175370e+01  -5.7166508e+01
  -9.0000000e+00  -2.0000000e+00   6.7279974e+01   1.0109496e+01   3.1604492e+01  -2.7071977e+01  -6.3007593e+01
  -9.0000000e+00  -2.0000000e+00   7.0488469e+01   9.9818571e+00   2.8731717e+01  -2.1831943e+01  -6.7636130e+01
  -9.0000000e+00  -2.0000000e+00   7.1605894e+01   9.8554151e+00   2.6154279e+01  -1.6790681e+01  -7.1421986e+01
  -9.0000000e+00  -2.0000000e+00   7.3520607e+01   1.2683063e+01   2.3774493e+01  -1.0175148e+01  -7.3702740e+01
  -9.0000000e+00  -2.0000000e+00   7.8047570e+01   1.7121756e+01   2.1858161e+01  -3.3494453e+00  -7.3428016e+01
  -9.0000000e+00  -2.0000000e+00   8.2404064e+01   2.0564163e+01   2.0302849e+01   3.0672204e+00  -6.7136687e+01
  -9.0000000e+00  -2.0000000e+00   8.2995991e+01   1.7133704e+01   1.8057152e+01   4.2557963e+00  -6.1161595e+01
  -9.0000000e+00  -2.0000000e+00   8.2011976e+01   1.3176913e+01   1.5324639e+01   4.6624820e+00  -5.4201416e+01
  -9.0000000e+00  -2.0000000e+00   8.2031448e+01   1.0300104e+01   1.2472291e+01   4.3979991e+00  -4.6732519e+01
  -9.0000000e+00  -2.0000000e+00   8.1915104e+01   8.0933729e+00   1.1281653e+01   3.5731607e+00  -3.8200576e+01
  -9.0000000e+00  -2.0000000e+00   8.2184420e+01   6.2308574e+00   9.9028176e+00   2.3146168e+00  -3.0355698e+01
  -9.0000000e+00  -2.0000000e+00   8.0274252e+01   5.7234570e+00   1.0193200e+01  -2.4698739e-01  -2.2334812e+01
  -9.0000000e+00  -2.0000000e+00   7.9221304e+01   7.0353874e+00   1.0717628e+01  -3.8362452e+00  -1.5979763e+01
  -9.0000000e+00  -2.0000000e+00   7.7946351e+01   7.8553062e+00   1.3408653e+01  -7.8425926e+00  -7.8374752e+00
  -9.0000000e+00  -2.0000000e+00   7.4497297e+01   9.5395081e+00   1.5293385e+01  -1.2018416e+01  -1.3512250e+00
  -9.0000000e+00  -2.0000000e+00   7.3430145e+01   1.0932681e+01   1.7702195e+01  -1.5467349e+01   4.1982279e+00
  -9.0000000e+00  -2.0000000e+00   6.9032756e+01   1.3143122e+01   2.0678657e+01  -1.9368819e+01   9.0249912e+00
  -9.0000000e+00  -2.0000000e+00   6.5299436e+01   1.5501401e+01   2.4001225e+01  -2.3303757e+01   1.3066168e+01
  -9.0000000e+00  -2.0000000e+00   6.0909926e+01   1.9058300e+01   2.7908536e+01  -2.7529850e+01   1.6368124e+01
  -9.0000000e+00  -2.0000000e+00   5.7687979e+01   2.1205512e+01   3.1355799e+01  -3.1292257e+01   2.1396184e+01
  -9.0000000e+00  -2.0000000e+00   5.2287817e+01   2.3964185e+01   3.4891242e+01  -3.5087083e+01   2.5177524e+01
  -9.0000000e+00  -2.0000000e+00   4.7244034e+01   2.6544598e+01   3.9017822e+01  -3.9093075e+01   3.0017756e+01
  -9.0000000e+00  -2.0000000e+00   4.2423829e+01   2.9571668e+01   4.2569065e+01  -4.2852279e+01   3.4180072e+01
  -9.0000000e+00  -2.0000000e+00   3.7742033e+01   3.1401962e+01   4.4927439e+01  -4.7335300e+01   3.7616222e+01
  -9.0000000e+00  -2.0000000e+00   3.2536838e+01   3.3172507e+01   4.7800828e+01  -5.1406242e+01   4.2217199e+01
  -9.0000000e+00  -2.0000000e+00   2.6644646e+01   3.4485095e+01   5.0971933e+01  -5.4529458e+01   4.5944165e+01
  -9.0000000e+00  -2.0000000e+00   2.0752454e+01   3.5797684e+01   5.4143039e+01  -5.7652674e+01   4.9671132e+01
  -9.0000000e+00  -2.0000000e+00   1.6087013e+01   3.5034012e+01   5.6630579e+01  -6.1100627e+01   5.3610771e+01
  -9.0000000e+00  -2.0000000e+00   1.2615970e+01   3.1979165e+01   5.8714872e+01  -6.4197661e+01   5.8190408e+01
  -9.0000000e+00  -2.0000000e+00   7.9416725e+00   2.8994331e+01   6.0714733e+01  -6.6185877e+01   6.1562683e+01
  -9.0000000e+00  -2.0000000e+00   2.6349060e+00   2.5608787e+01   6.2681995e+01  -6.8076048e+01   6.4316977e+01
  -9.0000000e+00  -2.0000000e+00  -1.2024704e+00   2.1831219e+01   6.4446669e+01  -6.9195766e+01   6.4275074e+01
  -9.0000000e+00  -2.0000000e+00  -3.3099336e+00   1.7468171e+01   6.9041116e+01  -7.1111968e+01   6.2147918e+01
  -9.0000000e+00  -2.0000000e+00  -2.8291551e+00   1.4120333e+01   7.6348454e+01  -7.2545718e+01   5.7974387e+01
  -9.0000000e+00  -2.0000000e+00  -2.6533402e-01   1.6147115e+01   8.1651334e+01  -7.1893173e+01   5.0780420e+01
  -9.0000000e+00  -2.0000000e+00   8.5217395e+00   1.7509524e+01   8.3034174e+01  -7.0421867e+01   4.1085599e+01
  -9.0000000e+00  -2.0000000e+00   1.6656225e+01   1.9496435e+01   7.9538356e+01  -6.7405296e+01   3.0998139e+01
  -9.0000000e+00  -2.0000000e+00   2.3121011e+01   2.0896847e+01   7.4956694e+01  -6.5167199e+01   2.0132022e+01
  -9.0000000e+00  -2.0000000e+00   3.0322640e+01   2.0639323e+01   6.9030856e+01  -6.2049525e+01   8.8743750e+00
  -9.0000000e+00  -2.0000000e+00   3.7081422e+01   2.0545819e+01   6.2888510e+01  -5.8688247e+01  -1.9952560e+00
  -9.0000000e+00  -2.0000000e+00   4.4216490e+01   1.9109727e+01   5.6390778e+01  -5.4241582e+01  -1.2551190e+01
  -9.0000000e+00  -2.0000000e+00   4.9845594e+01   1.7762595e+01   4.9688923e+01  -4.9677619e+01  -2.2363354e+01
  -9.0000000e+00  -2.0000000e+00   5.3690167e+01   1.5825328e+01   4.3772239e+01  -4.4808637e+01  -3.1616738e+01
  -9.0000000e+00  -2.0000000e+00   5.7308549e+01   1.4151906e+01   3.8504670e+01  -3.9810674e+01  -4.0667359e+01
  -9.0000000e+00  -2.0000000e+00   6.0261142e+01   1.2852411e+01   3.3656649e+01  -3.4439844e+01  -4.8462735e+01
  -9.0000000e+00  -2.0000000e+00   6.3073419e+01   1.2030354e+01   2.9555864e+01  -2.9170763e+01  -5.5050699e+01
  -9.0000000e+00  -2.0000000e+00   6.6315830e+01   1.2027042e+01   2.6072143e+01  -2.3906802e+01  -6.0404889e+01
  -9.0000000e+00  -2.0000000e+00   6.9223226e+01   1.2557580e+01   2.3302862e+01  -1.8788103e+01  -6.3777624e+01
  -9.0000000e+00  -2.0000000e+00   6.9778702e+01   1.5113234e+01   2.0393759e+01  -1.2775123e+01  -6.6505096e+01
  -9.0000000e+00  -2.0000000e+00   7.2827346e+01   1.8150733e+01   1.8460441e+01  -6.4970662e+00  -6.3472547e+01
  -9.0000000e+00  -2.0000000e+00   7.4638868e+01   1.9193995e+01   1.7216146e+01  -1.6607815e+00  -5.5419665e+01
  -9.0000000e+00  -2.0000000e+00   7.4124411e+01   1.5782991e+01   1.5901017e+01  -9.3393306e-01  -4.7053221e+01
  -9.0000000e+00  -2.0000000e+00   7.2781423e+01   1.2703530e+01   1.5779479e+01  -1.2715370e+00  -3.7969410e+01
  -9.0000000e+00  -2.0000000e+00   7.2266499e+01   1.0633211e+01   1.5160989e+01  -2.1436612e+00  -2.9793642e+01
  -9.0000000e+00  -2.0000000e+00   7.2904324e+01   9.9228512e+00   1.4431150e+01  -4.0061892e+00  -2.1820076e+01
  -9.0000000e+00  -2.0000000e+00   7.0703797e+01   9.7405964e+00   1.4953086e+01  -7.0230803e+00  -1.5148232e+01
  -9.0000000e+00  -2.0000000e+00   6.9401646e+01   1.0670314e+01   1.5888664e+01  -1.0585687e+01  -8.9404728e+00
  -9.0000000e+00  -2.0000000e+00   6.7510737e+01   1.2318809e+01   1.6291193e+01  -1.4618112e+01  -3.6809018e+00
  -9.0000000e+00  -2.0000000e+00   6.4900703e+01   1.4333170e+01   1.7503626e+01  -1.9311293e+01   1.9329873e+00
  -9.0000000e+00  -2.0000000e+00   6.0661540e+01   1.6408366e+01   2.1072604e+01  -2.4024019e+01   8.9681167e+00
  -9.0000000e+00  -2.0000000e+00   5.4832112e+01   2.0351229e+01   2.5398611e+01  -2.9484528e+01   1.3195368e+01
  -9.0000000e+00  -2.0000000e+00   5.1313075e+01   2.4399819e+01   2.8887933e+01  -3.4536522e+01   1.7710633e+01
  -9.0000000e+00  -2.0000000e+00   4.5203659e+01   2.6618005e+01   3.3281472e+01  -3.8802650e+01   2.4386764e+01
  -9.0000000e+00  -2.0000000e+00   3.7828542e+01   3.0983176e+01   3.7619656e+01  -4.2064851e+01   2.8832553e+01
  -9.0000000e+00  -2.0000000e+00   3.2704176e+01   3.3941193e+01   4.2032199e+01  -4.6064870e+01   3.3416871e+01
  -9.0000000e+00  -2.0000000e+00   2.9039181e+01   3.4706569e+01   4.3863512e+01  -5.0110549e+01   3.7211882e+01
  -9.0000000e+00  -2.0000000e+00   2.4700909e+01   3.5989623e+01   4.5671703e+01  -5.3098339e+01   4.1978206e+01
  -9.0000000e+00  -2.0000000e+00   1.9735563e+01   3.7299551e+01   4.7446208e+01  -5.5852174e+01   4.5807478e+01
  -9.0000000e+00  -2.0000000e+00   1.6424292e+01   3.6863215e+01   4.9470320e+01  -5.8241731e+01   4.9688025e+01
  -9.0000000e+00  -2.0000000e+00   1.2480185e+01   3.5776703e+01   5.1852817e+01  -6.0610991e+01   5.4340780e+01
  -9.0000000e+00  -2.0000000e+00   8.8052888e+00   3.2865231e+01   5.3568277e+01  -6.3320581e+01   5.8471801e+01
  -9.0000000e+00  -2.0000000e+00   3.1192350e+00   3.0045203e+01   5.4458671e+01  -6.4533866e+01   6.1428630e+01
  -9.0000000e+00  -2.0000000e+00  -3.1526010e+00   2.6649198e+01   5.5206895e+01  -6.5535603e+01   6.4005191e+01
  -9.0000000e+00  -2.0000000e+00  -9.3065294e+00   2.2537109e+01   5.6091284e+01  -6.6569597e+01   6.6981627e+01
  -9.0000000e+00  -2.0000000e+00  -1.3435124e+01   1.8053668e+01   5.7093956e+01  -6.7522950e+01   6.8682788e+01
  -9.0000000e+00  -2.0000000e+00  -1.7109254e+01   1.3270455e+01   5.8509012e+01  -6.8700342e+01   6.9953709e+01
  -9.0000000e+00  -2.0000000e+00  -1.7872508e+01   8.6914575e+00   6.2442489e+01  -6.9906702e+01   7.0431669e+01
  -9.0000000e+00  -2.0000000e+00  -1.4691761e+01   6.8452781e+00   6.8445122e+01  -7.0059921e+01   6.3635685e+01
  -9.0000000e+00  -2.0000000e+00  -1.2141420e+01   6.0980230e+00   7.6334122e+01  -7.0064398e+01   5.6996876e+01
  -9.0000000e+00  -2.0000000e+00  -4.2420292e+00   9.7698501e+00   8.0108983e+01  -6.7016351e+01   4.6454290e+01
  -9.0000000e+00  -2.0000000e+00   6.9419639e+00   1.1550251e+01   8.2434117e+01  -6.5510449e+01   3.6656549e+01
  -9.0000000e+00  -2.0000000e+00   1.5807561e+01   1.1776807e+01   8.0075905e+01  -6.3188451e+01   2.6937302e+01
  -9.0000000e+00  -2.0000000e+00   1.7912616e+01   1.2172627e+01   7.6364850e+01  -6.0803543e+01   1.6056235e+01
  -9.0000000e+00  -2.0000000e+00   2.3486198e+01   1.1807231e+01   7.3413090e+01  -5.8938893e+01   5.7996253e+00
  -9.0000000e+00  -2.0000000e+00   3.0963967e+01   1.3158788e+01   6.9794693e+01  -5.6413948e+01  -1.3454847e+00
  -9.0000000e+00  -2.0000000e+00   3.8203900e+01   1.3538054e+01   6.4063342e+01  -5.3145201e+01  -1.0863116e+01
  -9.0000000e+00  -2.0000000e+00   4.4633237e+01   1.4169397e+01   5.7882325e+01  -4.8288662e+01  -1.9488054e+01
  -9.0000000e+00  -2.0000000e+00   5.0764803e+01   1.5075165e+01   5.1866441e+01  -4.3064589e+01  -2.7420623e+01
  -9.0000000e+00  -2.0000000e+00   5.7156806e+01   1.5425897e+01   4.6171550e+01  -3.7605700e+01  -3.5860641e+01
  -9.0000000e+00  -2.0000000e+00   6.2292084e+01   1.5578226e+01   4.0899566e+01  -3.1946063e+01  -4.3371034e+01
  -9.0000000e+00  -2.0000000e+00   6.7086821e+01   1.5998765e+01   3.6136827e+01  -2.6375501e+01  -4.8593779e+01
  -9.0000000e+00  -2.0000000e+00   7.0741102e+01   1.7253966e+01   3.1645633e+01  -2.0581354e+01  -5.2603761e+01
  -9.0000000e+00  -2.0000000e+00   7.3437015e+01   1.9505063e+01   2.8068119e+01  -1.4546179e+01  -5.1195111e+01
  -9.0000000e+00  -2.0000000e+00   7.4458360e+01   2.2175552e+01   2.3710408e+01  -8.4614734e+00  -4.3694593e+01
  -9.0000000e+00  -2.0000000e+00   7.4051692e+01   1.8997492e+01   2.0074522e+01  -8.0463617e+00  -3.6683854e+01
  -9.0000000e+00  -2.0000000e+00   7.3401447e+01   1.6448854e+01   1.8275756e+01  -8.7978878e+00  -2.9312508e+01
  -9.0000000e+00  -2.0000000e+00   7.3059363e+01   1.5616417e+01   1.6767399e+01  -1.0216922e+01  -2.3879589e+01
  -9.0000000e+00  -2.0000000e+00   7.1336586e+01   1.5535764e+01   1.7271627e+01  -1.2712161e+01  -1.8008320e+01
  -9.0000000e+00  -2.0000000e+00   6.9166471e+01   1.5869568e+01   1.8667393e+01  -1.5390583e+01  -1.2260786e+01
  -9.0000000e+00  -2.0000000e+00   6.8330337e+01   1.7686006e+01   1.9343344e+01  -1.8653436e+01  -8.4044292e+00
  -9.0000000e+00  -2.0000000e+00   6.6741793e+01   2.0108411e+01   2.0859702e+01  -2.2494271e+01  -4.3239449e+00
  -9.0000000e+00  -2.0000000e+00   6.3655385e+01   2.2837056e+01   2.2544069e+01  -2.6281783e+01   8.3824967e-02
  -9.0000000e+00  -2.0000000e+00   6.2203132e+01   2.5191862e+01   2.3828847e+01  -3.0034390e+01   3.6039930e+00
  -9.0000000e+00  -2.0000000e+00   5.9268471e+01   2.7208304e+01   2.5199797e+01  -3.3792877e+01   8.3753153e+00
  -9.0000000e+00  -2.0000000e+00   5.5732646e+01   3.1017756e+01   2.7936839e+01  -3.8692963e+01   1.1909355e+01
  -9.0000000e+00  -2.0000000e+00   5.2773907e+01   3.5373832e+01   3.0600792e+01  -4.3078092e+01   1.4538869e+01
  -9.0000000e+00  -2.0000000e+00   4.9420203e+01   3.8806066e+01   3.3426046e+01  -4.8118497e+01   1.7592676e+01
  -9.0000000e+00  -2.0000000e+00   4.5333511e+01   4.3791258e+01   3.6768767e+01  -5.2666946e+01   2.2019890e+01
  -9.0000000e+00  -2.0000000e+00   4.1223926e+01   4.6614913e+01   3.8945082e+01  -5.7950164e+01   2.5500672e+01
  -9.0000000e+00  -2.0000000e+00   3.7222887e+01   5.0064513e+01   4.1633514e+01  -6.2391651e+01   2.8684909e+01
  -9.0000000e+00  -2.0000000e+00   3.4620406e+01   5.3079523e+01   4.2749562e+01  -6.6319108e+01   3.0982670e+01
  -9.0000000e+00  -2.0000000e+00   3.1477271e+01   5.5584342e+01   4.4089548e+01  -7.0509351e+01   3.4335837e+01
  -9.0000000e+00  -2.0000000e+00   2.9279915e+01   5.5346311e+01   4.4177644e+01  -7.3938332e+01   3.7888712e+01
  -9.0000000e+00  -2.0000000e+00   2.5237320e+01   5.6464953e+01   4.5372048e+01  -7.6638002e+01   4.1745253e+01
  -9.0000000e+00  -2.0000000e+00   2.1153565e+01   5.6697699e+01   4.6343748e+01  -7.9391773e+01   4.4111768e+01
  -9.0000000e+00  -2.0000000e+00   1.8913835e+01   5.4184589e+01   4.7161171e+01  -8.2108947e+01   4.7972478e+01
  -9.0000000e+00  -2.0000000e+00   1.5724969e+01   5.2737158e+01   4.7730203e+01  -8.3873703e+01   5.2369786e+01
  -9.0000000e+00  -2.0000000e+00   1.1285776e+01   5.0374604e+01   4.8094969e+01  -8.4829760e+01   5.5770246e+01
  -9.0000000e+00  -2.0000000e+00   6.4069525e+00   4.8018808e+01   4.8183508e+01  -8.5118664e+01   5.8856495e+01
  -9.0000000e+00  -2.0000000e+00   3.5602818e+00   4.3810877e+01   4.7807666e+01  -8.4773308e+01   6.0964222e+01
  -9.0000000e+00  -2.0000000e+00   1.1639795e+00   3.9618442e+01   4.7414422e+01  -8.4320534e+01   6.2821471e+01
  -9.0000000e+00  -2.0000000e+00  -8.0247610e-01   3.5606863e+01   4.7135492e+01  -8.3858299e+01   6.4281581e+01
  -9.0000000e+00  -2.0000000e+00  -2.2504081e+00   3.1468192e+01   4.7066523e+01  -8.3543670e+01   6.5639161e+01
  -9.0000000e+00  -2.0000000e+00  -4.4396408e+00   2.6437947e+01   5.0797249e+01  -8.4035590e+01   6.5365644e+01
  -9.0000000e+00  -2.0000000e+00  -3.1324901e+00   2.2472915e+01   5.7089702e+01  -8.3988314e+01   6.0837503e+01
  -9.0000000e+00  -2.0000000e+00   3.7042343e-01   1.9531186e+01   6.3673492e+01  -8.2446550e+01   5.1353490e+01
  -9.0000000e+00  -2.0000000e+00   5.3193851e+00   1.9827491e+01   6.7649050e+01  -7.7757973e+01   4.1487772e+01
  -9.0000000e+00  -2.0000000e+00   1.3175162e+01   2.1283117e+01   6.9268319e+01  -7.2068298e+01   3.0961008e+01
  -9.0000000e+00  -2.0000000e+00   2.2529820e+01   2.2256474e+01   6.7331841e+01  -6.6375337e+01   2.0329802e+01
  -9.0000000e+00  -2.0000000e+00   3.2831643e+01   2.2905470e+01   6.3241670e+01  -6.1387481e+01   9.1148516e+00
  -9.0000000e+00  -2.0000000e+00   4.1514340e+01   2.2824672e+01   5.7907903e+01  -5.7442599e+01  -1.4628653e+00
  -9.0000000e+00  -2.0000000e+00   4.9254008e+01   2.2062543e+01   5.3004800e+01  -5.3661542e+01  -1.0208792e+01
  -9.0000000e+00  -2.0000000e+00   5.6078666e+01   2.0829296e+01   4.7103083e+01  -4.8900364e+01  -1.9789349e+01
  -9.0000000e+00  -2.0000000e+00   6.1972052e+01   1.9401408e+01   4.1176909e+01  -4.4040978e+01  -2.8712812e+01
  -9.0000000e+00  -2.0000000e+00   6.7003731e+01   1.8829279e+01   3.5563495e+01  -3.8571206e+01  -3.6608316e+01
  -9.0000000e+00  -2.0000000e+00   7.0799277e+01   1.7787077e+01   3.0633674e+01  -3.3416301e+01  -4.3198913e+01
  -9.0000000e+00  -2.0000000e+00   7.3714677e+01   1.8151523e+01   2.6336819e+01  -2.7597645e+01  -4.9061190e+01
  -9.0000000e+00  -2.0000000e+00   7.5265295e+01   1.9441974e+01   2.2208511e+01  -2.1540568e+01  -5.3182904e+01
  -9.0000000e+00  -2.0000000e+00   7.6892943e+01   2.1424625e+01   1.9095223e+01  -1.5701139e+01  -5.3585451e+01
  -9.0000000e+00  -2.0000000e+00   7.7312089e+01   2.3244401e+01   1.6982097e+01  -1.0394503e+01  -4.8124043e+01
  -9.0000000e+00  -2.0000000e+00   7.7358905e+01   2.1386017e+01   1.5314218e+01  -8.7897911e+00  -4.1393817e+01
  -9.0000000e+00  -2.0000000e+00   7.5628816e+01   1.9380389e+01   1.5803895e+01  -9.6504259e+00  -3.3426637e+01
  -9.0000000e+00  -2.0000000e+00   7.2545025e+01   1.8607685e+01   1.8519137e+01  -1.1950791e+01  -2.4477692e+01
  -9.0000000e+00  -2.0000000e+00   6.9537220e+01   1.9847051e+01   2.0462192e+01  -1.5872157e+01  -1.7636663e+01
  -9.0000000e+00  -2.0000000e+00   6.6599406e+01   2.1745030e+01   2.1530598e+01  -2.0032899e+01  -1.3191992e+01
  -9.0000000e+00  -2.0000000e+00   6.3726053e+01   2.4586098e+01   2.3488647e+01  -2.4600578e+01  -8.4536020e+00
  -9.0000000e+00  -2.0000000e+00   6.0393886e+01   2.7407603e+01   2.5262238e+01  -2.9372484e+01  -3.6363008e+00
  -9.0000000e+00  -2.0000000e+00   5.8055739e+01   3.0760103e+01   2.6921158e+01  -3.4414360e+01  -2.3405451e-01
  -9.0000000e+00  -2.0000000e+00   5.4153592e+01   3.3131753e+01   2.8720067e+01  -3.8318278e+01   3.9194260e+00
  -9.0000000e+00  -2.0000000e+00   5.1697984e+01   3.6705045e+01   3.0476030e+01  -4.2398546e+01   6.8494673e+00
  -9.0000000e+00  -2.0000000e+00   4.8421765e+01   4.0682134e+01   3.2517456e+01  -4.6651717e+01   9.2735112e+00
  -9.0000000e+00  -2.0000000e+00   4.5593266e+01   4.4364345e+01   3.4745791e+01  -5.1391971e+01   1.2613261e+01
  -9.0000000e+00  -2.0000000e+00   4.2332300e+01   4.7853059e+01   3.6649733e+01  -5.6074968e+01   1.7000704e+01
  -9.0000000e+00  -2.0000000e+00   3.9976605e+01   5.1254359e+01   3.8015777e+01  -6.0639897e+01   2.0623450e+01
  -9.0000000e+00  -2.0000000e+00   3.6550105e+01   5.4334784e+01   3.9069800e+01  -6.5071201e+01   2.3145189e+01
  -9.0000000e+00  -2.0000000e+00   3.2072920e+01   5.6379118e+01   4.0388775e+01  -6.8400908e+01   2.6070799e+01
  -9.0000000e+00  -2.0000000e+00   2.9143224e+01   5.7631474e+01   4.1261381e+01  -7.1055918e+01   2.8910250e+01
  -9.0000000e+00  -2.0000000e+00   2.5825479e+01   5.9541832e+01   4.1849201e+01  -7.2884344e+01   3.0715595e+01
  -9.0000000e+00  -2.0000000e+00   2.4448258e+01   5.7615279e+01   4.0765312e+01  -7.5427312e+01   3.3642021e+01
  -9.0000000e+00  -2.0000000e+00   2.2845713e+01   5.6432227e+01   4.0926942e+01  -7.7777340e+01   3.9004158e+01
  -9.0000000e+00  -2.0000000e+00   2.0068039e+01   5.4820109e+01   4.1020724e+01  -7.9440115e+01   4.2998207e+01
  -9.0000000e+00  -2.0000000e+00   1.5863860e+01   5.2503846e+01   4.1225474e+01  -8.1202822e+01   4.6884077e+01
  -9.0000000e+00  -2.0000000e+00   1.1653959e+01   5.0432421e+01   4.1575955e+01  -8.2194665e+01   5.0490723e+01
  -9.0000000e+00  -2.0000000e+00   6.6642864e+00   4.7800919e+01   4.1774158e+01  -8.2273948e+01   5.3008327e+01
  -9.0000000e+00  -2.0000000e+00   2.2779213e+00   4.4668331e+01   4.2082094e+01  -8.2159762e+01   5.6066594e+01
  -9.0000000e+00  -2.0000000e+00  -9.0768360e-01   4.0857316e+01   4.2218918e+01  -8.1825229e+01   5.8417994e+01
  -9.0000000e+00  -2.0000000e+00  -2.2011715e+00   3.6396635e+01   4.2137385e+01  -8.1441744e+01   6.0450916e+01
  -9.0000000e+00  -2.0000000e+00  -2.5892709e+00   3.1923298e+01   4.1849118e+01  -8.1020607e+01   6.2025710e+01
  -9.0000000e+00  -2.0000000e+00  -4.3997031e+00   2.7644295e+01   4.1352744e+01  -8.0524700e+01   6.3406725e+01
  -9.0000000e+00  -2.0000000e+00  -5.4519543e+00   2.3285649e+01   4.1133312e+01  -8.0074134e+01   6.4446014e+01
  -9.0000000e+00  -2.0000000e+00  -7.2707314e+00   1.8887385e+01   4.2985971e+01  -7.9620206e+01   6.3799925e+01
  -9.0000000e+00  -2.0000000e+00  -7.5388927e+00   1.4664579e+01   4.9121519e+01  -7.9601978e+01   6.0496626e+01
  -9.0000000e+00  -2.0000000e+00  -5.8219906e+00   1.1811350e+01   5.6583580e+01  -7.8742742e+01   5.3078473e+01
  -9.0000000e+00  -2.0000000e+00  -1.2593659e+00   1.2158967e+01   6.3847201e+01  -7.5623929e+01   4.4802804e+01
  -9.0000000e+00  -2.0000000e+00   4.8566190e+00   1.4811160e+01   6.7915528e+01  -7.0759599e+01   3.5736035e+01
  -9.0000000e+00  -2.0000000e+00   1.3511737e+01   1.7606107e+01   6.8698037e+01  -6.5203742e+01   2.6388254e+01
  -9.0000000e+00  -2.0000000e+00   2.3086212e+01   1.8606507e+01   6.5550578e+01  -6.0681902e+01   1.6357847e+01
  -9.0000000e+00  -2.0000000e+00   3.2986323e+01   2.0646080e+01   5.8680037e+01  -5.7814656e+01   4.7621846e+00
  -9.0000000e+00  -2.0000000e+00   4.2504630e+01   1.9832242e+01   5.1565544e+01  -5.4007798e+01  -6.0190308e+00
  -9.0000000e+00  -2.0000000e+00   4.9409020e+01   1.9769190e+01   4.5677157e+01  -5.0309655e+01  -1.5067410e+01
  -9.0000000e+00  -2.0000000e+00   5.5788146e+01   1.9703187e+01   3.9909712e+01  -4.5251097e+01  -2.3670614e+01
  -9.0000000e+00  -2.0000000e+00   6.1204198e+01   1.9642265e+01   3.4118984e+01  -3.9950959e+01  -3.1673593e+01
  -9.0000000e+00  -2.0000000e+00   6.5162688e+01   1.9609333e+01   2.8784978e+01  -3.4566225e+01  -3.8992382e+01
  -9.0000000e+00  -2.0000000e+00   6.7994950e+01   2.0076302e+01   2.4616695e+01  -2.9213669e+01  -4.3579720e+01
  -9.0000000e+00  -2.0000000e+00   7.0227056e+01   2.1664331e+01   2.0966812e+01  -2.3585419e+01  -4.6306823e+01
  -9.0000000e+00  -2.0000000e+00   7.0809564e+01   2.3561996e+01   1.7751758e+01  -1.8265494e+01  -4.5572631e+01
  -9.0000000e+00  -2.0000000e+00   6.8822532e+01   2.5051475e+01   1.8145097e+01  -1.4404555e+01  -3.8114577e+01
  -9.0000000e+00  -2.0000000e+00   6.7927864e+01   2.3524562e+01   1.8131882e+01  -1.5129953e+01  -3.1435468e+01
  -9.0000000e+00  -2.0000000e+00   6.6453486e+01   2.4080223e+01   1.9495510e+01  -1.7358871e+01  -2.5558657e+01
  -9.0000000e+00  -2.0000000e+00   6.4311994e+01   2.6125230e+01   2.1432132e+01  -2.1148559e+01  -2.0291952e+01
