  -2.6286056e+01   1.8342836e+01   4.7465404e+01   1.9711147e+01   2.6266456e+01  -4.9320256e+01   2.0428388e+01
  -2.7970083e+01   1.8589904e+01   4.7231383e+01   2.1272886e+01   2.7101785e+01  -5.1685985e+01   2.2466697e+01
  -2.9521496e+01   1.7796704e+01   4.4476626e+01   2.4048424e+01   3.0032236e+01  -5.6998215e+01   2.5163552e+01
  -2.9141850e+01   1.6342924e+01   4.2650098e+01   3.6997187e+01   3.1434871e+01  -7.0998214e+01   2.7292079e+01
  -3.0168715e+01   1.4623587e+01   3.9781180e+01   3.4303276e+01   3.5766394e+01  -7.0566811e+01   3.0451051e+01
  -3.0395173e+01   1.0265672e+01   3.9684116e+01   3.9981854e+01   3.9247311e+01  -7.4908572e+01   3.2649737e+01
  -3.4155339e+01   1.3564953e+01   3.6292020e+01   2.8740729e+01   4.0650131e+01  -6.8992787e+01   3.4648430e+01
  -3.6157589e+01   1.7885875e+01   3.1279632e+01   1.8740267e+01   4.0361453e+01  -6.5637888e+01   3.6801796e+01
  -3.6687763e+01   1.6310794e+01   2.6306883e+01   1.2124320e+01   4.4266167e+01  -6.1743019e+01   4.0163391e+01
  -3.6696430e+01   1.3025524e+01   2.2918624e+01   1.2189448e+01   4.5811937e+01  -6.2477389e+01   4.3175447e+01
  -3.7924861e+01   1.2537027e+01   1.7243407e+01   7.9252607e+00   5.2095779e+01  -6.0047106e+01   4.7496206e+01
  -3.7553431e+01   1.0841474e+01   1.4481283e+01   1.6714123e+01   5.4370539e+01  -6.9445455e+01   4.9974872e+01
  -3.7813430e+01   5.8743392e+00   1.2037349e+01   2.4830847e+01   5.8130835e+01  -7.6816863e+01   5.2227622e+01
  -3.8469146e+01   2.1042823e+00   7.2433661e+00   2.9966215e+01   6.2944221e+01  -8.1558937e+01   5.5775710e+01
  -3.8018753e+01   3.2788278e-01   4.2940617e+00   3.1355644e+01   6.4459512e+01  -8.3852385e+01   5.9449751e+01
  -3.6383284e+01  -3.6403640e+00   2.8619729e+00   3.3238417e+01   6.0726543e+01  -8.7657033e+01   5.8767460e+01
  -3.4541536e+01  -7.3613625e+00  -4.6006876e+00   4.2987328e+01   7.4726543e+01  -1.0057691e+02   6.0298659e+01
  -3.0708086e+01  -9.7465794e+00  -8.7173943e+00   2.8987328e+01   8.0833859e+01  -9.0257106e+01   5.7497372e+01
  -2.7460734e+01  -9.0103857e+00  -6.8046688e+00   1.5279923e+01   8.6147878e+01  -7.6257106e+01   5.3331445e+01
  -2.3728860e+01  -1.8650166e+00   2.9498121e+00   5.9259107e+00   7.3132094e+01  -6.2891248e+01   4.7308050e+01
  -2.2160288e+01  -1.2405900e+00   1.0692488e+01   1.3839782e+01   6.4221308e+01  -6.5958145e+01   3.8612506e+01
  -1.8542316e+01   2.4730336e-02   1.8799764e+01   6.8097382e+00   5.6763588e+01  -5.6730671e+01   2.5015213e+01
  -1.6301677e+01   1.6313968e+00   2.1401052e+01  -1.2975806e+00   5.9164497e+01  -4.8705186e+01   1.8924737e+01
  -1.3717293e+01   7.8920562e-01   2.4116165e+01   1.6934740e-01   6.1259798e+01  -4.9104696e+01   1.0097919e+01
  -1.1298360e+01   1.5781656e+00   2.8816101e+01   5.5367350e+00   6.0279119e+01  -5.2662901e+01   3.5708808e+00
  -5.8573327e+00  -1.2331641e+00   3.8853260e+01   1.7727069e+01   4.8963708e+01  -6.0582407e+01  -4.8304483e+00
  -1.4169295e+00  -4.1016226e+00   4.4007120e+01   1.6803650e+01   4.7034588e+01  -5.3066909e+01  -1.0895061e+01
   3.1650582e+00  -6.4664542e+00   4.8164687e+01   1.7228484e+01   4.1764900e+01  -4.7490977e+01  -1.9459312e+01
   8.2927185e+00  -1.3197843e+01   5.3084962e+01   2.0371130e+01   3.8875533e+01  -4.1016923e+01  -2.6246535e+01
   1.5926311e+01  -2.0123046e+01   5.5267384e+01   2.6063802e+01   3.3703052e+01  -3.8821231e+01  -3.0750864e+01
   2.0327581e+01  -2.3827900e+01   5.7309745e+01   3.0275047e+01   3.1460602e+01  -3.5825718e+01  -3.4609302e+01
   2.0841441e+01  -2.4499639e+01   5.7940327e+01   3.6351750e+01   2.9385989e+01  -3.5435206e+01  -3.7512922e+01
   1.8638857e+01  -2.4201181e+01   6.1239967e+01   3.7586210e+01   2.6054504e+01  -2.9527931e+01  -3.9299353e+01
   1.3046482e+01  -2.1290815e+01   6.4118150e+01   4.4503490e+01   2.3303147e+01  -2.9490449e+01  -3.3739533e+01
   7.5375759e+00  -1.6349651e+01   6.6565248e+01   4.1840016e+01   2.3827030e+01  -2.7608259e+01  -2.6289578e+01
   3.6585450e+00  -1.0835610e+01   6.3525346e+01   3.6067670e+01   2.2157471e+01  -2.6288660e+01  -2.0697654e+01
   1.6670321e-01  -7.0844760e+00   6.0038797e+01   3.8529305e+01   2.4468141e+01  -3.3059045e+01  -1.3851186e+01
  -1.3203252e+00  -4.9967583e+00   5.8141191e+01   4.0291310e+01   2.4144132e+01  -3.8220032e+01  -1.0583319e+01
  -8.4662610e+00   1.9456294e+00   5.6499660e+01   3.0892026e+01   2.3828482e+01  -3.4328521e+01  -8.4586363e+00
  -1.1171899e+01   2.8113917e+00   5.4895921e+01   3.2203424e+01   2.6731886e+01  -3.7881507e+01  -4.2682589e+00
  -1.3385359e+01   4.9560434e+00   5.4127656e+01   3.2320724e+01   2.5132386e+01  -4.1126400e+01  -2.6095337e+00
  -1.5338648e+01   5.9846129e+00   5.2778816e+01   3.4642302e+01   2.5360054e+01  -4.5945006e+01   1.8521353e-01
  -1.7155805e+01   7.8809092e+00   5.1759245e+01   3.5076262e+01   2.5371344e+01  -4.9191133e+01   3.0802686e+00
  -1.9451155e+01   1.0428399e+01   4.9186548e+01   2.6945421e+01   2.5046345e+01  -4.5507437e+01   6.8633547e+00
  -2.2366091e+01   1.2189809e+01   4.7780605e+01   2.6554154e+01   2.5482822e+01  -4.8954771e+01   9.9837363e+00
  -2.3863560e+01   1.3151945e+01   4.5135300e+01   2.5545496e+01   2.6115150e+01  -5.1380573e+01   1.4021761e+01
  -2.7625825e+01   1.3892860e+01   4.3113614e+01   2.0899732e+01   2.8811028e+01  -4.9169656e+01   1.5305304e+01
  -2.8844232e+01   1.2432531e+01   4.1476879e+01   2.4440709e+01   3.2094660e+01  -5.3977458e+01   1.9225082e+01
  -3.0696496e+01   1.2344668e+01   3.9460353e+01   3.1489198e+01   3.3733260e+01  -6.3947019e+01   2.2916621e+01
  -3.1846846e+01   1.1730167e+01   3.6175607e+01   2.9979531e+01   3.5993447e+01  -6.5778158e+01   2.7875938e+01
  -3.4773611e+01   1.3587257e+01   3.4495323e+01   3.2997784e+01   3.7738527e+01  -7.2585418e+01   3.0597912e+01
  -3.6132899e+01   1.4567516e+01   2.9444947e+01   2.2363057e+01   3.9503017e+01  -6.6490198e+01   3.3701005e+01
  -3.7361208e+01   1.3942474e+01   2.4551968e+01   1.7839998e+01   4.2942652e+01  -6.5051104e+01   3.7395192e+01
  -3.8057206e+01   1.4060351e+01   2.0910363e+01   7.9478029e+00   4.2444467e+01  -5.8153518e+01   3.9577020e+01
  -3.8739435e+01   1.0506875e+01   1.7006362e+01   1.0063859e+01   4.6706188e+01  -5.9534923e+01   4.3490214e+01
  -3.8392323e+01   9.2724142e+00   1.4038039e+01   1.7014233e+01   4.7370715e+01  -6.9281697e+01   4.5862413e+01
  -3.7335684e+01   7.0999472e+00   1.0284653e+01   3.1014182e+01   4.9847659e+01  -8.3281520e+01   5.0334011e+01
  -3.7195862e+01   5.3993957e+00   7.3798803e+00   4.2915567e+01   5.2341333e+01  -9.6300464e+01   5.2662195e+01
  -3.6520028e+01   1.4609417e+00   4.5996100e+00   4.0733559e+01   5.6001706e+01  -9.5518653e+01   5.5708817e+01
  -3.4294369e+01  -1.9898759e+00   3.5518528e+00   4.9463825e+01   6.1610497e+01  -1.0645234e+02   5.4449047e+01
  -3.1569931e+01  -5.4792777e+00  -6.3252333e-01   3.5463826e+01   7.1565972e+01  -9.3368034e+01   5.4030854e+01
  -2.9255944e+01  -5.8370257e+00  -3.6534680e+00   2.1463827e+01   7.4574492e+01  -8.0545761e+01   5.2365830e+01
  -2.7458558e+01  -4.1147958e+00   3.1716176e+00   1.0145595e+01   6.7845584e+01  -6.6545762e+01   4.8997343e+01
  -2.5093358e+01  -3.0409911e+00   8.3323876e+00   9.4163823e+00   6.2108783e+01  -6.3103983e+01   4.7099387e+01
  -2.1347744e+01  -2.4218610e+00   1.0301794e+01   9.3188245e+00   6.2002492e+01  -6.1931250e+01   3.3099388e+01
  -1.6859465e+01   1.4679404e+00   8.4831689e+00   3.3828263e+00   6.8152455e+01  -6.1834476e+01   2.7004260e+01
  -1.4103218e+01  -9.3470597e-01   4.2977268e+00   5.1473482e+00   7.5835118e+01  -6.3443217e+01   1.7837980e+01
  -1.1005792e+01   2.6735097e+00   9.5925862e+00  -4.7248562e+00   7.2828002e+01  -5.5080066e+01   1.1948484e+01
  -1.0394990e+01   1.1133059e+00   1.7330152e+01  -2.9165471e+00   6.8956042e+01  -5.3407054e+01   3.2841578e+00
  -6.2062427e+00  -1.7099508e+00   2.9940197e+01   1.0268124e+01   6.0256433e+01  -5.7181181e+01  -5.4648555e+00
   7.0822610e-02  -3.8391701e+00   4.0521605e+01   1.7209314e+01   5.2148610e+01  -5.7502204e+01  -1.1492066e+01
   7.6770790e+00  -1.0901685e+01   4.6566217e+01   2.3666748e+01   4.5138173e+01  -5.4997988e+01  -1.9057055e+01
   1.2034379e+01  -1.4326227e+01   5.1684378e+01   1.7453612e+01   3.9583573e+01  -4.2071900e+01  -2.4178081e+01
   1.9595210e+01  -2.2380229e+01   5.4783622e+01   2.5393608e+01   3.6697291e+01  -4.0019382e+01  -3.2111820e+01
   2.3624540e+01  -2.6307830e+01   5.6918883e+01   2.7907595e+01   3.2703056e+01  -3.5547886e+01  -3.5782696e+01
   2.8027527e+01  -2.9438991e+01   5.8430594e+01   3.2383556e+01   2.8031343e+01  -3.1978082e+01  -3.9413903e+01
   2.9786283e+01  -3.3374988e+01   5.8702075e+01   3.8242322e+01   2.7594839e+01  -2.9420979e+01  -4.0789173e+01
   2.8681231e+01  -3.5049642e+01   6.4329563e+01   3.9894930e+01   2.3287860e+01  -2.3854876e+01  -4.3266439e+01
   1.4681231e+01  -2.2159760e+01   5.0329563e+01   5.3894929e+01   9.2878602e+00  -3.6531579e+01  -2.9266439e+01
   1.8750043e+01  -2.6009339e+01   6.4329563e+01   4.0647047e+01   2.3269198e+01  -2.2531580e+01  -2.6375912e+01
   1.3770288e+01  -2.0331398e+01   6.3145126e+01   3.7683171e+01   2.3330095e+01  -2.5443771e+01  -1.9073407e+01
   8.8495325e+00  -1.4349757e+01   6.1630282e+01   3.7046426e+01   2.4094477e+01  -2.9199224e+01  -1.4003970e+01
   5.7222267e+00  -1.2270183e+01   6.1686837e+01   3.8202408e+01   2.3971358e+01  -3.2642106e+01  -1.0957485e+01
   2.2250468e+00  -8.4075684e+00   6.0761750e+01   4.2588265e+01   2.4411962e+01  -4.0242309e+01  -7.8203392e+00
  -6.2640395e-01  -4.1992057e+00   5.8731354e+01   4.4767500e+01   2.3492190e+01  -4.5908128e+01  -3.9367897e+00
  -6.7689778e+00   2.8675600e+00   5.7566894e+01   3.0767500e+01   2.2900928e+01  -3.6846960e+01  -2.1185375e+00
  -9.1946172e+00   6.4670282e+00   5.6352739e+01   2.8492334e+01   2.1566312e+01  -3.7758491e+01  -6.5377092e-01
  -1.0195407e+01   7.4692974e+00   5.4818281e+01   2.8415133e+01   2.1970169e+01  -3.9330861e+01   1.2840405e+00
  -1.1447945e+01   7.8061130e+00   5.4397265e+01   2.6626578e+01   2.2362978e+01  -3.8487713e+01   1.9521433e+00
  -1.0607873e+01   6.3871104e+00   5.4030520e+01   3.2202765e+01   2.2236010e+01  -4.3658864e+01   1.9195465e+00
  -1.1320686e+01   7.5299573e+00   5.3156248e+01   3.5139957e+01   2.1881449e+01  -4.8077691e+01   3.3050908e+00
  -9.9051545e+00   6.5591866e+00   5.2317291e+01   4.3850181e+01   2.0937210e+01  -5.6667966e+01   3.9209387e+00
  -1.1348731e+01   8.2374464e+00   5.2357426e+01   4.4219917e+01   2.0399891e+01  -5.8664762e+01   4.2317457e+00
  -1.1926683e+01   8.2301588e+00   5.1615214e+01   3.9654212e+01   2.1763448e+01  -5.5119661e+01   7.9359392e+00
  -1.4258177e+01   1.0639698e+01   5.0063613e+01   3.3347027e+01   2.2974129e+01  -5.1941503e+01   1.0483790e+01
  -1.5792292e+01   1.0047486e+01   5.0181022e+01   3.1360934e+01   2.3947760e+01  -5.1007339e+01   1.2562548e+01
  -1.7885009e+01   1.2471585e+01   4.9967863e+01   3.2927307e+01   2.2996794e+01  -5.5204474e+01   1.4421760e+01
  -2.0622996e+01   1.3818581e+01   4.8687124e+01   3.0247442e+01   2.5993946e+01  -5.5159415e+01   1.7773262e+01
  -2.1299448e+01   1.3758074e+01   4.7580029e+01   3.2400662e+01   2.6602671e+01  -5.9014711e+01   1.9964282e+01
  -2.1935682e+01   1.2667721e+01   4.6089825e+01   2.9794128e+01   2.9410023e+01  -5.7713027e+01   2.4424813e+01
  -2.3659168e+01   1.2669107e+01   4.3996967e+01   2.9943750e+01   3.2662306e+01  -6.1076767e+01   2.8006756e+01
  -2.4121582e+01   1.3473730e+01   4.2958536e+01   2.9113962e+01   3.1670304e+01  -6.4040249e+01   3.1525439e+01
  -2.6005871e+01   1.3828803e+01   4.0188243e+01   2.8535503e+01   3.5364280e+01  -6.6694659e+01   3.5204461e+01
  -2.8748184e+01   1.5888817e+01   3.7698121e+01   1.9172232e+01   3.6574930e+01  -6.2261683e+01   3.6722323e+01
  -2.9502935e+01   1.2712782e+01   3.4018729e+01   2.5817505e+01   4.1991859e+01  -6.9874152e+01   4.2150593e+01
  -3.0833275e+01   1.2121284e+01   2.9879747e+01   1.9009894e+01   4.5915402e+01  -6.6782922e+01   4.4835925e+01
  -3.1792338e+01   1.0622942e+01   2.5666639e+01   1.3186370e+01   5.2461429e+01  -6.2441152e+01   4.7801704e+01
  -3.2462484e+01   9.8199363e+00   1.9281410e+01   3.6537601e+00   5.4786704e+01  -5.6555338e+01   5.0393470e+01
  -3.0738691e+01   8.2355317e+00   1.4897624e+01   5.2759580e+00   5.7902591e+01  -6.1145341e+01   5.4337808e+01
  -2.7382509e+01   4.7539219e+00   8.4751273e+00  -1.5518266e+00   6.4740043e+01  -5.8045850e+01   5.6655547e+01
  -2.2463218e+01  -4.0144156e-01   4.5586250e+00   3.7308209e+00   7.2815542e+01  -6.3544743e+01   5.6213359e+01
  -1.8608857e+01   4.7779825e-01   2.6949711e+00   9.8684107e+00   7.8333677e+01  -7.0112235e+01   5.0645546e+01
  -1.4933034e+01   3.2593528e+00   7.9248255e+00   1.0252141e+01   7.3554480e+01  -6.6524872e+01   4.6473028e+01
  -1.2968247e+01   6.8302504e+00   1.5287914e+01  -3.7478591e+00   7.0547393e+01  -5.4281619e+01   4.0783715e+01
  -1.1085434e+01   5.2057349e+00   2.2978889e+01  -7.7734463e-01   5.9663332e+01  -5.3039583e+01   3.3730656e+01
  -8.7026037e+00  -3.6321090e-02   2.8832075e+01   1.3222655e+01   5.0802324e+01  -6.2492083e+01   2.7528658e+01
  -2.4279463e+00  -7.8901765e-01   2.5978769e+01   1.0848693e+01   6.2248250e+01  -6.1637148e+01   1.8828709e+01
   4.3512542e-01   3.6889893e+00   2.2490070e+01   1.5637093e+01   6.9156770e+01  -7.3901155e+01   9.1711151e+00
   1.5877869e+00   7.0167289e+00   2.0385550e+01   1.2048023e+01   7.4653708e+01  -7.5043215e+01  -1.4251673e+00
   3.4995520e+00   5.5238129e+00   2.2383833e+01   1.2516369e+01   7.2829824e+01  -7.6058909e+01  -8.2062382e+00
   9.2025927e+00  -1.7493036e+00   2.8609241e+01   2.6516368e+01   6.5528021e+01  -8.2741268e+01  -1.3774302e+01
   1.2152615e+01  -8.5220694e+00   3.8710966e+01   2.2209520e+01   5.6787891e+01  -6.8741269e+01  -2.0368598e+01
   1.6517957e+01  -1.2012922e+01   4.2260172e+01   1.9922029e+01   5.7259496e+01  -5.4741269e+01  -2.6253493e+01
   2.2654376e+01  -1.9273750e+01   4.8487709e+01   2.2920658e+01   4.5048124e+01  -4.7095687e+01  -2.8682066e+01
   2.6270427e+01  -2.6402414e+01   5.2362221e+01   2.6369036e+01   3.6958949e+01  -3.9470086e+01  -3.7427956e+01
   2.8923750e+01  -2.9042921e+01   5.3182902e+01   2.9744987e+01   2.7764421e+01  -3.1066373e+01  -4.2813903e+01
   2.5564037e+01  -2.6588562e+01   5.6876264e+01   3.0341438e+01   2.4883852e+01  -2.2657253e+01  -4.4314297e+01
   2.1576827e+01  -2.4565430e+01   6.1087269e+01   3.6134840e+01   2.0480219e+01  -1.9717363e+01  -3.7222300e+01
   1.8707375e+01  -2.2796933e+01   6.1171852e+01   4.0301526e+01   1.7617233e+01  -2.0982884e+01  -2.7691344e+01
   1.7641268e+01  -2.1100510e+01   6.0236688e+01   3.7477881e+01   1.7511078e+01  -2.1187486e+01  -2.1665485e+01
   1.6232874e+01  -1.9899320e+01   5.9255681e+01   3.9240733e+01   1.7569257e+01  -2.5448822e+01  -1.7300823e+01
   1.4266676e+01  -1.6955466e+01   5.7961781e+01   4.2015754e+01   1.7576775e+01  -3.2158146e+01  -1.1822009e+01
   1.1376315e+01  -1.7095677e+01   5.7308151e+01   4.2779430e+01   2.1987210e+01  -3.4850463e+01  -7.8467009e+00
   7.6542840e+00  -1.2516965e+01   5.6777418e+01   3.6731520e+01   2.1453750e+01  -3.3179852e+01  -4.2033559e+00
   5.3941285e+00  -1.0887205e+01   5.5561822e+01   3.7778236e+01   2.1168203e+01  -3.6856628e+01  -2.0959565e-01
   2.4289425e+00  -6.9087576e+00   5.4908629e+01   3.3851578e+01   2.1113237e+01  -3.7084504e+01   3.3815544e+00
  -3.2714196e+00  -8.5404179e-02   5.3271937e+01   3.3823114e+01   2.1594559e+01  -4.3291111e+01   6.5409685e+00
  -8.7709234e+00   4.0021175e+00   5.2211943e+01   3.3796702e+01   2.4305309e+01  -4.7877648e+01   1.0717323e+01
  -1.1976879e+01   9.2878268e+00   5.1300604e+01   4.0553848e+01   2.1269952e+01  -6.0216619e+01   1.2965035e+01
  -1.5721985e+01   1.2130484e+01   4.9307443e+01   3.6354473e+01   2.3257929e+01  -6.0748502e+01   1.7714443e+01
  -1.7901575e+01   1.3546251e+01   4.6475249e+01   2.8817449e+01   2.5494663e+01  -5.6569548e+01   2.1462166e+01
  -2.0422862e+01   1.3582608e+01   4.3193611e+01   2.5269384e+01   2.8880754e+01  -5.5440609e+01   2.4924098e+01
  -2.4373510e+01   1.2557969e+01   4.1703317e+01   2.3581343e+01   3.4458166e+01  -5.5986287e+01   2.9018138e+01
  -2.6280161e+01   1.3578789e+01   3.8804519e+01   2.6308257e+01   3.5696687e+01  -6.2311597e+01   3.2918985e+01
  -2.8968131e+01   1.6859780e+01   3.6523289e+01   3.1132575e+01   3.6665011e+01  -7.2437292e+01   3.6178130e+01
  -3.1069385e+01   1.5101807e+01   3.2368970e+01   2.1027963e+01   4.1603910e+01  -6.5191804e+01   3.9108814e+01
  -3.3676276e+01   1.4965969e+01   2.6979582e+01   1.0823151e+01   4.6830929e+01  -5.9023922e+01   4.2598961e+01
  -3.4278073e+01   1.4659146e+01   2.3595937e+01   8.9070585e+00   4.7772877e+01  -5.9298705e+01   4.5092252e+01
  -3.5541803e+01   1.3596674e+01   1.9906875e+01   5.0555589e+00   5.1223582e+01  -5.6944372e+01   4.7379282e+01
  -3.6564031e+01   1.2500609e+01   1.5745730e+01   1.8763211e+00   5.3598874e+01  -5.5463754e+01   4.9273203e+01
  -3.6042027e+01   1.0529524e+01   1.2074864e+01   7.7261926e+00   5.5289584e+01  -6.1996152e+01   5.1420466e+01
  -3.5580151e+01   9.7577140e+00   7.9727504e+00   7.3639723e+00   5.8157762e+01  -6.3056529e+01   5.4829769e+01
  -3.5659254e+01   5.3860436e+00   5.8069281e+00   1.2603927e+01   6.0362811e+01  -6.8004471e+01   5.6807049e+01
  -3.4987317e+01   1.1066398e+00   2.5985419e+00   2.0511405e+01   6.4099072e+01  -7.5107707e+01   5.9637416e+01
  -3.2928753e+01  -8.5861714e-01   2.1174281e+00   3.2407406e+01   6.4606552e+01  -8.8946238e+01   6.0666081e+01
  -2.9109036e+01  -3.6985669e+00   4.2439616e-01   1.8407406e+01   7.8606550e+01  -7.6581843e+01   5.8215594e+01
  -2.5415902e+01  -3.0727989e+00  -3.5929629e-01   6.1857274e+00   7.9533997e+01  -6.2859495e+01   5.3725132e+01
  -2.1645041e+01  -1.1412113e+00  -2.7804302e-03   3.8740921e+00   7.9385158e+01  -6.0867830e+01   4.7370973e+01
  -1.9555651e+01   1.6717362e+00   6.6568035e+00   7.2023128e+00   7.4793169e+01  -6.2799777e+01   4.1268625e+01
  -1.6256868e+01   2.9133450e+00   1.1030603e+01   3.0488699e+00   6.5367910e+01  -6.0873202e+01   2.7268625e+01
  -1.2101321e+01   2.8127362e+00   1.1827703e+01  -7.2895544e+00   7.1375664e+01  -4.8994288e+01   2.3067698e+01
  -7.9149016e+00   4.8748543e+00   1.0816067e+01  -8.0178901e+00   7.6881825e+01  -5.1653034e+01   1.0960874e+01
  -6.4206788e+00   9.0326017e+00   1.2507119e+01  -8.1884898e+00   7.5766930e+01  -5.4719419e+01  -2.3064376e+00
  -4.4272814e+00   3.7789762e+00   1.8671760e+01   5.8115102e+00   7.4059763e+01  -6.4202177e+01  -7.1682921e+00
   1.0652696e+00  -3.4402429e+00   2.4890569e+01   1.6365071e+01   7.1809529e+01  -6.4464178e+01  -9.4759110e+00
   3.5094908e+00  -6.6304904e+00   3.6115002e+01   1.8135745e+01   6.2430000e+01  -6.0161583e+01  -2.2574776e+01
   7.7715771e+00  -9.5124479e+00   4.0620625e+01   1.5769952e+01   6.0355986e+01  -4.9427650e+01  -2.8895143e+01
   1.5136289e+01  -1.4624967e+01   4.5046637e+01   1.7945149e+01   5.0912007e+01  -4.3948590e+01  -3.0960556e+01
   1.9354117e+01  -2.0197235e+01   4.9865489e+01   2.0474087e+01   4.3353070e+01  -3.7563205e+01  -3.6405952e+01
   2.4240988e+01  -2.5625030e+01   5.2941521e+01   2.3006241e+01   3.4646555e+01  -2.9453670e+01  -4.3766087e+01
   2.6673646e+01  -2.8718483e+01   5.2524400e+01   3.1973647e+01   3.2770425e+01  -2.9661482e+01  -4.3950191e+01
   3.0689030e+01  -3.4026406e+01   5.8121468e+01   3.9915847e+01   1.9903723e+01  -2.6331389e+01  -4.7046338e+01
   2.6533973e+01  -3.2962545e+01   6.4227941e+01   3.6728753e+01   2.1761554e+01  -1.6893914e+01  -3.4064180e+01
   2.4621129e+01  -3.1776748e+01   6.4242511e+01   3.6276258e+01   1.9283699e+01  -1.5132850e+01  -2.4729352e+01
   2.1758347e+01  -2.8110756e+01   6.1726104e+01   3.5255374e+01   2.0667232e+01  -1.6647632e+01  -1.9026646e+01
   1.9618468e+01  -2.6203701e+01   6.0234636e+01   3.7054274e+01   2.1435970e+01  -2.1464073e+01  -1.3342010e+01
   1.6465923e+01  -2.3085063e+01   5.9800395e+01   3.4204827e+01   2.3489890e+01  -2.1722259e+01  -8.9340644e+00
   1.6593014e+01  -2.3379640e+01   6.0066689e+01   3.8280037e+01   2.1409563e+01  -2.7108769e+01  -7.1042791e+00
   1.2102183e+01  -1.8715596e+01   5.9785851e+01   3.7053303e+01   2.2559806e+01  -2.9450096e+01  -4.0393666e+00
   7.5418113e+00  -1.4723854e+01   5.9361350e+01   3.4598050e+01   2.4835966e+01  -3.0152248e+01  -6.7124578e-01
   3.1566822e+00  -1.0621843e+01   5.9237558e+01   3.3195152e+01   2.6510164e+01  -3.2208568e+01   2.7440171e+00
   1.4544949e-01  -7.1091772e+00   5.7531588e+01   3.1286583e+01   2.6039962e+01  -3.3670760e+01   5.2745943e+00
  -4.5990680e+00   1.8945147e-01   5.6397159e+01   2.5745366e+01   2.2961957e+01  -3.4048863e+01   6.5663654e+00
  -4.8863046e+00  -7.5024552e-02   5.6588085e+01   2.8016712e+01   2.4768637e+01  -3.7878556e+01   1.0449060e+01
  -9.2345374e+00   6.2529791e+00   5.5406090e+01   3.0090753e+01   2.3709563e+01  -4.4900463e+01   1.2621029e+01
  -1.0677100e+01   6.9550368e+00   5.4576468e+01   3.9675017e+01   2.3656728e+01  -5.6758940e+01   1.5111101e+01
  -1.1617375e+01   8.5939395e+00   5.3364821e+01   4.1091514e+01   2.3756651e+01  -6.0932187e+01   1.8564405e+01
  -1.4435942e+01   1.0308180e+01   5.2416101e+01   3.0976379e+01   2.4875392e+01  -5.3421844e+01   2.1626200e+01
  -1.8182391e+01   1.2679011e+01   5.1694094e+01   2.7868182e+01   2.6581740e+01  -5.3555965e+01   2.3596084e+01
  -1.9954323e+01   1.4893124e+01   4.8937863e+01   2.5587305e+01   2.7725565e+01  -5.4688693e+01   2.7123540e+01
  -2.2312316e+01   1.6720230e+01   4.6762973e+01   2.6884727e+01   2.9586797e+01  -5.9383703e+01   3.0173598e+01
  -2.6313789e+01   1.7877254e+01   4.4842769e+01   1.6523587e+01   3.2416034e+01  -5.1786963e+01   3.0329114e+01
  -2.7209510e+01   1.6548589e+01   4.3377385e+01   2.6872621e+01   3.5650615e+01  -6.3302574e+01   3.3318485e+01
  -2.8651845e+01   1.4692482e+01   4.0483098e+01   2.9777227e+01   4.0190441e+01  -6.7842849e+01   3.5689053e+01
  -2.9157506e+01   1.4272922e+01   3.6629965e+01   2.8960987e+01   4.4970779e+01  -6.9889463e+01   3.9896621e+01
  -3.2081854e+01   1.6780509e+01   3.3097901e+01   1.5465424e+01   4.4689414e+01  -6.1932227e+01   4.1311510e+01
  -3.3300172e+01   1.4482975e+01   2.8618276e+01   1.0525970e+01   5.1124555e+01  -5.8777782e+01   4.4478554e+01
  -3.4058766e+01   1.4591203e+01   2.5485912e+01   7.7580944e+00   5.4670569e+01  -5.8031988e+01   4.6645218e+01
  -3.3566952e+01   1.3923821e+01   2.2218626e+01   6.7293181e+00   5.6347952e+01  -5.8533315e+01   4.9492258e+01
  -3.3694494e+01   1.2220814e+01   1.8898646e+01   6.3160317e+00   5.9410117e+01  -5.9191103e+01   5.1116329e+01
  -3.3199577e+01   8.2686955e+00   1.4438355e+01   9.6026819e+00   6.2021489e+01  -6.2495951e+01   5.4531586e+01
  -3.1643663e+01   5.1171658e+00   1.0332151e+01   1.2852694e+01   6.4293190e+01  -6.7227499e+01   5.6901529e+01
  -2.9725874e+01   1.0924723e+00   4.4904713e+00   1.4548721e+00   7.0845511e+01  -5.7888351e+01   5.8608238e+01
  -2.4427717e+01   6.0182721e-01   2.8680692e+00   3.6027508e+00   7.7917042e+01  -6.1473005e+01   5.9177738e+01
  -2.1124788e+01   1.4298865e+00   3.5301867e+00   3.9484410e+00   7.7540856e+01  -6.1452956e+01   5.0457614e+01
  -1.6314338e+01   5.1889288e+00   4.9610380e+00   4.2073867e+00   8.2781481e+01  -6.2632036e+01   4.0459387e+01
  -1.2436750e+01   6.1505414e+00   8.7366954e+00  -8.7341058e+00   8.0261380e+01  -4.9155043e+01   3.3565148e+01
  -1.0041531e+01   4.7705355e+00   1.7022039e+01  -2.6972950e+00   7.3720750e+01  -5.1197164e+01   2.2886065e+01
  -7.7257024e+00   4.0848584e+00   2.6128786e+01   4.3417825e+00   6.6477825e+01  -5.4311990e+01   9.8712235e+00
  -3.7371387e+00   1.9768760e+00   3.5898736e+01   7.6530233e+00   5.6790799e+01  -5.3184381e+01   2.4161504e-01
   8.8535594e-01  -9.8056186e-01   4.1861254e+01   1.0426145e+01   5.2675784e+01  -5.0211463e+01  -7.7044495e+00
   7.9886834e+00  -9.9318455e+00   4.5377923e+01   1.5904689e+01   4.7538600e+01  -4.8362182e+01  -1.7868559e+01
   1.4611890e+01  -1.5060974e+01   4.7210967e+01   2.2898220e+01   4.4588726e+01  -4.9803210e+01  -2.2935290e+01
   1.8975647e+01  -1.6983406e+01   4.9572562e+01   1.5829908e+01   3.9613909e+01  -3.9916574e+01  -3.0057835e+01
   2.3502007e+01  -2.4804601e+01   5.2058674e+01   2.0945654e+01   3.8535942e+01  -3.7274780e+01  -3.7390061e+01
   2.9985325e+01  -3.0561225e+01   5.2711883e+01   2.1872243e+01   3.5141719e+01  -3.0686874e+01  -4.4932438e+01
   3.1708601e+01  -3.1541454e+01   5.3658347e+01   2.2856484e+01   3.1194098e+01  -2.8014275e+01  -4.8262513e+01
   3.5024111e+01  -3.1909342e+01   5.2208404e+01   2.6082882e+01   3.2562484e+01  -2.6262302e+01  -5.0064836e+01
   3.8892059e+01  -3.8096426e+01   5.1510617e+01   3.3797711e+01   3.3337135e+01  -2.6074300e+01  -5.0998442e+01
   3.8494142e+01  -3.7918038e+01   5.2181729e+01   3.2628531e+01   2.8819477e+01  -2.1715307e+01  -5.2823594e+01
   3.7517038e+01  -4.0009033e+01   5.8574380e+01   3.0353767e+01   1.7049799e+01  -1.1610049e+01  -6.0243742e+01
   4.1113315e+01  -4.5708083e+01   6.0619607e+01   4.4353767e+01   1.6215715e+01  -1.4820971e+01  -5.4313289e+01
   3.2521122e+01  -3.3955995e+01   6.0718383e+01   4.7085832e+01   1.6272596e+01  -1.5517424e+01  -4.0313289e+01
   3.3095188e+01  -3.4257935e+01   5.9885245e+01   4.7333966e+01   1.4460141e+01  -2.0977080e+01  -2.6394262e+01
   2.8118551e+01  -2.7939846e+01   5.8767989e+01   3.8353133e+01   1.4358390e+01  -1.6998572e+01  -2.1323713e+01
   2.6350169e+01  -2.8320377e+01   6.1326999e+01   3.7816172e+01   1.5735636e+01  -1.9051299e+01  -1.8640256e+01
   2.1986276e+01  -2.4522826e+01   6.1558417e+01   3.4534613e+01   1.8362415e+01  -1.9098870e+01  -1.3868482e+01
   1.9806226e+01  -2.1528909e+01   6.0846437e+01   3.5533620e+01   1.7869745e+01  -2.3064019e+01  -9.8888887e+00
   1.6012754e+01  -1.9403143e+01   6.1591379e+01   3.6175731e+01   1.9467847e+01  -2.6702886e+01  -6.5774421e+00
   1.3633860e+01  -1.8881140e+01   6.2970532e+01   4.3772810e+01   2.0327847e+01  -3.6350270e+01  -4.3458136e+00
   4.9718610e+00  -7.2986813e+00   6.1430252e+01   3.8947114e+01   2.0605460e+01  -3.9615652e+01   1.5301367e+00
  -1.3316143e-01  -2.7182372e+00   6.0688686e+01   3.8400354e+01   2.0474506e+01  -4.3104273e+01   3.9445659e+00
  -4.6704253e+00   4.5952534e+00   5.9646149e+01   3.7614746e+01   1.9294290e+01  -4.7990093e+01   7.1351678e+00
  -7.5487739e+00   5.0927164e+00   5.8200265e+01   4.3179126e+01   2.2212928e+01  -5.5640198e+01   1.0529524e+01
  -8.8602976e+00   7.0440083e+00   5.6953658e+01   5.1102575e+01   2.1702619e+01  -6.7184626e+01   1.3590617e+01
  -1.0206554e+01   6.0209995e+00   5.7308994e+01   5.3162488e+01   2.3187531e+01  -6.9754782e+01   1.6099134e+01
  -1.2761035e+01   1.1425762e+01   5.4373318e+01   3.9162489e+01   2.2559971e+01  -6.1312130e+01   2.0812614e+01
  -1.6040517e+01   1.2881147e+01   5.3191041e+01   3.5178458e+01   2.4106040e+01  -6.0086455e+01   2.2970350e+01
  -1.9542070e+01   1.5811060e+01   5.0872074e+01   2.7369846e+01   2.6369194e+01  -5.6889452e+01   2.6416541e+01
  -2.1224450e+01   1.7166653e+01   4.8289859e+01   2.4485679e+01   2.7421047e+01  -5.6900294e+01   2.9179135e+01
  -2.5106820e+01   1.3577770e+01   4.7305606e+01   2.7727350e+01   3.5056711e+01  -6.1062968e+01   3.1346998e+01
  -2.6422194e+01   1.4947617e+01   4.3490645e+01   2.2470519e+01   3.7453734e+01  -5.9923299e+01   3.5118116e+01
  -2.7861809e+01   1.4977986e+01   4.0609225e+01   2.1414998e+01   4.0544156e+01  -6.1817775e+01   3.8049040e+01
  -2.9619181e+01   1.6375439e+01   3.7894144e+01   2.7696399e+01   4.2323692e+01  -7.2875699e+01   4.0307146e+01
  -3.0831096e+01   1.6844745e+01   3.3466467e+01   1.5703377e+01   4.5625232e+01  -6.4831104e+01   4.3390589e+01
  -3.2279172e+01   1.3999179e+01   2.8746150e+01   9.0025729e+00   5.3863845e+01  -6.0230398e+01   4.7981081e+01
  -3.2936591e+01   1.2995448e+01   2.3967019e+01   2.6992094e+00   5.9605125e+01  -5.5395273e+01   4.9248529e+01
  -3.0538127e+01   9.5921403e+00   1.8501565e+01   3.3685512e+00   6.4812928e+01  -5.7275283e+01   5.3643377e+01
  -2.6398080e+01   3.1121815e+00   1.2716360e+01   1.1630833e+01   6.9915350e+01  -6.4741029e+01   5.4893476e+01
  -2.3501992e+01   2.0933025e+00   6.4236163e+00   5.4470975e+00   7.6819066e+01  -6.2276982e+01   5.2659916e+01
  -2.0076096e+01   2.5239933e+00   5.0440211e+00   2.8582500e+00   8.4563795e+01  -5.9963789e+01   4.8873188e+01
  -1.6948730e+01   6.5965900e+00   9.6457322e+00   2.9609963e+00   7.9088311e+01  -5.8562053e+01   4.1598136e+01
  -1.4551638e+01   8.3245346e+00   1.4915467e+01  -8.2711588e+00   7.4592494e+01  -4.8031330e+01   3.2151501e+01
  -1.3035398e+01   7.1940008e+00   2.1874315e+01  -4.1766848e+00   6.9046006e+01  -4.9186632e+01   2.2980113e+01
  -9.0761796e+00   6.2002580e+00   2.9701891e+01   5.4308694e+00   5.9906905e+01  -5.6005251e+01   1.1541917e+01
  -7.1882500e+00   3.4584650e+00   3.7527189e+01   6.9230412e+00   5.2419596e+01  -5.2648928e+01   7.8635545e-01
  -2.9135535e+00  -4.3497360e-01   4.2500487e+01   1.2714767e+01   4.8700562e+01  -5.1300923e+01  -8.0423241e+00
   1.2438777e+00  -4.9683088e+00   4.7889625e+01   1.2347021e+01   4.3868046e+01  -4.4532006e+01  -1.6014592e+01
   8.4719531e+00  -1.1409084e+01   5.0288337e+01   1.7321550e+01   3.9485451e+01  -4.2292704e+01  -2.2834039e+01
   1.4332937e+01  -1.8176110e+01   5.0578551e+01   1.8326426e+01   3.7760282e+01  -3.6666262e+01  -2.7448148e+01
   1.8249132e+01  -2.6713534e+01   5.3444771e+01   2.5206947e+01   3.5534757e+01  -3.6564114e+01  -3.6791020e+01
   2.1091064e+01  -2.8665454e+01   5.3658478e+01   2.1209486e+01   3.3727616e+01  -2.8181867e+01  -4.0145948e+01
   2.5287846e+01  -3.2980319e+01   5.3824174e+01   2.7217028e+01   3.2118572e+01  -2.8323425e+01  -4.4358104e+01
   2.9927230e+01  -3.7048230e+01   5.4848255e+01   3.3649430e+01   2.7982133e+01  -2.8888082e+01  -4.7670659e+01
   3.0674359e+01  -3.6817096e+01   5.4908602e+01   3.7273082e+01   2.9671269e+01  -2.8254446e+01  -4.6116060e+01
   2.8147055e+01  -3.5574804e+01   5.8328672e+01   3.8753682e+01   2.2226755e+01  -2.3519069e+01  -5.0794801e+01
   2.4924028e+01  -3.2860061e+01   6.1900397e+01   3.6666719e+01   2.0055352e+01  -1.6733205e+01  -4.2791021e+01
   2.1205286e+01  -3.0090829e+01   6.2248929e+01   4.0069183e+01   2.2003623e+01  -1.7323772e+01  -2.9620067e+01
   2.0043275e+01  -2.8962035e+01   6.1886986e+01   3.7540451e+01   2.1052347e+01  -1.7488545e+01  -2.2524320e+01
   1.6731599e+01  -2.5392739e+01   6.0642352e+01   3.4968881e+01   2.1587310e+01  -1.8449311e+01  -1.5953942e+01
   1.6191944e+01  -2.4349691e+01   5.9914687e+01   3.5666572e+01   2.0818747e+01  -2.0704660e+01  -1.1820374e+01
   1.4430950e+01  -1.9572184e+01   5.8095424e+01   3.9831137e+01   1.8996563e+01  -2.8785280e+01  -6.4595803e+00
   1.0411820e+01  -1.8089161e+01   5.8266491e+01   3.9340858e+01   2.2358238e+01  -3.0919497e+01  -3.6800573e+00
   7.6219788e+00  -1.4748842e+01   5.7989288e+01   3.9774770e+01   2.1803552e+01  -3.5333131e+01   1.7223647e-01
   4.4713228e+00  -1.1300477e+01   5.6911745e+01   4.0577230e+01   2.1280632e+01  -3.9862476e+01   3.1537628e+00
  -2.3248088e-01  -5.8133601e+00   5.5800982e+01   3.9467352e+01   2.0498304e+01  -4.4463376e+01   6.4685641e+00
  -5.6309379e+00  -4.1554793e-01   5.3589596e+01   3.2617370e+01   2.2744063e+01  -4.2928982e+01   1.1381821e+01
  -9.6530691e+00   1.7679642e+00   5.2902697e+01   4.1077009e+01   2.3833742e+01  -5.5125145e+01   1.3304800e+01
  -1.0453082e+01   3.5993541e+00   5.1660477e+01   4.2842138e+01   2.3148172e+01  -5.9876738e+01   1.7447403e+01
  -1.7857962e+01   9.9889770e+00   4.7878339e+01   2.8842138e+01   2.7279943e+01  -5.2868021e+01   2.1573103e+01
  -1.9297164e+01   1.3550334e+01   4.4405660e+01   3.0655384e+01   2.5734088e+01  -5.8143557e+01   2.4074884e+01
  -2.3156944e+01   1.5534376e+01   4.2610744e+01   2.3038275e+01   2.9576912e+01  -5.4456307e+01   2.7104976e+01
  -2.4525004e+01   1.0827832e+01   4.1775207e+01   2.9910437e+01   3.5896371e+01  -6.1627304e+01   3.1427857e+01
  -2.8656008e+01   1.4299605e+01   3.8589333e+01   2.5893905e+01   3.7525976e+01  -6.2786736e+01   3.4071146e+01
  -2.9959576e+01   1.4540094e+01   3.6131315e+01   3.3291062e+01   3.9914824e+01  -7.3234790e+01   3.6837093e+01
  -3.1197855e+01   1.4291142e+01   3.4187965e+01   2.6358712e+01   4.1970600e+01  -6.8866103e+01   4.0071446e+01
  -3.1902688e+01   1.5781083e+01   3.0219743e+01   1.4180218e+01   4.5150095e+01  -6.0441064e+01   4.4494148e+01
  -3.4071551e+01   1.4917347e+01   2.5728851e+01   9.2189184e+00   4.9654956e+01  -5.9723047e+01   4.6768850e+01
  -3.4898719e+01   1.3749508e+01   2.1815339e+01   1.0163140e+01   5.2288586e+01  -6.2251649e+01   4.9329424e+01
  -3.5494889e+01   1.1959804e+01   1.6406097e+01   6.7804319e+00   5.6442502e+01  -6.0290981e+01   5.1825738e+01
  -3.4930842e+01   1.0870186e+01   1.0421347e+01   4.2652921e+00   6.0556165e+01  -6.0579033e+01   5.5317737e+01
  -3.3054685e+01   7.2226290e+00   6.6955041e+00   5.2554807e+00   6.5198522e+01  -6.2187109e+01   5.6734637e+01
  -3.1060647e+01   5.9473789e+00   2.8867298e+00   2.3782697e+00   6.8988300e+01  -6.3864427e+01   5.8204251e+01
  -2.6352728e+01   2.6669627e+00  -3.2771981e-01  -4.4114574e+00   8.0199862e+01  -5.6779116e+01   5.9345301e+01
  -2.1877792e+01   2.4492893e+00   1.5050347e+00   7.5892363e+00   7.6801915e+01  -6.7580426e+01   5.0653913e+01
  -1.9331768e+01   4.8147073e+00   3.0591313e+00   5.0918096e+00   8.0304882e+01  -6.4843228e+01   4.4761271e+01
  -1.5475580e+01   5.9109685e+00   1.2131192e+01   3.9861589e+00   6.7644915e+01  -6.2085391e+01   3.2516216e+01
  -1.4266458e+01   7.3578912e+00   1.8997670e+01  -6.3977163e+00   6.9003907e+01  -5.1045912e+01   2.6640491e+01
  -1.1853535e+01   8.9851372e+00   2.1809617e+01  -1.0406291e+01   6.7104223e+01  -4.7073932e+01   1.8629923e+01
  -8.6781029e+00   3.9092202e+00   2.1720750e+01   1.0666776e+00   6.7951225e+01  -5.3341251e+01   9.4737796e+00
  -7.1833351e+00   2.3807723e+00   2.6713819e+01   3.3027683e+00   6.6203264e+01  -5.2586092e+01   1.6299337e+00
  -2.9903714e+00   6.6431002e-01   3.3992717e+01   9.8763545e+00   5.9209611e+01  -5.5332057e+01  -1.4307882e+00
   1.6664667e+00  -3.8652691e+00   4.1813179e+01   1.4173502e+01   5.0479189e+01  -5.3277700e+01  -1.1120896e+01
   7.1499905e+00  -1.0445037e+01   4.5268538e+01   1.8471310e+01   4.5977752e+01  -4.8420629e+01  -1.5032722e+01
   1.1700342e+01  -1.1491173e+01   4.9342627e+01   1.6105047e+01   3.8758779e+01  -3.8462549e+01  -2.2967812e+01
   1.7057886e+01  -2.0763488e+01   5.3871334e+01   2.2125548e+01   3.5064276e+01  -3.4761610e+01  -2.9501328e+01
   2.2304949e+01  -2.6615972e+01   5.6567067e+01   2.6653318e+01   3.0376342e+01  -3.1991238e+01  -3.4126142e+01
   2.5703873e+01  -2.7974230e+01   5.7082761e+01   3.0456193e+01   2.8442262e+01  -2.9978930e+01  -3.4767467e+01
   2.9835925e+01  -3.4230971e+01   5.9043856e+01   3.9863752e+01   2.5111186e+01  -3.1195694e+01  -3.6423592e+01
   2.5646941e+01  -3.1476026e+01   6.0945291e+01   3.8887190e+01   2.6888679e+01  -2.4308265e+01  -3.1750527e+01
   2.0526453e+01  -2.6964981e+01   6.3365059e+01   4.1590250e+01   2.0368294e+01  -2.2164235e+01  -2.4366591e+01
   1.8789870e+01  -2.6081263e+01   6.2562688e+01   4.2819396e+01   2.1322012e+01  -2.5837211e+01  -1.9048700e+01
   1.5373212e+01  -2.2726276e+01   6.1931259e+01   3.9595377e+01   2.2172609e+01  -2.6110015e+01  -1.4201719e+01
   1.4117270e+01  -2.1860874e+01   6.2022209e+01   4.3281785e+01   2.1877732e+01  -3.1673249e+01  -1.1883404e+01
   8.7237716e+00  -1.5868926e+01   6.0716476e+01   3.9966043e+01   2.2803548e+01  -3.2717702e+01  -8.7242582e+00
   5.1292295e+00  -1.2578715e+01   5.9704327e+01   3.6114511e+01   2.3950676e+01  -3.1833237e+01  -4.9685034e+00
   2.9494415e+00  -9.5291811e+00   5.9450067e+01   3.9573071e+01   2.2760418e+01  -3.8270123e+01  -3.0502518e+00
   1.0097716e+00  -8.1481539e+00   5.9110654e+01   4.2559780e+01   2.3538344e+01  -4.3343267e+01   1.4675488e-01
  -5.7304192e+00  -1.1898433e+00   5.8792881e+01   3.1336621e+01   2.2469864e+01  -3.6186826e+01   1.3769342e+00
  -8.0023176e+00   2.4038742e+00   5.7843619e+01   3.0848516e+01   2.1216457e+01  -3.9209029e+01   3.6891715e+00
  -1.0001922e+01   4.1056228e+00   5.5976016e+01   2.7759870e+01   2.1817348e+01  -3.8861468e+01   7.8687399e+00
  -1.0764012e+01   2.8627345e+00   5.4858961e+01   3.6129679e+01   2.4700324e+01  -4.8169696e+01   1.1162318e+01
  -1.2149370e+01   5.7997663e+00   5.3971003e+01   4.2085256e+01   2.2713347e+01  -5.7113485e+01   1.2981425e+01
  -1.4999026e+01   6.8755792e+00   5.3579646e+01   3.3650544e+01   2.4934075e+01  -5.0854763e+01   1.5331854e+01
  -1.6981786e+01   1.1508478e+01   5.1044585e+01   4.2687233e+01   2.3000819e+01  -6.4854763e+01   1.8883010e+01
  -1.9237695e+01   1.1991329e+01   4.9070219e+01   2.8687234e+01   2.5438667e+01  -5.3474272e+01   2.1468214e+01
  -2.2752768e+01   1.6017577e+01   4.6727737e+01   2.0029164e+01   2.6182058e+01  -4.9156230e+01   2.2637050e+01
  -2.5434457e+01   1.4912520e+01   4.6081377e+01   2.7304238e+01   3.0094070e+01  -5.7093678e+01   2.4269154e+01
  -2.5964423e+01   1.3914993e+01   4.3428760e+01   3.2312199e+01   3.3816049e+01  -6.4293287e+01   2.7579557e+01
  -2.7891989e+01   1.2136278e+01   4.1293410e+01   3.1648369e+01   3.7930198e+01  -6.5758621e+01   3.1030440e+01
  -3.0186511e+01   1.4455982e+01   3.7936950e+01   3.0334622e+01   3.9154001e+01  -6.8715378e+01   3.3263495e+01
  -3.1347701e+01   1.4058579e+01   3.6592115e+01   3.4606402e+01   3.8257607e+01  -7.6178703e+01   3.4662087e+01
  -3.3288692e+01   1.3537885e+01   3.3052109e+01   2.0606402e+01   4.2746005e+01  -6.5825053e+01   3.8130761e+01
  -3.3859430e+01   1.3592319e+01   2.9116686e+01   1.6937019e+01   4.6516724e+01  -6.4593252e+01   4.1857702e+01
  -3.5354246e+01   1.1327302e+01   2.4435544e+01   1.5887584e+01   5.0708606e+01  -6.4607997e+01   4.4846346e+01
  -3.6077694e+01   8.8726082e+00   2.0671313e+01   2.2417853e+01   5.4958757e+01  -7.1299927e+01   4.8377007e+01
  -3.7294643e+01   4.0834561e+00   1.7388972e+01   2.2778272e+01   6.2029199e+01  -6.9769086e+01   5.0702127e+01
  -3.6678985e+01   2.3068985e+00   1.3756594e+01   2.5087960e+01   6.3084040e+01  -7.3254172e+01   5.3472878e+01
  -3.5827691e+01   1.1179826e+00   9.4989994e+00   2.8663480e+01   6.5519526e+01  -7.8917470e+01   5.5131461e+01
  -3.4120679e+01  -1.7860961e+00   5.3433601e+00   3.0258251e+01   7.1384515e+01  -8.3066332e+01   5.6910681e+01
  -2.9811735e+01  -1.0825874e+00   3.6170875e+00   1.6258252e+01   7.7656433e+01  -7.3297294e+01   5.2892867e+01
  -2.4981476e+01  -8.6206857e-01   3.0926190e+00   7.3036768e+00   7.9563752e+01  -6.4342527e+01   4.8055661e+01
  -2.2623232e+01  -1.5999257e+00   3.6571666e+00   2.9575192e+00   7.8937287e+01  -5.9608572e+01   3.6571384e+01
  -1.9637642e+01  -1.6027555e+00   9.4910560e+00   6.2080726e+00   7.5026702e+01  -5.9421492e+01   2.9716799e+01
  -1.6263696e+01   1.4173474e+00   1.7924349e+01   3.1240712e+00   6.8118068e+01  -5.3890319e+01   2.1697970e+01
  -1.4153212e+01   2.6406179e+00   2.7808082e+01   2.0126513e+00   6.1214481e+01  -4.8514489e+01   1.2719397e+01
  -8.2316945e+00   8.8925732e-01   3.8635540e+01   1.0513268e+01   5.2709414e+01  -5.0556386e+01   3.0035751e+00
  -2.6340001e+00  -1.8549505e+00   4.5474819e+01   1.6967789e+01   4.6501316e+01  -5.0772884e+01  -5.9075587e+00
   3.5933805e+00  -5.2078809e+00   4.9316457e+01   1.7988069e+01   4.3812144e+01  -4.6249037e+01  -9.3227795e+00
   9.5870556e+00  -1.3369734e+01   5.4384322e+01   2.3135979e+01   4.0982439e+01  -4.3253554e+01  -1.8675014e+01
   1.6995282e+01  -2.0271842e+01   5.7623102e+01   2.2809353e+01   3.6299716e+01  -3.6584331e+01  -2.5165152e+01
   2.3741657e+01  -2.7818344e+01   5.9238841e+01   3.2293414e+01   3.4226355e+01  -3.8699060e+01  -3.0319877e+01
   2.6824398e+01  -3.0835145e+01   5.9862429e+01   2.9579117e+01   3.4036763e+01  -3.1171539e+01  -3.3099916e+01
   3.0448436e+01  -3.6134989e+01   6.2235915e+01   3.4663157e+01   3.0544578e+01  -2.9644927e+01  -3.8694460e+01
   3.1193061e+01  -3.6940139e+01   6.2390600e+01   4.0437712e+01   2.6022224e+01  -2.9327568e+01  -3.9692463e+01
   2.7163268e+01  -3.4111377e+01   6.4275532e+01   4.3258728e+01   2.5791993e+01  -2.7371783e+01  -3.8165047e+01
   2.0291145e+01  -2.7773363e+01   6.4507345e+01   4.3400078e+01   2.4729032e+01  -2.3501119e+01  -3.1551906e+01
   1.6515749e+01  -2.3221513e+01   6.4866617e+01   4.1476446e+01   2.1386452e+01  -2.4258175e+01  -2.5986796e+01
   1.2665068e+01  -2.0767986e+01   6.4932364e+01   4.0155867e+01   2.2968237e+01  -2.6261474e+01  -1.9923789e+01
   6.0850348e+00  -1.3275052e+01   6.2414410e+01   3.7531454e+01   2.4496416e+01  -2.8432120e+01  -1.4249035e+01
   2.9886222e+00  -1.0425132e+01   6.1173979e+01   4.0857569e+01   2.4780184e+01  -3.4866081e+01  -1.0904585e+01
   2.6922272e-01  -8.4561926e+00   6.0098768e+01   4.1016943e+01   2.4818461e+01  -3.7559914e+01  -8.6156253e+00
  -3.8679635e+00  -4.1286297e+00   5.9197156e+01   3.8226157e+01   2.4194254e+01  -3.8528968e+01  -5.8811872e+00
  -6.7479352e+00  -1.0944205e+00   5.7051191e+01   3.6680401e+01   2.4499959e+01  -4.0368517e+01  -2.4973973e+00
  -8.9435379e+00  -7.8446479e-02   5.6825756e+01   3.4879747e+01   2.5437082e+01  -4.0433468e+01  -2.2557436e-01
  -1.2273156e+01   3.3720178e+00   5.4008099e+01   2.8178897e+01   2.6125985e+01  -3.7008237e+01   2.4078588e+00
  -1.4979270e+01   6.2228656e+00   5.3492677e+01   3.1082222e+01   2.5389476e+01  -4.2895169e+01   4.1183680e+00
  -1.6068103e+01   6.3053493e+00   5.2197912e+01   3.4900959e+01   2.6629238e+01  -4.7704702e+01   6.2823154e+00
  -1.6898216e+01   7.8722113e+00   5.0312243e+01   3.7216972e+01   2.6824068e+01  -5.3120587e+01   9.2706043e+00
  -2.0390049e+01   1.0814945e+01   4.8719564e+01   3.1155468e+01   2.7840567e+01  -5.0657249e+01   1.2543869e+01
  -2.1823742e+01   1.2483965e+01   4.7549528e+01   3.1737415e+01   2.7655272e+01  -5.4238565e+01   1.5409286e+01
  -2.3933428e+01   1.3705962e+01   4.4972496e+01   2.8266624e+01   2.9216549e+01  -5.3310040e+01   1.6653528e+01
  -2.6028660e+01   1.3222602e+01   4.2462407e+01   2.8610358e+01   3.2227999e+01  -5.5530582e+01   1.9053219e+01
  -2.7983755e+01   1.3432505e+01   4.0565691e+01   2.6061746e+01   3.4812368e+01  -5.4763639e+01   2.1226172e+01
  -3.0350974e+01   1.4314628e+01   4.0391866e+01   3.6600094e+01   3.4313401e+01  -6.6923586e+01   2.1561039e+01
  -3.2236355e+01   1.2978897e+01   3.8134797e+01   2.7739699e+01   3.7055617e+01  -6.0714309e+01   2.4994346e+01
  -3.4688727e+01   1.5176163e+01   3.3979625e+01   2.2648723e+01   4.0136037e+01  -6.1215006e+01   2.9206106e+01
  -3.5460663e+01   1.3792339e+01   3.1866723e+01   1.8722186e+01   4.2464972e+01  -5.9205588e+01   3.2287171e+01
  -3.6510184e+01   1.3624864e+01   2.6961095e+01   1.4525891e+01   4.4269354e+01  -5.9076133e+01   3.4950870e+01
  -3.8020070e+01   1.2901323e+01   2.3421901e+01   1.0012271e+01   4.7278786e+01  -5.6860762e+01   3.7802943e+01
  -3.8627141e+01   1.1666860e+01   2.0886617e+01   1.0955897e+01   4.7057806e+01  -5.9207409e+01   4.0684286e+01
  -3.9394355e+01   9.6134832e+00   1.7179371e+01   1.0386568e+01   5.1329660e+01  -5.9064536e+01   4.5116107e+01
  -3.9465943e+01   7.1981888e+00   1.5535550e+01   1.2932910e+01   5.2880679e+01  -6.1563574e+01   4.7931259e+01
  -3.9871176e+01   3.0934165e+00   1.1750367e+01   1.3014638e+01   5.7863144e+01  -6.1617178e+01   5.2033514e+01
  -3.9489883e+01   2.4276904e+00   9.3702646e+00   1.3182750e+01   5.5146530e+01  -6.5381828e+01   5.3300406e+01
  -3.8020400e+01  -6.7624880e-01   5.2872908e+00   1.8676495e+01   5.7880533e+01  -7.2811305e+01   5.5290226e+01
  -3.5427569e+01  -2.6319149e+00   2.4436975e+00   1.4865565e+01   6.5482380e+01  -7.0678711e+01   5.5472138e+01
  -3.2570820e+01  -4.5627883e+00  -7.1645238e-01   8.5111661e+00   7.2493979e+01  -6.5561587e+01   5.2425530e+01
  -2.9030898e+01  -3.7363087e+00  -5.1503539e+00   8.6915304e-01   8.2371202e+01  -5.9795496e+01   4.6194030e+01
  -2.6025752e+01  -1.7347596e+00  -4.3554339e+00   1.1207643e+00   7.9988411e+01  -6.1482062e+01   3.6927461e+01
  -2.2951628e+01   1.5455465e+00   3.2024994e+00  -9.8442527e-01   7.4535861e+01  -5.8502204e+01   2.9768482e+01
  -2.0470265e+01   5.9463280e-01   1.1507060e+01   5.5191570e+00   7.0008025e+01  -6.0135134e+01   2.2683559e+01
  -1.7197954e+01   8.1630276e-01   1.9852255e+01   4.6147256e+00   6.5691113e+01  -5.3663451e+01   1.7044951e+01
  -1.5564088e+01   9.2586186e-01   3.0491504e+01   8.7084239e+00   5.6938306e+01  -5.4851989e+01   8.4804774e+00
  -1.0850589e+01  -5.7593806e-01   3.9998855e+01   2.2087654e+01   4.7180498e+01  -6.2627678e+01  -1.0080027e+00
  -6.1748747e+00  -3.1324572e+00   4.5631252e+01   1.9203134e+01   4.4414436e+01  -5.3174060e+01  -7.8924578e+00
  -5.1792120e-01  -6.1804884e+00   4.9341995e+01   2.3421969e+01   4.0947536e+01  -5.1123414e+01  -1.4290105e+01
   3.7778463e+00  -1.0397709e+01   5.4278594e+01   2.2362753e+01   3.6491206e+01  -4.2797529e+01  -2.1200713e+01
   1.1867902e+01  -1.9436983e+01   5.7160404e+01   2.8612132e+01   3.3172384e+01  -3.9634058e+01  -2.6776869e+01
   1.6778902e+01  -2.3736725e+01   5.9472634e+01   3.2202777e+01   2.7736233e+01  -3.7231119e+01  -3.2194660e+01
   1.8367623e+01  -2.5239547e+01   5.9507835e+01   3.5543474e+01   2.7952262e+01  -3.5031456e+01  -3.2677366e+01
   1.8648266e+01  -2.6118417e+01   6.1309857e+01   4.0616640e+01   2.5347279e+01  -3.3673028e+01  -3.4868387e+01
   1.3087739e+01  -2.1543013e+01   6.2562737e+01   4.0574641e+01   2.3584002e+01  -2.8921323e+01  -3.4954056e+01
   6.7595046e+00  -1.7570313e+01   6.2479256e+01   4.0574163e+01   2.4760988e+01  -2.5459437e+01  -2.7463048e+01
   6.3654475e+00  -1.5646746e+01   6.0056445e+01   4.2833156e+01   2.3727536e+01  -3.0358314e+01  -2.1495657e+01
   2.1107545e+00  -1.1395576e+01   6.0930645e+01   4.1700745e+01   2.2796531e+01  -3.2564884e+01  -1.9220877e+01
  -7.0766894e-01  -7.8022927e+00   5.8869504e+01   4.1936269e+01   2.3778793e+01  -3.5647940e+01  -1.5860897e+01
