  -2.6286056e+01   1.8342836e+01   4.7465404e+01   1.9711147e+01   2.6266456e+01  -4.9320256e+01   2.0428388e+01
  -2.7968464e+01   1.8589670e+01   3.9473435e+01   2.1271382e+01   4.0200632e+01  -5.1039455e+01   2.2464723e+01
  -2.6916574e+01   1.4187107e+01   3.9000000e+01   2.1999613e+01   4.1000000e+01  -5.1000000e+01   2.4624804e+01
  -2.8083585e+01   1.4497149e+01   3.9000000e+01   2.1436396e+01   4.1000000e+01  -5.1000000e+01   2.6420186e+01
  -3.0463600e+01   1.4529179e+01   3.9000000e+01   1.8224013e+01   4.1000000e+01  -5.1000000e+01   2.9511282e+01
  -3.0984417e+01   1.1090942e+01   3.9000000e+01   1.8163415e+01   4.1000000e+01  -5.1000000e+01   3.1787047e+01
  -3.5933494e+01   1.5395109e+01   3.9000000e+01   1.3546895e+01   4.1000000e+01  -5.1000000e+01   3.4126003e+01
  -3.9730475e+01   2.0674623e+01   3.9000000e+01   8.8555961e+00   4.1000000e+01  -5.1000000e+01   3.7316837e+01
  -4.2866490e+01   2.2622827e+01   3.9000000e+01   5.2042007e+00   4.1000000e+01  -5.1000000e+01   4.1268355e+01
  -4.5081015e+01   2.4202237e+01   3.9000000e+01   3.1159972e+00   4.1000000e+01  -5.1000000e+01   4.4694880e+01
  -4.8650977e+01   2.9507055e+01   3.9000000e+01   9.5613059e-02   4.1000000e+01  -5.1000000e+01   4.9938825e+01
  -5.0279437e+01   3.3468980e+01   3.9000000e+01  -1.9782374e+00   4.1000000e+01  -5.1000000e+01   5.3102274e+01
  -5.2060244e+01   3.3317376e+01   3.9000000e+01  -3.2622374e+00   4.1000000e+01  -5.1000000e+01   5.5271867e+01
  -5.4195013e+01   3.6184429e+01   3.9000000e+01  -4.6150172e+00   4.1000000e+01  -5.1000000e+01   5.9254271e+01
  -5.4015906e+01   3.6883712e+01   3.9000000e+01  -5.6022343e+00   4.1000000e+01  -5.1000000e+01   6.3923036e+01
  -5.1001442e+01   3.1620918e+01   3.9000000e+01  -5.5922294e+00   4.1000000e+01  -5.1000000e+01   6.6268319e+01
  -4.8048968e+01   3.0550604e+01   3.9000000e+01  -9.2514999e+00   4.1000000e+01  -5.1000000e+01   6.6281228e+01
  -4.5092706e+01   2.5464036e+01   3.9000000e+01  -1.5232841e+01   4.1000000e+01  -5.1000000e+01   6.3958643e+01
  -4.1838525e+01   1.9929316e+01   3.9000000e+01  -1.9024548e+01   4.1000000e+01  -5.1000000e+01   5.9221155e+01
  -3.5212663e+01   1.7023441e+01   3.9000000e+01  -1.5878724e+01   4.1000000e+01  -5.1000000e+01   5.2515079e+01
  -3.1488605e+01   1.1848597e+01   3.9000000e+01  -9.5159508e+00   4.1000000e+01  -5.1000000e+01   4.4384430e+01
  -2.4787967e+01   5.6242241e+00   3.9000000e+01  -4.7027239e+00   4.1000000e+01  -5.1000000e+01   3.3633817e+01
  -2.0587198e+01   3.6925658e+00   3.9000000e+01  -4.0775314e+00   4.1000000e+01  -5.1000000e+01   2.3964335e+01
  -1.6773660e+01   2.0419249e+00   3.9000000e+01  -4.3260756e+00   4.1000000e+01  -5.1000000e+01   1.3978955e+01
  -1.3606671e+01   3.4718244e+00   3.9000000e+01  -2.6827467e+00   4.1000000e+01  -5.1000000e+01   5.1078021e+00
  -6.3182380e+00   1.7886594e-01   3.9000000e+01   3.9965032e+00   4.1000000e+01  -5.1000000e+01  -1.1984374e+00
   5.5088081e-02  -2.9344176e+00   3.9000000e+01   9.7607143e+00   4.1000000e+01  -5.1000000e+01  -3.1065667e+00
   6.6774924e+00  -5.7432808e+00   3.9000000e+01   1.6943595e+01   4.1000000e+01  -5.1000000e+01  -6.7128167e+00
   1.2863921e+01  -1.0618338e+01   3.9000000e+01   2.6423385e+01   4.1000000e+01  -5.1000000e+01  -8.0917319e+00
   1.9264536e+01  -1.5455054e+01   3.9000000e+01   3.6426954e+01   4.1000000e+01  -5.1000000e+01  -1.0967605e+01
   2.4013864e+01  -1.8454655e+01   3.9000000e+01   4.6401394e+01   4.1000000e+01  -5.1000000e+01  -1.4004638e+01
   2.4951310e+01  -2.0151294e+01   3.9000000e+01   5.5557161e+01   4.1000000e+01  -5.1000000e+01  -1.8419407e+01
   2.3330272e+01  -2.0267303e+01   3.9000000e+01   6.4889882e+01   4.1000000e+01  -5.1000000e+01  -2.1353278e+01
   1.8073771e+01  -1.8771603e+01   3.9000000e+01   7.4696781e+01   4.1000000e+01  -5.1000000e+01  -2.1129274e+01
   1.6641367e+01  -1.8468203e+01   3.9000000e+01   7.9458019e+01   4.1000000e+01  -5.1000000e+01  -1.7613716e+01
   1.4562181e+01  -1.7033352e+01   3.9000000e+01   7.6445603e+01   4.1000000e+01  -5.1000000e+01  -1.4134252e+01
   1.0702258e+01  -1.3827519e+01   3.9000000e+01   7.1160822e+01   4.1000000e+01  -5.1000000e+01  -9.0227057e+00
   7.5982448e+00  -1.0764490e+01   3.9000000e+01   6.5839632e+01   4.1000000e+01  -5.1000000e+01  -6.1412643e+00
   3.1541015e+00  -7.1063476e+00   3.9000000e+01   5.9741645e+01   4.1000000e+01  -5.1000000e+01  -3.5187762e+00
  -8.9818907e-01  -4.7531818e+00   3.9000000e+01   5.5149892e+01   4.1000000e+01  -5.1000000e+01  -4.2778315e-02
  -4.4257933e+00  -2.0192874e+00   3.9000000e+01   5.0805311e+01   4.1000000e+01  -5.1000000e+01   1.2165361e+00
  -7.8341041e+00  -7.0688490e-02   3.9000000e+01   4.7248604e+01   4.1000000e+01  -5.1000000e+01   2.8348718e+00
  -1.0698676e+01   2.3465522e+00   3.9000000e+01   4.3710577e+01   4.1000000e+01  -5.1000000e+01   4.9365843e+00
  -1.4208438e+01   4.8066619e+00   3.9000000e+01   3.8809478e+01   4.1000000e+01  -5.1000000e+01   7.5557575e+00
  -1.7814574e+01   6.8132869e+00   3.9000000e+01   3.4540422e+01   4.1000000e+01  -5.1000000e+01   1.0086880e+01
  -2.1041834e+01   8.7475033e+00   3.9000000e+01   3.0849535e+01   4.1000000e+01  -5.1000000e+01   1.3187160e+01
  -2.5270921e+01   9.7471929e+00   3.9000000e+01   2.7481277e+01   4.1000000e+01  -5.1000000e+01   1.4868306e+01
  -2.7735334e+01   9.8923592e+00   3.9000000e+01   2.5288012e+01   4.1000000e+01  -5.1000000e+01   1.8435091e+01
  -3.0954197e+01   1.1428884e+01   3.9000000e+01   2.2672924e+01   4.1000000e+01  -5.1000000e+01   2.1654427e+01
  -3.3858832e+01   1.2567647e+01   3.9000000e+01   1.9350889e+01   4.1000000e+01  -5.1000000e+01   2.6389982e+01
  -3.7630357e+01   1.5823772e+01   3.9000000e+01   1.5999523e+01   4.1000000e+01  -5.1000000e+01   2.9619467e+01
  -4.0932921e+01   1.8433725e+01   3.9000000e+01   1.2180185e+01   4.1000000e+01  -5.1000000e+01   3.3630080e+01
  -4.4399088e+01   2.2187951e+01   3.9000000e+01   8.4959195e+00   4.1000000e+01  -5.1000000e+01   3.8012606e+01
  -4.6767394e+01   2.5614059e+01   3.9000000e+01   5.2046405e+00   4.1000000e+01  -5.1000000e+01   4.2018249e+01
  -4.9886174e+01   2.8367451e+01   3.9000000e+01   3.5590722e+00   4.1000000e+01  -5.1000000e+01   4.6702819e+01
  -5.1287252e+01   3.2503304e+01   3.9000000e+01   7.4884543e-01   4.1000000e+01  -5.1000000e+01   5.0201632e+01
  -5.1393695e+01   3.6371667e+01   3.9000000e+01  -9.5682566e-01   4.1000000e+01  -5.1000000e+01   5.5209232e+01
  -5.1701950e+01   3.7866478e+01   3.9000000e+01  -2.1242763e+00   4.1000000e+01  -5.1000000e+01   5.9290347e+01
  -5.1147205e+01   3.5557095e+01   3.9000000e+01  -3.8735555e+00   4.1000000e+01  -5.1000000e+01   6.2378908e+01
  -4.7884738e+01   3.0186380e+01   3.9000000e+01  -6.1821906e+00   4.1000000e+01  -5.1000000e+01   6.1026413e+01
  -4.4773421e+01   2.5925425e+01   3.9000000e+01  -1.0684801e+01   4.1000000e+01  -5.1000000e+01   5.8806440e+01
  -4.3059131e+01   2.2871188e+01   3.9000000e+01  -1.4223830e+01   4.1000000e+01  -5.1000000e+01   5.8183612e+01
  -3.9976058e+01   1.8076940e+01   3.9000000e+01  -1.2364365e+01   4.1000000e+01  -5.1000000e+01   5.4492672e+01
  -3.5951629e+01   1.3815224e+01   3.9000000e+01  -8.7760474e+00   4.1000000e+01  -5.1000000e+01   5.1352598e+01
  -3.0123178e+01   8.5702074e+00   3.9000000e+01  -7.4580941e+00   4.1000000e+01  -5.1000000e+01   4.1891865e+01
  -2.3885962e+01   8.5278146e+00   3.9000000e+01  -1.2143717e+01   4.1000000e+01  -5.1000000e+01   3.3720571e+01
  -2.0094580e+01   6.9073014e+00   3.9000000e+01  -1.6215413e+01   4.1000000e+01  -5.1000000e+01   2.4543480e+01
  -1.5712192e+01   6.0559704e+00   3.9000000e+01  -1.6747460e+01   4.1000000e+01  -5.1000000e+01   1.6116069e+01
  -1.3658143e+01   2.8922726e+00   3.9000000e+01  -1.3353892e+01   4.1000000e+01  -5.1000000e+01   6.8958256e+00
  -8.3842409e+00   7.7017239e-02   3.9000000e+01  -3.6309590e+00   4.1000000e+01  -5.1000000e+01  -2.8876732e+00
  -3.0961548e-01  -2.1132336e+00   3.9000000e+01   3.7906816e+00   4.1000000e+01  -5.1000000e+01  -5.0959621e+00
   7.9517076e+00  -7.8000749e+00   3.9000000e+01   1.3030582e+01   4.1000000e+01  -5.1000000e+01  -7.0438889e+00
   1.5049359e+01  -1.1477351e+01   3.9000000e+01   2.2320476e+01   4.1000000e+01  -5.1000000e+01  -7.4112063e+00
   2.2184069e+01  -1.6517851e+01   3.9000000e+01   3.2738168e+01   4.1000000e+01  -5.1000000e+01  -9.9750141e+00
   2.6828927e+01  -1.9953789e+01   3.9000000e+01   4.3129404e+01   4.1000000e+01  -5.1000000e+01  -1.3297200e+01
   2.9289954e+01  -2.1466283e+01   3.9000000e+01   5.3464884e+01   4.1000000e+01  -5.1000000e+01  -1.7673419e+01
   2.9837300e+01  -2.4687983e+01   3.9000000e+01   6.3498819e+01   4.1000000e+01  -5.1000000e+01  -2.1811212e+01
   2.8150719e+01  -2.4574888e+01   3.9000000e+01   7.3733185e+01   4.1000000e+01  -5.1000000e+01  -2.4175739e+01
   1.5856222e+01  -2.5229797e+01   3.9000000e+01   7.5963822e+01   4.1000000e+01  -5.1000000e+01  -1.9021911e+01
   2.1159339e+01  -2.2629032e+01   3.9000000e+01   8.1971573e+01   4.1000000e+01  -5.1000000e+01  -1.8118991e+01
   1.9744954e+01  -2.1496481e+01   3.9000000e+01   7.9328287e+01   4.1000000e+01  -5.1000000e+01  -1.3754664e+01
   1.6757788e+01  -1.8175260e+01   3.9000000e+01   7.5060230e+01   4.1000000e+01  -5.1000000e+01  -9.1856118e+00
   1.3766321e+01  -1.5932595e+01   3.9000000e+01   7.1477818e+01   4.1000000e+01  -5.1000000e+01  -5.7059257e+00
   1.0429072e+01  -1.2415076e+01   3.9000000e+01   6.7427848e+01   4.1000000e+01  -5.1000000e+01  -2.8563774e+00
   6.4804498e+00  -8.0756098e+00   3.9000000e+01   6.2513074e+01   4.1000000e+01  -5.1000000e+01  -3.4777917e-01
   2.8262760e+00  -4.1687602e+00   3.9000000e+01   5.6758756e+01   4.1000000e+01  -5.1000000e+01   2.0151439e+00
  -5.2755740e-01  -3.7811950e-01   3.9000000e+01   5.1968581e+01   4.1000000e+01  -5.1000000e+01   2.9622435e+00
  -3.1720551e+00   1.7257536e+00   3.9000000e+01   4.8714263e+01   4.1000000e+01  -5.1000000e+01   3.9742273e+00
  -4.5737797e+00   2.1348256e+00   3.9000000e+01   4.6887665e+01   4.1000000e+01  -5.1000000e+01   4.7083030e+00
  -5.0577887e+00   1.8284625e+00   3.9000000e+01   4.6864025e+01   4.1000000e+01  -5.1000000e+01   4.3277694e+00
  -6.3200248e+00   3.2067759e+00   3.9000000e+01   4.5449030e+01   4.1000000e+01  -5.1000000e+01   4.9178015e+00
  -6.8429944e+00   3.7446108e+00   3.9000000e+01   4.5395150e+01   4.1000000e+01  -5.1000000e+01   4.3646924e+00
  -8.0360756e+00   5.0970358e+00   3.9000000e+01   4.3942197e+01   4.1000000e+01  -5.1000000e+01   4.4036911e+00
  -8.5913282e+00   4.9752717e+00   3.9000000e+01   4.2622878e+01   4.1000000e+01  -5.1000000e+01   7.6750975e+00
  -1.0567696e+01   6.5980271e+00   3.9000000e+01   3.9280237e+01   4.1000000e+01  -5.1000000e+01   1.0345614e+01
  -1.1812604e+01   5.8324868e+00   3.9000000e+01   3.7682741e+01   4.1000000e+01  -5.1000000e+01   1.2672431e+01
  -1.3837483e+01   7.8499520e+00   3.9000000e+01   3.5425077e+01   4.1000000e+01  -5.1000000e+01   1.4253971e+01
  -1.6503844e+01   9.3064082e+00   3.9000000e+01   3.1966287e+01   4.1000000e+01  -5.1000000e+01   1.7586760e+01
  -1.8062973e+01   9.8832255e+00   3.9000000e+01   2.9915353e+01   4.1000000e+01  -5.1000000e+01   1.9587011e+01
  -1.9260042e+01   9.4326812e+00   3.9000000e+01   2.7735790e+01   4.1000000e+01  -5.1000000e+01   2.3897952e+01
  -2.1775751e+01   1.0344760e+01   3.9000000e+01   2.3778001e+01   4.1000000e+01  -5.1000000e+01   2.7557101e+01
  -2.2908325e+01   1.1468427e+01   3.9000000e+01   2.0436688e+01   4.1000000e+01  -5.1000000e+01   3.0774584e+01
  -2.5933708e+01   1.3260156e+01   3.9000000e+01   1.6447641e+01   4.1000000e+01  -5.1000000e+01   3.4465900e+01
  -2.9444547e+01   1.5901873e+01   3.9000000e+01   1.1307991e+01   4.1000000e+01  -5.1000000e+01   3.6351589e+01
  -3.2471236e+01   1.6003086e+01   3.9000000e+01   9.2151818e+00   4.1000000e+01  -5.1000000e+01   4.1472268e+01
  -3.5485747e+01   1.7907020e+01   3.9000000e+01   4.9374154e+00   4.1000000e+01  -5.1000000e+01   4.4749974e+01
  -3.8476621e+01   2.0119586e+01   3.9000000e+01   9.8580281e-01   4.1000000e+01  -5.1000000e+01   4.7864914e+01
  -4.1571339e+01   2.3219959e+01   3.9000000e+01  -2.8882496e+00   4.1000000e+01  -5.1000000e+01   5.1582011e+01
  -4.1439739e+01   2.4708588e+01   3.9000000e+01  -6.2750811e+00   4.1000000e+01  -5.1000000e+01   5.5614103e+01
  -3.9481250e+01   2.2656463e+01   3.9000000e+01  -1.1224509e+01   4.1000000e+01  -5.1000000e+01   5.8590116e+01
  -3.3713048e+01   1.7647913e+01   3.9000000e+01  -1.4751918e+01   4.1000000e+01  -5.1000000e+01   5.7770081e+01
  -2.8225040e+01   1.5716145e+01   3.9000000e+01  -1.7077144e+01   4.1000000e+01  -5.1000000e+01   5.3278120e+01
  -2.2410828e+01   1.3719920e+01   3.9000000e+01  -1.4423685e+01   4.1000000e+01  -5.1000000e+01   4.8672449e+01
  -1.8967754e+01   1.2544754e+01   3.9000000e+01  -1.5542395e+01   4.1000000e+01  -5.1000000e+01   4.2819134e+01
  -1.5760258e+01   8.1366686e+00   3.9000000e+01  -9.1317394e+00   4.1000000e+01  -5.1000000e+01   3.5437960e+01
  -1.2296564e+01   2.0236555e+00   3.9000000e+01  -1.1333746e+00   4.1000000e+01  -5.1000000e+01   2.8271961e+01
  -4.5760033e+00   2.6819065e-01   3.9000000e+01  -6.2701504e+00   4.1000000e+01  -5.1000000e+01   1.9816377e+01
  -6.4580629e-01   3.4828391e+00   3.9000000e+01  -1.4297026e+01   4.1000000e+01  -5.1000000e+01   1.1062343e+01
   8.5800206e-01   5.9992996e+00   3.9000000e+01  -2.0668920e+01   4.1000000e+01  -5.1000000e+01   1.7648028e+00
   2.6970284e+00   4.4400700e+00   3.9000000e+01  -2.0879065e+01   4.1000000e+01  -5.1000000e+01  -5.9247560e+00
   8.4861461e+00  -2.2837567e+00   3.9000000e+01  -1.3303430e+01   4.1000000e+01  -5.1000000e+01  -1.1290774e+01
   1.1598877e+01  -7.4917725e+00   3.9000000e+01  -3.8703380e+00   4.1000000e+01  -5.1000000e+01  -1.2137556e+01
   1.7301462e+01  -1.1078494e+01   3.9000000e+01   5.8227063e+00   4.1000000e+01  -5.1000000e+01  -1.2703809e+01
   2.2609343e+01  -1.4013498e+01   3.9000000e+01   1.7664019e+01   4.1000000e+01  -5.1000000e+01  -9.9478910e+00
   2.5823754e+01  -1.8232611e+01   3.9000000e+01   2.9635125e+01   4.1000000e+01  -5.1000000e+01  -1.2830065e+01
   2.5967178e+01  -1.9143742e+01   3.9000000e+01   4.1841976e+01   4.1000000e+01  -5.1000000e+01  -1.8532235e+01
   2.4654658e+01  -1.6801122e+01   3.9000000e+01   5.4030930e+01   4.1000000e+01  -5.1000000e+01  -2.1995101e+01
   1.9510348e+01  -1.3814557e+01   3.9000000e+01   6.6118982e+01   4.1000000e+01  -5.1000000e+01  -2.1881273e+01
   1.7503740e+01  -1.6580727e+01   3.9000000e+01   7.6740970e+01   4.1000000e+01  -5.1000000e+01  -2.0995307e+01
   1.8930058e+01  -1.9455701e+01   3.9000000e+01   7.9480104e+01   4.1000000e+01  -5.1000000e+01  -1.8508877e+01
   1.8184592e+01  -1.9748418e+01   3.9000000e+01   7.8343265e+01   4.1000000e+01  -5.1000000e+01  -1.5361707e+01
   1.6062650e+01  -1.7210103e+01   3.9000000e+01   7.4584952e+01   4.1000000e+01  -5.1000000e+01  -1.1072119e+01
   1.4444334e+01  -1.7783270e+01   3.9000000e+01   7.1559396e+01   4.1000000e+01  -5.1000000e+01  -6.2298495e+00
   1.2122931e+01  -1.5336319e+01   3.9000000e+01   6.7377161e+01   4.1000000e+01  -5.1000000e+01  -2.1836543e+00
   8.9537683e+00  -1.3281436e+01   3.9000000e+01   6.3467655e+01   4.1000000e+01  -5.1000000e+01   1.1503081e+00
   6.3224606e+00  -9.9629811e+00   3.9000000e+01   5.8756794e+01   4.1000000e+01  -5.1000000e+01   4.6112009e+00
   1.2655971e+00  -4.1646079e+00   3.9000000e+01   5.1844569e+01   4.1000000e+01  -5.1000000e+01   7.4331132e+00
  -3.9965968e+00  -4.2324784e-02   3.9000000e+01   4.5369225e+01   4.1000000e+01  -5.1000000e+01   1.1544845e+01
  -8.5003005e+00   5.6679932e+00   3.9000000e+01   3.9439105e+01   4.1000000e+01  -5.1000000e+01   1.2774521e+01
  -1.2607021e+01   8.5024819e+00   3.9000000e+01   3.3741565e+01   4.1000000e+01  -5.1000000e+01   1.6822042e+01
  -1.5531734e+01   1.0123349e+01   3.9000000e+01   2.9248609e+01   4.1000000e+01  -5.1000000e+01   2.0551626e+01
  -1.9119728e+01   1.0939795e+01   3.9000000e+01   2.5680603e+01   4.1000000e+01  -5.1000000e+01   2.4024300e+01
  -2.3330948e+01   1.0839665e+01   3.9000000e+01   2.1601393e+01   4.1000000e+01  -5.1000000e+01   2.8547251e+01
  -2.6747096e+01   1.3258243e+01   3.9000000e+01   1.8262018e+01   4.1000000e+01  -5.1000000e+01   3.2162796e+01
  -3.0562619e+01   1.8084928e+01   3.9000000e+01   1.3931181e+01   4.1000000e+01  -5.1000000e+01   3.5378120e+01
  -3.4529128e+01   1.8427325e+01   3.9000000e+01   9.6706821e+00   4.1000000e+01  -5.1000000e+01   3.8835691e+01
  -3.9315140e+01   2.1380040e+01   3.9000000e+01   4.7408321e+00   4.1000000e+01  -5.1000000e+01   4.3053849e+01
  -4.1835653e+01   2.4217978e+01   3.9000000e+01   2.0531989e+00   4.1000000e+01  -5.1000000e+01   4.6283419e+01
  -4.4862454e+01   2.6978880e+01   3.9000000e+01  -5.1445171e-01   4.1000000e+01  -5.1000000e+01   4.9548914e+01
  -4.7672273e+01   2.9520183e+01   3.9000000e+01  -2.6501365e+00   4.1000000e+01  -5.1000000e+01   5.2681627e+01
  -4.8849375e+01   3.3145464e+01   3.9000000e+01  -4.1797282e+00   4.1000000e+01  -5.1000000e+01   5.5641959e+01
  -4.9607819e+01   3.7135304e+01   3.9000000e+01  -6.4194403e+00   4.1000000e+01  -5.1000000e+01   5.9559276e+01
  -5.0226689e+01   3.6499332e+01   3.9000000e+01  -7.7963535e+00   4.1000000e+01  -5.1000000e+01   6.1814886e+01
  -4.9654977e+01   3.4448284e+01   3.9000000e+01  -8.1799522e+00   4.1000000e+01  -5.1000000e+01   6.4688565e+01
  -4.6621109e+01   3.0496342e+01   3.9000000e+01  -8.0676279e+00   4.1000000e+01  -5.1000000e+01   6.5985750e+01
  -4.2947249e+01   2.4066421e+01   3.9000000e+01  -1.3741224e+01   4.1000000e+01  -5.1000000e+01   6.2190145e+01
  -3.7229162e+01   2.0341783e+01   3.9000000e+01  -1.5980778e+01   4.1000000e+01  -5.1000000e+01   5.7268848e+01
  -3.1953953e+01   1.7643216e+01   3.9000000e+01  -1.7289954e+01   4.1000000e+01  -5.1000000e+01   5.1367296e+01
  -2.8293869e+01   1.5312654e+01   3.9000000e+01  -1.5198145e+01   4.1000000e+01  -5.1000000e+01   4.4654826e+01
  -2.3016138e+01   1.0328189e+01   3.9000000e+01  -1.3072575e+01   4.1000000e+01  -5.1000000e+01   3.4950557e+01
  -1.7880386e+01   6.6252853e+00   3.9000000e+01  -1.4317688e+01   4.1000000e+01  -5.1000000e+01   2.7037677e+01
  -1.1355097e+01   6.4941981e+00   3.9000000e+01  -1.9051299e+01   4.1000000e+01  -5.1000000e+01   1.6874024e+01
  -7.6120959e+00   9.4782566e+00   3.9000000e+01  -2.1354205e+01   4.1000000e+01  -5.1000000e+01   5.9207678e+00
  -6.5348493e+00   5.4973559e+00   3.9000000e+01  -1.7167048e+01   4.1000000e+01  -5.1000000e+01  -4.0626859e+00
  -1.6407356e+00  -1.6056247e+00   3.9000000e+01  -8.6012924e+00   4.1000000e+01  -5.1000000e+01  -9.8775476e+00
   2.8298921e+00  -5.7882620e+00   3.9000000e+01  -7.9391386e-01   4.1000000e+01  -5.1000000e+01  -1.5358577e+01
   8.8039044e+00  -9.3371081e+00   3.9000000e+01   6.9803170e+00   4.1000000e+01  -5.1000000e+01  -1.6979929e+01
   1.6651827e+01  -1.3213081e+01   3.9000000e+01   1.6788629e+01   4.1000000e+01  -5.1000000e+01  -1.5992079e+01
   2.2787080e+01  -1.7329876e+01   3.9000000e+01   2.8007743e+01   4.1000000e+01  -5.1000000e+01  -1.5916043e+01
   2.6051603e+01  -2.0355056e+01   3.9000000e+01   3.9601402e+01   4.1000000e+01  -5.1000000e+01  -1.9767585e+01
   2.7875466e+01  -2.3305075e+01   3.9000000e+01   5.1033330e+01   4.1000000e+01  -5.1000000e+01  -2.4280405e+01
   2.7186349e+01  -2.2037182e+01   3.9000000e+01   6.3035481e+01   4.1000000e+01  -5.1000000e+01  -2.6798353e+01
   2.2900704e+01  -2.0040242e+01   3.9000000e+01   7.4776482e+01   4.1000000e+01  -5.1000000e+01  -2.1848354e+01
   2.2455207e+01  -2.3868147e+01   3.9000000e+01   8.3397896e+01   4.1000000e+01  -5.1000000e+01  -1.8806301e+01
   2.2816126e+01  -2.5662188e+01   3.9000000e+01   8.4231229e+01   4.1000000e+01  -5.1000000e+01  -1.5250897e+01
   2.1568816e+01  -2.5550792e+01   3.9000000e+01   8.2005459e+01   4.1000000e+01  -5.1000000e+01  -1.0772601e+01
   2.0269363e+01  -2.4353332e+01   3.9000000e+01   7.9114088e+01   4.1000000e+01  -5.1000000e+01  -5.9418124e+00
   1.8374652e+01  -2.2488227e+01   3.9000000e+01   7.6690204e+01   4.1000000e+01  -5.1000000e+01  -4.0435037e+00
   1.6044470e+01  -1.9968569e+01   3.9000000e+01   7.3342543e+01   4.1000000e+01  -5.1000000e+01  -9.4444601e-01
   1.3624240e+01  -1.7769192e+01   3.9000000e+01   6.9753109e+01   4.1000000e+01  -5.1000000e+01   2.9209125e+00
   1.0766788e+01  -1.4804318e+01   3.9000000e+01   6.5782052e+01   4.1000000e+01  -5.1000000e+01   6.7989639e+00
   7.4869727e+00  -1.1778031e+01   3.9000000e+01   6.0949974e+01   4.1000000e+01  -5.1000000e+01   9.1194164e+00
   3.7898705e+00  -6.5479243e+00   3.9000000e+01   5.4684431e+01   4.1000000e+01  -5.1000000e+01   1.0180932e+01
   2.1148614e+00  -4.6077600e+00   3.9000000e+01   5.1070338e+01   4.1000000e+01  -5.1000000e+01   1.3291000e+01
  -2.4613784e+00   1.0228320e+00   3.9000000e+01   4.5682302e+01   4.1000000e+01  -5.1000000e+01   1.4998219e+01
  -5.6810439e+00   3.3350734e+00   3.9000000e+01   4.1984702e+01   4.1000000e+01  -5.1000000e+01   1.6431020e+01
  -7.6717914e+00   5.4625908e+00   3.9000000e+01   3.8603005e+01   4.1000000e+01  -5.1000000e+01   1.9015467e+01
  -9.7408419e+00   6.0879379e+00   3.9000000e+01   3.5310941e+01   4.1000000e+01  -5.1000000e+01   2.2155019e+01
  -1.2638732e+01   7.7085904e+00   3.9000000e+01   3.1516776e+01   4.1000000e+01  -5.1000000e+01   2.4376785e+01
  -1.5612357e+01   1.0493808e+01   3.9000000e+01   2.7327619e+01   4.1000000e+01  -5.1000000e+01   2.7273447e+01
  -1.8975216e+01   1.3094857e+01   3.9000000e+01   2.3320208e+01   4.1000000e+01  -5.1000000e+01   3.0010577e+01
  -2.3110071e+01   1.4269292e+01   3.9000000e+01   1.8913127e+01   4.1000000e+01  -5.1000000e+01   3.0560955e+01
  -2.5324372e+01   1.4499089e+01   3.9000000e+01   1.7430112e+01   4.1000000e+01  -5.1000000e+01   3.3134594e+01
  -2.8368835e+01   1.4673105e+01   3.9000000e+01   1.4766905e+01   4.1000000e+01  -5.1000000e+01   3.5354896e+01
  -3.0880243e+01   1.6758472e+01   3.9000000e+01   1.0926388e+01   4.1000000e+01  -5.1000000e+01   3.9328431e+01
  -3.5107752e+01   2.0311116e+01   3.9000000e+01   5.8305163e+00   4.1000000e+01  -5.1000000e+01   4.1328072e+01
  -3.8753907e+01   2.1479795e+01   3.9000000e+01   2.0261854e+00   4.1000000e+01  -5.1000000e+01   4.4664728e+01
  -4.1154065e+01   2.4503526e+01   3.9000000e+01  -1.0932684e+00   4.1000000e+01  -5.1000000e+01   4.7121057e+01
  -4.2245718e+01   2.6829157e+01   3.9000000e+01  -3.2622080e+00   4.1000000e+01  -5.1000000e+01   4.9888849e+01
  -4.3784038e+01   2.7464877e+01   3.9000000e+01  -4.8270216e+00   4.1000000e+01  -5.1000000e+01   5.2280260e+01
  -4.4980100e+01   2.6942939e+01   3.9000000e+01  -5.1778598e+00   4.1000000e+01  -5.1000000e+01   5.6449772e+01
  -4.4245268e+01   2.6753232e+01   3.9000000e+01  -6.6071648e+00   4.1000000e+01  -5.1000000e+01   5.9193615e+01
  -4.3275266e+01   2.4579643e+01   3.9000000e+01  -1.0753189e+01   4.1000000e+01  -5.1000000e+01   6.1491608e+01
  -3.6475164e+01   2.1536528e+01   3.9000000e+01  -1.4358198e+01   4.1000000e+01  -5.1000000e+01   6.1375056e+01
  -3.1681081e+01   1.7734482e+01   3.9000000e+01  -1.5513884e+01   4.1000000e+01  -5.1000000e+01   5.5179205e+01
  -2.4137555e+01   1.7201351e+01   3.9000000e+01  -1.9317689e+01   4.1000000e+01  -5.1000000e+01   4.5714443e+01
  -1.9196479e+01   1.2738878e+01   3.9000000e+01  -2.0119874e+01   4.1000000e+01  -5.1000000e+01   3.7701340e+01
  -1.4423519e+01   8.2684879e+00   3.9000000e+01  -1.5378438e+01   4.1000000e+01  -5.1000000e+01   2.7728865e+01
  -9.4846199e+00   5.5601225e+00   3.9000000e+01  -9.6245386e+00   4.1000000e+01  -5.1000000e+01   1.6374860e+01
  -3.8744664e+00   2.8612603e+00   3.9000000e+01  -2.3977751e+00   4.1000000e+01  -5.1000000e+01   6.3705827e+00
   2.3175412e+00   1.0506255e-01   3.9000000e+01   3.8506106e+00   4.1000000e+01  -5.1000000e+01   9.4674560e-01
   9.3167527e+00  -7.9078538e+00   3.9000000e+01   1.1677040e+01   4.1000000e+01  -5.1000000e+01  -5.2389963e+00
   1.6575280e+01  -1.3077647e+01   3.9000000e+01   1.9660416e+01   4.1000000e+01  -5.1000000e+01  -8.7599624e+00
   2.3902311e+01  -1.6939611e+01   3.9000000e+01   2.6087253e+01   4.1000000e+01  -5.1000000e+01  -1.3232934e+01
   2.8601061e+01  -2.3040882e+01   3.9000000e+01   3.4149318e+01   4.1000000e+01  -5.1000000e+01  -1.6612385e+01
   3.3209643e+01  -2.7578828e+01   3.9000000e+01   4.2162691e+01   4.1000000e+01  -5.1000000e+01  -2.2241178e+01
   3.5694170e+01  -2.9397972e+01   3.9000000e+01   4.8503325e+01   4.1000000e+01  -5.1000000e+01  -2.7136828e+01
   3.7940034e+01  -2.9725169e+01   3.9000000e+01   5.3712513e+01   4.1000000e+01  -5.1000000e+01  -3.1125349e+01
   3.9889382e+01  -3.3777051e+01   3.9000000e+01   6.1110960e+01   4.1000000e+01  -5.1000000e+01  -3.4222816e+01
   3.9539289e+01  -3.4460669e+01   3.9000000e+01   6.6076071e+01   4.1000000e+01  -5.1000000e+01  -3.7735476e+01
   3.7061971e+01  -3.2913295e+01   3.9000000e+01   7.4791050e+01   4.1000000e+01  -5.1000000e+01  -4.0220984e+01
   3.4556533e+01  -3.1648263e+01   3.9000000e+01   8.6041700e+01   4.1000000e+01  -5.1000000e+01  -3.9471207e+01
   2.9157451e+01  -2.7472563e+01   3.9000000e+01   9.4556279e+01   4.1000000e+01  -5.1000000e+01  -3.3700133e+01
   2.8813975e+01  -2.7630121e+01   3.9000000e+01   9.3363123e+01   4.1000000e+01  -5.1000000e+01  -2.8317522e+01
   2.6690233e+01  -2.5535818e+01   3.9000000e+01   8.8957322e+01   4.1000000e+01  -5.1000000e+01  -2.2868930e+01
   2.4525736e+01  -2.3744510e+01   3.9000000e+01   8.5845893e+01   4.1000000e+01  -5.1000000e+01  -1.8010632e+01
   2.2412860e+01  -2.2124652e+01   3.9000000e+01   8.2813536e+01   4.1000000e+01  -5.1000000e+01  -1.2441950e+01
   1.9980729e+01  -1.9260234e+01   3.9000000e+01   7.9011088e+01   4.1000000e+01  -5.1000000e+01  -8.3780230e+00
   1.8006645e+01  -1.8211663e+01   3.9000000e+01   7.5782416e+01   4.1000000e+01  -5.1000000e+01  -4.1391674e+00
   1.5289650e+01  -1.6491388e+01   3.9000000e+01   7.3292923e+01   4.1000000e+01  -5.1000000e+01  -1.2062898e+00
   1.1102241e+01  -1.0353617e+01   3.9000000e+01   6.6509123e+01   4.1000000e+01  -5.1000000e+01   3.8528175e+00
   6.7370397e+00  -6.4269433e+00   3.9000000e+01   6.0122683e+01   4.1000000e+01  -5.1000000e+01   6.9359074e+00
   2.6945423e+00  -3.0341983e-01   3.9000000e+01   5.3484015e+01   4.1000000e+01  -5.1000000e+01   9.5476990e+00
  -1.5521841e+00   1.5204980e+00   3.9000000e+01   4.8662494e+01   4.1000000e+01  -5.1000000e+01   1.2582499e+01
  -4.5760368e+00   4.5216544e+00   3.9000000e+01   4.3960529e+01   4.1000000e+01  -5.1000000e+01   1.4676583e+01
  -6.0431370e+00   3.7627304e+00   3.9000000e+01   4.2418130e+01   4.1000000e+01  -5.1000000e+01   1.7295992e+01
  -8.0857012e+00   7.5343425e+00   3.9000000e+01   3.7031319e+01   4.1000000e+01  -5.1000000e+01   2.0986493e+01
  -1.1085790e+01   8.3855424e+00   3.9000000e+01   3.3207931e+01   4.1000000e+01  -5.1000000e+01   2.3366023e+01
  -1.4442489e+01   1.0848953e+01   3.9000000e+01   2.7738492e+01   4.1000000e+01  -5.1000000e+01   2.6648290e+01
  -1.7226228e+01   1.2877458e+01   3.9000000e+01   2.3835432e+01   4.1000000e+01  -5.1000000e+01   2.9124572e+01
  -2.0976530e+01   1.0461197e+01   3.9000000e+01   2.0865219e+01   4.1000000e+01  -5.1000000e+01   3.1653312e+01
  -2.4204049e+01   1.2977539e+01   3.9000000e+01   1.5904584e+01   4.1000000e+01  -5.1000000e+01   3.5080145e+01
  -2.7220853e+01   1.4526255e+01   3.9000000e+01   1.1998077e+01   4.1000000e+01  -5.1000000e+01   3.7893208e+01
  -3.0601063e+01   1.7821622e+01   3.9000000e+01   8.0771325e+00   4.1000000e+01  -5.1000000e+01   3.9909575e+01
  -3.3798458e+01   2.0559532e+01   3.9000000e+01   3.0555856e+00   4.1000000e+01  -5.1000000e+01   4.3094121e+01
  -3.7738020e+01   2.1456632e+01   3.9000000e+01  -1.5537901e+00   4.1000000e+01  -5.1000000e+01   4.7798683e+01
  -4.0631248e+01   2.4099570e+01   3.9000000e+01  -5.3237618e+00   4.1000000e+01  -5.1000000e+01   4.9565711e+01
  -4.0280717e+01   2.4454783e+01   3.9000000e+01  -8.0117404e+00   4.1000000e+01  -5.1000000e+01   5.3475532e+01
  -3.6668476e+01   2.0144408e+01   3.9000000e+01  -8.9982316e+00   4.1000000e+01  -5.1000000e+01   5.5053668e+01
  -3.4050757e+01   1.9258999e+01   3.9000000e+01  -1.3481580e+01   4.1000000e+01  -5.1000000e+01   5.4520250e+01
  -2.9901124e+01   1.7881936e+01   3.9000000e+01  -1.8015891e+01   4.1000000e+01  -5.1000000e+01   5.0834881e+01
  -2.4574666e+01   1.7146928e+01   3.9000000e+01  -1.6381715e+01   4.1000000e+01  -5.1000000e+01   4.4796045e+01
  -2.0237559e+01   1.3902548e+01   3.9000000e+01  -1.6497023e+01   4.1000000e+01  -5.1000000e+01   3.6213272e+01
  -1.6921957e+01   1.0967159e+01   3.9000000e+01  -1.2806854e+01   4.1000000e+01  -5.1000000e+01   2.6515583e+01
  -1.0936209e+01   8.0386932e+00   3.9000000e+01  -6.9515189e+00   4.1000000e+01  -5.1000000e+01   1.5560520e+01
  -7.0605515e+00   4.4157385e+00   3.9000000e+01  -4.7075131e-01   4.1000000e+01  -5.1000000e+01   5.8729642e+00
  -1.6725269e+00   5.6378927e-01   3.9000000e+01   6.5390837e+00   4.1000000e+01  -5.1000000e+01  -2.7440296e-01
   4.7534193e+00  -3.8533258e+00   3.9000000e+01   1.3707142e+01   4.1000000e+01  -5.1000000e+01  -3.7033849e+00
   1.1845992e+01  -9.4131139e+00   3.9000000e+01   2.2242501e+01   4.1000000e+01  -5.1000000e+01  -7.6486011e+00
   1.8762046e+01  -1.6307504e+01   3.9000000e+01   3.0890006e+01   4.1000000e+01  -5.1000000e+01  -1.1827117e+01
   2.3182737e+01  -2.3881959e+01   3.9000000e+01   3.8960579e+01   4.1000000e+01  -5.1000000e+01  -1.6821037e+01
   2.7422256e+01  -2.8126956e+01   3.9000000e+01   4.6141547e+01   4.1000000e+01  -5.1000000e+01  -2.1058081e+01
   2.9841923e+01  -3.1272926e+01   3.9000000e+01   5.2632072e+01   4.1000000e+01  -5.1000000e+01  -2.5651797e+01
   3.2006650e+01  -3.2860418e+01   3.9000000e+01   5.9360499e+01   4.1000000e+01  -5.1000000e+01  -2.9664301e+01
   3.3182562e+01  -3.3172577e+01   3.9000000e+01   6.5453255e+01   4.1000000e+01  -5.1000000e+01  -3.0899233e+01
   3.0668352e+01  -3.1773116e+01   3.9000000e+01   7.3020665e+01   4.1000000e+01  -5.1000000e+01  -3.4213337e+01
   2.7709646e+01  -2.9309625e+01   3.9000000e+01   8.1449141e+01   4.1000000e+01  -5.1000000e+01  -3.1760542e+01
   2.3830703e+01  -2.8243335e+01   3.9000000e+01   8.7962368e+01   4.1000000e+01  -5.1000000e+01  -2.5387504e+01
   2.3136421e+01  -2.8771017e+01   3.9000000e+01   8.7168965e+01   4.1000000e+01  -5.1000000e+01  -1.9716805e+01
   2.1201383e+01  -2.7597406e+01   3.9000000e+01   8.4198195e+01   4.1000000e+01  -5.1000000e+01  -1.3640147e+01
   1.9530590e+01  -2.5839566e+01   3.9000000e+01   8.1570098e+01   4.1000000e+01  -5.1000000e+01  -9.3444704e+00
   1.6835531e+01  -2.1133787e+01   3.9000000e+01   7.7242458e+01   4.1000000e+01  -5.1000000e+01  -5.4312662e+00
   1.4101444e+01  -1.9765761e+01   3.9000000e+01   7.3276654e+01   4.1000000e+01  -5.1000000e+01  -1.5689244e+00
   1.1518625e+01  -1.6749666e+01   3.9000000e+01   6.8855154e+01   4.1000000e+01  -5.1000000e+01   2.0792776e+00
   8.1330868e+00  -1.3474692e+01   3.9000000e+01   6.3995835e+01   4.1000000e+01  -5.1000000e+01   4.6855349e+00
   3.9003254e+00  -8.9622860e+00   3.9000000e+01   5.7584290e+01   4.1000000e+01  -5.1000000e+01   7.4417416e+00
  -6.9178021e-01  -4.7198993e+00   3.9000000e+01   5.0666804e+01   4.1000000e+01  -5.1000000e+01   1.2087269e+01
  -5.4368938e+00  -1.7276659e+00   3.9000000e+01   4.5303791e+01   4.1000000e+01  -5.1000000e+01   1.3998478e+01
  -7.5793435e+00   8.7068084e-01   3.9000000e+01   4.1542927e+01   4.1000000e+01  -5.1000000e+01   1.7090548e+01
  -1.3826655e+01   5.5541299e+00   3.9000000e+01   3.3458496e+01   4.1000000e+01  -5.1000000e+01   2.1468150e+01
  -1.7621876e+01   1.0406488e+01   3.9000000e+01   2.9530972e+01   4.1000000e+01  -5.1000000e+01   2.3222946e+01
  -2.1680540e+01   1.2662832e+01   3.9000000e+01   2.4357118e+01   4.1000000e+01  -5.1000000e+01   2.6424258e+01
  -2.3785773e+01   9.8150750e+00   3.9000000e+01   2.2006272e+01   4.1000000e+01  -5.1000000e+01   3.0836580e+01
  -2.9029056e+01   1.4154353e+01   3.9000000e+01   1.7053008e+01   4.1000000e+01  -5.1000000e+01   3.3599285e+01
  -3.2070046e+01   1.6739588e+01   3.9000000e+01   1.3978473e+01   4.1000000e+01  -5.1000000e+01   3.6101255e+01
  -3.4168500e+01   1.7553055e+01   3.9000000e+01   1.0745681e+01   4.1000000e+01  -5.1000000e+01   3.9536593e+01
  -3.6408420e+01   2.1005546e+01   3.9000000e+01   6.1197020e+00   4.1000000e+01  -5.1000000e+01   4.4304004e+01
  -4.0608387e+01   2.3029683e+01   3.9000000e+01   1.5966462e+00   4.1000000e+01  -5.1000000e+01   4.7635832e+01
  -4.3666462e+01   2.6386146e+01   3.9000000e+01  -9.2627488e-01   4.1000000e+01  -5.1000000e+01   5.0570353e+01
  -4.6654485e+01   3.0292494e+01   3.9000000e+01  -3.7067707e+00   4.1000000e+01  -5.1000000e+01   5.3882448e+01
  -4.8070794e+01   3.4630086e+01   3.9000000e+01  -7.1822992e+00   4.1000000e+01  -5.1000000e+01   5.8149682e+01
  -4.6786239e+01   3.3719676e+01   3.9000000e+01  -1.0083455e+01   4.1000000e+01  -5.1000000e+01   5.9957018e+01
  -4.4681260e+01   3.3149359e+01   3.9000000e+01  -1.4070402e+01   4.1000000e+01  -5.1000000e+01   6.1640229e+01
  -3.9507959e+01   2.7512727e+01   3.9000000e+01  -1.8493865e+01   4.1000000e+01  -5.1000000e+01   6.1231486e+01
  -3.2697740e+01   2.1372944e+01   3.9000000e+01  -1.7539259e+01   4.1000000e+01  -5.1000000e+01   5.5247871e+01
  -2.8527159e+01   2.0011758e+01   3.9000000e+01  -1.9169752e+01   4.1000000e+01  -5.1000000e+01   4.8223759e+01
  -2.2119378e+01   1.4266929e+01   3.9000000e+01  -1.4864385e+01   4.1000000e+01  -5.1000000e+01   3.8519141e+01
  -1.8891290e+01   1.1511846e+01   3.9000000e+01  -1.4906231e+01   4.1000000e+01  -5.1000000e+01   2.9952587e+01
  -1.5257108e+01   1.1290287e+01   3.9000000e+01  -1.4802374e+01   4.1000000e+01  -5.1000000e+01   2.1437491e+01
  -1.2000797e+01   6.5626788e+00   3.9000000e+01  -1.0781989e+01   4.1000000e+01  -5.1000000e+01   1.1829831e+01
  -9.5455012e+00   4.3818614e+00   3.9000000e+01  -7.7085995e+00   4.1000000e+01  -5.1000000e+01   3.2177210e+00
  -4.2001586e+00   2.1642059e+00   3.9000000e+01  -2.1266860e+00   4.1000000e+01  -5.1000000e+01   7.8512762e-01
   2.4684107e+00  -2.3684687e+00   3.9000000e+01   5.3321534e+00   4.1000000e+01  -5.1000000e+01  -3.3160823e+00
   8.7728832e+00  -8.1156963e+00   3.9000000e+01   1.5159422e+01   4.1000000e+01  -5.1000000e+01  -4.9196205e+00
   1.4900103e+01  -9.9387260e+00   3.9000000e+01   2.5328203e+01   4.1000000e+01  -5.1000000e+01  -8.5402338e+00
   2.0473109e+01  -1.6038735e+01   3.9000000e+01   3.5834958e+01   4.1000000e+01  -5.1000000e+01  -1.1099194e+01
   2.5341499e+01  -2.0611767e+01   3.9000000e+01   4.6225099e+01   4.1000000e+01  -5.1000000e+01  -1.4590125e+01
   2.8197284e+01  -2.2484540e+01   3.9000000e+01   5.5573014e+01   4.1000000e+01  -5.1000000e+01  -1.7598523e+01
   2.9276588e+01  -2.5217934e+01   3.9000000e+01   6.5226312e+01   4.1000000e+01  -5.1000000e+01  -2.0741011e+01
   2.7243255e+01  -2.5219959e+01   3.9000000e+01   7.4592234e+01   4.1000000e+01  -5.1000000e+01  -1.9722091e+01
   2.1603649e+01  -2.3127318e+01   3.9000000e+01   8.3210381e+01   4.1000000e+01  -5.1000000e+01  -1.8021900e+01
   2.0789745e+01  -2.3936655e+01   3.9000000e+01   8.3036680e+01   4.1000000e+01  -5.1000000e+01  -1.5044997e+01
   1.9324606e+01  -2.2961409e+01   3.9000000e+01   8.0316713e+01   4.1000000e+01  -5.1000000e+01  -1.0626768e+01
   1.7526871e+01  -2.1416801e+01   3.9000000e+01   7.7837784e+01   4.1000000e+01  -5.1000000e+01  -8.0118000e+00
   1.4825621e+01  -1.8575090e+01   3.9000000e+01   7.3465861e+01   4.1000000e+01  -5.1000000e+01  -4.8155469e+00
   1.2248676e+01  -1.6357863e+01   3.9000000e+01   6.9369115e+01   4.1000000e+01  -5.1000000e+01  -9.9074240e-01
   9.4451777e+00  -1.2894694e+01   3.9000000e+01   6.5475231e+01   4.1000000e+01  -5.1000000e+01   8.5102751e-01
   6.9159354e+00  -1.0811933e+01   3.9000000e+01   6.2323155e+01   4.1000000e+01  -5.1000000e+01   3.4297430e+00
   3.9903022e+00  -7.8699561e+00   3.9000000e+01   5.8293977e+01   4.1000000e+01  -5.1000000e+01   5.5393643e+00
   8.5016520e-01  -4.1688183e+00   3.9000000e+01   5.3812217e+01   4.1000000e+01  -5.1000000e+01   7.0910263e+00
  -2.2508265e+00  -2.0471143e+00   3.9000000e+01   4.9533577e+01   4.1000000e+01  -5.1000000e+01   1.0117578e+01
  -4.5247358e+00  -1.5868219e+00   3.9000000e+01   4.7174499e+01   4.1000000e+01  -5.1000000e+01   1.2962915e+01
  -7.2806383e+00   1.7563631e+00   3.9000000e+01   4.4009440e+01   4.1000000e+01  -5.1000000e+01   1.3998483e+01
  -9.3237740e+00   1.9073411e+00   3.9000000e+01   4.0993403e+01   4.1000000e+01  -5.1000000e+01   1.6631853e+01
  -1.2998585e+01   7.3750232e+00   3.9000000e+01   3.6219936e+01   4.1000000e+01  -5.1000000e+01   1.8674730e+01
  -1.5231398e+01   7.4602821e+00   3.9000000e+01   3.2218840e+01   4.1000000e+01  -5.1000000e+01   2.1379153e+01
  -1.8968650e+01   1.1085936e+01   3.9000000e+01   2.7295772e+01   4.1000000e+01  -5.1000000e+01   2.2681881e+01
  -2.2062920e+01   1.1054194e+01   3.9000000e+01   2.5523197e+01   4.1000000e+01  -5.1000000e+01   2.4245751e+01
  -2.4341120e+01   1.1970815e+01   3.9000000e+01   2.2620279e+01   4.1000000e+01  -5.1000000e+01   2.7104595e+01
  -2.7313952e+01   1.1654227e+01   3.9000000e+01   1.9267554e+01   4.1000000e+01  -5.1000000e+01   3.0522256e+01
  -3.1174671e+01   1.5322862e+01   3.9000000e+01   1.5337205e+01   4.1000000e+01  -5.1000000e+01   3.2697615e+01
  -3.3360867e+01   1.6057657e+01   3.9000000e+01   1.2921489e+01   4.1000000e+01  -5.1000000e+01   3.4047959e+01
  -3.6665178e+01   1.7016996e+01   3.9000000e+01   8.1602068e+00   4.1000000e+01  -5.1000000e+01   3.7879362e+01
  -3.9179644e+01   1.9780253e+01   3.9000000e+01   4.9470976e+00   4.1000000e+01  -5.1000000e+01   4.1813345e+01
  -4.3000863e+01   2.1666836e+01   3.9000000e+01   2.8699142e+00   4.1000000e+01  -5.1000000e+01   4.5567442e+01
  -4.5984131e+01   2.4363002e+01   3.9000000e+01   1.5336159e+00   4.1000000e+01  -5.1000000e+01   4.9331005e+01
  -4.9328977e+01   2.4928150e+01   3.9000000e+01  -3.9177003e-02   4.1000000e+01  -5.1000000e+01   5.1649743e+01
  -4.9881408e+01   2.7193297e+01   3.9000000e+01  -1.6551023e+00   4.1000000e+01  -5.1000000e+01   5.4605803e+01
  -4.9552799e+01   2.9659099e+01   3.9000000e+01  -3.7722338e+00   4.1000000e+01  -5.1000000e+01   5.7326387e+01
  -4.7947497e+01   2.8461992e+01   3.9000000e+01  -6.7370304e+00   4.1000000e+01  -5.1000000e+01   5.9558549e+01
  -4.3508512e+01   2.4379410e+01   3.9000000e+01  -1.2811987e+01   4.1000000e+01  -5.1000000e+01   5.6276514e+01
  -3.7049730e+01   1.9767879e+01   3.9000000e+01  -1.5963484e+01   4.1000000e+01  -5.1000000e+01   5.1404953e+01
  -3.2946938e+01   1.3963401e+01   3.9000000e+01  -1.6976379e+01   4.1000000e+01  -5.1000000e+01   4.3253189e+01
  -2.8066947e+01   8.9326335e+00   3.9000000e+01  -1.3377043e+01   4.1000000e+01  -5.1000000e+01   3.5226561e+01
  -2.2089156e+01   6.4258022e+00   3.9000000e+01  -9.1700520e+00   4.1000000e+01  -5.1000000e+01   2.5989763e+01
  -1.7069368e+01   5.3690563e+00   3.9000000e+01  -3.7908145e+00   4.1000000e+01  -5.1000000e+01   1.5679733e+01
  -8.6192071e+00   2.5991891e+00   3.9000000e+01   3.7232674e+00   4.1000000e+01  -5.1000000e+01   7.7458126e+00
  -9.5667585e-01  -3.2034322e-01   3.9000000e+01   1.1352087e+01   4.1000000e+01  -5.1000000e+01   2.9403177e+00
   6.9805344e+00  -3.0258303e+00   3.9000000e+01   1.8565143e+01   4.1000000e+01  -5.1000000e+01   1.9008874e+00
   1.3913920e+01  -9.1949565e+00   3.9000000e+01   2.7289883e+01   4.1000000e+01  -5.1000000e+01  -7.6553912e-01
   2.1487250e+01  -1.4497244e+01   3.9000000e+01   3.6469960e+01   4.1000000e+01  -5.1000000e+01  -4.0314563e+00
   2.6442625e+01  -1.9505073e+01   3.9000000e+01   4.5949441e+01   4.1000000e+01  -5.1000000e+01  -7.7699921e+00
   3.0585328e+01  -2.3699134e+01   3.9000000e+01   5.4084969e+01   4.1000000e+01  -5.1000000e+01  -1.1510328e+01
   3.2067303e+01  -2.6640649e+01   3.9000000e+01   6.2340128e+01   4.1000000e+01  -5.1000000e+01  -1.5954600e+01
   3.1170632e+01  -2.7418433e+01   3.9000000e+01   7.0265956e+01   4.1000000e+01  -5.1000000e+01  -2.0691311e+01
   2.8392990e+01  -2.6485008e+01   3.9000000e+01   7.7671278e+01   4.1000000e+01  -5.1000000e+01  -2.2604685e+01
   2.3583469e+01  -2.4656164e+01   3.9000000e+01   8.4319632e+01   4.1000000e+01  -5.1000000e+01  -2.1641281e+01
   2.1033692e+01  -2.2581815e+01   3.9000000e+01   8.4095141e+01   4.1000000e+01  -5.1000000e+01  -1.9256273e+01
   1.9183713e+01  -2.1879513e+01   3.9000000e+01   8.1696462e+01   4.1000000e+01  -5.1000000e+01  -1.4403072e+01
   1.5956456e+01  -1.8798550e+01   3.9000000e+01   7.7041153e+01   4.1000000e+01  -5.1000000e+01  -9.1458844e+00
   1.2487503e+01  -1.5726050e+01   3.9000000e+01   7.2290043e+01   4.1000000e+01  -5.1000000e+01  -5.6042848e+00
   9.1150658e+00  -1.3340688e+01   3.9000000e+01   6.7821508e+01   4.1000000e+01  -5.1000000e+01  -3.2718570e+00
   5.8340091e+00  -1.0330357e+01   3.9000000e+01   6.3387913e+01   4.1000000e+01  -5.1000000e+01  -9.9686132e-01
   2.3624906e+00  -7.4427835e+00   3.9000000e+01   5.8610952e+01   4.1000000e+01  -5.1000000e+01   1.4982688e+00
   1.8689101e-01  -6.1913235e+00   3.9000000e+01   5.5389970e+01   4.1000000e+01  -5.1000000e+01   3.8561202e+00
  -3.3719630e+00  -3.6182123e+00   3.9000000e+01   5.0978193e+01   4.1000000e+01  -5.1000000e+01   5.9928199e+00
  -6.7472412e+00  -4.7862184e-01   3.9000000e+01   4.7285624e+01   4.1000000e+01  -5.1000000e+01   7.1241055e+00
  -9.4708276e+00   8.9911472e-01   3.9000000e+01   4.4996969e+01   4.1000000e+01  -5.1000000e+01   8.5006853e+00
  -1.1852577e+01   3.3799127e+00   3.9000000e+01   4.1482283e+01   4.1000000e+01  -5.1000000e+01   1.0298497e+01
  -1.5420576e+01   5.9123233e+00   3.9000000e+01   3.7248494e+01   4.1000000e+01  -5.1000000e+01   1.3211332e+01
  -1.7866284e+01   8.1208438e+00   3.9000000e+01   3.3918568e+01   4.1000000e+01  -5.1000000e+01   1.5490524e+01
  -2.1099039e+01   9.9108287e+00   3.9000000e+01   3.0655230e+01   4.1000000e+01  -5.1000000e+01   1.6524765e+01
  -2.4527226e+01   1.0759944e+01   3.9000000e+01   2.7804539e+01   4.1000000e+01  -5.1000000e+01   1.8581740e+01
  -2.7342360e+01   1.1880111e+01   3.9000000e+01   2.5150041e+01   4.1000000e+01  -5.1000000e+01   2.0703345e+01
  -3.0265160e+01   1.3515548e+01   3.9000000e+01   2.4175009e+01   4.1000000e+01  -5.1000000e+01   2.0753747e+01
  -3.3116306e+01   1.2903311e+01   3.9000000e+01   2.0894507e+01   4.1000000e+01  -5.1000000e+01   2.4139572e+01
  -3.7135453e+01   1.6172762e+01   3.9000000e+01   1.6081909e+01   4.1000000e+01  -5.1000000e+01   2.8887078e+01
  -3.9371183e+01   1.6875361e+01   3.9000000e+01   1.2856277e+01   4.1000000e+01  -5.1000000e+01   3.2144053e+01
  -4.2337834e+01   1.8834282e+01   3.9000000e+01   9.7103011e+00   4.1000000e+01  -5.1000000e+01   3.5798065e+01
  -4.5489906e+01   2.1310886e+01   3.9000000e+01   6.7317138e+00   4.1000000e+01  -5.1000000e+01   3.9388602e+01
  -4.7891519e+01   2.4701107e+01   3.9000000e+01   4.8925507e+00   4.1000000e+01  -5.1000000e+01   4.2935417e+01
  -5.0828529e+01   2.8161251e+01   3.9000000e+01   2.9396139e+00   4.1000000e+01  -5.1000000e+01   4.7843675e+01
  -5.2444807e+01   2.9772334e+01   3.9000000e+01   1.4750000e+00   4.1000000e+01  -5.1000000e+01   5.1319132e+01
  -5.4952063e+01   3.2805231e+01   3.9000000e+01  -8.4946780e-01   4.1000000e+01  -5.1000000e+01   5.5703543e+01
  -5.5095317e+01   3.5365160e+01   3.9000000e+01  -3.1986794e+00   4.1000000e+01  -5.1000000e+01   5.9261938e+01
  -5.3997739e+01   3.4305821e+01   3.9000000e+01  -5.1172084e+00   4.1000000e+01  -5.1000000e+01   6.2481750e+01
  -5.0493270e+01   3.1170870e+01   3.9000000e+01  -8.1498932e+00   4.1000000e+01  -5.1000000e+01   6.2661971e+01
  -4.7332757e+01   2.6684617e+01   3.9000000e+01  -1.2086822e+01   4.1000000e+01  -5.1000000e+01   5.9417649e+01
  -4.2659716e+01   2.3682483e+01   3.9000000e+01  -1.7502765e+01   4.1000000e+01  -5.1000000e+01   5.3840091e+01
  -3.7904387e+01   1.9531435e+01   3.9000000e+01  -1.9111591e+01   4.1000000e+01  -5.1000000e+01   4.6969882e+01
  -3.2645676e+01   1.5258078e+01   3.9000000e+01  -1.7325311e+01   4.1000000e+01  -5.1000000e+01   3.8850968e+01
  -2.8118235e+01   9.7909365e+00   3.9000000e+01  -1.2762275e+01   4.1000000e+01  -5.1000000e+01   2.9645480e+01
  -2.2846099e+01   5.9691286e+00   3.9000000e+01  -6.9139917e+00   4.1000000e+01  -5.1000000e+01   2.0519671e+01
  -1.8235645e+01   3.6894023e+00   3.9000000e+01  -1.0189535e+00   4.1000000e+01  -5.1000000e+01   1.0579605e+01
  -1.1134852e+01   1.0394595e+00   3.9000000e+01   6.6159279e+00   4.1000000e+01  -5.1000000e+01   2.9258939e+00
  -4.1444915e+00  -1.9799946e+00   3.9000000e+01   1.2683734e+01   4.1000000e+01  -5.1000000e+01  -2.2730387e-01
   2.8098753e+00  -4.8192339e+00   3.9000000e+01   1.9869176e+01   4.1000000e+01  -5.1000000e+01  -2.9274023e+00
   9.6141903e+00  -8.5245980e+00   3.9000000e+01   2.8578059e+01   4.1000000e+01  -5.1000000e+01  -5.0717564e+00
   1.5832291e+01  -1.4320053e+01   3.9000000e+01   3.8493403e+01   4.1000000e+01  -5.1000000e+01  -7.8712462e+00
   2.0748467e+01  -1.8225108e+01   3.9000000e+01   4.8078402e+01   4.1000000e+01  -5.1000000e+01  -1.2264917e+01
   2.3179659e+01  -2.0908071e+01   3.9000000e+01   5.6768496e+01   4.1000000e+01  -5.1000000e+01  -1.5608244e+01
   2.3305675e+01  -2.1964665e+01   3.9000000e+01   6.5299017e+01   4.1000000e+01  -5.1000000e+01  -1.9130070e+01
   1.9711088e+01  -2.1140480e+01   3.9000000e+01   7.2341155e+01   4.1000000e+01  -5.1000000e+01  -2.1447548e+01
   1.5633290e+01  -2.1096021e+01   3.9000000e+01   7.8315547e+01   4.1000000e+01  -5.1000000e+01  -1.9217701e+01
   1.3909528e+01  -1.9484510e+01   3.9000000e+01   7.6696688e+01   4.1000000e+01  -5.1000000e+01  -1.6098442e+01
   1.1779944e+01  -1.7123633e+01   3.9000000e+01   7.4032312e+01   4.1000000e+01  -5.1000000e+01  -1.3416795e+01
   9.0033466e+00  -1.4203037e+01   3.9000000e+01   7.0374684e+01   4.1000000e+01  -5.1000000e+01  -1.0740025e+01
