  -1.2557191e+01   1.2283546e+01   4.8949751e+01   1.9711146e+01   2.6266450e+01  -4.9320256e+01   2.0428387e+01
  -1.4088769e+01   8.2785015e+00   4.8567615e+01   2.1923313e+01   2.7131016e+01  -5.1454241e+01   2.2846575e+01
  -1.5620348e+01   4.2734567e+00   4.8185479e+01   2.4135479e+01   2.7995581e+01  -5.3588225e+01   2.5264763e+01
  -1.7149748e+01  -1.5887870e-12   3.7587829e+01   3.0943430e+01   3.6452202e+01  -5.1000000e+01   3.2099680e+01
  -1.9661041e+01   2.9118870e-13   2.9418794e+01   3.0410140e+01   4.6048269e+01  -5.1000000e+01   3.5596458e+01
  -2.3304126e+01  -3.2852349e-12   2.6250742e+01   2.8534117e+01   5.4140196e+01  -5.1000000e+01   3.5630963e+01
  -2.5273200e+01   1.9329048e-12   2.3260468e+01   2.6798452e+01   5.9467767e+01  -5.1000000e+01   3.8249678e+01
  -2.6146402e+01   4.8664049e-12   1.7694905e+01   2.4479386e+01   6.4283599e+01  -5.1000000e+01   4.1790435e+01
  -2.8631661e+01   4.4945410e-13   1.2750800e+01   1.9708243e+01   6.8462464e+01  -5.1000000e+01   4.4321754e+01
  -3.1364381e+01   1.3941147e-11   8.1657392e+00   1.4600211e+01   6.9934944e+01  -5.1000000e+01   4.5454176e+01
  -3.4124756e+01  -1.0408374e-11   2.8123910e+00   9.3966642e+00   7.3512175e+01  -5.1000000e+01   4.8735570e+01
  -3.5031270e+01  -9.2701689e-14   3.8259395e-01   7.3213651e+00   7.4426786e+01  -5.1000000e+01   5.0855248e+01
  -3.6502855e+01  -2.5721306e-14   3.9734301e+00   6.7396741e+00   7.1411918e+01  -5.1000000e+01   5.2482287e+01
  -3.8138845e+01  -1.1294434e-12   4.1504086e+00   5.8659179e+00   6.9875838e+01  -5.1000000e+01   5.5558954e+01
  -3.7975024e+01  -9.4729190e-13   3.4301368e+00   4.6068488e+00   6.8775804e+01  -5.1000000e+01   5.9175736e+01
  -3.6826788e+01  -7.3487652e-14   7.3786243e+00   2.7058435e+00   6.2693430e+01  -5.1000000e+01   5.9377213e+01
  -3.4813712e+01  -1.2846349e-12   5.5039687e+00  -4.8186046e-01   6.5006703e+01  -5.1000000e+01   6.0626861e+01
  -3.1620087e+01   2.9644326e-12   5.7861013e+00  -8.0167301e+00   6.4387969e+01  -5.1000000e+01   5.8427578e+01
  -2.9106438e+01  -1.4355135e-12   7.3491059e+00  -1.0681361e+01   6.7194534e+01  -5.1000000e+01   5.4271183e+01
  -2.4211199e+01  -3.0365970e-11   6.2952132e+00  -6.0046080e+00   6.8666379e+01  -5.1000000e+01   4.7726823e+01
  -2.2488848e+01   2.4190651e-13   1.1489117e+01  -2.4113456e-01   6.3562084e+01  -5.1000000e+01   3.9170761e+01
  -1.8252719e+01   5.0361493e-12   1.7875328e+01   1.7448438e+00   5.8100461e+01  -5.1000000e+01   2.6936095e+01
  -1.5522639e+01   1.3330715e-11   2.0578004e+01   2.1155285e+00   6.1035729e+01  -5.1000000e+01   2.0215252e+01
  -1.3273107e+01   1.1850635e-11   2.3837430e+01   2.3180341e+00   6.1761699e+01  -5.1000000e+01   1.0942198e+01
  -1.0378195e+01  -1.3389810e-12   2.7926423e+01   5.4922310e+00   6.2327107e+01  -5.1000000e+01   5.0397330e+00
  -6.2175922e+00  -1.6816778e-12   3.5696481e+01   9.8759998e+00   5.5299991e+01  -5.1000000e+01  -4.0571060e+00
  -3.9805351e+00   5.0698828e-13   4.2249622e+01   1.3273450e+01   5.0211875e+01  -5.1000000e+01  -1.1582817e+01
  -1.2000900e+00   1.9716179e-12   4.6185065e+01   1.7257842e+01   4.5364224e+01  -5.1000000e+01  -1.9710986e+01
  -1.4533555e+00  -2.4354863e-13   5.1484926e+01   2.2229257e+01   4.1525975e+01  -5.1000000e+01  -2.6917914e+01
   8.2249760e-02  -1.4533696e-13   5.4379400e+01   2.6798475e+01   3.8017422e+01  -5.1000000e+01  -3.2918371e+01
   9.7735097e-01   6.7648834e-15   5.7440407e+01   3.1941085e+01   3.4956862e+01  -5.1000000e+01  -3.7491840e+01
   4.7860996e-01  -2.5647686e-13   5.8981872e+01   3.7643149e+01   3.1578119e+01  -5.1000000e+01  -4.1123501e+01
  -2.2256686e+00  -4.8044911e-13   6.1971744e+01   4.4769917e+01   2.7554954e+01  -5.1000000e+01  -4.2562929e+01
  -6.8311461e+00  -1.9369059e-13   6.6170344e+01   5.3789112e+01   2.2573485e+01  -5.1000000e+01  -3.8853551e+01
  -9.2493753e+00   3.4996773e-15   7.1424569e+01   5.6945420e+01   1.9502106e+01  -5.1000000e+01  -3.3349333e+01
  -8.8027002e+00  -1.5468512e-13   7.0420454e+01   5.4363877e+01   1.6332076e+01  -5.1000000e+01  -2.7345517e+01
  -8.0532043e+00  -1.0039744e-13   6.7336868e+01   5.1460299e+01   1.6335348e+01  -5.1000000e+01  -1.9477841e+01
  -6.9283416e+00  -2.5623787e-12   6.3670008e+01   4.8736335e+01   1.7544271e+01  -5.1000000e+01  -1.3685445e+01
  -7.2410492e+00  -1.9684595e-12   5.9090537e+01   4.6639022e+01   2.0481171e+01  -5.1000000e+01  -8.0464681e+00
  -8.8919531e+00  -2.8661894e-12   5.6182561e+01   4.5478479e+01   2.5023251e+01  -5.1000000e+01  -3.2649102e+00
  -9.1179196e+00   2.1046030e-12   5.3313702e+01   4.4607379e+01   2.6725096e+01  -5.1000000e+01  -7.5065382e-01
  -1.0112199e+01  -2.3840607e-12   5.0626363e+01   4.3718310e+01   2.8879279e+01  -5.1000000e+01   2.2914012e+00
  -1.0395416e+01  -3.6251454e-13   4.7765346e+01   4.3262135e+01   3.1876430e+01  -5.1000000e+01   5.6620342e+00
  -1.0969701e+01   7.8076030e-13   4.3662908e+01   4.1383206e+01   3.4573741e+01  -5.1000000e+01   1.0046666e+01
  -1.2525848e+01   2.0437146e-12   4.0716001e+01   3.9649928e+01   3.7543761e+01  -5.1000000e+01   1.3855928e+01
  -1.3885142e+01   8.0754112e-13   3.5963222e+01   3.8418245e+01   4.1489127e+01  -5.1000000e+01   1.8032155e+01
  -1.7001655e+01   5.8783899e-13   3.3543908e+01   3.6318851e+01   4.4968934e+01  -5.1000000e+01   2.0205246e+01
  -1.9537419e+01  -1.4273818e-13   3.1665531e+01   3.4658968e+01   4.8004600e+01  -5.1000000e+01   2.3107888e+01
  -2.2020913e+01  -7.4718376e-12   2.7804109e+01   3.3101491e+01   5.1770938e+01  -5.1000000e+01   2.6344715e+01
  -2.4109812e+01   2.6937987e-12   2.4650226e+01   3.0028172e+01   5.4682190e+01  -5.1000000e+01   3.0489199e+01
  -2.6341258e+01   1.7535375e-12   2.1050403e+01   2.8257337e+01   5.8803979e+01  -5.1000000e+01   3.3936946e+01
  -2.8164031e+01  -4.8292774e-13   1.6508240e+01   2.4553130e+01   6.2136349e+01  -5.1000000e+01   3.7316496e+01
  -3.1104415e+01   6.3653799e-13   1.0627122e+01   1.9746405e+01   6.6026983e+01  -5.1000000e+01   4.0271473e+01
  -3.2965889e+01   1.7429774e-12   5.5098572e+00   1.4541265e+01   6.8301120e+01  -5.1000000e+01   4.2025007e+01
  -3.5526987e+01   2.8706767e-13   4.5427398e+00   1.1250595e+01   6.7634954e+01  -5.1000000e+01   4.4475134e+01
  -3.6196908e+01   1.5220473e-12   2.2120739e+00   8.0445895e+00   6.6541427e+01  -5.1000000e+01   4.6514061e+01
  -3.6310197e+01  -2.5436920e-12   4.5574998e-01   7.4283858e+00   6.6133078e+01  -5.1000000e+01   5.0178697e+01
  -3.6674330e+01  -1.6818573e-12  -3.8027031e-01   6.5816959e+00   6.6368857e+01  -5.1000000e+01   5.2479010e+01
  -3.6377844e+01   3.6889184e-12   2.0423378e+00   4.5492979e+00   6.4142036e+01  -5.1000000e+01   5.5331768e+01
  -3.4509637e+01  -1.4254330e-12   5.4678313e+00   2.0779676e+00   6.3580501e+01  -5.1000000e+01   5.4607127e+01
  -3.2242152e+01   4.3814884e-13   7.0937667e+00  -2.6343155e+00   6.4160876e+01  -5.1000000e+01   5.4045960e+01
  -3.0165352e+01   2.9077174e-12   4.9532810e+00  -7.5123449e+00   6.3675507e+01  -5.1000000e+01   5.2709133e+01
  -2.8573522e+01   2.0743058e-12   9.4016040e+00  -5.9026074e+00   6.0064954e+01  -5.1000000e+01   4.9091122e+01
  -2.6200688e+01   1.4423178e-12   1.3023133e+01  -3.4560952e+00   5.6045790e+01  -5.1000000e+01   4.6892522e+01
  -2.2085773e+01  -6.0993892e-13   1.4212835e+01  -3.5769844e+00   5.5364578e+01  -5.1000000e+01   3.5349559e+01
  -1.6566258e+01  -2.9723591e-12   9.9493615e+00  -6.5548569e+00   6.5118712e+01  -5.1000000e+01   2.9193528e+01
  -1.4155413e+01   9.7404785e-12   6.3632827e+00  -7.9062579e+00   7.1949369e+01  -5.1000000e+01   1.9109467e+01
  -1.0479854e+01   1.9390818e-12   8.4628599e+00  -6.6271562e+00   7.5155459e+01  -5.1000000e+01   1.4266126e+01
  -9.7829880e+00   7.5862290e-12   1.6043787e+01  -3.7975886e+00   7.1439246e+01  -5.1000000e+01   4.9000171e+00
  -6.5997306e+00  -2.8233235e-13   2.6785791e+01   4.5973860e+00   6.5479969e+01  -5.1000000e+01  -4.0191659e+00
  -1.8136289e+00  -2.1972996e-12   3.6564098e+01   1.1135889e+01   6.0075002e+01  -5.1000000e+01  -1.0925886e+01
   1.1070200e+00   6.4698454e-14   4.1660437e+01   1.5952445e+01   5.5435428e+01  -5.1000000e+01  -1.8402200e+01
   2.5573462e+00  -8.0471033e-13   4.6937483e+01   2.0542408e+01   5.1128652e+01  -5.1000000e+01  -2.4599564e+01
   3.8635080e+00   6.7064665e-13   5.0829505e+01   2.5315752e+01   4.7854909e+01  -5.1000000e+01  -3.1205488e+01
   4.3487793e+00  -3.3118565e-13   5.3855988e+01   3.0368305e+01   4.4335790e+01  -5.1000000e+01  -3.6401922e+01
   5.7630033e+00   9.0058429e-14   5.5653154e+01   3.6433084e+01   4.0788135e+01  -5.1000000e+01  -3.9863066e+01
   4.3708007e+00   4.7830864e-12   5.6962482e+01   4.1815711e+01   3.7732708e+01  -5.1000000e+01  -4.2514225e+01
   5.4092042e-01  -3.7482950e-13   6.1030895e+01   4.9180256e+01   3.3571007e+01  -5.1000000e+01  -4.4385536e+01
  -4.6316395e+00  -7.1069353e-13   4.9939321e+01   5.4055701e+01   2.4982015e+01  -5.1000000e+01  -4.4196343e+01
  -1.3347580e+00   1.5950632e-13   6.0096804e+01   5.7287775e+01   2.6941404e+01  -5.1000000e+01  -3.6935263e+01
  -4.9332851e+00   6.8399680e-13   6.5255924e+01   5.3820722e+01   2.4192241e+01  -5.1000000e+01  -3.0599467e+01
  -5.8975144e+00   3.5262914e-13   6.6845369e+01   5.1024534e+01   2.1198015e+01  -5.1000000e+01  -2.3341913e+01
  -7.0965035e+00  -3.5689834e-13   6.7598976e+01   4.8980811e+01   1.8647056e+01  -5.1000000e+01  -1.7457674e+01
  -6.5931948e+00  -3.0864500e-12   6.6329181e+01   4.7612478e+01   1.8263100e+01  -5.1000000e+01  -1.1959483e+01
  -4.9573373e+00  -3.5010209e-13   6.2301125e+01   4.6584726e+01   1.9296623e+01  -5.1000000e+01  -6.1350131e+00
  -4.4918241e+00  -1.7514088e-12   5.8845782e+01   4.4982555e+01   2.1403165e+01  -5.1000000e+01  -1.2690716e+00
  -3.7438374e+00   1.8124155e-12   5.6270864e+01   4.4417489e+01   2.2201123e+01  -5.1000000e+01   1.6092141e+00
  -3.9060440e+00   8.8332909e-12   5.4137313e+01   4.3984253e+01   2.3433435e+01  -5.1000000e+01   3.9380666e+00
  -4.7874467e+00   1.4074476e-12   5.2857246e+01   4.3344130e+01   2.4937802e+01  -5.1000000e+01   4.9903025e+00
  -5.1472214e+00   1.6124745e-12   5.1775844e+01   4.3589316e+01   2.5656379e+01  -5.1000000e+01   4.4960186e+00
  -5.0046347e+00  -9.8711099e-13   4.9989030e+01   4.3829638e+01   2.6941668e+01  -5.1000000e+01   6.0422815e+00
  -4.4823271e+00   2.4280908e-13   4.8306303e+01   4.4373753e+01   2.7043699e+01  -5.1000000e+01   6.3095210e+00
  -4.5494848e+00   8.6460679e-13   4.7341161e+01   4.4394315e+01   2.8042552e+01  -5.1000000e+01   7.2095259e+00
  -5.1504999e+00  -4.3249988e-12   4.6583931e+01   4.3561278e+01   2.9441557e+01  -5.1000000e+01   1.0333488e+01
  -5.7476652e+00  -1.0019083e-12   4.4806649e+01   4.2413233e+01   3.1553436e+01  -5.1000000e+01   1.3797991e+01
  -7.5207003e+00   8.3999861e-13   4.3856670e+01   4.0921957e+01   3.3491472e+01  -5.1000000e+01   1.5812279e+01
  -7.9078225e+00   1.1298235e-11   4.2564170e+01   4.0841133e+01   3.4867659e+01  -5.1000000e+01   1.8378620e+01
  -9.5708407e+00  -8.1699901e-13   4.0797473e+01   3.9995303e+01   3.8453165e+01  -5.1000000e+01   2.2030761e+01
  -1.0607644e+01  -3.5534929e-12   3.8099797e+01   3.9396794e+01   4.1390567e+01  -5.1000000e+01   2.4415495e+01
  -1.2185154e+01   3.7300097e-12   3.6108435e+01   3.7873409e+01   4.4456715e+01  -5.1000000e+01   2.7978117e+01
  -1.4232483e+01  -1.3272058e-12   3.2908738e+01   3.5843430e+01   4.8700166e+01  -5.1000000e+01   3.1494065e+01
  -1.4649948e+01   1.0237208e-12   2.9713659e+01   3.3867564e+01   5.1513998e+01  -5.1000000e+01   3.4955969e+01
  -1.6707007e+01  -9.4043125e-12   2.5963833e+01   3.1419909e+01   5.5770375e+01  -5.1000000e+01   3.8741092e+01
  -1.8730422e+01   3.1899577e-11   2.2210071e+01   2.8054257e+01   6.0148198e+01  -5.1000000e+01   4.1095716e+01
  -2.1940560e+01  -3.5253437e-12   1.9173426e+01   2.4459090e+01   6.4150536e+01  -5.1000000e+01   4.4759735e+01
  -2.4446844e+01  -2.1236564e-12   1.5033217e+01   1.9017809e+01   6.8000041e+01  -5.1000000e+01   4.7140964e+01
  -2.6899357e+01   6.8869436e-13   1.1568886e+01   1.3635745e+01   7.1618758e+01  -5.1000000e+01   4.9455226e+01
  -2.8858774e+01  -5.9488218e-14   6.5763079e+00   7.6116620e+00   7.3417044e+01  -5.1000000e+01   5.1549802e+01
  -2.8290263e+01   3.3134014e-12   2.8396982e+00   2.9121570e+00   7.4369276e+01  -5.1000000e+01   5.4879516e+01
  -2.6177301e+01   1.6307234e-12   1.3761494e+00  -3.2632114e+00   7.5007244e+01  -5.1000000e+01   5.6989279e+01
  -2.2587481e+01   2.9034230e-12   5.0759453e+00  -5.9026787e+00   7.3258635e+01  -5.1000000e+01   5.6318492e+01
  -1.8511834e+01   2.3614611e-12   2.1800141e+00  -5.6015102e+00   7.9023270e+01  -5.1000000e+01   5.1605959e+01
  -1.4263286e+01   6.1041798e-13   1.5624842e+00  -1.1436463e+00   8.1341218e+01  -5.1000000e+01   4.8201464e+01
  -1.1181199e+01   1.1162418e-12   9.3473048e+00  -1.1025176e+00   8.1144338e+01  -5.1000000e+01   4.4084791e+01
  -8.9636383e+00  -1.3505181e-12   1.7113749e+01   4.4068931e+00   7.2843906e+01  -5.1000000e+01   3.7006754e+01
  -8.0767239e+00   5.7395557e-14   2.2701966e+01   7.3072719e+00   6.2881336e+01  -5.1000000e+01   2.8298842e+01
  -2.5768381e+00   7.3831924e-13   2.4925454e+01   2.0210677e+00   6.4420021e+01  -5.1000000e+01   1.9351003e+01
   1.9522712e+00   3.7337488e-12   2.3778916e+01  -3.0437054e+00   6.8829969e+01  -5.1000000e+01   1.2646958e+01
   4.5022527e+00   7.8800800e-14   2.3427553e+01  -8.1252982e+00   7.0599943e+01  -5.1000000e+01   4.9608790e+00
   5.9509151e+00   1.8222634e-12   2.3769826e+01  -9.3865316e+00   7.0636674e+01  -5.1000000e+01  -2.5185908e+00
   8.8133206e+00   1.0270216e-11   2.5334801e+01  -2.7835925e+00   7.2215616e+01  -5.1000000e+01  -9.8628258e+00
   8.5508638e+00   1.6128872e-12   3.2401057e+01   4.2998924e+00   6.9853623e+01  -5.1000000e+01  -1.6221430e+01
   1.0343462e+01   2.1580126e-13   3.7277141e+01   1.1333778e+01   6.6824986e+01  -5.1000000e+01  -2.1934805e+01
   1.1158398e+01  -5.3542283e-13   4.3044361e+01   1.9708788e+01   6.1984944e+01  -5.1000000e+01  -2.6151978e+01
   1.0673408e+01  -1.0011583e-13   4.5372406e+01   2.6538217e+01   5.7763271e+01  -5.1000000e+01  -3.1799303e+01
   1.1624080e+01  -1.6776096e-13   4.4662632e+01   3.4882500e+01   5.2315453e+01  -5.1000000e+01  -3.5555347e+01
   1.0039719e+01  -1.1381718e-12   4.7544076e+01   4.4167269e+01   4.6333800e+01  -5.1000000e+01  -3.8793081e+01
   5.2896176e+00   6.4019543e-13   5.1233740e+01   5.4154592e+01   3.8859880e+01  -5.1000000e+01  -3.7342468e+01
   1.8000580e+00   5.5741785e-14   5.3523743e+01   5.9144391e+01   3.2539533e+01  -5.1000000e+01  -3.4396872e+01
   9.1091719e-01  -6.7116444e-14   5.5862428e+01   5.6785022e+01   2.7834765e+01  -5.1000000e+01  -3.0834954e+01
  -5.4928676e-01  -7.3007929e-12   5.7948092e+01   5.4049029e+01   2.3606830e+01  -5.1000000e+01  -2.6844560e+01
  -6.4957191e-01   2.2681457e-13   5.8831409e+01   5.1423231e+01   2.0267287e+01  -5.1000000e+01  -2.1325118e+01
  -4.1916031e+00   2.1102492e-12   6.1425667e+01   4.8180429e+01   1.8859279e+01  -5.1000000e+01  -1.6694687e+01
  -4.6501553e+00   3.1650136e-13   6.1941380e+01   4.5651412e+01   1.7259195e+01  -5.1000000e+01  -1.1101047e+01
  -5.4325819e+00  -5.2036237e-13   6.1449480e+01   4.3751791e+01   1.5733676e+01  -5.1000000e+01  -5.9253367e+00
  -4.5227078e+00   5.8322029e-13   5.9957929e+01   4.1697128e+01   1.5812084e+01  -5.1000000e+01  -3.2030847e-01
  -3.5711182e+00  -2.1094392e-12   5.5003381e+01   4.0447794e+01   1.9411606e+01  -5.1000000e+01   6.2463703e+00
  -5.3908109e+00   3.0592199e-14   5.1834012e+01   3.9667740e+01   2.4814361e+01  -5.1000000e+01   1.1826159e+01
  -4.5679655e+00   1.9541766e-12   4.7995748e+01   4.0073691e+01   2.7049727e+01  -5.1000000e+01   1.5656668e+01
  -6.1480556e+00  -8.1312907e-13   4.4132494e+01   3.8980973e+01   3.1553536e+01  -5.1000000e+01   2.0815442e+01
  -7.6685557e+00  -2.4479407e-12   3.9728847e+01   3.7686317e+01   3.6212495e+01  -5.1000000e+01   2.5396148e+01
  -1.0486787e+01  -6.3858367e-13   3.4925941e+01   3.6217360e+01   4.1470374e+01  -5.1000000e+01   2.9253337e+01
  -1.4795476e+01  -1.2511990e-13   3.2867552e+01   3.3328457e+01   4.7243682e+01  -5.1000000e+01   3.3025781e+01
  -1.7109113e+01   3.6550217e-13   2.7342424e+01   3.2125753e+01   5.2573946e+01  -5.1000000e+01   3.6813435e+01
  -1.9105158e+01  -2.7572308e-13   1.9906344e+01   3.1471321e+01   5.8971545e+01  -5.1000000e+01   4.0759922e+01
  -2.2230545e+01  -2.5921090e-13   1.7771050e+01   2.6852713e+01   6.4011588e+01  -5.1000000e+01   4.3279615e+01
  -2.6042762e+01   9.5729295e-12   1.3387443e+01   2.0913482e+01   6.8791809e+01  -5.1000000e+01   4.6264434e+01
  -2.8238841e+01   7.1572574e-12   7.8057769e+00   1.5952949e+01   7.2203285e+01  -5.1000000e+01   4.7988891e+01
  -3.0807560e+01   2.7438094e-12   3.9468351e+00   1.1095163e+01   7.4848308e+01  -5.1000000e+01   4.9438741e+01
  -3.2979242e+01   1.0736843e-12   1.0011004e+00   6.8604417e+00   7.5765427e+01  -5.1000000e+01   5.0825958e+01
  -3.3894962e+01   6.4845884e-12  -1.8953458e+00   4.4792796e+00   7.5433971e+01  -5.1000000e+01   5.2202592e+01
  -3.4400004e+01  -5.5176411e-13  -5.4718667e+00   1.7101742e+00   7.6342274e+01  -5.1000000e+01   5.5017017e+01
  -3.5087139e+01   2.7329981e-12  -1.8552022e+00   1.1728681e+00   7.2742713e+01  -5.1000000e+01   5.6824320e+01
  -3.4881994e+01  -2.2260945e-12   7.2292982e-01   1.4975851e+00   6.9559963e+01  -5.1000000e+01   5.9516643e+01
  -3.3009953e+01  -1.9341334e-12   2.6984303e+00   1.1456755e+00   6.7874614e+01  -5.1000000e+01   6.0778484e+01
  -2.9803524e+01  -7.0962992e-12   5.8596049e+00  -5.4394038e+00   7.1906139e+01  -5.1000000e+01   5.8617776e+01
  -2.6011250e+01  -1.0013171e-11   5.4232491e+00  -5.2888022e+00   7.3125706e+01  -5.1000000e+01   5.3974777e+01
  -2.1855004e+01   6.2161423e-13   2.4507341e+00  -5.1239840e+00   7.6747664e+01  -5.1000000e+01   4.7686500e+01
  -1.9136327e+01  -3.5927045e-12   3.5587762e+00  -1.5302748e+00   7.9126880e+01  -5.1000000e+01   4.2484800e+01
  -1.5175229e+01  -4.0996673e-13   6.2421113e+00  -1.2692401e+00   7.4973573e+01  -5.1000000e+01   3.1311799e+01
  -1.1429123e+01  -3.0702555e-12   1.0447837e+01  -2.9631594e+00   7.4806005e+01  -5.1000000e+01   2.4960265e+01
  -6.6463875e+00   2.4706588e-12   1.0029781e+01  -6.2585756e+00   7.8134498e+01  -5.1000000e+01   1.5793727e+01
  -4.0995320e+00   3.2552144e-12   9.2415845e+00  -7.6628143e+00   7.9293282e+01  -5.1000000e+01   7.2390316e+00
  -2.8283167e+00   8.6389716e-12   1.5089495e+01  -3.6368475e+00   7.9321665e+01  -5.1000000e+01  -9.5898624e-01
   3.9739685e-03   1.5736020e-12   2.2523391e+01   2.8982068e+00   7.6301051e+01  -5.1000000e+01  -8.0330765e+00
   1.2304411e+00   7.5709652e-14   3.0618712e+01   7.7180232e+00   7.2287731e+01  -5.1000000e+01  -1.7494357e+01
   3.0574388e+00   7.5761885e-13   3.6561155e+01   1.2716251e+01   6.7858061e+01  -5.1000000e+01  -2.5572557e+01
   6.3386792e+00   7.4270393e-13   4.0959013e+01   1.8573696e+01   6.3028266e+01  -5.1000000e+01  -3.0064726e+01
   6.8934846e+00  -6.4322684e-12   4.5718722e+01   2.4584950e+01   5.8659048e+01  -5.1000000e+01  -3.5539317e+01
   7.8176055e+00  -4.7386652e-13   4.7700051e+01   3.1288059e+01   5.4111896e+01  -5.1000000e+01  -4.0210629e+01
   8.1475009e+00  -2.9848496e-12   4.8564607e+01   3.7440901e+01   4.9979360e+01  -5.1000000e+01  -4.3159144e+01
   7.6786337e+00  -7.7417437e-13   5.0446552e+01   4.6545763e+01   4.4670242e+01  -5.1000000e+01  -4.4319101e+01
   2.2924661e+00  -1.2102614e-12   5.5786634e+01   5.5641773e+01   3.8302180e+01  -5.1000000e+01  -3.9618288e+01
  -1.7414483e+00  -1.5098814e-12   5.9695814e+01   5.7937439e+01   3.2542691e+01  -5.1000000e+01  -3.5871545e+01
  -4.0981138e+00  -1.6737190e-12   6.3209237e+01   5.5372849e+01   2.7672406e+01  -5.1000000e+01  -3.1919588e+01
  -6.3297780e+00  -1.7001829e-11   6.6172086e+01   5.2334865e+01   2.2997522e+01  -5.1000000e+01  -2.6868061e+01
  -7.6890701e+00   2.9534237e-14   6.8809058e+01   4.9443630e+01   1.9657866e+01  -5.1000000e+01  -2.1008514e+01
  -8.2267749e+00   4.5571432e-11   7.0685069e+01   4.7822073e+01   1.5330314e+01  -5.1000000e+01  -1.6922512e+01
  -8.2602556e+00  -2.9397264e-12   7.1103109e+01   4.6272099e+01   1.3400148e+01  -5.1000000e+01  -1.2134470e+01
  -8.6878018e+00   8.5529865e-13   7.0566246e+01   4.4612074e+01   1.3997776e+01  -5.1000000e+01  -7.0592143e+00
  -8.5870832e+00  -5.2060748e-14   6.9033697e+01   4.3120797e+01   1.6052854e+01  -5.1000000e+01  -1.7811903e+00
  -7.7818200e+00  -3.6500953e-12   6.5483193e+01   4.1550085e+01   1.7427930e+01  -5.1000000e+01   2.4157138e+00
  -5.0948424e+00  -7.8055942e-13   5.9729974e+01   4.0378534e+01   1.9265813e+01  -5.1000000e+01   6.5876403e+00
  -5.2279381e+00   3.4221213e-12   5.8572108e+01   3.9191786e+01   2.2349555e+01  -5.1000000e+01   1.0454444e+01
  -3.9767794e+00  -1.7215413e-13   5.4975985e+01   3.9967286e+01   2.4831098e+01  -5.1000000e+01   1.4465666e+01
  -4.7231556e+00   1.1988848e-12   5.1947867e+01   4.0121103e+01   2.7647476e+01  -5.1000000e+01   1.7105709e+01
  -4.5128497e+00   3.8754409e-12   4.9003476e+01   4.0006943e+01   3.0391865e+01  -5.1000000e+01   2.0734048e+01
  -5.9057592e+00   1.4407117e-12   4.6799130e+01   3.8650107e+01   3.3143072e+01  -5.1000000e+01   2.4356329e+01
  -7.6722886e+00  -4.5717048e-12   4.5088420e+01   3.7536404e+01   3.6489569e+01  -5.1000000e+01   2.7323032e+01
  -8.3167544e+00   6.9314623e-12   4.1819367e+01   3.7032475e+01   3.9535643e+01  -5.1000000e+01   3.1383591e+01
  -9.6848505e+00  -6.2565355e-12   3.8127057e+01   3.7012499e+01   4.3913307e+01  -5.1000000e+01   3.5154992e+01
  -1.2889891e+01  -2.6488794e-12   3.4149090e+01   3.5017904e+01   4.9392879e+01  -5.1000000e+01   3.6708085e+01
  -1.5581213e+01  -8.1660496e-12   2.8853827e+01   3.4722872e+01   5.5208089e+01  -5.1000000e+01   3.8693258e+01
  -1.8702496e+01  -2.1528076e-13   2.5365298e+01   3.2516869e+01   6.0657512e+01  -5.1000000e+01   4.0137447e+01
  -2.0345065e+01   1.1594311e-12   2.1869149e+01   2.9975475e+01   6.5600586e+01  -5.1000000e+01   4.3536267e+01
  -2.2703395e+01  -1.7833197e-12   1.7226204e+01   2.5452674e+01   6.9713969e+01  -5.1000000e+01   4.5717656e+01
  -2.5729151e+01   1.2654015e-12   1.4649122e+01   1.9826718e+01   7.3344663e+01  -5.1000000e+01   4.7822097e+01
  -2.7695576e+01  -1.3748697e-13   9.5863720e+00   1.4629039e+01   7.6989353e+01  -5.1000000e+01   4.9666018e+01
  -2.8622669e+01   3.0104652e-12   4.3006316e+00   1.0186686e+01   7.9193942e+01  -5.1000000e+01   5.1894243e+01
  -2.9658924e+01   1.9867774e-13   3.0179259e+00   6.9319861e+00   8.0123961e+01  -5.1000000e+01   5.2973809e+01
  -3.0752882e+01   7.3907869e-13   3.0739047e+00   5.3522097e+00   7.8459622e+01  -5.1000000e+01   5.5023326e+01
  -3.0366297e+01   3.0646949e-12   2.3896664e+00   3.1077707e+00   7.6167161e+01  -5.1000000e+01   5.7070834e+01
  -2.9481442e+01   1.6729070e-12   2.7797277e+00  -2.7654587e+00   7.3973273e+01  -5.1000000e+01   5.8670201e+01
  -2.4319556e+01  -2.2169799e-12   1.8020558e+00  -4.4731447e+00   7.8999264e+01  -5.1000000e+01   5.9349847e+01
  -2.0802940e+01   1.6111000e-12   1.2938049e+00  -3.5389966e+00   8.0962375e+01  -5.1000000e+01   5.1528185e+01
  -1.5710992e+01  -7.3812306e-13  -2.4591632e+00  -5.6297809e+00   8.8148543e+01  -5.1000000e+01   4.4275724e+01
  -1.1607274e+01   9.5806136e-13   4.9109069e+00  -3.7625143e+00   8.6982015e+01  -5.1000000e+01   3.7233833e+01
  -8.3936263e+00   8.3679601e-13   1.3531078e+01   1.4716400e+00   8.0901079e+01  -5.1000000e+01   2.7631750e+01
  -5.1888263e+00   1.9806829e-12   2.1438769e+01   6.1031103e+00   7.4927149e+01  -5.1000000e+01   1.6761715e+01
  -1.7220836e+00  -4.5781794e-13   3.0420033e+01   1.0015361e+01   6.7126904e+01  -5.1000000e+01   5.6139670e+00
   9.5323650e-01  -2.3166319e-12   3.8365025e+01   1.2506429e+01   5.9230997e+01  -5.1000000e+01  -5.3328129e+00
   2.7088640e+00   2.8469283e-14   4.0519440e+01   1.4092240e+01   5.5700239e+01  -5.1000000e+01  -1.4816929e+01
   5.3655607e+00  -1.4557730e-13   4.3204846e+01   1.7237366e+01   5.3835173e+01  -5.1000000e+01  -2.2035555e+01
   8.5857857e+00  -2.6537315e-14   4.5578673e+01   1.9442545e+01   5.1926542e+01  -5.1000000e+01  -2.9255043e+01
   7.8025119e+00  -1.4951343e-13   4.8763988e+01   2.2195026e+01   5.0661546e+01  -5.1000000e+01  -3.5576841e+01
   9.7005764e+00   8.0385697e-13   5.0100676e+01   2.5428169e+01   4.9466812e+01  -5.1000000e+01  -4.0751341e+01
   1.0886615e+01  -6.7782241e-13   5.1308857e+01   2.9026746e+01   4.8218147e+01  -5.1000000e+01  -4.5201106e+01
   1.4026132e+01   6.5907772e-12   5.1125046e+01   3.2704644e+01   4.7799507e+01  -5.1000000e+01  -4.7128707e+01
   1.5536395e+01   5.9575071e-14   5.0246499e+01   3.6625770e+01   4.7875396e+01  -5.1000000e+01  -4.7219422e+01
   1.7008015e+01   1.0243170e-12   4.8179513e+01   4.0554437e+01   4.7610437e+01  -5.1000000e+01  -4.7491561e+01
   1.5537368e+01  -1.3781042e-13   4.7643005e+01   4.7897253e+01   4.5249029e+01  -5.1000000e+01  -4.8292296e+01
   1.3713438e+01   7.5735513e-13   4.7209351e+01   5.7020340e+01   4.1250607e+01  -5.1000000e+01  -4.6479460e+01
   1.1266175e+01  -1.4800501e-13   4.6729488e+01   6.5807784e+01   3.5517014e+01  -5.1000000e+01  -4.0443762e+01
   1.2579092e+01  -1.5949263e-12   4.4851915e+01   6.5561307e+01   3.2932550e+01  -5.1000000e+01  -3.5491757e+01
   1.2949794e+01  -6.7410051e-13   4.3147433e+01   6.3227701e+01   3.1316753e+01  -5.1000000e+01  -2.9983814e+01
   1.0621432e+01  -2.2615836e-13   4.4758264e+01   6.0702185e+01   3.1180471e+01  -5.1000000e+01  -2.5494640e+01
   7.1724790e+00  -2.2599425e-13   4.8774934e+01   5.7221587e+01   3.0145108e+01  -5.1000000e+01  -2.0759887e+01
   4.9320115e+00  -1.6699318e-11   5.1918189e+01   5.4159202e+01   2.7973625e+01  -5.1000000e+01  -1.6678350e+01
   1.2950543e+00   1.4024117e-12   5.6485534e+01   5.0798989e+01   2.5552636e+01  -5.1000000e+01  -1.3277538e+01
  -2.6053171e+00   4.4038870e-12   6.1797262e+01   4.8766179e+01   2.2679958e+01  -5.1000000e+01  -1.0622779e+01
  -1.9488543e+00   1.5780789e-13   6.2799684e+01   4.6020639e+01   2.0016650e+01  -5.1000000e+01  -2.7889312e+00
  -2.7744312e+00  -9.2840299e-13   6.2116239e+01   4.3970556e+01   1.8831522e+01  -5.1000000e+01   2.5869226e+00
  -7.5446282e-01  -2.7102562e-13   5.9750852e+01   4.3148504e+01   1.9587619e+01  -5.1000000e+01   8.0893065e+00
  -3.0078789e+00  -1.2041605e-12   5.7341632e+01   4.2489968e+01   2.3408359e+01  -5.1000000e+01   1.1712923e+01
  -2.8244098e+00  -2.4230624e-12   5.4455151e+01   4.1972779e+01   2.5662410e+01  -5.1000000e+01   1.5156934e+01
  -4.7991911e+00  -1.5105699e-12   5.2666678e+01   4.1486670e+01   2.9195044e+01  -5.1000000e+01   1.7596756e+01
  -3.5108104e+00   6.0483594e-13   4.9923948e+01   4.0266324e+01   3.0452916e+01  -5.1000000e+01   2.2953025e+01
  -5.4795273e+00  -7.0989255e-13   4.6616127e+01   3.9189021e+01   3.3979890e+01  -5.1000000e+01   2.6270136e+01
  -6.9707369e+00   2.2460358e-12   4.3344503e+01   3.7645372e+01   3.8246595e+01  -5.1000000e+01   3.0574730e+01
  -8.1263852e+00  -1.8659730e-12   3.9790312e+01   3.6819366e+01   4.1985779e+01  -5.1000000e+01   3.4331718e+01
  -1.3740141e+01  -1.7031610e-12   3.8430101e+01   3.3250399e+01   4.7768605e+01  -5.1000000e+01   3.5882678e+01
  -1.5434327e+01   2.0918022e-13   3.3132393e+01   3.1205917e+01   5.3430737e+01  -5.1000000e+01   3.9453563e+01
  -1.7760273e+01   3.2854139e-12   2.6973125e+01   2.8943462e+01   5.9451289e+01  -5.1000000e+01   4.2265663e+01
  -1.9772419e+01  -1.7768426e-12   2.0285977e+01   2.6701939e+01   6.5324562e+01  -5.1000000e+01   4.4866749e+01
  -2.1706538e+01   2.6470906e-13   1.5551830e+01   2.2074826e+01   7.0281062e+01  -5.1000000e+01   4.7489727e+01
  -2.4996181e+01   2.2828453e-12   1.3876113e+01   1.5560226e+01   7.4672720e+01  -5.1000000e+01   5.0675267e+01
  -2.7247862e+01   1.0421478e-12   9.5975476e+00   9.6407287e+00   7.8435042e+01  -5.1000000e+01   5.2049000e+01
  -2.7226235e+01  -6.8148217e-13   5.3948641e+00   4.6265850e+00   8.0690245e+01  -5.1000000e+01   5.4893969e+01
  -2.5414053e+01   1.9098124e-12   6.8793068e+00   2.8847385e+00   7.7987530e+01  -5.1000000e+01   5.5336629e+01
  -2.2999944e+01   1.4833615e-12   3.1793545e+00  -1.7226032e+00   8.1466579e+01  -5.1000000e+01   5.3308670e+01
  -1.9581082e+01  -1.3404502e-12   1.7302695e+00  -3.5821500e+00   8.7753047e+01  -5.1000000e+01   5.0037379e+01
  -1.5971443e+01  -1.0293429e-12   1.6094435e+00  -1.2082824e+00   8.8867002e+01  -5.1000000e+01   4.4886582e+01
  -1.2569947e+01   2.3829189e-12   9.8528612e+00   6.2875726e-01   8.5552635e+01  -5.1000000e+01   3.7281072e+01
  -1.0129544e+01   1.7764938e-12   1.7564406e+01   4.4838865e+00   7.9642782e+01  -5.1000000e+01   2.8782992e+01
  -5.5835274e+00  -5.9171268e-13   2.3660172e+01   8.7219834e+00   7.2909912e+01  -5.1000000e+01   1.8970867e+01
  -3.9643477e+00   2.3242915e-12   3.0847946e+01   1.1065079e+01   6.5247886e+01  -5.1000000e+01   7.7328602e+00
  -2.2416144e+00   3.5853453e-13   3.7605203e+01   1.4046139e+01   5.7159797e+01  -5.1000000e+01  -3.8019088e+00
  -1.2523416e+00   3.7137842e-14   4.3626558e+01   1.6680963e+01   5.0970299e+01  -5.1000000e+01  -1.3755967e+01
   9.5912269e-01  -2.7180011e-13   4.6701068e+01   1.9916837e+01   4.6556568e+01  -5.1000000e+01  -2.2090405e+01
   1.7626261e+00  -3.0683296e-14   4.8791038e+01   2.2048531e+01   4.3366655e+01  -5.1000000e+01  -2.9341252e+01
  -5.5892591e-01  -2.1631652e-12   5.1809088e+01   2.3780245e+01   4.0726382e+01  -5.1000000e+01  -3.6910321e+01
  -8.2443938e-01   2.0755604e-13   5.4365402e+01   2.6521673e+01   3.7547680e+01  -5.1000000e+01  -4.3248200e+01
  -1.1959054e+00   8.8155571e-13   5.6514054e+01   2.9549256e+01   3.4564157e+01  -5.1000000e+01  -4.8259277e+01
  -5.9018902e-01  -1.8579488e-13   5.8464787e+01   3.3349630e+01   3.1869652e+01  -5.1000000e+01  -5.1624376e+01
  -6.4176927e-01  -1.8100234e-13   6.0595070e+01   3.7598550e+01   2.9514011e+01  -5.1000000e+01  -5.3091619e+01
  -2.4232379e+00   1.0526922e-12   6.1363287e+01   4.4433538e+01   2.6075734e+01  -5.1000000e+01  -5.4543885e+01
  -4.9616709e+00  -1.3117177e-13   6.5103468e+01   5.2353398e+01   2.2392226e+01  -5.1000000e+01  -5.1316019e+01
  -8.8017053e+00   2.0992740e-14   7.0283159e+01   5.8379834e+01   1.9071786e+01  -5.1000000e+01  -4.4648419e+01
  -1.1616191e+01  -2.5691399e-12   7.4299050e+01   5.7109468e+01   1.5477074e+01  -5.1000000e+01  -3.8720969e+01
  -1.2947368e+01   6.9366891e-13   7.6297445e+01   5.4775294e+01   1.2393944e+01  -5.1000000e+01  -3.1664031e+01
  -1.2964473e+01   1.2064865e-11   7.7611331e+01   5.2807540e+01   9.1861936e+00  -5.1000000e+01  -2.5153311e+01
  -9.1247423e+00   5.2513099e-13   7.4909998e+01   5.0376817e+01   7.0742462e+00  -5.1000000e+01  -1.8150446e+01
  -1.0186430e+01  -4.5225276e-12   7.4132594e+01   4.7765819e+01   7.4761036e+00  -5.1000000e+01  -1.2186520e+01
  -9.0507275e+00  -6.3826538e-12   7.1805794e+01   4.5438492e+01   8.3694553e+00  -5.1000000e+01  -6.6327559e+00
  -7.9263711e+00  -8.0868271e-13   6.8316875e+01   4.3500250e+01   9.4754742e+00  -5.1000000e+01  -1.8215243e+00
  -6.4311477e+00  -4.9646911e-12   6.3010095e+01   4.1285941e+01   1.2241664e+01  -5.1000000e+01   3.6471059e+00
  -6.3040488e+00  -9.6915448e-12   5.6609158e+01   3.9217777e+01   1.8900137e+01  -5.1000000e+01   1.0951040e+01
  -8.0390030e+00   2.0013015e-12   5.2040477e+01   3.8761774e+01   2.4767291e+01  -5.1000000e+01   1.3815786e+01
  -7.3457221e+00   2.5580278e-12   4.8513206e+01   3.8321157e+01   2.7332465e+01  -5.1000000e+01   1.8195126e+01
  -9.6862235e+00  -7.6288825e-13   4.4203426e+01   3.6281750e+01   3.2778400e+01  -5.1000000e+01   2.4273860e+01
  -9.6493084e+00  -1.7681019e-12   3.6894134e+01   3.8175773e+01   3.7645229e+01  -5.1000000e+01   2.8260693e+01
  -1.1949200e+01  -5.5398738e-13   3.2623347e+01   3.7086678e+01   4.3952065e+01  -5.1000000e+01   3.2141853e+01
  -1.6286388e+01   9.9009825e-13   3.1463649e+01   3.3474711e+01   4.9354591e+01  -5.1000000e+01   3.4562360e+01
  -1.8857438e+01   6.4770766e-14   2.6964405e+01   3.1864257e+01   5.4741349e+01  -5.1000000e+01   3.8181668e+01
  -2.0998044e+01   1.8500875e-12   2.1361868e+01   3.0456336e+01   6.0212464e+01  -5.1000000e+01   4.0909076e+01
  -2.2769839e+01   3.9741570e-12   1.8665527e+01   2.7406940e+01   6.4563768e+01  -5.1000000e+01   4.3484864e+01
  -2.3903528e+01   1.5890683e-13   1.3742424e+01   2.3263490e+01   6.9006378e+01  -5.1000000e+01   4.7613422e+01
  -2.6951195e+01   6.6705791e-13   1.0855837e+01   1.7233867e+01   7.2630609e+01  -5.1000000e+01   4.9915418e+01
  -2.9746011e+01   1.9083687e-12   5.3412133e+00   1.1938908e+01   7.5460906e+01  -5.1000000e+01   5.1467412e+01
  -3.2175785e+01   2.9268493e-12   8.4300333e-01   6.9141385e+00   7.7461726e+01  -5.1000000e+01   5.3058369e+01
  -3.3077136e+01   3.6717845e-12  -4.3712559e+00   1.8199288e+00   7.9512040e+01  -5.1000000e+01   5.5806039e+01
  -3.2086637e+01   1.6435835e-12  -4.1804302e+00  -8.8084801e-01   7.9216338e+01  -5.1000000e+01   5.7066757e+01
  -3.0534797e+01  -7.1688760e-13  -6.5711095e+00  -5.5282448e+00   8.0917765e+01  -5.1000000e+01   5.8430451e+01
  -2.6068729e+01  -2.3890502e-12  -5.1449233e+00  -8.3537023e+00   8.4985762e+01  -5.1000000e+01   5.9541241e+01
  -2.1524533e+01  -3.6652780e-12  -3.6903308e+00  -4.9727613e+00   8.4072518e+01  -5.1000000e+01   5.2063497e+01
  -1.8786901e+01  -8.9637765e-13  -5.5443290e+00  -5.5928486e+00   8.8772355e+01  -5.1000000e+01   4.7304249e+01
  -1.4121979e+01   1.5939327e-12   8.8695895e-01  -9.6576430e-01   8.4204460e+01  -5.1000000e+01   3.8304896e+01
  -1.1733651e+01   9.5978743e-13   1.1544448e+01   3.0963914e-01   8.2143476e+01  -5.1000000e+01   3.1775672e+01
  -8.5657400e+00   3.1053965e-12   1.8126993e+01   1.0482308e+00   7.7944778e+01  -5.1000000e+01   2.4775955e+01
  -6.7361075e+00  -1.9348068e-12   1.8992620e+01   2.9086343e+00   7.3742265e+01  -5.1000000e+01   1.4609274e+01
  -5.7048557e+00   1.7228813e-12   2.4561074e+01   4.4158820e+00   7.0297911e+01  -5.1000000e+01   4.9474760e+00
  -2.4478886e+00   1.1916480e-11   3.2250436e+01   7.8699315e+00   6.3448820e+01  -5.1000000e+01  -4.6666401e-01
  -8.6113493e-02   1.9045214e-12   3.8258818e+01   1.1645997e+01   5.7142315e+01  -5.1000000e+01  -9.9984387e+00
   6.9546311e-01   7.2623263e-13   4.2368534e+01   1.6303092e+01   5.2296689e+01  -5.1000000e+01  -1.6771245e+01
   4.1175225e+00  -3.8135277e-14   4.5702215e+01   2.2552316e+01   4.7274195e+01  -5.1000000e+01  -2.3057152e+01
   3.1507572e+00   6.4206700e-13   4.9957006e+01   2.6949950e+01   4.4046666e+01  -5.1000000e+01  -2.9520411e+01
   3.0350251e+00  -1.9392608e-12   5.3468539e+01   3.1431669e+01   4.0625600e+01  -5.1000000e+01  -3.5224095e+01
   4.1701451e+00   4.5435162e-13   5.5797214e+01   3.6397387e+01   3.7470407e+01  -5.1000000e+01  -3.8274905e+01
   3.0460079e+00   1.8363309e-12   5.7941739e+01   4.1736794e+01   3.4472378e+01  -5.1000000e+01  -4.0557994e+01
  -7.4256512e-01  -8.4963206e-13   6.1836062e+01   4.8357772e+01   3.0583955e+01  -5.1000000e+01  -3.9556178e+01
  -4.5015896e+00  -2.6418547e-13   6.5097228e+01   5.5999869e+01   2.4891253e+01  -5.1000000e+01  -3.4162041e+01
  -7.1704578e+00   7.2857723e-14   6.8664322e+01   5.4545367e+01   2.0558063e+01  -5.1000000e+01  -3.0339707e+01
  -8.7213312e+00   1.1283919e-13   7.1175344e+01   5.2148534e+01   1.6951338e+01  -5.1000000e+01  -2.5326726e+01
  -9.4883416e+00   5.2587199e-12   7.3108110e+01   5.0590043e+01   1.3261609e+01  -5.1000000e+01  -2.1054864e+01
  -8.9492670e+00  -6.4635406e-14   7.1890645e+01   4.8439581e+01   1.2151006e+01  -5.1000000e+01  -1.6071791e+01
  -8.9184555e+00  -2.1533091e-12   7.0295342e+01   4.6374099e+01   1.2714797e+01  -5.1000000e+01  -1.0864251e+01
  -7.4095632e+00  -1.1940921e-12   6.7705899e+01   4.5237918e+01   1.3565001e+01  -5.1000000e+01  -7.0292598e+00
  -7.4686087e+00  -7.1101934e-12   6.5979098e+01   4.4227951e+01   1.5503966e+01  -5.1000000e+01  -3.1148292e+00
  -7.3914484e+00  -7.6549121e-15   6.2338184e+01   4.3493112e+01   1.8025910e+01  -5.1000000e+01   8.7728720e-01
  -6.0770644e+00   6.3242899e-12   5.8847612e+01   4.2717168e+01   2.0128997e+01  -5.1000000e+01   4.5020993e+00
  -6.5124980e+00   1.7728275e-12   5.6062513e+01   4.1307934e+01   2.2040783e+01  -5.1000000e+01   9.2199594e+00
  -8.2045065e+00  -4.7321494e-12   5.3994041e+01   4.0788612e+01   2.5864307e+01  -5.1000000e+01   1.2079721e+01
  -7.1566503e+00   9.2005441e-12   5.0240587e+01   4.1532570e+01   2.8142689e+01  -5.1000000e+01   1.4615555e+01
  -8.9630913e+00   1.8236969e-12   4.8433518e+01   4.0041135e+01   3.1794970e+01  -5.1000000e+01   1.7287125e+01
  -7.8915165e+00  -6.7570004e-13   4.3688381e+01   4.1244321e+01   3.4757663e+01  -5.1000000e+01   2.1799889e+01
  -9.6925119e+00   5.0298117e-12   4.0357472e+01   3.8965118e+01   3.8393797e+01  -5.1000000e+01   2.4806140e+01
  -1.0706964e+01  -1.3621508e-13   3.6459407e+01   3.8230685e+01   4.2401321e+01  -5.1000000e+01   2.7739761e+01
  -1.3828462e+01  -3.8312942e-12   3.4836233e+01   3.7564127e+01   4.6835718e+01  -5.1000000e+01   2.9264265e+01
  -1.5744197e+01   3.0269095e-12   3.1471039e+01   3.6484301e+01   5.1287345e+01  -5.1000000e+01   3.1836780e+01
  -1.8928660e+01  -1.2410197e-12   3.0165481e+01   3.3214394e+01   5.4934866e+01  -5.1000000e+01   3.4407597e+01
  -2.0735844e+01  -4.4960697e-14   2.4894201e+01   3.1610436e+01   5.9511278e+01  -5.1000000e+01   3.7380448e+01
  -2.2751677e+01   2.8182650e-12   2.0515320e+01   2.8744646e+01   6.3204521e+01  -5.1000000e+01   3.8531634e+01
  -2.5152232e+01   2.7005461e-12   1.9497185e+01   2.3429024e+01   6.5903898e+01  -5.1000000e+01   4.1314694e+01
  -2.6692844e+01  -5.6204779e-12   1.5498761e+01   1.9500410e+01   6.8466869e+01  -5.1000000e+01   4.4908814e+01
  -3.0098270e+01  -1.1397259e-11   1.1839438e+01   1.5303140e+01   7.0799279e+01  -5.1000000e+01   4.6868038e+01
  -3.2628480e+01   1.1919082e-12   9.2410753e+00   1.2459742e+01   7.2065536e+01  -5.1000000e+01   4.9310503e+01
  -3.5789842e+01   1.1732127e-12   1.1828074e+01   1.0303329e+01   7.0911505e+01  -5.1000000e+01   5.0985928e+01
  -3.6000723e+01   5.0508740e-13   1.0298060e+01   8.4451801e+00   6.9587922e+01  -5.1000000e+01   5.3444212e+01
  -3.5584396e+01  -1.5683967e-12   7.5361549e+00   6.4322728e+00   7.0172941e+01  -5.1000000e+01   5.5073338e+01
  -3.4414834e+01  -5.4277398e-13   7.3256480e+00   3.6420257e+00   7.1332893e+01  -5.1000000e+01   5.6863137e+01
  -3.0021477e+01  -5.6661933e-12   4.7754255e+00  -3.6243370e+00   7.6110494e+01  -5.1000000e+01   5.3354282e+01
  -2.5181806e+01  -1.4040604e-12   4.4582500e+00  -3.8810881e+00   7.8605788e+01  -5.1000000e+01   4.8475565e+01
  -2.2772557e+01  -9.5396643e-13   5.4630924e+00  -5.2260371e+00   7.6726554e+01  -5.1000000e+01   3.7653724e+01
  -1.9985638e+01   4.2558888e-12   1.0296684e+01  -2.3403973e+00   7.3618201e+01  -5.1000000e+01   2.9803751e+01
  -1.5696827e+01  -2.2991734e-12   1.6690565e+01   2.3142198e+00   7.1032567e+01  -5.1000000e+01   2.2916553e+01
  -1.2604445e+01  -8.5895329e-13   2.5359746e+01   7.1245767e+00   6.6199982e+01  -5.1000000e+01   1.5105688e+01
  -7.3098783e+00   6.5442686e-12   3.5611990e+01   1.2869252e+01   5.8085389e+01  -5.1000000e+01   4.8958921e+00
  -3.6046815e+00   2.8807778e-12   4.3100449e+01   1.6962084e+01   5.0523353e+01  -5.1000000e+01  -5.0790672e+00
  -2.0211667e-01   4.3412413e-13   4.8076854e+01   1.9980307e+01   4.6090530e+01  -5.1000000e+01  -1.0663267e+01
  -3.6379063e-01   1.1987199e-12   5.2809359e+01   2.2855951e+01   4.2828225e+01  -5.1000000e+01  -1.8898858e+01
   9.6769267e-01   7.4293489e-13   5.6416607e+01   2.5832836e+01   3.9540926e+01  -5.1000000e+01  -2.6079141e+01
   9.0757827e-01  -4.4526839e-14   5.9523117e+01   2.9714219e+01   3.6841212e+01  -5.1000000e+01  -3.2139530e+01
   5.5904094e-01   7.3979031e-13   6.2247718e+01   3.2657915e+01   3.4398903e+01  -5.1000000e+01  -3.7111235e+01
  -1.1588628e+00   7.1537621e-13   6.4938878e+01   3.7105913e+01   3.1574234e+01  -5.1000000e+01  -4.1531281e+01
  -2.3792975e+00  -1.0712145e-13   6.6378788e+01   4.2777677e+01   2.7622070e+01  -5.1000000e+01  -4.4571992e+01
  -5.2623414e+00  -2.5762667e-13   6.9509571e+01   4.9303009e+01   2.3603360e+01  -5.1000000e+01  -4.4725354e+01
  -8.1953668e+00  -2.4863498e-13   7.2680191e+01   5.6145630e+01   1.9332877e+01  -5.1000000e+01  -4.0692856e+01
  -8.6915746e+00  -8.6175886e-13   7.4444886e+01   5.6864469e+01   1.5308950e+01  -5.1000000e+01  -3.6274557e+01
  -1.0367161e+01  -9.9426096e-13   7.6207832e+01   5.4997785e+01   1.2807553e+01  -5.1000000e+01  -3.0305743e+01
  -9.4912401e+00   5.2561894e-13   7.3806303e+01   5.2381485e+01   1.2771866e+01  -5.1000000e+01  -2.2811451e+01
  -8.8245073e+00  -6.5413209e-13   7.0761941e+01   5.0080647e+01   1.3740173e+01  -5.1000000e+01  -1.6574147e+01
  -9.0131803e+00   3.2340105e-13   6.8212479e+01   4.8259208e+01   1.4793954e+01  -5.1000000e+01  -1.2399363e+01
  -8.5391090e+00   9.8019428e-14   6.4659220e+01   4.6742989e+01   1.7252428e+01  -5.1000000e+01  -7.8008492e+00
  -8.2026518e+00  -4.2466123e-13   6.0208190e+01   4.5213516e+01   2.0441885e+01  -5.1000000e+01  -3.1145571e+00
  -9.2868129e+00   6.3640275e-12   5.8765607e+01   4.4028829e+01   2.2898980e+01  -5.1000000e+01  -2.2699913e-01
  -9.5249922e+00  -2.2170276e-12   5.4763362e+01   4.2846658e+01   2.5458708e+01  -5.1000000e+01   3.7021935e+00
  -9.5953381e+00   5.0819961e-12   5.1879154e+01   4.2892179e+01   2.8171447e+01  -5.1000000e+01   6.3709424e+00
  -1.0568576e+01   1.3193838e-12   4.9265399e+01   4.2998236e+01   3.1067421e+01  -5.1000000e+01   8.4510509e+00
  -1.0302325e+01   2.0146106e-13   4.5912363e+01   4.2468148e+01   3.3766811e+01  -5.1000000e+01   1.1714079e+01
  -1.1496118e+01  -1.8603676e-12   4.2941915e+01   4.1647623e+01   3.7118017e+01  -5.1000000e+01   1.5914572e+01
  -1.1917899e+01  -1.4520692e-12   4.0157753e+01   4.1197795e+01   3.9957779e+01  -5.1000000e+01   1.9291980e+01
  -1.3419220e+01  -3.9888497e-13   3.6646842e+01   4.0319273e+01   4.3352390e+01  -5.1000000e+01   2.1495643e+01
  -1.6213051e+01  -3.2947920e-15   3.2467167e+01   3.9194059e+01   4.8125773e+01  -5.1000000e+01   2.3644068e+01
  -1.8346225e+01   6.8333708e-12   2.9802081e+01   3.8251323e+01   5.2185797e+01  -5.1000000e+01   2.5695324e+01
  -2.0538349e+01   4.9054977e-12   2.6396291e+01   3.8530592e+01   5.5958036e+01  -5.1000000e+01   2.6513496e+01
  -2.3128170e+01   7.1666981e-12   2.7085231e+01   3.4511261e+01   5.6494227e+01  -5.1000000e+01   2.8574257e+01
  -2.4710122e+01  -7.2070127e-12   2.4880961e+01   3.1457430e+01   5.9250516e+01  -5.1000000e+01   3.3530420e+01
  -2.6868064e+01   6.2159350e-13   2.1958091e+01   2.7480650e+01   6.1745794e+01  -5.1000000e+01   3.6384420e+01
  -2.9132777e+01   2.1634550e-12   1.6823591e+01   2.2876619e+01   6.4428150e+01  -5.1000000e+01   3.8901627e+01
  -3.1893874e+01  -9.7250765e-13   1.2433675e+01   1.8216855e+01   6.7496349e+01  -5.1000000e+01   4.1036184e+01
  -3.4124630e+01   1.8193535e-13   8.2410654e+00   1.4454212e+01   6.8849050e+01  -5.1000000e+01   4.2645186e+01
  -3.6299149e+01   1.6215749e-12   6.2392717e+00   1.1245788e+01   6.9732943e+01  -5.1000000e+01   4.5834591e+01
  -3.7325479e+01   9.8510579e-13   6.9269919e+00   9.3221653e+00   6.7548983e+01  -5.1000000e+01   4.8258533e+01
  -3.9122074e+01   2.4868858e-12   8.0030892e+00   6.3587932e+00   6.4896529e+01  -5.1000000e+01   5.1948021e+01
  -3.9041394e+01   1.5067860e-12   6.3635650e+00   2.8529647e+00   6.1693774e+01  -5.1000000e+01   5.3277506e+01
  -3.8125484e+01  -2.4666305e-12   5.9158157e+00   5.2539122e-01   5.9362131e+01  -5.1000000e+01   5.5259235e+01
  -3.5797772e+01  -2.2698557e-12   5.9046387e+00  -2.6076693e+00   6.1604446e+01  -5.1000000e+01   5.5648815e+01
  -3.3322936e+01  -5.9355764e-13   5.9285212e+00  -5.8875703e+00   6.3748300e+01  -5.1000000e+01   5.2720092e+01
  -2.9441283e+01   2.0232204e-12   1.2925744e+00  -9.7053158e+00   7.1781350e+01  -5.1000000e+01   4.6764885e+01
  -2.6115481e+01   2.9743868e-12  -1.5215362e+00  -9.2749175e+00   7.5910433e+01  -5.1000000e+01   3.7789614e+01
  -2.2697677e+01   4.8716643e-12   1.4497977e+00  -6.0467418e+00   7.8034301e+01  -5.1000000e+01   3.1091739e+01
  -2.0170292e+01   3.6251038e-12   9.8453441e+00  -1.0778401e+00   7.3597803e+01  -5.1000000e+01   2.3651741e+01
  -1.6792330e+01   5.7053996e-12   1.8619227e+01   3.6298658e+00   6.8432574e+01  -5.1000000e+01   1.7752213e+01
  -1.4786321e+01   7.6525109e-12   2.8294712e+01   7.1555198e+00   6.1481069e+01  -5.1000000e+01   9.5066102e+00
  -1.0808006e+01   5.3648321e-12   3.6537645e+01   1.2560610e+01   5.3686165e+01  -5.1000000e+01   6.6242549e-02
  -8.2597631e+00   2.4575603e-12   4.4163553e+01   1.5772600e+01   4.6734875e+01  -5.1000000e+01  -8.3553720e+00
  -5.2741934e+00  -5.1349430e-14   4.8863128e+01   1.9656972e+01   4.1531620e+01  -5.1000000e+01  -1.5687139e+01
  -4.6076563e+00  -7.1032397e-13   5.3879622e+01   2.4007905e+01   3.6813617e+01  -5.1000000e+01  -2.2954324e+01
  -4.7000975e+00   1.6066042e-12   5.8080297e+01   2.8218057e+01   3.2292474e+01  -5.1000000e+01  -2.9586979e+01
  -4.1988312e+00  -3.6247662e-12   6.0997983e+01   3.2592700e+01   2.7866610e+01  -5.1000000e+01  -3.5559588e+01
  -4.9196300e+00  -1.0597624e-12   6.3661409e+01   3.7295385e+01   2.4092284e+01  -5.1000000e+01  -3.9102588e+01
  -6.3852757e+00   3.4584284e-13   6.6388581e+01   4.3443244e+01   2.0416395e+01  -5.1000000e+01  -4.1366349e+01
  -8.6520152e+00  -5.8005197e-13   6.8688773e+01   5.0096561e+01   1.6389693e+01  -5.1000000e+01  -4.0643496e+01
  -1.2257522e+01  -8.2575031e-13   7.1758115e+01   5.5867359e+01   1.4045564e+01  -5.1000000e+01  -3.5047504e+01
  -1.1551756e+01  -5.0577144e-13   7.1686347e+01   5.4676800e+01   1.1792404e+01  -5.1000000e+01  -2.9937659e+01
  -1.0925640e+01  -4.8088350e-13   7.0538475e+01   5.3260971e+01   1.1493437e+01  -5.1000000e+01  -2.4984762e+01
  -9.7109672e+00   4.5707507e-13   6.7349885e+01   5.1575305e+01   1.3230983e+01  -5.1000000e+01  -2.0022586e+01
