  -2.6286056e+01   1.8342836e+01   4.7465404e+01   1.9711147e+01   2.6266456e+01  -4.9320256e+01   2.0428388e+01
  -2.7847527e+01   4.4026312e+00   4.7242058e+01   2.1293746e+01   2.7134037e+01  -5.1213312e+01   2.2483564e+01
  -1.6749631e+01  -2.0000000e+00   4.0308817e+01   3.0426625e+01   3.6116271e+01  -5.1000000e+01   3.0752449e+01
  -1.6355956e+01  -2.0000000e+00   3.1383799e+01   3.5116789e+01   4.4414845e+01  -5.1000000e+01   3.4069091e+01
  -1.8866116e+01  -2.0000000e+00   2.5481110e+01   3.4397575e+01   5.2855600e+01  -5.1000000e+01   3.6302556e+01
  -2.2313049e+01  -2.0000000e+00   2.3462796e+01   3.2250885e+01   5.8707067e+01  -5.1000000e+01   3.6317533e+01
  -2.4299079e+01  -2.0000000e+00   2.1404819e+01   3.0088324e+01   6.2713676e+01  -5.1000000e+01   3.8900835e+01
  -2.5313540e+01  -2.0000000e+00   1.6441241e+01   2.7591694e+01   6.6730014e+01  -5.1000000e+01   4.2465537e+01
  -2.7895944e+01  -2.0000000e+00   1.1527816e+01   2.2715562e+01   7.0719686e+01  -5.1000000e+01   4.4913075e+01
  -3.0831929e+01  -2.0000000e+00   6.2002001e+00   1.6954959e+01   7.2632504e+01  -5.1000000e+01   4.6056498e+01
  -3.3816625e+01  -2.0000000e+00   6.0961931e-01   1.1112900e+01   7.6202090e+01  -5.1000000e+01   4.9176605e+01
  -3.4867074e+01  -2.0000000e+00  -2.2080953e+00   8.1893074e+00   7.7179994e+01  -5.1000000e+01   5.1214596e+01
  -3.6241665e+01  -2.0000000e+00   1.3461942e+00   7.4794202e+00   7.4435810e+01  -5.1000000e+01   5.2684115e+01
  -3.7924842e+01  -2.0000000e+00   1.6274636e+00   6.6506414e+00   7.2964953e+01  -5.1000000e+01   5.5647487e+01
  -3.7798413e+01  -2.0000000e+00   8.8196177e-01   5.3828197e+00   7.1981819e+01  -5.1000000e+01   5.9147247e+01
  -3.6545158e+01  -2.0000000e+00   4.7179096e+00   3.6564410e+00   6.6179711e+01  -5.1000000e+01   5.9208349e+01
  -3.4602199e+01  -2.0000000e+00   2.6294689e+00   6.2944115e-01   6.8921700e+01  -5.1000000e+01   6.0491219e+01
  -3.1198585e+01  -2.0000000e+00   2.5939608e+00  -6.9281397e+00   6.8706345e+01  -5.1000000e+01   5.8297155e+01
  -2.8496732e+01  -2.0000000e+00   4.0209673e+00  -9.0055488e+00   7.2232083e+01  -5.1000000e+01   5.4140492e+01
  -2.3697988e+01  -2.0000000e+00   2.6751011e+00  -4.0367033e+00   7.3887259e+01  -5.1000000e+01   4.7893595e+01
  -2.1793860e+01  -2.0000000e+00   8.2850309e+00   2.1833892e+00   6.8649588e+01  -5.1000000e+01   3.9674058e+01
  -1.7334082e+01  -2.0000000e+00   1.5011655e+01   4.5245803e+00   6.3486328e+01  -5.1000000e+01   2.8150352e+01
  -1.4617969e+01  -2.0000000e+00   1.9164361e+01   4.4420200e+00   6.4486806e+01  -5.1000000e+01   2.1693524e+01
  -1.2199437e+01  -2.0000000e+00   2.2820875e+01   4.2179328e+00   6.4215702e+01  -5.1000000e+01   1.2838726e+01
  -9.3034260e+00  -2.0000000e+00   2.7106925e+01   7.1913942e+00   6.4269158e+01  -5.1000000e+01   6.7886860e+00
  -4.8945565e+00  -2.0000000e+00   3.4733277e+01   1.1691020e+01   5.7415489e+01  -5.1000000e+01  -2.5345292e+00
  -2.5588942e+00  -2.0000000e+00   4.1955864e+01   1.4786221e+01   5.1106959e+01  -5.1000000e+01  -1.0813780e+01
   3.0512187e-01  -2.0000000e+00   4.5986830e+01   1.8636557e+01   4.5891536e+01  -5.1000000e+01  -1.9162131e+01
   2.1988350e-01  -2.0000000e+00   5.1120939e+01   2.3588578e+01   4.2336081e+01  -5.1000000e+01  -2.6428706e+01
   2.0205309e+00  -2.0000000e+00   5.3665928e+01   2.8143569e+01   3.9185388e+01  -5.1000000e+01  -3.2229790e+01
   3.1589576e+00  -2.0000000e+00   5.6441856e+01   3.3262778e+01   3.6483120e+01  -5.1000000e+01  -3.6606577e+01
   2.8499812e+00  -2.0000000e+00   5.7729463e+01   3.8947756e+01   3.3427608e+01  -5.1000000e+01  -4.0102658e+01
   3.1066836e-01  -2.0000000e+00   6.0502713e+01   4.5982112e+01   2.9619062e+01  -5.1000000e+01  -4.1560775e+01
  -4.2836747e+00  -2.0000000e+00   6.4541015e+01   5.4830034e+01   2.4648194e+01  -5.1000000e+01  -3.8077163e+01
  -6.6966050e+00  -2.0000000e+00   6.9657761e+01   5.7655721e+01   2.1557388e+01  -5.1000000e+01  -3.2630396e+01
  -6.2837352e+00  -2.0000000e+00   6.8606004e+01   5.5031836e+01   1.8352960e+01  -5.1000000e+01  -2.6553136e+01
  -5.7414603e+00  -2.0000000e+00   6.5616708e+01   5.2248655e+01   1.8375498e+01  -5.1000000e+01  -1.8516269e+01
  -4.7395685e+00  -2.0000000e+00   6.2007360e+01   4.9750382e+01   1.9523952e+01  -5.1000000e+01  -1.2713532e+01
  -5.3417423e+00  -2.0000000e+00   5.8086746e+01   4.7886661e+01   2.1903796e+01  -5.1000000e+01  -7.2603562e+00
  -7.0834511e+00  -2.0000000e+00   5.5482192e+01   4.6883719e+01   2.6059094e+01  -5.1000000e+01  -2.5988401e+00
  -7.4179049e+00  -2.0000000e+00   5.2761065e+01   4.6139877e+01   2.7690256e+01  -5.1000000e+01  -7.4188818e-02
  -8.4632443e+00  -2.0000000e+00   5.0110531e+01   4.5377177e+01   2.9811374e+01  -5.1000000e+01   2.9674724e+00
  -8.8468697e+00  -2.0000000e+00   4.7351515e+01   4.5064047e+01   3.2782046e+01  -5.1000000e+01   6.3756153e+00
  -9.5142195e+00  -2.0000000e+00   4.3302024e+01   4.3428252e+01   3.5486763e+01  -5.1000000e+01   1.0693557e+01
  -1.1106289e+01  -2.0000000e+00   4.0319907e+01   4.1858718e+01   3.8531527e+01  -5.1000000e+01   1.4568179e+01
  -1.2574637e+01  -2.0000000e+00   3.5512695e+01   4.0854239e+01   4.2549181e+01  -5.1000000e+01   1.8849883e+01
  -1.5677812e+01  -2.0000000e+00   3.2797194e+01   3.8939444e+01   4.6392152e+01  -5.1000000e+01   2.0961878e+01
  -1.8259869e+01  -2.0000000e+00   3.0710778e+01   3.7357218e+01   4.9720711e+01  -5.1000000e+01   2.3919096e+01
  -2.0838184e+01  -2.0000000e+00   2.6593749e+01   3.5967020e+01   5.3682587e+01  -5.1000000e+01   2.7125912e+01
  -2.2999283e+01  -2.0000000e+00   2.3341441e+01   3.2993895e+01   5.6846158e+01  -5.1000000e+01   3.1238931e+01
  -2.5340671e+01  -2.0000000e+00   1.9640041e+01   3.1152840e+01   6.0962523e+01  -5.1000000e+01   3.4732700e+01
  -2.7344233e+01  -2.0000000e+00   1.5242032e+01   2.7432889e+01   6.4469763e+01  -5.1000000e+01   3.7994648e+01
  -3.0468339e+01  -2.0000000e+00   9.0385382e+00   2.2459976e+01   6.8476215e+01  -5.1000000e+01   4.0973114e+01
  -3.2539739e+01  -2.0000000e+00   3.5437629e+00   1.6796906e+01   7.1051350e+01  -5.1000000e+01   4.2672931e+01
  -3.5170129e+01  -2.0000000e+00   2.2140344e+00   1.2928824e+01   7.0791643e+01  -5.1000000e+01   4.4917142e+01
  -3.5976120e+01  -2.0000000e+00  -3.2281700e-01   9.3976922e+00   6.9876103e+01  -5.1000000e+01   4.6878652e+01
  -3.6235580e+01  -2.0000000e+00  -2.2254129e+00   8.4473026e+00   6.9493757e+01  -5.1000000e+01   5.0375094e+01
  -3.6657413e+01  -2.0000000e+00  -3.0470740e+00   7.5580149e+00   6.9812881e+01  -5.1000000e+01   5.2590362e+01
  -3.6273426e+01  -2.0000000e+00  -6.6379799e-01   5.5101639e+00   6.7760045e+01  -5.1000000e+01   5.5381696e+01
  -3.4278196e+01  -2.0000000e+00   2.5712318e+00   3.2630504e+00   6.7469209e+01  -5.1000000e+01   5.4617316e+01
  -3.1890675e+01  -2.0000000e+00   3.9579887e+00  -1.3007468e+00   6.8432538e+01  -5.1000000e+01   5.4071571e+01
  -2.9718154e+01  -2.0000000e+00   1.6870042e+00  -6.1358419e+00   6.8301244e+01  -5.1000000e+01   5.2737962e+01
  -2.7948775e+01  -2.0000000e+00   6.1230419e+00  -4.1299429e+00   6.4925029e+01  -5.1000000e+01   4.9157590e+01
  -2.5423296e+01  -2.0000000e+00   9.6028417e+00  -1.4631712e+00   6.1150763e+01  -5.1000000e+01   4.7083630e+01
  -2.1268757e+01  -2.0000000e+00   1.0718747e+01  -8.7596379e-01   6.1324929e+01  -5.1000000e+01   3.5257466e+01
  -1.6128784e+01  -2.0000000e+00   7.6037270e+00  -4.0432921e+00   6.9868248e+01  -5.1000000e+01   3.0080954e+01
  -1.3781491e+01  -2.0000000e+00   3.6884830e+00  -5.3729385e+00   7.6893597e+01  -5.1000000e+01   2.0271110e+01
  -1.0194527e+01  -2.0000000e+00   7.1534205e+00  -4.8253563e+00   7.7951215e+01  -5.1000000e+01   1.5706152e+01
  -9.0061867e+00  -2.0000000e+00   1.4633738e+01  -2.0876786e+00   7.4107399e+01  -5.1000000e+01   7.0165885e+00
  -5.5442900e+00  -2.0000000e+00   2.5966983e+01   6.5440644e+00   6.7502205e+01  -5.1000000e+01  -2.5666661e+00
  -5.6051959e-01  -2.0000000e+00   3.6436976e+01   1.2811007e+01   6.0868911e+01  -5.1000000e+01  -1.0200874e+01
   2.4944414e+00  -2.0000000e+00   4.1471592e+01   1.7502229e+01   5.5986108e+01  -5.1000000e+01  -1.7880270e+01
   4.0919252e+00  -2.0000000e+00   4.6675762e+01   2.1924199e+01   5.1574142e+01  -5.1000000e+01  -2.4016933e+01
   5.6086155e+00  -2.0000000e+00   5.0329270e+01   2.6687139e+01   4.8510176e+01  -5.1000000e+01  -3.0535684e+01
   6.3213279e+00  -2.0000000e+00   5.3129294e+01   3.1734125e+01   4.5203608e+01  -5.1000000e+01  -3.5562600e+01
   7.9671305e+00  -2.0000000e+00   5.4623786e+01   3.7853550e+01   4.1870228e+01  -5.1000000e+01  -3.8820770e+01
   6.8719930e+00  -2.0000000e+00   5.5559831e+01   4.3271442e+01   3.9068320e+01  -5.1000000e+01  -4.1266966e+01
   3.3596393e+00  -2.0000000e+00   5.9277200e+01   5.0546164e+01   3.5218982e+01  -5.1000000e+01  -4.3099702e+01
  -1.9327190e+00  -2.0000000e+00   4.8254270e+01   5.5300028e+01   2.6622890e+01  -5.1000000e+01  -4.2264194e+01
   1.2786149e+00  -2.0000000e+00   5.8170514e+01   5.8470461e+01   2.8494976e+01  -5.1000000e+01  -3.5111041e+01
  -2.2602346e+00  -2.0000000e+00   6.3200874e+01   5.4734468e+01   2.6003480e+01  -5.1000000e+01  -2.9019852e+01
  -3.2780526e+00  -2.0000000e+00   6.4775950e+01   5.1854780e+01   2.3098168e+01  -5.1000000e+01  -2.1920261e+01
  -4.5895571e+00  -2.0000000e+00   6.5611243e+01   4.9809504e+01   2.0638371e+01  -5.1000000e+01  -1.6337784e+01
  -4.2989020e+00  -2.0000000e+00   6.4556383e+01   4.8574942e+01   2.0215525e+01  -5.1000000e+01  -1.1010474e+01
  -2.8779180e+00  -2.0000000e+00   6.0715739e+01   4.7806362e+01   2.1151179e+01  -5.1000000e+01  -5.1921297e+00
  -2.7015577e+00  -2.0000000e+00   5.8181347e+01   4.6321556e+01   2.2391539e+01  -5.1000000e+01  -6.4339722e-01
  -2.1023041e+00  -2.0000000e+00   5.6140023e+01   4.5772287e+01   2.2639663e+01  -5.1000000e+01   2.1727988e+00
  -2.3138126e+00  -2.0000000e+00   5.4192266e+01   4.5385624e+01   2.3654927e+01  -5.1000000e+01   4.5195464e+00
  -3.1915231e+00  -2.0000000e+00   5.2980224e+01   4.4749755e+01   2.4998676e+01  -5.1000000e+01   5.6514037e+00
  -3.5620514e+00  -2.0000000e+00   5.1740907e+01   4.5066010e+01   2.5917383e+01  -5.1000000e+01   5.2229261e+00
  -3.4712473e+00  -2.0000000e+00   5.0192213e+01   4.5335561e+01   2.6932202e+01  -5.1000000e+01   6.7505721e+00
  -3.0164348e+00  -2.0000000e+00   4.8417213e+01   4.6000645e+01   2.7275310e+01  -5.1000000e+01   6.9881743e+00
  -3.1060775e+00  -2.0000000e+00   4.7485962e+01   4.6093585e+01   2.8270735e+01  -5.1000000e+01   7.8552122e+00
  -3.6972323e+00  -2.0000000e+00   4.6719315e+01   4.5329788e+01   2.9633077e+01  -5.1000000e+01   1.0924590e+01
  -4.3550215e+00  -2.0000000e+00   4.5145773e+01   4.4197703e+01   3.1613216e+01  -5.1000000e+01   1.4435009e+01
  -6.0778610e+00  -2.0000000e+00   4.3993581e+01   4.2769708e+01   3.3628450e+01  -5.1000000e+01   1.6558402e+01
  -6.5091329e+00  -2.0000000e+00   4.2682717e+01   4.2777539e+01   3.5135001e+01  -5.1000000e+01   1.9120121e+01
  -8.1362674e+00  -2.0000000e+00   4.0866753e+01   4.2005644e+01   3.8600461e+01  -5.1000000e+01   2.2825116e+01
  -9.2478987e+00  -2.0000000e+00   3.8177031e+01   4.1629868e+01   4.1640958e+01  -5.1000000e+01   2.5169976e+01
  -1.0861115e+01  -2.0000000e+00   3.5933193e+01   4.0378767e+01   4.5044894e+01  -5.1000000e+01   2.8646700e+01
  -1.2950160e+01  -2.0000000e+00   3.2437035e+01   3.8521537e+01   4.9468101e+01  -5.1000000e+01   3.2339323e+01
  -1.3493853e+01  -2.0000000e+00   2.9004400e+01   3.6801274e+01   5.2718358e+01  -5.1000000e+01   3.5695416e+01
  -1.5633411e+01  -2.0000000e+00   2.5041541e+01   3.4645456e+01   5.7198729e+01  -5.1000000e+01   3.9441161e+01
  -1.7754976e+01  -2.0000000e+00   2.1161590e+01   3.1438930e+01   6.1811175e+01  -5.1000000e+01   4.1816391e+01
  -2.1023068e+01  -2.0000000e+00   1.7697587e+01   2.7588063e+01   6.6071100e+01  -5.1000000e+01   4.5443038e+01
  -2.3678984e+01  -2.0000000e+00   1.3170881e+01   2.1905088e+01   7.0252619e+01  -5.1000000e+01   4.7797246e+01
  -2.6276540e+01  -2.0000000e+00   9.1491944e+00   1.5933772e+01   7.4170921e+01  -5.1000000e+01   4.9998300e+01
  -2.8407459e+01  -2.0000000e+00   4.1210191e+00   9.4832016e+00   7.6317108e+01  -5.1000000e+01   5.1983829e+01
  -2.7993073e+01  -2.0000000e+00   2.0529245e-02   4.2216639e+00   7.7560252e+01  -5.1000000e+01   5.5163072e+01
  -2.5882031e+01  -2.0000000e+00  -1.4479624e+00  -1.9521115e+00   7.8560200e+01  -5.1000000e+01   5.7242945e+01
  -2.2092310e+01  -2.0000000e+00   1.1815364e+00  -4.7867613e+00   7.7735862e+01  -5.1000000e+01   5.6561294e+01
  -1.8192395e+01  -2.0000000e+00  -1.7177402e+00  -4.7857936e+00   8.3105148e+01  -5.1000000e+01   5.2130009e+01
  -1.4134233e+01  -2.0000000e+00  -2.2301742e+00  -1.0751130e+00   8.4844283e+01  -5.1000000e+01   4.9023040e+01
  -1.0944457e+01  -2.0000000e+00   6.5800964e+00  -4.1433226e-01   8.4410642e+01  -5.1000000e+01   4.4996097e+01
  -8.4737414e+00  -2.0000000e+00   1.5415006e+01   6.0564949e+00   7.6301240e+01  -5.1000000e+01   3.8222352e+01
  -7.1737712e+00  -2.0000000e+00   2.1448537e+01   9.9748990e+00   6.6405660e+01  -5.1000000e+01   2.9670780e+01
  -1.6594529e+00  -2.0000000e+00   2.4243396e+01   4.1725731e+00   6.6459794e+01  -5.1000000e+01   2.0687616e+01
   2.7768573e+00  -2.0000000e+00   2.3918143e+01  -1.2689232e+00   6.9602814e+01  -5.1000000e+01   1.3935684e+01
   5.3987947e+00  -2.0000000e+00   2.4133168e+01  -6.8267677e+00   7.0365489e+01  -5.1000000e+01   6.2335624e+00
   6.8511863e+00  -2.0000000e+00   2.4720415e+01  -8.8653423e+00   6.9210510e+01  -5.1000000e+01  -1.3182881e+00
   9.6001931e+00  -2.0000000e+00   2.6839486e+01  -2.8655906e+00   6.9219411e+01  -5.1000000e+01  -9.4627113e+00
   9.3887403e+00  -2.0000000e+00   3.3564222e+01   4.7316988e+00   6.7469062e+01  -5.1000000e+01  -1.6577171e+01
   1.1306786e+01  -2.0000000e+00   3.8088365e+01   1.2026554e+01   6.5031455e+01  -5.1000000e+01  -2.2376570e+01
   1.2316202e+01  -2.0000000e+00   4.3493292e+01   2.0524397e+01   6.0516491e+01  -5.1000000e+01  -2.6296430e+01
   1.1927366e+01  -2.0000000e+00   4.5565473e+01   2.7476786e+01   5.6619740e+01  -5.1000000e+01  -3.1733584e+01
   1.2995514e+01  -2.0000000e+00   4.4643193e+01   3.5997501e+01   5.1328900e+01  -5.1000000e+01  -3.5221205e+01
   1.1530897e+01  -2.0000000e+00   4.7444118e+01   4.5364432e+01   4.5504042e+01  -5.1000000e+01  -3.8264918e+01
   6.9611579e+00  -2.0000000e+00   5.1081323e+01   5.5375870e+01   3.8118691e+01  -5.1000000e+01  -3.6598551e+01
   3.8065810e+00  -2.0000000e+00   5.2908429e+01   6.0358808e+01   3.2017253e+01  -5.1000000e+01  -3.3313421e+01
   3.2646104e+00  -2.0000000e+00   5.4679199e+01   5.7967112e+01   2.7761623e+01  -5.1000000e+01  -2.9451702e+01
   2.0487926e+00  -2.0000000e+00   5.6300831e+01   5.5199701e+01   2.4058132e+01  -5.1000000e+01  -2.5299982e+01
   1.9608517e+00  -2.0000000e+00   5.6924597e+01   5.2616504e+01   2.1227343e+01  -5.1000000e+01  -1.9776687e+01
  -1.5485046e+00  -2.0000000e+00   5.9329978e+01   4.9276452e+01   2.0455282e+01  -5.1000000e+01  -1.5324310e+01
  -2.1326688e+00  -2.0000000e+00   5.9866626e+01   4.6754974e+01   1.9095683e+01  -5.1000000e+01  -9.8783489e+00
  -3.0251400e+00  -2.0000000e+00   5.9329646e+01   4.4891116e+01   1.7759366e+01  -5.1000000e+01  -4.8494941e+00
  -2.3130443e+00  -2.0000000e+00   5.7996811e+01   4.2957937e+01   1.7847489e+01  -5.1000000e+01   7.0780463e-01
  -1.8059095e+00  -2.0000000e+00   5.4001169e+01   4.1964064e+01   2.0755116e+01  -5.1000000e+01   7.0447647e+00
  -3.7676185e+00  -2.0000000e+00   5.1669685e+01   4.1275375e+01   2.5206916e+01  -5.1000000e+01   1.2342114e+01
  -3.1140684e+00  -2.0000000e+00   4.8484846e+01   4.1695809e+01   2.6908897e+01  -5.1000000e+01   1.6188796e+01
  -4.7153654e+00  -2.0000000e+00   4.4950293e+01   4.0734963e+01   3.0988983e+01  -5.1000000e+01   2.1322510e+01
  -6.2906628e+00  -2.0000000e+00   4.0593268e+01   3.9630744e+01   3.5536378e+01  -5.1000000e+01   2.5980525e+01
  -9.1856556e+00  -2.0000000e+00   3.5652917e+01   3.8400398e+01   4.0935243e+01  -5.1000000e+01   2.9928874e+01
  -1.3426241e+01  -2.0000000e+00   3.2861602e+01   3.5767605e+01   4.7216372e+01  -5.1000000e+01   3.3742617e+01
  -1.5923055e+01  -2.0000000e+00   2.7010560e+01   3.4868724e+01   5.2986721e+01  -5.1000000e+01   3.7601271e+01
  -1.8183901e+01  -2.0000000e+00   1.9237473e+01   3.4417702e+01   5.9500857e+01  -5.1000000e+01   4.1641294e+01
  -2.1264361e+01  -2.0000000e+00   1.6764299e+01   2.9900498e+01   6.5031365e+01  -5.1000000e+01   4.4159632e+01
  -2.5207357e+01  -2.0000000e+00   1.2228589e+01   2.3866250e+01   7.0193061e+01  -5.1000000e+01   4.7058091e+01
  -2.7685201e+01  -2.0000000e+00   6.2095836e+00   1.8462908e+01   7.4091256e+01  -5.1000000e+01   4.8723511e+01
  -3.0418899e+01  -2.0000000e+00   1.8447156e+00   1.2838673e+01   7.7078608e+01  -5.1000000e+01   5.0121973e+01
  -3.2738040e+01  -2.0000000e+00  -1.3055616e+00   8.1627884e+00   7.8458206e+01  -5.1000000e+01   5.1178062e+01
  -3.3798740e+01  -2.0000000e+00  -4.5416046e+00   5.2054487e+00   7.8363381e+01  -5.1000000e+01   5.2495385e+01
  -3.4456318e+01  -2.0000000e+00  -8.2190199e+00   1.9269409e+00   7.9121732e+01  -5.1000000e+01   5.5196908e+01
  -3.5057463e+01  -2.0000000e+00  -4.6623498e+00   1.5421717e+00   7.5914055e+01  -5.1000000e+01   5.6925460e+01
  -3.4772103e+01  -2.0000000e+00  -2.1199536e+00   2.1169810e+00   7.2939401e+01  -5.1000000e+01   5.9504793e+01
  -3.2825271e+01  -2.0000000e+00  -3.5098564e-01   1.9204366e+00   7.1504470e+01  -5.1000000e+01   6.0703246e+01
  -2.9361710e+01  -2.0000000e+00   2.5663610e+00  -4.6832143e+00   7.6061139e+01  -5.1000000e+01   5.8610299e+01
  -2.5583799e+01  -2.0000000e+00   1.6275546e+00  -3.9283656e+00   7.7833506e+01  -5.1000000e+01   5.4002970e+01
  -2.1522876e+01  -2.0000000e+00  -1.5762880e+00  -3.7083066e+00   8.1633189e+01  -5.1000000e+01   4.8037694e+01
  -1.8838385e+01  -2.0000000e+00   3.4970470e-02  -6.6354659e-01   8.3026102e+01  -5.1000000e+01   4.3426842e+01
  -1.4846494e+01  -2.0000000e+00   3.8999401e+00   5.9371339e-01   7.8965840e+01  -5.1000000e+01   3.2933091e+01
  -1.1043622e+01  -2.0000000e+00   9.3387579e+00  -9.5066870e-01   7.7600680e+01  -5.1000000e+01   2.6363193e+01
  -6.2512490e+00  -2.0000000e+00   9.4194343e+00  -4.5291167e+00   7.9863771e+01  -5.1000000e+01   1.7416774e+01
  -3.7486537e+00  -2.0000000e+00   8.4498785e+00  -6.3583056e+00   8.0668548e+01  -5.1000000e+01   9.0646154e+00
  -2.2516107e+00  -2.0000000e+00   1.4174917e+01  -2.7091625e+00   8.0171793e+01  -5.1000000e+01   1.1078222e+00
   7.9347203e-01  -2.0000000e+00   2.2634291e+01   4.4704557e+00   7.6617117e+01  -5.1000000e+01  -7.3395134e+00
   2.1706082e+00  -2.0000000e+00   3.0938393e+01   9.1521563e+00   7.2195548e+01  -5.1000000e+01  -1.7329772e+01
   4.1351367e+00  -2.0000000e+00   3.6858369e+01   1.4004087e+01   6.7473241e+01  -5.1000000e+01  -2.5583116e+01
   7.6059763e+00  -2.0000000e+00   4.1058326e+01   1.9805841e+01   6.2567198e+01  -5.1000000e+01  -2.9852484e+01
   8.3040148e+00  -2.0000000e+00   4.5644411e+01   2.5775716e+01   5.8296756e+01  -5.1000000e+01  -3.5165981e+01
   9.4190331e+00  -2.0000000e+00   4.7385304e+01   3.2543362e+01   5.3890017e+01  -5.1000000e+01  -3.9621488e+01
   9.9566364e+00  -2.0000000e+00   4.7976532e+01   3.8781749e+01   4.9940339e+01  -5.1000000e+01  -4.2283898e+01
   9.7165237e+00  -2.0000000e+00   4.9609894e+01   4.7976013e+01   4.4672054e+01  -5.1000000e+01  -4.3251085e+01
   4.5485903e+00  -2.0000000e+00   5.4731815e+01   5.7018341e+01   3.8431728e+01  -5.1000000e+01  -3.8452314e+01
   9.9402166e-01  -2.0000000e+00   5.7946954e+01   5.9140025e+01   3.2945623e+01  -5.1000000e+01  -3.4422778e+01
  -6.7848615e-01  -2.0000000e+00   6.0500830e+01   5.6479505e+01   2.8534759e+01  -5.1000000e+01  -3.0333715e+01
  -2.6836400e+00  -2.0000000e+00   6.2938824e+01   5.3283722e+01   2.4594613e+01  -5.1000000e+01  -2.5349280e+01
  -4.2597167e+00  -2.0000000e+00   6.5691964e+01   5.0165674e+01   2.1656967e+01  -5.1000000e+01  -1.9539662e+01
  -4.8379199e+00  -2.0000000e+00   6.7163637e+01   4.8570906e+01   1.8120187e+01  -5.1000000e+01  -1.5971120e+01
  -5.0402255e+00  -2.0000000e+00   6.7609754e+01   4.6989729e+01   1.6410785e+01  -5.1000000e+01  -1.1282219e+01
  -5.8215414e+00  -2.0000000e+00   6.7505818e+01   4.5401708e+01   1.6944685e+01  -5.1000000e+01  -6.3479642e+00
  -6.0482166e+00  -2.0000000e+00   6.6441567e+01   4.4043299e+01   1.8754663e+01  -5.1000000e+01  -1.0683053e+00
  -5.4344105e+00  -2.0000000e+00   6.3203287e+01   4.2659280e+01   1.9826460e+01  -5.1000000e+01   3.1765710e+00
  -3.1338443e+00  -2.0000000e+00   5.8387122e+01   4.1753185e+01   2.0893344e+01  -5.1000000e+01   7.3186482e+00
  -3.3698620e+00  -2.0000000e+00   5.7613487e+01   4.0606904e+01   2.3566978e+01  -5.1000000e+01   1.1153449e+01
  -2.3669213e+00  -2.0000000e+00   5.5000286e+01   4.1419345e+01   2.5158712e+01  -5.1000000e+01   1.4992441e+01
  -3.1533839e+00  -2.0000000e+00   5.2494914e+01   4.1557175e+01   2.7263660e+01  -5.1000000e+01   1.7633246e+01
  -3.0061368e+00  -2.0000000e+00   5.0014461e+01   4.1462130e+01   2.9539331e+01  -5.1000000e+01   2.1237072e+01
  -4.4102741e+00  -2.0000000e+00   4.7763527e+01   4.0283612e+01   3.2338972e+01  -5.1000000e+01   2.4844071e+01
  -6.1724438e+00  -2.0000000e+00   4.5852437e+01   3.9314185e+01   3.5888900e+01  -5.1000000e+01   2.7902365e+01
  -6.8956800e+00  -2.0000000e+00   4.2611256e+01   3.8995904e+01   3.9079572e+01  -5.1000000e+01   3.1981066e+01
  -8.3085681e+00  -2.0000000e+00   3.8908152e+01   3.9156883e+01   4.3461667e+01  -5.1000000e+01   3.5823502e+01
  -1.1542309e+01  -2.0000000e+00   3.4688139e+01   3.7422041e+01   4.9076554e+01  -5.1000000e+01   3.7577291e+01
  -1.4373910e+01  -2.0000000e+00   2.8719318e+01   3.7473789e+01   5.5214749e+01  -5.1000000e+01   3.9552161e+01
  -1.7577833e+01  -2.0000000e+00   2.4475034e+01   3.5574993e+01   6.1299546e+01  -5.1000000e+01   4.0870503e+01
  -1.9318737e+01  -2.0000000e+00   2.0623153e+01   3.3220502e+01   6.6640316e+01  -5.1000000e+01   4.4306140e+01
  -2.1848862e+01  -2.0000000e+00   1.6108289e+01   2.8618809e+01   7.1174998e+01  -5.1000000e+01   4.6465131e+01
  -2.4913634e+01  -2.0000000e+00   1.3298127e+01   2.2717342e+01   7.5109791e+01  -5.1000000e+01   4.8564203e+01
  -2.7128867e+01  -2.0000000e+00   7.8046648e+00   1.6995864e+01   7.8984319e+01  -5.1000000e+01   5.0353041e+01
  -2.8298566e+01  -2.0000000e+00   1.8936889e+00   1.1740433e+01   8.1458904e+01  -5.1000000e+01   5.2493814e+01
  -2.9362581e+01  -2.0000000e+00   4.1519888e-01   7.7524806e+00   8.2602703e+01  -5.1000000e+01   5.3491885e+01
  -3.0437972e+01  -2.0000000e+00   3.6797228e-01   6.0165093e+00   8.1372650e+01  -5.1000000e+01   5.5285761e+01
  -3.0070357e+01  -2.0000000e+00  -5.9197696e-01   3.7555186e+00   7.9426762e+01  -5.1000000e+01   5.7252716e+01
  -2.9111352e+01  -2.0000000e+00  -2.5006207e-01  -1.6374289e+00   7.7844192e+01  -5.1000000e+01   5.8742710e+01
  -2.3999775e+01  -2.0000000e+00  -1.9175582e+00  -3.9095948e+00   8.2647786e+01  -5.1000000e+01   5.9443009e+01
  -2.0523304e+01  -2.0000000e+00  -1.9116718e+00  -2.8719958e+00   8.4488311e+01  -5.1000000e+01   5.2172567e+01
  -1.5803036e+01  -2.0000000e+00  -5.9418742e+00  -5.8255993e+00   9.0993275e+01  -5.1000000e+01   4.5235350e+01
  -1.1635005e+01  -2.0000000e+00   2.5728476e+00  -3.5885854e+00   8.9478611e+01  -5.1000000e+01   3.8313929e+01
  -7.9914101e+00  -2.0000000e+00   1.1971240e+01   2.6108478e+00   8.3348253e+01  -5.1000000e+01   2.9285783e+01
  -4.4117639e+00  -2.0000000e+00   2.0270679e+01   7.9521550e+00   7.7316023e+01  -5.1000000e+01   1.8805518e+01
  -5.4069514e-01  -2.0000000e+00   2.9104237e+01   1.2203016e+01   6.9823933e+01  -5.1000000e+01   7.9659943e+00
   2.4303341e+00  -2.0000000e+00   3.7110216e+01   1.4499767e+01   6.1663994e+01  -5.1000000e+01  -3.1777482e+00
   4.2802340e+00  -2.0000000e+00   3.9509269e+01   1.5903643e+01   5.7502085e+01  -5.1000000e+01  -1.3255306e+01
   7.0045466e+00  -2.0000000e+00   4.2321708e+01   1.9016397e+01   5.5402370e+01  -5.1000000e+01  -2.0844359e+01
   1.0229833e+01  -2.0000000e+00   4.4775766e+01   2.1055564e+01   5.3279632e+01  -5.1000000e+01  -2.8195530e+01
   9.6227333e+00  -2.0000000e+00   4.7921652e+01   2.3737543e+01   5.1976377e+01  -5.1000000e+01  -3.4550464e+01
   1.1760099e+01  -2.0000000e+00   4.9030176e+01   2.7017944e+01   5.0917123e+01  -5.1000000e+01  -3.9557103e+01
   1.3131113e+01  -2.0000000e+00   5.0085703e+01   3.0657009e+01   4.9809552e+01  -5.1000000e+01  -4.3866148e+01
   1.6418831e+01  -2.0000000e+00   4.9645532e+01   3.4481939e+01   4.9542674e+01  -5.1000000e+01  -4.5535059e+01
   1.8269600e+01  -2.0000000e+00   4.8283842e+01   3.8691632e+01   4.9747165e+01  -5.1000000e+01  -4.5240677e+01
   1.9950900e+01  -2.0000000e+00   4.5802044e+01   4.2938659e+01   4.9608880e+01  -5.1000000e+01  -4.5185060e+01
   1.8639581e+01  -2.0000000e+00   4.5002185e+01   5.0488789e+01   4.7151757e+01  -5.1000000e+01  -4.6075877e+01
   1.6841448e+01  -2.0000000e+00   4.4134173e+01   5.9812486e+01   4.2919381e+01  -5.1000000e+01  -4.4281066e+01
   1.4120087e+01  -2.0000000e+00   4.3415794e+01   6.8690385e+01   3.6870599e+01  -5.1000000e+01  -3.8303551e+01
   1.5631974e+01  -2.0000000e+00   4.0947773e+01   6.8808415e+01   3.4215766e+01  -5.1000000e+01  -3.3109349e+01
   1.5862363e+01  -2.0000000e+00   3.9244763e+01   6.6574080e+01   3.2747097e+01  -5.1000000e+01  -2.7440946e+01
   1.3628792e+01  -2.0000000e+00   4.0697658e+01   6.4036331e+01   3.2915876e+01  -5.1000000e+01  -2.2888882e+01
   1.0337219e+01  -2.0000000e+00   4.4635472e+01   6.0312350e+01   3.2228171e+01  -5.1000000e+01  -1.8273678e+01
   8.0332951e+00  -2.0000000e+00   4.7828132e+01   5.6992440e+01   3.0461910e+01  -5.1000000e+01  -1.4389700e+01
   4.4198164e+00  -2.0000000e+00   5.2645187e+01   5.3168844e+01   2.8322463e+01  -5.1000000e+01  -1.1410149e+01
   3.9984567e-01  -2.0000000e+00   5.8107093e+01   5.0634460e+01   2.5772840e+01  -5.1000000e+01  -9.1833187e+00
   3.0684569e-01  -2.0000000e+00   6.0683750e+01   4.7415930e+01   2.2181643e+01  -5.1000000e+01  -1.5614872e+00
  -8.2640320e-01  -2.0000000e+00   6.1008937e+01   4.5202042e+01   2.0138275e+01  -5.1000000e+01   3.4608472e+00
   9.0366565e-01  -2.0000000e+00   5.9859299e+01   4.4373522e+01   1.9753203e+01  -5.1000000e+01   8.4977440e+00
  -1.3438284e+00  -2.0000000e+00   5.7927972e+01   4.3703245e+01   2.2884835e+01  -5.1000000e+01   1.2129137e+01
  -1.2350024e+00  -2.0000000e+00   5.5583612e+01   4.3169773e+01   2.4629101e+01  -5.1000000e+01   1.5530689e+01
  -3.1858445e+00  -2.0000000e+00   5.3681795e+01   4.2778092e+01   2.8147768e+01  -5.1000000e+01   1.8091300e+01
  -1.9862197e+00  -2.0000000e+00   5.1362681e+01   4.1603093e+01   2.9200959e+01  -5.1000000e+01   2.3343263e+01
  -3.9480778e+00  -2.0000000e+00   4.8157779e+01   4.0647244e+01   3.2532517e+01  -5.1000000e+01   2.6755703e+01
  -5.4559303e+00  -2.0000000e+00   4.4901012e+01   3.9234745e+01   3.6723690e+01  -5.1000000e+01   3.1129321e+01
  -6.6654188e+00  -2.0000000e+00   4.1328476e+01   3.8541146e+01   4.0487537e+01  -5.1000000e+01   3.4988920e+01
  -1.2173338e+01  -2.0000000e+00   3.8901137e+01   3.5324125e+01   4.6948488e+01  -5.1000000e+01   3.6734912e+01
  -1.4063478e+01  -2.0000000e+00   3.3373315e+01   3.3651435e+01   5.3081939e+01  -5.1000000e+01   4.0297031e+01
  -1.6587801e+01  -2.0000000e+00   2.6636405e+01   3.1708600e+01   5.9540747e+01  -5.1000000e+01   4.3119789e+01
  -1.8836468e+01  -2.0000000e+00   1.9402566e+01   2.9689569e+01   6.5831234e+01  -5.1000000e+01   4.5713338e+01
  -2.0905476e+01  -2.0000000e+00   1.4320484e+01   2.5031287e+01   7.1196113e+01  -5.1000000e+01   4.8287000e+01
  -2.4209322e+01  -2.0000000e+00   1.2332489e+01   1.8258628e+01   7.6123604e+01  -5.1000000e+01   5.1331331e+01
  -2.6663679e+01  -2.0000000e+00   7.7302296e+00   1.1798863e+01   8.0352878e+01  -5.1000000e+01   5.2670231e+01
  -2.6846750e+01  -2.0000000e+00   2.8622050e+00   5.9692055e+00   8.3086477e+01  -5.1000000e+01   5.5347873e+01
  -2.4959758e+01  -2.0000000e+00   3.3832409e+00   3.7097791e+00   8.1421708e+01  -5.1000000e+01   5.5710903e+01
  -2.2669469e+01  -2.0000000e+00   3.7873444e-02  -7.9272002e-01   8.4769483e+01  -5.1000000e+01   5.3718832e+01
  -1.9354064e+01  -2.0000000e+00  -1.2025018e+00  -3.2197039e+00   9.0390814e+01  -5.1000000e+01   5.0647604e+01
  -1.6000548e+01  -2.0000000e+00  -1.1886290e+00  -1.6525965e+00   9.1154383e+01  -5.1000000e+01   4.5673143e+01
  -1.2447326e+01  -2.0000000e+00   7.8844421e+00   9.6989253e-01   8.7843654e+01  -5.1000000e+01   3.8386173e+01
  -9.6079693e+00  -2.0000000e+00   1.6435889e+01   5.7897809e+00   8.1860776e+01  -5.1000000e+01   3.0240502e+01
  -4.8203050e+00  -2.0000000e+00   2.2865283e+01   1.0635852e+01   7.5117157e+01  -5.1000000e+01   2.0707270e+01
  -2.7931782e+00  -2.0000000e+00   2.9805043e+01   1.3252018e+01   6.7746703e+01  -5.1000000e+01   9.7709301e+00
  -7.9407380e-01  -2.0000000e+00   3.6327804e+01   1.6067421e+01   5.9688402e+01  -5.1000000e+01  -1.7092748e+00
   3.4489396e-01  -2.0000000e+00   4.2750724e+01   1.8335754e+01   5.2680771e+01  -5.1000000e+01  -1.2296148e+01
   2.6674571e+00  -2.0000000e+00   4.5883955e+01   2.1494549e+01   4.8026175e+01  -5.1000000e+01  -2.0986704e+01
   3.6300518e+00  -2.0000000e+00   4.7891169e+01   2.3570376e+01   4.4916282e+01  -5.1000000e+01  -2.8281621e+01
   1.5757824e+00  -2.0000000e+00   5.0721479e+01   2.5191137e+01   4.2562090e+01  -5.1000000e+01  -3.5789781e+01
   1.5611211e+00  -2.0000000e+00   5.3157803e+01   2.7859340e+01   3.9707692e+01  -5.1000000e+01  -4.2039727e+01
   1.4987685e+00  -2.0000000e+00   5.5026936e+01   3.0801676e+01   3.7098383e+01  -5.1000000e+01  -4.6873701e+01
   2.5080967e+00  -2.0000000e+00   5.6543212e+01   3.4578076e+01   3.4886020e+01  -5.1000000e+01  -5.0011812e+01
   2.5726517e+00  -2.0000000e+00   5.8508715e+01   3.8852127e+01   3.3021836e+01  -5.1000000e+01  -5.1574166e+01
   1.2010183e+00  -2.0000000e+00   5.8833133e+01   4.5660170e+01   2.9955350e+01  -5.1000000e+01  -5.3009824e+01
  -1.2326593e+00  -2.0000000e+00   6.2142381e+01   5.3451996e+01   2.6270495e+01  -5.1000000e+01  -4.9989102e+01
  -5.0867989e+00  -2.0000000e+00   6.6743914e+01   5.9091392e+01   2.2831161e+01  -5.1000000e+01  -4.3475653e+01
  -7.7089309e+00  -2.0000000e+00   7.0291545e+01   5.7361073e+01   1.9388126e+01  -5.1000000e+01  -3.7667733e+01
  -9.1074606e+00  -2.0000000e+00   7.2157863e+01   5.4784342e+01   1.6262302e+01  -5.1000000e+01  -3.0806420e+01
  -9.0786280e+00  -2.0000000e+00   7.3037167e+01   5.2612840e+01   1.3330940e+01  -5.1000000e+01  -2.4375964e+01
  -5.4405256e+00  -2.0000000e+00   7.0278226e+01   5.0573297e+01   1.1276438e+01  -5.1000000e+01  -1.7382573e+01
  -6.8276385e+00  -2.0000000e+00   6.9767793e+01   4.8112643e+01   1.1701851e+01  -5.1000000e+01  -1.1769372e+01
  -6.0478384e+00  -2.0000000e+00   6.7966293e+01   4.5959709e+01   1.2203498e+01  -5.1000000e+01  -6.0242224e+00
  -5.2483598e+00  -2.0000000e+00   6.4885492e+01   4.4302036e+01   1.3058582e+01  -5.1000000e+01  -1.1625376e+00
  -4.1449820e+00  -2.0000000e+00   6.0133632e+01   4.2458055e+01   1.5505859e+01  -5.1000000e+01   4.4763443e+00
  -4.4278236e+00  -2.0000000e+00   5.4757105e+01   4.0814251e+01   2.1313051e+01  -5.1000000e+01   1.1745848e+01
  -6.3448950e+00  -2.0000000e+00   5.1278387e+01   4.0462548e+01   2.5844646e+01  -5.1000000e+01   1.4439373e+01
  -5.7983347e+00  -2.0000000e+00   4.8022949e+01   4.0222501e+01   2.8230936e+01  -5.1000000e+01   1.8745564e+01
  -8.2182659e+00  -2.0000000e+00   4.4116723e+01   3.8351210e+01   3.3309845e+01  -5.1000000e+01   2.4787699e+01
  -8.3869946e+00  -2.0000000e+00   3.7136293e+01   4.0454968e+01   3.7894312e+01  -5.1000000e+01   2.8861595e+01
  -1.0715832e+01  -2.0000000e+00   3.2646487e+01   3.9690017e+01   4.4230106e+01  -5.1000000e+01   3.2737377e+01
  -1.4961007e+01  -2.0000000e+00   3.0711047e+01   3.6343295e+01   5.0130821e+01  -5.1000000e+01   3.5190510e+01
  -1.7676048e+01  -2.0000000e+00   2.6244608e+01   3.4852251e+01   5.5742146e+01  -5.1000000e+01   3.8909784e+01
  -2.0013319e+01  -2.0000000e+00   2.0301606e+01   3.3540720e+01   6.1414300e+01  -5.1000000e+01   4.1709052e+01
  -2.1852105e+01  -2.0000000e+00   1.7241255e+01   3.0439615e+01   6.6126234e+01  -5.1000000e+01   4.4269157e+01
  -2.3178914e+01  -2.0000000e+00   1.2269437e+01   2.6279836e+01   7.0780574e+01  -5.1000000e+01   4.8409528e+01
  -2.6256891e+01  -2.0000000e+00   9.3275992e+00   1.9998764e+01   7.4583479e+01  -5.1000000e+01   5.0609832e+01
  -2.9315226e+01  -2.0000000e+00   3.2612477e+00   1.3999747e+01   7.7670439e+01  -5.1000000e+01   5.2081573e+01
  -3.1952919e+01  -2.0000000e+00  -1.7129569e+00   8.1546914e+00   7.9974827e+01  -5.1000000e+01   5.3456884e+01
  -3.3067316e+01  -2.0000000e+00  -7.0974538e+00   2.3874119e+00   8.2222152e+01  -5.1000000e+01   5.6055428e+01
  -3.2073906e+01  -2.0000000e+00  -7.1825906e+00  -5.7752110e-01   8.2292582e+01  -5.1000000e+01   5.7276856e+01
  -3.0596150e+01  -2.0000000e+00  -9.7391915e+00  -5.3940078e+00   8.3974011e+01  -5.1000000e+01   5.8521908e+01
  -2.6018571e+01  -2.0000000e+00  -8.7902280e+00  -8.3590509e+00   8.8108518e+01  -5.1000000e+01   5.9679546e+01
  -2.1447139e+01  -2.0000000e+00  -7.7263457e+00  -5.3483425e+00   8.7543667e+01  -5.1000000e+01   5.2625267e+01
  -1.8871980e+01  -2.0000000e+00  -9.4748803e+00  -6.4342072e+00   9.1763527e+01  -5.1000000e+01   4.8094169e+01
  -1.4163587e+01  -2.0000000e+00  -2.8835532e+00  -1.8573050e+00   8.7333996e+01  -5.1000000e+01   3.9733837e+01
  -1.1474033e+01  -2.0000000e+00   8.2325304e+00   5.1208285e-01   8.5324247e+01  -5.1000000e+01   3.3368417e+01
  -8.0104488e+00  -2.0000000e+00   1.6623961e+01   2.6217476e+00   8.0746333e+01  -5.1000000e+01   2.6423223e+01
  -5.9950874e+00  -2.0000000e+00   1.8088509e+01   4.9087549e+00   7.6097795e+01  -5.1000000e+01   1.6605014e+01
  -4.6800887e+00  -2.0000000e+00   2.3427029e+01   6.3288613e+00   7.2587550e+01  -5.1000000e+01   7.2218094e+00
  -1.2881784e+00  -2.0000000e+00   3.0898004e+01   1.0153398e+01   6.6580527e+01  -5.1000000e+01   1.3844501e+00
   1.2409226e+00  -2.0000000e+00   3.7710180e+01   1.3436440e+01   5.8607252e+01  -5.1000000e+01  -8.9856010e+00
   2.1546994e+00  -2.0000000e+00   4.1903022e+01   1.7928639e+01   5.3350071e+01  -5.1000000e+01  -1.5945484e+01
   5.6876052e+00  -2.0000000e+00   4.5253181e+01   2.4098990e+01   4.8043360e+01  -5.1000000e+01  -2.2332341e+01
   4.9028408e+00  -2.0000000e+00   4.9378208e+01   2.8384147e+01   4.4863826e+01  -5.1000000e+01  -2.8760575e+01
   5.0726346e+00  -2.0000000e+00   5.2639541e+01   3.2825864e+01   4.1658311e+01  -5.1000000e+01  -3.4308268e+01
   6.4749130e+00  -2.0000000e+00   5.4622615e+01   3.7814859e+01   3.8772400e+01  -5.1000000e+01  -3.7115679e+01
   5.7016266e+00  -2.0000000e+00   5.6337496e+01   4.3173149e+01   3.6053265e+01  -5.1000000e+01  -3.9212024e+01
   2.1889086e+00  -2.0000000e+00   5.9841230e+01   4.9683654e+01   3.2467174e+01  -5.1000000e+01  -3.8126034e+01
  -1.4914148e+00  -2.0000000e+00   6.2671987e+01   5.7154411e+01   2.6793271e+01  -5.1000000e+01  -3.2887347e+01
  -3.8524450e+00  -2.0000000e+00   6.5661481e+01   5.5415226e+01   2.2874192e+01  -5.1000000e+01  -2.9146732e+01
  -5.3580443e+00  -2.0000000e+00   6.7953292e+01   5.2797632e+01   1.9573519e+01  -5.1000000e+01  -2.4262915e+01
  -6.3018696e+00  -2.0000000e+00   6.9700318e+01   5.1164661e+01   1.6621183e+01  -5.1000000e+01  -2.0329743e+01
  -6.0252020e+00  -2.0000000e+00   6.8775516e+01   4.9073509e+01   1.5406947e+01  -5.1000000e+01  -1.5379986e+01
  -6.2367437e+00  -2.0000000e+00   6.7522934e+01   4.7106590e+01   1.5738270e+01  -5.1000000e+01  -1.0183656e+01
  -4.9523539e+00  -2.0000000e+00   6.5239631e+01   4.6176758e+01   1.6323331e+01  -5.1000000e+01  -6.3255745e+00
  -5.1951778e+00  -2.0000000e+00   6.3813956e+01   4.5286938e+01   1.7989742e+01  -5.1000000e+01  -2.4142865e+00
  -5.3631067e+00  -2.0000000e+00   6.0895369e+01   4.4700693e+01   1.9877649e+01  -5.1000000e+01   1.5684799e+00
  -4.2779276e+00  -2.0000000e+00   5.8158259e+01   4.4056380e+01   2.1166751e+01  -5.1000000e+01   5.1005290e+00
  -4.7918310e+00  -2.0000000e+00   5.5640552e+01   4.2754193e+01   2.2767982e+01  -5.1000000e+01   9.7814112e+00
  -6.4722753e+00  -2.0000000e+00   5.3564086e+01   4.2332637e+01   2.6487074e+01  -5.1000000e+01   1.2691743e+01
  -5.5993815e+00  -2.0000000e+00   5.0208546e+01   4.3216230e+01   2.8494875e+01  -5.1000000e+01   1.5198705e+01
  -7.3690447e+00  -2.0000000e+00   4.8137965e+01   4.1912024e+01   3.2284178e+01  -5.1000000e+01   1.7926012e+01
  -6.4868800e+00  -2.0000000e+00   4.3860327e+01   4.3253672e+01   3.5063438e+01  -5.1000000e+01   2.2375365e+01
  -8.3124420e+00  -2.0000000e+00   4.0254066e+01   4.1241665e+01   3.8938660e+01  -5.1000000e+01   2.5541590e+01
  -9.4178337e+00  -2.0000000e+00   3.6465641e+01   4.0684022e+01   4.2906086e+01  -5.1000000e+01   2.8491348e+01
  -1.2485840e+01  -2.0000000e+00   3.4525567e+01   4.0119002e+01   4.7458668e+01  -5.1000000e+01   3.0089285e+01
  -1.4487806e+01  -2.0000000e+00   3.0915712e+01   3.9289503e+01   5.2165887e+01  -5.1000000e+01   3.2658556e+01
  -1.7646027e+01  -2.0000000e+00   2.9297499e+01   3.6180613e+01   5.6261672e+01  -5.1000000e+01   3.5208134e+01
  -1.9644451e+01  -2.0000000e+00   2.3962414e+01   3.4709200e+01   6.0971881e+01  -5.1000000e+01   3.8187420e+01
  -2.1797857e+01  -2.0000000e+00   1.9121791e+01   3.1852015e+01   6.5076839e+01  -5.1000000e+01   3.9416289e+01
  -2.4148348e+01  -2.0000000e+00   1.8134578e+01   2.6556442e+01   6.8092010e+01  -5.1000000e+01   4.2201590e+01
  -2.5893316e+01  -2.0000000e+00   1.4010287e+01   2.2329620e+01   7.0760759e+01  -5.1000000e+01   4.5581971e+01
  -2.9414136e+01  -2.0000000e+00   9.9553530e+00   1.7637203e+01   7.3309515e+01  -5.1000000e+01   4.7461915e+01
  -3.2093555e+01  -2.0000000e+00   6.8387575e+00   1.4060643e+01   7.4832785e+01  -5.1000000e+01   4.9745723e+01
  -3.5196209e+01  -2.0000000e+00   9.3175518e+00   1.1542124e+01   7.3930254e+01  -5.1000000e+01   5.1271914e+01
  -3.5517646e+01  -2.0000000e+00   7.6750870e+00   9.5208267e+00   7.2664206e+01  -5.1000000e+01   5.3603166e+01
  -3.5245733e+01  -2.0000000e+00   4.7915994e+00   7.3769361e+00   7.3426860e+01  -5.1000000e+01   5.5168942e+01
  -3.4071403e+01  -2.0000000e+00   4.4537809e+00   4.5753608e+00   7.4800396e+01  -5.1000000e+01   5.6873951e+01
  -2.9610656e+01  -2.0000000e+00   1.7662014e+00  -2.5633201e+00   7.9685069e+01  -5.1000000e+01   5.3597674e+01
  -2.4772689e+01  -2.0000000e+00   1.2134736e+00  -2.7594921e+00   8.2527458e+01  -5.1000000e+01   4.8857717e+01
  -2.2403022e+01  -2.0000000e+00   3.0455053e+00  -3.3828205e+00   8.0764138e+01  -5.1000000e+01   3.7976187e+01
  -1.9473308e+01  -2.0000000e+00   8.5932993e+00   3.8239869e-02   7.7488243e+01  -5.1000000e+01   3.0523641e+01
  -1.5043002e+01  -2.0000000e+00   1.5330907e+01   4.4153191e+00   7.4244721e+01  -5.1000000e+01   2.4377017e+01
  -1.1600279e+01  -2.0000000e+00   2.3978905e+01   9.3222166e+00   6.9316110e+01  -5.1000000e+01   1.6851413e+01
  -5.9251459e+00  -2.0000000e+00   3.3517381e+01   1.5273900e+01   6.2052561e+01  -5.1000000e+01   7.2190935e+00
  -2.0270597e+00  -2.0000000e+00   4.1830951e+01   1.9039093e+01   5.3178369e+01  -5.1000000e+01  -3.6013679e+00
   1.4293984e+00  -2.0000000e+00   4.7450896e+01   2.1600538e+01   4.7412019e+01  -5.1000000e+01  -9.7689281e+00
   1.4857938e+00  -2.0000000e+00   5.1925255e+01   2.4467421e+01   4.4566847e+01  -5.1000000e+01  -1.8105062e+01
   3.0764785e+00  -2.0000000e+00   5.5277127e+01   2.7424158e+01   4.1537624e+01  -5.1000000e+01  -2.5257714e+01
   3.3264360e+00  -2.0000000e+00   5.8063256e+01   3.1240908e+01   3.9163365e+01  -5.1000000e+01  -3.1131647e+01
   3.3114812e+00  -2.0000000e+00   6.0467353e+01   3.4103484e+01   3.7135249e+01  -5.1000000e+01  -3.5879875e+01
   1.9540239e+00  -2.0000000e+00   6.2791881e+01   3.8441409e+01   3.4713752e+01  -5.1000000e+01  -4.0169170e+01
   1.0706320e+00  -2.0000000e+00   6.3773356e+01   4.4027862e+01   3.1165851e+01  -5.1000000e+01  -4.3151117e+01
  -1.6940832e+00  -2.0000000e+00   6.6556197e+01   5.0335523e+01   2.7428756e+01  -5.1000000e+01  -4.3448454e+01
  -4.7439908e+00  -2.0000000e+00   6.9390110e+01   5.6906649e+01   2.3156064e+01  -5.1000000e+01  -3.9700526e+01
  -5.2937004e+00  -2.0000000e+00   7.0902139e+01   5.7439476e+01   1.9227454e+01  -5.1000000e+01  -3.5439013e+01
  -7.1963338e+00  -2.0000000e+00   7.2837089e+01   5.5381617e+01   1.6696746e+01  -5.1000000e+01  -2.9652288e+01
  -6.7026795e+00  -2.0000000e+00   7.0950676e+01   5.2898246e+01   1.6189698e+01  -5.1000000e+01  -2.2078916e+01
  -6.3013972e+00  -2.0000000e+00   6.8304106e+01   5.0787428e+01   1.6727434e+01  -5.1000000e+01  -1.5807542e+01
  -6.6895297e+00  -2.0000000e+00   6.6087867e+01   4.9098852e+01   1.7467093e+01  -5.1000000e+01  -1.1671447e+01
  -6.3838186e+00  -2.0000000e+00   6.2860531e+01   4.7800799e+01   1.9541598e+01  -5.1000000e+01  -7.0537732e+00
  -6.2206455e+00  -2.0000000e+00   5.8742034e+01   4.6505981e+01   2.2376194e+01  -5.1000000e+01  -2.3413211e+00
  -7.3750538e+00  -2.0000000e+00   5.7583409e+01   4.5390983e+01   2.4513996e+01  -5.1000000e+01   4.7336595e-01
  -7.7626733e+00  -2.0000000e+00   5.3984742e+01   4.4375676e+01   2.6669686e+01  -5.1000000e+01   4.3408277e+00
  -7.9263781e+00  -2.0000000e+00   5.1409528e+01   4.4508863e+01   2.9005236e+01  -5.1000000e+01   7.0309131e+00
  -8.9469751e+00  -2.0000000e+00   4.8714559e+01   4.4776415e+01   3.2023000e+01  -5.1000000e+01   9.1521025e+00
  -8.7976673e+00  -2.0000000e+00   4.5457933e+01   4.4424047e+01   3.4732167e+01  -5.1000000e+01   1.2372173e+01
  -1.0045472e+01  -2.0000000e+00   4.2543793e+01   4.3809900e+01   3.8066837e+01  -5.1000000e+01   1.6540436e+01
  -1.0543268e+01  -2.0000000e+00   3.9772231e+01   4.3489824e+01   4.0953105e+01  -5.1000000e+01   1.9929429e+01
  -1.2091420e+01  -2.0000000e+00   3.6235533e+01   4.2811496e+01   4.4382393e+01  -5.1000000e+01   2.2242176e+01
  -1.4934551e+01  -2.0000000e+00   3.1830663e+01   4.1935416e+01   4.9295290e+01  -5.1000000e+01   2.4462970e+01
  -1.7112686e+01  -2.0000000e+00   2.8942313e+01   4.1162527e+01   5.3601567e+01  -5.1000000e+01   2.6565102e+01
  -1.9406031e+01  -2.0000000e+00   2.5226760e+01   4.1631144e+01   5.7669469e+01  -5.1000000e+01   2.7463139e+01
  -2.1903782e+01  -2.0000000e+00   2.6000118e+01   3.7692728e+01   5.8554243e+01  -5.1000000e+01   2.9477493e+01
  -2.3569392e+01  -2.0000000e+00   2.4235242e+01   3.4595242e+01   6.1120056e+01  -5.1000000e+01   3.4314145e+01
  -2.5787082e+01  -2.0000000e+00   2.1166090e+01   3.0537501e+01   6.3616027e+01  -5.1000000e+01   3.7194093e+01
  -2.8199860e+01  -2.0000000e+00   1.5920175e+01   2.5838515e+01   6.6445826e+01  -5.1000000e+01   3.9739432e+01
  -3.1116430e+01  -2.0000000e+00   1.1189430e+01   2.0855610e+01   6.9711061e+01  -5.1000000e+01   4.1838819e+01
  -3.3591016e+01  -2.0000000e+00   6.2898348e+00   1.6500760e+01   7.1564737e+01  -5.1000000e+01   4.3272377e+01
  -3.5881661e+01  -2.0000000e+00   3.9933063e+00   1.2787917e+01   7.2711788e+01  -5.1000000e+01   4.6222496e+01
  -3.6919995e+01  -2.0000000e+00   4.5234717e+00   1.0614457e+01   7.0822650e+01  -5.1000000e+01   4.8511046e+01
  -3.8742533e+01  -2.0000000e+00   5.6069045e+00   7.6048546e+00   6.8430081e+01  -5.1000000e+01   5.2000072e+01
  -3.8765310e+01  -2.0000000e+00   3.9154600e+00   3.9811665e+00   6.5495037e+01  -5.1000000e+01   5.3309744e+01
  -3.7838876e+01  -2.0000000e+00   3.3881798e+00   1.6460810e+00   6.3225855e+01  -5.1000000e+01   5.5242610e+01
  -3.5495317e+01  -2.0000000e+00   3.1553280e+00  -1.4459276e+00   6.5773531e+01  -5.1000000e+01   5.5605418e+01
  -3.2918200e+01  -2.0000000e+00   2.9774844e+00  -4.5278732e+00   6.8212256e+01  -5.1000000e+01   5.2688586e+01
  -2.9147526e+01  -2.0000000e+00  -2.0121731e+00  -7.9308361e+00   7.7162470e+01  -5.1000000e+01   4.6689801e+01
  -2.5968807e+01  -2.0000000e+00  -4.4431749e+00  -7.3084690e+00   8.0919699e+01  -5.1000000e+01   3.7981796e+01
  -2.2545007e+01  -2.0000000e+00  -7.7168219e-01  -4.7944028e+00   8.1549013e+01  -5.1000000e+01   3.2152848e+01
  -1.9660570e+01  -2.0000000e+00   7.6817504e+00   6.9616265e-01   7.7404363e+01  -5.1000000e+01   2.5156045e+01
  -1.5999525e+01  -2.0000000e+00   1.6673173e+01   5.9763319e+00   7.2525521e+01  -5.1000000e+01   1.9380190e+01
  -1.3540115e+01  -2.0000000e+00   2.6168222e+01   9.7932754e+00   6.6063533e+01  -5.1000000e+01   1.1375815e+01
  -9.3215851e+00  -2.0000000e+00   3.4355925e+01   1.5154943e+01   5.8232715e+01  -5.1000000e+01   1.8854266e+00
  -6.6262180e+00  -2.0000000e+00   4.2888272e+01   1.7859079e+01   4.9647625e+01  -5.1000000e+01  -7.3870372e+00
  -3.5330729e+00  -2.0000000e+00   4.7901311e+01   2.1432910e+01   4.3684166e+01  -5.1000000e+01  -1.4952122e+01
  -2.6945191e+00  -2.0000000e+00   5.2900583e+01   2.5554862e+01   3.8928407e+01  -5.1000000e+01  -2.2229292e+01
  -2.4475922e+00  -2.0000000e+00   5.6770968e+01   2.9608608e+01   3.4634083e+01  -5.1000000e+01  -2.8751793e+01
  -1.6748352e+00  -2.0000000e+00   5.9426492e+01   3.3875168e+01   3.0577711e+01  -5.1000000e+01  -3.4665689e+01
  -2.1779559e+00  -2.0000000e+00   6.1870537e+01   3.8442756e+01   2.7115460e+01  -5.1000000e+01  -3.8154318e+01
  -3.4680767e+00  -2.0000000e+00   6.4375967e+01   4.4435303e+01   2.3634217e+01  -5.1000000e+01  -4.0485998e+01
  -5.7867502e+00  -2.0000000e+00   6.6489253e+01   5.0915212e+01   1.9685424e+01  -5.1000000e+01  -3.9947447e+01
  -9.5314550e+00  -2.0000000e+00   6.9502331e+01   5.6400966e+01   1.7032841e+01  -5.1000000e+01  -3.4491084e+01
  -8.8340026e+00  -2.0000000e+00   6.9283887e+01   5.5142709e+01   1.4730081e+01  -5.1000000e+01  -2.9339839e+01
  -8.3971898e+00  -2.0000000e+00   6.8387933e+01   5.3820254e+01   1.4207040e+01  -5.1000000e+01  -2.4385085e+01
  -7.3527124e+00  -2.0000000e+00   6.5379627e+01   5.2328085e+01   1.5735808e+01  -5.1000000e+01  -1.9277765e+01
