  -2.6286056e+01   1.8342836e+01   4.7465404e+01   1.9711147e+01   2.6266456e+01  -4.9320256e+01   2.0428388e+01
  -2.7459445e+01   4.3763405e+00   4.1549118e+01   2.1330303e+01   2.7269524e+01  -5.1622922e+01   2.2532884e+01
  -1.6432961e+01  -2.0000000e+00   3.9000000e+01   2.9214530e+01   3.6604942e+01  -4.8133776e+01   3.0655617e+01
  -1.6501763e+01  -2.0000000e+00   3.9000000e+01   3.4803509e+01   4.1397001e+01  -5.1017576e+01   3.3928642e+01
  -1.9026098e+01  -2.0000000e+00   3.9000000e+01   3.8171702e+01   4.4986156e+01  -5.6206167e+01   3.6528949e+01
  -2.2318340e+01  -2.0000000e+00   3.9000000e+01   4.1654540e+01   4.7399935e+01  -6.1720196e+01   3.7166507e+01
  -2.4274680e+01  -2.0000000e+00   3.9000000e+01   4.4836177e+01   4.9458794e+01  -6.7408097e+01   4.0359744e+01
  -2.4641263e+01  -2.0000000e+00   3.9000000e+01   4.8170379e+01   5.0879127e+01  -7.2795669e+01   4.4728836e+01
  -2.6537915e+01  -2.0000000e+00   3.9000000e+01   5.1123909e+01   5.1992587e+01  -7.8420591e+01   4.8816809e+01
  -2.8528373e+01  -2.0000000e+00   3.9000000e+01   5.5531090e+01   5.1673473e+01  -8.3346370e+01   5.1937008e+01
  -2.9784199e+01  -2.0000000e+00   3.9000000e+01   6.0972480e+01   5.2849232e+01  -8.8009674e+01   5.6290601e+01
  -2.9794566e+01  -2.0000000e+00   3.9000000e+01   6.7840205e+01   5.3693672e+01  -9.1970161e+01   5.9395330e+01
  -3.1728399e+01  -2.0000000e+00   3.9000000e+01   7.5252416e+01   5.4353841e+01  -9.6135073e+01   6.1473492e+01
  -3.2892543e+01  -2.0000000e+00   3.9000000e+01   8.3518721e+01   5.4937995e+01  -9.9842625e+01   6.3670653e+01
  -3.2493988e+01  -2.0000000e+00   3.9000000e+01   9.1980015e+01   5.5507441e+01  -1.0335590e+02   6.6519283e+01
  -3.2151164e+01  -2.0000000e+00   3.9000000e+01   1.0044314e+02   5.6070507e+01  -1.0686542e+02   6.9354533e+01
  -2.9764847e+01  -2.0000000e+00   3.9000000e+01   1.0866202e+02   5.6719435e+01  -1.1044990e+02   7.1471270e+01
  -2.8646460e+01  -2.0000000e+00   3.9000000e+01   1.0675556e+02   5.9140418e+01  -1.1965857e+02   7.3882496e+01
  -2.7900392e+01  -2.0000000e+00   3.9000000e+01   9.9065614e+01   6.1665788e+01  -1.2955120e+02   6.9279510e+01
  -2.3165412e+01  -2.0000000e+00   3.9000000e+01   9.5818786e+01   5.7440579e+01  -1.3803031e+02   6.1520724e+01
  -2.2303972e+01  -2.0000000e+00   3.9000000e+01   9.4091136e+01   4.8175817e+01  -1.4386366e+02   5.1052629e+01
  -1.8721447e+01  -2.0000000e+00   3.9000000e+01   8.9359813e+01   3.8223107e+01  -1.4477186e+02   3.9136718e+01
  -1.5160016e+01  -2.0000000e+00   3.9000000e+01   8.3958504e+01   3.2425037e+01  -1.4303626e+02   2.7546204e+01
  -1.2540696e+01  -2.0000000e+00   3.9000000e+01   7.8222401e+01   3.2572539e+01  -1.3887819e+02   1.6330537e+01
  -9.6328936e+00  -2.0000000e+00   3.9000000e+01   7.5656807e+01   3.6995483e+01  -1.3202047e+02   6.3511345e+00
  -5.1100446e+00  -2.0000000e+00   3.9000000e+01   7.4564042e+01   4.1996809e+01  -1.2328658e+02  -2.2880470e+00
  -1.5290598e+00  -2.0000000e+00   3.9000000e+01   7.2685767e+01   4.7335227e+01  -1.1463751e+02  -8.4159909e+00
   2.5849860e+00  -2.0000000e+00   3.9000000e+01   7.0995721e+01   5.0394990e+01  -1.0589283e+02  -1.4588014e+01
   5.3370193e+00  -2.0000000e+00   3.9000000e+01   7.0326483e+01   5.4083227e+01  -9.6977010e+01  -1.8278248e+01
   9.1340516e+00  -2.0000000e+00   3.9000000e+01   6.9039482e+01   5.5655221e+01  -8.8238536e+01  -2.1780104e+01
   1.2534893e+01  -2.0000000e+00   3.9000000e+01   6.8279475e+01   5.6577672e+01  -7.9499608e+01  -2.4373680e+01
   1.3332056e+01  -2.0000000e+00   3.9000000e+01   6.6815527e+01   5.5668351e+01  -7.0904807e+01  -2.7830780e+01
   1.1985634e+01  -2.0000000e+00   3.9000000e+01   6.6481164e+01   5.3884933e+01  -6.2226848e+01  -3.0380122e+01
   7.6311752e+00  -2.0000000e+00   3.9000000e+01   6.7095761e+01   5.0193565e+01  -5.3486377e+01  -3.0122899e+01
   6.2421005e+00  -2.0000000e+00   3.9000000e+01   6.4152930e+01   4.7867078e+01  -4.6709981e+01  -2.5742432e+01
   4.9407371e+00  -2.0000000e+00   3.9000000e+01   5.8087581e+01   4.6260642e+01  -4.3052221e+01  -2.1234881e+01
   2.6483659e+00  -2.0000000e+00   3.9000000e+01   5.2509432e+01   4.5507377e+01  -4.0486869e+01  -1.4877716e+01
   1.5741784e+00  -2.0000000e+00   3.9000000e+01   4.7766530e+01   4.3635093e+01  -3.8876894e+01  -1.0260561e+01
  -5.9686580e-01  -2.0000000e+00   3.9000000e+01   4.4378056e+01   4.2561455e+01  -3.8817438e+01  -5.8961729e+00
  -3.3173939e+00  -2.0000000e+00   3.9000000e+01   4.1966926e+01   4.3155558e+01  -3.8600172e+01  -1.6143696e+00
  -4.9928274e+00  -2.0000000e+00   3.9000000e+01   4.1339548e+01   4.3196513e+01  -4.0024686e+01   7.6696161e-01
  -6.8886767e+00  -2.0000000e+00   3.9000000e+01   4.1762011e+01   4.2697432e+01  -4.2604538e+01   3.4191209e+00
  -8.0369346e+00  -2.0000000e+00   3.9000000e+01   4.3614969e+01   4.2943311e+01  -4.6091525e+01   6.6750477e+00
  -9.4564582e+00  -2.0000000e+00   3.9000000e+01   4.4601922e+01   4.1630194e+01  -5.0597380e+01   1.0741770e+01
  -1.1326004e+01  -2.0000000e+00   3.9000000e+01   4.5973757e+01   4.1134904e+01  -5.5176191e+01   1.4536590e+01
  -1.3071695e+01  -2.0000000e+00   3.9000000e+01   4.8338060e+01   4.0366050e+01  -6.0290364e+01   1.8774304e+01
  -1.6258851e+01  -2.0000000e+00   3.9000000e+01   5.0345831e+01   4.0823151e+01  -6.5366570e+01   2.1018770e+01
  -1.8793142e+01  -2.0000000e+00   3.9000000e+01   5.2920428e+01   4.1845789e+01  -7.0180990e+01   2.4113617e+01
  -2.1266766e+01  -2.0000000e+00   3.9000000e+01   5.6959222e+01   4.2675054e+01  -7.5861229e+01   2.7407080e+01
  -2.3371972e+01  -2.0000000e+00   3.9000000e+01   6.0339219e+01   4.2983266e+01  -8.2229332e+01   3.1951640e+01
  -2.5242488e+01  -2.0000000e+00   3.9000000e+01   6.5060706e+01   4.4781501e+01  -8.8191212e+01   3.5821632e+01
  -2.6780543e+01  -2.0000000e+00   3.9000000e+01   6.9117986e+01   4.5277856e+01  -9.4702103e+01   3.9934737e+01
  -2.8586085e+01  -2.0000000e+00   3.9000000e+01   7.4193631e+01   4.5709338e+01  -1.0052328e+02   4.4255539e+01
  -2.9508937e+01  -2.0000000e+00   3.9000000e+01   7.9911510e+01   4.5797953e+01  -1.0620465e+02   4.8101577e+01
  -3.1596144e+01  -2.0000000e+00   3.9000000e+01   8.6651959e+01   4.5647533e+01  -1.1148814e+02   5.1919530e+01
  -3.1410774e+01  -2.0000000e+00   3.9000000e+01   9.4158722e+01   4.5533176e+01  -1.1658980e+02   5.5115075e+01
  -3.0127827e+01  -2.0000000e+00   3.9000000e+01   1.0271776e+02   4.5452984e+01  -1.1983519e+02   5.7868167e+01
  -2.9829602e+01  -2.0000000e+00   3.9000000e+01   1.1128494e+02   4.5379587e+01  -1.2306406e+02   6.0611322e+01
  -3.0315210e+01  -2.0000000e+00   3.9000000e+01   1.1936398e+02   4.5498992e+01  -1.2649710e+02   6.3379901e+01
  -2.9609616e+01  -2.0000000e+00   3.9000000e+01   1.2633054e+02   4.6401347e+01  -1.3166732e+02   6.5908415e+01
  -2.8399802e+01  -2.0000000e+00   3.9000000e+01   1.2912983e+02   4.8445092e+01  -1.3948378e+02   6.8111967e+01
  -2.7707251e+01  -2.0000000e+00   3.9000000e+01   1.2308781e+02   4.9901090e+01  -1.4950778e+02   6.7007474e+01
  -2.7143609e+01  -2.0000000e+00   3.9000000e+01   1.1858722e+02   4.6139923e+01  -1.5905812e+02   6.0513035e+01
  -2.5512953e+01  -2.0000000e+00   3.9000000e+01   1.1802339e+02   3.8868970e+01  -1.6701073e+02   5.3348124e+01
  -2.2214083e+01  -2.0000000e+00   3.9000000e+01   1.1523652e+02   3.0363347e+01  -1.7201898e+02   4.1937054e+01
  -1.6186942e+01  -2.0000000e+00   3.9000000e+01   1.1343757e+02   2.6312721e+01  -1.7719350e+02   3.1399500e+01
  -1.4236294e+01  -2.0000000e+00   3.9000000e+01   1.1275748e+02   2.3482640e+01  -1.8129330e+02   2.1223005e+01
  -1.0536396e+01  -2.0000000e+00   3.9000000e+01   1.1215876e+02   2.4714867e+01  -1.8073932e+02   1.1640855e+01
  -1.0160912e+01  -2.0000000e+00   3.9000000e+01   1.1002522e+02   2.7808300e+01  -1.7604155e+02   1.8764343e+00
  -6.8997764e+00  -2.0000000e+00   3.9000000e+01   1.1099873e+02   3.3738606e+01  -1.6777240e+02  -6.1718903e+00
  -8.6191172e-01  -2.0000000e+00   3.9000000e+01   1.1139450e+02   4.1333583e+01  -1.5944110e+02  -1.1428457e+01
   3.5647824e+00  -2.0000000e+00   3.9000000e+01   1.1100733e+02   4.6428837e+01  -1.5098090e+02  -1.6243229e+01
   7.5840355e+00  -2.0000000e+00   3.9000000e+01   1.1117693e+02   5.1095118e+01  -1.4247010e+02  -1.9633008e+01
   1.1896370e+01  -2.0000000e+00   3.9000000e+01   1.1096429e+02   5.4226459e+01  -1.3385959e+02  -2.3456382e+01
   1.5161422e+01  -2.0000000e+00   3.9000000e+01   1.1044957e+02   5.5356935e+01  -1.2533035e+02  -2.6747023e+01
   1.7711393e+01  -2.0000000e+00   3.9000000e+01   1.1025409e+02   5.4948980e+01  -1.1659694e+02  -2.9971010e+01
   1.7380064e+01  -2.0000000e+00   3.9000000e+01   1.0828773e+02   5.4002023e+01  -1.0810597e+02  -3.3176675e+01
   1.5836353e+01  -2.0000000e+00   3.9000000e+01   1.0785905e+02   5.2181439e+01  -9.9186242e+01  -3.5875439e+01
   5.1391545e+00  -2.0000000e+00   3.9000000e+01   1.0024670e+02   4.4522130e+01  -9.3423576e+01  -4.5061940e+01
   1.0435108e+01  -2.0000000e+00   3.9000000e+01   1.0139271e+02   4.4617156e+01  -8.4701010e+01  -3.7035023e+01
   9.2000986e+00  -2.0000000e+00   3.9000000e+01   9.4990248e+01   4.5025438e+01  -8.0341545e+01  -2.9929208e+01
   7.2437417e+00  -2.0000000e+00   3.9000000e+01   8.8453822e+01   4.5121166e+01  -7.6297943e+01  -2.2364128e+01
   5.0208241e+00  -2.0000000e+00   3.9000000e+01   8.1771764e+01   4.4739831e+01  -7.2297825e+01  -1.6086850e+01
   3.3443168e+00  -2.0000000e+00   3.9000000e+01   7.5624281e+01   4.4368948e+01  -6.7987292e+01  -1.0148720e+01
   2.0430229e+00  -2.0000000e+00   3.9000000e+01   7.0237741e+01   4.3202593e+01  -6.4471267e+01  -4.5820492e+00
   8.9102664e-01  -2.0000000e+00   3.9000000e+01   6.5826060e+01   4.2571829e+01  -6.2606279e+01  -8.9860454e-02
   3.6139610e-01  -2.0000000e+00   3.9000000e+01   6.3768294e+01   4.1144060e+01  -6.2333211e+01   2.9958469e+00
  -6.1772725e-01  -2.0000000e+00   3.9000000e+01   6.2941204e+01   4.0388954e+01  -6.2992306e+01   5.3099196e+00
  -1.5850587e+00  -2.0000000e+00   3.9000000e+01   6.1960960e+01   4.0063447e+01  -6.3511593e+01   6.3833080e+00
  -2.2499651e+00  -2.0000000e+00   3.9000000e+01   6.1689261e+01   3.9902123e+01  -6.3497740e+01   6.0099826e+00
  -2.6486952e+00  -2.0000000e+00   3.9000000e+01   6.3268556e+01   4.0064416e+01  -6.5413067e+01   7.2210707e+00
  -2.4597846e+00  -2.0000000e+00   3.9000000e+01   6.5813099e+01   3.8178271e+01  -6.8355112e+01   7.3425912e+00
  -2.7219775e+00  -2.0000000e+00   3.9000000e+01   6.9036546e+01   3.8064899e+01  -7.2198481e+01   8.0676235e+00
  -3.3177325e+00  -2.0000000e+00   3.9000000e+01   7.1019929e+01   3.8220423e+01  -7.5588055e+01   1.0943580e+01
  -4.2073337e+00  -2.0000000e+00   3.9000000e+01   7.3275559e+01   3.8630450e+01  -7.9913514e+01   1.4020770e+01
  -5.9031733e+00  -2.0000000e+00   3.9000000e+01   7.3862499e+01   3.8863605e+01  -8.2893084e+01   1.5880439e+01
  -6.4640744e+00  -2.0000000e+00   3.9000000e+01   7.6605992e+01   3.8809978e+01  -8.6594036e+01   1.8194662e+01
  -8.3800981e+00  -2.0000000e+00   3.9000000e+01   7.9232284e+01   4.0838583e+01  -9.0936970e+01   2.1524923e+01
  -9.6222435e+00  -2.0000000e+00   3.9000000e+01   8.2613377e+01   4.1203065e+01  -9.5951024e+01   2.3571575e+01
  -1.1209668e+01  -2.0000000e+00   3.9000000e+01   8.4996061e+01   4.1780948e+01  -1.0094869e+02   2.7108131e+01
  -1.3388542e+01  -2.0000000e+00   3.9000000e+01   8.8084730e+01   4.3526051e+01  -1.0691452e+02   3.0588172e+01
  -1.3744562e+01  -2.0000000e+00   3.9000000e+01   9.1467678e+01   4.3088533e+01  -1.1328899e+02   3.4082396e+01
  -1.5727827e+01  -2.0000000e+00   3.9000000e+01   9.5886906e+01   4.4674511e+01  -1.2006269e+02   3.7798541e+01
  -1.7496356e+01  -2.0000000e+00   3.9000000e+01   1.0004048e+02   4.5959208e+01  -1.2727499e+02   4.0220439e+01
  -2.0641710e+01  -2.0000000e+00   3.9000000e+01   1.0483535e+02   4.7107354e+01  -1.3447879e+02   4.4617516e+01
  -2.2666746e+01  -2.0000000e+00   3.9000000e+01   1.0971277e+02   4.8305276e+01  -1.4186411e+02   4.7965088e+01
  -2.4551331e+01  -2.0000000e+00   3.9000000e+01   1.1584648e+02   5.0622418e+01  -1.4890615e+02   5.1347918e+01
  -2.5951268e+01  -2.0000000e+00   3.9000000e+01   1.2173166e+02   5.1014066e+01  -1.5590947e+02   5.4888826e+01
  -2.5110966e+01  -2.0000000e+00   3.9000000e+01   1.2726211e+02   5.1263670e+01  -1.6318777e+02   5.8740150e+01
  -2.4026992e+01  -2.0000000e+00   3.9000000e+01   1.2820337e+02   4.9757411e+01  -1.7159152e+02   6.0512789e+01
  -2.1252185e+01  -2.0000000e+00   3.9000000e+01   1.2901153e+02   4.7543108e+01  -1.7996184e+02   5.9606498e+01
  -1.7020464e+01  -2.0000000e+00   3.9000000e+01   1.3013276e+02   4.3933562e+01  -1.8779392e+02   5.4351749e+01
  -1.2380942e+01  -2.0000000e+00   3.9000000e+01   1.3519985e+02   3.9290722e+01  -1.9293606e+02   4.9076173e+01
  -9.3619329e+00  -2.0000000e+00   3.9000000e+01   1.3518907e+02   3.8102917e+01  -1.9564170e+02   4.0027489e+01
  -8.2014187e+00  -2.0000000e+00   3.9000000e+01   1.3489575e+02   3.4895375e+01  -1.9173585e+02   3.0453902e+01
  -8.3900387e+00  -2.0000000e+00   3.9000000e+01   1.3293356e+02   3.2275445e+01  -1.8580199e+02   2.1936199e+01
  -3.1141880e+00  -2.0000000e+00   3.9000000e+01   1.2681636e+02   3.5834564e+01  -1.8482911e+02   1.3827358e+01
   2.4140035e+00  -2.0000000e+00   3.9000000e+01   1.2100900e+02   3.8734717e+01  -1.8497435e+02   6.3585591e+00
   5.5550460e+00  -2.0000000e+00   3.9000000e+01   1.1845357e+02   3.9064430e+01  -1.8644800e+02  -2.6227936e+00
   6.5775674e+00  -2.0000000e+00   3.9000000e+01   1.1552777e+02   3.9198522e+01  -1.8383097e+02  -1.0782549e+01
   8.3654571e+00  -2.0000000e+00   3.9000000e+01   1.1200240e+02   4.0146922e+01  -1.7657795e+02  -1.6223996e+01
   8.4589517e+00  -2.0000000e+00   3.9000000e+01   1.1206520e+02   4.4564712e+01  -1.6800901e+02  -2.1026373e+01
   1.1238696e+01  -2.0000000e+00   3.9000000e+01   1.1262035e+02   4.9287349e+01  -1.5929788e+02  -2.4353692e+01
   1.4632309e+01  -2.0000000e+00   3.9000000e+01   1.1614581e+02   5.3435698e+01  -1.4991120e+02  -2.5001373e+01
   1.6406426e+01  -2.0000000e+00   3.9000000e+01   1.1753185e+02   5.5078051e+01  -1.4098882e+02  -2.8369954e+01
   1.7173216e+01  -2.0000000e+00   3.9000000e+01   1.1904061e+02   5.3134327e+01  -1.3201527e+02  -3.3212224e+01
   1.7717296e+01  -2.0000000e+00   3.9000000e+01   1.2135912e+02   5.0753914e+01  -1.2257163e+02  -3.7717152e+01
   1.4394964e+01  -2.0000000e+00   3.9000000e+01   1.2443649e+02   4.6749357e+01  -1.1303261e+02  -3.9201270e+01
   1.0954071e+01  -2.0000000e+00   3.9000000e+01   1.2220121e+02   4.3105068e+01  -1.0521580e+02  -3.8131075e+01
   1.0727559e+01  -2.0000000e+00   3.9000000e+01   1.1628086e+02   4.1246268e+01  -1.0052411e+02  -3.5230143e+01
   9.7856120e+00  -2.0000000e+00   3.9000000e+01   1.0969389e+02   3.9666553e+01  -9.6318962e+01  -3.1128623e+01
   8.7735007e+00  -2.0000000e+00   3.9000000e+01   1.0303634e+02   3.8538867e+01  -9.2248424e+01  -2.5102260e+01
   6.6192298e+00  -2.0000000e+00   3.9000000e+01   9.5591273e+01   3.8310537e+01  -8.8888516e+01  -1.9297965e+01
   5.3408211e+00  -2.0000000e+00   3.9000000e+01   8.8568798e+01   3.7799819e+01  -8.4889917e+01  -1.2984445e+01
   3.2479262e+00  -2.0000000e+00   3.9000000e+01   8.1484232e+01   3.6770784e+01  -8.0749552e+01  -7.1073505e+00
   2.4962945e+00  -2.0000000e+00   3.9000000e+01   7.4709011e+01   3.6133842e+01  -7.6385531e+01  -9.1824781e-01
   6.3358525e-01  -2.0000000e+00   3.9000000e+01   6.9209663e+01   3.6738606e+01  -7.3250885e+01   5.7596884e+00
  -2.4490195e+00  -2.0000000e+00   3.9000000e+01   6.6241772e+01   3.9151524e+01  -7.2410248e+01   1.1882801e+01
  -2.9937502e+00  -2.0000000e+00   3.9000000e+01   6.9599900e+01   3.8646080e+01  -7.7020611e+01   1.5903070e+01
  -5.1470116e+00  -2.0000000e+00   3.9000000e+01   7.2659707e+01   3.9505719e+01  -8.2979416e+01   2.0799972e+01
  -6.8668472e+00  -2.0000000e+00   3.9000000e+01   7.5764319e+01   3.9565113e+01  -8.9269378e+01   2.5048817e+01
  -9.7463740e+00  -2.0000000e+00   3.9000000e+01   7.8858074e+01   3.9657121e+01  -9.5599932e+01   2.8564252e+01
  -1.4175802e+01  -2.0000000e+00   3.9000000e+01   8.0797833e+01   4.2804322e+01  -1.0182523e+02   3.2093522e+01
  -1.6296191e+01  -2.0000000e+00   3.9000000e+01   8.5710990e+01   4.3829138e+01  -1.0805849e+02   3.6176655e+01
  -1.7371133e+01  -2.0000000e+00   3.9000000e+01   9.2150129e+01   4.5782579e+01  -1.1436031e+02   4.0606946e+01
  -2.0796521e+01  -2.0000000e+00   3.9000000e+01   9.5657849e+01   4.7466798e+01  -1.2220137e+02   4.3571496e+01
  -2.3961279e+01  -2.0000000e+00   3.9000000e+01   9.9908957e+01   4.9498627e+01  -1.2967728e+02   4.7425142e+01
  -2.5203854e+01  -2.0000000e+00   3.9000000e+01   1.0628364e+02   5.0286636e+01  -1.3626923e+02   5.0870155e+01
  -2.6922473e+01  -2.0000000e+00   3.9000000e+01   1.1301882e+02   5.1174887e+01  -1.4264505e+02   5.4175999e+01
  -2.8546797e+01  -2.0000000e+00   3.9000000e+01   1.1968450e+02   5.1955500e+01  -1.4910838e+02   5.6994596e+01
  -2.8469251e+01  -2.0000000e+00   3.9000000e+01   1.2714356e+02   5.2131329e+01  -1.5419763e+02   6.0094254e+01
  -2.7535592e+01  -2.0000000e+00   3.9000000e+01   1.3462912e+02   5.2438832e+01  -1.5874338e+02   6.3635461e+01
  -2.8570480e+01  -2.0000000e+00   3.9000000e+01   1.4161000e+02   5.2690540e+01  -1.6266407e+02   6.6056500e+01
  -2.9080825e+01  -2.0000000e+00   3.9000000e+01   1.4777984e+02   5.2951208e+01  -1.6668641e+02   6.8585392e+01
  -2.7993708e+01  -2.0000000e+00   3.9000000e+01   1.5221228e+02   5.3262237e+01  -1.7143160e+02   7.0995931e+01
  -2.7015112e+01  -2.0000000e+00   3.9000000e+01   1.4905236e+02   5.4989015e+01  -1.8048055e+02   6.8338575e+01
  -2.3545721e+01  -2.0000000e+00   3.9000000e+01   1.4810039e+02   5.3724471e+01  -1.8879887e+02   6.3354822e+01
  -1.9762251e+01  -2.0000000e+00   3.9000000e+01   1.4703815e+02   4.8325605e+01  -1.9706287e+02   5.5912152e+01
  -1.7289705e+01  -2.0000000e+00   3.9000000e+01   1.4822224e+02   4.1352526e+01  -2.0362056e+02   4.6612315e+01
  -1.4436711e+01  -2.0000000e+00   3.9000000e+01   1.4784163e+02   3.1806706e+01  -2.0702089e+02   3.4818884e+01
  -1.1075563e+01  -2.0000000e+00   3.9000000e+01   1.4593479e+02   2.8289490e+01  -2.0860352e+02   2.3871951e+01
  -6.0363267e+00  -2.0000000e+00   3.9000000e+01   1.4348039e+02   2.8039892e+01  -2.1104688e+02   1.2844031e+01
  -1.7492310e+00  -2.0000000e+00   3.9000000e+01   1.4523952e+02   2.7822749e+01  -2.1296215e+02   1.7881213e+00
  -2.3760601e+00  -2.0000000e+00   3.9000000e+01   1.4488373e+02   3.1152590e+01  -2.0980571e+02  -7.5868075e+00
  -1.2519132e+00  -2.0000000e+00   3.9000000e+01   1.4459032e+02   3.4413984e+01  -2.0392113e+02  -1.4274548e+01
   7.8863754e-01  -2.0000000e+00   3.9000000e+01   1.4521701e+02   3.9751651e+01  -1.9723482e+02  -2.1731151e+01
   4.0283259e+00  -2.0000000e+00   3.9000000e+01   1.4658935e+02   4.5217436e+01  -1.9037493e+02  -2.7666553e+01
   8.8248450e+00  -2.0000000e+00   3.9000000e+01   1.4897564e+02   5.0222644e+01  -1.8328531e+02  -3.0334261e+01
   1.3164492e+01  -2.0000000e+00   3.9000000e+01   1.5223992e+02   5.4166996e+01  -1.7579361e+02  -3.3360675e+01
   1.6188070e+01  -2.0000000e+00   3.9000000e+01   1.5536488e+02   5.6080580e+01  -1.6858487e+02  -3.7242391e+01
   1.7605911e+01  -2.0000000e+00   3.9000000e+01   1.5697092e+02   5.6111138e+01  -1.6182237e+02  -4.1435276e+01
   1.8062142e+01  -2.0000000e+00   3.9000000e+01   1.6074294e+02   5.4628471e+01  -1.5385810e+02  -4.5521009e+01
   1.4792847e+01  -2.0000000e+00   3.9000000e+01   1.6521074e+02   5.1687989e+01  -1.4583252e+02  -4.5833390e+01
   1.2244372e+01  -2.0000000e+00   3.9000000e+01   1.6455317e+02   4.9582738e+01  -1.4152715e+02  -4.5633675e+01
   1.1477636e+01  -2.0000000e+00   3.9000000e+01   1.6133651e+02   4.8448518e+01  -1.3954645e+02  -4.3747095e+01
   1.0072002e+01  -2.0000000e+00   3.9000000e+01   1.5740109e+02   4.7361073e+01  -1.3805721e+02  -4.0223316e+01
   8.9941559e+00  -2.0000000e+00   3.9000000e+01   1.5329580e+02   4.6303467e+01  -1.3651213e+02  -3.5376701e+01
   7.6179416e+00  -2.0000000e+00   3.9000000e+01   1.4871554e+02   4.5026023e+01  -1.3433931e+02  -3.0673140e+01
   6.2327575e+00  -2.0000000e+00   3.9000000e+01   1.4379416e+02   4.3924619e+01  -1.3217545e+02  -2.5250791e+01
   4.5884477e+00  -2.0000000e+00   3.9000000e+01   1.3852589e+02   4.3196119e+01  -1.3001994e+02  -1.9263482e+01
   2.7895478e+00  -2.0000000e+00   3.9000000e+01   1.3318659e+02   4.3146424e+01  -1.2756463e+02  -1.2531084e+01
   1.0412783e+00  -2.0000000e+00   3.9000000e+01   1.2731681e+02   4.2620881e+01  -1.2510356e+02  -6.7391334e+00
   5.7372819e-01  -2.0000000e+00   3.9000000e+01   1.2141205e+02   4.1146746e+01  -1.2256585e+02  -1.7526368e+00
   2.4680882e-01  -2.0000000e+00   3.9000000e+01   1.1573244e+02   4.0520370e+01  -1.1958955e+02   4.0651492e+00
  -8.5632322e-01  -2.0000000e+00   3.9000000e+01   1.1155716e+02   4.1320004e+01  -1.1626434e+02   1.0360407e+01
  -2.4295570e+00  -2.0000000e+00   3.9000000e+01   1.0745626e+02   4.1547363e+01  -1.1398854e+02   1.4544040e+01
  -2.8562557e+00  -2.0000000e+00   3.9000000e+01   1.0567295e+02   4.1180039e+01  -1.1391137e+02   1.8981513e+01
  -4.3913578e+00  -2.0000000e+00   3.9000000e+01   1.0391096e+02   4.1192182e+01  -1.1488668e+02   2.2511281e+01
  -6.3156601e+00  -2.0000000e+00   3.9000000e+01   1.0312586e+02   4.2606285e+01  -1.1655678e+02   2.5138355e+01
  -7.3290230e+00  -2.0000000e+00   3.9000000e+01   1.0525129e+02   4.2909671e+01  -1.2052804e+02   2.8896330e+01
  -8.9264624e+00  -2.0000000e+00   3.9000000e+01   1.0916409e+02   4.3958878e+01  -1.2614335e+02   3.2425889e+01
  -1.2283125e+01  -2.0000000e+00   3.9000000e+01   1.1265567e+02   4.6159846e+01  -1.3224998e+02   3.3293485e+01
  -1.4701695e+01  -2.0000000e+00   3.9000000e+01   1.1839392e+02   4.8051122e+01  -1.3859911e+02   3.5775860e+01
  -1.7794804e+01  -2.0000000e+00   3.9000000e+01   1.2312755e+02   4.9858207e+01  -1.4586938e+02   3.7507884e+01
  -1.9122404e+01  -2.0000000e+00   3.9000000e+01   1.2807774e+02   5.1467415e+01  -1.5331679e+02   4.1402880e+01
  -2.0971969e+01  -2.0000000e+00   3.9000000e+01   1.3306114e+02   5.1705162e+01  -1.6089115e+02   4.3885020e+01
  -2.3888707e+01  -2.0000000e+00   3.9000000e+01   1.3759017e+02   5.2898821e+01  -1.6876313e+02   4.6700448e+01
  -2.4777685e+01  -2.0000000e+00   3.9000000e+01   1.4358537e+02   5.4763359e+01  -1.7521150e+02   4.9999585e+01
  -2.4793091e+01  -2.0000000e+00   3.9000000e+01   1.4949979e+02   5.5674983e+01  -1.8058939e+02   5.3391376e+01
  -2.5908480e+01  -2.0000000e+00   3.9000000e+01   1.5423374e+02   5.5807623e+01  -1.8648955e+02   5.5455378e+01
  -2.7467740e+01  -2.0000000e+00   3.9000000e+01   1.5798158e+02   5.3919619e+01  -1.9191421e+02   5.8858138e+01
  -2.7021746e+01  -2.0000000e+00   3.9000000e+01   1.6096777e+02   5.2144536e+01  -1.9726493e+02   6.1711062e+01
  -2.7057471e+01  -2.0000000e+00   3.9000000e+01   1.6189884e+02   4.9358465e+01  -2.0403014e+02   6.2985019e+01
  -2.1931251e+01  -2.0000000e+00   3.9000000e+01   1.6258409e+02   4.8422596e+01  -2.1058578e+02   6.3541945e+01
  -1.9130279e+01  -2.0000000e+00   3.9000000e+01   1.6229353e+02   4.2286229e+01  -2.1660419e+02   5.5141745e+01
  -1.2165803e+01  -2.0000000e+00   3.9000000e+01   1.6268614e+02   4.0864458e+01  -2.2254956e+02   4.6181458e+01
  -9.2179309e+00  -2.0000000e+00   3.9000000e+01   1.6311117e+02   3.5592410e+01  -2.2521969e+02   3.5304242e+01
  -6.8660270e+00  -2.0000000e+00   3.9000000e+01   1.6434658e+02   3.4088738e+01  -2.2366702e+02   2.4278122e+01
  -4.0888044e+00  -2.0000000e+00   3.9000000e+01   1.6565210e+02   3.6883612e+01  -2.2037820e+02   1.3331689e+01
  -4.4567328e-01  -2.0000000e+00   3.9000000e+01   1.6809911e+02   4.0765782e+01  -2.1565757e+02   3.0390314e+00
   3.4657993e+00  -2.0000000e+00   3.9000000e+01   1.7064687e+02   4.5124465e+01  -2.1083106e+02  -6.1958043e+00
   5.6170816e+00  -2.0000000e+00   3.9000000e+01   1.7200344e+02   4.8301114e+01  -2.0749097e+02  -1.4865483e+01
   9.1088940e+00  -2.0000000e+00   3.9000000e+01   1.7394727e+02   5.1809544e+01  -2.0354543e+02  -2.1897328e+01
   1.4090456e+01  -2.0000000e+00   3.9000000e+01   1.7636474e+02   5.4948294e+01  -1.9998944e+02  -2.9156133e+01
   1.6794296e+01  -2.0000000e+00   3.9000000e+01   1.7903242e+02   5.8656247e+01  -1.9665733e+02  -3.3835561e+01
   2.0224047e+01  -2.0000000e+00   3.9000000e+01   1.8206207e+02   6.1870952e+01  -1.9402897e+02  -3.7838055e+01
   2.3490992e+01  -2.0000000e+00   3.9000000e+01   1.8547555e+02   6.3961027e+01  -1.9138920e+02  -4.2357007e+01
   2.6318812e+01  -2.0000000e+00   3.9000000e+01   1.8849841e+02   6.6099777e+01  -1.8940318e+02  -4.5399790e+01
   2.7484746e+01  -2.0000000e+00   3.9000000e+01   1.9202132e+02   6.7322948e+01  -1.8760654e+02  -4.8179861e+01
   2.7492838e+01  -2.0000000e+00   3.9000000e+01   1.9519945e+02   6.7960194e+01  -1.8686504e+02  -5.2166364e+01
   2.5412907e+01  -2.0000000e+00   3.9000000e+01   2.0021480e+02   6.7718254e+01  -1.8414333e+02  -5.7064389e+01
   2.2310859e+01  -2.0000000e+00   3.9000000e+01   2.0630373e+02   6.6748707e+01  -1.7980387e+02  -6.0720368e+01
   1.8065630e+01  -2.0000000e+00   3.9000000e+01   2.1227194e+02   6.4834948e+01  -1.7534469e+02  -6.2212346e+01
   1.7967698e+01  -2.0000000e+00   3.9000000e+01   2.1428747e+02   6.3823745e+01  -1.7668294e+02  -6.2030941e+01
   1.7199384e+01  -2.0000000e+00   3.9000000e+01   2.1565967e+02   6.2897830e+01  -1.7951534e+02  -6.0606733e+01
   1.5551999e+01  -2.0000000e+00   3.9000000e+01   2.1750135e+02   6.2222792e+01  -1.8240815e+02  -5.7132410e+01
   1.3719414e+01  -2.0000000e+00   3.9000000e+01   2.1957916e+02   6.1333779e+01  -1.8534288e+02  -5.2597423e+01
   1.1888041e+01  -2.0000000e+00   3.9000000e+01   2.2123066e+02   6.0223862e+01  -1.8866639e+02  -4.7315126e+01
   9.7864715e+00  -2.0000000e+00   3.9000000e+01   2.2250774e+02   5.9057852e+01  -1.9234399e+02  -4.2335893e+01
   7.2658239e+00  -2.0000000e+00   3.9000000e+01   2.2377216e+02   5.7848408e+01  -1.9573980e+02  -3.6653410e+01
   5.5747140e+00  -2.0000000e+00   3.9000000e+01   2.2320845e+02   5.5659573e+01  -1.9843791e+02  -2.8784940e+01
   3.0614799e+00  -2.0000000e+00   3.9000000e+01   2.2117084e+02   5.3251196e+01  -2.0132559e+02  -2.1219341e+01
   2.5227446e+00  -2.0000000e+00   3.9000000e+01   2.1793946e+02   4.9664133e+01  -2.0243066e+02  -1.2888498e+01
  -1.7401329e-01  -2.0000000e+00   3.9000000e+01   2.1374242e+02   4.7597404e+01  -2.0351604e+02  -4.9468472e+00
  -1.0573491e+00  -2.0000000e+00   3.9000000e+01   2.0813547e+02   4.4697655e+01  -2.0311728e+02   2.3636458e+00
  -2.7757678e+00  -2.0000000e+00   3.9000000e+01   2.0319043e+02   4.3583666e+01  -2.0185106e+02   7.6228129e+00
  -2.1919502e+00  -2.0000000e+00   3.9000000e+01   1.9736016e+02   4.1061907e+01  -2.0009586e+02   1.3776493e+01
  -4.3359683e+00  -2.0000000e+00   3.9000000e+01   1.9133658e+02   4.0555913e+01  -1.9824126e+02   1.8531211e+01
  -6.0743902e+00  -2.0000000e+00   3.9000000e+01   1.8518910e+02   4.1039855e+01  -1.9617309e+02   2.3261986e+01
  -7.3382381e+00  -2.0000000e+00   3.9000000e+01   1.7946876e+02   4.0635047e+01  -1.9346985e+02   2.6690014e+01
  -1.2790452e+01  -2.0000000e+00   3.9000000e+01   1.7364196e+02   4.3621811e+01  -1.9199994e+02   2.7598756e+01
  -1.4744330e+01  -2.0000000e+00   3.9000000e+01   1.6818185e+02   4.5712387e+01  -1.9032285e+02   3.2819195e+01
  -1.6838480e+01  -2.0000000e+00   3.9000000e+01   1.6418770e+02   4.7776818e+01  -1.8957081e+02   3.7900159e+01
  -1.8203872e+01  -2.0000000e+00   3.9000000e+01   1.6333880e+02   4.9045670e+01  -1.9147069e+02   4.1708190e+01
  -1.9640485e+01  -2.0000000e+00   3.9000000e+01   1.6461815e+02   4.9612730e+01  -1.9584247e+02   4.5054354e+01
  -2.3125100e+01  -2.0000000e+00   3.9000000e+01   1.6611955e+02   5.1852363e+01  -2.0150571e+02   4.8788631e+01
  -2.4627693e+01  -2.0000000e+00   3.9000000e+01   1.6925121e+02   5.4118757e+01  -2.0604733e+02   5.1052467e+01
  -2.4220866e+01  -2.0000000e+00   3.9000000e+01   1.7128195e+02   5.4376902e+01  -2.1037633e+02   5.5293698e+01
  -2.3102641e+01  -2.0000000e+00   3.9000000e+01   1.7106396e+02   5.1656520e+01  -2.1452480e+02   5.7152653e+01
  -2.0950888e+01  -2.0000000e+00   3.9000000e+01   1.6959475e+02   4.7173947e+01  -2.2016866e+02   5.5088633e+01
  -1.7548059e+01  -2.0000000e+00   3.9000000e+01   1.6849746e+02   4.5697316e+01  -2.2556238e+02   5.0214631e+01
  -1.2631267e+01  -2.0000000e+00   3.9000000e+01   1.7111701e+02   4.1035845e+01  -2.2707372e+02   4.3991341e+01
  -9.5931381e+00  -2.0000000e+00   3.9000000e+01   1.7291343e+02   3.7708424e+01  -2.2886578e+02   3.3147813e+01
  -7.8727052e+00  -2.0000000e+00   3.9000000e+01   1.7484199e+02   3.8124569e+01  -2.2772231e+02   2.2539596e+01
  -4.2586295e+00  -2.0000000e+00   3.9000000e+01   1.7609932e+02   3.9830680e+01  -2.2480560e+02   1.2123521e+01
  -2.5710737e+00  -2.0000000e+00   3.9000000e+01   1.7821453e+02   4.2278733e+01  -2.2118938e+02   2.0520401e+00
  -2.1987659e-01  -2.0000000e+00   3.9000000e+01   1.8073910e+02   4.5596162e+01  -2.1722903e+02  -6.9332390e+00
   2.8265108e+00  -2.0000000e+00   3.9000000e+01   1.8433301e+02   4.9206655e+01  -2.1343751e+02  -1.5240868e+01
   6.2093663e+00  -2.0000000e+00   3.9000000e+01   1.8778208e+02   5.2348159e+01  -2.1036351e+02  -2.2460695e+01
   9.6307739e+00  -2.0000000e+00   3.9000000e+01   1.9160653e+02   5.4714503e+01  -2.0845188e+02  -2.9526349e+01
   1.1244933e+01  -2.0000000e+00   3.9000000e+01   1.9531096e+02   5.7519581e+01  -2.0768996e+02  -3.5765563e+01
   1.4607844e+01  -2.0000000e+00   3.9000000e+01   2.0017029e+02   6.0150541e+01  -2.0711896e+02  -4.1298265e+01
   1.6646049e+01  -2.0000000e+00   3.9000000e+01   2.0514586e+02   6.2533022e+01  -2.0726607e+02  -4.5448204e+01
   1.8479058e+01  -2.0000000e+00   3.9000000e+01   2.1081544e+02   6.4308949e+01  -2.0743747e+02  -4.8733261e+01
   2.0041094e+01  -2.0000000e+00   3.9000000e+01   2.1702937e+02   6.5546330e+01  -2.0740347e+02  -5.1194436e+01
   1.8636973e+01  -2.0000000e+00   3.9000000e+01   2.2378361e+02   6.5908198e+01  -2.0717961e+02  -5.6160064e+01
   1.6572136e+01  -2.0000000e+00   3.9000000e+01   2.3153454e+02   6.5234581e+01  -2.0487710e+02  -5.9883803e+01
   1.2821895e+01  -2.0000000e+00   3.9000000e+01   2.3872420e+02   6.4317914e+01  -2.0431056e+02  -6.0422214e+01
   1.1945419e+01  -2.0000000e+00   3.9000000e+01   2.4388746e+02   6.3931109e+01  -2.0855505e+02  -5.9649802e+01
   1.0452519e+01  -2.0000000e+00   3.9000000e+01   2.4849879e+02   6.3469533e+01  -2.1357544e+02  -5.7283964e+01
   9.0612637e+00  -2.0000000e+00   3.9000000e+01   2.5302021e+02   6.2824252e+01  -2.1876693e+02  -5.3878682e+01
   7.8004469e+00  -2.0000000e+00   3.9000000e+01   2.5696818e+02   6.1755713e+01  -2.2359960e+02  -4.8460294e+01
   4.9747087e+00  -2.0000000e+00   3.9000000e+01   2.6000163e+02   6.0717265e+01  -2.2931933e+02  -4.2708446e+01
   2.9359258e+00  -2.0000000e+00   3.9000000e+01   2.6274762e+02   5.9074467e+01  -2.3480716e+02  -3.6152430e+01
   6.9385188e-01  -2.0000000e+00   3.9000000e+01   2.6466281e+02   5.6548600e+01  -2.4047109e+02  -2.9416024e+01
  -1.2877897e+00  -2.0000000e+00   3.9000000e+01   2.6525714e+02   5.3072396e+01  -2.4594263e+02  -2.2076721e+01
  -3.3501279e+00  -2.0000000e+00   3.9000000e+01   2.6478222e+02   4.9543750e+01  -2.5091156e+02  -1.3365399e+01
  -5.9065959e+00  -2.0000000e+00   3.9000000e+01   2.6377348e+02   4.6435998e+01  -2.5544119e+02  -5.4498488e+00
  -6.0785316e+00  -2.0000000e+00   3.9000000e+01   2.6255306e+02   4.2656338e+01  -2.5870298e+02   2.3156207e+00
  -8.8105554e+00  -2.0000000e+00   3.9000000e+01   2.5929541e+02   4.0615852e+01  -2.6068919e+02   1.0492165e+01
  -9.1580693e+00  -2.0000000e+00   3.9000000e+01   2.5286590e+02   3.7607637e+01  -2.5886693e+02   1.8209638e+01
  -1.1298619e+01  -2.0000000e+00   3.9000000e+01   2.4656279e+02   3.7340567e+01  -2.5631547e+02   2.3858986e+01
  -1.5339536e+01  -2.0000000e+00   3.9000000e+01   2.4147337e+02   3.9069247e+01  -2.5511712e+02   2.7135267e+01
  -1.7911335e+01  -2.0000000e+00   3.9000000e+01   2.3511369e+02   3.9981633e+01  -2.5182972e+02   3.1461324e+01
  -1.9667281e+01  -2.0000000e+00   3.9000000e+01   2.2729179e+02   4.1170567e+01  -2.4769792e+02   3.6056819e+01
  -2.1336798e+01  -2.0000000e+00   3.9000000e+01   2.1950632e+02   4.2091200e+01  -2.4331450e+02   3.9939943e+01
  -2.1684933e+01  -2.0000000e+00   3.9000000e+01   2.1168398e+02   4.3249864e+01  -2.3885359e+02   4.5400226e+01
  -2.4597285e+01  -2.0000000e+00   3.9000000e+01   2.0403942e+02   4.4086604e+01  -2.3519127e+02   4.8407233e+01
  -2.6170615e+01  -2.0000000e+00   3.9000000e+01   1.9879924e+02   4.4971930e+01  -2.3281689e+02   5.2711315e+01
  -2.7445913e+01  -2.0000000e+00   3.9000000e+01   1.9566418e+02   4.5608566e+01  -2.3181983e+02   5.6685528e+01
  -2.6926358e+01  -2.0000000e+00   3.9000000e+01   1.9357457e+02   4.6082114e+01  -2.3148748e+02   6.1032880e+01
  -2.6077702e+01  -2.0000000e+00   3.9000000e+01   1.9148535e+02   4.6223130e+01  -2.3227860e+02   6.3503077e+01
  -2.4230570e+01  -2.0000000e+00   3.9000000e+01   1.8917401e+02   4.6455600e+01  -2.3403817e+02   6.5615330e+01
  -2.1539075e+01  -2.0000000e+00   3.9000000e+01   1.8655257e+02   4.7175152e+01  -2.3735197e+02   6.5321186e+01
  -1.8120907e+01  -2.0000000e+00   3.9000000e+01   1.8432493e+02   4.2692876e+01  -2.3907968e+02   5.8714009e+01
  -1.4792492e+01  -2.0000000e+00   3.9000000e+01   1.8254718e+02   4.0758750e+01  -2.4096443e+02   5.0995368e+01
  -1.1392343e+01  -2.0000000e+00   3.9000000e+01   1.8308148e+02   3.3632914e+01  -2.4002786e+02   3.9518372e+01
  -8.9728071e+00  -2.0000000e+00   3.9000000e+01   1.8516605e+02   3.5036975e+01  -2.4025666e+02   2.8409485e+01
  -5.7347222e+00  -2.0000000e+00   3.9000000e+01   1.8766832e+02   3.6014139e+01  -2.4084900e+02   1.7699564e+01
  -5.9236166e+00  -2.0000000e+00   3.9000000e+01   1.8783246e+02   3.5585989e+01  -2.4108830e+02   8.0415920e+00
  -4.9570049e+00  -2.0000000e+00   3.9000000e+01   1.8948922e+02   3.8505335e+01  -2.3985665e+02  -8.8191502e-01
  -1.6719752e+00  -2.0000000e+00   3.9000000e+01   1.9279727e+02   4.2924528e+01  -2.3673567e+02  -6.7749725e+00
   1.7699782e+00  -2.0000000e+00   3.9000000e+01   1.9739054e+02   4.6901692e+01  -2.3346675e+02  -1.4280480e+01
   4.3828247e+00  -2.0000000e+00   3.9000000e+01   2.0313378e+02   5.0399561e+01  -2.3043547e+02  -2.0300163e+01
   8.9419192e+00  -2.0000000e+00   3.9000000e+01   2.0973580e+02   5.3497511e+01  -2.2697334e+02  -2.5968297e+01
   1.2111166e+01  -2.0000000e+00   3.9000000e+01   2.1659097e+02   5.6544076e+01  -2.2469566e+02  -3.1109442e+01
   1.5689815e+01  -2.0000000e+00   3.9000000e+01   2.2384475e+02   5.8925045e+01  -2.2345404e+02  -3.6252103e+01
   1.8100729e+01  -2.0000000e+00   3.9000000e+01   2.3098918e+02   6.0811497e+01  -2.2271333e+02  -3.9942626e+01
   1.8603469e+01  -2.0000000e+00   3.9000000e+01   2.3862070e+02   6.1540039e+01  -2.2270244e+02  -4.4178461e+01
   1.6684717e+01  -2.0000000e+00   3.9000000e+01   2.4662567e+02   6.1345957e+01  -2.2183926e+02  -4.7370191e+01
   1.1887445e+01  -2.0000000e+00   3.9000000e+01   2.5472728e+02   5.8913407e+01  -2.2091835e+02  -5.0108372e+01
   1.0571376e+01  -2.0000000e+00   3.9000000e+01   2.5979347e+02   5.8566466e+01  -2.2565674e+02  -4.9676076e+01
   9.3439965e+00  -2.0000000e+00   3.9000000e+01   2.6436058e+02   5.8469068e+01  -2.3116779e+02  -4.7141557e+01
   7.7850834e+00  -2.0000000e+00   3.9000000e+01   2.6875937e+02   5.8354571e+01  -2.3680762e+02  -4.3625431e+01
   5.8900325e+00  -2.0000000e+00   3.9000000e+01   2.7256907e+02   5.7921567e+01  -2.4250293e+02  -3.9107943e+01
   3.7709935e+00  -2.0000000e+00   3.9000000e+01   2.7597333e+02   5.7145654e+01  -2.4832731e+02  -3.3741006e+01
   2.3291383e+00  -2.0000000e+00   3.9000000e+01   2.7915910e+02   5.5572729e+01  -2.5382698e+02  -2.8464525e+01
   6.3488804e-01  -2.0000000e+00   3.9000000e+01   2.8216621e+02   5.3815493e+01  -2.5933783e+02  -2.2715977e+01
  -8.3164378e-01  -2.0000000e+00   3.9000000e+01   2.8479237e+02   5.1494653e+01  -2.6470215e+02  -1.7710307e+01
  -1.6311701e+00  -2.0000000e+00   3.9000000e+01   2.8643087e+02   4.8781104e+01  -2.6972322e+02  -1.1959733e+01
  -3.0134750e+00  -2.0000000e+00   3.9000000e+01   2.8753500e+02   4.5847148e+01  -2.7475961e+02  -5.9677448e+00
  -4.6583905e+00  -2.0000000e+00   3.9000000e+01   2.8911396e+02   4.4406087e+01  -2.7955736e+02  -7.4287400e-01
  -5.0785905e+00  -2.0000000e+00   3.9000000e+01   2.8952356e+02   4.2749095e+01  -2.8308517e+02   4.5110385e+00
  -6.8550062e+00  -2.0000000e+00   3.9000000e+01   2.8987123e+02   4.2576821e+01  -2.8682335e+02   9.0888610e+00
  -6.8487717e+00  -2.0000000e+00   3.9000000e+01   2.8807056e+02   4.0883681e+01  -2.8721416e+02   1.4373034e+01
  -8.5631553e+00  -2.0000000e+00   3.9000000e+01   2.8547514e+02   3.9561810e+01  -2.8854165e+02   1.8170058e+01
  -9.7587613e+00  -2.0000000e+00   3.9000000e+01   2.8129290e+02   3.9061550e+01  -2.8730508e+02   2.1747316e+01
  -1.2647610e+01  -2.0000000e+00   3.9000000e+01   2.7859380e+02   4.0116063e+01  -2.8579361e+02   2.3459512e+01
  -1.4673658e+01  -2.0000000e+00   3.9000000e+01   2.7486979e+02   4.1343378e+01  -2.8471707e+02   2.6529133e+01
  -1.7832502e+01  -2.0000000e+00   3.9000000e+01   2.7100221e+02   4.2405864e+01  -2.8395191e+02   2.9321606e+01
  -1.9578317e+01  -2.0000000e+00   3.9000000e+01   2.6503636e+02   4.2876324e+01  -2.8141457e+02   3.3227116e+01
  -2.1409406e+01  -2.0000000e+00   3.9000000e+01   2.5787814e+02   4.2413256e+01  -2.7862048e+02   3.6031394e+01
  -2.3880008e+01  -2.0000000e+00   3.9000000e+01   2.5098386e+02   4.2564776e+01  -2.7519698e+02   3.8985371e+01
  -2.4980133e+01  -2.0000000e+00   3.9000000e+01   2.4340395e+02   4.2899460e+01  -2.7071252e+02   4.3070514e+01
  -2.7909958e+01  -2.0000000e+00   3.9000000e+01   2.3543720e+02   4.2963968e+01  -2.6627165e+02   4.7205987e+01
  -2.9806224e+01  -2.0000000e+00   3.9000000e+01   2.2749034e+02   4.3159980e+01  -2.6185753e+02   5.1580452e+01
  -3.3019120e+01  -2.0000000e+00   3.9000000e+01   2.2004381e+02   4.4109393e+01  -2.5810328e+02   5.4467917e+01
  -3.2787777e+01  -2.0000000e+00   3.9000000e+01   2.1364972e+02   4.4183944e+01  -2.5538468e+02   5.7490766e+01
  -3.1461573e+01  -2.0000000e+00   3.9000000e+01   2.0845315e+02   4.4114280e+01  -2.5340008e+02   5.9935874e+01
  -3.0386974e+01  -2.0000000e+00   3.9000000e+01   2.0346333e+02   4.3997692e+01  -2.5237030e+02   6.2053371e+01
  -2.7332911e+01  -2.0000000e+00   3.9000000e+01   1.9898671e+02   4.3367623e+01  -2.5104689e+02   5.8589921e+01
  -2.3251848e+01  -2.0000000e+00   3.9000000e+01   1.9423278e+02   4.0008874e+01  -2.5036197e+02   5.2450351e+01
  -2.2114181e+01  -2.0000000e+00   3.9000000e+01   1.9187364e+02   3.3452237e+01  -2.5074874e+02   4.1694693e+01
  -2.0038986e+01  -2.0000000e+00   3.9000000e+01   1.9166204e+02   2.9713864e+01  -2.4892125e+02   3.1568627e+01
  -1.5461455e+01  -2.0000000e+00   3.9000000e+01   1.9410103e+02   3.1342173e+01  -2.4658616e+02   2.1435005e+01
  -1.1519077e+01  -2.0000000e+00   3.9000000e+01   1.9768378e+02   3.6225989e+01  -2.4361663e+02   1.1643368e+01
  -5.8284122e+00  -2.0000000e+00   3.9000000e+01   2.0181909e+02   4.2399830e+01  -2.4031883e+02   3.1576795e+00
  -7.4735182e-01  -2.0000000e+00   3.9000000e+01   2.0689904e+02   4.7173276e+01  -2.3673499e+02  -4.9235434e+00
   4.4943579e+00  -2.0000000e+00   3.9000000e+01   2.1260106e+02   5.1752025e+01  -2.3362645e+02  -1.1070678e+01
   7.8823955e+00  -2.0000000e+00   3.9000000e+01   2.1848101e+02   5.6574594e+01  -2.3183278e+02  -1.6948633e+01
   1.2483148e+01  -2.0000000e+00   3.9000000e+01   2.2532254e+02   5.9928485e+01  -2.3066957e+02  -2.2839841e+01
   1.5576772e+01  -2.0000000e+00   3.9000000e+01   2.3232702e+02   6.2714815e+01  -2.3003807e+02  -2.7845446e+01
   1.8514313e+01  -2.0000000e+00   3.9000000e+01   2.3963827e+02   6.4838874e+01  -2.3093955e+02  -3.2556371e+01
   1.9537280e+01  -2.0000000e+00   3.9000000e+01   2.4731056e+02   6.6309958e+01  -2.3218673e+02  -3.7565727e+01
   1.8734759e+01  -2.0000000e+00   3.9000000e+01   2.5527528e+02   6.6827592e+01  -2.3406664e+02  -4.3193630e+01
   1.6445511e+01  -2.0000000e+00   3.9000000e+01   2.6347717e+02   6.6735536e+01  -2.3513445e+02  -4.7610579e+01
   1.2359470e+01  -2.0000000e+00   3.9000000e+01   2.7175791e+02   6.5502505e+01  -2.3648712e+02  -5.0346646e+01
   1.0751438e+01  -2.0000000e+00   3.9000000e+01   2.7818847e+02   6.5066501e+01  -2.4081224e+02  -5.0394448e+01
   9.0822694e+00  -2.0000000e+00   3.9000000e+01   2.8327145e+02   6.4913298e+01  -2.4638758e+02  -4.7676165e+01
   6.7838515e+00  -2.0000000e+00   3.9000000e+01   2.8724041e+02   6.3939555e+01  -2.5199498e+02  -4.2671179e+01
   4.1123416e+00  -2.0000000e+00   3.9000000e+01   2.9045613e+02   6.2978733e+01  -2.5789384e+02  -3.7018460e+01
   1.2673267e+00  -2.0000000e+00   3.9000000e+01   2.9326897e+02   6.2055082e+01  -2.6418404e+02  -3.1561494e+01
  -8.3231316e-01  -2.0000000e+00   3.9000000e+01   2.9603007e+02   5.9473873e+01  -2.6984955e+02  -2.6259782e+01
  -2.7954655e+00  -2.0000000e+00   3.9000000e+01   2.9800617e+02   5.6329082e+01  -2.7561304e+02  -2.0705589e+01
  -4.1129114e+00  -2.0000000e+00   3.9000000e+01   3.0021172e+02   5.3386638e+01  -2.8137211e+02  -1.5685967e+01
  -5.8991715e+00  -2.0000000e+00   3.9000000e+01   3.0188344e+02   5.0437649e+01  -2.8723484e+02  -1.0218929e+01
  -6.7959865e+00  -2.0000000e+00   3.9000000e+01   3.0394622e+02   4.7524101e+01  -2.9219040e+02  -5.4410899e+00
  -8.2031275e+00  -2.0000000e+00   3.9000000e+01   3.0572625e+02   4.5915779e+01  -2.9691963e+02  -9.8266382e-01
  -8.6564813e+00  -2.0000000e+00   3.9000000e+01   3.0694653e+02   4.4006645e+01  -3.0073279e+02   3.2914364e+00
  -1.0174242e+01  -2.0000000e+00   3.9000000e+01   3.0720516e+02   4.3079813e+01  -3.0371969e+02   8.2649520e+00
  -1.0849032e+01  -2.0000000e+00   3.9000000e+01   3.0739175e+02   4.1910076e+01  -3.0615908e+02   1.2503759e+01
  -1.2543593e+01  -2.0000000e+00   3.9000000e+01   3.0607412e+02   4.1231482e+01  -3.0768043e+02   1.5819970e+01
  -1.5345742e+01  -2.0000000e+00   3.9000000e+01   3.0364235e+02   4.1388985e+01  -3.0872535e+02   1.9173245e+01
  -1.7409805e+01  -2.0000000e+00   3.9000000e+01   3.0160722e+02   4.1674586e+01  -3.0878431e+02   2.2069379e+01
  -1.9482125e+01  -2.0000000e+00   3.9000000e+01   2.9858022e+02   4.2167675e+01  -3.0751720e+02   2.4027012e+01
  -2.2147298e+01  -2.0000000e+00   3.9000000e+01   2.9660498e+02   4.1850941e+01  -3.0713785e+02   2.5893496e+01
  -2.3828202e+01  -2.0000000e+00   3.9000000e+01   2.9359529e+02   4.2184461e+01  -3.0553002e+02   3.0131587e+01
  -2.5845064e+01  -2.0000000e+00   3.9000000e+01   2.8860570e+02   4.2601579e+01  -3.0437461e+02   3.4077312e+01
  -2.7862351e+01  -2.0000000e+00   3.9000000e+01   2.8242622e+02   4.1587846e+01  -3.0221545e+02   3.7999623e+01
  -2.9898645e+01  -2.0000000e+00   3.9000000e+01   2.7517459e+02   4.1507274e+01  -2.9881079e+02   4.2196207e+01
  -3.1230113e+01  -2.0000000e+00   3.9000000e+01   2.6695432e+02   4.0611879e+01  -2.9504321e+02   4.6431175e+01
  -3.2715307e+01  -2.0000000e+00   3.9000000e+01   2.5887145e+02   3.9922003e+01  -2.9078793e+02   5.0990776e+01
  -3.3695296e+01  -2.0000000e+00   3.9000000e+01   2.5076086e+02   3.9285633e+01  -2.8649262e+02   5.4275836e+01
  -3.5099220e+01  -2.0000000e+00   3.9000000e+01   2.4256485e+02   3.9058080e+01  -2.8360997e+02   5.7559953e+01
  -3.4313091e+01  -2.0000000e+00   3.9000000e+01   2.3479509e+02   3.8579152e+01  -2.8153286e+02   5.9920928e+01
  -3.3585726e+01  -2.0000000e+00   3.9000000e+01   2.2790823e+02   3.7764422e+01  -2.7899717e+02   6.2424785e+01
  -3.1534007e+01  -2.0000000e+00   3.9000000e+01   2.2156384e+02   3.6871383e+01  -2.7625970e+02   6.3897140e+01
  -3.0133000e+01  -2.0000000e+00   3.9000000e+01   2.1588045e+02   3.5026188e+01  -2.7230209e+02   6.1284077e+01
  -2.6697931e+01  -2.0000000e+00   3.9000000e+01   2.1025996e+02   3.2760535e+01  -2.6964092e+02   5.4583168e+01
  -2.3891771e+01  -2.0000000e+00   3.9000000e+01   2.0610280e+02   2.7500759e+01  -2.6651680e+02   4.5398734e+01
  -2.0701979e+01  -2.0000000e+00   3.9000000e+01   2.0413235e+02   2.5893805e+01  -2.6280272e+02   3.5471942e+01
  -1.9350878e+01  -2.0000000e+00   3.9000000e+01   2.0397855e+02   2.7678115e+01  -2.5946924e+02   2.5549850e+01
  -1.6386033e+01  -2.0000000e+00   3.9000000e+01   2.0695932e+02   3.1154051e+01  -2.5669027e+02   1.6307996e+01
  -1.3536436e+01  -2.0000000e+00   3.9000000e+01   2.1107691e+02   3.6221754e+01  -2.5458527e+02   7.1726221e+00
  -9.2206343e+00  -2.0000000e+00   3.9000000e+01   2.1553042e+02   4.1319076e+01  -2.5212802e+02  -1.0930887e+00
  -4.9623624e+00  -2.0000000e+00   3.9000000e+01   2.2125387e+02   4.6322319e+01  -2.5023287e+02  -8.3713101e+00
  -4.2096818e-01  -2.0000000e+00   3.9000000e+01   2.2758836e+02   5.0648808e+01  -2.4858258e+02  -1.4876581e+01
   3.8508696e+00  -2.0000000e+00   3.9000000e+01   2.3511958e+02   5.4802578e+01  -2.4684668e+02  -2.0972514e+01
   7.3586514e+00  -2.0000000e+00   3.9000000e+01   2.4300387e+02   5.7995341e+01  -2.4644790e+02  -2.6609018e+01
   1.0871389e+01  -2.0000000e+00   3.9000000e+01   2.5114210e+02   6.0294980e+01  -2.4688150e+02  -3.2669137e+01
   1.2747607e+01  -2.0000000e+00   3.9000000e+01   2.5933581e+02   6.1840356e+01  -2.4761889e+02  -3.7736248e+01
   1.3214891e+01  -2.0000000e+00   3.9000000e+01   2.6796221e+02   6.1911583e+01  -2.4843528e+02  -4.3124873e+01
   1.0187635e+01  -2.0000000e+00   3.9000000e+01   2.7607684e+02   6.1848302e+01  -2.5010102e+02  -4.7045589e+01
   6.2226259e+00  -2.0000000e+00   3.9000000e+01   2.8447026e+02   6.0404371e+01  -2.5190522e+02  -4.9091625e+01
   4.9222440e+00  -2.0000000e+00   3.9000000e+01   2.8971661e+02   6.0538975e+01  -2.5744223e+02  -4.6885122e+01
   3.5890568e+00  -2.0000000e+00   3.9000000e+01   2.9480915e+02   6.0345320e+01  -2.6287427e+02  -4.3692641e+01
   1.8081811e+00  -2.0000000e+00   3.9000000e+01   2.9909865e+02   5.9678239e+01  -2.6838511e+02  -3.9443759e+01
