  -1.4949481e+01   9.3725324e+00  -1.0820830e+01  -1.1040285e+01   2.6751093e+01  -2.4366097e+01   1.9804454e+01
  -1.4414455e+01   5.7198560e+00  -9.7609925e+00  -6.3859809e+00   2.4333408e+01  -2.5990680e+01   2.1850598e+01
  -1.5000000e+01   5.0000000e+00  -1.0984539e+01  -6.3116209e+00   2.5266338e+01  -2.6000000e+01   2.3036545e+01
  -1.5000000e+01   5.0000000e+00  -1.1879306e+01  -7.1050258e+00   2.4428202e+01  -2.6000000e+01   2.3093214e+01
  -1.5000000e+01   5.0000000e+00  -1.3047616e+01  -7.4987431e+00   2.4446341e+01  -2.6000000e+01   2.4421748e+01
  -1.5000000e+01   5.0000000e+00  -1.4381840e+01  -7.4426794e+00   2.4209359e+01  -2.6000000e+01   2.2828755e+01
  -1.5000000e+01   5.0000000e+00  -1.4316481e+01  -7.1001249e+00   2.2423482e+01  -2.6000000e+01   2.4349347e+01
  -1.5000000e+01   5.0000000e+00  -1.4843969e+01  -6.7678697e+00   2.1214665e+01  -2.6000000e+01   2.0392296e+01
  -1.5000000e+01   5.0000000e+00  -1.4789654e+01  -5.7116234e+00   2.0337423e+01  -2.6000000e+01   1.9224125e+01
  -1.5000000e+01   5.0000000e+00  -1.5255644e+01  -5.3233913e+00   1.9660202e+01  -2.6000000e+01   1.9653670e+01
  -1.5000000e+01   5.0000000e+00  -1.6226229e+01  -4.5306340e+00   1.9559227e+01  -2.6000000e+01   1.6814243e+01
  -1.5000000e+01   5.0000000e+00  -1.6245223e+01  -3.7428078e+00   1.8691845e+01  -2.6000000e+01   1.3950825e+01
  -1.5000000e+01   5.0000000e+00  -1.5803238e+01  -2.5485709e+00   1.7318715e+01  -2.6000000e+01   1.3251019e+01
  -1.5000000e+01   5.0000000e+00  -1.6078828e+01  -1.9944501e+00   1.6743351e+01  -2.6000000e+01   1.1411103e+01
  -1.5000000e+01   5.0000000e+00  -1.6024794e+01  -1.0022767e+00   1.6062601e+01  -2.6000000e+01   1.1315761e+01
  -1.5000000e+01   5.0000000e+00  -1.6521313e+01  -2.4599390e-01   1.6022577e+01  -2.6000000e+01   7.6046438e+00
  -1.5000000e+01   5.0000000e+00  -1.6317136e+01   6.0336102e-01   1.5225416e+01  -2.6000000e+01   7.0739038e+00
  -1.5000000e+01   5.0000000e+00  -1.5883565e+01   1.2965411e+00   1.3851828e+01  -2.6000000e+01   7.0448697e+00
  -1.5000000e+01   5.0000000e+00  -1.5750189e+01   1.9320971e+00   1.3193864e+01  -2.6000000e+01   4.6901208e+00
  -1.5000000e+01   5.0000000e+00  -1.6362775e+01   2.5419855e+00   1.3006667e+01  -2.6000000e+01   2.4751754e+00
  -1.5000000e+01   5.0000000e+00  -1.6268444e+01   3.1402286e+00   1.1851384e+01  -2.6000000e+01  -8.2021072e-01
  -1.5000000e+01   5.0000000e+00  -1.6307150e+01   3.3762486e+00   1.0622926e+01  -2.6000000e+01  -3.5059520e+00
  -1.5000000e+01   5.0000000e+00  -1.6342467e+01   3.9258236e+00   9.4452016e+00  -2.6000000e+01  -5.4530121e+00
  -1.5000000e+01   5.0000000e+00  -1.6734348e+01   4.2998794e+00   9.1245968e+00  -2.6000000e+01  -8.5133850e+00
  -1.5000000e+01   5.0000000e+00  -1.7157768e+01   4.3513898e+00   8.7344127e+00  -2.6000000e+01  -1.1534199e+01
  -1.5000000e+01   5.0000000e+00  -1.7570445e+01   3.4223159e+00   8.3506089e+00  -2.6000000e+01  -1.0798401e+01
  -1.5000000e+01   5.0000000e+00  -1.9227294e+01  -2.2481380e+00   9.2650120e+00  -2.6000000e+01  -1.1794947e+01
  -1.5000000e+01   5.0000000e+00  -2.0514810e+01  -1.3790957e+01   1.2553627e+01  -2.6000000e+01  -1.4917155e+01
  -1.5000000e+01   5.0000000e+00  -1.3710516e+01  -1.5537415e+01   1.9468651e+01  -2.6000000e+01  -2.8125495e+00
  -1.5000000e+01   5.0000000e+00  -1.7764203e+01  -2.8528253e+01   1.8423512e+01  -2.6000000e+01  -1.4215426e+01
  -1.5000000e+01   5.0000000e+00  -1.8565081e+01  -3.5729364e+01   2.3676571e+01  -2.6000000e+01  -1.5044565e+01
  -1.5000000e+01   5.0000000e+00  -1.6256086e+01  -3.4898879e+01   2.9999802e+01  -2.6000000e+01  -1.6019408e+01
  -1.5000000e+01   5.0000000e+00  -1.3343400e+01  -3.0849045e+01   3.6613213e+01  -2.6000000e+01  -1.4610373e+01
  -1.5000000e+01   5.0000000e+00  -1.3053213e+01  -2.7648335e+01   4.4078644e+01  -2.6000000e+01  -7.8188735e+00
  -1.5000000e+01   5.0000000e+00  -1.0570903e+01  -1.8753842e+01   4.4999494e+01  -2.6000000e+01  -4.3699964e+00
  -1.5000000e+01   5.0000000e+00  -5.5157736e+00  -1.2657323e+01   5.0731866e+01  -2.6000000e+01   7.7336254e-01
  -1.5000000e+01   5.0000000e+00  -1.9413539e+00  -5.8825171e+00   4.8292014e+01  -2.6000000e+01  -2.0934967e-01
  -1.5000000e+01   5.0000000e+00   6.3474792e-01   6.2696420e-01   4.1886688e+01  -2.6000000e+01   2.5536830e+00
  -1.5000000e+01   5.0000000e+00   1.4863341e+00   2.1018320e+00   3.7779848e+01  -2.6000000e+01   7.9619706e+00
  -1.5000000e+01   5.0000000e+00   1.6524767e+00   1.3510129e+00   3.6218078e+01  -2.6000000e+01   1.0328127e+01
  -1.5000000e+01   5.0000000e+00   5.0257467e-01   5.1761999e-01   3.6145390e+01  -2.6000000e+01   1.2229531e+01
  -1.5000000e+01   5.0000000e+00  -8.1610378e-01  -1.0262917e+00   3.5665834e+01  -2.6000000e+01   1.2343446e+01
  -1.5000000e+01   5.0000000e+00  -2.1599538e+00  -2.6985565e+00   3.5437214e+01  -2.6000000e+01   1.1645946e+01
  -1.5000000e+01   5.0000000e+00  -2.7661929e+00  -3.0051274e+00   3.4686510e+01  -2.6000000e+01   1.1233516e+01
  -1.5000000e+01   5.0000000e+00  -3.7025807e+00  -3.6883840e+00   3.3849302e+01  -2.6000000e+01   1.2349258e+01
  -1.5000000e+01   5.0000000e+00  -4.2671867e+00  -3.4601640e+00   3.3300783e+01  -2.6000000e+01   1.3222023e+01
  -1.5000000e+01   5.0000000e+00  -4.3295930e+00  -3.4588274e+00   3.2088067e+01  -2.6000000e+01   1.3185265e+01
  -1.5000000e+01   5.0000000e+00  -4.5637530e+00  -3.2994312e+00   3.2048393e+01  -2.6000000e+01   1.5510352e+01
  -1.5000000e+01   5.0000000e+00  -5.3002048e+00  -3.6159564e+00   3.2031307e+01  -2.6000000e+01   1.7565695e+01
  -1.5000000e+01   5.0000000e+00  -5.4703404e+00  -4.0935281e+00   3.1206768e+01  -2.6000000e+01   1.5697732e+01
  -1.5000000e+01   5.0000000e+00  -5.8384779e+00  -4.0382956e+00   3.0821213e+01  -2.6000000e+01   1.6956763e+01
  -1.5000000e+01   5.0000000e+00  -6.3136107e+00  -4.0902516e+00   3.0293176e+01  -2.6000000e+01   1.6449518e+01
  -1.5000000e+01   5.0000000e+00  -7.1443128e+00  -4.4930041e+00   2.9737758e+01  -2.6000000e+01   1.8164432e+01
  -1.5000000e+01   5.0000000e+00  -7.9029170e+00  -4.8658845e+00   2.9781688e+01  -2.6000000e+01   1.8596699e+01
  -1.5000000e+01   5.0000000e+00  -9.2671743e+00  -4.8870248e+00   3.0299309e+01  -2.6000000e+01   2.0136826e+01
  -1.5000000e+01   5.0000000e+00  -1.0014737e+01  -5.0489124e+00   3.0413825e+01  -2.6000000e+01   2.1863800e+01
  -1.5000000e+01   5.0000000e+00  -9.9554043e+00  -5.8854476e+00   2.9468369e+01  -2.6000000e+01   2.2075673e+01
  -1.5000000e+01   5.0000000e+00  -1.0997088e+01  -6.4610293e+00   2.9751098e+01  -2.6000000e+01   2.2889494e+01
  -1.5000000e+01   5.0000000e+00  -9.8235230e+00  -6.0085038e+00   2.8037448e+01  -2.6000000e+01   2.2889805e+01
  -1.5000000e+01   5.0000000e+00  -9.8584476e+00  -5.5250144e+00   2.7623161e+01  -2.6000000e+01   2.3272642e+01
  -1.5000000e+01   5.0000000e+00  -1.0079528e+01  -6.2177301e+00   2.7028632e+01  -2.6000000e+01   2.5214471e+01
  -1.5000000e+01   5.0000000e+00  -1.0682285e+01  -6.4253095e+00   2.6855446e+01  -2.6000000e+01   2.5625036e+01
  -1.5000000e+01   5.0000000e+00  -1.1184958e+01  -6.2832601e+00   2.6964462e+01  -2.6000000e+01   2.5112848e+01
  -1.5000000e+01   5.0000000e+00  -1.1719850e+01  -6.7658174e+00   2.6515954e+01  -2.6000000e+01   2.4186257e+01
  -1.5000000e+01   5.0000000e+00  -1.2428157e+01  -7.5699773e+00   2.6553918e+01  -2.6000000e+01   2.5446578e+01
  -1.5000000e+01   5.0000000e+00  -1.1900784e+01  -7.1396079e+00   2.5570440e+01  -2.6000000e+01   2.5530372e+01
  -1.5000000e+01   5.0000000e+00  -1.3158125e+01  -6.8635253e+00   2.5860996e+01  -2.6000000e+01   2.5374447e+01
  -1.5000000e+01   5.0000000e+00  -1.2186400e+01  -7.0401666e+00   2.4235498e+01  -2.6000000e+01   2.4246984e+01
  -1.5000000e+01   5.0000000e+00  -1.3186040e+01  -7.7286461e+00   2.4140969e+01  -2.6000000e+01   2.3504101e+01
  -1.5000000e+01   5.0000000e+00  -1.4817272e+01  -8.3901199e+00   2.4534476e+01  -2.6000000e+01   2.3526210e+01
  -1.5000000e+01   5.0000000e+00  -1.4936854e+01  -7.6210830e+00   2.3826702e+01  -2.6000000e+01   2.3494298e+01
  -1.5000000e+01   5.0000000e+00  -1.4830723e+01  -7.7852053e+00   2.2722508e+01  -2.6000000e+01   2.3570442e+01
  -1.5000000e+01   5.0000000e+00  -1.4975942e+01  -7.5632127e+00   2.1435713e+01  -2.6000000e+01   2.3462828e+01
  -1.5000000e+01   5.0000000e+00  -1.4121345e+01  -7.0423065e+00   1.9376549e+01  -2.6000000e+01   2.2181837e+01
  -1.5000000e+01   5.0000000e+00  -1.6433706e+01  -7.8591318e+00   2.0585366e+01  -2.6000000e+01   2.1860817e+01
  -1.5000000e+01   5.0000000e+00  -1.7897205e+01  -6.8374160e+00   2.1073931e+01  -2.6000000e+01   2.4035757e+01
  -1.5000000e+01   5.0000000e+00  -1.9424427e+01  -7.2541226e+00   2.1372593e+01  -2.6000000e+01   2.3182144e+01
  -1.5000000e+01   5.0000000e+00  -1.9848635e+01  -6.7530468e+00   2.0766991e+01  -2.6000000e+01   2.2926325e+01
  -1.5000000e+01   5.0000000e+00  -2.0259991e+01  -6.1794150e+00   1.9369857e+01  -2.6000000e+01   2.2141704e+01
  -1.5000000e+01   5.0000000e+00  -2.1237514e+01  -6.3423498e+00   1.8891832e+01  -2.6000000e+01   1.9989498e+01
  -1.5000000e+01   5.0000000e+00  -2.0633101e+01  -5.3753339e+00   1.6884781e+01  -2.6000000e+01   1.9860621e+01
  -1.5000000e+01   5.0000000e+00  -2.0925665e+01  -5.4430468e+00   1.6216564e+01  -2.6000000e+01   1.8429521e+01
  -1.5000000e+01   5.0000000e+00  -2.1054587e+01  -5.3539970e+00   1.4469966e+01  -2.6000000e+01   1.7941361e+01
  -1.5000000e+01   5.0000000e+00  -2.1273435e+01  -4.6510517e+00   1.3594455e+01  -2.6000000e+01   1.7747008e+01
  -1.5000000e+01   5.0000000e+00  -2.1720220e+01  -3.9105323e+00   1.2513813e+01  -2.6000000e+01   1.6142781e+01
  -1.5000000e+01   5.0000000e+00  -2.1739926e+01  -3.1139238e+00   1.1115881e+01  -2.6000000e+01   1.3754880e+01
  -1.5000000e+01   5.0000000e+00  -2.1719368e+01  -2.6038244e+00   9.3336007e+00  -2.6000000e+01   1.3221998e+01
  -1.5000000e+01   5.0000000e+00  -2.1565864e+01  -2.5251989e+00   7.6048432e+00  -2.6000000e+01   1.2017367e+01
  -1.5000000e+01   5.0000000e+00  -2.1640532e+01  -1.5639490e+00   6.4231964e+00  -2.6000000e+01   1.0219111e+01
  -1.5000000e+01   5.0000000e+00  -2.1826669e+01  -2.0638161e+00   5.3725211e+00  -2.6000000e+01   8.3874006e+00
  -1.5000000e+01   5.0000000e+00  -2.2603886e+01  -8.5026987e-01   5.3219261e+00  -2.6000000e+01   7.8102803e+00
  -1.5000000e+01   5.0000000e+00  -2.1724564e+01  -5.8038676e-01   4.5428900e+00  -2.6000000e+01   4.2641670e+00
  -1.5000000e+01   5.0000000e+00  -2.2658008e+01  -1.7920444e+00   6.5061007e+00  -2.6000000e+01   4.2349807e+00
  -1.5000000e+01   5.0000000e+00  -2.1484105e+01  -8.6833220e+00   9.7497098e+00  -2.6000000e+01   1.1191111e+00
  -1.5000000e+01   5.0000000e+00  -2.1383151e+01  -1.6758697e+01   1.3485882e+01  -2.6000000e+01   5.5203463e-01
  -1.5000000e+01   5.0000000e+00  -2.1840973e+01  -2.3032345e+01   1.7627194e+01  -2.6000000e+01   6.3617020e-01
  -1.5000000e+01   5.0000000e+00  -1.8843016e+01  -2.3465730e+01   2.3043433e+01  -2.6000000e+01  -1.5275628e+00
  -1.5000000e+01   5.0000000e+00  -1.6049004e+01  -2.3656249e+01   2.8493251e+01  -2.6000000e+01  -2.1126692e+00
  -1.5000000e+01   5.0000000e+00  -1.3370079e+01  -2.0887052e+01   3.5615621e+01  -2.6000000e+01  -3.7315169e+00
  -1.5000000e+01   5.0000000e+00  -9.3041990e+00  -1.6100070e+01   3.9947073e+01  -2.6000000e+01  -6.8781797e+00
  -1.5000000e+01   5.0000000e+00  -5.4772436e+00  -1.0925730e+01   4.2843265e+01  -2.6000000e+01  -5.6000408e+00
  -1.5000000e+01   5.0000000e+00  -1.3615371e+00  -4.8584091e+00   4.4187929e+01  -2.6000000e+01  -4.8594120e+00
  -1.5000000e+01   5.0000000e+00   1.9137988e+00   6.8880165e-01   4.1748568e+01  -2.6000000e+01  -5.6005708e+00
  -1.5000000e+01   5.0000000e+00   4.2747189e+00   4.8718493e+00   3.8628223e+01  -2.6000000e+01  -6.3823253e+00
  -1.5000000e+01   5.0000000e+00   4.7997637e+00   6.7112785e+00   3.6318367e+01  -2.6000000e+01  -8.4375298e-01
  -1.5000000e+01   5.0000000e+00   4.0233912e+00   5.2188371e+00   3.5107466e+01  -2.6000000e+01   2.0039776e+00
  -1.5000000e+01   5.0000000e+00   3.5462357e+00   5.1067247e+00   3.4964335e+01  -2.6000000e+01   3.4703674e+00
  -1.5000000e+01   5.0000000e+00   3.2964010e+00   5.4672577e+00   3.4513957e+01  -2.6000000e+01   3.5612495e+00
  -1.5000000e+01   5.0000000e+00   2.9641664e+00   5.1125949e+00   3.4206306e+01  -2.6000000e+01   3.6044713e+00
  -1.5000000e+01   5.0000000e+00   1.7861088e+00   3.5988141e+00   3.4565316e+01  -2.6000000e+01   3.9255104e+00
  -1.5000000e+01   5.0000000e+00   1.2198153e+00   2.4932178e+00   3.3677673e+01  -2.6000000e+01   3.3291687e+00
  -1.5000000e+01   5.0000000e+00   4.8148622e-01   1.3447843e+00   3.3600379e+01  -2.6000000e+01   5.7745497e+00
  -1.5000000e+01   5.0000000e+00  -6.5931686e-01   4.2475804e-01   3.4006950e+01  -2.6000000e+01   8.1481727e+00
  -1.5000000e+01   5.0000000e+00  -8.4243893e-01  -7.5354565e-03   3.2979132e+01  -2.6000000e+01   8.5994054e+00
  -1.5000000e+01   5.0000000e+00  -1.6338639e+00  -5.0182140e-01   3.2859111e+01  -2.6000000e+01   1.0313523e+01
  -1.5000000e+01   5.0000000e+00  -2.1381650e+00  -9.8716454e-01   3.2711648e+01  -2.6000000e+01   1.1397827e+01
  -1.5000000e+01   5.0000000e+00  -2.6139397e+00  -1.2946231e+00   3.2550186e+01  -2.6000000e+01   1.2336324e+01
  -1.5000000e+01   5.0000000e+00  -2.8684730e+00  -1.2781484e+00   3.2224206e+01  -2.6000000e+01   1.1388790e+01
  -1.5000000e+01   5.0000000e+00  -3.6864465e+00  -1.7705308e+00   3.2491879e+01  -2.6000000e+01   1.3205717e+01
  -1.5000000e+01   5.0000000e+00  -4.0676489e+00  -1.7415060e+00   3.2264616e+01  -2.6000000e+01   1.3590240e+01
  -1.5000000e+01   5.0000000e+00  -3.8184850e+00  -1.7586299e+00   3.1089966e+01  -2.6000000e+01   1.3192084e+01
  -1.5000000e+01   5.0000000e+00  -4.6439396e+00  -2.4234175e+00   3.1401856e+01  -2.6000000e+01   1.3888331e+01
  -1.5000000e+01   5.0000000e+00  -4.9627009e+00  -2.3589446e+00   3.0605588e+01  -2.6000000e+01   1.3540076e+01
  -1.5000000e+01   5.0000000e+00  -4.9018079e+00  -2.7264955e+00   2.9667515e+01  -2.6000000e+01   1.4332885e+01
  -1.5000000e+01   5.0000000e+00  -5.4537430e+00  -2.8659580e+00   2.9127661e+01  -2.6000000e+01   1.4562064e+01
  -1.5000000e+01   5.0000000e+00  -5.3873252e+00  -2.2827570e+00   2.8054777e+01  -2.6000000e+01   1.4184827e+01
  -1.5000000e+01   5.0000000e+00  -5.4117170e+00  -3.0531711e+00   2.7665323e+01  -2.6000000e+01   1.5686449e+01
  -1.5000000e+01   5.0000000e+00  -6.1963971e+00  -2.7300161e+00   2.7673732e+01  -2.6000000e+01   1.6146430e+01
  -1.5000000e+01   5.0000000e+00  -6.2631306e+00  -2.7813465e+00   2.7190726e+01  -2.6000000e+01   1.6472925e+01
  -1.5000000e+01   5.0000000e+00  -6.6855722e+00  -2.9630583e+00   2.6915707e+01  -2.6000000e+01   1.8551343e+01
  -1.5000000e+01   5.0000000e+00  -6.7393945e+00  -2.8659894e+00   2.6375212e+01  -2.6000000e+01   1.9489788e+01
  -1.5000000e+01   5.0000000e+00  -7.2723712e+00  -3.0063362e+00   2.6342228e+01  -2.6000000e+01   2.0548482e+01
  -1.5000000e+01   5.0000000e+00  -7.1709194e+00  -2.5434687e+00   2.5755514e+01  -2.6000000e+01   1.9607059e+01
  -1.5000000e+01   5.0000000e+00  -7.7038457e+00  -3.0512576e+00   2.5562632e+01  -2.6000000e+01   1.9654227e+01
  -1.5000000e+01   5.0000000e+00  -8.7409047e+00  -3.5711736e+00   2.5651903e+01  -2.6000000e+01   1.9189712e+01
  -1.5000000e+01   5.0000000e+00  -9.1973280e+00  -4.1160227e+00   2.5174937e+01  -2.6000000e+01   2.0023810e+01
  -1.5000000e+01   5.0000000e+00  -1.0576986e+01  -3.8953200e+00   2.5359587e+01  -2.6000000e+01   2.0417538e+01
  -1.5000000e+01   5.0000000e+00  -1.0851771e+01  -4.6652744e+00   2.5135054e+01  -2.6000000e+01   2.2517735e+01
  -1.5000000e+01   5.0000000e+00  -1.0832352e+01  -4.7620947e+00   2.3691279e+01  -2.6000000e+01   2.2063346e+01
  -1.5000000e+01   5.0000000e+00  -1.1104321e+01  -5.2556685e+00   2.2760735e+01  -2.6000000e+01   2.1337642e+01
  -1.5000000e+01   5.0000000e+00  -1.1865161e+01  -5.4254845e+00   2.3244001e+01  -2.6000000e+01   2.3349948e+01
  -1.5000000e+01   5.0000000e+00  -1.2125235e+01  -6.2583604e+00   2.2700183e+01  -2.6000000e+01   2.3240377e+01
  -1.5000000e+01   5.0000000e+00  -1.2975534e+01  -6.4312610e+00   2.3061662e+01  -2.6000000e+01   2.3239882e+01
  -1.5000000e+01   5.0000000e+00  -1.3468868e+01  -6.9892915e+00   2.3077459e+01  -2.6000000e+01   2.4465664e+01
  -1.5000000e+01   5.0000000e+00  -1.3306421e+01  -7.1496670e+00   2.2439420e+01  -2.6000000e+01   2.3862449e+01
  -1.5000000e+01   5.0000000e+00  -1.3713451e+01  -7.6765660e+00   2.1868378e+01  -2.6000000e+01   2.4041454e+01
  -1.5000000e+01   5.0000000e+00  -1.4653138e+01  -7.8576178e+00   2.2225712e+01  -2.6000000e+01   2.4889451e+01
  -1.5000000e+01   5.0000000e+00  -1.5120659e+01  -8.4691591e+00   2.2112862e+01  -2.6000000e+01   2.6396841e+01
  -1.5000000e+01   5.0000000e+00  -1.6004094e+01  -8.9452425e+00   2.2312725e+01  -2.6000000e+01   2.6442399e+01
  -1.5000000e+01   5.0000000e+00  -1.6459255e+01  -9.0192539e+00   2.2145453e+01  -2.6000000e+01   2.6908445e+01
  -1.5000000e+01   5.0000000e+00  -1.6633680e+01  -8.4816436e+00   2.1620859e+01  -2.6000000e+01   2.7225613e+01
  -1.5000000e+01   5.0000000e+00  -1.7752266e+01  -8.7591610e+00   2.2125294e+01  -2.6000000e+01   2.7712761e+01
  -1.5000000e+01   5.0000000e+00  -1.7612233e+01  -8.4488932e+00   2.1929602e+01  -2.6000000e+01   2.6129644e+01
  -1.5000000e+01   5.0000000e+00  -1.7238790e+01  -8.4192552e+00   2.0657125e+01  -2.6000000e+01   2.6469887e+01
  -1.5000000e+01   5.0000000e+00  -1.8540529e+01  -9.0736028e+00   2.1191464e+01  -2.6000000e+01   2.6711340e+01
  -1.5000000e+01   5.0000000e+00  -1.9184758e+01  -8.6768573e+00   2.1078410e+01  -2.6000000e+01   2.6657807e+01
  -1.5000000e+01   5.0000000e+00  -2.1079994e+01  -8.7879368e+00   2.2365288e+01  -2.6000000e+01   2.7598189e+01
  -1.5000000e+01   5.0000000e+00  -2.1115956e+01  -9.0195000e+00   2.1118836e+01  -2.6000000e+01   2.7773526e+01
  -1.5000000e+01   5.0000000e+00  -2.0272796e+01  -9.0662433e+00   1.9529691e+01  -2.6000000e+01   2.6194049e+01
  -1.5000000e+01   5.0000000e+00  -2.0781696e+01  -9.1366349e+00   1.8619827e+01  -2.6000000e+01   2.6445839e+01
  -1.5000000e+01   5.0000000e+00  -2.1112378e+01  -8.7068988e+00   1.7870430e+01  -2.6000000e+01   2.6894491e+01
  -1.5000000e+01   5.0000000e+00  -2.0636044e+01  -8.3370473e+00   1.6462163e+01  -2.6000000e+01   2.4572607e+01
  -1.5000000e+01   5.0000000e+00  -2.1106568e+01  -8.8755692e+00   1.5750543e+01  -2.6000000e+01   2.4007791e+01
  -1.5000000e+01   5.0000000e+00  -2.1968738e+01  -8.9232127e+00   1.6339246e+01  -2.6000000e+01   2.3086360e+01
  -1.5000000e+01   5.0000000e+00  -2.2498935e+01  -8.4009741e+00   1.6372268e+01  -2.6000000e+01   2.1404264e+01
  -1.5000000e+01   5.0000000e+00  -2.2671527e+01  -7.5404324e+00   1.5958307e+01  -2.6000000e+01   2.3792182e+01
  -1.5000000e+01   5.0000000e+00  -2.3401997e+01  -8.0675881e+00   1.6114749e+01  -2.6000000e+01   2.1913500e+01
  -1.5000000e+01   5.0000000e+00  -2.3029090e+01  -7.0839704e+00   1.4455840e+01  -2.6000000e+01   1.9788931e+01
  -1.5000000e+01   5.0000000e+00  -2.3858021e+01  -8.5111968e+00   1.3960547e+01  -2.6000000e+01   2.0409668e+01
  -1.5000000e+01   5.0000000e+00  -2.4726998e+01  -8.5962798e+00   1.3080360e+01  -2.6000000e+01   2.0129024e+01
  -1.5000000e+01   5.0000000e+00  -2.5002302e+01  -8.6021046e+00   1.2579400e+01  -2.6000000e+01   1.9160908e+01
  -1.5000000e+01   5.0000000e+00  -2.5073909e+01  -8.6398024e+00   1.2368968e+01  -2.6000000e+01   1.8113584e+01
  -1.5000000e+01   5.0000000e+00  -2.5361877e+01  -8.9628405e+00   1.2700738e+01  -2.6000000e+01   1.7845304e+01
  -1.5000000e+01   5.0000000e+00  -2.4291219e+01  -9.9272911e+00   1.2252236e+01  -2.6000000e+01   1.5230868e+01
  -1.5000000e+01   5.0000000e+00  -2.2731473e+01  -1.0425573e+01   1.3589266e+01  -2.6000000e+01   1.2115864e+01
  -1.5000000e+01   5.0000000e+00  -2.2406413e+01  -2.0234622e+01   1.8018526e+01  -2.6000000e+01   8.9950237e+00
  -1.5000000e+01   5.0000000e+00  -2.3224355e+01  -2.7039234e+01   2.3209909e+01  -2.6000000e+01   8.8361814e+00
  -1.5000000e+01   5.0000000e+00  -1.9561949e+01  -2.7435085e+01   2.8505129e+01  -2.6000000e+01   4.9927870e+00
  -1.5000000e+01   5.0000000e+00  -1.6893547e+01  -2.5501955e+01   3.4253629e+01  -2.6000000e+01   2.5754512e+00
  -1.5000000e+01   5.0000000e+00  -1.6273165e+01  -2.3959063e+01   4.2082716e+01  -2.6000000e+01   6.9929793e-02
  -1.5000000e+01   5.0000000e+00  -1.3194552e+01  -1.8963444e+01   4.7070858e+01  -2.6000000e+01  -1.8875797e+00
  -1.5000000e+01   5.0000000e+00  -8.5449629e+00  -1.2845553e+01   4.8340438e+01  -2.6000000e+01  -5.3902607e+00
  -1.5000000e+01   5.0000000e+00  -3.8157301e+00  -7.6919931e+00   4.7843875e+01  -2.6000000e+01  -6.5520175e+00
  -1.5000000e+01   5.0000000e+00  -3.3685899e-01  -2.5357555e+00   4.4799934e+01  -2.6000000e+01  -9.1360375e+00
  -1.5000000e+01   5.0000000e+00   1.7532226e+00   3.0770938e+00   4.1106357e+01  -2.6000000e+01  -1.0302824e+01
  -1.5000000e+01   5.0000000e+00   4.0040874e+00   1.0071907e+01   3.5595279e+01  -2.6000000e+01  -1.2609396e+01
  -1.5000000e+01   5.0000000e+00   3.7600060e+00   8.8609669e+00   3.2803346e+01  -2.6000000e+01  -1.0440293e+01
  -1.5000000e+01   5.0000000e+00   4.0233321e+00   8.1522310e+00   3.0822832e+01  -2.6000000e+01  -7.4846560e+00
  -1.5000000e+01   5.0000000e+00   3.9594201e+00   8.4243050e+00   2.9778362e+01  -2.6000000e+01  -6.8544504e+00
  -1.5000000e+01   5.0000000e+00   4.0098138e+00   8.3359740e+00   2.8941495e+01  -2.6000000e+01  -6.0846702e+00
  -1.5000000e+01   5.0000000e+00   3.8663715e+00   8.1762123e+00   2.8561168e+01  -2.6000000e+01  -5.5469539e+00
  -1.5000000e+01   5.0000000e+00   2.9547142e+00   6.9941901e+00   2.8915790e+01  -2.6000000e+01  -3.7900521e+00
  -1.5000000e+01   5.0000000e+00   2.6366009e+00   5.8998440e+00   2.8741954e+01  -2.6000000e+01  -2.6122215e+00
  -1.5000000e+01   5.0000000e+00   1.0252143e+00   4.4136600e+00   2.9466482e+01  -2.6000000e+01  -7.9460738e-01
  -1.5000000e+01   5.0000000e+00   2.3625615e-01   2.8667971e+00   2.9626185e+01  -2.6000000e+01   1.4354959e+00
  -1.5000000e+01   5.0000000e+00  -6.5298264e-01   1.6554213e+00   2.9661169e+01  -2.6000000e+01   2.9822470e+00
  -1.5000000e+01   5.0000000e+00  -1.3992771e+00   8.7832064e-01   2.9708985e+01  -2.6000000e+01   6.0845507e+00
  -1.5000000e+01   5.0000000e+00  -2.6920382e+00  -1.4015213e-01   2.9316645e+01  -2.6000000e+01   6.1662288e+00
  -1.5000000e+01   5.0000000e+00  -4.0067981e+00  -8.7121101e-01   2.9751767e+01  -2.6000000e+01   7.1047913e+00
  -1.5000000e+01   5.0000000e+00  -4.3206348e+00  -1.2953732e+00   2.9467229e+01  -2.6000000e+01   9.9792055e+00
  -1.5000000e+01   5.0000000e+00  -5.4025393e+00  -1.9760585e+00   2.9959339e+01  -2.6000000e+01   1.1123775e+01
  -1.5000000e+01   5.0000000e+00  -5.4863415e+00  -2.6871570e+00   2.8416211e+01  -2.6000000e+01   1.3815504e+01
  -1.5000000e+01   5.0000000e+00  -5.6767145e+00  -2.9919803e+00   2.7582206e+01  -2.6000000e+01   1.3152020e+01
  -1.5000000e+01   5.0000000e+00  -6.4865665e+00  -3.4390309e+00   2.7505461e+01  -2.6000000e+01   1.5282081e+01
  -1.5000000e+01   5.0000000e+00  -7.0747091e+00  -3.3799718e+00   2.7521571e+01  -2.6000000e+01   1.7689076e+01
  -1.5000000e+01   5.0000000e+00  -7.0682951e+00  -4.4713541e+00   2.6242143e+01  -2.6000000e+01   1.6258172e+01
  -1.5000000e+01   5.0000000e+00  -7.7782304e+00  -4.7503987e+00   2.5524081e+01  -2.6000000e+01   1.7475088e+01
  -1.5000000e+01   5.0000000e+00  -8.3073274e+00  -5.5040649e+00   2.5612912e+01  -2.6000000e+01   1.8905749e+01
  -1.5000000e+01   5.0000000e+00  -8.3345237e+00  -5.9135365e+00   2.4539001e+01  -2.6000000e+01   1.8851079e+01
  -1.5000000e+01   5.0000000e+00  -8.8735526e+00  -6.9247785e+00   2.4139465e+01  -2.6000000e+01   1.9074658e+01
  -1.5000000e+01   5.0000000e+00  -9.5668054e+00  -6.6370257e+00   2.4937664e+01  -2.6000000e+01   2.1765385e+01
  -1.5000000e+01   5.0000000e+00  -9.2151731e+00  -6.6472551e+00   2.3840702e+01  -2.6000000e+01   2.2151553e+01
  -1.5000000e+01   5.0000000e+00  -9.8515449e+00  -6.3060280e+00   2.3292880e+01  -2.6000000e+01   2.3656959e+01
  -1.5000000e+01   5.0000000e+00  -1.0018385e+01  -6.0342376e+00   2.2855524e+01  -2.6000000e+01   2.4907007e+01
  -1.5000000e+01   5.0000000e+00  -1.0673159e+01  -6.6567716e+00   2.3085602e+01  -2.6000000e+01   2.3850195e+01
  -1.5000000e+01   5.0000000e+00  -1.1481590e+01  -7.0541600e+00   2.3259395e+01  -2.6000000e+01   2.4007062e+01
  -1.5000000e+01   5.0000000e+00  -1.1898997e+01  -7.0683226e+00   2.3493092e+01  -2.6000000e+01   2.4998800e+01
  -1.5000000e+01   5.0000000e+00  -1.2975511e+01  -7.8560481e+00   2.3804968e+01  -2.6000000e+01   2.5365261e+01
  -1.5000000e+01   5.0000000e+00  -1.3273145e+01  -7.5722974e+00   2.3469669e+01  -2.6000000e+01   2.4144517e+01
  -1.5000000e+01   5.0000000e+00  -1.4015517e+01  -8.4982013e+00   2.3468227e+01  -2.6000000e+01   2.4632180e+01
  -1.5000000e+01   5.0000000e+00  -1.4963948e+01  -9.1538154e+00   2.3404827e+01  -2.6000000e+01   2.6349820e+01
  -1.5000000e+01   5.0000000e+00  -1.5965297e+01  -8.3786975e+00   2.4114853e+01  -2.6000000e+01   2.6585954e+01
  -1.5000000e+01   5.0000000e+00  -1.6823806e+01  -8.0609337e+00   2.4497588e+01  -2.6000000e+01   2.7142156e+01
  -1.5000000e+01   5.0000000e+00  -1.7303739e+01  -8.0564119e+00   2.4011230e+01  -2.6000000e+01   2.5690151e+01
  -1.5000000e+01   5.0000000e+00  -1.7802341e+01  -8.1437277e+00   2.3922045e+01  -2.6000000e+01   2.6168122e+01
  -1.5000000e+01   5.0000000e+00  -1.7899731e+01  -7.6592203e+00   2.3337117e+01  -2.6000000e+01   2.5993078e+01
  -1.5000000e+01   5.0000000e+00  -1.9463123e+01  -8.0361167e+00   2.3674851e+01  -2.6000000e+01   2.4883421e+01
  -1.5000000e+01   5.0000000e+00  -1.9965083e+01  -7.5697687e+00   2.3599942e+01  -2.6000000e+01   2.6248658e+01
  -1.5000000e+01   5.0000000e+00  -2.1180804e+01  -7.6260374e+00   2.4195820e+01  -2.6000000e+01   2.5397371e+01
  -1.5000000e+01   5.0000000e+00  -2.0914786e+01  -7.8381615e+00   2.3138546e+01  -2.6000000e+01   2.3328820e+01
  -1.5000000e+01   5.0000000e+00  -2.0971254e+01  -7.6137937e+00   2.2033543e+01  -2.6000000e+01   2.3787655e+01
  -1.5000000e+01   5.0000000e+00  -2.0249012e+01  -7.3257625e+00   2.0021660e+01  -2.6000000e+01   2.2908515e+01
  -1.5000000e+01   5.0000000e+00  -2.0517229e+01  -7.3023402e+00   1.9369145e+01  -2.6000000e+01   2.3359678e+01
  -1.5000000e+01   5.0000000e+00  -2.0850034e+01  -7.6897175e+00   1.8631655e+01  -2.6000000e+01   2.2693067e+01
  -1.5000000e+01   5.0000000e+00  -2.0675808e+01  -7.8383442e+00   1.7197721e+01  -2.6000000e+01   2.2234613e+01
  -1.5000000e+01   5.0000000e+00  -2.1181246e+01  -7.8973596e+00   1.6981389e+01  -2.6000000e+01   2.3094431e+01
  -1.5000000e+01   5.0000000e+00  -2.1688556e+01  -8.0531510e+00   1.7229534e+01  -2.6000000e+01   2.0393468e+01
  -1.5000000e+01   5.0000000e+00  -2.1601779e+01  -7.2521457e+00   1.6718301e+01  -2.6000000e+01   1.9918288e+01
  -1.5000000e+01   5.0000000e+00  -2.1483306e+01  -6.9643244e+00   1.5465154e+01  -2.6000000e+01   1.9683975e+01
  -1.5000000e+01   5.0000000e+00  -2.1251564e+01  -7.1221919e+00   1.3970622e+01  -2.6000000e+01   1.9495876e+01
  -1.5000000e+01   5.0000000e+00  -2.1975654e+01  -6.9660422e+00   1.3669158e+01  -2.6000000e+01   1.7905359e+01
  -1.5000000e+01   5.0000000e+00  -2.1988381e+01  -7.1458950e+00   1.2809036e+01  -2.6000000e+01   1.6917636e+01
  -1.5000000e+01   5.0000000e+00  -2.2444075e+01  -7.8161609e+00   1.2773803e+01  -2.6000000e+01   1.5476814e+01
  -1.5000000e+01   5.0000000e+00  -2.2863351e+01  -8.0147548e+00   1.2819146e+01  -2.6000000e+01   1.4007168e+01
  -1.5000000e+01   5.0000000e+00  -2.2263601e+01  -9.7765040e+00   1.4652293e+01  -2.6000000e+01   1.1627941e+01
  -1.5000000e+01   5.0000000e+00  -2.2182892e+01  -1.9568804e+01   1.8174711e+01  -2.6000000e+01   9.2047688e+00
  -1.5000000e+01   5.0000000e+00  -2.1671520e+01  -2.4285148e+01   2.0936333e+01  -2.6000000e+01   1.0613197e+01
  -1.5000000e+01   5.0000000e+00  -2.0729997e+01  -2.6126468e+01   2.6795483e+01  -2.6000000e+01   7.6074496e+00
  -1.5000000e+01   5.0000000e+00  -1.7957786e+01  -2.5797279e+01   3.2709035e+01  -2.6000000e+01   7.3499705e+00
  -1.5000000e+01   5.0000000e+00  -1.6969482e+01  -2.4928475e+01   3.9604214e+01  -2.6000000e+01   5.0242555e+00
  -1.5000000e+01   5.0000000e+00  -1.3724967e+01  -2.0332574e+01   4.4568638e+01  -2.6000000e+01   5.8481114e+00
  -1.5000000e+01   5.0000000e+00  -1.0147809e+01  -1.6628618e+01   4.6303491e+01  -2.6000000e+01   4.7960376e+00
  -1.5000000e+01   5.0000000e+00  -5.1768527e+00  -9.3434426e+00   4.4694950e+01  -2.6000000e+01   5.3340685e+00
  -1.5000000e+01   5.0000000e+00  -1.8958823e+00  -3.4402536e+00   4.2082582e+01  -2.6000000e+01   5.9151510e+00
  -1.5000000e+01   5.0000000e+00  -5.1344626e-02   5.9915669e-01   3.8884543e+01  -2.6000000e+01   6.9403399e+00
  -1.5000000e+01   5.0000000e+00  -4.9891553e-01   1.5311125e+00   3.7045058e+01  -2.6000000e+01   7.6080293e+00
  -1.5000000e+01   5.0000000e+00  -6.8469546e-01   1.1160191e+00   3.6339174e+01  -2.6000000e+01   9.8236773e+00
  -1.5000000e+01   5.0000000e+00  -9.8212448e-01   3.0282489e-01   3.5194345e+01  -2.6000000e+01   1.1244026e+01
  -1.5000000e+01   5.0000000e+00  -2.0166598e+00  -6.1933445e-01   3.5646879e+01  -2.6000000e+01   1.2855357e+01
  -1.5000000e+01   5.0000000e+00  -2.1392291e+00  -6.8749356e-01   3.4756144e+01  -2.6000000e+01   1.2977481e+01
  -1.5000000e+01   5.0000000e+00  -2.4361063e+00  -1.2843189e+00   3.4068249e+01  -2.6000000e+01   1.3521831e+01
  -1.5000000e+01   5.0000000e+00  -2.5004466e+00  -1.4502952e+00   3.2927282e+01  -2.6000000e+01   1.4777103e+01
  -1.5000000e+01   5.0000000e+00  -3.1236690e+00  -2.1983559e+00   3.1967478e+01  -2.6000000e+01   1.6407866e+01
  -1.5000000e+01   5.0000000e+00  -3.9674455e+00  -2.5470180e+00   3.1028965e+01  -2.6000000e+01   1.6115021e+01
  -1.5000000e+01   5.0000000e+00  -4.8009811e+00  -3.3723006e+00   3.0238607e+01  -2.6000000e+01   1.6233100e+01
  -1.5000000e+01   5.0000000e+00  -5.7054397e+00  -3.8425776e+00   3.0474709e+01  -2.6000000e+01   1.7849223e+01
  -1.5000000e+01   5.0000000e+00  -6.6761329e+00  -4.2300398e+00   2.9781705e+01  -2.6000000e+01   1.8688166e+01
  -1.5000000e+01   5.0000000e+00  -7.3623870e+00  -4.6995600e+00   2.8666439e+01  -2.6000000e+01   1.8968962e+01
  -1.5000000e+01   5.0000000e+00  -8.0606374e+00  -4.8921865e+00   2.7726860e+01  -2.6000000e+01   1.8696660e+01
  -1.5000000e+01   5.0000000e+00  -8.4744522e+00  -5.2200828e+00   2.6971952e+01  -2.6000000e+01   1.9214194e+01
  -1.5000000e+01   5.0000000e+00  -8.7755408e+00  -5.4780797e+00   2.5940475e+01  -2.6000000e+01   2.0577230e+01
  -1.5000000e+01   5.0000000e+00  -9.1627520e+00  -5.6466053e+00   2.4760854e+01  -2.6000000e+01   1.9857345e+01
  -1.5000000e+01   5.0000000e+00  -1.0005390e+01  -5.7578220e+00   2.4135773e+01  -2.6000000e+01   2.1925562e+01
  -1.5000000e+01   5.0000000e+00  -1.0423684e+01  -6.1875715e+00   2.3174697e+01  -2.6000000e+01   2.3738574e+01
  -1.5000000e+01   5.0000000e+00  -1.0496085e+01  -6.8931715e+00   2.2053242e+01  -2.6000000e+01   2.5835019e+01
  -1.5000000e+01   5.0000000e+00  -1.1014839e+01  -7.6022919e+00   2.1483686e+01  -2.6000000e+01   2.5939152e+01
  -1.5000000e+01   5.0000000e+00  -1.2832234e+01  -8.5098585e+00   2.1475493e+01  -2.6000000e+01   2.5074006e+01
  -1.5000000e+01   5.0000000e+00  -1.3812291e+01  -8.1823353e+00   2.1147259e+01  -2.6000000e+01   2.5286507e+01
  -1.5000000e+01   5.0000000e+00  -1.4472899e+01  -8.6361566e+00   2.0482971e+01  -2.6000000e+01   2.6409116e+01
  -1.5000000e+01   5.0000000e+00  -1.5266833e+01  -8.9666812e+00   2.0625399e+01  -2.6000000e+01   2.5937371e+01
  -1.5000000e+01   5.0000000e+00  -1.5718475e+01  -8.6446681e+00   2.0169249e+01  -2.6000000e+01   2.6491579e+01
  -1.5000000e+01   5.0000000e+00  -1.6940679e+01  -9.2263874e+00   2.0507829e+01  -2.6000000e+01   2.8506776e+01
  -1.5000000e+01   5.0000000e+00  -1.8162703e+01  -9.2191744e+00   2.1120173e+01  -2.6000000e+01   2.8095707e+01
  -1.5000000e+01   5.0000000e+00  -1.9151344e+01  -9.0501641e+00   2.1293360e+01  -2.6000000e+01   2.7216674e+01
  -1.5000000e+01   5.0000000e+00  -1.9265688e+01  -9.4549324e+00   2.0002132e+01  -2.6000000e+01   2.8280703e+01
  -1.5000000e+01   5.0000000e+00  -2.0109557e+01  -8.5001975e+00   1.9723873e+01  -2.6000000e+01   2.6488676e+01
  -1.5000000e+01   5.0000000e+00  -2.0828534e+01  -8.7228304e+00   1.9533431e+01  -2.6000000e+01   2.5823552e+01
  -1.5000000e+01   5.0000000e+00  -2.1833640e+01  -8.1319239e+00   1.9537141e+01  -2.6000000e+01   2.4343903e+01
  -1.5000000e+01   5.0000000e+00  -2.2106209e+01  -7.5952669e+00   1.8474681e+01  -2.6000000e+01   2.2678133e+01
  -1.5000000e+01   5.0000000e+00  -2.2638719e+01  -7.4963733e+00   1.8576627e+01  -2.6000000e+01   2.1351102e+01
  -1.5000000e+01   5.0000000e+00  -2.2172694e+01  -7.1603919e+00   1.7209291e+01  -2.6000000e+01   2.1238207e+01
  -1.5000000e+01   5.0000000e+00  -2.1337815e+01  -6.7366832e+00   1.4654687e+01  -2.6000000e+01   1.9884638e+01
  -1.5000000e+01   5.0000000e+00  -2.1555918e+01  -5.8013220e+00   1.3261025e+01  -2.6000000e+01   1.7732716e+01
  -1.5000000e+01   5.0000000e+00  -2.1890924e+01  -5.2487495e+00   1.2192127e+01  -2.6000000e+01   1.7437076e+01
  -1.5000000e+01   5.0000000e+00  -2.2140154e+01  -4.0384431e+00   1.1137387e+01  -2.6000000e+01   1.4123224e+01
  -1.5000000e+01   5.0000000e+00  -2.2667442e+01  -7.6338556e+00   1.0817872e+01  -2.6000000e+01   1.3249365e+01
  -1.5000000e+01   5.0000000e+00  -2.3221338e+01  -9.2189843e+00   1.2115570e+01  -2.6000000e+01   1.2271666e+01
  -1.5000000e+01   5.0000000e+00  -2.2984919e+01  -9.3480078e+00   1.3128804e+01  -2.6000000e+01   1.2100372e+01
  -1.5000000e+01   5.0000000e+00  -2.2352036e+01  -1.6266898e+01   1.8672187e+01  -2.6000000e+01   8.8626360e+00
  -1.5000000e+01   5.0000000e+00  -2.2581675e+01  -2.3568836e+01   2.2574463e+01  -2.6000000e+01   1.0488573e+01
  -1.5000000e+01   5.0000000e+00  -2.1154828e+01  -2.7113020e+01   2.7842478e+01  -2.6000000e+01   6.3044019e+00
  -1.5000000e+01   5.0000000e+00  -1.9372981e+01  -2.6804255e+01   3.4746660e+01  -2.6000000e+01   7.6235857e+00
  -1.5000000e+01   5.0000000e+00  -1.9006748e+01  -2.4578976e+01   4.0913999e+01  -2.6000000e+01   6.1590192e+00
  -1.5000000e+01   5.0000000e+00  -1.6833310e+01  -2.0649142e+01   4.3211865e+01  -2.6000000e+01   6.5068460e+00
  -1.5000000e+01   5.0000000e+00  -1.4646542e+01  -1.7792256e+01   4.5149313e+01  -2.6000000e+01   8.5389311e+00
  -1.5000000e+01   5.0000000e+00  -1.1610389e+01  -1.3990686e+01   4.5336980e+01  -2.6000000e+01   9.1590240e+00
  -1.5000000e+01   5.0000000e+00  -7.6908458e+00  -9.9167274e+00   4.2910419e+01  -2.6000000e+01   9.1324661e+00
  -1.5000000e+01   5.0000000e+00  -4.7385846e+00  -6.9159053e+00   4.0820099e+01  -2.6000000e+01   1.0321353e+01
  -1.5000000e+01   5.0000000e+00  -2.3700483e+00  -2.6957101e+00   3.8209087e+01  -2.6000000e+01   1.2126534e+01
  -1.5000000e+01   5.0000000e+00  -1.2205598e+00  -1.3315531e+00   3.6310677e+01  -2.6000000e+01   9.9336004e+00
  -1.5000000e+01   5.0000000e+00  -1.8300320e+00  -1.6571877e+00   3.6103612e+01  -2.6000000e+01   1.1305933e+01
  -1.5000000e+01   5.0000000e+00  -2.5468376e+00  -1.8577935e+00   3.5297100e+01  -2.6000000e+01   1.2632046e+01
  -1.5000000e+01   5.0000000e+00  -2.9590808e+00  -1.9270481e+00   3.5113151e+01  -2.6000000e+01   1.5223357e+01
  -1.5000000e+01   5.0000000e+00  -3.0220022e+00  -2.0631644e+00   3.3807255e+01  -2.6000000e+01   1.5824846e+01
  -1.5000000e+01   5.0000000e+00  -3.7156994e+00  -2.8593150e+00   3.3117621e+01  -2.6000000e+01   1.5781266e+01
  -1.5000000e+01   5.0000000e+00  -3.4945080e+00  -3.1256553e+00   3.1476615e+01  -2.6000000e+01   1.5980704e+01
