  -2.8333310e+01   1.6922373e+01   1.0885435e+01   1.9696534e+02   6.8792511e+01  -2.5713896e+02   5.8900790e+01
  -3.0623750e+01   6.5256152e+00   1.4218208e+00   1.9471028e+02   6.7825997e+01  -2.4319478e+02   6.1629757e+01
  -3.2890884e+01  -3.8454827e+00  -1.2571374e+01   1.9243970e+02   6.6754867e+01  -2.2920186e+02   6.4360146e+01
  -3.3855027e+01  -3.6880792e+00  -2.5807340e+01   1.8995827e+02   5.2756282e+01  -2.1852386e+02   6.7333218e+01
  -2.6350722e+01   1.0000000e+00  -2.8877083e+01   1.8700009e+02   4.7000000e+01  -2.2000000e+02   7.0909608e+01
  -2.5591091e+01   1.0000000e+00  -2.9035821e+01   1.7812751e+02   4.7000000e+01  -2.2000000e+02   7.9321551e+01
  -2.1537201e+01   1.0000000e+00  -3.3078018e+01   1.6950092e+02   4.7000000e+01  -2.2000000e+02   7.8890938e+01
  -1.6340408e+01   1.0000000e+00  -3.0141409e+01   1.6270379e+02   4.7000000e+01  -2.2000000e+02   7.4733608e+01
  -9.8494780e+00   1.0000000e+00  -2.0562144e+01   1.5874040e+02   4.7000000e+01  -2.2000000e+02   6.7545190e+01
  -2.0331268e+00   1.0000000e+00  -9.2113281e+00   1.5492521e+02   4.7000000e+01  -2.2000000e+02   5.7548826e+01
   5.2610095e+00   1.0000000e+00   2.7649534e+00   1.5419088e+02   4.7000000e+01  -2.2000000e+02   4.6857073e+01
   1.2318610e+01   1.0000000e+00   1.4847288e+01   1.5993034e+02   4.7000000e+01  -2.2000000e+02   3.6152000e+01
   1.5923528e+01   1.0000000e+00   2.4747602e+01   1.6887504e+02   4.7000000e+01  -2.2000000e+02   2.4763573e+01
   1.7506816e+01   1.0000000e+00   3.0539975e+01   1.7865951e+02   4.7000000e+01  -2.2000000e+02   1.4132544e+01
   1.9359479e+01   1.0000000e+00   3.3226045e+01   1.8966224e+02   4.7000000e+01  -2.2000000e+02   4.5040205e+00
   1.8860000e+01   1.0000000e+00   3.5617305e+01   2.0104790e+02   4.7000000e+01  -2.2000000e+02  -4.1615713e+00
   1.4521094e+01   1.0000000e+00   3.8709450e+01   2.1291248e+02   4.7000000e+01  -2.2000000e+02  -1.1992538e+01
   8.0623701e+00   1.0000000e+00   4.2490497e+01   2.2511512e+02   4.7000000e+01  -2.2000000e+02  -1.8108062e+01
   7.9154334e+00   1.0000000e+00   4.3972753e+01   2.3476019e+02   4.7000000e+01  -2.2000000e+02  -2.4042546e+01
   7.4254753e+00   1.0000000e+00   4.4629361e+01   2.3599217e+02   4.7000000e+01  -2.2000000e+02  -2.4369694e+01
   6.5429223e+00   1.0000000e+00   4.4539200e+01   2.3307016e+02   4.7000000e+01  -2.2000000e+02  -1.8932258e+01
   3.9707099e+00   1.0000000e+00   4.3991469e+01   2.2880299e+02   4.7000000e+01  -2.2000000e+02  -1.3327389e+01
   1.5248701e+00   1.0000000e+00   4.3659843e+01   2.2420405e+02   4.7000000e+01  -2.2000000e+02  -6.0878001e+00
  -3.4045466e-01   1.0000000e+00   4.3115824e+01   2.1989411e+02   4.7000000e+01  -2.2000000e+02   2.4481019e+00
  -2.1498339e+00   1.0000000e+00   4.1151715e+01   2.1476097e+02   4.7000000e+01  -2.2000000e+02   9.6170740e+00
  -4.6649841e+00   1.0000000e+00   4.0065417e+01   2.1033344e+02   4.7000000e+01  -2.2000000e+02   1.5872381e+01
  -7.4507604e+00   1.0000000e+00   3.7299466e+01   2.0508446e+02   4.7000000e+01  -2.2000000e+02   2.3605115e+01
  -1.1323184e+01   1.0000000e+00   3.6816730e+01   2.0003521e+02   4.7000000e+01  -2.2000000e+02   2.9019335e+01
  -1.4529344e+01   1.0000000e+00   3.0402906e+01   1.9424886e+02   4.7000000e+01  -2.2000000e+02   3.5381808e+01
  -1.8800509e+01   1.0000000e+00   1.8362768e+01   1.8876669e+02   4.7000000e+01  -2.2000000e+02   4.1426081e+01
  -2.4528783e+01   1.0000000e+00   6.1621717e+00   1.8195578e+02   4.7000000e+01  -2.2000000e+02   4.7725752e+01
  -3.0313981e+01   1.0000000e+00  -5.6626311e+00   1.7445849e+02   4.7000000e+01  -2.2000000e+02   5.4844740e+01
  -3.3746857e+01   1.0000000e+00  -9.3533201e+00   1.6715591e+02   4.7000000e+01  -2.2000000e+02   5.9558870e+01
  -3.6006589e+01   1.0000000e+00  -1.4293498e+01   1.6160221e+02   4.7000000e+01  -2.2000000e+02   6.2703627e+01
  -3.6938573e+01   1.0000000e+00  -1.4985954e+01   1.5904691e+02   4.7000000e+01  -2.2000000e+02   6.5340323e+01
  -3.5949784e+01   1.0000000e+00  -1.1493014e+01   1.5972186e+02   4.7000000e+01  -2.2000000e+02   6.9694621e+01
  -3.6574040e+01   1.0000000e+00  -1.2503710e+01   1.5980828e+02   4.7000000e+01  -2.2000000e+02   7.1550568e+01
  -3.5973918e+01   1.0000000e+00  -7.4638588e+00   1.6209886e+02   4.7000000e+01  -2.2000000e+02   7.3330506e+01
  -3.5808056e+01   1.0000000e+00  -1.2503227e+01   1.6248891e+02   4.7000000e+01  -2.2000000e+02   7.4945238e+01
  -3.5189848e+01   1.0000000e+00  -1.4292886e+01   1.6275375e+02   4.7000000e+01  -2.2000000e+02   7.6556447e+01
  -3.2546353e+01   1.0000000e+00  -1.4867769e+01   1.6289448e+02   4.7000000e+01  -2.2000000e+02   7.6864857e+01
  -2.9491546e+01   1.0000000e+00  -1.6097459e+01   1.6287684e+02   4.7000000e+01  -2.2000000e+02   7.5922168e+01
  -2.5730939e+01   1.0000000e+00  -1.8661763e+01   1.6140088e+02   4.7000000e+01  -2.2000000e+02   7.1724904e+01
  -1.9063926e+01   1.0000000e+00  -1.0392145e+01   1.5507175e+02   4.7000000e+01  -2.2000000e+02   6.2449074e+01
  -1.4472500e+01   1.0000000e+00  -7.5747278e+00   1.4875923e+02   4.7000000e+01  -2.2000000e+02   5.2891927e+01
  -9.1577253e+00   1.0000000e+00   5.5948876e-03   1.4532739e+02   4.7000000e+01  -2.2000000e+02   4.3653015e+01
  -2.5348668e+00   1.0000000e+00   1.1375121e+01   1.4895462e+02   4.7000000e+01  -2.2000000e+02   3.3180918e+01
   3.8300208e+00   1.0000000e+00   2.3060467e+01   1.5907979e+02   4.7000000e+01  -2.2000000e+02   2.2890675e+01
   7.9056593e+00   1.0000000e+00   3.0352169e+01   1.6986504e+02   4.7000000e+01  -2.2000000e+02   1.3068364e+01
   9.1365665e+00   1.0000000e+00   3.1300819e+01   1.7898005e+02   4.7000000e+01  -2.2000000e+02   3.4634666e+00
   1.1497640e+01   1.0000000e+00   3.2836175e+01   1.8906116e+02   4.7000000e+01  -2.2000000e+02  -4.6871670e+00
   1.2955767e+01   1.0000000e+00   3.3703431e+01   1.9981886e+02   4.7000000e+01  -2.2000000e+02  -1.3182719e+01
   1.2787750e+01   1.0000000e+00   3.5468247e+01   2.1084198e+02   4.7000000e+01  -2.2000000e+02  -2.0125258e+01
   9.6419022e+00   1.0000000e+00   3.8450823e+01   2.2238142e+02   4.7000000e+01  -2.2000000e+02  -2.5561939e+01
   6.2360508e+00   1.0000000e+00   4.2257163e+01   2.3349412e+02   4.7000000e+01  -2.2000000e+02  -2.7864976e+01
   6.2054696e+00   1.0000000e+00   4.2284328e+01   2.3712204e+02   4.7000000e+01  -2.2000000e+02  -2.6953305e+01
   5.0870858e+00   1.0000000e+00   4.2073116e+01   2.3492288e+02   4.7000000e+01  -2.2000000e+02  -2.1988553e+01
   2.0315125e+00   1.0000000e+00   4.2168949e+01   2.3065438e+02   4.7000000e+01  -2.2000000e+02  -1.5414586e+01
   2.6411371e-02   1.0000000e+00   4.2009314e+01   2.2666458e+02   4.7000000e+01  -2.2000000e+02  -7.4920988e+00
  -3.8917741e-01   1.0000000e+00   4.1332150e+01   2.2302238e+02   4.7000000e+01  -2.2000000e+02   7.7851479e-01
  -2.4117256e+00   1.0000000e+00   4.0847403e+01   2.1927484e+02   4.7000000e+01  -2.2000000e+02   7.6490789e+00
  -4.1548472e+00   1.0000000e+00   4.0423551e+01   2.1477620e+02   4.7000000e+01  -2.2000000e+02   1.4068731e+01
  -6.3602723e+00   1.0000000e+00   3.8817869e+01   2.1110784e+02   4.7000000e+01  -2.2000000e+02   2.0107767e+01
  -9.0890256e+00   1.0000000e+00   3.7283003e+01   2.0702939e+02   4.7000000e+01  -2.2000000e+02   2.5401666e+01
  -1.2354042e+01   1.0000000e+00   2.6824358e+01   2.0319631e+02   4.7000000e+01  -2.2000000e+02   3.1960801e+01
  -1.5294247e+01   1.0000000e+00   2.2819517e+01   1.9910991e+02   4.7000000e+01  -2.2000000e+02   3.7541752e+01
  -2.0936328e+01   1.0000000e+00   1.2785369e+01   1.9318526e+02   4.7000000e+01  -2.2000000e+02   4.1523312e+01
  -2.8016211e+01   1.0000000e+00  -3.4279169e-02   1.8628934e+02   4.7000000e+01  -2.2000000e+02   4.6307213e+01
  -3.1338065e+01   1.0000000e+00  -9.2857058e+00   1.7855452e+02   4.7000000e+01  -2.2000000e+02   5.1814125e+01
  -3.2840197e+01   1.0000000e+00  -5.3784064e+00   1.7241562e+02   4.7000000e+01  -2.2000000e+02   5.5016576e+01
  -3.5444990e+01   1.0000000e+00  -9.6570241e+00   1.6721412e+02   4.7000000e+01  -2.2000000e+02   5.7409075e+01
  -3.7076039e+01   1.0000000e+00  -1.8272972e+01   1.6427594e+02   4.7000000e+01  -2.2000000e+02   6.0960470e+01
  -3.7480944e+01   1.0000000e+00  -1.5524261e+01   1.6106264e+02   4.7000000e+01  -2.2000000e+02   6.3693893e+01
  -3.7987326e+01   1.0000000e+00  -1.6917806e+01   1.6004537e+02   4.7000000e+01  -2.2000000e+02   6.6743253e+01
  -3.6113906e+01   1.0000000e+00  -1.4653911e+01   1.5831678e+02   4.7000000e+01  -2.2000000e+02   6.9364710e+01
  -3.4211243e+01   1.0000000e+00  -8.0246505e+00   1.5966481e+02   4.7000000e+01  -2.2000000e+02   7.0714495e+01
  -3.2340634e+01   1.0000000e+00  -4.6198970e+00   1.6110291e+02   4.7000000e+01  -2.2000000e+02   7.1338229e+01
  -3.1118301e+01   1.0000000e+00  -1.2044977e+01   1.5972135e+02   4.7000000e+01  -2.2000000e+02   7.1379343e+01
  -2.7739835e+01   1.0000000e+00  -8.9098767e+00   1.6053074e+02   4.7000000e+01  -2.2000000e+02   7.0616010e+01
  -2.3333981e+01   1.0000000e+00  -1.3011533e+01   1.5970051e+02   4.7000000e+01  -2.2000000e+02   6.6579625e+01
  -1.8479280e+01   1.0000000e+00  -1.4851553e+01   1.5508053e+02   4.7000000e+01  -2.2000000e+02   6.2042095e+01
  -1.2597186e+01   1.0000000e+00  -7.2669841e+00   1.4988031e+02   4.7000000e+01  -2.2000000e+02   5.3887611e+01
  -6.5424245e+00   1.0000000e+00   3.8815926e+00   1.4867745e+02   4.7000000e+01  -2.2000000e+02   4.4725814e+01
   1.9218562e+00   1.0000000e+00   1.6014612e+01   1.5629972e+02   4.7000000e+01  -2.2000000e+02   3.5316213e+01
   7.5412460e+00   1.0000000e+00   2.7503485e+01   1.6700875e+02   4.7000000e+01  -2.2000000e+02   2.5796699e+01
   9.8255727e+00   1.0000000e+00   3.4154422e+01   1.7730941e+02   4.7000000e+01  -2.2000000e+02   1.5424417e+01
   1.2661354e+01   1.0000000e+00   3.5235744e+01   1.8661889e+02   4.7000000e+01  -2.2000000e+02   5.7616925e+00
   1.5961670e+01   1.0000000e+00   3.7578512e+01   1.9606368e+02   4.7000000e+01  -2.2000000e+02  -2.8966098e+00
   1.7494291e+01   1.0000000e+00   3.8705725e+01   2.0604378e+02   4.7000000e+01  -2.2000000e+02  -1.0557355e+01
   1.8595439e+01   1.0000000e+00   3.9918825e+01   2.1671444e+02   4.7000000e+01  -2.2000000e+02  -1.7957065e+01
   1.3992330e+01   1.0000000e+00   4.2255136e+01   2.2772842e+02   4.7000000e+01  -2.2000000e+02  -2.2874156e+01
   1.1093899e+01   1.0000000e+00   4.4564033e+01   2.3714452e+02   4.7000000e+01  -2.2000000e+02  -2.3299057e+01
   1.0517397e+01   1.0000000e+00   4.3868799e+01   2.3832166e+02   4.7000000e+01  -2.2000000e+02  -2.1313479e+01
   8.3526780e+00   1.0000000e+00   4.5146105e+01   2.3491635e+02   4.7000000e+01  -2.2000000e+02  -1.4925433e+01
   5.6256821e+00   1.0000000e+00   4.5435937e+01   2.2910192e+02   4.7000000e+01  -2.2000000e+02  -7.7050184e+00
   2.8699728e+00   1.0000000e+00   4.6145746e+01   2.2299041e+02   4.7000000e+01  -2.2000000e+02   1.5786279e+00
   4.3151756e-01   1.0000000e+00   4.4417644e+01   2.1703920e+02   4.7000000e+01  -2.2000000e+02   9.6101786e+00
  -1.2591189e+00   1.0000000e+00   4.3101264e+01   2.1221404e+02   4.7000000e+01  -2.2000000e+02   1.6809569e+01
  -3.3225550e+00   1.0000000e+00   4.2141031e+01   2.0782443e+02   4.7000000e+01  -2.2000000e+02   2.3688611e+01
  -6.3250789e+00   1.0000000e+00   3.9509875e+01   2.0280250e+02   4.7000000e+01  -2.2000000e+02   2.9506605e+01
  -9.7188819e+00   1.0000000e+00   3.5619994e+01   1.9795251e+02   4.7000000e+01  -2.2000000e+02   3.5844849e+01
  -1.3813894e+01   1.0000000e+00   3.0721137e+01   1.9255775e+02   4.7000000e+01  -2.2000000e+02   4.0319666e+01
  -1.6236556e+01   1.0000000e+00   2.4385221e+01   1.8768967e+02   4.7000000e+01  -2.2000000e+02   4.5363086e+01
  -1.9229756e+01   1.0000000e+00   1.5083239e+01   1.8322294e+02   4.7000000e+01  -2.2000000e+02   5.0347674e+01
  -2.4747596e+01   1.0000000e+00   4.8649386e+00   1.7802408e+02   4.7000000e+01  -2.2000000e+02   5.4888537e+01
  -2.8351076e+01   1.0000000e+00  -5.7699404e+00   1.7211007e+02   4.7000000e+01  -2.2000000e+02   6.0015211e+01
  -3.0340761e+01   1.0000000e+00  -9.9586223e+00   1.6663647e+02   4.7000000e+01  -2.2000000e+02   6.2942864e+01
  -3.1664962e+01   1.0000000e+00  -1.0855682e+01   1.6222998e+02   4.7000000e+01  -2.2000000e+02   6.6423406e+01
  -3.3777235e+01   1.0000000e+00  -1.1839351e+01   1.5905641e+02   4.7000000e+01  -2.2000000e+02   6.8430396e+01
  -3.2375805e+01   1.0000000e+00  -8.0858579e+00   1.6003448e+02   4.7000000e+01  -2.2000000e+02   7.1570495e+01
  -3.2377971e+01   1.0000000e+00  -9.2062797e+00   1.6140246e+02   4.7000000e+01  -2.2000000e+02   7.2090207e+01
  -3.2150440e+01   1.0000000e+00  -1.5466961e+01   1.6109533e+02   4.7000000e+01  -2.2000000e+02   7.4597861e+01
  -2.9788006e+01   1.0000000e+00  -2.0916917e+01   1.6070786e+02   4.7000000e+01  -2.2000000e+02   7.5224397e+01
  -2.4892431e+01   1.0000000e+00  -1.5578787e+01   1.6200132e+02   4.7000000e+01  -2.2000000e+02   7.5909380e+01
  -1.9542050e+01   1.0000000e+00  -1.8886805e+01   1.6059605e+02   4.7000000e+01  -2.2000000e+02   7.1891659e+01
  -1.8646058e+01   1.0000000e+00  -2.8052043e+01   1.5584188e+02   4.7000000e+01  -2.2000000e+02   6.7601509e+01
  -1.2654068e+01   1.0000000e+00  -1.9187883e+01   1.5163264e+02   4.7000000e+01  -2.2000000e+02   6.0696060e+01
  -7.1627121e+00   1.0000000e+00  -8.0353333e+00   1.4812115e+02   4.7000000e+01  -2.2000000e+02   5.2275996e+01
  -2.6395456e+00   1.0000000e+00   3.7781009e+00   1.4829053e+02   4.7000000e+01  -2.2000000e+02   4.2301185e+01
   3.5705492e+00   1.0000000e+00   1.5694004e+01   1.5347388e+02   4.7000000e+01  -2.2000000e+02   3.1922425e+01
   8.2143112e+00   1.0000000e+00   2.4276301e+01   1.6176742e+02   4.7000000e+01  -2.2000000e+02   2.0852492e+01
   9.0246802e+00   1.0000000e+00   2.8874796e+01   1.7186904e+02   4.7000000e+01  -2.2000000e+02   1.0318642e+01
   1.0726042e+01   1.0000000e+00   3.1703490e+01   1.8223949e+02   4.7000000e+01  -2.2000000e+02   1.0665011e+00
   1.2877239e+01   1.0000000e+00   3.4390499e+01   1.9367479e+02   4.7000000e+01  -2.2000000e+02  -6.9262296e+00
   1.3102311e+01   1.0000000e+00   3.5540927e+01   2.0526728e+02   4.7000000e+01  -2.2000000e+02  -1.4949325e+01
   1.0954239e+01   1.0000000e+00   3.7301874e+01   2.1714875e+02   4.7000000e+01  -2.2000000e+02  -2.1747297e+01
   6.7972058e+00   1.0000000e+00   4.0290326e+01   2.2896815e+02   4.7000000e+01  -2.2000000e+02  -2.5302927e+01
   7.6642880e+00   1.0000000e+00   4.0682376e+01   2.3687220e+02   4.7000000e+01  -2.2000000e+02  -2.9719709e+01
   6.2242132e+00   1.0000000e+00   4.1022963e+01   2.3677549e+02   4.7000000e+01  -2.2000000e+02  -2.8539412e+01
   3.9570398e+00   1.0000000e+00   4.1430829e+01   2.3338323e+02   4.7000000e+01  -2.2000000e+02  -2.2742873e+01
   8.9564426e-01   1.0000000e+00   4.1127100e+01   2.2905503e+02   4.7000000e+01  -2.2000000e+02  -1.5943486e+01
  -8.4491313e-01   1.0000000e+00   4.0452290e+01   2.2471069e+02   4.7000000e+01  -2.2000000e+02  -6.7290302e+00
  -3.0573430e+00   1.0000000e+00   3.8730300e+01   2.2038926e+02   4.7000000e+01  -2.2000000e+02   1.8527625e+00
  -5.3949711e+00   1.0000000e+00   3.7684586e+01   2.1637616e+02   4.7000000e+01  -2.2000000e+02   9.5021215e+00
  -8.1351768e+00   1.0000000e+00   3.6775445e+01   2.1238364e+02   4.7000000e+01  -2.2000000e+02   1.5161265e+01
  -1.1030845e+01   1.0000000e+00   3.3867121e+01   2.0773374e+02   4.7000000e+01  -2.2000000e+02   2.0843446e+01
  -1.3639165e+01   1.0000000e+00   2.9602363e+01   2.0274478e+02   4.7000000e+01  -2.2000000e+02   2.6465816e+01
  -1.6796783e+01   1.0000000e+00   2.3446374e+01   1.9795314e+02   4.7000000e+01  -2.2000000e+02   3.2392416e+01
  -2.0575566e+01   1.0000000e+00   1.8192555e+01   1.9229872e+02   4.7000000e+01  -2.2000000e+02   3.5804988e+01
  -2.2619671e+01   1.0000000e+00   1.3311262e+01   1.8679697e+02   4.7000000e+01  -2.2000000e+02   3.9058105e+01
  -2.6766452e+01   1.0000000e+00   4.7198654e+00   1.8055005e+02   4.7000000e+01  -2.2000000e+02   4.2996505e+01
  -2.9813411e+01   1.0000000e+00   2.9134437e+00   1.7444217e+02   4.7000000e+01  -2.2000000e+02   4.6198935e+01
  -3.2770808e+01   1.0000000e+00  -3.6626123e+00   1.6808431e+02   4.7000000e+01  -2.2000000e+02   4.8845815e+01
  -3.5038637e+01   1.0000000e+00  -9.1476431e+00   1.6250366e+02   4.7000000e+01  -2.2000000e+02   5.0654689e+01
  -3.6885424e+01   1.0000000e+00  -1.4625110e+01   1.5769938e+02   4.7000000e+01  -2.2000000e+02   5.3983445e+01
  -3.7334554e+01   1.0000000e+00  -1.3880971e+01   1.5634910e+02   4.7000000e+01  -2.2000000e+02   5.6343906e+01
  -3.8244021e+01   1.0000000e+00  -1.0194419e+01   1.5736893e+02   4.7000000e+01  -2.2000000e+02   5.6249039e+01
  -3.8150137e+01   1.0000000e+00  -1.1854011e+01   1.5824872e+02   4.7000000e+01  -2.2000000e+02   5.7260367e+01
  -3.5653574e+01   1.0000000e+00  -8.7897276e+00   1.5700870e+02   4.7000000e+01  -2.2000000e+02   5.9747658e+01
  -3.1246375e+01   1.0000000e+00  -5.3059702e+00   1.5654327e+02   4.7000000e+01  -2.2000000e+02   5.9816539e+01
  -2.5829355e+01   1.0000000e+00  -6.9961702e-01   1.5486924e+02   4.7000000e+01  -2.2000000e+02   5.4227425e+01
  -1.7657542e+01   1.0000000e+00   9.6838140e-01   1.5255536e+02   4.7000000e+01  -2.2000000e+02   4.8627487e+01
  -1.2953811e+01   1.0000000e+00   9.2652927e+00   1.5009421e+02   4.7000000e+01  -2.2000000e+02   3.9846118e+01
  -5.7856442e+00   1.0000000e+00   2.0413480e+01   1.5803371e+02   4.7000000e+01  -2.2000000e+02   3.0803171e+01
  -3.7712944e-01   1.0000000e+00   3.1957833e+01   1.6921388e+02   4.7000000e+01  -2.2000000e+02   2.3046446e+01
   4.4138679e+00   1.0000000e+00   3.7102665e+01   1.8074180e+02   4.7000000e+01  -2.2000000e+02   1.3123918e+01
   8.4170158e+00   1.0000000e+00   3.9583396e+01   1.9128585e+02   4.7000000e+01  -2.2000000e+02   5.0986179e+00
   1.1809336e+01   1.0000000e+00   4.0488379e+01   2.0138021e+02   4.7000000e+01  -2.2000000e+02  -3.8746481e+00
   1.4887736e+01   1.0000000e+00   4.0882891e+01   2.0932272e+02   4.7000000e+01  -2.2000000e+02  -1.1828557e+01
   1.5580105e+01   1.0000000e+00   4.1508165e+01   2.1695984e+02   4.7000000e+01  -2.2000000e+02  -1.8287565e+01
   1.3166897e+01   1.0000000e+00   4.1994454e+01   2.2578612e+02   4.7000000e+01  -2.2000000e+02  -2.4381332e+01
   7.4520177e+00   1.0000000e+00   4.5542888e+01   2.3558489e+02   4.7000000e+01  -2.2000000e+02  -2.6751123e+01
   6.9921734e+00   1.0000000e+00   4.6546132e+01   2.3673134e+02   4.7000000e+01  -2.2000000e+02  -2.3574546e+01
   5.2675635e+00   1.0000000e+00   4.5170436e+01   2.3296584e+02   4.7000000e+01  -2.2000000e+02  -1.6712473e+01
   2.5376194e+00   1.0000000e+00   4.5263023e+01   2.2810027e+02   4.7000000e+01  -2.2000000e+02  -8.0859325e+00
   1.2278717e+00   1.0000000e+00   4.3170575e+01   2.2271017e+02   4.7000000e+01  -2.2000000e+02   1.5941787e+00
  -6.1075536e-01   1.0000000e+00   4.1621244e+01   2.1751136e+02   4.7000000e+01  -2.2000000e+02   1.1051816e+01
  -1.7347061e+00   1.0000000e+00   3.9782793e+01   2.1323763e+02   4.7000000e+01  -2.2000000e+02   1.8406945e+01
  -3.1657084e+00   1.0000000e+00   3.7544579e+01   2.0898071e+02   4.7000000e+01  -2.2000000e+02   2.5768209e+01
  -6.6257422e+00   1.0000000e+00   3.6438009e+01   2.0494542e+02   4.7000000e+01  -2.2000000e+02   3.1448220e+01
  -1.0060270e+01   1.0000000e+00   3.2803327e+01   2.0097182e+02   4.7000000e+01  -2.2000000e+02   3.5735949e+01
  -1.3547773e+01   1.0000000e+00   2.4486238e+01   1.9607366e+02   4.7000000e+01  -2.2000000e+02   4.0357615e+01
  -1.8305142e+01   1.0000000e+00   1.4642402e+01   1.9113636e+02   4.7000000e+01  -2.2000000e+02   4.4760873e+01
  -2.1901845e+01   1.0000000e+00   9.0764390e+00   1.8566822e+02   4.7000000e+01  -2.2000000e+02   4.8250352e+01
  -2.6057723e+01   1.0000000e+00   8.3450799e-01   1.8043865e+02   4.7000000e+01  -2.2000000e+02   5.2390428e+01
  -3.0132859e+01   1.0000000e+00  -7.2682793e+00   1.7417972e+02   4.7000000e+01  -2.2000000e+02   5.5355381e+01
  -3.2073268e+01   1.0000000e+00  -8.8897691e+00   1.6857482e+02   4.7000000e+01  -2.2000000e+02   5.8553950e+01
  -3.3901783e+01   1.0000000e+00  -1.0724000e+01   1.6430633e+02   4.7000000e+01  -2.2000000e+02   6.1048664e+01
  -3.5663684e+01   1.0000000e+00  -1.5989626e+01   1.6034296e+02   4.7000000e+01  -2.2000000e+02   6.3190599e+01
  -3.7016708e+01   1.0000000e+00  -2.0879583e+01   1.5710007e+02   4.7000000e+01  -2.2000000e+02   6.3953900e+01
  -3.7193630e+01   1.0000000e+00  -1.7817890e+01   1.5753999e+02   4.7000000e+01  -2.2000000e+02   6.6657016e+01
  -3.7045159e+01   1.0000000e+00  -1.3963625e+01   1.5780680e+02   4.7000000e+01  -2.2000000e+02   6.8355075e+01
  -3.6715908e+01   1.0000000e+00  -1.3769417e+01   1.5853364e+02   4.7000000e+01  -2.2000000e+02   6.9399890e+01
  -3.6277038e+01   1.0000000e+00  -1.1560145e+01   1.5980534e+02   4.7000000e+01  -2.2000000e+02   7.1053962e+01
  -3.5961065e+01   1.0000000e+00  -1.0272766e+01   1.6115880e+02   4.7000000e+01  -2.2000000e+02   7.0723211e+01
  -3.5367127e+01   1.0000000e+00  -8.6375917e+00   1.6197316e+02   4.7000000e+01  -2.2000000e+02   7.1367090e+01
  -3.3730117e+01   1.0000000e+00  -1.2542111e+01   1.5967712e+02   4.7000000e+01  -2.2000000e+02   7.0243482e+01
  -2.9653540e+01   1.0000000e+00  -6.5953905e+00   1.6002428e+02   4.7000000e+01  -2.2000000e+02   6.9143782e+01
  -2.3784782e+01   1.0000000e+00  -9.4294240e+00   1.5938750e+02   4.7000000e+01  -2.2000000e+02   6.6896463e+01
  -2.0259252e+01   1.0000000e+00  -1.4363193e+01   1.5630668e+02   4.7000000e+01  -2.2000000e+02   6.1209175e+01
  -1.5053784e+01   1.0000000e+00  -7.8299764e+00   1.5079302e+02   4.7000000e+01  -2.2000000e+02   5.2458540e+01
  -7.1066544e+00   1.0000000e+00   3.8240051e+00   1.5106182e+02   4.7000000e+01  -2.2000000e+02   4.2955387e+01
   1.0030545e-03   1.0000000e+00   1.5912883e+01   1.5976335e+02   4.7000000e+01  -2.2000000e+02   3.3376780e+01
   5.5516353e+00   1.0000000e+00   2.6882658e+01   1.7078202e+02   4.7000000e+01  -2.2000000e+02   2.3852049e+01
   9.0881020e+00   1.0000000e+00   3.4319222e+01   1.8211252e+02   4.7000000e+01  -2.2000000e+02   1.4476145e+01
   1.2447998e+01   1.0000000e+00   3.7481794e+01   1.9344807e+02   4.7000000e+01  -2.2000000e+02   5.4740198e+00
   1.4609529e+01   1.0000000e+00   3.8296723e+01   2.0462593e+02   4.7000000e+01  -2.2000000e+02  -3.8210082e+00
   1.5682688e+01   1.0000000e+00   3.8929615e+01   2.1568465e+02   4.7000000e+01  -2.2000000e+02  -1.2551652e+01
   1.6577759e+01   1.0000000e+00   3.8831043e+01   2.2543475e+02   4.7000000e+01  -2.2000000e+02  -2.1442165e+01
   1.2000870e+01   1.0000000e+00   3.9503137e+01   2.3507760e+02   4.7000000e+01  -2.2000000e+02  -2.9322766e+01
   8.8562352e+00   1.0000000e+00   4.2884688e+01   2.4049603e+02   4.7000000e+01  -2.2000000e+02  -3.2992578e+01
   7.3359161e+00   1.0000000e+00   4.4684357e+01   2.3941310e+02   4.7000000e+01  -2.2000000e+02  -3.0247715e+01
   5.2031043e+00   1.0000000e+00   4.4870108e+01   2.3558422e+02   4.7000000e+01  -2.2000000e+02  -2.3885422e+01
   3.5462975e+00   1.0000000e+00   4.4104889e+01   2.3163426e+02   4.7000000e+01  -2.2000000e+02  -1.7228027e+01
   1.0535506e+00   1.0000000e+00   4.3642767e+01   2.2703521e+02   4.7000000e+01  -2.2000000e+02  -8.6741607e+00
  -7.1036313e-01   1.0000000e+00   4.2010785e+01   2.2239811e+02   4.7000000e+01  -2.2000000e+02   2.1004213e-02
  -2.1457637e+00   1.0000000e+00   3.9827259e+01   2.1785193e+02   4.7000000e+01  -2.2000000e+02   7.7704005e+00
  -5.4156134e+00   1.0000000e+00   3.9520549e+01   2.1417079e+02   4.7000000e+01  -2.2000000e+02   1.2751999e+01
  -7.7759207e+00   1.0000000e+00   3.7426421e+01   2.1016372e+02   4.7000000e+01  -2.2000000e+02   1.8113914e+01
  -1.0496543e+01   1.0000000e+00   3.5437252e+01   2.0553161e+02   4.7000000e+01  -2.2000000e+02   2.4510305e+01
  -1.4182656e+01   1.0000000e+00   3.2634745e+01   2.0043252e+02   4.7000000e+01  -2.2000000e+02   2.9190190e+01
  -1.6157861e+01   1.0000000e+00   2.4403532e+01   1.9578636e+02   4.7000000e+01  -2.2000000e+02   3.5419598e+01
  -2.0017795e+01   1.0000000e+00   1.5171970e+01   1.8980881e+02   4.7000000e+01  -2.2000000e+02   4.0403923e+01
  -2.3444915e+01   1.0000000e+00   1.0164973e+01   1.8454465e+02   4.7000000e+01  -2.2000000e+02   4.4125360e+01
  -2.8195070e+01   1.0000000e+00   3.4897682e+00   1.7833708e+02   4.7000000e+01  -2.2000000e+02   4.8716874e+01
  -3.2306791e+01   1.0000000e+00  -6.4215276e+00   1.7106166e+02   4.7000000e+01  -2.2000000e+02   5.0959882e+01
  -3.4748007e+01   1.0000000e+00  -8.8944931e+00   1.6575827e+02   4.7000000e+01  -2.2000000e+02   5.5235050e+01
  -3.6928042e+01   1.0000000e+00  -1.3934034e+01   1.6106827e+02   4.7000000e+01  -2.2000000e+02   5.7395800e+01
  -3.8159771e+01   1.0000000e+00  -1.6765546e+01   1.5889790e+02   4.7000000e+01  -2.2000000e+02   5.9575009e+01
  -3.8104389e+01   1.0000000e+00  -1.4921865e+01   1.5687142e+02   4.7000000e+01  -2.2000000e+02   6.0457560e+01
  -3.5532078e+01   1.0000000e+00  -1.1986013e+01   1.5635048e+02   4.7000000e+01  -2.2000000e+02   6.3021549e+01
  -3.1871716e+01   1.0000000e+00  -1.5496180e+01   1.5503257e+02   4.7000000e+01  -2.2000000e+02   6.2476016e+01
  -2.6886905e+01   1.0000000e+00  -2.1177873e+01   1.5219866e+02   4.7000000e+01  -2.2000000e+02   6.1666250e+01
  -2.0396405e+01   1.0000000e+00  -1.2482139e+01   1.4704164e+02   4.7000000e+01  -2.2000000e+02   5.4819302e+01
  -1.5725886e+01   1.0000000e+00  -3.7194019e+00   1.4317873e+02   4.7000000e+01  -2.2000000e+02   4.4792044e+01
  -8.3274136e+00   1.0000000e+00   7.8895151e+00   1.4761301e+02   4.7000000e+01  -2.2000000e+02   3.6373433e+01
  -3.9255490e-01   1.0000000e+00   2.0009654e+01   1.5769756e+02   4.7000000e+01  -2.2000000e+02   2.9945002e+01
   6.1654415e+00   1.0000000e+00   3.1292012e+01   1.6939449e+02   4.7000000e+01  -2.2000000e+02   2.1593788e+01
   9.5448942e+00   1.0000000e+00   3.7340637e+01   1.8115416e+02   4.7000000e+01  -2.2000000e+02   1.3112272e+01
   1.1820232e+01   1.0000000e+00   3.9523667e+01   1.9307938e+02   4.7000000e+01  -2.2000000e+02   3.5220464e+00
   1.2048879e+01   1.0000000e+00   4.1249972e+01   2.0462572e+02   4.7000000e+01  -2.2000000e+02  -5.0473831e+00
   1.2997313e+01   1.0000000e+00   4.1386733e+01   2.1597944e+02   4.7000000e+01  -2.2000000e+02  -1.3641809e+01
   1.0650990e+01   1.0000000e+00   4.3272059e+01   2.2693156e+02   4.7000000e+01  -2.2000000e+02  -2.1411840e+01
   8.2319405e+00   1.0000000e+00   4.6147409e+01   2.3673241e+02   4.7000000e+01  -2.2000000e+02  -2.6596039e+01
   7.5986154e+00   1.0000000e+00   4.6935415e+01   2.3714589e+02   4.7000000e+01  -2.2000000e+02  -2.5874388e+01
   5.6031545e+00   1.0000000e+00   4.7128122e+01   2.3391213e+02   4.7000000e+01  -2.2000000e+02  -1.9340972e+01
   3.0920996e+00   1.0000000e+00   4.6595585e+01   2.2994849e+02   4.7000000e+01  -2.2000000e+02  -1.1803898e+01
   1.7648197e+00   1.0000000e+00   4.5496087e+01   2.2636956e+02   4.7000000e+01  -2.2000000e+02  -3.6606694e+00
   7.3493353e-01   1.0000000e+00   4.3474718e+01   2.2156351e+02   4.7000000e+01  -2.2000000e+02   5.4295886e+00
  -5.2432352e-01   1.0000000e+00   4.1973058e+01   2.1790054e+02   4.7000000e+01  -2.2000000e+02   1.2946784e+01
  -1.6224112e+00   1.0000000e+00   4.0313233e+01   2.1386034e+02   4.7000000e+01  -2.2000000e+02   1.8514510e+01
  -2.3511242e+00   1.0000000e+00   3.9289289e+01   2.1065555e+02   4.7000000e+01  -2.2000000e+02   2.3487637e+01
  -4.7949128e+00   1.0000000e+00   3.7517124e+01   2.0670965e+02   4.7000000e+01  -2.2000000e+02   2.8324060e+01
  -7.7565191e+00   1.0000000e+00   3.4241752e+01   2.0278255e+02   4.7000000e+01  -2.2000000e+02   3.2461741e+01
  -1.0277406e+01   1.0000000e+00   3.1497062e+01   1.9943757e+02   4.7000000e+01  -2.2000000e+02   3.6381366e+01
  -1.3962287e+01   1.0000000e+00   2.6025518e+01   1.9550626e+02   4.7000000e+01  -2.2000000e+02   4.0231558e+01
  -1.9112713e+01   1.0000000e+00   1.3619116e+01   1.9116997e+02   4.7000000e+01  -2.2000000e+02   4.5118507e+01
  -2.2797699e+01   1.0000000e+00   3.4647445e+00   1.8590378e+02   4.7000000e+01  -2.2000000e+02   4.9236935e+01
  -2.5831836e+01   1.0000000e+00  -2.9658432e+00   1.8035154e+02   4.7000000e+01  -2.2000000e+02   5.3652261e+01
  -2.9725382e+01   1.0000000e+00  -6.2504090e+00   1.7418014e+02   4.7000000e+01  -2.2000000e+02   5.6623824e+01
  -3.2417235e+01   1.0000000e+00  -9.2291328e+00   1.6807152e+02   4.7000000e+01  -2.2000000e+02   5.8521877e+01
  -3.3752505e+01   1.0000000e+00  -4.5294461e+00   1.6495901e+02   4.7000000e+01  -2.2000000e+02   5.9699383e+01
  -3.7439233e+01   1.0000000e+00  -1.2067672e+01   1.6186127e+02   4.7000000e+01  -2.2000000e+02   6.2295426e+01
  -3.8251499e+01   1.0000000e+00  -1.6939251e+01   1.6151564e+02   4.7000000e+01  -2.2000000e+02   6.4603997e+01
  -3.7619207e+01   1.0000000e+00  -1.4475832e+01   1.6180309e+02   4.7000000e+01  -2.2000000e+02   6.7312136e+01
  -3.7354937e+01   1.0000000e+00  -1.4333256e+01   1.6250372e+02   4.7000000e+01  -2.2000000e+02   6.9441025e+01
  -3.7217668e+01   1.0000000e+00  -1.5413795e+01   1.6292109e+02   4.7000000e+01  -2.2000000e+02   7.0683461e+01
  -3.7251228e+01   1.0000000e+00  -1.3086047e+01   1.6200365e+02   4.7000000e+01  -2.2000000e+02   7.2132327e+01
  -3.6991580e+01   1.0000000e+00  -1.0814603e+01   1.6226080e+02   4.7000000e+01  -2.2000000e+02   7.2283017e+01
  -3.6893923e+01   1.0000000e+00  -1.2458912e+01   1.6250401e+02   4.7000000e+01  -2.2000000e+02   7.2835637e+01
  -3.5962177e+01   1.0000000e+00  -8.0788597e+00   1.6248496e+02   4.7000000e+01  -2.2000000e+02   7.3215861e+01
  -3.5290295e+01   1.0000000e+00  -9.5206303e+00   1.6232562e+02   4.7000000e+01  -2.2000000e+02   7.3179074e+01
  -3.1843689e+01   1.0000000e+00  -1.2549149e+01   1.6156589e+02   4.7000000e+01  -2.2000000e+02   7.2195767e+01
  -2.8374388e+01   1.0000000e+00  -1.4627566e+01   1.6066798e+02   4.7000000e+01  -2.2000000e+02   7.1711890e+01
  -2.5149906e+01   1.0000000e+00  -1.7840732e+01   1.5845283e+02   4.7000000e+01  -2.2000000e+02   6.9112212e+01
  -1.9773790e+01   1.0000000e+00  -1.2096205e+01   1.5377951e+02   4.7000000e+01  -2.2000000e+02   6.0477099e+01
  -1.4315184e+01   1.0000000e+00  -3.9007356e+00   1.4841151e+02   4.7000000e+01  -2.2000000e+02   5.1255994e+01
  -7.0193838e+00   1.0000000e+00   7.6504542e+00   1.4949964e+02   4.7000000e+01  -2.2000000e+02   4.1606243e+01
   8.7141255e-01   1.0000000e+00   1.9574600e+01   1.5879281e+02   4.7000000e+01  -2.2000000e+02   3.1531076e+01
   5.3156243e+00   1.0000000e+00   2.8515632e+01   1.6940210e+02   4.7000000e+01  -2.2000000e+02   2.0946202e+01
   8.2549556e+00   1.0000000e+00   3.3382860e+01   1.8054812e+02   4.7000000e+01  -2.2000000e+02   1.1654473e+01
   1.0548790e+01   1.0000000e+00   3.7312233e+01   1.9231631e+02   4.7000000e+01  -2.2000000e+02   3.4194251e+00
   1.1656001e+01   1.0000000e+00   3.9139294e+01   2.0414618e+02   4.7000000e+01  -2.2000000e+02  -4.9051528e+00
   8.7330475e+00   1.0000000e+00   4.1431600e+01   2.1604807e+02   4.7000000e+01  -2.2000000e+02  -1.2642695e+01
   4.2563042e+00   1.0000000e+00   4.4783030e+01   2.2782989e+02   4.7000000e+01  -2.2000000e+02  -1.8093763e+01
   4.9426009e+00   1.0000000e+00   4.5672398e+01   2.3494909e+02   4.7000000e+01  -2.2000000e+02  -2.0635459e+01
   4.0028445e+00   1.0000000e+00   4.5104347e+01   2.3365703e+02   4.7000000e+01  -2.2000000e+02  -1.7484651e+01
   2.6718224e+00   1.0000000e+00   4.4501649e+01   2.2929660e+02   4.7000000e+01  -2.2000000e+02  -9.6789148e+00
   9.2596790e-01   1.0000000e+00   4.3792813e+01   2.2502202e+02   4.7000000e+01  -2.2000000e+02  -1.8206887e+00
  -7.8036327e-02   1.0000000e+00   4.2183793e+01   2.2025875e+02   4.7000000e+01  -2.2000000e+02   6.6937216e+00
  -1.5566450e+00   1.0000000e+00   4.0864173e+01   2.1602843e+02   4.7000000e+01  -2.2000000e+02   1.4521021e+01
  -3.7278948e+00   1.0000000e+00   3.9519475e+01   2.1207037e+02   4.7000000e+01  -2.2000000e+02   2.1526196e+01
  -5.9361174e+00   1.0000000e+00   3.8489340e+01   2.0816153e+02   4.7000000e+01  -2.2000000e+02   2.6755712e+01
  -9.3892854e+00   1.0000000e+00   3.6649527e+01   2.0411725e+02   4.7000000e+01  -2.2000000e+02   3.1356113e+01
  -1.2841850e+01   1.0000000e+00   3.2937117e+01   1.9879178e+02   4.7000000e+01  -2.2000000e+02   3.5390539e+01
  -1.6813091e+01   1.0000000e+00   2.3700148e+01   1.9457674e+02   4.7000000e+01  -2.2000000e+02   4.0321912e+01
  -2.0312570e+01   1.0000000e+00   1.7319628e+01   1.8958534e+02   4.7000000e+01  -2.2000000e+02   4.4951314e+01
  -2.6060546e+01   1.0000000e+00   5.4876297e+00   1.8383594e+02   4.7000000e+01  -2.2000000e+02   4.9507534e+01
  -3.1713600e+01   1.0000000e+00  -6.9934902e+00   1.7662416e+02   4.7000000e+01  -2.2000000e+02   5.3738298e+01
  -3.3745100e+01   1.0000000e+00  -6.3046803e+00   1.7014219e+02   4.7000000e+01  -2.2000000e+02   5.6805410e+01
  -3.6357118e+01   1.0000000e+00  -1.0258965e+01   1.6524868e+02   4.7000000e+01  -2.2000000e+02   5.9607963e+01
  -3.8383206e+01   1.0000000e+00  -1.2748676e+01   1.6340518e+02   4.7000000e+01  -2.2000000e+02   6.0986309e+01
  -3.7904369e+01   1.0000000e+00  -1.4748830e+01   1.6351154e+02   4.7000000e+01  -2.2000000e+02   6.3503561e+01
  -3.7951484e+01   1.0000000e+00  -1.6227875e+01   1.6112181e+02   4.7000000e+01  -2.2000000e+02   6.6219539e+01
  -3.7995889e+01   1.0000000e+00  -9.5762559e+00   1.6354346e+02   4.7000000e+01  -2.2000000e+02   6.7116821e+01
  -3.7800656e+01   1.0000000e+00  -1.0388555e+01   1.6575401e+02   4.7000000e+01  -2.2000000e+02   6.9703601e+01
  -3.7381724e+01   1.0000000e+00  -9.8569810e+00   1.6490678e+02   4.7000000e+01  -2.2000000e+02   7.1619260e+01
  -3.7443753e+01   1.0000000e+00  -6.4707428e+00   1.6441278e+02   4.7000000e+01  -2.2000000e+02   7.1844713e+01
  -3.6484199e+01   1.0000000e+00  -9.6376834e+00   1.6222242e+02   4.7000000e+01  -2.2000000e+02   7.2992473e+01
  -3.5033048e+01   1.0000000e+00  -9.7956915e+00   1.6175717e+02   4.7000000e+01  -2.2000000e+02   7.3310952e+01
  -3.2417801e+01   1.0000000e+00  -6.1505191e+00   1.6100727e+02   4.7000000e+01  -2.2000000e+02   7.2786947e+01
  -2.8828366e+01   1.0000000e+00  -8.4854578e+00   1.6100229e+02   4.7000000e+01  -2.2000000e+02   6.8713950e+01
  -2.4013695e+01   1.0000000e+00  -9.1379621e+00   1.5583494e+02   4.7000000e+01  -2.2000000e+02   6.0752845e+01
  -1.7199534e+01   1.0000000e+00  -2.5452345e+00   1.5016718e+02   4.7000000e+01  -2.2000000e+02   5.3355852e+01
  -1.1725015e+01   1.0000000e+00   4.6837197e+00   1.4859442e+02   4.7000000e+01  -2.2000000e+02   4.6259492e+01
  -2.4432642e+00   1.0000000e+00   1.6582089e+01   1.5465920e+02   4.7000000e+01  -2.2000000e+02   3.6213475e+01
   5.1135014e+00   1.0000000e+00   2.8659174e+01   1.6531094e+02   4.7000000e+01  -2.2000000e+02   2.6979268e+01
   8.2969860e+00   1.0000000e+00   3.5886666e+01   1.7673491e+02   4.7000000e+01  -2.2000000e+02   1.6499628e+01
   1.0793388e+01   1.0000000e+00   3.7349881e+01   1.8746201e+02   4.7000000e+01  -2.2000000e+02   7.4317272e+00
   1.3611856e+01   1.0000000e+00   3.8141262e+01   1.9819368e+02   4.7000000e+01  -2.2000000e+02  -2.2623156e+00
   1.5285089e+01   1.0000000e+00   3.8707611e+01   2.0862830e+02   4.7000000e+01  -2.2000000e+02  -1.1021763e+01
   1.5594764e+01   1.0000000e+00   3.9125171e+01   2.1933329e+02   4.7000000e+01  -2.2000000e+02  -1.9285993e+01
   1.1656670e+01   1.0000000e+00   4.1550633e+01   2.3019365e+02   4.7000000e+01  -2.2000000e+02  -2.5968381e+01
   9.6885537e+00   1.0000000e+00   4.3953448e+01   2.3927683e+02   4.7000000e+01  -2.2000000e+02  -2.9411573e+01
   8.3157855e+00   1.0000000e+00   4.4955050e+01   2.3962353e+02   4.7000000e+01  -2.2000000e+02  -2.8352408e+01
   7.4782075e+00   1.0000000e+00   4.4631414e+01   2.3668090e+02   4.7000000e+01  -2.2000000e+02  -2.2429120e+01
   5.1629795e+00   1.0000000e+00   4.4182140e+01   2.3254624e+02   4.7000000e+01  -2.2000000e+02  -1.5393537e+01
   3.4198019e+00   1.0000000e+00   4.4465560e+01   2.2840064e+02   4.7000000e+01  -2.2000000e+02  -6.6653860e+00
   1.5346172e+00   1.0000000e+00   4.3319103e+01   2.2348190e+02   4.7000000e+01  -2.2000000e+02   2.0906931e+00
   3.8177261e-01   1.0000000e+00   4.1448851e+01   2.1862188e+02   4.7000000e+01  -2.2000000e+02   1.0273698e+01
  -2.2663106e+00   1.0000000e+00   4.0062345e+01   2.1452064e+02   4.7000000e+01  -2.2000000e+02   1.5610709e+01
  -4.6959568e+00   1.0000000e+00   3.8759651e+01   2.1085836e+02   4.7000000e+01  -2.2000000e+02   2.1262015e+01
  -9.1845739e+00   1.0000000e+00   3.7522889e+01   2.0658168e+02   4.7000000e+01  -2.2000000e+02   2.6520790e+01
  -1.2376105e+01   1.0000000e+00   3.3808677e+01   2.0158027e+02   4.7000000e+01  -2.2000000e+02   3.1286075e+01
  -1.6652482e+01   1.0000000e+00   2.4052464e+01   1.9643723e+02   4.7000000e+01  -2.2000000e+02   3.6703753e+01
  -2.1133244e+01   1.0000000e+00   1.3951584e+01   1.9033981e+02   4.7000000e+01  -2.2000000e+02   4.2082439e+01
  -2.6737675e+01   1.0000000e+00   1.5836722e+00   1.8372113e+02   4.7000000e+01  -2.2000000e+02   4.7245265e+01
  -2.9792961e+01   1.0000000e+00  -5.9463765e+00   1.7608377e+02   4.7000000e+01  -2.2000000e+02   5.2623793e+01
  -3.3552260e+01   1.0000000e+00  -9.4621557e+00   1.6863086e+02   4.7000000e+01  -2.2000000e+02   5.5350468e+01
  -3.5807224e+01   1.0000000e+00  -1.4274172e+01   1.6300156e+02   4.7000000e+01  -2.2000000e+02   5.8052510e+01
  -3.7173554e+01   1.0000000e+00  -1.5750575e+01   1.6031575e+02   4.7000000e+01  -2.2000000e+02   6.0343094e+01
  -3.7407050e+01   1.0000000e+00  -1.6564329e+01   1.6018620e+02   4.7000000e+01  -2.2000000e+02   6.2446460e+01
  -3.6811104e+01   1.0000000e+00  -1.4335103e+01   1.5974266e+02   4.7000000e+01  -2.2000000e+02   6.6348649e+01
  -3.6800603e+01   1.0000000e+00  -1.6081811e+01   1.5906524e+02   4.7000000e+01  -2.2000000e+02   6.9041093e+01
  -3.6468589e+01   1.0000000e+00  -1.1281967e+01   1.5840940e+02   4.7000000e+01  -2.2000000e+02   6.9947978e+01
  -3.4361390e+01   1.0000000e+00  -8.0389823e+00   1.5827750e+02   4.7000000e+01  -2.2000000e+02   7.0068803e+01
  -3.1690690e+01   1.0000000e+00  -9.9463147e+00   1.5914771e+02   4.7000000e+01  -2.2000000e+02   6.9933992e+01
  -2.9542155e+01   1.0000000e+00  -1.1665211e+01   1.5998190e+02   4.7000000e+01  -2.2000000e+02   6.9787845e+01
  -2.6208588e+01   1.0000000e+00  -1.4417158e+01   1.5810704e+02   4.7000000e+01  -2.2000000e+02   6.6572555e+01
  -2.1767440e+01   1.0000000e+00  -1.2051454e+01   1.5582693e+02   4.7000000e+01  -2.2000000e+02   6.1313727e+01
  -1.4979002e+01   1.0000000e+00  -1.8266081e+00   1.5242675e+02   4.7000000e+01  -2.2000000e+02   5.3772282e+01
  -8.0752709e+00   1.0000000e+00   9.3277147e+00   1.5456058e+02   4.7000000e+01  -2.2000000e+02   4.5288692e+01
   2.0612703e-01   1.0000000e+00   2.1408746e+01   1.6290722e+02   4.7000000e+01  -2.2000000e+02   3.6340693e+01
   7.2484715e+00   1.0000000e+00   3.2741893e+01   1.7394585e+02   4.7000000e+01  -2.2000000e+02   2.6354838e+01
   1.0208627e+01   1.0000000e+00   3.8072525e+01   1.8534952e+02   4.7000000e+01  -2.2000000e+02   1.6233880e+01
   1.3115998e+01   1.0000000e+00   3.9950891e+01   1.9669309e+02   4.7000000e+01  -2.2000000e+02   6.5033541e+00
   1.5919002e+01   1.0000000e+00   4.0795897e+01   2.0713104e+02   4.7000000e+01  -2.2000000e+02  -3.1502782e+00
   1.7834172e+01   1.0000000e+00   4.0127672e+01   2.1637294e+02   4.7000000e+01  -2.2000000e+02  -1.2055611e+01
   1.6399587e+01   1.0000000e+00   4.0488710e+01   2.2596666e+02   4.7000000e+01  -2.2000000e+02  -1.9167714e+01
   1.0911998e+01   1.0000000e+00   4.4426180e+01   2.3596194e+02   4.7000000e+01  -2.2000000e+02  -2.2676651e+01
   9.9264178e+00   1.0000000e+00   4.5267330e+01   2.3917455e+02   4.7000000e+01  -2.2000000e+02  -2.3415083e+01
   8.0966283e+00   1.0000000e+00   4.6296417e+01   2.3689351e+02   4.7000000e+01  -2.2000000e+02  -1.8515020e+01
   6.2793429e+00   1.0000000e+00   4.6228675e+01   2.3195792e+02   4.7000000e+01  -2.2000000e+02  -1.1286309e+01
   4.0769506e+00   1.0000000e+00   4.5714761e+01   2.2688796e+02   4.7000000e+01  -2.2000000e+02  -2.7127272e+00
   2.2067370e+00   1.0000000e+00   4.5729142e+01   2.2212842e+02   4.7000000e+01  -2.2000000e+02   6.1013487e+00
   1.2097344e+00   1.0000000e+00   4.4107501e+01   2.1735361e+02   4.7000000e+01  -2.2000000e+02   1.4779094e+01
   1.6766779e-01   1.0000000e+00   4.3494021e+01   2.1379391e+02   4.7000000e+01  -2.2000000e+02   2.1572445e+01
  -1.7646886e+00   1.0000000e+00   4.2669050e+01   2.1005364e+02   4.7000000e+01  -2.2000000e+02   2.8045251e+01
  -5.4468360e+00   1.0000000e+00   4.0473257e+01   2.0533709e+02   4.7000000e+01  -2.2000000e+02   3.2678797e+01
  -9.0583015e+00   1.0000000e+00   3.7358035e+01   2.0065691e+02   4.7000000e+01  -2.2000000e+02   3.7581511e+01
  -1.2724776e+01   1.0000000e+00   3.0789169e+01   1.9533856e+02   4.7000000e+01  -2.2000000e+02   4.1902408e+01
  -1.5831306e+01   1.0000000e+00   2.1310286e+01   1.9056688e+02   4.7000000e+01  -2.2000000e+02   4.6578438e+01
  -1.9779129e+01   1.0000000e+00   1.3506457e+01   1.8551052e+02   4.7000000e+01  -2.2000000e+02   5.1064813e+01
  -2.4495879e+01   1.0000000e+00   4.6130359e+00   1.8048195e+02   4.7000000e+01  -2.2000000e+02   5.5158618e+01
  -2.9752763e+01   1.0000000e+00  -4.1337663e+00   1.7481084e+02   4.7000000e+01  -2.2000000e+02   5.8438166e+01
  -3.3679932e+01   1.0000000e+00  -8.1226914e+00   1.6877563e+02   4.7000000e+01  -2.2000000e+02   6.0919116e+01
  -3.6388555e+01   1.0000000e+00  -1.4302392e+01   1.6315155e+02   4.7000000e+01  -2.2000000e+02   6.4573918e+01
  -3.6834379e+01   1.0000000e+00  -1.0431102e+01   1.6278171e+02   4.7000000e+01  -2.2000000e+02   6.6257801e+01
  -3.7051228e+01   1.0000000e+00  -8.9031164e+00   1.6294155e+02   4.7000000e+01  -2.2000000e+02   6.9134569e+01
  -3.6769055e+01   1.0000000e+00  -1.1300010e+01   1.6493487e+02   4.7000000e+01  -2.2000000e+02   7.1416552e+01
  -3.6933375e+01   1.0000000e+00  -1.2437469e+01   1.6550069e+02   4.7000000e+01  -2.2000000e+02   7.3963682e+01
  -3.7366450e+01   1.0000000e+00  -1.3715762e+01   1.6619296e+02   4.7000000e+01  -2.2000000e+02   7.4401956e+01
  -3.5747117e+01   1.0000000e+00  -7.0899455e+00   1.6474380e+02   4.7000000e+01  -2.2000000e+02   7.4803284e+01
  -3.5419230e+01   1.0000000e+00  -5.5675323e+00   1.6376025e+02   4.7000000e+01  -2.2000000e+02   7.3112002e+01
  -3.1990132e+01   1.0000000e+00  -9.2275346e+00   1.6168112e+02   4.7000000e+01  -2.2000000e+02   7.0346891e+01
  -2.7373741e+01   1.0000000e+00  -1.7823618e+01   1.5669165e+02   4.7000000e+01  -2.2000000e+02   6.5304889e+01
  -1.8479002e+01   1.0000000e+00  -7.3570674e+00   1.4975414e+02   4.7000000e+01  -2.2000000e+02   5.5162665e+01
  -1.3068661e+01   1.0000000e+00   2.0505718e+00   1.4578867e+02   4.7000000e+01  -2.2000000e+02   4.5060700e+01
  -7.6762421e+00   1.0000000e+00   1.2580517e+01   1.4883150e+02   4.7000000e+01  -2.2000000e+02   3.5470751e+01
   7.2903192e-01   1.0000000e+00   2.4086210e+01   1.5856370e+02   4.7000000e+01  -2.2000000e+02   2.5696320e+01
   3.9381885e+00   1.0000000e+00   3.1966119e+01   1.6885252e+02   4.7000000e+01  -2.2000000e+02   1.5232649e+01
   6.9797787e+00   1.0000000e+00   3.5410894e+01   1.7883820e+02   4.7000000e+01  -2.2000000e+02   6.2971893e+00
   9.9227447e+00   1.0000000e+00   3.7167005e+01   1.8780042e+02   4.7000000e+01  -2.2000000e+02  -1.6745436e+00
   1.3114474e+01   1.0000000e+00   3.8054427e+01   1.9746247e+02   4.7000000e+01  -2.2000000e+02  -1.0137985e+01
   1.4529741e+01   1.0000000e+00   3.8626157e+01   2.0742343e+02   4.7000000e+01  -2.2000000e+02  -1.8077434e+01
   1.2972768e+01   1.0000000e+00   4.0505672e+01   2.1805896e+02   4.7000000e+01  -2.2000000e+02  -2.4373484e+01
   9.1722436e+00   1.0000000e+00   4.2700949e+01   2.2912845e+02   4.7000000e+01  -2.2000000e+02  -3.0250472e+01
   6.9928945e+00   1.0000000e+00   4.4227957e+01   2.3781525e+02   4.7000000e+01  -2.2000000e+02  -3.4090478e+01
   5.7928717e+00   1.0000000e+00   4.5025854e+01   2.3693299e+02   4.7000000e+01  -2.2000000e+02  -3.0920686e+01
   3.7934870e+00   1.0000000e+00   4.4333632e+01   2.3297882e+02   4.7000000e+01  -2.2000000e+02  -2.4254453e+01
   1.7850157e+00   1.0000000e+00   4.3818704e+01   2.2921520e+02   4.7000000e+01  -2.2000000e+02  -1.7425139e+01
   9.6754329e-01   1.0000000e+00   4.3470686e+01   2.2650499e+02   4.7000000e+01  -2.2000000e+02  -1.0330414e+01
  -2.6308084e-01   1.0000000e+00   4.1992461e+01   2.2347905e+02   4.7000000e+01  -2.2000000e+02  -2.6392746e+00
  -1.4558632e+00   1.0000000e+00   4.1685702e+01   2.2076838e+02   4.7000000e+01  -2.2000000e+02   2.9043666e+00
  -2.1214119e+00   1.0000000e+00   4.1818963e+01   2.1817865e+02   4.7000000e+01  -2.2000000e+02   7.5909643e+00
  -1.9382032e+00   1.0000000e+00   4.1597256e+01   2.1565095e+02   4.7000000e+01  -2.2000000e+02   1.2483272e+01
  -2.0574535e+00   1.0000000e+00   4.0666185e+01   2.1271956e+02   4.7000000e+01  -2.2000000e+02   1.7942183e+01
  -1.9343195e+00   1.0000000e+00   4.0118574e+01   2.1137033e+02   4.7000000e+01  -2.2000000e+02   2.1357176e+01
  -3.6614599e+00   1.0000000e+00   3.9603030e+01   2.0796154e+02   4.7000000e+01  -2.2000000e+02   2.7207884e+01
  -6.2427218e+00   1.0000000e+00   3.5124662e+01   2.0451961e+02   4.7000000e+01  -2.2000000e+02   3.2648169e+01
  -9.2322632e+00   1.0000000e+00   3.5187516e+01   2.0073929e+02   4.7000000e+01  -2.2000000e+02   3.6610740e+01
  -1.2291869e+01   1.0000000e+00   3.0030405e+01   1.9615790e+02   4.7000000e+01  -2.2000000e+02   4.0920040e+01
  -1.6505407e+01   1.0000000e+00   2.0543574e+01   1.9144200e+02   4.7000000e+01  -2.2000000e+02   4.5765747e+01
  -2.0971765e+01   1.0000000e+00   8.6634162e+00   1.8595932e+02   4.7000000e+01  -2.2000000e+02   4.9784157e+01
  -2.4035102e+01   1.0000000e+00  -3.7820632e-01   1.8058936e+02   4.7000000e+01  -2.2000000e+02   5.4696744e+01
  -2.9098453e+01   1.0000000e+00  -9.6641947e+00   1.7518463e+02   4.7000000e+01  -2.2000000e+02   5.9674059e+01
  -3.3341941e+01   1.0000000e+00  -1.6415281e+01   1.6828693e+02   4.7000000e+01  -2.2000000e+02   6.2983012e+01
  -3.4762764e+01   1.0000000e+00  -1.1724201e+01   1.6393232e+02   4.7000000e+01  -2.2000000e+02   6.4634057e+01
  -3.6729509e+01   1.0000000e+00  -1.3065452e+01   1.6217108e+02   4.7000000e+01  -2.2000000e+02   6.6245804e+01
  -3.7095787e+01   1.0000000e+00  -1.0551650e+01   1.6220787e+02   4.7000000e+01  -2.2000000e+02   6.7653783e+01
  -3.6924405e+01   1.0000000e+00  -1.1169139e+01   1.6138301e+02   4.7000000e+01  -2.2000000e+02   6.9163284e+01
  -3.5167805e+01   1.0000000e+00  -7.1377283e+00   1.6091523e+02   4.7000000e+01  -2.2000000e+02   6.9871882e+01
  -3.3672484e+01   1.0000000e+00  -7.5242781e+00   1.6085871e+02   4.7000000e+01  -2.2000000e+02   7.1670291e+01
  -3.2185298e+01   1.0000000e+00  -1.0250786e+01   1.6130876e+02   4.7000000e+01  -2.2000000e+02   7.2698264e+01
  -2.9608943e+01   1.0000000e+00  -1.1831589e+01   1.6210621e+02   4.7000000e+01  -2.2000000e+02   7.2958411e+01
  -2.5807960e+01   1.0000000e+00  -1.2850494e+01   1.6198874e+02   4.7000000e+01  -2.2000000e+02   7.0513967e+01
  -2.0434164e+01   1.0000000e+00  -1.7370540e+01   1.5929017e+02   4.7000000e+01  -2.2000000e+02   6.4699226e+01
  -1.6654246e+01   1.0000000e+00  -1.7668297e+01   1.5311048e+02   4.7000000e+01  -2.2000000e+02   6.0220619e+01
  -1.0878546e+01   1.0000000e+00  -7.0529728e+00   1.4747949e+02   4.7000000e+01  -2.2000000e+02   5.0841245e+01
  -2.8638858e+00   1.0000000e+00   4.7534244e+00   1.4838505e+02   4.7000000e+01  -2.2000000e+02   4.0740729e+01
   3.7401544e+00   1.0000000e+00   1.6883074e+01   1.5790617e+02   4.7000000e+01  -2.2000000e+02   3.1411998e+01
   6.5761218e+00   1.0000000e+00   2.6343117e+01   1.6850170e+02   4.7000000e+01  -2.2000000e+02   2.1403121e+01
   1.0154849e+01   1.0000000e+00   3.1303717e+01   1.7947580e+02   4.7000000e+01  -2.2000000e+02   1.1625264e+01
   1.3477595e+01   1.0000000e+00   3.4983447e+01   1.9080228e+02   4.7000000e+01  -2.2000000e+02   3.3660086e+00
   1.4480049e+01   1.0000000e+00   3.7397020e+01   2.0239357e+02   4.7000000e+01  -2.2000000e+02  -4.6827212e+00
   1.2827415e+01   1.0000000e+00   4.0340056e+01   2.1423500e+02   4.7000000e+01  -2.2000000e+02  -1.1284520e+01
   9.2605286e+00   1.0000000e+00   4.4355303e+01   2.2610553e+02   4.7000000e+01  -2.2000000e+02  -1.4163840e+01
   9.0173008e+00   1.0000000e+00   4.4706001e+01   2.3519329e+02   4.7000000e+01  -2.2000000e+02  -1.7843173e+01
   9.0049947e+00   1.0000000e+00   4.3827114e+01   2.3772555e+02   4.7000000e+01  -2.2000000e+02  -1.7494354e+01
   8.5566075e+00   1.0000000e+00   4.3736351e+01   2.3572414e+02   4.7000000e+01  -2.2000000e+02  -1.2867986e+01
   7.2001441e+00   1.0000000e+00   4.4084818e+01   2.3242933e+02   4.7000000e+01  -2.2000000e+02  -7.5020555e+00
   5.6324788e+00   1.0000000e+00   4.5019156e+01   2.2889883e+02   4.7000000e+01  -2.2000000e+02  -1.9802911e+00
   4.9044191e+00   1.0000000e+00   4.5286066e+01   2.2608249e+02   4.7000000e+01  -2.2000000e+02   3.2681126e+00
   3.6908825e+00   1.0000000e+00   4.4706320e+01   2.2425534e+02   4.7000000e+01  -2.2000000e+02   5.6951113e+00
   3.7902739e+00   1.0000000e+00   4.3960786e+01   2.2184018e+02   4.7000000e+01  -2.2000000e+02   1.0151051e+01
   2.6159368e+00   1.0000000e+00   4.4496776e+01   2.2027482e+02   4.7000000e+01  -2.2000000e+02   1.2694844e+01
   1.6317065e+00   1.0000000e+00   4.3758609e+01   2.1935584e+02   4.7000000e+01  -2.2000000e+02   1.3106944e+01
   8.7772727e-01   1.0000000e+00   4.4295264e+01   2.1820757e+02   4.7000000e+01  -2.2000000e+02   1.6312097e+01
   6.8718361e-01   1.0000000e+00   4.3189541e+01   2.1676150e+02   4.7000000e+01  -2.2000000e+02   1.9485581e+01
  -6.3368002e-04   1.0000000e+00   4.2456903e+01   2.1525997e+02   4.7000000e+01  -2.2000000e+02   2.1532924e+01
  -8.0200830e-01   1.0000000e+00   4.1780328e+01   2.1384531e+02   4.7000000e+01  -2.2000000e+02   2.3538779e+01
  -1.7636892e+00   1.0000000e+00   4.2105290e+01   2.1168226e+02   4.7000000e+01  -2.2000000e+02   2.7044953e+01
  -2.7773446e+00   1.0000000e+00   4.1553700e+01   2.0896395e+02   4.7000000e+01  -2.2000000e+02   2.9535051e+01
  -3.1080697e+00   1.0000000e+00   4.0240655e+01   2.0670353e+02   4.7000000e+01  -2.2000000e+02   3.3212656e+01
  -5.7727628e+00   1.0000000e+00   3.8903461e+01   2.0293755e+02   4.7000000e+01  -2.2000000e+02   3.6664345e+01
  -8.7994214e+00   1.0000000e+00   3.8255691e+01   1.9792739e+02   4.7000000e+01  -2.2000000e+02   3.9147711e+01
  -1.1357632e+01   1.0000000e+00   3.4317304e+01   1.9345981e+02   4.7000000e+01  -2.2000000e+02   4.2504275e+01
  -1.4561955e+01   1.0000000e+00   2.9006592e+01   1.8952131e+02   4.7000000e+01  -2.2000000e+02   4.6959586e+01
  -1.9286778e+01   1.0000000e+00   1.9304855e+01   1.8601755e+02   4.7000000e+01  -2.2000000e+02   5.2185170e+01
  -2.5697697e+01   1.0000000e+00   7.7452899e+00   1.8149431e+02   4.7000000e+01  -2.2000000e+02   5.6663438e+01
  -3.0709453e+01   1.0000000e+00  -2.3272517e+00   1.7505068e+02   4.7000000e+01  -2.2000000e+02   6.0288383e+01
  -3.4008232e+01   1.0000000e+00  -7.5784567e+00   1.6873711e+02   4.7000000e+01  -2.2000000e+02   6.3423334e+01
  -3.6492613e+01   1.0000000e+00  -1.5681626e+01   1.6325108e+02   4.7000000e+01  -2.2000000e+02   6.6363690e+01
  -3.7868294e+01   1.0000000e+00  -1.6209169e+01   1.6089750e+02   4.7000000e+01  -2.2000000e+02   6.8583925e+01
  -3.5991665e+01   1.0000000e+00  -1.1687340e+01   1.5915798e+02   4.7000000e+01  -2.2000000e+02   6.9474105e+01
  -3.3508591e+01   1.0000000e+00  -1.4322510e+01   1.5827974e+02   4.7000000e+01  -2.2000000e+02   7.1298724e+01
  -3.0686142e+01   1.0000000e+00  -1.8204075e+01   1.5765212e+02   4.7000000e+01  -2.2000000e+02   7.2063750e+01
  -2.9086943e+01   1.0000000e+00  -1.7290217e+01   1.5899451e+02   4.7000000e+01  -2.2000000e+02   7.3917937e+01
  -2.4807388e+01   1.0000000e+00  -1.9340698e+01   1.5771199e+02   4.7000000e+01  -2.2000000e+02   7.1145325e+01
  -2.1756445e+01   1.0000000e+00  -1.7959407e+01   1.5243807e+02   4.7000000e+01  -2.2000000e+02   6.4004856e+01
  -1.6533700e+01   1.0000000e+00  -7.5735820e+00   1.4653499e+02   4.7000000e+01  -2.2000000e+02   5.3649540e+01
  -9.6913906e+00   1.0000000e+00   3.6708208e+00   1.4580062e+02   4.7000000e+01  -2.2000000e+02   4.3437222e+01
  -2.3085403e+00   1.0000000e+00   1.5174900e+01   1.5276955e+02   4.7000000e+01  -2.2000000e+02   3.2686864e+01
   3.1733200e+00   1.0000000e+00   2.6418319e+01   1.6359710e+02   4.7000000e+01  -2.2000000e+02   2.2517026e+01
   5.2037180e+00   1.0000000e+00   3.1399129e+01   1.7393158e+02   4.7000000e+01  -2.2000000e+02   1.2501042e+01
   8.9273064e+00   1.0000000e+00   3.4160987e+01   1.8507756e+02   4.7000000e+01  -2.2000000e+02   3.7701003e+00
   9.9296466e+00   1.0000000e+00   3.6521838e+01   1.9672109e+02   4.7000000e+01  -2.2000000e+02  -4.4005599e+00
   6.7711358e+00   1.0000000e+00   4.0291454e+01   2.0894290e+02   4.7000000e+01  -2.2000000e+02  -1.0727971e+01
   2.8357936e+00   1.0000000e+00   4.3963744e+01   2.2123795e+02   4.7000000e+01  -2.2000000e+02  -1.4528783e+01
   3.3328608e+00   1.0000000e+00   4.3629923e+01   2.3160247e+02   4.7000000e+01  -2.2000000e+02  -2.1813354e+01
   3.2669789e+00   1.0000000e+00   4.3706615e+01   2.3467242e+02   4.7000000e+01  -2.2000000e+02  -2.4680249e+01
   2.0636338e+00   1.0000000e+00   4.3712577e+01   2.3286845e+02   4.7000000e+01  -2.2000000e+02  -2.3157679e+01
   1.1019947e-01   1.0000000e+00   4.2699554e+01   2.2908828e+02   4.7000000e+01  -2.2000000e+02  -1.7805711e+01
  -1.2262203e+00   1.0000000e+00   4.0212153e+01   2.2515818e+02   4.7000000e+01  -2.2000000e+02  -1.0374269e+01
  -3.9213529e+00   1.0000000e+00   3.9113247e+01   2.2075655e+02   4.7000000e+01  -2.2000000e+02  -2.7952483e+00
  -6.8179720e+00   1.0000000e+00   3.7438896e+01   2.1664762e+02   4.7000000e+01  -2.2000000e+02   3.0084532e+00
  -1.0467377e+01   1.0000000e+00   3.7299726e+01   2.1240379e+02   4.7000000e+01  -2.2000000e+02   9.3558878e+00
  -1.3507131e+01   1.0000000e+00   3.5001675e+01   2.0779087e+02   4.7000000e+01  -2.2000000e+02   1.5302428e+01
  -1.4175073e+01   1.0000000e+00   3.0637819e+01   2.0320221e+02   4.7000000e+01  -2.2000000e+02   2.2621659e+01
  -1.6999963e+01   1.0000000e+00   2.6202819e+01   1.9890778e+02   4.7000000e+01  -2.2000000e+02   2.9355695e+01
  -2.0245979e+01   1.0000000e+00   1.9747081e+01   1.9427799e+02   4.7000000e+01  -2.2000000e+02   3.4307298e+01
  -2.2960493e+01   1.0000000e+00   1.6814006e+01   1.8878485e+02   4.7000000e+01  -2.2000000e+02   3.6631153e+01
  -2.6717352e+01   1.0000000e+00   1.2793127e+01   1.8356862e+02   4.7000000e+01  -2.2000000e+02   3.8885517e+01
  -2.9365490e+01   1.0000000e+00   8.0606951e+00   1.7915091e+02   4.7000000e+01  -2.2000000e+02   4.2540099e+01
  -3.2697714e+01   1.0000000e+00  -6.6706978e-01   1.7286413e+02   4.7000000e+01  -2.2000000e+02   4.6723271e+01
  -3.4216286e+01   1.0000000e+00  -4.2273064e+00   1.6758559e+02   4.7000000e+01  -2.2000000e+02   4.8845041e+01
  -3.5969441e+01   1.0000000e+00  -7.3180648e+00   1.6368213e+02   4.7000000e+01  -2.2000000e+02   5.2085250e+01
  -3.8349312e+01   1.0000000e+00  -1.2277704e+01   1.5977406e+02   4.7000000e+01  -2.2000000e+02   5.3895760e+01
  -3.8362628e+01   1.0000000e+00  -1.4123370e+01   1.6003194e+02   4.7000000e+01  -2.2000000e+02   5.6844736e+01
  -3.7664032e+01   1.0000000e+00  -1.2263803e+01   1.6027768e+02   4.7000000e+01  -2.2000000e+02   6.0163954e+01
  -3.5623033e+01   1.0000000e+00  -5.4245717e+00   1.5987885e+02   4.7000000e+01  -2.2000000e+02   6.2455672e+01
  -3.1668518e+01   1.0000000e+00  -5.3190609e+00   1.5991437e+02   4.7000000e+01  -2.2000000e+02   6.4384331e+01
  -2.9346410e+01   1.0000000e+00  -9.7980218e+00   1.5779106e+02   4.7000000e+01  -2.2000000e+02   6.3320267e+01
  -2.3076286e+01   1.0000000e+00  -1.1119584e+01   1.5370676e+02   4.7000000e+01  -2.2000000e+02   5.6750740e+01
  -1.6815008e+01   1.0000000e+00  -3.1353877e+00   1.4969449e+02   4.7000000e+01  -2.2000000e+02   4.9679254e+01
  -1.1729791e+01   1.0000000e+00   6.0016905e+00   1.5009162e+02   4.7000000e+01  -2.2000000e+02   4.1291857e+01
  -4.2265070e+00   1.0000000e+00   1.8066844e+01   1.5787670e+02   4.7000000e+01  -2.2000000e+02   3.2695630e+01
   2.9060518e+00   1.0000000e+00   2.9942224e+01   1.6935680e+02   4.7000000e+01  -2.2000000e+02   2.4855223e+01
   7.3995799e+00   1.0000000e+00   3.6886285e+01   1.8123231e+02   4.7000000e+01  -2.2000000e+02   1.4955785e+01
   9.5310743e+00   1.0000000e+00   3.9055943e+01   1.9262058e+02   4.7000000e+01  -2.2000000e+02   6.2539636e+00
   1.3237479e+01   1.0000000e+00   3.9380801e+01   2.0300812e+02   4.7000000e+01  -2.2000000e+02  -3.3696027e+00
   1.6162044e+01   1.0000000e+00   3.9848842e+01   2.1241664e+02   4.7000000e+01  -2.2000000e+02  -1.2226005e+01
   1.6672523e+01   1.0000000e+00   4.0413171e+01   2.2163919e+02   4.7000000e+01  -2.2000000e+02  -2.0399709e+01
   1.2247228e+01   1.0000000e+00   4.2393833e+01   2.3086936e+02   4.7000000e+01  -2.2000000e+02  -2.8207385e+01
   7.9115290e+00   1.0000000e+00   4.5859527e+01   2.3923520e+02   4.7000000e+01  -2.2000000e+02  -3.2106966e+01
   7.4407031e+00   1.0000000e+00   4.7167494e+01   2.3859671e+02   4.7000000e+01  -2.2000000e+02  -2.8352331e+01
   5.8879009e+00   1.0000000e+00   4.6948031e+01   2.3619849e+02   4.7000000e+01  -2.2000000e+02  -2.3148117e+01
   3.1277954e+00   1.0000000e+00   4.6130548e+01   2.3157854e+02   4.7000000e+01  -2.2000000e+02  -1.5372032e+01
   1.5029653e+00   1.0000000e+00   4.5302904e+01   2.2688596e+02   4.7000000e+01  -2.2000000e+02  -6.2538611e+00
  -8.3147620e-01   1.0000000e+00   4.3779409e+01   2.2172096e+02   4.7000000e+01  -2.2000000e+02   2.2318030e+00
  -2.9246590e+00   1.0000000e+00   4.2608279e+01   2.1725574e+02   4.7000000e+01  -2.2000000e+02   1.0805992e+01
  -4.5926092e+00   1.0000000e+00   3.9956839e+01   2.1337332e+02   4.7000000e+01  -2.2000000e+02   1.7711888e+01
  -7.0361987e+00   1.0000000e+00   3.6772702e+01   2.0962295e+02   4.7000000e+01  -2.2000000e+02   2.4440792e+01
  -1.0382680e+01   1.0000000e+00   3.2230528e+01   2.0531154e+02   4.7000000e+01  -2.2000000e+02   3.0105962e+01
  -1.4482675e+01   1.0000000e+00   2.4899498e+01   2.0095512e+02   4.7000000e+01  -2.2000000e+02   3.5182403e+01
  -1.9171653e+01   1.0000000e+00   1.6777544e+01   1.9504249e+02   4.7000000e+01  -2.2000000e+02   3.9632045e+01
  -2.4501292e+01   1.0000000e+00   5.3059762e+00   1.8911902e+02   4.7000000e+01  -2.2000000e+02   4.4013329e+01
  -2.9996720e+01   1.0000000e+00  -5.6148318e+00   1.8187235e+02   4.7000000e+01  -2.2000000e+02   4.9099537e+01
  -3.4196629e+01   1.0000000e+00  -1.5835095e+01   1.7393462e+02   4.7000000e+01  -2.2000000e+02   5.3937211e+01
  -3.5005816e+01   1.0000000e+00  -1.0767070e+01   1.6817549e+02   4.7000000e+01  -2.2000000e+02   5.5017727e+01
  -3.7074606e+01   1.0000000e+00  -1.4518218e+01   1.6349859e+02   4.7000000e+01  -2.2000000e+02   5.7383286e+01
  -3.8210791e+01   1.0000000e+00  -1.6247890e+01   1.6150109e+02   4.7000000e+01  -2.2000000e+02   5.9988058e+01
  -3.7315394e+01   1.0000000e+00  -1.5209498e+01   1.6114939e+02   4.7000000e+01  -2.2000000e+02   6.2499595e+01
  -3.7552860e+01   1.0000000e+00  -1.2539679e+01   1.6077925e+02   4.7000000e+01  -2.2000000e+02   6.5033295e+01
  -3.6931652e+01   1.0000000e+00  -1.1909496e+01   1.6034297e+02   4.7000000e+01  -2.2000000e+02   6.7148894e+01
  -3.7266979e+01   1.0000000e+00  -1.7393827e+01   1.6074881e+02   4.7000000e+01  -2.2000000e+02   6.9655854e+01
  -3.6949492e+01   1.0000000e+00  -1.6570145e+01   1.6109088e+02   4.7000000e+01  -2.2000000e+02   7.2144006e+01
  -3.6768530e+01   1.0000000e+00  -1.5023309e+01   1.6152637e+02   4.7000000e+01  -2.2000000e+02   7.2512568e+01
  -3.6249608e+01   1.0000000e+00  -1.2905791e+01   1.6074858e+02   4.7000000e+01  -2.2000000e+02   7.2791176e+01
  -3.5222501e+01   1.0000000e+00  -1.4916321e+01   1.6013218e+02   4.7000000e+01  -2.2000000e+02   7.2473654e+01
  -3.1342664e+01   1.0000000e+00  -1.2075701e+01   1.6036293e+02   4.7000000e+01  -2.2000000e+02   7.1286749e+01
  -2.8705116e+01   1.0000000e+00  -1.5727777e+01   1.5803086e+02   4.7000000e+01  -2.2000000e+02   6.8748828e+01
  -2.4378728e+01   1.0000000e+00  -1.6892376e+01   1.5438151e+02   4.7000000e+01  -2.2000000e+02   6.2825545e+01
  -1.7750516e+01   1.0000000e+00  -8.5313045e+00   1.4958282e+02   4.7000000e+01  -2.2000000e+02   5.5066117e+01
  -1.2195557e+01   1.0000000e+00   2.0111598e+00   1.4938307e+02   4.7000000e+01  -2.2000000e+02   4.7183185e+01
  -2.7969309e+00   1.0000000e+00   1.3946627e+01   1.5621738e+02   4.7000000e+01  -2.2000000e+02   3.8086845e+01
   2.3054163e+00   1.0000000e+00   2.6006387e+01   1.6720009e+02   4.7000000e+01  -2.2000000e+02   2.9957496e+01
   7.5153738e+00   1.0000000e+00   3.3741463e+01   1.7858469e+02   4.7000000e+01  -2.2000000e+02   2.0166970e+01
   9.9030723e+00   1.0000000e+00   3.6965445e+01   1.9036634e+02   4.7000000e+01  -2.2000000e+02   1.0182290e+01
   1.2456613e+01   1.0000000e+00   3.8523228e+01   2.0139077e+02   4.7000000e+01  -2.2000000e+02   5.5886059e-01
   1.2566988e+01   1.0000000e+00   3.9001437e+01   2.1249058e+02   4.7000000e+01  -2.2000000e+02  -8.6820767e+00
   8.2782463e+00   1.0000000e+00   4.1362614e+01   2.2370373e+02   4.7000000e+01  -2.2000000e+02  -1.5796461e+01
   6.1485054e+00   1.0000000e+00   4.2975395e+01   2.3274744e+02   4.7000000e+01  -2.2000000e+02  -2.0455193e+01
   5.5152756e+00   1.0000000e+00   4.3530236e+01   2.3352576e+02   4.7000000e+01  -2.2000000e+02  -1.8964117e+01
   3.7053576e+00   1.0000000e+00   4.3539865e+01   2.3142463e+02   4.7000000e+01  -2.2000000e+02  -1.3788877e+01
   2.2052154e+00   1.0000000e+00   4.3896142e+01   2.2762531e+02   4.7000000e+01  -2.2000000e+02  -5.4076198e+00
  -2.8972144e-01   1.0000000e+00   4.1245629e+01   2.2311243e+02   4.7000000e+01  -2.2000000e+02   1.3058028e+00
  -2.0067198e+00   1.0000000e+00   4.0242000e+01   2.1874566e+02   4.7000000e+01  -2.2000000e+02   8.8510879e+00
  -3.2809230e+00   1.0000000e+00   3.9499529e+01   2.1487007e+02   4.7000000e+01  -2.2000000e+02   1.5044793e+01
  -4.8620078e+00   1.0000000e+00   3.7657841e+01   2.1155899e+02   4.7000000e+01  -2.2000000e+02   2.0477996e+01
  -7.1422337e+00   1.0000000e+00   3.6666400e+01   2.0785145e+02   4.7000000e+01  -2.2000000e+02   2.6022625e+01
  -1.0477774e+01   1.0000000e+00   3.3884334e+01   2.0325407e+02   4.7000000e+01  -2.2000000e+02   3.0383773e+01
  -1.3292646e+01   1.0000000e+00   2.8936187e+01   1.9946629e+02   4.7000000e+01  -2.2000000e+02   3.5608462e+01
  -1.8673930e+01   1.0000000e+00   1.8505034e+01   1.9448009e+02   4.7000000e+01  -2.2000000e+02   4.0076080e+01
  -2.3150198e+01   1.0000000e+00   8.9439684e+00   1.8870432e+02   4.7000000e+01  -2.2000000e+02   4.5014255e+01
  -2.7603883e+01   1.0000000e+00  -2.1164182e+00   1.8189315e+02   4.7000000e+01  -2.2000000e+02   5.0141522e+01
  -3.1881908e+01   1.0000000e+00  -1.1767589e+01   1.7426682e+02   4.7000000e+01  -2.2000000e+02   5.4975402e+01
  -3.4665835e+01   1.0000000e+00  -1.1647769e+01   1.6748807e+02   4.7000000e+01  -2.2000000e+02   5.7728340e+01
  -3.7448975e+01   1.0000000e+00  -1.7691653e+01   1.6360113e+02   4.7000000e+01  -2.2000000e+02   6.0452334e+01
  -3.7791724e+01   1.0000000e+00  -1.6961022e+01   1.6245798e+02   4.7000000e+01  -2.2000000e+02   6.2424157e+01
  -3.7053785e+01   1.0000000e+00  -1.4191907e+01   1.6185927e+02   4.7000000e+01  -2.2000000e+02   6.3137550e+01
  -3.7787167e+01   1.0000000e+00  -1.5657173e+01   1.6072217e+02   4.7000000e+01  -2.2000000e+02   6.6817078e+01
  -3.7486501e+01   1.0000000e+00  -1.6271552e+01   1.5737921e+02   4.7000000e+01  -2.2000000e+02   6.9083575e+01
  -3.7064832e+01   1.0000000e+00  -1.2992217e+01   1.5951784e+02   4.7000000e+01  -2.2000000e+02   7.1000265e+01
  -3.6597392e+01   1.0000000e+00  -1.3246934e+01   1.6133263e+02   4.7000000e+01  -2.2000000e+02   7.2130079e+01
  -3.6514167e+01   1.0000000e+00  -1.1642942e+01   1.6177531e+02   4.7000000e+01  -2.2000000e+02   7.2353009e+01
  -3.4928134e+01   1.0000000e+00  -8.5605416e+00   1.6206893e+02   4.7000000e+01  -2.2000000e+02   7.2770112e+01
  -3.1906844e+01   1.0000000e+00  -6.4979921e+00   1.6181094e+02   4.7000000e+01  -2.2000000e+02   7.0771158e+01
  -2.9066863e+01   1.0000000e+00  -1.9524250e+01   1.5859937e+02   4.7000000e+01  -2.2000000e+02   6.7503784e+01
  -2.3362306e+01   1.0000000e+00  -1.5901526e+01   1.5397711e+02   4.7000000e+01  -2.2000000e+02   6.0732560e+01
  -1.5037993e+01   1.0000000e+00  -4.9592703e+00   1.4836935e+02   4.7000000e+01  -2.2000000e+02   5.0994579e+01
  -9.7057454e+00   1.0000000e+00   6.3516863e+00   1.4752354e+02   4.7000000e+01  -2.2000000e+02   4.0732772e+01
  -1.7305880e+00   1.0000000e+00   1.8205108e+01   1.5556029e+02   4.7000000e+01  -2.2000000e+02   3.1266952e+01
   4.3030298e+00   1.0000000e+00   2.9548323e+01   1.6681630e+02   4.7000000e+01  -2.2000000e+02   2.2334165e+01
   9.1114898e+00   1.0000000e+00   3.5364189e+01   1.7838643e+02   4.7000000e+01  -2.2000000e+02   1.3293220e+01
   1.1946729e+01   1.0000000e+00   3.7849739e+01   1.8969675e+02   4.7000000e+01  -2.2000000e+02   4.7268442e+00
   1.3120935e+01   1.0000000e+00   3.9279305e+01   2.0071297e+02   4.7000000e+01  -2.2000000e+02  -3.9722024e+00
   1.3241043e+01   1.0000000e+00   3.9898174e+01   2.1167886e+02   4.7000000e+01  -2.2000000e+02  -1.2344153e+01
   1.0251366e+01   1.0000000e+00   4.0278078e+01   2.2266550e+02   4.7000000e+01  -2.2000000e+02  -2.1048784e+01
   5.9435877e+00   1.0000000e+00   4.4681192e+01   2.3384810e+02   4.7000000e+01  -2.2000000e+02  -2.5485055e+01
   5.3974909e+00   1.0000000e+00   4.6717019e+01   2.3827884e+02   4.7000000e+01  -2.2000000e+02  -2.6823013e+01
   3.4866647e+00   1.0000000e+00   4.7529196e+01   2.3596155e+02   4.7000000e+01  -2.2000000e+02  -2.2510381e+01
   2.3466308e+00   1.0000000e+00   4.6778570e+01   2.3271391e+02   4.7000000e+01  -2.2000000e+02  -1.6433034e+01
   8.4409803e-01   1.0000000e+00   4.6042132e+01   2.2838543e+02   4.7000000e+01  -2.2000000e+02  -7.7258379e+00
   7.5601068e-02   1.0000000e+00   4.3704956e+01   2.2436598e+02   4.7000000e+01  -2.2000000e+02   7.8125180e-01
  -2.1922580e+00   1.0000000e+00   4.2831329e+01   2.2007553e+02   4.7000000e+01  -2.2000000e+02   9.2254998e+00
  -2.6982781e+00   1.0000000e+00   4.1185903e+01   2.1574930e+02   4.7000000e+01  -2.2000000e+02   1.5744694e+01
  -4.5959880e+00   1.0000000e+00   3.9271703e+01   2.1203209e+02   4.7000000e+01  -2.2000000e+02   2.1313018e+01
  -7.2081313e+00   1.0000000e+00   3.6929800e+01   2.0758613e+02   4.7000000e+01  -2.2000000e+02   2.6485939e+01
  -9.3548659e+00   1.0000000e+00   3.1630130e+01   2.0365826e+02   4.7000000e+01  -2.2000000e+02   3.1358844e+01
  -1.3107183e+01   1.0000000e+00   2.9263656e+01   1.9982000e+02   4.7000000e+01  -2.2000000e+02   3.6537116e+01
  -1.7933033e+01   1.0000000e+00   1.9019585e+01   1.9551528e+02   4.7000000e+01  -2.2000000e+02   4.1317053e+01
  -2.2475654e+01   1.0000000e+00   9.0939667e+00   1.9009195e+02   4.7000000e+01  -2.2000000e+02   4.4923922e+01
  -2.6793827e+01   1.0000000e+00  -8.2857027e-01   1.8394086e+02   4.7000000e+01  -2.2000000e+02   4.9273190e+01
  -3.1022825e+01   1.0000000e+00  -7.3677375e+00   1.7753392e+02   4.7000000e+01  -2.2000000e+02   5.3242644e+01
  -3.3308693e+01   1.0000000e+00  -7.4940018e+00   1.7146943e+02   4.7000000e+01  -2.2000000e+02   5.5450629e+01
  -3.5139186e+01   1.0000000e+00  -9.3083127e+00   1.6631193e+02   4.7000000e+01  -2.2000000e+02   5.6988829e+01
  -3.6820902e+01   1.0000000e+00  -1.2871575e+01   1.6309625e+02   4.7000000e+01  -2.2000000e+02   5.9543901e+01
  -3.7749789e+01   1.0000000e+00  -1.3894878e+01   1.6079477e+02   4.7000000e+01  -2.2000000e+02   6.1640119e+01
  -3.7743802e+01   1.0000000e+00  -1.3132168e+01   1.5974829e+02   4.7000000e+01  -2.2000000e+02   6.3143979e+01
  -3.7617565e+01   1.0000000e+00  -1.5704541e+01   1.5852385e+02   4.7000000e+01  -2.2000000e+02   6.5356610e+01
  -3.7494634e+01   1.0000000e+00  -1.0382577e+01   1.5875867e+02   4.7000000e+01  -2.2000000e+02   6.8182637e+01
  -3.7046475e+01   1.0000000e+00  -1.5792274e+01   1.5911501e+02   4.7000000e+01  -2.2000000e+02   7.0170317e+01
  -3.3788093e+01   1.0000000e+00  -5.2625848e+00   1.5921522e+02   4.7000000e+01  -2.2000000e+02   7.0185853e+01
  -3.1684502e+01   1.0000000e+00  -1.2757772e+01   1.5847886e+02   4.7000000e+01  -2.2000000e+02   7.0672377e+01
  -2.8201486e+01   1.0000000e+00  -1.3221873e+01   1.5959511e+02   4.7000000e+01  -2.2000000e+02   7.0746759e+01
  -2.2123419e+01   1.0000000e+00  -7.7369603e+00   1.5843734e+02   4.7000000e+01  -2.2000000e+02   6.4241531e+01
  -1.4450214e+01   1.0000000e+00  -2.3194780e+00   1.5443732e+02   4.7000000e+01  -2.2000000e+02   5.6563835e+01
  -1.0267104e+01   1.0000000e+00   4.2478019e+00   1.5101469e+02   4.7000000e+01  -2.2000000e+02   4.8405190e+01
  -1.8814747e+00   1.0000000e+00   1.6034256e+01   1.5471682e+02   4.7000000e+01  -2.2000000e+02   3.8223396e+01
   4.3539722e+00   1.0000000e+00   2.7659652e+01   1.6524423e+02   4.7000000e+01  -2.2000000e+02   2.7552298e+01
   6.7954337e+00   1.0000000e+00   3.1017983e+01   1.7507437e+02   4.7000000e+01  -2.2000000e+02   1.6603132e+01
   9.7749923e+00   1.0000000e+00   3.2533058e+01   1.8493212e+02   4.7000000e+01  -2.2000000e+02   6.5724999e+00
   1.2914971e+01   1.0000000e+00   3.2420663e+01   1.9352094e+02   4.7000000e+01  -2.2000000e+02  -2.6840611e+00
   1.7070409e+01   1.0000000e+00   3.3276025e+01   2.0245644e+02   4.7000000e+01  -2.2000000e+02  -1.1747175e+01
   1.9699251e+01   1.0000000e+00   3.3731205e+01   2.1156860e+02   4.7000000e+01  -2.2000000e+02  -1.9671835e+01
   1.8951627e+01   1.0000000e+00   3.4087868e+01   2.2114748e+02   4.7000000e+01  -2.2000000e+02  -2.6940980e+01
   1.4117884e+01   1.0000000e+00   3.4713658e+01   2.3147230e+02   4.7000000e+01  -2.2000000e+02  -3.3570477e+01
   8.8129448e+00   1.0000000e+00   3.8243367e+01   2.4187116e+02   4.7000000e+01  -2.2000000e+02  -3.8010887e+01
   6.6761199e+00   1.0000000e+00   4.1517645e+01   2.4471813e+02   4.7000000e+01  -2.2000000e+02  -4.2029864e+01
   3.9805948e+00   1.0000000e+00   4.4304612e+01   2.4258377e+02   4.7000000e+01  -2.2000000e+02  -4.0264579e+01
   1.4291799e+00   1.0000000e+00   4.5507097e+01   2.3860911e+02   4.7000000e+01  -2.2000000e+02  -3.3623165e+01
   4.1869767e-01   1.0000000e+00   4.2883823e+01   2.3387960e+02   4.7000000e+01  -2.2000000e+02  -2.4926739e+01
  -1.8579830e+00   1.0000000e+00   4.1120401e+01   2.2969608e+02   4.7000000e+01  -2.2000000e+02  -1.6005642e+01
  -3.0118297e+00   1.0000000e+00   3.8954763e+01   2.2534995e+02   4.7000000e+01  -2.2000000e+02  -7.9014090e+00
  -4.5928689e+00   1.0000000e+00   3.6481670e+01   2.2052093e+02   4.7000000e+01  -2.2000000e+02  -1.4488367e-01
  -7.7806295e+00   1.0000000e+00   3.5544426e+01   2.1554968e+02   4.7000000e+01  -2.2000000e+02   7.2453904e+00
  -1.1052832e+01   1.0000000e+00   3.4481819e+01   2.1072238e+02   4.7000000e+01  -2.2000000e+02   1.1520650e+01
  -1.3521089e+01   1.0000000e+00   3.0579621e+01   2.0567103e+02   4.7000000e+01  -2.2000000e+02   1.7042748e+01
  -1.6063230e+01   1.0000000e+00   2.7028901e+01   2.0097148e+02   4.7000000e+01  -2.2000000e+02   2.2717799e+01
  -1.9257624e+01   1.0000000e+00   2.2682450e+01   1.9569392e+02   4.7000000e+01  -2.2000000e+02   2.7625027e+01
  -2.2779716e+01   1.0000000e+00   1.9362257e+01   1.9014874e+02   4.7000000e+01  -2.2000000e+02   2.9723294e+01
  -2.5109077e+01   1.0000000e+00   1.6363081e+01   1.8471297e+02   4.7000000e+01  -2.2000000e+02   3.2447260e+01
  -2.7302943e+01   1.0000000e+00   1.3124829e+01   1.8064244e+02   4.7000000e+01  -2.2000000e+02   3.5328255e+01
  -3.0747990e+01   1.0000000e+00   6.1048762e+00   1.7522655e+02   4.7000000e+01  -2.2000000e+02   3.9581993e+01
  -3.3637048e+01   1.0000000e+00  -1.9563658e+00   1.6867200e+02   4.7000000e+01  -2.2000000e+02   4.2862233e+01
  -3.3610871e+01   1.0000000e+00  -7.3262789e+00   1.6464129e+02   4.7000000e+01  -2.2000000e+02   4.7671597e+01
  -3.5158297e+01   1.0000000e+00  -1.0436423e+01   1.6075188e+02   4.7000000e+01  -2.2000000e+02   4.9401704e+01
  -3.5656777e+01   1.0000000e+00  -1.6105696e+01   1.5649215e+02   4.7000000e+01  -2.2000000e+02   5.2927692e+01
  -3.3252578e+01   1.0000000e+00  -1.1475161e+01   1.5305602e+02   4.7000000e+01  -2.2000000e+02   5.2456856e+01
  -2.9353515e+01   1.0000000e+00  -8.5988204e+00   1.5110923e+02   4.7000000e+01  -2.2000000e+02   4.9724503e+01
  -2.1172318e+01   1.0000000e+00   1.5086557e+00   1.4868867e+02   4.7000000e+01  -2.2000000e+02   4.3452717e+01
  -1.4956945e+01   1.0000000e+00   8.3015204e+00   1.4763837e+02   4.7000000e+01  -2.2000000e+02   3.8960984e+01
  -8.9466577e+00   1.0000000e+00   1.6672777e+01   1.5063432e+02   4.7000000e+01  -2.2000000e+02   3.2010029e+01
  -2.8388889e+00   1.0000000e+00   2.7625745e+01   1.5926531e+02   4.7000000e+01  -2.2000000e+02   2.2035097e+01
   3.7178939e+00   1.0000000e+00   3.7178759e+01   1.7029339e+02   4.7000000e+01  -2.2000000e+02   1.3793454e+01
   8.3374374e+00   1.0000000e+00   3.7614020e+01   1.8030578e+02   4.7000000e+01  -2.2000000e+02   3.0101879e+00
   1.1317179e+01   1.0000000e+00   3.9759915e+01   1.8956094e+02   4.7000000e+01  -2.2000000e+02  -5.4747917e+00
   1.4184195e+01   1.0000000e+00   4.1946313e+01   1.9780577e+02   4.7000000e+01  -2.2000000e+02  -1.1519377e+01
   1.5925762e+01   1.0000000e+00   4.2752746e+01   2.0516116e+02   4.7000000e+01  -2.2000000e+02  -1.8852703e+01
   1.6915421e+01   1.0000000e+00   4.3728418e+01   2.1322779e+02   4.7000000e+01  -2.2000000e+02  -2.4431188e+01
   1.8172726e+01   1.0000000e+00   4.4285256e+01   2.2229113e+02   4.7000000e+01  -2.2000000e+02  -2.9645365e+01
   1.5473418e+01   1.0000000e+00   4.3826487e+01   2.3143344e+02   4.7000000e+01  -2.2000000e+02  -3.3935480e+01
   1.1182980e+01   1.0000000e+00   4.6254130e+01   2.4019924e+02   4.7000000e+01  -2.2000000e+02  -3.0317390e+01
   9.6242460e+00   1.0000000e+00   4.7001909e+01   2.4026506e+02   4.7000000e+01  -2.2000000e+02  -2.7377027e+01
   8.7503791e+00   1.0000000e+00   4.6027734e+01   2.3697416e+02   4.7000000e+01  -2.2000000e+02  -2.0438697e+01
   7.4562099e+00   1.0000000e+00   4.5697121e+01   2.3217291e+02   4.7000000e+01  -2.2000000e+02  -1.1569168e+01
   5.0658288e+00   1.0000000e+00   4.4825475e+01   2.2764134e+02   4.7000000e+01  -2.2000000e+02  -3.3893507e+00
   3.5694192e+00   1.0000000e+00   4.4510865e+01   2.2319716e+02   4.7000000e+01  -2.2000000e+02   5.1293297e+00
   2.0658599e+00   1.0000000e+00   4.3702766e+01   2.1917661e+02   4.7000000e+01  -2.2000000e+02   1.2791154e+01
   2.8281925e-01   1.0000000e+00   4.3426451e+01   2.1531510e+02   4.7000000e+01  -2.2000000e+02   1.8270708e+01
  -7.6117478e-01   1.0000000e+00   4.3569619e+01   2.1194102e+02   4.7000000e+01  -2.2000000e+02   2.3407164e+01
  -3.6717089e+00   1.0000000e+00   4.1753842e+01   2.0814715e+02   4.7000000e+01  -2.2000000e+02   2.8609184e+01
  -4.8888217e+00   1.0000000e+00   3.9668878e+01   2.0419521e+02   4.7000000e+01  -2.2000000e+02   3.2554903e+01
  -6.6100794e+00   1.0000000e+00   3.7545251e+01   2.0043985e+02   4.7000000e+01  -2.2000000e+02   3.6023047e+01
  -8.3862128e+00   1.0000000e+00   3.6281754e+01   1.9740060e+02   4.7000000e+01  -2.2000000e+02   3.9393914e+01
  -1.1452140e+01   1.0000000e+00   2.8551699e+01   1.9435963e+02   4.7000000e+01  -2.2000000e+02   4.4872052e+01
  -1.5678219e+01   1.0000000e+00   1.9289691e+01   1.9038234e+02   4.7000000e+01  -2.2000000e+02   4.8562965e+01
  -2.0732017e+01   1.0000000e+00   7.9142804e+00   1.8547859e+02   4.7000000e+01  -2.2000000e+02   5.2885577e+01
  -2.3813526e+01   1.0000000e+00   2.4305261e-01   1.8030668e+02   4.7000000e+01  -2.2000000e+02   5.6499853e+01
  -2.7085317e+01   1.0000000e+00  -6.7354142e+00   1.7484030e+02   4.7000000e+01  -2.2000000e+02   5.9124705e+01
  -3.0093800e+01   1.0000000e+00  -1.1253685e+01   1.7017008e+02   4.7000000e+01  -2.2000000e+02   6.1943219e+01
  -3.1959325e+01   1.0000000e+00  -1.7835010e+01   1.6482468e+02   4.7000000e+01  -2.2000000e+02   6.5983163e+01
  -3.2579491e+01   1.0000000e+00  -1.6174586e+01   1.6026040e+02   4.7000000e+01  -2.2000000e+02   6.5795612e+01
  -3.3755515e+01   1.0000000e+00  -1.6441513e+01   1.5833476e+02   4.7000000e+01  -2.2000000e+02   6.7421286e+01
  -3.4568696e+01   1.0000000e+00  -1.6514398e+01   1.5694837e+02   4.7000000e+01  -2.2000000e+02   6.8298345e+01
  -3.5565824e+01   1.0000000e+00  -1.7390998e+01   1.5714258e+02   4.7000000e+01  -2.2000000e+02   7.0493953e+01
  -3.5430115e+01   1.0000000e+00  -1.1395920e+01   1.5771591e+02   4.7000000e+01  -2.2000000e+02   7.0928597e+01
  -3.4929272e+01   1.0000000e+00  -1.2023953e+01   1.5883495e+02   4.7000000e+01  -2.2000000e+02   7.2442106e+01
  -3.5506580e+01   1.0000000e+00  -1.0991072e+01   1.5998666e+02   4.7000000e+01  -2.2000000e+02   7.2721381e+01
  -3.5507284e+01   1.0000000e+00  -1.3677571e+01   1.6006335e+02   4.7000000e+01  -2.2000000e+02   7.2315752e+01
  -3.3902044e+01   1.0000000e+00  -1.6699018e+01   1.6066150e+02   4.7000000e+01  -2.2000000e+02   7.4033233e+01
  -3.2706455e+01   1.0000000e+00  -1.9100253e+01   1.6096799e+02   4.7000000e+01  -2.2000000e+02   7.4361357e+01
  -2.9926397e+01   1.0000000e+00  -2.1699570e+01   1.6081899e+02   4.7000000e+01  -2.2000000e+02   7.5040983e+01
  -2.5499744e+01   1.0000000e+00  -2.4793477e+01   1.5857016e+02   4.7000000e+01  -2.2000000e+02   7.2845951e+01
  -2.1268841e+01   1.0000000e+00  -2.5928297e+01   1.5637583e+02   4.7000000e+01  -2.2000000e+02   6.9723872e+01
  -1.7419306e+01   1.0000000e+00  -1.7224077e+01   1.5317021e+02   4.7000000e+01  -2.2000000e+02   6.3148358e+01
  -1.2850039e+01   1.0000000e+00  -5.5981296e+00   1.5775609e+02   4.7000000e+01  -2.2000000e+02   5.4594396e+01
  -4.9762594e+00   1.0000000e+00   6.3651504e+00   1.6065474e+02   4.7000000e+01  -2.2000000e+02   4.6096196e+01
   1.5324341e-01   1.0000000e+00   1.8116054e+01   1.5908953e+02   4.7000000e+01  -2.2000000e+02   3.6333988e+01
   4.6137087e+00   1.0000000e+00   2.7528722e+01   1.5798711e+02   4.7000000e+01  -2.2000000e+02   2.5929553e+01
   7.9769979e+00   1.0000000e+00   3.3338030e+01   1.6115589e+02   4.7000000e+01  -2.2000000e+02   1.5158738e+01
   1.1756425e+01   1.0000000e+00   3.6771674e+01   1.6883664e+02   4.7000000e+01  -2.2000000e+02   4.8147666e+00
   1.3888073e+01   1.0000000e+00   4.0019311e+01   1.7799567e+02   4.7000000e+01  -2.2000000e+02  -9.5036754e-02
   1.6812350e+01   1.0000000e+00   4.1155242e+01   1.8813609e+02   4.7000000e+01  -2.2000000e+02  -7.4373429e+00
   1.7540278e+01   1.0000000e+00   4.3024344e+01   1.9928731e+02   4.7000000e+01  -2.2000000e+02  -1.3723786e+01
   1.4759167e+01   1.0000000e+00   4.5917673e+01   2.1119527e+02   4.7000000e+01  -2.2000000e+02  -1.7016971e+01
   8.3674695e+00   1.0000000e+00   4.9900986e+01   2.2357582e+02   4.7000000e+01  -2.2000000e+02  -2.0740113e+01
   9.1275169e+00   1.0000000e+00   5.0984664e+01   2.3395859e+02   4.7000000e+01  -2.2000000e+02  -2.3971544e+01
   9.2888577e+00   1.0000000e+00   4.9220522e+01   2.3630507e+02   4.7000000e+01  -2.2000000e+02  -2.3422695e+01
   8.6700053e+00   1.0000000e+00   4.9011497e+01   2.3402437e+02   4.7000000e+01  -2.2000000e+02  -1.7083780e+01
   6.6126760e+00   1.0000000e+00   4.8597405e+01   2.3008643e+02   4.7000000e+01  -2.2000000e+02  -1.0190977e+01
   5.8508193e+00   1.0000000e+00   4.7909262e+01   2.2706728e+02   4.7000000e+01  -2.2000000e+02  -4.1391195e+00
   5.1839440e+00   1.0000000e+00   4.7229368e+01   2.2513918e+02   4.7000000e+01  -2.2000000e+02   7.8452648e-01
   4.4025206e+00   1.0000000e+00   4.7257364e+01   2.2376431e+02   4.7000000e+01  -2.2000000e+02   4.3738824e+00
   4.0542987e+00   1.0000000e+00   4.6531463e+01   2.2037231e+02   4.7000000e+01  -2.2000000e+02   9.6706681e+00
   2.3527635e+00   1.0000000e+00   4.6953189e+01   2.1642757e+02   4.7000000e+01  -2.2000000e+02   1.3940667e+01
   2.0572256e+00   1.0000000e+00   4.6664109e+01   2.1292361e+02   4.7000000e+01  -2.2000000e+02   1.9652539e+01
   5.4051178e-01   1.0000000e+00   4.6099879e+01   2.0996526e+02   4.7000000e+01  -2.2000000e+02   2.4094445e+01
  -5.2206375e-01   1.0000000e+00   4.5782119e+01   2.0649669e+02   4.7000000e+01  -2.2000000e+02   2.9520789e+01
  -1.4473070e+00   1.0000000e+00   4.4903018e+01   2.0343042e+02   4.7000000e+01  -2.2000000e+02   3.4706711e+01
  -5.3988844e+00   1.0000000e+00   3.9027504e+01   1.9951878e+02   4.7000000e+01  -2.2000000e+02   3.9747014e+01
  -1.1090030e+01   1.0000000e+00   3.2289988e+01   1.9441424e+02   4.7000000e+01  -2.2000000e+02   4.4756127e+01
  -1.4900660e+01   1.0000000e+00   2.1920042e+01   1.8957547e+02   4.7000000e+01  -2.2000000e+02   4.9371975e+01
  -1.9985716e+01   1.0000000e+00   1.0199398e+01   1.8492548e+02   4.7000000e+01  -2.2000000e+02   5.4597588e+01
  -2.5131214e+01   1.0000000e+00  -2.2366094e+00   1.8026965e+02   4.7000000e+01  -2.2000000e+02   5.9827366e+01
  -2.9541599e+01   1.0000000e+00  -1.1986112e+01   1.7419965e+02   4.7000000e+01  -2.2000000e+02   6.4556410e+01
  -3.2058119e+01   1.0000000e+00  -1.8187579e+01   1.6787988e+02   4.7000000e+01  -2.2000000e+02   6.8159612e+01
  -3.3488730e+01   1.0000000e+00  -1.4894781e+01   1.6283542e+02   4.7000000e+01  -2.2000000e+02   6.9510582e+01
  -3.1043171e+01   1.0000000e+00  -1.5842730e+01   1.6052060e+02   4.7000000e+01  -2.2000000e+02   7.0833724e+01
  -2.9132222e+01   1.0000000e+00  -1.9217681e+01   1.5921806e+02   4.7000000e+01  -2.2000000e+02   7.2669633e+01
  -2.5557189e+01   1.0000000e+00  -2.0086295e+01   1.5998187e+02   4.7000000e+01  -2.2000000e+02   7.4747844e+01
  -1.8961811e+01   1.0000000e+00  -2.0921499e+01   1.5791382e+02   4.7000000e+01  -2.2000000e+02   7.0385254e+01
  -1.4820736e+01   1.0000000e+00  -1.8053496e+01   1.5305881e+02   4.7000000e+01  -2.2000000e+02   6.3402168e+01
  -1.0043957e+01   1.0000000e+00  -8.4626270e+00   1.4757880e+02   4.7000000e+01  -2.2000000e+02   5.4168121e+01
  -1.3787075e+00   1.0000000e+00   3.2861736e+00   1.4805791e+02   4.7000000e+01  -2.2000000e+02   4.4866131e+01
   6.6883457e+00   1.0000000e+00   1.5343881e+01   1.5678446e+02   4.7000000e+01  -2.2000000e+02   3.4762469e+01
   1.1925195e+01   1.0000000e+00   2.6244142e+01   1.6753614e+02   4.7000000e+01  -2.2000000e+02   2.4523096e+01
   1.3982896e+01   1.0000000e+00   3.2553518e+01   1.7813832e+02   4.7000000e+01  -2.2000000e+02   1.4474826e+01
   1.6782812e+01   1.0000000e+00   3.5546447e+01   1.8901380e+02   4.7000000e+01  -2.2000000e+02   4.5711319e+00
   1.9025703e+01   1.0000000e+00   3.6238354e+01   1.9935795e+02   4.7000000e+01  -2.2000000e+02  -4.1068889e+00
   1.9040115e+01   1.0000000e+00   3.8018399e+01   2.0994572e+02   4.7000000e+01  -2.2000000e+02  -1.2474088e+01
   1.5323644e+01   1.0000000e+00   3.9992334e+01   2.2070067e+02   4.7000000e+01  -2.2000000e+02  -2.0513502e+01
   1.1331924e+01   1.0000000e+00   4.2865029e+01   2.3157936e+02   4.7000000e+01  -2.2000000e+02  -2.7438946e+01
   9.6936927e+00   1.0000000e+00   4.6014127e+01   2.4036553e+02   4.7000000e+01  -2.2000000e+02  -2.9964314e+01
   7.8196025e+00   1.0000000e+00   4.6930034e+01   2.3922526e+02   4.7000000e+01  -2.2000000e+02  -2.7542935e+01
   5.8730865e+00   1.0000000e+00   4.7226100e+01   2.3574707e+02   4.7000000e+01  -2.2000000e+02  -2.1904174e+01
   4.2830650e+00   1.0000000e+00   4.6443351e+01   2.3220231e+02   4.7000000e+01  -2.2000000e+02  -1.4661007e+01
   2.2050161e+00   1.0000000e+00   4.5931101e+01   2.2864168e+02   4.7000000e+01  -2.2000000e+02  -7.5757628e+00
   1.2266047e+00   1.0000000e+00   4.5088882e+01   2.2525862e+02   4.7000000e+01  -2.2000000e+02  -9.8825774e-01
   6.4664496e-01   1.0000000e+00   4.4134226e+01   2.2112421e+02   4.7000000e+01  -2.2000000e+02   6.4205535e+00
  -5.9240035e-01   1.0000000e+00   4.3117535e+01   2.1780199e+02   4.7000000e+01  -2.2000000e+02   1.2449923e+01
  -1.0542035e+00   1.0000000e+00   4.1947057e+01   2.1418844e+02   4.7000000e+01  -2.2000000e+02   1.7699309e+01
  -3.3384165e+00   1.0000000e+00   4.0977145e+01   2.1095709e+02   4.7000000e+01  -2.2000000e+02   2.0991720e+01
  -6.2972419e+00   1.0000000e+00   4.0748689e+01   2.0708581e+02   4.7000000e+01  -2.2000000e+02   2.5026249e+01
  -8.3391918e+00   1.0000000e+00   3.8352413e+01   2.0369303e+02   4.7000000e+01  -2.2000000e+02   2.9970198e+01
  -1.0461478e+01   1.0000000e+00   3.6936829e+01   1.9991268e+02   4.7000000e+01  -2.2000000e+02   3.2819822e+01
  -1.3630068e+01   1.0000000e+00   2.8907346e+01   1.9588844e+02   4.7000000e+01  -2.2000000e+02   3.8426415e+01
  -1.7231285e+01   1.0000000e+00   1.8244935e+01   1.9089921e+02   4.7000000e+01  -2.2000000e+02   4.3807669e+01
  -2.2044869e+01   1.0000000e+00   6.0835466e+00   1.8544305e+02   4.7000000e+01  -2.2000000e+02   4.8595081e+01
  -2.5193604e+01   1.0000000e+00  -2.6183095e+00   1.7889094e+02   4.7000000e+01  -2.2000000e+02   5.3381490e+01
  -2.8495335e+01   1.0000000e+00  -9.0902788e+00   1.7240787e+02   4.7000000e+01  -2.2000000e+02   5.7359245e+01
  -3.1329436e+01   1.0000000e+00  -9.1144351e+00   1.6677601e+02   4.7000000e+01  -2.2000000e+02   5.9750387e+01
  -3.2994423e+01   1.0000000e+00  -7.4491749e+00   1.6357381e+02   4.7000000e+01  -2.2000000e+02   6.2123022e+01
  -3.4379416e+01   1.0000000e+00  -1.0540484e+01   1.6061764e+02   4.7000000e+01  -2.2000000e+02   6.4427604e+01
  -3.6115174e+01   1.0000000e+00  -1.5461645e+01   1.5757950e+02   4.7000000e+01  -2.2000000e+02   6.7209196e+01
  -3.6791449e+01   1.0000000e+00  -1.6211723e+01   1.5869216e+02   4.7000000e+01  -2.2000000e+02   7.0057725e+01
  -3.6301076e+01   1.0000000e+00  -1.2605960e+01   1.6015841e+02   4.7000000e+01  -2.2000000e+02   7.2076497e+01
  -3.6293549e+01   1.0000000e+00  -9.2134639e+00   1.6168090e+02   4.7000000e+01  -2.2000000e+02   7.3639269e+01
  -3.6525334e+01   1.0000000e+00  -1.0754179e+01   1.6408575e+02   4.7000000e+01  -2.2000000e+02   7.5860287e+01
  -3.7085692e+01   1.0000000e+00  -1.1483293e+01   1.6620050e+02   4.7000000e+01  -2.2000000e+02   7.6004218e+01
  -3.7110435e+01   1.0000000e+00  -1.3006892e+01   1.6538493e+02   4.7000000e+01  -2.2000000e+02   7.6533302e+01
  -3.6593842e+01   1.0000000e+00  -1.1463727e+01   1.6506960e+02   4.7000000e+01  -2.2000000e+02   7.6237623e+01
  -3.4846357e+01   1.0000000e+00  -1.1613040e+01   1.6373008e+02   4.7000000e+01  -2.2000000e+02   7.4391695e+01
  -3.2380739e+01   1.0000000e+00  -1.2645829e+01   1.6298809e+02   4.7000000e+01  -2.2000000e+02   7.3610204e+01
  -2.9898025e+01   1.0000000e+00  -1.9453108e+01   1.6127273e+02   4.7000000e+01  -2.2000000e+02   7.3207596e+01
  -2.6086369e+01   1.0000000e+00  -1.9567960e+01   1.5984090e+02   4.7000000e+01  -2.2000000e+02   7.2015386e+01
  -2.0897844e+01   1.0000000e+00  -1.6233781e+01   1.5590431e+02   4.7000000e+01  -2.2000000e+02   6.3013877e+01
  -1.4366416e+01   1.0000000e+00  -6.0627940e+00   1.5063935e+02   4.7000000e+01  -2.2000000e+02   5.4557343e+01
  -9.2507575e+00   1.0000000e+00   5.0786566e+00   1.4831615e+02   4.7000000e+01  -2.2000000e+02   4.4448939e+01
  -3.6636540e+00   1.0000000e+00   1.6476607e+01   1.5399827e+02   4.7000000e+01  -2.2000000e+02   3.3999360e+01
   2.1251380e+00   1.0000000e+00   2.4912243e+01   1.6324605e+02   4.7000000e+01  -2.2000000e+02   2.2502834e+01
   5.1778052e+00   1.0000000e+00   2.9183302e+01   1.7190755e+02   4.7000000e+01  -2.2000000e+02   1.2548193e+01
   5.6392199e+00   1.0000000e+00   3.2792012e+01   1.8082247e+02   4.7000000e+01  -2.2000000e+02   4.5413331e+00
   9.7348308e+00   1.0000000e+00   3.4526055e+01   1.9040771e+02   4.7000000e+01  -2.2000000e+02  -2.8016668e+00
   1.2382375e+01   1.0000000e+00   3.5059565e+01   2.0027509e+02   4.7000000e+01  -2.2000000e+02  -1.0447769e+01
   1.5685582e+01   1.0000000e+00   3.5381024e+01   2.0896091e+02   4.7000000e+01  -2.2000000e+02  -1.7910807e+01
   1.5282913e+01   1.0000000e+00   3.7556435e+01   2.1774527e+02   4.7000000e+01  -2.2000000e+02  -2.2432596e+01
   1.2553118e+01   1.0000000e+00   3.9111391e+01   2.2729964e+02   4.7000000e+01  -2.2000000e+02  -2.7535907e+01
   8.8195458e+00   1.0000000e+00   4.2051349e+01   2.3683139e+02   4.7000000e+01  -2.2000000e+02  -2.9537507e+01
   7.4960592e+00   1.0000000e+00   4.3687228e+01   2.3909709e+02   4.7000000e+01  -2.2000000e+02  -2.8363754e+01
   5.7698695e+00   1.0000000e+00   4.4033545e+01   2.3688071e+02   4.7000000e+01  -2.2000000e+02  -2.4196199e+01
   3.7105923e+00   1.0000000e+00   4.4868595e+01   2.3354867e+02   4.7000000e+01  -2.2000000e+02  -1.7885987e+01
   2.0845122e+00   1.0000000e+00   4.4563001e+01   2.3009062e+02   4.7000000e+01  -2.2000000e+02  -1.1568366e+01
   1.2203776e-01   1.0000000e+00   4.4313805e+01   2.2708794e+02   4.7000000e+01  -2.2000000e+02  -4.9172770e+00
  -9.1684511e-01   1.0000000e+00   4.2146163e+01   2.2412247e+02   4.7000000e+01  -2.2000000e+02   1.5415467e+00
  -2.4516561e+00   1.0000000e+00   4.1875119e+01   2.2143395e+02   4.7000000e+01  -2.2000000e+02   6.1758483e+00
  -2.9259217e+00   1.0000000e+00   4.0629628e+01   2.1846437e+02   4.7000000e+01  -2.2000000e+02   1.1751745e+01
  -4.2031191e+00   1.0000000e+00   3.9707260e+01   2.1511784e+02   4.7000000e+01  -2.2000000e+02   1.6425711e+01
  -6.3058298e+00   1.0000000e+00   3.8585166e+01   2.1173396e+02   4.7000000e+01  -2.2000000e+02   1.9697660e+01
  -7.8539700e+00   1.0000000e+00   3.6652074e+01   2.0836637e+02   4.7000000e+01  -2.2000000e+02   2.4425726e+01
  -9.2093456e+00   1.0000000e+00   3.6832502e+01   2.0516059e+02   4.7000000e+01  -2.2000000e+02   2.7952287e+01
  -1.2268046e+01   1.0000000e+00   3.6586396e+01   2.0138387e+02   4.7000000e+01  -2.2000000e+02   3.0498819e+01
  -1.3920617e+01   1.0000000e+00   2.9558871e+01   1.9696123e+02   4.7000000e+01  -2.2000000e+02   3.6822984e+01
  -1.8143420e+01   1.0000000e+00   1.9564335e+01   1.9249988e+02   4.7000000e+01  -2.2000000e+02   4.2303945e+01
  -2.3018466e+01   1.0000000e+00   7.5709379e+00   1.8652400e+02   4.7000000e+01  -2.2000000e+02   4.7044196e+01
  -2.3834206e+01   1.0000000e+00   8.8178080e+00   1.8195412e+02   4.7000000e+01  -2.2000000e+02   5.0126788e+01
  -2.8456339e+01   1.0000000e+00  -3.5908082e-01   1.7626082e+02   4.7000000e+01  -2.2000000e+02   5.4874414e+01
  -3.1665389e+01   1.0000000e+00  -7.9148063e+00   1.7039411e+02   4.7000000e+01  -2.2000000e+02   5.8849779e+01
  -3.2755654e+01   1.0000000e+00  -9.0556311e+00   1.6482789e+02   4.7000000e+01  -2.2000000e+02   6.2045348e+01
  -3.5955764e+01   1.0000000e+00  -1.3100825e+01   1.5918845e+02   4.7000000e+01  -2.2000000e+02   6.3934719e+01
  -3.7698076e+01   1.0000000e+00  -1.6511862e+01   1.5330668e+02   4.7000000e+01  -2.2000000e+02   6.6171972e+01
  -3.5452684e+01   1.0000000e+00  -9.7692326e+00   1.5537991e+02   4.7000000e+01  -2.2000000e+02   6.8516841e+01
  -3.3317806e+01   1.0000000e+00  -1.0256478e+01   1.5672168e+02   4.7000000e+01  -2.2000000e+02   7.0086307e+01
  -3.2087236e+01   1.0000000e+00  -1.0559426e+01   1.5820195e+02   4.7000000e+01  -2.2000000e+02   7.0342805e+01
  -3.2067322e+01   1.0000000e+00  -1.7031408e+01   1.5755781e+02   4.7000000e+01  -2.2000000e+02   7.1169537e+01
  -2.8154397e+01   1.0000000e+00  -1.2477791e+01   1.5801390e+02   4.7000000e+01  -2.2000000e+02   7.0550598e+01
  -2.1627582e+01   1.0000000e+00  -1.3040186e+01   1.5666282e+02   4.7000000e+01  -2.2000000e+02   6.8012330e+01
  -1.8732223e+01   1.0000000e+00  -8.7419985e+00   1.5490975e+02   4.7000000e+01  -2.2000000e+02   6.2446881e+01
  -1.2369325e+01   1.0000000e+00  -4.7425516e-01   1.5025532e+02   4.7000000e+01  -2.2000000e+02   5.3301769e+01
  -4.6180187e+00   1.0000000e+00   1.0664998e+01   1.5017163e+02   4.7000000e+01  -2.2000000e+02   4.4002423e+01
   2.8817967e+00   1.0000000e+00   2.2472978e+01   1.5795293e+02   4.7000000e+01  -2.2000000e+02   3.3069137e+01
   7.0850413e+00   1.0000000e+00   3.0294199e+01   1.6792341e+02   4.7000000e+01  -2.2000000e+02   2.1966423e+01
   9.3019033e+00   1.0000000e+00   3.3816290e+01   1.7782436e+02   4.7000000e+01  -2.2000000e+02   1.2528353e+01
   1.2953467e+01   1.0000000e+00   3.4894879e+01   1.8815409e+02   4.7000000e+01  -2.2000000e+02   3.1079629e+00
   1.6592027e+01   1.0000000e+00   3.6101652e+01   1.9864197e+02   4.7000000e+01  -2.2000000e+02  -6.0730390e+00
   1.7399928e+01   1.0000000e+00   3.7247832e+01   2.0939470e+02   4.7000000e+01  -2.2000000e+02  -1.3927668e+01
   1.4555563e+01   1.0000000e+00   3.8763425e+01   2.2038716e+02   4.7000000e+01  -2.2000000e+02  -2.1345326e+01
   1.0764561e+01   1.0000000e+00   4.1936593e+01   2.3156145e+02   4.7000000e+01  -2.2000000e+02  -2.7060447e+01
   9.7804786e+00   1.0000000e+00   4.3809982e+01   2.3929900e+02   4.7000000e+01  -2.2000000e+02  -2.9450781e+01
   8.6033421e+00   1.0000000e+00   4.4092715e+01   2.3790263e+02   4.7000000e+01  -2.2000000e+02  -2.6103455e+01
   6.3625686e+00   1.0000000e+00   4.4538302e+01   2.3447193e+02   4.7000000e+01  -2.2000000e+02  -1.9635496e+01
   4.1827396e+00   1.0000000e+00   4.4440852e+01   2.3123642e+02   4.7000000e+01  -2.2000000e+02  -1.3954006e+01
   2.1135262e+00   1.0000000e+00   4.5015290e+01   2.2722910e+02   4.7000000e+01  -2.2000000e+02  -7.5452491e+00
   8.3048753e-01   1.0000000e+00   4.5326416e+01   2.2324025e+02   4.7000000e+01  -2.2000000e+02  -4.0603260e-01
   3.2387928e-01   1.0000000e+00   4.3832774e+01   2.1904897e+02   4.7000000e+01  -2.2000000e+02   6.8001070e+00
  -4.2373707e-01   1.0000000e+00   4.2963227e+01   2.1512771e+02   4.7000000e+01  -2.2000000e+02   1.2522037e+01
  -1.7598010e+00   1.0000000e+00   4.1757759e+01   2.1184364e+02   4.7000000e+01  -2.2000000e+02   1.8054763e+01
  -3.6037608e+00   1.0000000e+00   4.0481428e+01   2.0841326e+02   4.7000000e+01  -2.2000000e+02   2.2807367e+01
  -6.2282625e+00   1.0000000e+00   3.9248584e+01   2.0573763e+02   4.7000000e+01  -2.2000000e+02   2.7262991e+01
  -8.2775801e+00   1.0000000e+00   3.7709381e+01   2.0210902e+02   4.7000000e+01  -2.2000000e+02   3.1056942e+01
