  -2.8333310e+01   1.6922373e+01   1.0885435e+01   1.9696534e+02   6.8792511e+01  -2.5713896e+02   5.8900790e+01
  -2.3289080e+01   9.3924655e+00   1.0035337e+01   1.9470458e+02   7.7758162e+01  -2.4317995e+02   6.1645937e+01
  -1.8199660e+01   1.8304316e+01   9.2682300e+00   1.9256554e+02   8.5784576e+01  -2.2918029e+02   6.4387863e+01
  -8.0000000e+00   1.7370651e+01   2.3268230e+01   1.9044676e+02   9.3073318e+01  -2.2000000e+02   6.7625080e+01
  -8.0000000e+00   1.6467148e+01   2.8000000e+01   1.8780147e+02   9.6723256e+01  -2.2000000e+02   7.4561613e+01
  -8.0000000e+00   1.7893404e+01   2.8000000e+01   1.8265054e+02   9.6422644e+01  -2.2000000e+02   7.8523121e+01
  -8.0000000e+00   1.8213980e+01   2.8000000e+01   1.7840360e+02   9.5244675e+01  -2.2000000e+02   7.1738638e+01
  -8.0000000e+00   1.5305353e+01   2.8000000e+01   1.7598019e+02   9.0540505e+01  -2.2000000e+02   6.2245854e+01
  -8.0000000e+00   1.0306523e+01   2.8000000e+01   1.7477952e+02   8.3517804e+01  -2.2000000e+02   5.0571968e+01
  -8.0000000e+00   6.8242564e+00   2.8000000e+01   1.7297954e+02   7.7314947e+01  -2.2000000e+02   3.8881614e+01
  -8.0000000e+00   6.0696642e+00   2.8000000e+01   1.6992968e+02   7.2431523e+01  -2.2000000e+02   2.7398128e+01
  -8.0000000e+00   5.5951910e+00   2.8000000e+01   1.7028864e+02   7.1333842e+01  -2.2000000e+02   1.6206641e+01
  -8.0000000e+00   3.5105390e+00   2.8000000e+01   1.7495713e+02   7.0850714e+01  -2.2000000e+02   5.5933419e+00
  -8.0000000e+00   2.9558062e+00   2.8000000e+01   1.8129884e+02   7.2721977e+01  -2.2000000e+02  -2.4783471e+00
  -8.0000000e+00   4.2926511e+00   2.8000000e+01   1.8902254e+02   7.4170964e+01  -2.2000000e+02  -7.4618493e+00
  -8.0000000e+00   5.6470166e+00   2.8000000e+01   1.9784850e+02   7.4218427e+01  -2.2000000e+02  -9.4502690e+00
  -8.0000000e+00   9.7714482e+00   2.8000000e+01   2.0796380e+02   7.1105823e+01  -2.2000000e+02  -1.0739382e+01
  -8.0000000e+00   1.3255679e+01   2.8000000e+01   2.1907614e+02   6.4976085e+01  -2.2000000e+02  -1.3072285e+01
  -8.0000000e+00   1.3327657e+01   2.8000000e+01   2.2763778e+02   6.6033090e+01  -2.2000000e+02  -1.3991279e+01
  -8.0000000e+00   1.2318202e+01   2.8000000e+01   2.3207361e+02   6.9297904e+01  -2.2000000e+02  -1.2937282e+01
  -8.0000000e+00   1.2405954e+01   2.8000000e+01   2.3236011e+02   7.0969634e+01  -2.2000000e+02  -1.0342637e+01
  -8.0000000e+00   1.1061607e+01   2.8000000e+01   2.3098915e+02   7.0699480e+01  -2.2000000e+02  -8.0786484e+00
  -8.0000000e+00   1.0048426e+01   2.8000000e+01   2.2818126e+02   6.8439124e+01  -2.2000000e+02  -3.9625302e+00
  -8.0000000e+00   9.5556730e+00   2.8000000e+01   2.2378653e+02   6.4774126e+01  -2.2000000e+02   2.1472796e+00
  -8.0000000e+00   7.6967514e+00   2.8000000e+01   2.1832112e+02   6.0914632e+01  -2.2000000e+02   7.9684461e+00
  -8.0000000e+00   5.6686971e+00   2.8000000e+01   2.1334674e+02   5.6294286e+01  -2.2000000e+02   1.4592688e+01
  -8.0000000e+00   5.7123746e+00   2.8000000e+01   2.0660805e+02   5.2406224e+01  -2.2000000e+02   2.2577109e+01
  -8.0000000e+00   3.8360476e+00   2.8000000e+01   2.0243656e+02   5.0037396e+01  -2.2000000e+02   2.8885539e+01
  -8.0000000e+00   4.2408392e+00   2.8000000e+01   1.9736777e+02   4.8203613e+01  -2.2000000e+02   3.4999648e+01
  -8.0000000e+00   8.8498222e+00   2.8000000e+01   1.9204671e+02   4.5860063e+01  -2.2000000e+02   3.9772731e+01
  -8.0000000e+00   9.4253611e+00   2.8000000e+01   1.8875432e+02   4.3817771e+01  -2.2000000e+02   4.4819670e+01
  -8.0000000e+00   1.0927340e+01   2.8000000e+01   1.8761162e+02   4.2902615e+01  -2.2000000e+02   4.9423414e+01
  -8.0000000e+00   1.2203160e+01   2.8000000e+01   1.8646775e+02   4.2001996e+01  -2.2000000e+02   5.4108123e+01
  -8.0000000e+00   1.5243068e+01   2.8000000e+01   1.8654240e+02   4.1304563e+01  -2.2000000e+02   5.7611681e+01
  -8.0000000e+00   1.5948738e+01   2.8000000e+01   1.8772568e+02   4.0803370e+01  -2.2000000e+02   6.0496045e+01
  -8.0000000e+00   1.3567591e+01   2.8000000e+01   1.8721081e+02   4.0169288e+01  -2.2000000e+02   6.6963259e+01
  -8.0000000e+00   1.4217274e+01   2.8000000e+01   1.8635493e+02   3.9477541e+01  -2.2000000e+02   7.2925060e+01
  -8.0000000e+00   1.0874129e+01   2.8000000e+01   1.8553030e+02   3.8785580e+01  -2.2000000e+02   7.8705761e+01
  -8.0000000e+00   1.3900041e+01   2.8000000e+01   1.8499353e+02   3.8325994e+01  -2.2000000e+02   8.3058962e+01
  -8.0000000e+00   1.4988986e+01   2.8000000e+01   1.8452220e+02   3.8078548e+01  -2.2000000e+02   8.6232550e+01
  -8.0000000e+00   1.4472154e+01   2.8000000e+01   1.8362083e+02   3.7971160e+01  -2.2000000e+02   8.7501590e+01
  -8.0000000e+00   1.4040315e+01   2.8000000e+01   1.8220551e+02   3.7917649e+01  -2.2000000e+02   8.6413298e+01
  -8.0000000e+00   1.4001017e+01   2.8000000e+01   1.7948841e+02   3.8236787e+01  -2.2000000e+02   8.1319760e+01
  -8.0000000e+00   9.2424850e+00   2.8000000e+01   1.7195926e+02   4.0324208e+01  -2.2000000e+02   7.2369333e+01
  -8.0000000e+00   1.1287438e+01   2.8000000e+01   1.6288000e+02   4.5069711e+01  -2.2000000e+02   6.1283919e+01
  -8.0000000e+00   1.1166592e+01   2.8000000e+01   1.5413510e+02   4.8191306e+01  -2.2000000e+02   4.9285316e+01
  -8.0000000e+00   7.8079576e+00   2.8000000e+01   1.5055779e+02   4.7478388e+01  -2.2000000e+02   3.7044337e+01
  -8.0000000e+00   5.9077664e+00   2.8000000e+01   1.5479634e+02   4.9148324e+01  -2.2000000e+02   2.5168664e+01
  -8.0000000e+00   3.0742746e+00   2.8000000e+01   1.6248136e+02   5.2972179e+01  -2.2000000e+02   1.4270971e+01
  -8.0000000e+00  -1.2361706e+00   2.8000000e+01   1.7134880e+02   5.5900911e+01  -2.2000000e+02   4.3881927e+00
  -8.0000000e+00  -4.2867442e-01   2.8000000e+01   1.8053666e+02   5.9262746e+01  -2.2000000e+02  -2.9063721e+00
  -8.0000000e+00  -8.7135311e-01   2.8000000e+01   1.9084120e+02   6.1706619e+01  -2.2000000e+02  -9.2139944e+00
  -8.0000000e+00   2.4472154e+00   2.8000000e+01   2.0090272e+02   6.3736975e+01  -2.2000000e+02  -1.1932597e+01
  -8.0000000e+00   7.0484749e+00   2.8000000e+01   2.1161876e+02   6.2763299e+01  -2.2000000e+02  -1.3887282e+01
  -8.0000000e+00   1.0313455e+01   2.8000000e+01   2.2220883e+02   6.0689501e+01  -2.2000000e+02  -1.4166693e+01
  -8.0000000e+00   1.0379547e+01   2.8000000e+01   2.2912636e+02   6.3700322e+01  -2.2000000e+02  -1.3469915e+01
  -8.0000000e+00   1.0904911e+01   2.8000000e+01   2.3095601e+02   6.6021700e+01  -2.2000000e+02  -1.2716115e+01
  -8.0000000e+00   1.0090929e+01   2.8000000e+01   2.3011965e+02   6.5742639e+01  -2.2000000e+02  -1.0038454e+01
  -8.0000000e+00   9.9940488e+00   2.8000000e+01   2.2726586e+02   6.3110628e+01  -2.2000000e+02  -5.6327280e+00
  -8.0000000e+00   1.1492878e+01   2.8000000e+01   2.2201957e+02   5.9215378e+01  -2.2000000e+02  -2.0228658e-01
  -8.0000000e+00   9.9792864e+00   2.8000000e+01   2.1807630e+02   5.5465566e+01  -2.2000000e+02   5.8718307e+00
  -8.0000000e+00   9.2561911e+00   2.8000000e+01   2.1333185e+02   5.2867349e+01  -2.2000000e+02   1.2082605e+01
  -8.0000000e+00   9.2591472e+00   2.8000000e+01   2.0900773e+02   4.9487228e+01  -2.2000000e+02   1.8050995e+01
  -8.0000000e+00   8.2123444e+00   2.8000000e+01   2.0488700e+02   4.7138207e+01  -2.2000000e+02   2.3727104e+01
  -8.0000000e+00   1.3528954e+01   2.8000000e+01   1.9952856e+02   4.4150834e+01  -2.2000000e+02   2.8654455e+01
  -8.0000000e+00   1.0663015e+01   2.8000000e+01   1.9640275e+02   4.1104057e+01  -2.2000000e+02   3.4101839e+01
  -8.0000000e+00   9.8726575e+00   2.8000000e+01   1.9362733e+02   3.9254976e+01  -2.2000000e+02   3.7933112e+01
  -8.0000000e+00   1.4230865e+01   2.8000000e+01   1.9097613e+02   3.7501938e+01  -2.2000000e+02   4.1806834e+01
  -8.0000000e+00   1.3734307e+01   2.8000000e+01   1.8921131e+02   3.6293032e+01  -2.2000000e+02   4.5571295e+01
  -8.0000000e+00   1.0539558e+01   2.8000000e+01   1.8842961e+02   3.5434730e+01  -2.2000000e+02   5.0497649e+01
  -8.0000000e+00   1.2717162e+01   2.8000000e+01   1.8798124e+02   3.4548940e+01  -2.2000000e+02   5.4556242e+01
  -8.0000000e+00   1.8164394e+01   2.8000000e+01   1.8926635e+02   3.4037355e+01  -2.2000000e+02   5.6352505e+01
  -8.0000000e+00   1.6796878e+01   2.8000000e+01   1.8935091e+02   3.3487983e+01  -2.2000000e+02   5.9830168e+01
  -8.0000000e+00   1.7705177e+01   2.8000000e+01   1.9064914e+02   3.3122586e+01  -2.2000000e+02   6.1860355e+01
  -8.0000000e+00   1.5616648e+01   2.8000000e+01   1.8991385e+02   3.2627157e+01  -2.2000000e+02   6.6487669e+01
  -8.0000000e+00   1.0928561e+01   2.8000000e+01   1.8767168e+02   3.1880964e+01  -2.2000000e+02   7.3194794e+01
  -8.0000000e+00   8.2332386e+00   2.8000000e+01   1.8543924e+02   3.1204892e+01  -2.2000000e+02   7.8083325e+01
  -8.0000000e+00   1.2051443e+01   2.8000000e+01   1.8478226e+02   3.0823662e+01  -2.2000000e+02   8.0021131e+01
  -8.0000000e+00   9.7447483e+00   2.8000000e+01   1.8262910e+02   3.0461789e+01  -2.2000000e+02   8.0792893e+01
  -8.0000000e+00   1.1112378e+01   2.8000000e+01   1.7823557e+02   3.0722070e+01  -2.2000000e+02   7.6629916e+01
  -8.0000000e+00   1.3569621e+01   2.8000000e+01   1.6925568e+02   3.5219727e+01  -2.2000000e+02   6.7946516e+01
  -8.0000000e+00   1.1639329e+01   2.8000000e+01   1.5976207e+02   4.2356813e+01  -2.2000000e+02   5.6571420e+01
  -8.0000000e+00   9.3715385e+00   2.8000000e+01   1.5360221e+02   4.8628886e+01  -2.2000000e+02   4.4378487e+01
  -8.0000000e+00   6.4488797e+00   2.8000000e+01   1.5699299e+02   5.2975875e+01  -2.2000000e+02   3.2456403e+01
  -8.0000000e+00   3.6539828e+00   2.8000000e+01   1.6514903e+02   5.8630477e+01  -2.2000000e+02   2.1257749e+01
  -8.0000000e+00   2.7634365e+00   2.8000000e+01   1.7328117e+02   6.2910426e+01  -2.2000000e+02   1.1418762e+01
  -8.0000000e+00   2.6874520e+00   2.8000000e+01   1.8100756e+02   6.6203606e+01  -2.2000000e+02   3.1498138e+00
  -8.0000000e+00   5.3894972e+00   2.8000000e+01   1.8821258e+02   7.0115141e+01  -2.2000000e+02  -2.9300703e+00
  -8.0000000e+00   5.5506258e+00   2.8000000e+01   1.9653204e+02   7.2050733e+01  -2.2000000e+02  -6.1425770e+00
  -8.0000000e+00   8.3887901e+00   2.8000000e+01   2.0533875e+02   7.3125033e+01  -2.2000000e+02  -8.2547427e+00
  -8.0000000e+00   1.1795473e+01   2.8000000e+01   2.1553747e+02   6.9502728e+01  -2.2000000e+02  -9.5096685e+00
  -8.0000000e+00   1.4301433e+01   2.8000000e+01   2.2524869e+02   6.7218310e+01  -2.2000000e+02  -9.0794406e+00
  -8.0000000e+00   1.3484092e+01   2.8000000e+01   2.3100353e+02   6.8979008e+01  -2.2000000e+02  -8.4002718e+00
  -8.0000000e+00   1.2401101e+01   2.8000000e+01   2.3329086e+02   7.0485086e+01  -2.2000000e+02  -4.8784280e+00
  -8.0000000e+00   1.1647226e+01   2.8000000e+01   2.3159382e+02   7.0624139e+01  -2.2000000e+02  -2.0410210e+00
  -8.0000000e+00   1.1973775e+01   2.8000000e+01   2.2685841e+02   6.7880172e+01  -2.2000000e+02   3.5433873e+00
  -8.0000000e+00   1.0633717e+01   2.8000000e+01   2.2071315e+02   6.3816365e+01  -2.2000000e+02   8.5585744e+00
  -8.0000000e+00   9.4098823e+00   2.8000000e+01   2.1489082e+02   5.9728651e+01  -2.2000000e+02   1.4461734e+01
  -8.0000000e+00   8.8341284e+00   2.8000000e+01   2.0886150e+02   5.5970980e+01  -2.2000000e+02   2.1345522e+01
  -8.0000000e+00   7.6260106e+00   2.8000000e+01   2.0261746e+02   5.2588404e+01  -2.2000000e+02   2.8003522e+01
  -8.0000000e+00   7.1783546e+00   2.8000000e+01   1.9769851e+02   5.0627165e+01  -2.2000000e+02   3.4811046e+01
  -8.0000000e+00   5.5428397e+00   2.8000000e+01   1.9345685e+02   4.8576219e+01  -2.2000000e+02   3.9969088e+01
  -8.0000000e+00   5.5026553e+00   2.8000000e+01   1.8985072e+02   4.6189739e+01  -2.2000000e+02   4.5365384e+01
  -8.0000000e+00   7.4474029e+00   2.8000000e+01   1.8638060e+02   4.4242597e+01  -2.2000000e+02   5.0134652e+01
  -8.0000000e+00   8.3590197e+00   2.8000000e+01   1.8465433e+02   4.2430904e+01  -2.2000000e+02   5.4815766e+01
  -8.0000000e+00   1.0808782e+01   2.8000000e+01   1.8339455e+02   4.1309631e+01  -2.2000000e+02   5.9044269e+01
  -8.0000000e+00   1.1835490e+01   2.8000000e+01   1.8212245e+02   4.0162473e+01  -2.2000000e+02   6.3244079e+01
  -8.0000000e+00   1.2126001e+01   2.8000000e+01   1.8088998e+02   3.9034122e+01  -2.2000000e+02   6.7477461e+01
  -8.0000000e+00   1.2930931e+01   2.8000000e+01   1.8110699e+02   3.8193953e+01  -2.2000000e+02   7.1324376e+01
  -8.0000000e+00   1.0452991e+01   2.8000000e+01   1.8085278e+02   3.7487940e+01  -2.2000000e+02   7.6352471e+01
  -8.0000000e+00   1.0890221e+01   2.8000000e+01   1.8115863e+02   3.6911581e+01  -2.2000000e+02   8.0036936e+01
  -8.0000000e+00   1.4395914e+01   2.8000000e+01   1.8189926e+02   3.6615537e+01  -2.2000000e+02   8.2254916e+01
  -8.0000000e+00   1.6424507e+01   2.8000000e+01   1.8260009e+02   3.6329052e+01  -2.2000000e+02   8.4440667e+01
  -8.0000000e+00   1.2166330e+01   2.8000000e+01   1.7914017e+02   3.6432320e+01  -2.2000000e+02   8.3855947e+01
  -8.0000000e+00   1.2814602e+01   2.8000000e+01   1.7264946e+02   3.8134746e+01  -2.2000000e+02   7.6295591e+01
  -8.0000000e+00   1.6566368e+01   2.8000000e+01   1.6431046e+02   4.0321779e+01  -2.2000000e+02   6.6596820e+01
  -8.0000000e+00   1.2334933e+01   2.8000000e+01   1.5608376e+02   4.5408380e+01  -2.2000000e+02   5.4814536e+01
  -8.0000000e+00   9.7261728e+00   2.8000000e+01   1.5218037e+02   5.0001965e+01  -2.2000000e+02   4.2837000e+01
  -8.0000000e+00   6.9784460e+00   2.8000000e+01   1.5309037e+02   5.0406887e+01  -2.2000000e+02   3.1504468e+01
  -8.0000000e+00   6.4572970e+00   2.8000000e+01   1.5415417e+02   5.1867167e+01  -2.2000000e+02   2.0686568e+01
  -8.0000000e+00   1.0733378e+00   2.8000000e+01   1.6100386e+02   5.4402994e+01  -2.2000000e+02   1.0035262e+01
  -8.0000000e+00  -9.2069448e-01   2.8000000e+01   1.7022282e+02   5.7057028e+01  -2.2000000e+02   1.0075450e+00
  -8.0000000e+00  -2.3241289e-01   2.8000000e+01   1.7921706e+02   6.0610333e+01  -2.2000000e+02  -5.4328579e+00
  -8.0000000e+00   1.7965779e+00   2.8000000e+01   1.8895327e+02   6.3903654e+01  -2.2000000e+02  -9.1567517e+00
  -8.0000000e+00   3.0985305e+00   2.8000000e+01   1.9908783e+02   6.5174485e+01  -2.2000000e+02  -1.2395347e+01
  -8.0000000e+00   6.7861618e+00   2.8000000e+01   2.0966994e+02   6.4400885e+01  -2.2000000e+02  -1.4876028e+01
  -8.0000000e+00   9.6166444e+00   2.8000000e+01   2.2045397e+02   6.1159612e+01  -2.2000000e+02  -1.5612050e+01
  -8.0000000e+00   9.7747696e+00   2.8000000e+01   2.2844974e+02   6.4206760e+01  -2.2000000e+02  -1.6394945e+01
  -8.0000000e+00   8.4355780e+00   2.8000000e+01   2.3255067e+02   6.7422811e+01  -2.2000000e+02  -1.5306594e+01
  -8.0000000e+00   8.0743127e+00   2.8000000e+01   2.3287472e+02   6.8691228e+01  -2.2000000e+02  -1.2668771e+01
  -8.0000000e+00   7.2704973e+00   2.8000000e+01   2.3110953e+02   6.7166384e+01  -2.2000000e+02  -9.8873955e+00
  -8.0000000e+00   7.7045138e+00   2.8000000e+01   2.2686083e+02   6.3352862e+01  -2.2000000e+02  -4.1986570e+00
  -8.0000000e+00   7.5162489e+00   2.8000000e+01   2.2128666e+02   5.7860387e+01  -2.2000000e+02   1.6017780e+00
  -8.0000000e+00   6.4710635e+00   2.8000000e+01   2.1625406e+02   5.2511673e+01  -2.2000000e+02   8.4644199e+00
  -8.0000000e+00   5.5337435e+00   2.8000000e+01   2.1162727e+02   4.8135154e+01  -2.2000000e+02   1.4311973e+01
  -8.0000000e+00   4.9361821e+00   2.8000000e+01   2.0672554e+02   4.4567744e+01  -2.2000000e+02   2.0150479e+01
  -8.0000000e+00   4.5378909e+00   2.8000000e+01   2.0215508e+02   4.1818849e+01  -2.2000000e+02   2.5932307e+01
  -8.0000000e+00   5.6989670e+00   2.8000000e+01   1.9826255e+02   3.9350776e+01  -2.2000000e+02   3.1251201e+01
  -8.0000000e+00   5.4351781e+00   2.8000000e+01   1.9493607e+02   3.6924593e+01  -2.2000000e+02   3.4754019e+01
  -8.0000000e+00   5.1713891e+00   2.8000000e+01   1.9160959e+02   3.4498409e+01  -2.2000000e+02   3.8256837e+01
  -8.0000000e+00   7.0176462e+00   2.8000000e+01   1.8943689e+02   3.2220454e+01  -2.2000000e+02   4.2063254e+01
  -8.0000000e+00   5.9100748e+00   2.8000000e+01   1.8795433e+02   3.0407371e+01  -2.2000000e+02   4.6295507e+01
  -8.0000000e+00   7.9638911e+00   2.8000000e+01   1.8791731e+02   2.9301386e+01  -2.2000000e+02   4.8723571e+01
  -8.0000000e+00   1.1891737e+01   2.8000000e+01   1.8632057e+02   2.7553572e+01  -2.2000000e+02   5.2372870e+01
  -8.0000000e+00   1.5695859e+01   2.8000000e+01   1.8592303e+02   2.6143494e+01  -2.2000000e+02   5.5155121e+01
  -8.0000000e+00   1.5447802e+01   2.8000000e+01   1.8554027e+02   2.4737742e+01  -2.2000000e+02   5.7926621e+01
  -8.0000000e+00   1.3038924e+01   2.8000000e+01   1.8704624e+02   2.3877899e+01  -2.2000000e+02   5.9719634e+01
  -8.0000000e+00   1.4101804e+01   2.8000000e+01   1.8855122e+02   2.3029457e+01  -2.2000000e+02   6.1516886e+01
  -8.0000000e+00   1.1527902e+01   2.8000000e+01   1.8671365e+02   2.1947150e+01  -2.2000000e+02   6.6107210e+01
  -8.0000000e+00   8.4923658e+00   2.8000000e+01   1.8255662e+02   2.1246972e+01  -2.2000000e+02   6.9713610e+01
  -8.0000000e+00   5.8022451e+00   2.8000000e+01   1.7609314e+02   2.2346933e+01  -2.2000000e+02   6.6931466e+01
  -8.0000000e+00   9.9076962e+00   2.8000000e+01   1.6659383e+02   2.9978958e+01  -2.2000000e+02   5.7519675e+01
  -8.0000000e+00   8.3874902e+00   2.8000000e+01   1.5743899e+02   3.7818693e+01  -2.2000000e+02   4.6218643e+01
  -8.0000000e+00   6.2533804e+00   2.8000000e+01   1.5834751e+02   4.5367060e+01  -2.2000000e+02   3.4054239e+01
  -8.0000000e+00   5.2268332e+00   2.8000000e+01   1.6701573e+02   5.4094657e+01  -2.2000000e+02   2.3028524e+01
  -8.0000000e+00   4.5307490e+00   2.8000000e+01   1.7624095e+02   5.9073766e+01  -2.2000000e+02   1.3377862e+01
  -8.0000000e+00   5.2971697e+00   2.8000000e+01   1.8460878e+02   6.4045882e+01  -2.2000000e+02   6.8397819e+00
  -8.0000000e+00   6.6520128e+00   2.8000000e+01   1.9311034e+02   6.7359222e+01  -2.2000000e+02   5.3611653e-01
  -8.0000000e+00   7.6039624e+00   2.8000000e+01   2.0027598e+02   7.1323820e+01  -2.2000000e+02  -4.0319095e+00
  -8.0000000e+00   8.1793319e+00   2.8000000e+01   2.0773125e+02   7.3566314e+01  -2.2000000e+02  -6.7242074e+00
  -8.0000000e+00   1.0524219e+01   2.8000000e+01   2.1662084e+02   7.2488025e+01  -2.2000000e+02  -1.0149478e+01
  -8.0000000e+00   1.2147133e+01   2.8000000e+01   2.2670515e+02   6.7375251e+01  -2.2000000e+02  -1.1774867e+01
  -8.0000000e+00   1.2430118e+01   2.8000000e+01   2.3220035e+02   6.8399394e+01  -2.2000000e+02  -1.0133175e+01
  -8.0000000e+00   1.1617629e+01   2.8000000e+01   2.3243666e+02   6.9416537e+01  -2.2000000e+02  -7.6636918e+00
  -8.0000000e+00   1.0407605e+01   2.8000000e+01   2.3071531e+02   6.8207380e+01  -2.2000000e+02  -2.9524997e+00
  -8.0000000e+00   1.0688982e+01   2.8000000e+01   2.2506883e+02   6.4752834e+01  -2.2000000e+02   2.5753277e+00
  -8.0000000e+00   9.7791050e+00   2.8000000e+01   2.1894906e+02   6.0187538e+01  -2.2000000e+02   9.6725180e+00
  -8.0000000e+00   1.0149561e+01   2.8000000e+01   2.1226146e+02   5.5110419e+01  -2.2000000e+02   1.5151203e+01
  -8.0000000e+00   1.0403021e+01   2.8000000e+01   2.0509250e+02   4.9541750e+01  -2.2000000e+02   2.2485171e+01
  -8.0000000e+00   9.1547009e+00   2.8000000e+01   2.0097436e+02   4.6827159e+01  -2.2000000e+02   2.9096268e+01
  -8.0000000e+00   8.0980891e+00   2.8000000e+01   1.9775163e+02   4.4478027e+01  -2.2000000e+02   3.3959662e+01
  -8.0000000e+00   9.0105083e+00   2.8000000e+01   1.9353524e+02   4.2663270e+01  -2.2000000e+02   3.8200899e+01
  -8.0000000e+00   9.5875694e+00   2.8000000e+01   1.9038384e+02   4.0630293e+01  -2.2000000e+02   4.2364454e+01
  -8.0000000e+00   8.7778164e+00   2.8000000e+01   1.8842029e+02   3.8800572e+01  -2.2000000e+02   4.6408895e+01
  -8.0000000e+00   1.0594493e+01   2.8000000e+01   1.8664673e+02   3.7111750e+01  -2.2000000e+02   5.0562710e+01
  -8.0000000e+00   1.2186569e+01   2.8000000e+01   1.8565968e+02   3.5622243e+01  -2.2000000e+02   5.3890384e+01
  -8.0000000e+00   1.2023748e+01   2.8000000e+01   1.8467715e+02   3.4128346e+01  -2.2000000e+02   5.7278320e+01
  -8.0000000e+00   1.3054538e+01   2.8000000e+01   1.8450027e+02   3.2924279e+01  -2.2000000e+02   6.1449800e+01
  -8.0000000e+00   1.6496427e+01   2.8000000e+01   1.8429916e+02   3.1741003e+01  -2.2000000e+02   6.5563450e+01
  -8.0000000e+00   1.9822749e+01   2.8000000e+01   1.8511907e+02   3.0866658e+01  -2.2000000e+02   6.7641190e+01
  -8.0000000e+00   1.7990761e+01   2.8000000e+01   1.8717755e+02   3.0484872e+01  -2.2000000e+02   6.8922656e+01
  -8.0000000e+00   1.5445223e+01   2.8000000e+01   1.8792605e+02   2.9961093e+01  -2.2000000e+02   7.1558309e+01
  -8.0000000e+00   1.5091471e+01   2.8000000e+01   1.8866097e+02   2.9434662e+01  -2.2000000e+02   7.4222092e+01
  -8.0000000e+00   1.3476246e+01   2.8000000e+01   1.8939019e+02   2.8906224e+01  -2.2000000e+02   7.6890801e+01
  -8.0000000e+00   1.2539520e+01   2.8000000e+01   1.9003748e+02   2.8370381e+01  -2.2000000e+02   7.9612420e+01
  -8.0000000e+00   1.1332437e+01   2.8000000e+01   1.8916226e+02   2.7844629e+01  -2.2000000e+02   8.2533805e+01
  -8.0000000e+00   1.3176169e+01   2.8000000e+01   1.8833421e+02   2.7481138e+01  -2.2000000e+02   8.4226769e+01
  -8.0000000e+00   8.8949487e+00   2.8000000e+01   1.8577220e+02   2.7153549e+01  -2.2000000e+02   8.4155118e+01
  -8.0000000e+00   1.0022733e+01   2.8000000e+01   1.7973478e+02   2.7738041e+01  -2.2000000e+02   7.8569288e+01
  -8.0000000e+00   1.3673593e+01   2.8000000e+01   1.7133805e+02   3.1028509e+01  -2.2000000e+02   6.9103381e+01
  -8.0000000e+00   1.1818632e+01   2.8000000e+01   1.6208862e+02   3.7331861e+01  -2.2000000e+02   5.7686675e+01
  -8.0000000e+00   6.7746797e+00   2.8000000e+01   1.5666308e+02   4.4347650e+01  -2.2000000e+02   4.5394605e+01
  -8.0000000e+00   3.7324555e+00   2.8000000e+01   1.6122878e+02   5.0058103e+01  -2.2000000e+02   3.3223336e+01
  -8.0000000e+00   1.4800161e+00   2.8000000e+01   1.6945543e+02   5.5726937e+01  -2.2000000e+02   2.1953747e+01
  -8.0000000e+00   3.9429929e+00   2.8000000e+01   1.7774313e+02   6.0695900e+01  -2.2000000e+02   1.2552736e+01
  -8.0000000e+00   6.1189244e+00   2.8000000e+01   1.8647685e+02   6.4609847e+01  -2.2000000e+02   5.0611519e+00
  -8.0000000e+00   7.7287056e+00   2.8000000e+01   1.9553413e+02   6.7076108e+01  -2.2000000e+02  -1.4196628e+00
  -8.0000000e+00   9.7122234e+00   2.8000000e+01   2.0479086e+02   6.8415331e+01  -2.2000000e+02  -6.2749234e+00
  -8.0000000e+00   1.1121049e+01   2.8000000e+01   2.1333492e+02   7.0193608e+01  -2.2000000e+02  -1.1211952e+01
  -8.0000000e+00   1.1955640e+01   2.8000000e+01   2.2321942e+02   6.8464151e+01  -2.2000000e+02  -1.5758773e+01
  -8.0000000e+00   1.2040449e+01   2.8000000e+01   2.3166974e+02   6.8723225e+01  -2.2000000e+02  -1.6997925e+01
  -8.0000000e+00   1.2064205e+01   2.8000000e+01   2.3552518e+02   7.1057821e+01  -2.2000000e+02  -1.5747756e+01
  -8.0000000e+00   1.1449617e+01   2.8000000e+01   2.3551225e+02   7.2013028e+01  -2.2000000e+02  -1.2935057e+01
  -8.0000000e+00   1.1292271e+01   2.8000000e+01   2.3369874e+02   7.1477243e+01  -2.2000000e+02  -1.0986604e+01
  -8.0000000e+00   1.0402422e+01   2.8000000e+01   2.3044560e+02   6.8600848e+01  -2.2000000e+02  -6.0641959e+00
  -8.0000000e+00   9.6470488e+00   2.8000000e+01   2.2530064e+02   6.3767203e+01  -2.2000000e+02  -2.0893646e-01
  -8.0000000e+00   8.8635982e+00   2.8000000e+01   2.1918815e+02   5.8357775e+01  -2.2000000e+02   5.5976897e+00
  -8.0000000e+00   6.4324840e+00   2.8000000e+01   2.1512769e+02   5.3684819e+01  -2.2000000e+02   1.1385729e+01
  -8.0000000e+00   4.9816201e+00   2.8000000e+01   2.1045659e+02   4.9593597e+01  -2.2000000e+02   1.7310206e+01
  -8.0000000e+00   4.3864397e+00   2.8000000e+01   2.0559327e+02   4.6470144e+01  -2.2000000e+02   2.4124570e+01
  -8.0000000e+00   2.6867543e+00   2.8000000e+01   2.0204067e+02   4.3699186e+01  -2.2000000e+02   2.9562647e+01
  -8.0000000e+00   6.4969603e+00   2.8000000e+01   1.9668121e+02   4.0888383e+01  -2.2000000e+02   3.4598837e+01
  -8.0000000e+00   8.4731969e+00   2.8000000e+01   1.9163655e+02   3.7946145e+01  -2.2000000e+02   3.8904747e+01
  -8.0000000e+00   6.7924782e+00   2.8000000e+01   1.8934059e+02   3.4984938e+01  -2.2000000e+02   4.3581956e+01
  -8.0000000e+00   7.1646713e+00   2.8000000e+01   1.8769030e+02   3.3742160e+01  -2.2000000e+02   4.8148267e+01
  -8.0000000e+00   1.0377674e+01   2.8000000e+01   1.8668842e+02   3.2337666e+01  -2.2000000e+02   5.0772983e+01
  -8.0000000e+00   1.1835378e+01   2.8000000e+01   1.8614255e+02   3.0951834e+01  -2.2000000e+02   5.4490143e+01
  -8.0000000e+00   1.5266188e+01   2.8000000e+01   1.8665061e+02   2.9912675e+01  -2.2000000e+02   5.7118612e+01
  -8.0000000e+00   1.7605277e+01   2.8000000e+01   1.8869826e+02   2.9473130e+01  -2.2000000e+02   5.8379976e+01
  -8.0000000e+00   1.6428698e+01   2.8000000e+01   1.8914614e+02   2.8763342e+01  -2.2000000e+02   6.1164522e+01
  -8.0000000e+00   1.3631336e+01   2.8000000e+01   1.8798532e+02   2.8011005e+01  -2.2000000e+02   6.5563809e+01
  -8.0000000e+00   1.4361804e+01   2.8000000e+01   1.8592338e+02   2.7511595e+01  -2.2000000e+02   6.8211762e+01
  -8.0000000e+00   1.5679210e+01   2.8000000e+01   1.7973444e+02   2.8114892e+01  -2.2000000e+02   6.8044420e+01
  -8.0000000e+00   1.0764482e+01   2.8000000e+01   1.7043553e+02   3.4118419e+01  -2.2000000e+02   6.0479538e+01
  -8.0000000e+00   9.9181610e+00   2.8000000e+01   1.6069378e+02   4.0471067e+01  -2.2000000e+02   4.9139584e+01
  -8.0000000e+00   6.7513586e+00   2.8000000e+01   1.5718098e+02   4.7636747e+01  -2.2000000e+02   3.7044073e+01
  -8.0000000e+00   5.2340696e+00   2.8000000e+01   1.6408094e+02   5.5256913e+01  -2.2000000e+02   2.5496249e+01
  -8.0000000e+00   5.7183153e+00   2.8000000e+01   1.7261216e+02   6.1147780e+01  -2.2000000e+02   1.5222508e+01
  -8.0000000e+00   6.4490994e+00   2.8000000e+01   1.8090292e+02   6.4920950e+01  -2.2000000e+02   7.8686205e+00
  -8.0000000e+00   8.2987449e+00   2.8000000e+01   1.9010141e+02   6.7110077e+01  -2.2000000e+02   7.9650966e-01
  -8.0000000e+00   8.9764401e+00   2.8000000e+01   1.9937181e+02   6.8307116e+01  -2.2000000e+02  -3.0466087e+00
  -8.0000000e+00   1.1144129e+01   2.8000000e+01   2.0841925e+02   6.9196138e+01  -2.2000000e+02  -7.2139443e+00
  -8.0000000e+00   1.2590927e+01   2.8000000e+01   2.1818858e+02   6.8020176e+01  -2.2000000e+02  -1.0794237e+01
  -8.0000000e+00   1.3635103e+01   2.8000000e+01   2.2775758e+02   6.6743170e+01  -2.2000000e+02  -1.2608189e+01
  -8.0000000e+00   1.3226949e+01   2.8000000e+01   2.3261948e+02   6.9434640e+01  -2.2000000e+02  -1.1933845e+01
  -8.0000000e+00   1.2297504e+01   2.8000000e+01   2.3393420e+02   7.0829964e+01  -2.2000000e+02  -8.6722957e+00
  -8.0000000e+00   1.1505814e+01   2.8000000e+01   2.3288160e+02   7.0046088e+01  -2.2000000e+02  -5.6747966e+00
  -8.0000000e+00   1.1592810e+01   2.8000000e+01   2.2958922e+02   6.7406526e+01  -2.2000000e+02  -1.4480289e+00
  -8.0000000e+00   1.2071863e+01   2.8000000e+01   2.2328813e+02   6.3277718e+01  -2.2000000e+02   4.4586302e+00
  -8.0000000e+00   1.1593555e+01   2.8000000e+01   2.1772386e+02   5.8206844e+01  -2.2000000e+02   1.0171267e+01
  -8.0000000e+00   1.1173725e+01   2.8000000e+01   2.1159987e+02   5.4053915e+01  -2.2000000e+02   1.4796968e+01
  -8.0000000e+00   1.1386235e+01   2.8000000e+01   2.0636266e+02   5.0208497e+01  -2.2000000e+02   1.9420180e+01
  -8.0000000e+00   1.0793600e+01   2.8000000e+01   2.0126157e+02   4.7085105e+01  -2.2000000e+02   2.5367634e+01
  -8.0000000e+00   1.0392537e+01   2.8000000e+01   1.9765825e+02   4.4977206e+01  -2.2000000e+02   2.9817032e+01
  -8.0000000e+00   9.1517171e+00   2.8000000e+01   1.9550118e+02   4.3904671e+01  -2.2000000e+02   3.4082132e+01
  -8.0000000e+00   8.9459129e+00   2.8000000e+01   1.9336864e+02   4.2957451e+01  -2.2000000e+02   3.8387781e+01
  -8.0000000e+00   1.2939516e+01   2.8000000e+01   1.9031410e+02   4.1462517e+01  -2.2000000e+02   4.1833374e+01
  -8.0000000e+00   1.1408524e+01   2.8000000e+01   1.8842076e+02   3.9666509e+01  -2.2000000e+02   4.5388545e+01
  -8.0000000e+00   1.0696570e+01   2.8000000e+01   1.8687000e+02   3.8939513e+01  -2.2000000e+02   4.9222231e+01
  -8.0000000e+00   1.0614207e+01   2.8000000e+01   1.8624018e+02   3.8366947e+01  -2.2000000e+02   5.2609294e+01
  -8.0000000e+00   1.1678446e+01   2.8000000e+01   1.8568741e+02   3.7787770e+01  -2.2000000e+02   5.5961071e+01
  -8.0000000e+00   9.4821213e+00   2.8000000e+01   1.8569954e+02   3.7170920e+01  -2.2000000e+02   5.9985331e+01
  -8.0000000e+00   1.4136496e+01   2.8000000e+01   1.8699155e+02   3.6631253e+01  -2.2000000e+02   6.2521601e+01
  -8.0000000e+00   1.7788939e+01   2.8000000e+01   1.8830617e+02   3.6097494e+01  -2.2000000e+02   6.5021469e+01
  -8.0000000e+00   1.5985138e+01   2.8000000e+01   1.8962721e+02   3.5566205e+01  -2.2000000e+02   6.7504350e+01
  -8.0000000e+00   1.5738139e+01   2.8000000e+01   1.9093033e+02   3.5043698e+01  -2.2000000e+02   6.9993793e+01
  -8.0000000e+00   1.6362150e+01   2.8000000e+01   1.9221991e+02   3.4528278e+01  -2.2000000e+02   7.2473191e+01
  -8.0000000e+00   1.4958542e+01   2.8000000e+01   1.9190504e+02   3.3940860e+01  -2.2000000e+02   7.6523916e+01
  -8.0000000e+00   1.3276273e+01   2.8000000e+01   1.9178722e+02   3.3466371e+01  -2.2000000e+02   7.9536786e+01
  -8.0000000e+00   1.4281935e+01   2.8000000e+01   1.9165595e+02   3.3003998e+01  -2.2000000e+02   8.2521674e+01
  -8.0000000e+00   1.1283232e+01   2.8000000e+01   1.9003239e+02   3.2654091e+01  -2.2000000e+02   8.4970870e+01
  -8.0000000e+00   1.1830833e+01   2.8000000e+01   1.8833579e+02   3.2409086e+01  -2.2000000e+02   8.6326947e+01
  -8.0000000e+00   1.2772549e+01   2.8000000e+01   1.8656399e+02   3.2244303e+01  -2.2000000e+02   8.6164523e+01
  -8.0000000e+00   1.2848896e+01   2.8000000e+01   1.8472370e+02   3.2150959e+01  -2.2000000e+02   8.4985207e+01
  -8.0000000e+00   1.3676652e+01   2.8000000e+01   1.7987347e+02   3.2529099e+01  -2.2000000e+02   8.0057559e+01
  -8.0000000e+00   1.1121740e+01   2.8000000e+01   1.7191679e+02   3.4748183e+01  -2.2000000e+02   7.1050853e+01
  -8.0000000e+00   9.8756738e+00   2.8000000e+01   1.6298770e+02   4.1314614e+01  -2.2000000e+02   5.9648368e+01
  -8.0000000e+00   5.2419365e+00   2.8000000e+01   1.5768037e+02   4.7617439e+01  -2.2000000e+02   4.7415296e+01
  -8.0000000e+00   3.4360038e+00   2.8000000e+01   1.6043080e+02   5.2238017e+01  -2.2000000e+02   3.5141217e+01
  -8.0000000e+00  -1.2364400e+00   2.8000000e+01   1.6785772e+02   5.6388929e+01  -2.2000000e+02   2.3314328e+01
  -8.0000000e+00   2.2665543e-01   2.8000000e+01   1.7658333e+02   6.0337373e+01  -2.2000000e+02   1.2959582e+01
  -8.0000000e+00   4.4212795e+00   2.8000000e+01   1.8621831e+02   6.2847052e+01  -2.2000000e+02   4.9381745e+00
  -8.0000000e+00   7.3853604e+00   2.8000000e+01   1.9619761e+02   6.4132470e+01  -2.2000000e+02  -1.2221578e+00
  -8.0000000e+00   1.0263833e+01   2.8000000e+01   2.0687691e+02   6.2230466e+01  -2.2000000e+02  -5.8262254e+00
  -8.0000000e+00   1.2241607e+01   2.8000000e+01   2.1783887e+02   5.8340622e+01  -2.2000000e+02  -8.6718948e+00
  -8.0000000e+00   1.2420051e+01   2.8000000e+01   2.2617420e+02   6.0864347e+01  -2.2000000e+02  -9.1685680e+00
  -8.0000000e+00   1.1412619e+01   2.8000000e+01   2.2980005e+02   6.4246525e+01  -2.2000000e+02  -8.2629263e+00
  -8.0000000e+00   1.1109187e+01   2.8000000e+01   2.2889774e+02   6.5411230e+01  -2.2000000e+02  -4.5129958e+00
  -8.0000000e+00   1.0796100e+01   2.8000000e+01   2.2602356e+02   6.3512955e+01  -2.2000000e+02  -1.0952042e-01
  -8.0000000e+00   1.1269898e+01   2.8000000e+01   2.2012040e+02   5.9595137e+01  -2.2000000e+02   5.6394462e+00
  -8.0000000e+00   1.0687404e+01   2.8000000e+01   2.1463101e+02   5.5358256e+01  -2.2000000e+02   1.1890568e+01
  -8.0000000e+00   9.9060414e+00   2.8000000e+01   2.0955460e+02   5.1023075e+01  -2.2000000e+02   1.8745046e+01
  -8.0000000e+00   8.8165390e+00   2.8000000e+01   2.0509589e+02   4.8026324e+01  -2.2000000e+02   2.4537297e+01
  -8.0000000e+00   7.3971960e+00   2.8000000e+01   2.0200056e+02   4.5841751e+01  -2.2000000e+02   3.0072429e+01
  -8.0000000e+00   5.7208996e+00   2.8000000e+01   1.9799319e+02   4.3883527e+01  -2.2000000e+02   3.4829999e+01
  -8.0000000e+00   8.0459090e+00   2.8000000e+01   1.9430486e+02   4.1436663e+01  -2.2000000e+02   3.9420881e+01
  -8.0000000e+00   7.3202395e+00   2.8000000e+01   1.9115161e+02   3.9022358e+01  -2.2000000e+02   4.4213891e+01
  -8.0000000e+00   1.0197015e+01   2.8000000e+01   1.8876055e+02   3.6998035e+01  -2.2000000e+02   4.8073335e+01
  -8.0000000e+00   1.1324426e+01   2.8000000e+01   1.8876855e+02   3.5858511e+01  -2.2000000e+02   5.0720611e+01
  -8.0000000e+00   1.0592727e+01   2.8000000e+01   1.8812201e+02   3.4608720e+01  -2.2000000e+02   5.5187552e+01
  -8.0000000e+00   1.3025013e+01   2.8000000e+01   1.8798910e+02   3.3523455e+01  -2.2000000e+02   5.8920255e+01
  -8.0000000e+00   1.5016325e+01   2.8000000e+01   1.8912263e+02   3.2660212e+01  -2.2000000e+02   6.1380024e+01
  -8.0000000e+00   1.6229545e+01   2.8000000e+01   1.9025844e+02   3.1805113e+01  -2.2000000e+02   6.3833032e+01
  -8.0000000e+00   1.7211239e+01   2.8000000e+01   1.9139398e+02   3.0963324e+01  -2.2000000e+02   6.6261196e+01
  -8.0000000e+00   1.2721493e+01   2.8000000e+01   1.9252707e+02   3.0126625e+01  -2.2000000e+02   6.8704790e+01
  -8.0000000e+00   1.3088217e+01   2.8000000e+01   1.9363093e+02   2.9309645e+01  -2.2000000e+02   7.1201949e+01
  -8.0000000e+00   1.2673987e+01   2.8000000e+01   1.9349761e+02   2.8558445e+01  -2.2000000e+02   7.4988240e+01
  -8.0000000e+00   1.0366015e+01   2.8000000e+01   1.9330906e+02   2.7804285e+01  -2.2000000e+02   7.8808723e+01
  -8.0000000e+00   1.2076126e+01   2.8000000e+01   1.9331248e+02   2.7399333e+01  -2.2000000e+02   8.1221220e+01
  -8.0000000e+00   1.1878447e+01   2.8000000e+01   1.9331144e+02   2.7004027e+01  -2.2000000e+02   8.3601330e+01
  -8.0000000e+00   9.1935581e+00   2.8000000e+01   1.9102553e+02   2.6773636e+01  -2.2000000e+02   8.5059623e+01
  -8.0000000e+00   9.7295822e+00   2.8000000e+01   1.8786930e+02   2.6666236e+01  -2.2000000e+02   8.2183030e+01
  -8.0000000e+00   1.0032657e+01   2.8000000e+01   1.8100688e+02   2.7497067e+01  -2.2000000e+02   7.5563382e+01
  -8.0000000e+00   9.2791384e+00   2.8000000e+01   1.7172606e+02   3.5171849e+01  -2.2000000e+02   6.5454374e+01
  -8.0000000e+00   1.1534958e+01   2.8000000e+01   1.6228620e+02   4.4315420e+01  -2.2000000e+02   5.3810726e+01
  -8.0000000e+00   6.2540801e+00   2.8000000e+01   1.5919302e+02   5.1580720e+01  -2.2000000e+02   4.1389433e+01
  -8.0000000e+00   7.4300007e+00   2.8000000e+01   1.6359322e+02   5.7733353e+01  -2.2000000e+02   2.9358631e+01
  -8.0000000e+00   5.3524785e+00   2.8000000e+01   1.7137377e+02   6.0772914e+01  -2.2000000e+02   1.8240851e+01
  -8.0000000e+00   4.9251659e+00   2.8000000e+01   1.7958621e+02   6.3674439e+01  -2.2000000e+02   9.1501626e+00
  -8.0000000e+00   5.7214512e+00   2.8000000e+01   1.8861786e+02   6.6263998e+01  -2.2000000e+02   1.0876651e+00
  -8.0000000e+00   6.9056417e+00   2.8000000e+01   1.9759392e+02   6.8407630e+01  -2.2000000e+02  -4.6283225e+00
  -8.0000000e+00   9.4596998e+00   2.8000000e+01   2.0708307e+02   6.8739450e+01  -2.2000000e+02  -9.2341756e+00
  -8.0000000e+00   1.2074998e+01   2.8000000e+01   2.1739446e+02   6.6443164e+01  -2.2000000e+02  -1.2430739e+01
  -8.0000000e+00   1.3930664e+01   2.8000000e+01   2.2700262e+02   6.5420807e+01  -2.2000000e+02  -1.4035943e+01
  -8.0000000e+00   1.2833745e+01   2.8000000e+01   2.3269994e+02   6.8201023e+01  -2.2000000e+02  -1.3453670e+01
  -8.0000000e+00   1.2614123e+01   2.8000000e+01   2.3399242e+02   7.0339170e+01  -2.2000000e+02  -1.1056016e+01
  -8.0000000e+00   1.2295869e+01   2.8000000e+01   2.3281741e+02   7.0126189e+01  -2.2000000e+02  -8.7078321e+00
  -8.0000000e+00   1.2132435e+01   2.8000000e+01   2.3027900e+02   6.8422383e+01  -2.2000000e+02  -3.7238033e+00
  -8.0000000e+00   1.0951723e+01   2.8000000e+01   2.2609599e+02   6.5037216e+01  -2.2000000e+02   2.1783671e+00
  -8.0000000e+00   1.0574392e+01   2.8000000e+01   2.2008432e+02   6.0700220e+01  -2.2000000e+02   7.6586808e+00
  -8.0000000e+00   8.9986065e+00   2.8000000e+01   2.1470473e+02   5.5694670e+01  -2.2000000e+02   1.2604578e+01
  -8.0000000e+00   8.7744305e+00   2.8000000e+01   2.0922708e+02   5.0947011e+01  -2.2000000e+02   1.8407393e+01
  -8.0000000e+00   6.8969940e+00   2.8000000e+01   2.0544228e+02   4.7800505e+01  -2.2000000e+02   2.5184949e+01
  -8.0000000e+00   5.9328032e+00   2.8000000e+01   2.0102053e+02   4.4892485e+01  -2.2000000e+02   3.0558508e+01
  -8.0000000e+00   8.7948644e+00   2.8000000e+01   1.9619046e+02   4.2390084e+01  -2.2000000e+02   3.4973994e+01
  -8.0000000e+00   1.0322431e+01   2.8000000e+01   1.9180993e+02   3.9992507e+01  -2.2000000e+02   3.9655594e+01
  -8.0000000e+00   1.2155664e+01   2.8000000e+01   1.8915228e+02   3.7846371e+01  -2.2000000e+02   4.3494724e+01
  -8.0000000e+00   1.0960152e+01   2.8000000e+01   1.8750503e+02   3.6444414e+01  -2.2000000e+02   4.7937444e+01
  -8.0000000e+00   1.2315276e+01   2.8000000e+01   1.8669056e+02   3.5265975e+01  -2.2000000e+02   5.1581397e+01
  -8.0000000e+00   1.5073628e+01   2.8000000e+01   1.8780463e+02   3.4608544e+01  -2.2000000e+02   5.3510621e+01
  -8.0000000e+00   1.6508012e+01   2.8000000e+01   1.8893690e+02   3.3958342e+01  -2.2000000e+02   5.5424144e+01
  -8.0000000e+00   1.7149080e+01   2.8000000e+01   1.9008467e+02   3.3314973e+01  -2.2000000e+02   5.7322492e+01
  -8.0000000e+00   1.5587518e+01   2.8000000e+01   1.9042161e+02   3.2764062e+01  -2.2000000e+02   6.0746824e+01
  -8.0000000e+00   1.6644891e+01   2.8000000e+01   1.9075648e+02   3.2220056e+01  -2.2000000e+02   6.4164964e+01
  -8.0000000e+00   1.3588352e+01   2.8000000e+01   1.8939397e+02   3.1463056e+01  -2.2000000e+02   6.9776771e+01
  -8.0000000e+00   1.0778239e+01   2.8000000e+01   1.8779481e+02   3.0783116e+01  -2.2000000e+02   7.4428091e+01
  -8.0000000e+00   1.1115082e+01   2.8000000e+01   1.8562327e+02   3.0204383e+01  -2.2000000e+02   7.8232377e+01
  -8.0000000e+00   1.1558302e+01   2.8000000e+01   1.8443033e+02   2.9852109e+01  -2.2000000e+02   7.9538875e+01
  -8.0000000e+00   1.2260041e+01   2.8000000e+01   1.8028182e+02   2.9900095e+01  -2.2000000e+02   7.7129046e+01
  -8.0000000e+00   1.1108722e+01   2.8000000e+01   1.7317833e+02   3.1000080e+01  -2.2000000e+02   7.0151940e+01
  -8.0000000e+00   7.3696221e+00   2.8000000e+01   1.6491015e+02   3.8938864e+01  -2.2000000e+02   5.9395555e+01
  -8.0000000e+00   7.7033003e+00   2.8000000e+01   1.6020807e+02   4.7224774e+01  -2.2000000e+02   4.7286896e+01
  -8.0000000e+00   6.9461111e+00   2.8000000e+01   1.6389481e+02   5.4918757e+01  -2.2000000e+02   3.5184961e+01
  -8.0000000e+00   6.2189180e+00   2.8000000e+01   1.7113155e+02   6.0912059e+01  -2.2000000e+02   2.4079365e+01
  -8.0000000e+00   7.1211355e+00   2.8000000e+01   1.7965602e+02   6.3918115e+01  -2.2000000e+02   1.4598891e+01
  -8.0000000e+00   8.4171465e+00   2.8000000e+01   1.8860141e+02   6.6531969e+01  -2.2000000e+02   6.8409346e+00
  -8.0000000e+00   9.1359102e+00   2.8000000e+01   1.9698076e+02   6.9634855e+01  -2.2000000e+02   4.8730115e-01
  -8.0000000e+00   9.4581764e+00   2.8000000e+01   2.0488340e+02   7.2226448e+01  -2.2000000e+02  -4.3082373e+00
  -8.0000000e+00   1.1739772e+01   2.8000000e+01   2.1382193e+02   7.1668504e+01  -2.2000000e+02  -7.6520090e+00
  -8.0000000e+00   1.4337041e+01   2.8000000e+01   2.2398269e+02   6.7299151e+01  -2.2000000e+02  -9.2787314e+00
  -8.0000000e+00   1.3617824e+01   2.8000000e+01   2.3113881e+02   6.8152528e+01  -2.2000000e+02  -9.2572803e+00
  -8.0000000e+00   1.3096555e+01   2.8000000e+01   2.3435003e+02   7.0040453e+01  -2.2000000e+02  -7.0597810e+00
  -8.0000000e+00   1.2748372e+01   2.8000000e+01   2.3319832e+02   7.0853374e+01  -2.2000000e+02  -4.1085671e+00
  -8.0000000e+00   1.2154671e+01   2.8000000e+01   2.3004237e+02   6.9128829e+01  -2.2000000e+02   5.0692666e-01
  -8.0000000e+00   1.1659493e+01   2.8000000e+01   2.2593607e+02   6.5888684e+01  -2.2000000e+02   6.1366565e+00
  -8.0000000e+00   1.1347015e+01   2.8000000e+01   2.1994279e+02   6.1973183e+01  -2.2000000e+02   1.2364244e+01
  -8.0000000e+00   1.1547936e+01   2.8000000e+01   2.1423852e+02   5.7424983e+01  -2.2000000e+02   1.8014148e+01
  -8.0000000e+00   1.0950101e+01   2.8000000e+01   2.0846210e+02   5.3070531e+01  -2.2000000e+02   2.4604062e+01
  -8.0000000e+00   8.7886502e+00   2.8000000e+01   2.0318336e+02   4.9555463e+01  -2.2000000e+02   3.0589773e+01
  -8.0000000e+00   7.2612280e+00   2.8000000e+01   1.9908321e+02   4.8098329e+01  -2.2000000e+02   3.6540753e+01
  -8.0000000e+00   5.6801959e+00   2.8000000e+01   1.9485488e+02   4.6290484e+01  -2.2000000e+02   4.1477045e+01
  -8.0000000e+00   7.7688928e+00   2.8000000e+01   1.9080472e+02   4.4442757e+01  -2.2000000e+02   4.5863437e+01
  -8.0000000e+00   7.1964735e+00   2.8000000e+01   1.8777464e+02   4.2509603e+01  -2.2000000e+02   5.0446581e+01
  -8.0000000e+00   8.0598386e+00   2.8000000e+01   1.8627803e+02   4.0564339e+01  -2.2000000e+02   5.4763064e+01
  -8.0000000e+00   9.5547398e+00   2.8000000e+01   1.8575382e+02   3.8992760e+01  -2.2000000e+02   5.8382523e+01
  -8.0000000e+00   1.1298375e+01   2.8000000e+01   1.8527971e+02   3.7463257e+01  -2.2000000e+02   6.1983043e+01
  -8.0000000e+00   1.5381168e+01   2.8000000e+01   1.8586982e+02   3.6538162e+01  -2.2000000e+02   6.5058433e+01
  -8.0000000e+00   1.3065571e+01   2.8000000e+01   1.8648943e+02   3.5617164e+01  -2.2000000e+02   6.8099471e+01
  -8.0000000e+00   1.1955630e+01   2.8000000e+01   1.8715526e+02   3.4724208e+01  -2.2000000e+02   7.1202421e+01
  -8.0000000e+00   1.3343148e+01   2.8000000e+01   1.8877269e+02   3.4200652e+01  -2.2000000e+02   7.3868705e+01
  -8.0000000e+00   1.4238319e+01   2.8000000e+01   1.9037194e+02   3.3686431e+01  -2.2000000e+02   7.6530865e+01
  -8.0000000e+00   1.5248285e+01   2.8000000e+01   1.9196473e+02   3.3185109e+01  -2.2000000e+02   7.9149016e+01
  -8.0000000e+00   1.0780348e+01   2.8000000e+01   1.9003868e+02   3.2732266e+01  -2.2000000e+02   8.2909087e+01
  -8.0000000e+00   9.3386334e+00   2.8000000e+01   1.8902499e+02   3.2431157e+01  -2.2000000e+02   8.4865388e+01
  -8.0000000e+00   1.0703350e+01   2.8000000e+01   1.8788327e+02   3.2185566e+01  -2.2000000e+02   8.5372638e+01
  -8.0000000e+00   1.3942920e+01   2.8000000e+01   1.8618568e+02   3.2142199e+01  -2.2000000e+02   8.2389191e+01
  -8.0000000e+00   6.4603618e+00   2.8000000e+01   1.7733136e+02   3.6360845e+01  -2.2000000e+02   7.2533730e+01
  -8.0000000e+00   6.1500744e+00   2.8000000e+01   1.6787153e+02   4.2799881e+01  -2.2000000e+02   6.1074425e+01
  -8.0000000e+00   5.6920384e+00   2.8000000e+01   1.5984759e+02   4.8277931e+01  -2.2000000e+02   4.8865571e+01
  -8.0000000e+00   5.6960473e+00   2.8000000e+01   1.5717318e+02   5.0699805e+01  -2.2000000e+02   3.6524284e+01
  -8.0000000e+00   1.4938086e+00   2.8000000e+01   1.6260527e+02   5.4300191e+01  -2.2000000e+02   2.4527456e+01
  -8.0000000e+00   3.4756431e-01   2.8000000e+01   1.7068719e+02   5.8201567e+01  -2.2000000e+02   1.3641061e+01
  -8.0000000e+00   7.4280376e-01   2.8000000e+01   1.7882825e+02   6.2419069e+01  -2.2000000e+02   4.4972016e+00
  -8.0000000e+00   2.2619197e+00   2.8000000e+01   1.8750121e+02   6.5838531e+01  -2.2000000e+02  -3.1068835e+00
  -8.0000000e+00   3.1438509e+00   2.8000000e+01   1.9675227e+02   6.8070404e+01  -2.2000000e+02  -8.2956658e+00
  -8.0000000e+00   6.4081935e+00   2.8000000e+01   2.0659682e+02   6.7753777e+01  -2.2000000e+02  -1.0881468e+01
  -8.0000000e+00   9.8739054e+00   2.8000000e+01   2.1720425e+02   6.5098969e+01  -2.2000000e+02  -1.3950220e+01
  -8.0000000e+00   1.0724417e+01   2.8000000e+01   2.2684571e+02   6.4259717e+01  -2.2000000e+02  -1.6015190e+01
  -8.0000000e+00   9.6146648e+00   2.8000000e+01   2.3178788e+02   6.7519301e+01  -2.2000000e+02  -1.4149603e+01
  -8.0000000e+00   8.8143806e+00   2.8000000e+01   2.3225347e+02   6.9211280e+01  -2.2000000e+02  -1.1540789e+01
  -8.0000000e+00   8.2870360e+00   2.8000000e+01   2.3133004e+02   6.9041167e+01  -2.2000000e+02  -9.1123636e+00
  -8.0000000e+00   9.2657558e+00   2.8000000e+01   2.2936589e+02   6.7466772e+01  -2.2000000e+02  -6.1910226e+00
  -8.0000000e+00   9.2321368e+00   2.8000000e+01   2.2608828e+02   6.4379715e+01  -2.2000000e+02  -1.7330585e+00
  -8.0000000e+00   8.7796465e+00   2.8000000e+01   2.2299625e+02   6.0887036e+01  -2.2000000e+02   2.3075920e+00
  -8.0000000e+00   8.6924366e+00   2.8000000e+01   2.1952680e+02   5.8172155e+01  -2.2000000e+02   6.4103757e+00
  -8.0000000e+00   9.5443705e+00   2.8000000e+01   2.1555453e+02   5.6322335e+01  -2.2000000e+02   1.0590951e+01
  -8.0000000e+00   1.0163504e+01   2.8000000e+01   2.1121412e+02   5.4325623e+01  -2.2000000e+02   1.5488426e+01
  -8.0000000e+00   1.0747417e+01   2.8000000e+01   2.0824694e+02   5.2252527e+01  -2.2000000e+02   1.7915479e+01
  -8.0000000e+00   1.0386028e+01   2.8000000e+01   2.0433521e+02   5.0358815e+01  -2.2000000e+02   2.4499114e+01
  -8.0000000e+00   1.0720781e+01   2.8000000e+01   2.0020090e+02   4.8305251e+01  -2.2000000e+02   3.0090030e+01
  -8.0000000e+00   7.5828649e+00   2.8000000e+01   1.9868170e+02   4.7691290e+01  -2.2000000e+02   3.5039509e+01
  -8.0000000e+00   7.8643932e+00   2.8000000e+01   1.9501057e+02   4.7433244e+01  -2.2000000e+02   3.9635438e+01
  -8.0000000e+00   9.1517830e+00   2.8000000e+01   1.9160538e+02   4.6488301e+01  -2.2000000e+02   4.3795289e+01
  -8.0000000e+00   1.1371134e+01   2.8000000e+01   1.8835676e+02   4.5035402e+01  -2.2000000e+02   4.6798894e+01
  -8.0000000e+00   1.1120492e+01   2.8000000e+01   1.8608786e+02   4.4021588e+01  -2.2000000e+02   5.0860125e+01
  -8.0000000e+00   1.3086877e+01   2.8000000e+01   1.8536491e+02   4.3349998e+01  -2.2000000e+02   5.4607753e+01
  -8.0000000e+00   1.5657877e+01   2.8000000e+01   1.8629263e+02   4.2873658e+01  -2.2000000e+02   5.6628953e+01
  -8.0000000e+00   1.3708952e+01   2.8000000e+01   1.8633092e+02   4.2466475e+01  -2.2000000e+02   6.0731036e+01
  -8.0000000e+00   1.4825404e+01   2.8000000e+01   1.8643760e+02   4.2059845e+01  -2.2000000e+02   6.4807112e+01
  -8.0000000e+00   1.3262313e+01   2.8000000e+01   1.8712298e+02   4.1542053e+01  -2.2000000e+02   6.8595291e+01
  -8.0000000e+00   1.3512468e+01   2.8000000e+01   1.8775927e+02   4.1032890e+01  -2.2000000e+02   7.2389390e+01
  -8.0000000e+00   1.0479242e+01   2.8000000e+01   1.8648098e+02   4.0443111e+01  -2.2000000e+02   7.7428366e+01
  -8.0000000e+00   1.0158088e+01   2.8000000e+01   1.8539584e+02   3.9970241e+01  -2.2000000e+02   8.1164509e+01
  -8.0000000e+00   1.1383234e+01   2.8000000e+01   1.8419274e+02   3.9597172e+01  -2.2000000e+02   8.3826706e+01
  -8.0000000e+00   1.1685168e+01   2.8000000e+01   1.8282293e+02   3.9336903e+01  -2.2000000e+02   8.4418463e+01
  -8.0000000e+00   1.1258170e+01   2.8000000e+01   1.8093246e+02   3.9039888e+01  -2.2000000e+02   8.3295422e+01
  -8.0000000e+00   1.2539149e+01   2.8000000e+01   1.7449621e+02   3.9636125e+01  -2.2000000e+02   7.4360338e+01
  -8.0000000e+00   1.3521859e+01   2.8000000e+01   1.6556115e+02   4.5003226e+01  -2.2000000e+02   6.4005903e+01
  -8.0000000e+00   8.5140197e+00   2.8000000e+01   1.5775040e+02   4.9145749e+01  -2.2000000e+02   5.2129223e+01
  -8.0000000e+00   4.9838322e+00   2.8000000e+01   1.5479882e+02   5.1186935e+01  -2.2000000e+02   3.9890204e+01
  -8.0000000e+00   5.2787804e+00   2.8000000e+01   1.5955559e+02   5.3470254e+01  -2.2000000e+02   2.8082817e+01
  -8.0000000e+00   5.9970481e-01   2.8000000e+01   1.6772791e+02   5.6069977e+01  -2.2000000e+02   1.7215465e+01
  -8.0000000e+00   1.0202811e+00   2.8000000e+01   1.7615841e+02   5.9697408e+01  -2.2000000e+02   7.7122411e+00
  -8.0000000e+00   3.4373644e+00   2.8000000e+01   1.8497847e+02   6.3813849e+01  -2.2000000e+02   8.8366992e-01
  -8.0000000e+00   6.0810088e+00   2.8000000e+01   1.9450508e+02   6.6062099e+01  -2.2000000e+02  -3.4980756e+00
  -8.0000000e+00   9.6375368e+00   2.8000000e+01   2.0481818e+02   6.5180966e+01  -2.2000000e+02  -5.6640584e+00
  -8.0000000e+00   1.3197264e+01   2.8000000e+01   2.1555948e+02   6.1780341e+01  -2.2000000e+02  -5.4959918e+00
  -8.0000000e+00   1.3449960e+01   2.8000000e+01   2.2464214e+02   6.3189450e+01  -2.2000000e+02  -6.2614409e+00
  -8.0000000e+00   1.2203500e+01   2.8000000e+01   2.3080312e+02   6.6091713e+01  -2.2000000e+02  -5.9849778e+00
  -8.0000000e+00   1.2116786e+01   2.8000000e+01   2.3308946e+02   6.8732482e+01  -2.2000000e+02  -3.9975450e+00
  -8.0000000e+00   1.1564512e+01   2.8000000e+01   2.3341569e+02   7.0060578e+01  -2.2000000e+02  -1.5140492e+00
  -8.0000000e+00   1.2191315e+01   2.8000000e+01   2.3222999e+02   6.9938011e+01  -2.2000000e+02   5.8175637e-01
  -8.0000000e+00   1.2515087e+01   2.8000000e+01   2.3009318e+02   6.8523981e+01  -2.2000000e+02   3.5255298e+00
  -8.0000000e+00   1.1781551e+01   2.8000000e+01   2.2798628e+02   6.6572943e+01  -2.2000000e+02   4.8912456e+00
  -8.0000000e+00   1.2603027e+01   2.8000000e+01   2.2434543e+02   6.4314183e+01  -2.2000000e+02   7.5548950e+00
  -8.0000000e+00   1.2416627e+01   2.8000000e+01   2.2154426e+02   6.1396847e+01  -2.2000000e+02   1.0021226e+01
  -8.0000000e+00   1.1316111e+01   2.8000000e+01   2.1986663e+02   5.9678555e+01  -2.2000000e+02   1.0756880e+01
  -8.0000000e+00   1.1072420e+01   2.8000000e+01   2.1844876e+02   5.8121606e+01  -2.2000000e+02   1.3971114e+01
  -8.0000000e+00   1.1349996e+01   2.8000000e+01   2.1577356e+02   5.6030655e+01  -2.2000000e+02   1.6332109e+01
  -8.0000000e+00   1.0923876e+01   2.8000000e+01   2.1304625e+02   5.3950805e+01  -2.2000000e+02   1.8518402e+01
  -8.0000000e+00   1.1372870e+01   2.8000000e+01   2.1047203e+02   5.2104542e+01  -2.2000000e+02   1.9841258e+01
  -8.0000000e+00   1.0909704e+01   2.8000000e+01   2.0825925e+02   5.0993810e+01  -2.2000000e+02   2.3904891e+01
  -8.0000000e+00   9.3172871e+00   2.8000000e+01   2.0610751e+02   5.0368551e+01  -2.2000000e+02   2.6940770e+01
  -8.0000000e+00   9.9161772e+00   2.8000000e+01   2.0266705e+02   4.8906685e+01  -2.2000000e+02   3.0289924e+01
  -8.0000000e+00   8.2365936e+00   2.8000000e+01   1.9948491e+02   4.7849754e+01  -2.2000000e+02   3.4804874e+01
  -8.0000000e+00   5.7023024e+00   2.8000000e+01   1.9611032e+02   4.7569392e+01  -2.2000000e+02   3.8769957e+01
  -8.0000000e+00   5.6385545e+00   2.8000000e+01   1.9261715e+02   4.6720555e+01  -2.2000000e+02   4.2442319e+01
  -8.0000000e+00   5.1949065e+00   2.8000000e+01   1.8982083e+02   4.5694268e+01  -2.2000000e+02   4.7367858e+01
  -8.0000000e+00   7.8266214e+00   2.8000000e+01   1.8725859e+02   4.4880800e+01  -2.2000000e+02   5.2550148e+01
  -8.0000000e+00   9.6728020e+00   2.8000000e+01   1.8581873e+02   4.3515577e+01  -2.2000000e+02   5.6831418e+01
  -8.0000000e+00   9.7044135e+00   2.8000000e+01   1.8536300e+02   4.2247524e+01  -2.2000000e+02   6.0943710e+01
  -8.0000000e+00   1.1337040e+01   2.8000000e+01   1.8495867e+02   4.1018052e+01  -2.2000000e+02   6.5055683e+01
  -8.0000000e+00   1.6181570e+01   2.8000000e+01   1.8632654e+02   4.0401470e+01  -2.2000000e+02   6.7003150e+01
  -8.0000000e+00   1.7195591e+01   2.8000000e+01   1.8769820e+02   3.9792075e+01  -2.2000000e+02   6.8969730e+01
  -8.0000000e+00   1.3767395e+01   2.8000000e+01   1.8695564e+02   3.9123700e+01  -2.2000000e+02   7.3877138e+01
  -8.0000000e+00   1.4323372e+01   2.8000000e+01   1.8568096e+02   3.8676940e+01  -2.2000000e+02   7.7138008e+01
  -8.0000000e+00   1.5450828e+01   2.8000000e+01   1.8433105e+02   3.8249631e+01  -2.2000000e+02   8.0352529e+01
  -8.0000000e+00   1.4384516e+01   2.8000000e+01   1.8185020e+02   3.8096383e+01  -2.2000000e+02   8.1701560e+01
  -8.0000000e+00   1.4111554e+01   2.8000000e+01   1.7722561e+02   3.8628613e+01  -2.2000000e+02   7.8092708e+01
  -8.0000000e+00   1.3658533e+01   2.8000000e+01   1.7014324e+02   4.0296613e+01  -2.2000000e+02   7.0361180e+01
  -8.0000000e+00   7.7736865e+00   2.8000000e+01   1.6225362e+02   4.3172108e+01  -2.2000000e+02   5.9318191e+01
  -8.0000000e+00   5.1186315e+00   2.8000000e+01   1.5625822e+02   4.7246224e+01  -2.2000000e+02   4.7243668e+01
  -8.0000000e+00   4.9485665e+00   2.8000000e+01   1.5531831e+02   4.8696967e+01  -2.2000000e+02   3.4973893e+01
  -8.0000000e+00   3.7474716e+00   2.8000000e+01   1.6175638e+02   5.2902743e+01  -2.2000000e+02   2.3163561e+01
  -8.0000000e+00  -1.2111247e+00   2.8000000e+01   1.7066980e+02   5.6275475e+01  -2.2000000e+02   1.2536665e+01
  -8.0000000e+00   9.7451478e-01   2.8000000e+01   1.7989400e+02   5.9995058e+01  -2.2000000e+02   4.0090389e+00
  -8.0000000e+00   3.1715425e+00   2.8000000e+01   1.9007474e+02   6.1964841e+01  -2.2000000e+02  -2.1820251e+00
  -8.0000000e+00   7.9156856e+00   2.8000000e+01   2.0126366e+02   5.9305251e+01  -2.2000000e+02  -5.5027393e+00
  -8.0000000e+00   1.1801967e+01   2.8000000e+01   2.1267775e+02   5.4843428e+01  -2.2000000e+02  -7.9257487e+00
  -8.0000000e+00   1.0505290e+01   2.8000000e+01   2.2236165e+02   5.7194010e+01  -2.2000000e+02  -1.1417461e+01
  -8.0000000e+00   9.6303005e+00   2.8000000e+01   2.2854741e+02   6.1635652e+01  -2.2000000e+02  -1.2889023e+01
  -8.0000000e+00   8.3438398e+00   2.8000000e+01   2.3092393e+02   6.4815846e+01  -2.2000000e+02  -1.2487097e+01
  -8.0000000e+00   7.4333265e+00   2.8000000e+01   2.3002561e+02   6.5184756e+01  -2.2000000e+02  -1.0404422e+01
  -8.0000000e+00   6.8955231e+00   2.8000000e+01   2.2675931e+02   6.2763455e+01  -2.2000000e+02  -6.7220654e+00
  -8.0000000e+00   5.7631225e+00   2.8000000e+01   2.2267032e+02   5.8441685e+01  -2.2000000e+02  -1.4252382e+00
  -8.0000000e+00   4.3436914e+00   2.8000000e+01   2.1806309e+02   5.3284442e+01  -2.2000000e+02   3.3137036e+00
  -8.0000000e+00   2.7733798e+00   2.8000000e+01   2.1402666e+02   4.8682703e+01  -2.2000000e+02   1.0187932e+01
  -8.0000000e+00   1.4191114e+00   2.8000000e+01   2.0947140e+02   4.4452040e+01  -2.2000000e+02   1.6706056e+01
  -8.0000000e+00   3.2176059e+00   2.8000000e+01   2.0387633e+02   4.1139454e+01  -2.2000000e+02   2.2927099e+01
  -8.0000000e+00   3.6820321e+00   2.8000000e+01   2.0024955e+02   3.8222101e+01  -2.2000000e+02   2.9042465e+01
  -8.0000000e+00   5.2736038e+00   2.8000000e+01   1.9634457e+02   3.5421166e+01  -2.2000000e+02   3.3623785e+01
  -8.0000000e+00   3.9666368e+00   2.8000000e+01   1.9337793e+02   3.2659642e+01  -2.2000000e+02   3.7108117e+01
  -8.0000000e+00   3.2555746e+00   2.8000000e+01   1.9177236e+02   3.0599094e+01  -2.2000000e+02   4.0445370e+01
  -8.0000000e+00   4.5767978e+00   2.8000000e+01   1.9039437e+02   2.8740681e+01  -2.2000000e+02   4.4532306e+01
  -8.0000000e+00   7.2983800e+00   2.8000000e+01   1.8905743e+02   2.6946334e+01  -2.2000000e+02   4.8583708e+01
  -8.0000000e+00   9.1930203e+00   2.8000000e+01   1.8762323e+02   2.5121013e+01  -2.2000000e+02   5.2502984e+01
  -8.0000000e+00   1.1087661e+01   2.8000000e+01   1.8618903e+02   2.3295692e+01  -2.2000000e+02   5.6422260e+01
  -8.0000000e+00   1.4562400e+01   2.8000000e+01   1.8631897e+02   2.1863910e+01  -2.2000000e+02   5.8747800e+01
  -8.0000000e+00   1.5823286e+01   2.8000000e+01   1.8834234e+02   2.1262958e+01  -2.2000000e+02   5.9991533e+01
  -8.0000000e+00   1.4427610e+01   2.8000000e+01   1.8898793e+02   2.0530856e+01  -2.2000000e+02   6.2559169e+01
  -8.0000000e+00   9.5355601e+00   2.8000000e+01   1.8707259e+02   1.9464947e+01  -2.2000000e+02   6.7891012e+01
  -8.0000000e+00   8.4968117e+00   2.8000000e+01   1.8397244e+02   1.8511678e+01  -2.2000000e+02   7.2147508e+01
  -8.0000000e+00   1.0490115e+01   2.8000000e+01   1.8133428e+02   1.7836734e+01  -2.2000000e+02   7.4049997e+01
  -8.0000000e+00   1.1827119e+01   2.8000000e+01   1.7317975e+02   2.1095791e+01  -2.2000000e+02   6.7314292e+01
  -8.0000000e+00   1.0368166e+01   2.8000000e+01   1.6378565e+02   2.9553281e+01  -2.2000000e+02   5.7106908e+01
  -8.0000000e+00   1.0755250e+01   2.8000000e+01   1.5617684e+02   3.8482562e+01  -2.2000000e+02   4.5235161e+01
  -8.0000000e+00   6.7676087e+00   2.8000000e+01   1.6003707e+02   4.8228054e+01  -2.2000000e+02   3.3055924e+01
  -8.0000000e+00   6.9025465e+00   2.8000000e+01   1.6855461e+02   5.5684347e+01  -2.2000000e+02   2.2042384e+01
  -8.0000000e+00   7.1479951e+00   2.8000000e+01   1.7743538e+02   6.0091419e+01  -2.2000000e+02   1.2503247e+01
  -8.0000000e+00   7.0958592e+00   2.8000000e+01   1.8635360e+02   6.3577657e+01  -2.2000000e+02   6.0805671e+00
  -8.0000000e+00   7.4684600e+00   2.8000000e+01   1.9455286e+02   6.7427244e+01  -2.2000000e+02  -4.1583268e-01
  -8.0000000e+00   8.7584612e+00   2.8000000e+01   2.0227965e+02   7.0899116e+01  -2.2000000e+02  -5.4071314e+00
  -8.0000000e+00   1.0579346e+01   2.8000000e+01   2.1060158e+02   7.2471079e+01  -2.2000000e+02  -9.3844368e+00
  -8.0000000e+00   1.2051657e+01   2.8000000e+01   2.2019905e+02   7.0767786e+01  -2.2000000e+02  -1.3385279e+01
  -8.0000000e+00   1.3332634e+01   2.8000000e+01   2.2979156e+02   6.8237713e+01  -2.2000000e+02  -1.5444313e+01
  -8.0000000e+00   1.4346636e+01   2.8000000e+01   2.3394206e+02   7.0283120e+01  -2.2000000e+02  -1.4317325e+01
  -8.0000000e+00   1.4348016e+01   2.8000000e+01   2.3488150e+02   7.1309214e+01  -2.2000000e+02  -1.3350694e+01
  -8.0000000e+00   1.3149469e+01   2.8000000e+01   2.3272647e+02   6.9655639e+01  -2.2000000e+02  -9.9239260e+00
  -8.0000000e+00   1.3275523e+01   2.8000000e+01   2.2797733e+02   6.5815327e+01  -2.2000000e+02  -4.3382616e+00
  -8.0000000e+00   1.3549404e+01   2.8000000e+01   2.2095844e+02   6.0477066e+01  -2.2000000e+02   1.1732446e+00
  -8.0000000e+00   1.2688044e+01   2.8000000e+01   2.1497037e+02   5.4967074e+01  -2.2000000e+02   8.7603530e+00
  -8.0000000e+00   1.2754809e+01   2.8000000e+01   2.0878073e+02   5.0135380e+01  -2.2000000e+02   1.4623373e+01
  -8.0000000e+00   1.2751079e+01   2.8000000e+01   2.0398546e+02   4.6339493e+01  -2.2000000e+02   2.1341011e+01
  -8.0000000e+00   1.1731283e+01   2.8000000e+01   1.9981311e+02   4.3313781e+01  -2.2000000e+02   2.6990100e+01
  -8.0000000e+00   1.1656222e+01   2.8000000e+01   1.9633399e+02   4.0873458e+01  -2.2000000e+02   3.1804212e+01
  -8.0000000e+00   1.0231916e+01   2.8000000e+01   1.9322208e+02   3.9312094e+01  -2.2000000e+02   3.6183162e+01
  -8.0000000e+00   1.2501677e+01   2.8000000e+01   1.9045699e+02   3.7919152e+01  -2.2000000e+02   3.9500517e+01
  -8.0000000e+00   1.3019740e+01   2.8000000e+01   1.8926575e+02   3.6578032e+01  -2.2000000e+02   4.3228293e+01
  -8.0000000e+00   1.6110370e+01   2.8000000e+01   1.8922042e+02   3.5776471e+01  -2.2000000e+02   4.5501392e+01
  -8.0000000e+00   1.3666244e+01   2.8000000e+01   1.8871242e+02   3.4790983e+01  -2.2000000e+02   4.9460332e+01
  -8.0000000e+00   1.6129786e+01   2.8000000e+01   1.8827882e+02   3.3831997e+01  -2.2000000e+02   5.3424373e+01
  -8.0000000e+00   1.7559818e+01   2.8000000e+01   1.8857974e+02   3.2965837e+01  -2.2000000e+02   5.6589745e+01
  -8.0000000e+00   1.6393487e+01   2.8000000e+01   1.8891193e+02   3.2106445e+01  -2.2000000e+02   5.9722431e+01
  -8.0000000e+00   1.4745305e+01   2.8000000e+01   1.8921281e+02   3.1246704e+01  -2.2000000e+02   6.2957899e+01
  -8.0000000e+00   1.4033276e+01   2.8000000e+01   1.8947648e+02   3.0400294e+01  -2.2000000e+02   6.6273511e+01
  -8.0000000e+00   1.7628096e+01   2.8000000e+01   1.9074619e+02   2.9958972e+01  -2.2000000e+02   6.8448334e+01
  -8.0000000e+00   1.7079528e+01   2.8000000e+01   1.9200168e+02   2.9516370e+01  -2.2000000e+02   7.0649064e+01
  -8.0000000e+00   1.6061613e+01   2.8000000e+01   1.9186174e+02   2.8947367e+01  -2.2000000e+02   7.4616510e+01
  -8.0000000e+00   1.4515507e+01   2.8000000e+01   1.9053423e+02   2.8313637e+01  -2.2000000e+02   7.9039043e+01
  -8.0000000e+00   1.5273215e+01   2.8000000e+01   1.8947861e+02   2.7847556e+01  -2.2000000e+02   8.1853202e+01
  -8.0000000e+00   1.2382719e+01   2.8000000e+01   1.8652343e+02   2.7421256e+01  -2.2000000e+02   8.3628073e+01
  -8.0000000e+00   1.3569220e+01   2.8000000e+01   1.8386945e+02   2.7228063e+01  -2.2000000e+02   8.2478145e+01
  -8.0000000e+00   1.3259265e+01   2.8000000e+01   1.7780473e+02   2.7857657e+01  -2.2000000e+02   7.6128037e+01
  -8.0000000e+00   1.0575455e+01   2.8000000e+01   1.6912232e+02   3.4672809e+01  -2.2000000e+02   6.5568964e+01
  -8.0000000e+00   8.8197951e+00   2.8000000e+01   1.6145233e+02   4.2783717e+01  -2.2000000e+02   5.3647997e+01
  -8.0000000e+00   4.2888610e+00   2.8000000e+01   1.6065096e+02   5.0023208e+01  -2.2000000e+02   4.1321944e+01
  -8.0000000e+00   4.8287204e+00   2.8000000e+01   1.6807901e+02   5.6199344e+01  -2.2000000e+02   2.9587944e+01
  -8.0000000e+00   3.8483277e+00   2.8000000e+01   1.7643024e+02   6.0354849e+01  -2.2000000e+02   1.8895079e+01
  -8.0000000e+00   6.1641811e+00   2.8000000e+01   1.8567110e+02   6.2595830e+01  -2.2000000e+02   9.4842199e+00
  -8.0000000e+00   7.4746044e+00   2.8000000e+01   1.9403751e+02   6.5886495e+01  -2.2000000e+02   2.1067743e+00
  -8.0000000e+00   9.4216545e+00   2.8000000e+01   2.0345234e+02   6.6549187e+01  -2.2000000e+02  -4.0096084e+00
  -8.0000000e+00   1.1391851e+01   2.8000000e+01   2.1386051e+02   6.3743344e+01  -2.2000000e+02  -7.7794978e+00
  -8.0000000e+00   1.1989238e+01   2.8000000e+01   2.2340255e+02   6.2744910e+01  -2.2000000e+02  -1.0170565e+01
  -8.0000000e+00   1.2318189e+01   2.8000000e+01   2.2834108e+02   6.5304341e+01  -2.2000000e+02  -1.0361349e+01
  -8.0000000e+00   1.2014304e+01   2.8000000e+01   2.2970993e+02   6.6091739e+01  -2.2000000e+02  -8.5441716e+00
  -8.0000000e+00   1.2516905e+01   2.8000000e+01   2.2747057e+02   6.4706553e+01  -2.2000000e+02  -3.7775752e+00
  -8.0000000e+00   1.0432363e+01   2.8000000e+01   2.2340348e+02   6.0547232e+01  -2.2000000e+02   4.8796438e-02
  -8.0000000e+00   1.0251197e+01   2.8000000e+01   2.1780228e+02   5.6000641e+01  -2.2000000e+02   6.3323230e+00
  -8.0000000e+00   1.0314763e+01   2.8000000e+01   2.1235026e+02   5.2379706e+01  -2.2000000e+02   1.1995795e+01
  -8.0000000e+00   1.0087481e+01   2.8000000e+01   2.0740648e+02   4.8214699e+01  -2.2000000e+02   1.7528975e+01
  -8.0000000e+00   9.5771010e+00   2.8000000e+01   2.0343769e+02   4.5767361e+01  -2.2000000e+02   2.3526286e+01
  -8.0000000e+00   7.6738268e+00   2.8000000e+01   2.0023033e+02   4.4288283e+01  -2.2000000e+02   2.8969470e+01
  -8.0000000e+00   7.8102243e+00   2.8000000e+01   1.9726202e+02   4.2052983e+01  -2.2000000e+02   3.3977768e+01
  -8.0000000e+00   9.1939400e+00   2.8000000e+01   1.9407772e+02   3.9922466e+01  -2.2000000e+02   3.7998807e+01
  -8.0000000e+00   9.3762982e+00   2.8000000e+01   1.9174924e+02   3.8024220e+01  -2.2000000e+02   4.2455192e+01
  -8.0000000e+00   1.1592841e+01   2.8000000e+01   1.8934487e+02   3.6263997e+01  -2.2000000e+02   4.6558003e+01
  -8.0000000e+00   1.3564225e+01   2.8000000e+01   1.8841080e+02   3.5004957e+01  -2.2000000e+02   4.9810765e+01
  -8.0000000e+00   1.3579006e+01   2.8000000e+01   1.8751945e+02   3.3737122e+01  -2.2000000e+02   5.3096901e+01
  -8.0000000e+00   1.7940069e+01   2.8000000e+01   1.8930895e+02   3.3232984e+01  -2.2000000e+02   5.4605305e+01
  -8.0000000e+00   1.7719486e+01   2.8000000e+01   1.9060637e+02   3.2770246e+01  -2.2000000e+02   5.6647800e+01
  -8.0000000e+00   1.5563175e+01   2.8000000e+01   1.9187938e+02   3.2300035e+01  -2.2000000e+02   5.8711507e+01
  -8.0000000e+00   1.6729865e+01   2.8000000e+01   1.9313583e+02   3.1834484e+01  -2.2000000e+02   6.0789764e+01
  -8.0000000e+00   1.7050373e+01   2.8000000e+01   1.9325501e+02   3.1311036e+01  -2.2000000e+02   6.3995084e+01
  -8.0000000e+00   1.4691859e+01   2.8000000e+01   1.9339352e+02   3.0785209e+01  -2.2000000e+02   6.7205516e+01
  -8.0000000e+00   1.4720085e+01   2.8000000e+01   1.9300822e+02   3.0143093e+01  -2.2000000e+02   7.1644104e+01
  -8.0000000e+00   1.3694284e+01   2.8000000e+01   1.9254994e+02   2.9490218e+01  -2.2000000e+02   7.6115077e+01
  -8.0000000e+00   1.1285279e+01   2.8000000e+01   1.8977871e+02   2.8759086e+01  -2.2000000e+02   8.1243299e+01
  -8.0000000e+00   9.2215848e+00   2.8000000e+01   1.8773211e+02   2.8256908e+01  -2.2000000e+02   8.3161965e+01
  -8.0000000e+00   1.5871081e+01   2.8000000e+01   1.8670487e+02   2.8095546e+01  -2.2000000e+02   8.2248559e+01
  -8.0000000e+00   1.2388738e+01   2.8000000e+01   1.7940662e+02   2.8852074e+01  -2.2000000e+02   7.5276158e+01
  -8.0000000e+00   5.4355097e+00   2.8000000e+01   1.7012782e+02   3.6233227e+01  -2.2000000e+02   6.4106521e+01
  -8.0000000e+00   3.9831823e+00   2.8000000e+01   1.6138542e+02   4.3600245e+01  -2.2000000e+02   5.1972307e+01
  -8.0000000e+00   2.7196181e+00   2.8000000e+01   1.5885143e+02   4.9808758e+01  -2.2000000e+02   3.9609414e+01
  -8.0000000e+00   3.2197274e+00   2.8000000e+01   1.6469967e+02   5.5798945e+01  -2.2000000e+02   2.7633850e+01
  -8.0000000e+00   3.8342514e+00   2.8000000e+01   1.7258263e+02   6.0015828e+01  -2.2000000e+02   1.6700338e+01
  -8.0000000e+00   6.0923525e+00   2.8000000e+01   1.8108856e+02   6.3614372e+01  -2.2000000e+02   7.5321306e+00
  -8.0000000e+00   6.4768005e+00   2.8000000e+01   1.9050730e+02   6.6002365e+01  -2.2000000e+02   5.2745508e-01
  -8.0000000e+00   8.5008531e+00   2.8000000e+01   2.0023331e+02   6.6559011e+01  -2.2000000e+02  -4.5532186e+00
  -8.0000000e+00   9.8720696e+00   2.8000000e+01   2.1068675e+02   6.4432918e+01  -2.2000000e+02  -1.0020224e+01
  -8.0000000e+00   1.2449831e+01   2.8000000e+01   2.2148668e+02   6.0614990e+01  -2.2000000e+02  -1.1951188e+01
  -8.0000000e+00   1.2845906e+01   2.8000000e+01   2.2947625e+02   6.3102880e+01  -2.2000000e+02  -1.2411144e+01
  -8.0000000e+00   1.1638883e+01   2.8000000e+01   2.3316056e+02   6.6106292e+01  -2.2000000e+02  -1.0677251e+01
  -8.0000000e+00   1.1624329e+01   2.8000000e+01   2.3302285e+02   6.6972015e+01  -2.2000000e+02  -9.0037719e+00
  -8.0000000e+00   1.1219133e+01   2.8000000e+01   2.3022848e+02   6.5429652e+01  -2.2000000e+02  -3.8661328e+00
  -8.0000000e+00   1.1814014e+01   2.8000000e+01   2.2481817e+02   6.1431410e+01  -2.2000000e+02   9.5682250e-01
  -8.0000000e+00   1.0230136e+01   2.8000000e+01   2.2019016e+02   5.7016547e+01  -2.2000000e+02   7.9754805e+00
  -8.0000000e+00   1.0407045e+01   2.8000000e+01   2.1417133e+02   5.3659295e+01  -2.2000000e+02   1.3257501e+01
  -8.0000000e+00   9.9873436e+00   2.8000000e+01   2.0877556e+02   4.9684356e+01  -2.2000000e+02   1.8632290e+01
  -8.0000000e+00   8.7020886e+00   2.8000000e+01   2.0409161e+02   4.7041599e+01  -2.2000000e+02   2.4604157e+01
  -8.0000000e+00   1.0460604e+01   2.8000000e+01   1.9940214e+02   4.4511197e+01  -2.2000000e+02   2.8868072e+01
  -8.0000000e+00   8.5400069e+00   2.8000000e+01   1.9711767e+02   4.2483229e+01  -2.2000000e+02   3.4311866e+01
  -8.0000000e+00   1.1071564e+01   2.8000000e+01   1.9417206e+02   4.0625656e+01  -2.2000000e+02   3.8370172e+01
  -8.0000000e+00   1.0911687e+01   2.8000000e+01   1.9153342e+02   3.8432140e+01  -2.2000000e+02   4.1614438e+01
  -8.0000000e+00   1.2114598e+01   2.8000000e+01   1.8901931e+02   3.6315629e+01  -2.2000000e+02   4.4981349e+01
  -8.0000000e+00   1.2043508e+01   2.8000000e+01   1.8846757e+02   3.4991291e+01  -2.2000000e+02   4.8820347e+01
  -8.0000000e+00   1.1814170e+01   2.8000000e+01   1.8790005e+02   3.3681368e+01  -2.2000000e+02   5.2699698e+01
  -8.0000000e+00   1.2412668e+01   2.8000000e+01   1.8739329e+02   3.2406422e+01  -2.2000000e+02   5.6530913e+01
  -8.0000000e+00   1.4709336e+01   2.8000000e+01   1.8789494e+02   3.1469906e+01  -2.2000000e+02   5.9357879e+01
  -8.0000000e+00   1.5705258e+01   2.8000000e+01   1.8839110e+02   3.0534894e+01  -2.2000000e+02   6.2205736e+01
  -8.0000000e+00   1.5202359e+01   2.8000000e+01   1.8883316e+02   2.9589484e+01  -2.2000000e+02   6.5110575e+01
  -8.0000000e+00   1.6678052e+01   2.8000000e+01   1.9002179e+02   2.9082631e+01  -2.2000000e+02   6.6849201e+01
  -8.0000000e+00   1.3244841e+01   2.8000000e+01   1.8992905e+02   2.8514587e+01  -2.2000000e+02   7.0405259e+01
  -8.0000000e+00   1.6458768e+01   2.8000000e+01   1.9051246e+02   2.8123774e+01  -2.2000000e+02   7.2763970e+01
  -8.0000000e+00   9.0713010e+00   2.8000000e+01   1.8845324e+02   2.7396754e+01  -2.2000000e+02   7.7730136e+01
  -8.0000000e+00   1.2599395e+01   2.8000000e+01   1.8744604e+02   2.6959071e+01  -2.2000000e+02   8.0011115e+01
  -8.0000000e+00   1.1948324e+01   2.8000000e+01   1.8371726e+02   2.6514681e+01  -2.2000000e+02   8.1917543e+01
  -8.0000000e+00   8.8087091e+00   2.8000000e+01   1.7722722e+02   2.8011049e+01  -2.2000000e+02   7.5220836e+01
  -8.0000000e+00   1.0541299e+01   2.8000000e+01   1.6787897e+02   3.5575616e+01  -2.2000000e+02   6.4709727e+01
  -8.0000000e+00   1.1516554e+01   2.8000000e+01   1.5853176e+02   4.4042425e+01  -2.2000000e+02   5.2954269e+01
  -8.0000000e+00   7.4001727e+00   2.8000000e+01   1.5582236e+02   5.0232884e+01  -2.2000000e+02   4.0630170e+01
  -8.0000000e+00   6.1521111e+00   2.8000000e+01   1.6123816e+02   5.4167451e+01  -2.2000000e+02   2.8771690e+01
  -8.0000000e+00  -1.0210983e-01   2.8000000e+01   1.6957333e+02   5.6657566e+01  -2.2000000e+02   1.7444166e+01
  -8.0000000e+00  -4.4072803e-01   2.8000000e+01   1.7814411e+02   5.9977171e+01  -2.2000000e+02   7.5224954e+00
  -8.0000000e+00  -1.2609134e+00   2.8000000e+01   1.8635344e+02   6.3356987e+01  -2.2000000e+02  -1.2029088e+00
  -8.0000000e+00  -1.8336922e-01   2.8000000e+01   1.9434246e+02   6.7468183e+01  -2.2000000e+02  -8.4178390e+00
  -8.0000000e+00   2.1065262e+00   2.8000000e+01   2.0206331e+02   7.1422900e+01  -2.2000000e+02  -1.3350621e+01
  -8.0000000e+00   3.8576081e+00   2.8000000e+01   2.1092054e+02   7.2744472e+01  -2.2000000e+02  -1.6350656e+01
  -8.0000000e+00   6.8075185e+00   2.8000000e+01   2.2106588e+02   7.0141570e+01  -2.2000000e+02  -1.9934168e+01
  -8.0000000e+00   9.7066110e+00   2.8000000e+01   2.3145969e+02   6.6455775e+01  -2.2000000e+02  -2.2495462e+01
  -8.0000000e+00   8.8691857e+00   2.8000000e+01   2.3824897e+02   6.8639029e+01  -2.2000000e+02  -2.3578483e+01
  -8.0000000e+00   8.7030389e+00   2.8000000e+01   2.4050496e+02   7.1340183e+01  -2.2000000e+02  -2.2612316e+01
  -8.0000000e+00   8.7897833e+00   2.8000000e+01   2.3962316e+02   7.1639431e+01  -2.2000000e+02  -1.9676480e+01
  -8.0000000e+00   9.3057230e+00   2.8000000e+01   2.3516281e+02   6.9190415e+01  -2.2000000e+02  -1.6398834e+01
  -8.0000000e+00   8.5194525e+00   2.8000000e+01   2.3113889e+02   6.4498915e+01  -2.2000000e+02  -1.1895307e+01
  -8.0000000e+00   8.8558615e+00   2.8000000e+01   2.2547025e+02   5.9211933e+01  -2.2000000e+02  -7.8632412e+00
  -8.0000000e+00   8.8084226e+00   2.8000000e+01   2.1858332e+02   5.3254885e+01  -2.2000000e+02  -1.9813569e+00
  -8.0000000e+00   7.7816601e+00   2.8000000e+01   2.1306398e+02   4.8237324e+01  -2.2000000e+02   5.1081474e+00
  -8.0000000e+00   4.9047010e+00   2.8000000e+01   2.0999090e+02   4.5631896e+01  -2.2000000e+02   1.0456988e+01
  -8.0000000e+00   4.9442644e+00   2.8000000e+01   2.0547770e+02   4.3034897e+01  -2.2000000e+02   1.5485739e+01
  -8.0000000e+00   5.2658263e+00   2.8000000e+01   2.0155925e+02   4.0283928e+01  -2.2000000e+02   2.0782459e+01
  -8.0000000e+00   4.8573212e+00   2.8000000e+01   1.9795662e+02   3.8378468e+01  -2.2000000e+02   2.5860941e+01
  -8.0000000e+00   3.3899577e+00   2.8000000e+01   1.9542135e+02   3.6021766e+01  -2.2000000e+02   2.9235521e+01
  -8.0000000e+00   2.4606446e+00   2.8000000e+01   1.9292607e+02   3.3757693e+01  -2.2000000e+02   3.2726997e+01
  -8.0000000e+00   2.4606749e+00   2.8000000e+01   1.9064584e+02   3.1589832e+01  -2.2000000e+02   3.6346684e+01
  -8.0000000e+00   5.0007795e+00   2.8000000e+01   1.8859203e+02   2.9510200e+01  -2.2000000e+02   4.0271218e+01
  -8.0000000e+00   7.3456279e+00   2.8000000e+01   1.8803276e+02   2.8084691e+01  -2.2000000e+02   4.3258834e+01
  -8.0000000e+00   1.0834367e+01   2.8000000e+01   1.8613207e+02   2.6464332e+01  -2.2000000e+02   4.7553788e+01
  -8.0000000e+00   1.2850523e+01   2.8000000e+01   1.8455470e+02   2.4705232e+01  -2.2000000e+02   5.0791542e+01
  -8.0000000e+00   1.6297403e+01   2.8000000e+01   1.8304127e+02   2.3000949e+01  -2.2000000e+02   5.4006422e+01
  -8.0000000e+00   1.3095587e+01   2.8000000e+01   1.7982899e+02   2.2581922e+01  -2.2000000e+02   5.6567235e+01
  -8.0000000e+00   1.0724476e+01   2.8000000e+01   1.7559293e+02   2.3308603e+01  -2.2000000e+02   5.6792555e+01
  -8.0000000e+00   6.3753533e+00   2.8000000e+01   1.6679691e+02   3.0590187e+01  -2.2000000e+02   4.9683199e+01
  -8.0000000e+00   9.4664376e+00   2.8000000e+01   1.5778029e+02   3.9489869e+01  -2.2000000e+02   4.1049647e+01
  -8.0000000e+00   1.0788880e+01   2.8000000e+01   1.5322252e+02   4.6008090e+01  -2.2000000e+02   3.0222016e+01
  -8.0000000e+00   5.3776247e+00   2.8000000e+01   1.5974185e+02   5.2745681e+01  -2.2000000e+02   1.8801046e+01
  -8.0000000e+00   7.1729994e+00   2.8000000e+01   1.6703305e+02   5.9752240e+01  -2.2000000e+02   1.0593416e+01
  -8.0000000e+00   4.0157466e+00   2.8000000e+01   1.7555092e+02   6.3506250e+01  -2.2000000e+02   1.3217280e+00
  -8.0000000e+00   4.3212042e+00   2.8000000e+01   1.8331197e+02   6.7883682e+01  -2.2000000e+02  -4.2805667e+00
  -8.0000000e+00   7.3139676e+00   2.8000000e+01   1.9010383e+02   7.1853199e+01  -2.2000000e+02  -6.6663671e+00
  -8.0000000e+00   8.5046332e+00   2.8000000e+01   1.9701079e+02   7.4986584e+01  -2.2000000e+02  -9.9269801e+00
  -8.0000000e+00   9.4665380e+00   2.8000000e+01   2.0418720e+02   7.6594724e+01  -2.2000000e+02  -1.1045146e+01
  -8.0000000e+00   1.1342264e+01   2.8000000e+01   2.1209694e+02   7.7512332e+01  -2.2000000e+02  -1.1830699e+01
  -8.0000000e+00   1.2701740e+01   2.8000000e+01   2.2097402e+02   7.5575347e+01  -2.2000000e+02  -1.4020645e+01
  -8.0000000e+00   1.4619516e+01   2.8000000e+01   2.3048686e+02   7.1267209e+01  -2.2000000e+02  -1.2489695e+01
  -8.0000000e+00   1.3888824e+01   2.8000000e+01   2.3577160e+02   7.2160826e+01  -2.2000000e+02  -1.1291379e+01
  -8.0000000e+00   1.3783899e+01   2.8000000e+01   2.3614500e+02   7.3332884e+01  -2.2000000e+02  -8.7634135e+00
  -8.0000000e+00   1.4241007e+01   2.8000000e+01   2.3366227e+02   7.3132907e+01  -2.2000000e+02  -4.7990327e+00
  -8.0000000e+00   1.3029470e+01   2.8000000e+01   2.3083111e+02   7.0602044e+01  -2.2000000e+02  -1.2888707e+00
  -8.0000000e+00   1.3087863e+01   2.8000000e+01   2.2619573e+02   6.6769869e+01  -2.2000000e+02   3.8653962e+00
  -8.0000000e+00   1.3238685e+01   2.8000000e+01   2.2037480e+02   6.2329295e+01  -2.2000000e+02   9.1366625e+00
  -8.0000000e+00   1.2515323e+01   2.8000000e+01   2.1484761e+02   5.7697253e+01  -2.2000000e+02   1.4191825e+01
  -8.0000000e+00   1.1961680e+01   2.8000000e+01   2.1018750e+02   5.4648566e+01  -2.2000000e+02   1.9691628e+01
  -8.0000000e+00   1.0239529e+01   2.8000000e+01   2.0574518e+02   5.0979626e+01  -2.2000000e+02   2.5753650e+01
  -8.0000000e+00   9.9638847e+00   2.8000000e+01   2.0082756e+02   4.8560565e+01  -2.2000000e+02   2.9959696e+01
  -8.0000000e+00   9.3372996e+00   2.8000000e+01   1.9666161e+02   4.7233930e+01  -2.2000000e+02   3.3769453e+01
  -8.0000000e+00   9.0144893e+00   2.8000000e+01   1.9428193e+02   4.7266682e+01  -2.2000000e+02   3.7521355e+01
  -8.0000000e+00   1.0769146e+01   2.8000000e+01   1.9073155e+02   4.5774572e+01  -2.2000000e+02   4.3119548e+01
  -8.0000000e+00   1.1451069e+01   2.8000000e+01   1.8755321e+02   4.4103736e+01  -2.2000000e+02   4.6363767e+01
  -8.0000000e+00   1.2810434e+01   2.8000000e+01   1.8530120e+02   4.2360742e+01  -2.2000000e+02   4.9926705e+01
  -8.0000000e+00   1.0681158e+01   2.8000000e+01   1.8421254e+02   4.1627355e+01  -2.2000000e+02   5.3323340e+01
  -8.0000000e+00   1.1764405e+01   2.8000000e+01   1.8324102e+02   4.0952641e+01  -2.2000000e+02   5.6706062e+01
  -8.0000000e+00   1.3132228e+01   2.8000000e+01   1.8324065e+02   4.0093422e+01  -2.2000000e+02   5.9740167e+01
  -8.0000000e+00   1.6050616e+01   2.8000000e+01   1.8327203e+02   3.9261051e+01  -2.2000000e+02   6.2746121e+01
  -8.0000000e+00   1.5484394e+01   2.8000000e+01   1.8319782e+02   3.8383526e+01  -2.2000000e+02   6.5766694e+01
  -8.0000000e+00   1.5897887e+01   2.8000000e+01   1.8310025e+02   3.7512594e+01  -2.2000000e+02   6.8839112e+01
  -8.0000000e+00   1.6119966e+01   2.8000000e+01   1.8257034e+02   3.6591780e+01  -2.2000000e+02   7.2687583e+01
  -8.0000000e+00   1.6987638e+01   2.8000000e+01   1.8336471e+02   3.6038110e+01  -2.2000000e+02   7.5222107e+01
  -8.0000000e+00   1.3313999e+01   2.8000000e+01   1.8340681e+02   3.5421426e+01  -2.2000000e+02   7.8832587e+01
  -8.0000000e+00   1.3375676e+01   2.8000000e+01   1.8349764e+02   3.4834039e+01  -2.2000000e+02   8.2353499e+01
  -8.0000000e+00   1.2909746e+01   2.8000000e+01   1.8367824e+02   3.4428452e+01  -2.2000000e+02   8.4503556e+01
  -8.0000000e+00   1.4592491e+01   2.8000000e+01   1.8385676e+02   3.4043653e+01  -2.2000000e+02   8.6555395e+01
  -8.0000000e+00   1.5880180e+01   2.8000000e+01   1.8347419e+02   3.3851992e+01  -2.2000000e+02   8.6806755e+01
  -8.0000000e+00   1.6805330e+01   2.8000000e+01   1.8310029e+02   3.3666392e+01  -2.2000000e+02   8.7008177e+01
  -8.0000000e+00   1.6913834e+01   2.8000000e+01   1.8267167e+02   3.3572589e+01  -2.2000000e+02   8.6130977e+01
  -8.0000000e+00   1.6512919e+01   2.8000000e+01   1.7845723e+02   3.4210017e+01  -2.2000000e+02   8.0455852e+01
  -8.0000000e+00   1.5577629e+01   2.8000000e+01   1.7121470e+02   3.6032809e+01  -2.2000000e+02   7.2405504e+01
  -8.0000000e+00   1.1962637e+01   2.8000000e+01   1.6353189e+02   4.0010481e+01  -2.2000000e+02   6.2185606e+01
  -8.0000000e+00   4.9893093e+00   2.8000000e+01   1.6493638e+02   3.8087622e+01  -2.2000000e+02   5.1886196e+01
  -8.0000000e+00   2.6972958e+00   2.8000000e+01   1.6470270e+02   4.6767455e+01  -2.2000000e+02   4.0469468e+01
  -8.0000000e+00   3.7411079e+00   2.8000000e+01   1.6035757e+02   5.3663867e+01  -2.2000000e+02   2.9392891e+01
  -8.0000000e+00   9.6057053e+00   2.8000000e+01   1.5524319e+02   5.4474960e+01  -2.2000000e+02   1.8312202e+01
  -8.0000000e+00   1.1972444e+01   2.8000000e+01   1.5465965e+02   5.5134592e+01  -2.2000000e+02   7.8174615e+00
  -8.0000000e+00   9.7016766e+00   2.8000000e+01   1.6059900e+02   5.9648364e+01  -2.2000000e+02  -7.8708435e-01
  -8.0000000e+00   8.0533441e+00   2.8000000e+01   1.6853453e+02   6.4713125e+01  -2.2000000e+02  -3.7397801e+00
  -8.0000000e+00   7.3280017e+00   2.8000000e+01   1.7711583e+02   6.8445810e+01  -2.2000000e+02  -7.3660852e+00
  -8.0000000e+00   7.8725731e+00   2.8000000e+01   1.8652594e+02   7.0346055e+01  -2.2000000e+02  -8.0630820e+00
  -8.0000000e+00   1.1594896e+01   2.8000000e+01   1.9699077e+02   6.8156084e+01  -2.2000000e+02  -5.8803054e+00
  -8.0000000e+00   1.6237241e+01   2.8000000e+01   2.0859009e+02   6.1701940e+01  -2.2000000e+02  -6.6358283e+00
  -8.0000000e+00   1.7247976e+01   2.8000000e+01   2.1889388e+02   6.2002562e+01  -2.2000000e+02  -6.9728593e+00
  -8.0000000e+00   1.5470786e+01   2.8000000e+01   2.2626448e+02   6.5544702e+01  -2.2000000e+02  -7.0728460e+00
  -8.0000000e+00   1.4847791e+01   2.8000000e+01   2.3003135e+02   6.8715949e+01  -2.2000000e+02  -4.5455066e+00
  -8.0000000e+00   1.4020929e+01   2.8000000e+01   2.3084785e+02   7.0860137e+01  -2.2000000e+02  -2.2029123e+00
  -8.0000000e+00   1.3887740e+01   2.8000000e+01   2.3018098e+02   7.0919291e+01  -2.2000000e+02  -1.3888082e-01
  -8.0000000e+00   1.3138879e+01   2.8000000e+01   2.2939417e+02   6.9837896e+01  -2.2000000e+02   2.5689544e+00
  -8.0000000e+00   1.3262191e+01   2.8000000e+01   2.2808379e+02   6.8118743e+01  -2.2000000e+02   4.3630688e+00
  -8.0000000e+00   1.3553954e+01   2.8000000e+01   2.2411853e+02   6.6149663e+01  -2.2000000e+02   7.9259685e+00
  -8.0000000e+00   1.2627724e+01   2.8000000e+01   2.2012213e+02   6.4245287e+01  -2.2000000e+02   1.1647792e+01
  -8.0000000e+00   1.2931892e+01   2.8000000e+01   2.1501715e+02   6.1933683e+01  -2.2000000e+02   1.6584967e+01
  -8.0000000e+00   1.2925449e+01   2.8000000e+01   2.1015087e+02   5.8636534e+01  -2.2000000e+02   2.0669191e+01
  -8.0000000e+00   1.2601801e+01   2.8000000e+01   2.0466060e+02   5.5833653e+01  -2.2000000e+02   2.6852934e+01
  -8.0000000e+00   1.4042010e+01   2.8000000e+01   1.9938430e+02   5.3154750e+01  -2.2000000e+02   3.2388163e+01
  -8.0000000e+00   1.3082712e+01   2.8000000e+01   1.9462950e+02   5.0908067e+01  -2.2000000e+02   3.7493075e+01
  -8.0000000e+00   8.5469281e+00   2.8000000e+01   1.9157202e+02   5.0429559e+01  -2.2000000e+02   4.3704842e+01
  -8.0000000e+00   1.1162745e+01   2.8000000e+01   1.8796441e+02   5.0155945e+01  -2.2000000e+02   4.7465607e+01
  -8.0000000e+00   1.2918311e+01   2.8000000e+01   1.8521653e+02   4.9099997e+01  -2.2000000e+02   5.1842003e+01
  -8.0000000e+00   1.4581538e+01   2.8000000e+01   1.8381001e+02   4.7818821e+01  -2.2000000e+02   5.5787928e+01
  -8.0000000e+00   1.4025288e+01   2.8000000e+01   1.8349366e+02   4.7430376e+01  -2.2000000e+02   5.9258952e+01
  -8.0000000e+00   1.6260453e+01   2.8000000e+01   1.8399336e+02   4.7125635e+01  -2.2000000e+02   6.2202329e+01
  -8.0000000e+00   1.5000709e+01   2.8000000e+01   1.8356670e+02   4.6810542e+01  -2.2000000e+02   6.6632110e+01
  -8.0000000e+00   1.4597280e+01   2.8000000e+01   1.8168351e+02   4.6469504e+01  -2.2000000e+02   7.1819646e+01
  -8.0000000e+00   1.5394678e+01   2.8000000e+01   1.8043618e+02   4.6211856e+01  -2.2000000e+02   7.5152684e+01
  -8.0000000e+00   1.4605318e+01   2.8000000e+01   1.7718086e+02   4.6586232e+01  -2.2000000e+02   7.6266251e+01
  -8.0000000e+00   1.3902269e+01   2.8000000e+01   1.6910056e+02   4.8847006e+01  -2.2000000e+02   6.7488214e+01
  -8.0000000e+00   1.3938547e+01   2.8000000e+01   1.6013324e+02   5.2100022e+01  -2.2000000e+02   5.6621612e+01
  -8.0000000e+00   1.1618276e+01   2.8000000e+01   1.5287020e+02   5.3464371e+01  -2.2000000e+02   4.4834363e+01
  -8.0000000e+00   1.0148041e+01   2.8000000e+01   1.5350338e+02   5.5165609e+01  -2.2000000e+02   3.3186147e+01
  -8.0000000e+00   6.5664617e+00   2.8000000e+01   1.6005559e+02   5.7284063e+01  -2.2000000e+02   2.1798966e+01
  -8.0000000e+00   4.1907556e+00   2.8000000e+01   1.6816086e+02   6.1489324e+01  -2.2000000e+02   1.1491336e+01
  -8.0000000e+00   4.2162449e+00   2.8000000e+01   1.7583392e+02   6.5173857e+01  -2.2000000e+02   3.6041510e+00
  -8.0000000e+00   5.3137766e+00   2.8000000e+01   1.8412561e+02   6.8693132e+01  -2.2000000e+02  -3.0729270e+00
  -8.0000000e+00   4.3180954e+00   2.8000000e+01   1.9205203e+02   7.2080102e+01  -2.2000000e+02  -7.0547487e+00
  -8.0000000e+00   6.4989390e+00   2.8000000e+01   2.0065184e+02   7.3320246e+01  -2.2000000e+02  -9.0853150e+00
  -8.0000000e+00   9.0407753e+00   2.8000000e+01   2.1047729e+02   7.1494941e+01  -2.2000000e+02  -1.1167789e+01
  -8.0000000e+00   1.2129558e+01   2.8000000e+01   2.2077201e+02   6.8450041e+01  -2.2000000e+02  -1.3521697e+01
  -8.0000000e+00   1.5046512e+01   2.8000000e+01   2.3004119e+02   6.7658407e+01  -2.2000000e+02  -1.4307636e+01
  -8.0000000e+00   1.3383900e+01   2.8000000e+01   2.3473046e+02   7.0252378e+01  -2.2000000e+02  -1.2859418e+01
  -8.0000000e+00   1.2159496e+01   2.8000000e+01   2.3595219e+02   7.1943306e+01  -2.2000000e+02  -1.0086794e+01
  -8.0000000e+00   1.1899556e+01   2.8000000e+01   2.3486707e+02   7.1646123e+01  -2.2000000e+02  -7.3192644e+00
  -8.0000000e+00   1.1015050e+01   2.8000000e+01   2.3295278e+02   6.9680446e+01  -2.2000000e+02  -3.7709100e+00
  -8.0000000e+00   1.1294135e+01   2.8000000e+01   2.2950283e+02   6.6974723e+01  -2.2000000e+02  -5.9764410e-01
  -8.0000000e+00   1.1889408e+01   2.8000000e+01   2.2396423e+02   6.3385260e+01  -2.2000000e+02   4.6503362e+00
  -8.0000000e+00   1.1054556e+01   2.8000000e+01   2.1893349e+02   5.9240120e+01  -2.2000000e+02   9.6539850e+00
  -8.0000000e+00   1.1313366e+01   2.8000000e+01   2.1329798e+02   5.5993677e+01  -2.2000000e+02   1.4297188e+01
  -8.0000000e+00   9.3560200e+00   2.8000000e+01   2.0954740e+02   5.2964157e+01  -2.2000000e+02   1.8400847e+01
  -8.0000000e+00   7.5291805e+00   2.8000000e+01   2.0599039e+02   5.0820369e+01  -2.2000000e+02   2.3792253e+01
  -8.0000000e+00   7.3492738e+00   2.8000000e+01   2.0256467e+02   4.9296514e+01  -2.2000000e+02   2.9083443e+01
  -8.0000000e+00   6.0413303e+00   2.8000000e+01   1.9976935e+02   4.8034071e+01  -2.2000000e+02   3.2378083e+01
  -8.0000000e+00   8.3832593e+00   2.8000000e+01   1.9593578e+02   4.6592952e+01  -2.2000000e+02   3.7365718e+01
  -8.0000000e+00   1.0098130e+01   2.8000000e+01   1.9143535e+02   4.4266039e+01  -2.2000000e+02   4.1475313e+01
  -8.0000000e+00   1.1924706e+01   2.8000000e+01   1.8832846e+02   4.1937756e+01  -2.2000000e+02   4.4978611e+01
  -8.0000000e+00   9.9433731e+00   2.8000000e+01   1.8651788e+02   4.0713288e+01  -2.2000000e+02   4.9021005e+01
  -8.0000000e+00   1.1496309e+01   2.8000000e+01   1.8551960e+02   3.9719002e+01  -2.2000000e+02   5.2287364e+01
  -8.0000000e+00   1.1671201e+01   2.8000000e+01   1.8513760e+02   3.8670778e+01  -2.2000000e+02   5.6438839e+01
  -8.0000000e+00   1.0887939e+01   2.8000000e+01   1.8477471e+02   3.7675193e+01  -2.2000000e+02   6.0591815e+01
  -8.0000000e+00   1.2590676e+01   2.8000000e+01   1.8473665e+02   3.6956468e+01  -2.2000000e+02   6.4249744e+01
  -8.0000000e+00   1.5903719e+01   2.8000000e+01   1.8553068e+02   3.6497018e+01  -2.2000000e+02   6.6674932e+01
  -8.0000000e+00   1.6755040e+01   2.8000000e+01   1.8634527e+02   3.6040640e+01  -2.2000000e+02   6.9117867e+01
  -8.0000000e+00   1.4346871e+01   2.8000000e+01   1.8707140e+02   3.5683550e+01  -2.2000000e+02   7.2612960e+01
  -8.0000000e+00   1.2163642e+01   2.8000000e+01   1.8693362e+02   3.5295779e+01  -2.2000000e+02   7.6852966e+01
  -8.0000000e+00   1.3020240e+01   2.8000000e+01   1.8789288e+02   3.5035221e+01  -2.2000000e+02   7.9468716e+01
  -8.0000000e+00   1.3736817e+01   2.8000000e+01   1.8885649e+02   3.4775923e+01  -2.2000000e+02   8.2069059e+01
  -8.0000000e+00   1.4771706e+01   2.8000000e+01   1.8981257e+02   3.4524395e+01  -2.2000000e+02   8.4602035e+01
  -8.0000000e+00   1.3693863e+01   2.8000000e+01   1.9006951e+02   3.4393679e+01  -2.2000000e+02   8.5992100e+01
  -8.0000000e+00   1.3226048e+01   2.8000000e+01   1.8794749e+02   3.4216738e+01  -2.2000000e+02   8.7807186e+01
  -8.0000000e+00   1.3006399e+01   2.8000000e+01   1.8618015e+02   3.4116216e+01  -2.2000000e+02   8.7950106e+01
  -8.0000000e+00   1.5713262e+01   2.8000000e+01   1.8498031e+02   3.4033911e+01  -2.2000000e+02   8.7240039e+01
  -8.0000000e+00   1.4392931e+01   2.8000000e+01   1.8246571e+02   3.4069789e+01  -2.2000000e+02   8.3570280e+01
  -8.0000000e+00   1.2174427e+01   2.8000000e+01   1.7510623e+02   3.4592919e+01  -2.2000000e+02   7.4524009e+01
  -8.0000000e+00   7.5728323e+00   2.8000000e+01   1.6637420e+02   4.0723826e+01  -2.2000000e+02   6.3500572e+01
  -8.0000000e+00   5.1210952e+00   2.8000000e+01   1.5861809e+02   4.6431229e+01  -2.2000000e+02   5.1416394e+01
  -8.0000000e+00   3.6777075e+00   2.8000000e+01   1.5640817e+02   4.8180648e+01  -2.2000000e+02   3.9182716e+01
  -8.0000000e+00   2.3969638e+00   2.8000000e+01   1.5878732e+02   4.8210658e+01  -2.2000000e+02   2.7223469e+01
  -8.0000000e+00  -1.9280502e+00   2.8000000e+01   1.6613434e+02   5.2603685e+01  -2.2000000e+02   1.5967540e+01
  -8.0000000e+00  -3.0861155e+00   2.8000000e+01   1.7509506e+02   5.7020626e+01  -2.2000000e+02   7.2793051e+00
  -8.0000000e+00  -1.0902812e+00   2.8000000e+01   1.8379747e+02   6.1698059e+01  -2.2000000e+02   1.8437919e-01
  -8.0000000e+00  -4.6397134e-01   2.8000000e+01   1.9282883e+02   6.5038701e+01  -2.2000000e+02  -5.7755223e+00
  -8.0000000e+00  -3.7510104e-01   2.8000000e+01   2.0084284e+02   6.9013590e+01  -2.2000000e+02  -1.0093037e+01
  -8.0000000e+00   3.6207472e+00   2.8000000e+01   2.0903209e+02   7.1570110e+01  -2.2000000e+02  -1.0658669e+01
  -8.0000000e+00   6.7972568e+00   2.8000000e+01   2.1834058e+02   7.0453452e+01  -2.2000000e+02  -1.2707364e+01
  -8.0000000e+00   9.6103719e+00   2.8000000e+01   2.2802869e+02   6.7616139e+01  -2.2000000e+02  -1.3522261e+01
  -8.0000000e+00   9.9328414e+00   2.8000000e+01   2.3412560e+02   6.8981853e+01  -2.2000000e+02  -1.2767372e+01
  -8.0000000e+00   9.4577566e+00   2.8000000e+01   2.3620417e+02   7.0703922e+01  -2.2000000e+02  -1.1272771e+01
  -8.0000000e+00   9.4414506e+00   2.8000000e+01   2.3592633e+02   7.0641129e+01  -2.2000000e+02  -8.4262393e+00
  -8.0000000e+00   9.0343678e+00   2.8000000e+01   2.3416994e+02   6.9346582e+01  -2.2000000e+02  -5.6584954e+00
  -8.0000000e+00   8.8827568e+00   2.8000000e+01   2.3165112e+02   6.6558671e+01  -2.2000000e+02  -2.0879279e+00
  -8.0000000e+00   8.7694642e+00   2.8000000e+01   2.2742920e+02   6.2473997e+01  -2.2000000e+02   1.4206631e+00
  -8.0000000e+00   8.1247942e+00   2.8000000e+01   2.2373223e+02   5.8343311e+01  -2.2000000e+02   5.2367084e+00
  -8.0000000e+00   8.4740474e+00   2.8000000e+01   2.1891713e+02   5.5112521e+01  -2.2000000e+02   1.0085599e+01
  -8.0000000e+00   8.1123018e+00   2.8000000e+01   2.1398473e+02   5.1912051e+01  -2.2000000e+02   1.4699315e+01
  -8.0000000e+00   6.8830845e+00   2.8000000e+01   2.1023858e+02   4.9127098e+01  -2.2000000e+02   1.8369112e+01
  -8.0000000e+00   6.6776260e+00   2.8000000e+01   2.0642044e+02   4.7062489e+01  -2.2000000e+02   2.3265863e+01
  -8.0000000e+00   5.2051965e+00   2.8000000e+01   2.0439180e+02   4.6649242e+01  -2.2000000e+02   2.7421671e+01
  -8.0000000e+00   2.8867562e+00   2.8000000e+01   2.0232451e+02   4.6139376e+01  -2.2000000e+02   3.1436511e+01
  -8.0000000e+00   5.5312683e+00   2.8000000e+01   1.9771341e+02   4.4257763e+01  -2.2000000e+02   3.6944027e+01
  -8.0000000e+00   7.1495140e+00   2.8000000e+01   1.9409896e+02   4.2253215e+01  -2.2000000e+02   4.1199087e+01
  -8.0000000e+00   9.4005583e+00   2.8000000e+01   1.9108551e+02   4.0625789e+01  -2.2000000e+02   4.4659574e+01
  -8.0000000e+00   6.3330373e+00   2.8000000e+01   1.8898354e+02   3.9117653e+01  -2.2000000e+02   4.9309266e+01
  -8.0000000e+00   8.7295297e+00   2.8000000e+01   1.8711683e+02   3.7815086e+01  -2.2000000e+02   5.4069233e+01
  -8.0000000e+00   1.0942571e+01   2.8000000e+01   1.8671086e+02   3.6881238e+01  -2.2000000e+02   5.7555660e+01
  -8.0000000e+00   1.1702226e+01   2.8000000e+01   1.8553921e+02   3.6007449e+01  -2.2000000e+02   6.2191091e+01
  -8.0000000e+00   1.4368194e+01   2.8000000e+01   1.8572575e+02   3.5377609e+01  -2.2000000e+02   6.5090526e+01
  -8.0000000e+00   1.7191401e+01   2.8000000e+01   1.8717608e+02   3.5064741e+01  -2.2000000e+02   6.6961243e+01
  -8.0000000e+00   1.2322548e+01   2.8000000e+01   1.8619862e+02   3.4520874e+01  -2.2000000e+02   7.2425988e+01
  -8.0000000e+00   1.1772539e+01   2.8000000e+01   1.8465339e+02   3.4016043e+01  -2.2000000e+02   7.6950228e+01
  -8.0000000e+00   1.1554449e+01   2.8000000e+01   1.8353642e+02   3.3464886e+01  -2.2000000e+02   8.0417582e+01
  -8.0000000e+00   1.5178650e+01   2.8000000e+01   1.8419017e+02   3.3186915e+01  -2.2000000e+02   8.1963679e+01
  -8.0000000e+00   1.1667972e+01   2.8000000e+01   1.8208281e+02   3.2917597e+01  -2.2000000e+02   8.3418009e+01
  -8.0000000e+00   1.1060736e+01   2.8000000e+01   1.7612081e+02   3.4011267e+01  -2.2000000e+02   7.7362188e+01
  -8.0000000e+00   9.6536961e+00   2.8000000e+01   1.6903688e+02   3.7137529e+01  -2.2000000e+02   6.9097390e+01
  -8.0000000e+00   8.9679983e+00   2.8000000e+01   1.6038587e+02   4.4205971e+01  -2.2000000e+02   5.7657849e+01
  -8.0000000e+00   8.3722931e+00   2.8000000e+01   1.5413148e+02   5.0624297e+01  -2.2000000e+02   4.5530192e+01
  -8.0000000e+00   7.0097603e+00   2.8000000e+01   1.5563294e+02   5.3277540e+01  -2.2000000e+02   3.3400137e+01
  -8.0000000e+00   1.8805034e+00   2.8000000e+01   1.6311645e+02   5.6694307e+01  -2.2000000e+02   2.1761258e+01
  -8.0000000e+00   9.2605760e-01   2.8000000e+01   1.7142867e+02   6.0543178e+01  -2.2000000e+02   1.1909698e+01
  -8.0000000e+00   2.4154017e+00   2.8000000e+01   1.7998479e+02   6.3678033e+01  -2.2000000e+02   3.1237346e+00
  -8.0000000e+00   3.0502350e+00   2.8000000e+01   1.8869690e+02   6.7082702e+01  -2.2000000e+02  -3.9608920e+00
  -8.0000000e+00   5.5246527e+00   2.8000000e+01   1.9796667e+02   6.9077516e+01  -2.2000000e+02  -7.9721567e+00
  -8.0000000e+00   8.3900872e+00   2.8000000e+01   2.0806786e+02   6.7965628e+01  -2.2000000e+02  -1.0785574e+01
  -8.0000000e+00   1.1756926e+01   2.8000000e+01   2.1866124e+02   6.5375959e+01  -2.2000000e+02  -1.2819238e+01
  -8.0000000e+00   1.3086270e+01   2.8000000e+01   2.2779293e+02   6.6035300e+01  -2.2000000e+02  -1.3348350e+01
  -8.0000000e+00   1.2277380e+01   2.8000000e+01   2.3220431e+02   6.9318817e+01  -2.2000000e+02  -1.1993311e+01
  -8.0000000e+00   1.1289217e+01   2.8000000e+01   2.3356489e+02   7.0754881e+01  -2.2000000e+02  -8.9284328e+00
  -8.0000000e+00   1.0879026e+01   2.8000000e+01   2.3335217e+02   7.0610620e+01  -2.2000000e+02  -7.3900461e+00
  -8.0000000e+00   1.0255982e+01   2.8000000e+01   2.3166013e+02   6.9582096e+01  -2.2000000e+02  -3.7736410e+00
  -8.0000000e+00   1.0173472e+01   2.8000000e+01   2.2821365e+02   6.7179966e+01  -2.2000000e+02   8.5868304e-01
  -8.0000000e+00   1.0821480e+01   2.8000000e+01   2.2254133e+02   6.3841574e+01  -2.2000000e+02   5.3150522e+00
  -8.0000000e+00   1.0995402e+01   2.8000000e+01   2.1682713e+02   6.0433352e+01  -2.2000000e+02   9.6598309e+00
  -8.0000000e+00   1.0631641e+01   2.8000000e+01   2.1178726e+02   5.6350233e+01  -2.2000000e+02   1.4674068e+01
  -8.0000000e+00   1.0043528e+01   2.8000000e+01   2.0678984e+02   5.3079359e+01  -2.2000000e+02   1.9939853e+01
  -8.0000000e+00   9.4050128e+00   2.8000000e+01   2.0413136e+02   5.1251149e+01  -2.2000000e+02   2.4948641e+01
  -8.0000000e+00   7.8360756e+00   2.8000000e+01   2.0100618e+02   4.9643419e+01  -2.2000000e+02   2.9669531e+01
