  -2.8333310e+01   1.6922373e+01   1.0885435e+01   1.9696534e+02   6.8792511e+01  -2.5713896e+02   5.8900790e+01
  -3.0623750e+01   6.5256152e+00   1.0023850e+01   1.9471028e+02   7.7793303e+01  -2.4319478e+02   6.1629757e+01
  -3.0164222e+01  -3.8422119e+00   9.2741472e+00   1.9246982e+02   8.6604575e+01  -2.2919565e+02   6.4332561e+01
  -2.1818409e+01   1.0000000e+00   2.3274033e+01   1.8992811e+02   9.0984874e+01  -2.2000000e+02   6.8159954e+01
  -1.3590763e+01   1.0000000e+00   2.8000000e+01   1.8738696e+02   9.5356292e+01  -2.2000000e+02   7.1992940e+01
  -1.1698633e+01   1.0000000e+00   2.8000000e+01   1.8554367e+02   9.6235695e+01  -2.2000000e+02   7.3969072e+01
  -6.4767786e+00   1.0000000e+00   2.8000000e+01   1.8398973e+02   9.6673431e+01  -2.2000000e+02   7.0050580e+01
  -3.4237493e+00   1.0000000e+00   2.8000000e+01   1.8324742e+02   9.5882884e+01  -2.2000000e+02   6.3381988e+01
  -2.5792101e+00   1.0000000e+00   2.8000000e+01   1.8302039e+02   8.9935867e+01  -2.2000000e+02   5.2874522e+01
   9.3389717e-01   1.0000000e+00   2.8000000e+01   1.8174792e+02   8.2129482e+01  -2.2000000e+02   4.1487044e+01
   5.6610364e+00   1.0000000e+00   2.8000000e+01   1.7704337e+02   7.2096898e+01  -2.2000000e+02   2.9516384e+01
   1.0147862e+01   1.0000000e+00   2.8000000e+01   1.7761280e+02   6.5469252e+01  -2.2000000e+02   1.8015643e+01
   1.2861259e+01   1.0000000e+00   2.8000000e+01   1.8437154e+02   6.3216122e+01  -2.2000000e+02   8.1431597e+00
   1.5722131e+01   1.0000000e+00   2.8000000e+01   1.9309440e+02   6.2984179e+01  -2.2000000e+02   2.5056840e+00
   1.9733530e+01   1.0000000e+00   2.8000000e+01   2.0352757e+02   5.9720182e+01  -2.2000000e+02  -2.3697734e+00
   2.1967973e+01   1.0000000e+00   2.8000000e+01   2.1443312e+02   5.5376648e+01  -2.2000000e+02  -7.2170171e+00
   2.0418119e+01   1.0000000e+00   2.8000000e+01   2.2565772e+02   4.9541176e+01  -2.2000000e+02  -1.2196505e+01
   1.6327378e+01   1.0000000e+00   2.8000000e+01   2.3698203e+02   4.2683808e+01  -2.2000000e+02  -1.6461470e+01
   1.5003810e+01   1.0000000e+00   2.8000000e+01   2.4320900e+02   4.3624475e+01  -2.2000000e+02  -1.7809900e+01
   1.3093063e+01   1.0000000e+00   2.8000000e+01   2.4294715e+02   4.6113545e+01  -2.2000000e+02  -1.4684055e+01
   1.0950275e+01   1.0000000e+00   2.8000000e+01   2.3953959e+02   4.7569465e+01  -2.2000000e+02  -8.4471811e+00
   8.6013940e+00   1.0000000e+00   2.8000000e+01   2.3510355e+02   4.8279920e+01  -2.2000000e+02  -3.4945237e+00
   5.7798719e+00   1.0000000e+00   2.8000000e+01   2.3033527e+02   4.8939017e+01  -2.2000000e+02   2.6204922e+00
   2.7284029e+00   1.0000000e+00   2.8000000e+01   2.2574674e+02   4.9723430e+01  -2.2000000e+02   9.7537839e+00
  -1.4846660e-01   1.0000000e+00   2.8000000e+01   2.1982672e+02   5.0699103e+01  -2.2000000e+02   1.5069528e+01
  -3.5024074e+00   1.0000000e+00   2.8000000e+01   2.1449818e+02   5.0853272e+01  -2.2000000e+02   1.9712694e+01
  -8.2080894e+00   1.0000000e+00   2.8000000e+01   2.0811055e+02   5.3234109e+01  -2.2000000e+02   2.5851792e+01
  -1.2802687e+01   1.0000000e+00   2.8000000e+01   2.0303913e+02   5.6094206e+01  -2.2000000e+02   2.9879694e+01
  -1.6188721e+01   1.0000000e+00   2.8000000e+01   1.9699518e+02   5.8221831e+01  -2.2000000e+02   3.4898255e+01
  -1.7473202e+01   1.0000000e+00   2.8000000e+01   1.9286538e+02   5.9069408e+01  -2.2000000e+02   3.9833305e+01
  -2.0482327e+01   1.0000000e+00   2.8000000e+01   1.8939068e+02   6.0380940e+01  -2.2000000e+02   4.3971215e+01
  -2.3900824e+01   1.0000000e+00   2.8000000e+01   1.8771450e+02   6.2271835e+01  -2.2000000e+02   4.8219798e+01
  -2.6406777e+01   1.0000000e+00   2.8000000e+01   1.8607001e+02   6.4195655e+01  -2.2000000e+02   5.2464633e+01
  -2.7239034e+01   1.0000000e+00   2.8000000e+01   1.8631412e+02   6.5474852e+01  -2.2000000e+02   5.5346815e+01
  -2.8192494e+01   1.0000000e+00   2.8000000e+01   1.8658053e+02   6.6733038e+01  -2.2000000e+02   5.8211551e+01
  -2.7997387e+01   1.0000000e+00   2.8000000e+01   1.8612002e+02   6.8502063e+01  -2.2000000e+02   6.3648141e+01
  -2.8001741e+01   1.0000000e+00   2.8000000e+01   1.8567429e+02   7.0102330e+01  -2.2000000e+02   6.8421147e+01
  -2.9192523e+01   1.0000000e+00   2.8000000e+01   1.8507576e+02   7.1542086e+01  -2.2000000e+02   7.2386786e+01
  -2.7081210e+01   1.0000000e+00   2.8000000e+01   1.8489804e+02   7.2825172e+01  -2.2000000e+02   7.5446462e+01
  -2.5638489e+01   1.0000000e+00   2.8000000e+01   1.8490872e+02   7.4049057e+01  -2.2000000e+02   7.7557754e+01
  -2.3149111e+01   1.0000000e+00   2.8000000e+01   1.8451953e+02   7.5128337e+01  -2.2000000e+02   7.8455009e+01
  -2.0147442e+01   1.0000000e+00   2.8000000e+01   1.8396741e+02   7.5948278e+01  -2.2000000e+02   7.8094262e+01
  -1.6356876e+01   1.0000000e+00   2.8000000e+01   1.8347975e+02   7.6426169e+01  -2.2000000e+02   7.4237607e+01
  -1.2468462e+01   1.0000000e+00   2.8000000e+01   1.7982264e+02   7.6933105e+01  -2.2000000e+02   6.7069847e+01
  -7.2745075e+00   1.0000000e+00   2.8000000e+01   1.7647937e+02   7.7204271e+01  -2.2000000e+02   5.7657349e+01
  -3.4808299e+00   1.0000000e+00   2.8000000e+01   1.7347758e+02   7.4485715e+01  -2.2000000e+02   4.7551294e+01
   3.8426220e-01   1.0000000e+00   2.8000000e+01   1.6998032e+02   6.6606559e+01  -2.2000000e+02   3.5735318e+01
   4.6850127e+00   1.0000000e+00   2.8000000e+01   1.7045465e+02   5.8239250e+01  -2.2000000e+02   2.3384315e+01
   8.0947012e+00   1.0000000e+00   2.8000000e+01   1.7822635e+02   5.6697727e+01  -2.2000000e+02   1.2288891e+01
   9.3282602e+00   1.0000000e+00   2.8000000e+01   1.8556601e+02   5.6159954e+01  -2.2000000e+02   2.3930679e+00
   1.2098368e+01   1.0000000e+00   2.8000000e+01   1.9506352e+02   5.5732423e+01  -2.2000000e+02  -4.5718942e+00
   1.5020254e+01   1.0000000e+00   2.8000000e+01   2.0557372e+02   5.3455901e+01  -2.2000000e+02  -1.2054953e+01
   1.6251869e+01   1.0000000e+00   2.8000000e+01   2.1631243e+02   5.0902365e+01  -2.2000000e+02  -1.6789974e+01
   1.5310993e+01   1.0000000e+00   2.8000000e+01   2.2749009e+02   4.6466506e+01  -2.2000000e+02  -1.9934997e+01
   1.3502782e+01   1.0000000e+00   2.8000000e+01   2.3803388e+02   4.1970766e+01  -2.2000000e+02  -1.9828759e+01
   1.1899085e+01   1.0000000e+00   2.8000000e+01   2.4058617e+02   4.3137781e+01  -2.2000000e+02  -1.6881183e+01
   9.4007649e+00   1.0000000e+00   2.8000000e+01   2.3796000e+02   4.4642582e+01  -2.2000000e+02  -1.1559138e+01
   6.1453150e+00   1.0000000e+00   2.8000000e+01   2.3374666e+02   4.6081376e+01  -2.2000000e+02  -5.5267989e+00
   3.3264164e+00   1.0000000e+00   2.8000000e+01   2.3000581e+02   4.7190072e+01  -2.2000000e+02   1.1393871e+00
   1.5096958e+00   1.0000000e+00   2.8000000e+01   2.2583405e+02   4.7526493e+01  -2.2000000e+02   8.3096137e+00
  -4.0841304e-01   1.0000000e+00   2.8000000e+01   2.2223677e+02   4.7687970e+01  -2.2000000e+02   1.3708951e+01
  -2.8476170e+00   1.0000000e+00   2.8000000e+01   2.1793262e+02   4.9346905e+01  -2.2000000e+02   1.8992377e+01
  -6.5252568e+00   1.0000000e+00   2.8000000e+01   2.1371776e+02   5.0984249e+01  -2.2000000e+02   2.3524698e+01
  -1.0278417e+01   1.0000000e+00   2.8000000e+01   2.0927502e+02   5.3294075e+01  -2.2000000e+02   2.7365739e+01
  -1.2781074e+01   1.0000000e+00   2.8000000e+01   2.0519850e+02   5.5256937e+01  -2.2000000e+02   3.2439011e+01
  -1.5736756e+01   1.0000000e+00   2.8000000e+01   2.0152426e+02   5.6439710e+01  -2.2000000e+02   3.6411186e+01
  -1.8851762e+01   1.0000000e+00   2.8000000e+01   1.9743366e+02   5.7560761e+01  -2.2000000e+02   3.8916507e+01
  -2.1239975e+01   1.0000000e+00   2.8000000e+01   1.9468421e+02   5.8732826e+01  -2.2000000e+02   4.1957385e+01
  -2.3482471e+01   1.0000000e+00   2.8000000e+01   1.9198444e+02   5.9987856e+01  -2.2000000e+02   4.5038302e+01
  -2.6718872e+01   1.0000000e+00   2.8000000e+01   1.8994621e+02   6.2032296e+01  -2.2000000e+02   4.9121938e+01
  -2.7969398e+01   1.0000000e+00   2.8000000e+01   1.8913186e+02   6.3565892e+01  -2.2000000e+02   5.2402530e+01
  -2.6972255e+01   1.0000000e+00   2.8000000e+01   1.8990662e+02   6.4225335e+01  -2.2000000e+02   5.4074727e+01
  -2.8087964e+01   1.0000000e+00   2.8000000e+01   1.8963628e+02   6.5250309e+01  -2.2000000e+02   5.7068694e+01
  -2.8442570e+01   1.0000000e+00   2.8000000e+01   1.9004327e+02   6.5790150e+01  -2.2000000e+02   5.8873665e+01
  -2.7270721e+01   1.0000000e+00   2.8000000e+01   1.8903717e+02   6.6872422e+01  -2.2000000e+02   6.2859698e+01
  -2.7430882e+01   1.0000000e+00   2.8000000e+01   1.8675291e+02   6.8332476e+01  -2.2000000e+02   6.8729676e+01
  -2.6727375e+01   1.0000000e+00   2.8000000e+01   1.8430481e+02   6.9518852e+01  -2.2000000e+02   7.2637102e+01
  -2.3813834e+01   1.0000000e+00   2.8000000e+01   1.8405524e+02   7.0088064e+01  -2.2000000e+02   7.4126940e+01
  -2.1416691e+01   1.0000000e+00   2.8000000e+01   1.8274041e+02   7.0293498e+01  -2.2000000e+02   7.5227257e+01
  -1.5921399e+01   1.0000000e+00   2.8000000e+01   1.8174795e+02   7.0210527e+01  -2.2000000e+02   7.2430755e+01
  -8.9723911e+00   1.0000000e+00   2.8000000e+01   1.7900064e+02   7.0739789e+01  -2.2000000e+02   6.6380402e+01
  -5.4238065e+00   1.0000000e+00   2.8000000e+01   1.7477469e+02   7.1551066e+01  -2.2000000e+02   5.6624644e+01
  -2.4563945e+00   1.0000000e+00   2.8000000e+01   1.7125462e+02   6.8263817e+01  -2.2000000e+02   4.5254892e+01
   3.0466736e+00   1.0000000e+00   2.8000000e+01   1.7189902e+02   6.0878539e+01  -2.2000000e+02   3.2841772e+01
   6.7578179e+00   1.0000000e+00   2.8000000e+01   1.8061759e+02   6.0489035e+01  -2.2000000e+02   2.1653062e+01
   9.3312932e+00   1.0000000e+00   2.8000000e+01   1.8879703e+02   6.0701472e+01  -2.2000000e+02   1.2556349e+01
   1.2830216e+01   1.0000000e+00   2.8000000e+01   1.9673029e+02   6.0288950e+01  -2.2000000e+02   4.9609109e+00
   1.7056909e+01   1.0000000e+00   2.8000000e+01   2.0582578e+02   6.0447704e+01  -2.2000000e+02   6.1862493e-03
   2.0497858e+01   1.0000000e+00   2.8000000e+01   2.1603040e+02   5.7084467e+01  -2.2000000e+02  -5.3842027e+00
   2.3116601e+01   1.0000000e+00   2.8000000e+01   2.2647110e+02   5.3129880e+01  -2.2000000e+02  -1.0988316e+01
   2.0518724e+01   1.0000000e+00   2.8000000e+01   2.3697831e+02   4.7370007e+01  -2.2000000e+02  -1.5149125e+01
   1.8159143e+01   1.0000000e+00   2.8000000e+01   2.4548925e+02   4.3365563e+01  -2.2000000e+02  -1.4263687e+01
   1.6577184e+01   1.0000000e+00   2.8000000e+01   2.4545788e+02   4.3630545e+01  -2.2000000e+02  -1.1578821e+01
   1.3536201e+01   1.0000000e+00   2.8000000e+01   2.4261863e+02   4.5330039e+01  -2.2000000e+02  -4.8593386e+00
   1.0587314e+01   1.0000000e+00   2.8000000e+01   2.3704842e+02   4.6910765e+01  -2.2000000e+02   2.0844963e+00
   6.7374201e+00   1.0000000e+00   2.8000000e+01   2.3103550e+02   4.8419539e+01  -2.2000000e+02   1.0403973e+01
   2.9036165e+00   1.0000000e+00   2.8000000e+01   2.2405963e+02   4.9961730e+01  -2.2000000e+02   1.6735563e+01
   2.3371334e-01   1.0000000e+00   2.8000000e+01   2.1832788e+02   5.0900119e+01  -2.2000000e+02   2.2182659e+01
  -3.5308506e+00   1.0000000e+00   2.8000000e+01   2.1266368e+02   5.2708273e+01  -2.2000000e+02   2.7422957e+01
  -7.7172331e+00   1.0000000e+00   2.8000000e+01   2.0655023e+02   5.4875760e+01  -2.2000000e+02   3.1773849e+01
  -1.1882986e+01   1.0000000e+00   2.8000000e+01   2.0077323e+02   5.7855727e+01  -2.2000000e+02   3.6733799e+01
  -1.5825686e+01   1.0000000e+00   2.8000000e+01   1.9509630e+02   6.0061406e+01  -2.2000000e+02   3.9658365e+01
  -1.7140279e+01   1.0000000e+00   2.8000000e+01   1.9097666e+02   5.9914507e+01  -2.2000000e+02   4.3838391e+01
  -1.7828467e+01   1.0000000e+00   2.8000000e+01   1.8802163e+02   6.0363994e+01  -2.2000000e+02   4.8532159e+01
  -2.0856878e+01   1.0000000e+00   2.8000000e+01   1.8614345e+02   6.1352019e+01  -2.2000000e+02   5.2203131e+01
  -2.1866019e+01   1.0000000e+00   2.8000000e+01   1.8526062e+02   6.2761938e+01  -2.2000000e+02   5.6296334e+01
  -2.2875161e+01   1.0000000e+00   2.8000000e+01   1.8437778e+02   6.4171857e+01  -2.2000000e+02   6.0389536e+01
  -2.4036578e+01   1.0000000e+00   2.8000000e+01   1.8351618e+02   6.5574987e+01  -2.2000000e+02   6.4424827e+01
  -2.5835655e+01   1.0000000e+00   2.8000000e+01   1.8340750e+02   6.6632738e+01  -2.2000000e+02   6.7443923e+01
  -2.5681443e+01   1.0000000e+00   2.8000000e+01   1.8275749e+02   6.7993358e+01  -2.2000000e+02   7.1450048e+01
  -2.5478924e+01   1.0000000e+00   2.8000000e+01   1.8278461e+02   6.8857066e+01  -2.2000000e+02   7.4406638e+01
  -2.3378920e+01   1.0000000e+00   2.8000000e+01   1.8358379e+02   6.9499490e+01  -2.2000000e+02   7.6089103e+01
  -1.9448445e+01   1.0000000e+00   2.8000000e+01   1.8437955e+02   7.0137553e+01  -2.2000000e+02   7.7733516e+01
  -1.6382306e+01   1.0000000e+00   2.8000000e+01   1.8274158e+02   7.1069455e+01  -2.2000000e+02   7.7748643e+01
  -1.0350887e+01   1.0000000e+00   2.8000000e+01   1.8076833e+02   7.2013740e+01  -2.2000000e+02   7.2614859e+01
  -5.7640058e+00   1.0000000e+00   2.8000000e+01   1.7884600e+02   7.2880683e+01  -2.2000000e+02   6.7536552e+01
  -4.0130107e+00   1.0000000e+00   2.8000000e+01   1.7537895e+02   7.2156693e+01  -2.2000000e+02   5.7771898e+01
  -1.9881601e+00   1.0000000e+00   2.8000000e+01   1.7161909e+02   6.8898930e+01  -2.2000000e+02   4.6724286e+01
  -2.6470694e-01   1.0000000e+00   2.8000000e+01   1.6761338e+02   6.2593142e+01  -2.2000000e+02   3.5407396e+01
   4.0118024e+00   1.0000000e+00   2.8000000e+01   1.6571124e+02   5.6979386e+01  -2.2000000e+02   2.3774699e+01
   6.8339314e+00   1.0000000e+00   2.8000000e+01   1.7064294e+02   5.4915238e+01  -2.2000000e+02   1.2825644e+01
   8.1261958e+00   1.0000000e+00   2.8000000e+01   1.7977759e+02   5.5158695e+01  -2.2000000e+02   3.4309184e+00
   1.0785854e+01   1.0000000e+00   2.8000000e+01   1.8956075e+02   5.5965637e+01  -2.2000000e+02  -2.9050516e+00
   1.4848682e+01   1.0000000e+00   2.8000000e+01   2.0066427e+02   5.3672174e+01  -2.2000000e+02  -7.0553856e+00
   1.7525657e+01   1.0000000e+00   2.8000000e+01   2.1198916e+02   4.9561314e+01  -2.2000000e+02  -1.3155466e+01
   1.7498150e+01   1.0000000e+00   2.8000000e+01   2.2343255e+02   4.4480967e+01  -2.2000000e+02  -1.8457041e+01
   1.4746804e+01   1.0000000e+00   2.8000000e+01   2.3451209e+02   3.9317166e+01  -2.2000000e+02  -2.0265618e+01
   1.4811623e+01   1.0000000e+00   2.8000000e+01   2.4069782e+02   4.0432275e+01  -2.2000000e+02  -2.2414585e+01
   1.2052462e+01   1.0000000e+00   2.8000000e+01   2.4019002e+02   4.3376667e+01  -2.2000000e+02  -1.9696080e+01
   8.8742655e+00   1.0000000e+00   2.8000000e+01   2.3665290e+02   4.5222215e+01  -2.2000000e+02  -1.3373596e+01
   5.6814910e+00   1.0000000e+00   2.8000000e+01   2.3197861e+02   4.5826536e+01  -2.2000000e+02  -7.1363766e+00
   2.7449028e+00   1.0000000e+00   2.8000000e+01   2.2713603e+02   4.6368778e+01  -2.2000000e+02   1.1957349e+00
  -6.6298852e-01   1.0000000e+00   2.8000000e+01   2.2183358e+02   4.6630313e+01  -2.2000000e+02   8.3069144e+00
  -3.3609206e+00   1.0000000e+00   2.8000000e+01   2.1757065e+02   4.6492471e+01  -2.2000000e+02   1.4271787e+01
  -6.8415371e+00   1.0000000e+00   2.8000000e+01   2.1358472e+02   4.7651142e+01  -2.2000000e+02   1.8393436e+01
  -1.1217797e+01   1.0000000e+00   2.8000000e+01   2.0853428e+02   4.9597669e+01  -2.2000000e+02   2.2407408e+01
  -1.4252622e+01   1.0000000e+00   2.8000000e+01   2.0378541e+02   5.1033849e+01  -2.2000000e+02   2.6983741e+01
  -1.6949123e+01   1.0000000e+00   2.8000000e+01   1.9950764e+02   5.2255442e+01  -2.2000000e+02   3.1873873e+01
  -2.0003080e+01   1.0000000e+00   2.8000000e+01   1.9556423e+02   5.3019037e+01  -2.2000000e+02   3.4234559e+01
  -2.1123291e+01   1.0000000e+00   2.8000000e+01   1.9240735e+02   5.2507482e+01  -2.2000000e+02   3.7231562e+01
  -2.3149123e+01   1.0000000e+00   2.8000000e+01   1.8981895e+02   5.2620261e+01  -2.2000000e+02   4.0925466e+01
  -2.5997825e+01   1.0000000e+00   2.8000000e+01   1.8723882e+02   5.2762760e+01  -2.2000000e+02   4.4627717e+01
  -2.7755849e+01   1.0000000e+00   2.8000000e+01   1.8641924e+02   5.3303229e+01  -2.2000000e+02   4.7019176e+01
  -2.7764597e+01   1.0000000e+00   2.8000000e+01   1.8604410e+02   5.3801722e+01  -2.2000000e+02   5.0679441e+01
  -2.7808617e+01   1.0000000e+00   2.8000000e+01   1.8649003e+02   5.4363193e+01  -2.2000000e+02   5.3590022e+01
  -2.8612655e+01   1.0000000e+00   2.8000000e+01   1.8692909e+02   5.4925753e+01  -2.2000000e+02   5.6501473e+01
  -3.1158571e+01   1.0000000e+00   2.8000000e+01   1.8730070e+02   5.5332859e+01  -2.2000000e+02   5.8153621e+01
  -3.0600396e+01   1.0000000e+00   2.8000000e+01   1.8767888e+02   5.5740869e+01  -2.2000000e+02   5.9798189e+01
  -2.8757471e+01   1.0000000e+00   2.8000000e+01   1.8610459e+02   5.6677953e+01  -2.2000000e+02   6.3685012e+01
  -2.5445271e+01   1.0000000e+00   2.8000000e+01   1.8295882e+02   5.7811787e+01  -2.2000000e+02   6.6088115e+01
  -2.1303137e+01   1.0000000e+00   2.8000000e+01   1.7789446e+02   5.8237558e+01  -2.2000000e+02   6.2299799e+01
  -1.2273752e+01   1.0000000e+00   2.8000000e+01   1.7232085e+02   6.0331221e+01  -2.2000000e+02   5.4060878e+01
  -9.0972642e+00   1.0000000e+00   2.8000000e+01   1.6720696e+02   5.9163822e+01  -2.2000000e+02   4.3889507e+01
  -4.3832534e+00   1.0000000e+00   2.8000000e+01   1.6814503e+02   5.5681803e+01  -2.2000000e+02   3.2301617e+01
  -1.2392772e+00   1.0000000e+00   2.8000000e+01   1.7815943e+02   5.9845046e+01  -2.2000000e+02   2.1866096e+01
   4.3143128e+00   1.0000000e+00   2.8000000e+01   1.8838527e+02   5.8381455e+01  -2.2000000e+02   1.3985081e+01
   9.4179511e+00   1.0000000e+00   2.8000000e+01   1.9819774e+02   5.7698281e+01  -2.2000000e+02   9.8878261e+00
   1.4393367e+01   1.0000000e+00   2.8000000e+01   2.0837381e+02   5.5998984e+01  -2.2000000e+02   3.6285662e+00
   1.8432182e+01   1.0000000e+00   2.8000000e+01   2.1728685e+02   5.5668584e+01  -2.2000000e+02  -2.0828025e+00
   1.9681670e+01   1.0000000e+00   2.8000000e+01   2.2578933e+02   5.4960143e+01  -2.2000000e+02  -7.5813905e+00
   1.8314150e+01   1.0000000e+00   2.8000000e+01   2.3417918e+02   5.2007367e+01  -2.2000000e+02  -1.3913183e+01
   1.4086827e+01   1.0000000e+00   2.8000000e+01   2.4319368e+02   4.7001905e+01  -2.2000000e+02  -1.6016437e+01
   1.2954188e+01   1.0000000e+00   2.8000000e+01   2.4454048e+02   4.6955139e+01  -2.2000000e+02  -1.2193097e+01
   1.0457108e+01   1.0000000e+00   2.8000000e+01   2.3971975e+02   4.6928357e+01  -2.2000000e+02  -5.8846860e+00
   7.5171582e+00   1.0000000e+00   2.8000000e+01   2.3472170e+02   4.7342430e+01  -2.2000000e+02   1.7562207e+00
   4.4834577e+00   1.0000000e+00   2.8000000e+01   2.2806721e+02   4.7754639e+01  -2.2000000e+02   1.0025467e+01
   1.5075565e+00   1.0000000e+00   2.8000000e+01   2.2163357e+02   4.8038501e+01  -2.2000000e+02   1.7575182e+01
  -3.9861963e-01   1.0000000e+00   2.8000000e+01   2.1633246e+02   4.7713823e+01  -2.2000000e+02   2.3098408e+01
  -2.8731083e+00   1.0000000e+00   2.8000000e+01   2.1098651e+02   4.7497998e+01  -2.2000000e+02   2.9031175e+01
  -7.4441438e+00   1.0000000e+00   2.8000000e+01   2.0646779e+02   5.0301617e+01  -2.2000000e+02   3.3399046e+01
  -1.1342498e+01   1.0000000e+00   2.8000000e+01   2.0205255e+02   5.2734921e+01  -2.2000000e+02   3.6339691e+01
  -1.3722919e+01   1.0000000e+00   2.8000000e+01   1.9776866e+02   5.4533524e+01  -2.2000000e+02   3.9790147e+01
  -1.6403581e+01   1.0000000e+00   2.8000000e+01   1.9430441e+02   5.5886600e+01  -2.2000000e+02   4.2903821e+01
  -1.9172197e+01   1.0000000e+00   2.8000000e+01   1.9141237e+02   5.7342816e+01  -2.2000000e+02   4.5608307e+01
  -2.1023863e+01   1.0000000e+00   2.8000000e+01   1.8976925e+02   5.9083836e+01  -2.2000000e+02   4.9141875e+01
  -2.3031677e+01   1.0000000e+00   2.8000000e+01   1.8871048e+02   6.0501376e+01  -2.2000000e+02   5.1998841e+01
  -2.4800881e+01   1.0000000e+00   2.8000000e+01   1.8765506e+02   6.1902096e+01  -2.2000000e+02   5.4926875e+01
  -2.5969474e+01   1.0000000e+00   2.8000000e+01   1.8718575e+02   6.3181093e+01  -2.2000000e+02   5.8502715e+01
  -2.5484149e+01   1.0000000e+00   2.8000000e+01   1.8675652e+02   6.4455557e+01  -2.2000000e+02   6.1978833e+01
  -2.5384425e+01   1.0000000e+00   2.8000000e+01   1.8781369e+02   6.4948136e+01  -2.2000000e+02   6.3825374e+01
  -2.7387934e+01   1.0000000e+00   2.8000000e+01   1.8886526e+02   6.5434229e+01  -2.2000000e+02   6.5653536e+01
  -2.8434275e+01   1.0000000e+00   2.8000000e+01   1.8857717e+02   6.6023792e+01  -2.2000000e+02   6.7628311e+01
  -2.8198233e+01   1.0000000e+00   2.8000000e+01   1.8829459e+02   6.6611015e+01  -2.2000000e+02   6.9617248e+01
  -2.8668519e+01   1.0000000e+00   2.8000000e+01   1.8801419e+02   6.7188167e+01  -2.2000000e+02   7.1629127e+01
  -2.8572995e+01   1.0000000e+00   2.8000000e+01   1.8770882e+02   6.7755834e+01  -2.2000000e+02   7.3674602e+01
  -2.8300166e+01   1.0000000e+00   2.8000000e+01   1.8731253e+02   6.8319316e+01  -2.2000000e+02   7.5721451e+01
  -2.5705579e+01   1.0000000e+00   2.8000000e+01   1.8650332e+02   6.8661804e+01  -2.2000000e+02   7.7044156e+01
  -2.3592966e+01   1.0000000e+00   2.8000000e+01   1.8421265e+02   6.8810125e+01  -2.2000000e+02   7.7281123e+01
  -1.6793044e+01   1.0000000e+00   2.8000000e+01   1.8161278e+02   6.9023583e+01  -2.2000000e+02   7.2748455e+01
  -1.0688662e+01   1.0000000e+00   2.8000000e+01   1.7912826e+02   6.8737752e+01  -2.2000000e+02   6.6102814e+01
  -7.5686035e+00   1.0000000e+00   2.8000000e+01   1.7518472e+02   6.7815091e+01  -2.2000000e+02   5.6611582e+01
  -3.4897842e+00   1.0000000e+00   2.8000000e+01   1.7078211e+02   6.2013481e+01  -2.2000000e+02   4.4725579e+01
   8.6853604e-01   1.0000000e+00   2.8000000e+01   1.7263685e+02   5.5815096e+01  -2.2000000e+02   3.2308923e+01
   5.4373594e+00   1.0000000e+00   2.8000000e+01   1.8145547e+02   5.4984982e+01  -2.2000000e+02   2.1081884e+01
   9.6351204e+00   1.0000000e+00   2.8000000e+01   1.9147337e+02   5.5316472e+01  -2.2000000e+02   1.3270346e+01
   1.4438261e+01   1.0000000e+00   2.8000000e+01   2.0209540e+02   5.4151985e+01  -2.2000000e+02   7.4551625e+00
   1.8240593e+01   1.0000000e+00   2.8000000e+01   2.1282766e+02   5.1695397e+01  -2.2000000e+02   3.1651002e-01
   2.1106595e+01   1.0000000e+00   2.8000000e+01   2.2351470e+02   4.7777952e+01  -2.2000000e+02  -7.0645750e+00
   2.1881501e+01   1.0000000e+00   2.8000000e+01   2.3262896e+02   4.7385515e+01  -2.2000000e+02  -1.5030951e+01
   1.7364587e+01   1.0000000e+00   2.8000000e+01   2.4085195e+02   4.5756739e+01  -2.2000000e+02  -2.2407089e+01
   1.4550405e+01   1.0000000e+00   2.8000000e+01   2.4618322e+02   4.5991578e+01  -2.2000000e+02  -2.3600099e+01
   1.3192793e+01   1.0000000e+00   2.8000000e+01   2.4563619e+02   4.6483245e+01  -2.2000000e+02  -1.9439602e+01
   1.0547208e+01   1.0000000e+00   2.8000000e+01   2.4181317e+02   4.7625496e+01  -2.2000000e+02  -1.2926501e+01
   8.5524971e+00   1.0000000e+00   2.8000000e+01   2.3730356e+02   4.7484872e+01  -2.2000000e+02  -6.9956573e+00
   5.6956182e+00   1.0000000e+00   2.8000000e+01   2.3228545e+02   4.7635381e+01  -2.2000000e+02   4.9253289e-01
   2.4298140e+00   1.0000000e+00   2.8000000e+01   2.2661503e+02   4.7885480e+01  -2.2000000e+02   7.5768111e+00
  -1.4782519e-01   1.0000000e+00   2.8000000e+01   2.2078758e+02   4.7885820e+01  -2.2000000e+02   1.3498319e+01
  -3.2864821e+00   1.0000000e+00   2.8000000e+01   2.1692346e+02   4.7947949e+01  -2.2000000e+02   1.7129985e+01
  -6.8439489e+00   1.0000000e+00   2.8000000e+01   2.1203070e+02   4.8706021e+01  -2.2000000e+02   2.1038899e+01
  -1.0746752e+01   1.0000000e+00   2.8000000e+01   2.0701896e+02   5.0756919e+01  -2.2000000e+02   2.6142629e+01
  -1.5048826e+01   1.0000000e+00   2.8000000e+01   2.0177912e+02   5.2294447e+01  -2.2000000e+02   2.9509802e+01
  -1.6499743e+01   1.0000000e+00   2.8000000e+01   1.9768407e+02   5.3543640e+01  -2.2000000e+02   3.4734447e+01
  -1.8497257e+01   1.0000000e+00   2.8000000e+01   1.9352535e+02   5.4430316e+01  -2.2000000e+02   3.8901798e+01
  -2.1180307e+01   1.0000000e+00   2.8000000e+01   1.9082413e+02   5.4466612e+01  -2.2000000e+02   4.2298441e+01
  -2.4329308e+01   1.0000000e+00   2.8000000e+01   1.8816457e+02   5.6144599e+01  -2.2000000e+02   4.6538630e+01
  -2.6017630e+01   1.0000000e+00   2.8000000e+01   1.8713550e+02   5.6870941e+01  -2.2000000e+02   4.8865392e+01
  -2.7623702e+01   1.0000000e+00   2.8000000e+01   1.8662680e+02   5.7850226e+01  -2.2000000e+02   5.2449952e+01
  -2.8267335e+01   1.0000000e+00   2.8000000e+01   1.8715342e+02   5.8563699e+01  -2.2000000e+02   5.4979169e+01
  -2.8808378e+01   1.0000000e+00   2.8000000e+01   1.8834019e+02   5.8871183e+01  -2.2000000e+02   5.6164456e+01
  -2.9176745e+01   1.0000000e+00   2.8000000e+01   1.8847551e+02   5.9393537e+01  -2.2000000e+02   5.8670137e+01
  -2.7716320e+01   1.0000000e+00   2.8000000e+01   1.8744076e+02   6.0361394e+01  -2.2000000e+02   6.2560550e+01
  -2.3277625e+01   1.0000000e+00   2.8000000e+01   1.8647121e+02   6.1102887e+01  -2.2000000e+02   6.4776937e+01
  -1.6307557e+01   1.0000000e+00   2.8000000e+01   1.8430734e+02   6.2017072e+01  -2.2000000e+02   6.5106735e+01
  -1.2658905e+01   1.0000000e+00   2.8000000e+01   1.7817753e+02   6.4699914e+01  -2.2000000e+02   5.8408833e+01
  -9.0303016e+00   1.0000000e+00   2.8000000e+01   1.7257280e+02   6.4281013e+01  -2.2000000e+02   4.8231399e+01
  -4.5390480e+00   1.0000000e+00   2.8000000e+01   1.6953783e+02   6.1396455e+01  -2.2000000e+02   3.6683703e+01
   5.7346165e-01   1.0000000e+00   2.8000000e+01   1.7677347e+02   6.1341990e+01  -2.2000000e+02   2.4791766e+01
   6.1314450e+00   1.0000000e+00   2.8000000e+01   1.8670950e+02   6.0977046e+01  -2.2000000e+02   1.6131039e+01
   1.0530460e+01   1.0000000e+00   2.8000000e+01   1.9636036e+02   5.9325750e+01  -2.2000000e+02   1.1361640e+01
   1.5138472e+01   1.0000000e+00   2.8000000e+01   2.0713046e+02   5.6609046e+01  -2.2000000e+02   4.4993634e+00
   1.7322628e+01   1.0000000e+00   2.8000000e+01   2.1762858e+02   5.3094587e+01  -2.2000000e+02  -1.1513814e+00
   1.8839939e+01   1.0000000e+00   2.8000000e+01   2.2746504e+02   5.0381886e+01  -2.2000000e+02  -8.2522353e+00
   1.7557623e+01   1.0000000e+00   2.8000000e+01   2.3697951e+02   4.7390980e+01  -2.2000000e+02  -1.4377759e+01
   1.5309842e+01   1.0000000e+00   2.8000000e+01   2.4531496e+02   4.5126451e+01  -2.2000000e+02  -1.7283939e+01
   1.3614894e+01   1.0000000e+00   2.8000000e+01   2.4548016e+02   4.7301039e+01  -2.2000000e+02  -1.4396667e+01
   1.0474753e+01   1.0000000e+00   2.8000000e+01   2.4193688e+02   4.8507712e+01  -2.2000000e+02  -7.6850718e+00
   8.2825098e+00   1.0000000e+00   2.8000000e+01   2.3781278e+02   4.8494129e+01  -2.2000000e+02  -1.2888064e+00
   5.9741060e+00   1.0000000e+00   2.8000000e+01   2.3315936e+02   4.8294883e+01  -2.2000000e+02   5.5742256e+00
   3.3890120e+00   1.0000000e+00   2.8000000e+01   2.2718250e+02   4.8534080e+01  -2.2000000e+02   1.2933860e+01
   1.2472759e+00   1.0000000e+00   2.8000000e+01   2.2229990e+02   4.8132549e+01  -2.2000000e+02   1.8797044e+01
  -5.3276106e-01   1.0000000e+00   2.8000000e+01   2.1707418e+02   4.8107001e+01  -2.2000000e+02   2.3067129e+01
  -1.5002085e+00   1.0000000e+00   2.8000000e+01   2.1323658e+02   4.7727777e+01  -2.2000000e+02   2.7092205e+01
  -5.2622375e+00   1.0000000e+00   2.8000000e+01   2.0848105e+02   4.9559847e+01  -2.2000000e+02   3.1083219e+01
  -9.0280954e+00   1.0000000e+00   2.8000000e+01   2.0400962e+02   5.1755993e+01  -2.2000000e+02   3.3838784e+01
  -1.1673118e+01   1.0000000e+00   2.8000000e+01   2.0062308e+02   5.3820833e+01  -2.2000000e+02   3.6700680e+01
  -1.4823457e+01   1.0000000e+00   2.8000000e+01   1.9703480e+02   5.6343531e+01  -2.2000000e+02   3.9289700e+01
  -1.5928602e+01   1.0000000e+00   2.8000000e+01   1.9468523e+02   5.7585078e+01  -2.2000000e+02   4.3089680e+01
  -1.8118380e+01   1.0000000e+00   2.8000000e+01   1.9238745e+02   5.8622518e+01  -2.2000000e+02   4.5617216e+01
  -2.0142983e+01   1.0000000e+00   2.8000000e+01   1.9008073e+02   5.9738216e+01  -2.2000000e+02   4.8175575e+01
  -2.3439370e+01   1.0000000e+00   2.8000000e+01   1.8834354e+02   6.1758860e+01  -2.2000000e+02   5.0703989e+01
  -2.5459814e+01   1.0000000e+00   2.8000000e+01   1.8763002e+02   6.3037502e+01  -2.2000000e+02   5.3018185e+01
  -2.7930843e+01   1.0000000e+00   2.8000000e+01   1.8645287e+02   6.5075973e+01  -2.2000000e+02   5.5990867e+01
  -2.9404408e+01   1.0000000e+00   2.8000000e+01   1.8709600e+02   6.6251688e+01  -2.2000000e+02   5.8055400e+01
  -2.8591082e+01   1.0000000e+00   2.8000000e+01   1.8776084e+02   6.7409325e+01  -2.2000000e+02   6.0092542e+01
  -2.8956186e+01   1.0000000e+00   2.8000000e+01   1.8842582e+02   6.8547249e+01  -2.2000000e+02   6.2131431e+01
  -2.8744067e+01   1.0000000e+00   2.8000000e+01   1.8907837e+02   6.9667233e+01  -2.2000000e+02   6.4177057e+01
  -2.8323414e+01   1.0000000e+00   2.8000000e+01   1.8971890e+02   7.0764170e+01  -2.2000000e+02   6.6220904e+01
  -2.8753520e+01   1.0000000e+00   2.8000000e+01   1.8912446e+02   7.1606838e+01  -2.2000000e+02   6.9745903e+01
  -2.9413321e+01   1.0000000e+00   2.8000000e+01   1.8852673e+02   7.2179747e+01  -2.2000000e+02   7.2255519e+01
  -2.8611147e+01   1.0000000e+00   2.8000000e+01   1.8795082e+02   7.2751173e+01  -2.2000000e+02   7.4711425e+01
  -2.8791451e+01   1.0000000e+00   2.8000000e+01   1.8661908e+02   7.3430420e+01  -2.2000000e+02   7.6223209e+01
  -2.7510294e+01   1.0000000e+00   2.8000000e+01   1.8530436e+02   7.4126017e+01  -2.2000000e+02   7.7532786e+01
  -2.3615452e+01   1.0000000e+00   2.8000000e+01   1.8448458e+02   7.4678124e+01  -2.2000000e+02   7.7271314e+01
  -2.0084768e+01   1.0000000e+00   2.8000000e+01   1.8369576e+02   7.5216818e+01  -2.2000000e+02   7.6984079e+01
  -1.5537816e+01   1.0000000e+00   2.8000000e+01   1.8264468e+02   7.5520893e+01  -2.2000000e+02   7.3786865e+01
  -1.1689238e+01   1.0000000e+00   2.8000000e+01   1.7980207e+02   7.4412914e+01  -2.2000000e+02   6.7571477e+01
  -8.2168074e+00   1.0000000e+00   2.8000000e+01   1.7600837e+02   7.3762038e+01  -2.2000000e+02   5.7230545e+01
  -4.0959843e+00   1.0000000e+00   2.8000000e+01   1.7251477e+02   6.7836221e+01  -2.2000000e+02   4.5434192e+01
   1.7576498e+00   1.0000000e+00   2.8000000e+01   1.7349088e+02   5.9964808e+01  -2.2000000e+02   3.2968472e+01
   5.7999709e+00   1.0000000e+00   2.8000000e+01   1.8003966e+02   5.5768783e+01  -2.2000000e+02   2.1127842e+01
   9.4382055e+00   1.0000000e+00   2.8000000e+01   1.8954977e+02   5.4468227e+01  -2.2000000e+02   1.1559290e+01
   1.3655099e+01   1.0000000e+00   2.8000000e+01   2.0066748e+02   5.2050359e+01  -2.2000000e+02   5.7692276e+00
   1.7037911e+01   1.0000000e+00   2.8000000e+01   2.1200757e+02   4.8063100e+01  -2.2000000e+02  -1.9709377e-01
   1.6824692e+01   1.0000000e+00   2.8000000e+01   2.2338241e+02   4.2768207e+01  -2.2000000e+02  -6.3107080e+00
   1.3644305e+01   1.0000000e+00   2.8000000e+01   2.3427852e+02   3.8706551e+01  -2.2000000e+02  -1.0154072e+01
   1.2921988e+01   1.0000000e+00   2.8000000e+01   2.3980775e+02   4.0059598e+01  -2.2000000e+02  -9.9008912e+00
   1.0713755e+01   1.0000000e+00   2.8000000e+01   2.3839903e+02   4.2668434e+01  -2.2000000e+02  -6.5313220e+00
   8.1740458e+00   1.0000000e+00   2.8000000e+01   2.3426436e+02   4.4743444e+01  -2.2000000e+02   4.4416701e-01
   5.2235211e+00   1.0000000e+00   2.8000000e+01   2.2984764e+02   4.6312611e+01  -2.2000000e+02   6.9806258e+00
   2.1781243e+00   1.0000000e+00   2.8000000e+01   2.2422209e+02   4.7411461e+01  -2.2000000e+02   1.4000130e+01
  -2.1015923e-01   1.0000000e+00   2.8000000e+01   2.1934070e+02   4.8054295e+01  -2.2000000e+02   2.0048076e+01
  -3.1154645e+00   1.0000000e+00   2.8000000e+01   2.1484012e+02   4.8636286e+01  -2.2000000e+02   2.5404391e+01
  -5.9871346e+00   1.0000000e+00   2.8000000e+01   2.1058285e+02   4.9838370e+01  -2.2000000e+02   2.9358200e+01
  -1.0509894e+01   1.0000000e+00   2.8000000e+01   2.0607881e+02   5.2530523e+01  -2.2000000e+02   3.2841447e+01
  -1.4382028e+01   1.0000000e+00   2.8000000e+01   2.0035559e+02   5.4246586e+01  -2.2000000e+02   3.5564897e+01
  -1.7118859e+01   1.0000000e+00   2.8000000e+01   1.9637204e+02   5.5741158e+01  -2.2000000e+02   3.9826335e+01
  -1.9694458e+01   1.0000000e+00   2.8000000e+01   1.9265444e+02   5.6991054e+01  -2.2000000e+02   4.3209679e+01
  -2.1736229e+01   1.0000000e+00   2.8000000e+01   1.9062078e+02   5.8102470e+01  -2.2000000e+02   4.6965221e+01
  -2.5121968e+01   1.0000000e+00   2.8000000e+01   1.8954944e+02   5.9187473e+01  -2.2000000e+02   4.9283324e+01
  -2.7371530e+01   1.0000000e+00   2.8000000e+01   1.8822609e+02   6.0679913e+01  -2.2000000e+02   5.3060748e+01
  -2.8680048e+01   1.0000000e+00   2.8000000e+01   1.8781061e+02   6.2091454e+01  -2.2000000e+02   5.6147324e+01
  -3.0076259e+01   1.0000000e+00   2.8000000e+01   1.8846578e+02   6.2927814e+01  -2.2000000e+02   5.8183650e+01
  -2.9060867e+01   1.0000000e+00   2.8000000e+01   1.8912316e+02   6.3756050e+01  -2.2000000e+02   6.0212373e+01
  -2.8670127e+01   1.0000000e+00   2.8000000e+01   1.8977204e+02   6.4569409e+01  -2.2000000e+02   6.2231321e+01
  -3.1058642e+01   1.0000000e+00   2.8000000e+01   1.8963867e+02   6.5071564e+01  -2.2000000e+02   6.4757637e+01
  -3.0579711e+01   1.0000000e+00   2.8000000e+01   1.8951400e+02   6.5577909e+01  -2.2000000e+02   6.7278400e+01
  -3.0222763e+01   1.0000000e+00   2.8000000e+01   1.8935281e+02   6.6085221e+01  -2.2000000e+02   6.9865458e+01
  -3.1178102e+01   1.0000000e+00   2.8000000e+01   1.8830047e+02   6.6601523e+01  -2.2000000e+02   7.3405775e+01
  -2.9624022e+01   1.0000000e+00   2.8000000e+01   1.8779021e+02   6.7007993e+01  -2.2000000e+02   7.5198560e+01
  -2.8242368e+01   1.0000000e+00   2.8000000e+01   1.8728529e+02   6.7412973e+01  -2.2000000e+02   7.6966808e+01
  -2.6545167e+01   1.0000000e+00   2.8000000e+01   1.8535380e+02   6.7882170e+01  -2.2000000e+02   7.7631205e+01
  -2.2406284e+01   1.0000000e+00   2.8000000e+01   1.8362912e+02   6.8164881e+01  -2.2000000e+02   7.4693434e+01
  -1.7117612e+01   1.0000000e+00   2.8000000e+01   1.8103217e+02   6.8227692e+01  -2.2000000e+02   6.8687931e+01
  -1.1275048e+01   1.0000000e+00   2.8000000e+01   1.7593159e+02   7.0300101e+01  -2.2000000e+02   5.8937905e+01
  -6.4018213e+00   1.0000000e+00   2.8000000e+01   1.7350139e+02   7.1512754e+01  -2.2000000e+02   4.8896807e+01
  -4.5134087e-01   1.0000000e+00   2.8000000e+01   1.7347496e+02   6.5422059e+01  -2.2000000e+02   3.6570858e+01
   4.7054584e+00   1.0000000e+00   2.8000000e+01   1.8062976e+02   6.3669437e+01  -2.2000000e+02   2.4713881e+01
   8.1612880e+00   1.0000000e+00   2.8000000e+01   1.8983588e+02   6.0968943e+01  -2.2000000e+02   1.4704110e+01
   1.1579088e+01   1.0000000e+00   2.8000000e+01   1.9856612e+02   5.9170896e+01  -2.2000000e+02   8.2161517e+00
   1.5965559e+01   1.0000000e+00   2.8000000e+01   2.0836318e+02   5.7212684e+01  -2.2000000e+02   6.6429007e-01
   1.9142567e+01   1.0000000e+00   2.8000000e+01   2.1828819e+02   5.4404566e+01  -2.2000000e+02  -6.0647283e+00
   2.0516840e+01   1.0000000e+00   2.8000000e+01   2.2821947e+02   5.0834790e+01  -2.2000000e+02  -1.3320178e+01
   1.7960361e+01   1.0000000e+00   2.8000000e+01   2.3810470e+02   4.6702807e+01  -2.2000000e+02  -1.8777516e+01
   1.5969686e+01   1.0000000e+00   2.8000000e+01   2.4593931e+02   4.4014859e+01  -2.2000000e+02  -2.0158810e+01
   1.4332714e+01   1.0000000e+00   2.8000000e+01   2.4629028e+02   4.5388544e+01  -2.2000000e+02  -1.7566743e+01
   1.2437840e+01   1.0000000e+00   2.8000000e+01   2.4282283e+02   4.5964986e+01  -2.2000000e+02  -1.1318332e+01
   1.0160182e+01   1.0000000e+00   2.8000000e+01   2.3807645e+02   4.5778052e+01  -2.2000000e+02  -4.6645503e+00
   7.7839988e+00   1.0000000e+00   2.8000000e+01   2.3377537e+02   4.6076047e+01  -2.2000000e+02   3.2601857e+00
   4.7633298e+00   1.0000000e+00   2.8000000e+01   2.2833355e+02   4.6711850e+01  -2.2000000e+02   1.0363323e+01
   2.5115879e+00   1.0000000e+00   2.8000000e+01   2.2252167e+02   4.7182399e+01  -2.2000000e+02   1.6741976e+01
  -3.8575998e-01   1.0000000e+00   2.8000000e+01   2.1765235e+02   4.7111518e+01  -2.2000000e+02   2.0457719e+01
  -3.9201723e+00   1.0000000e+00   2.8000000e+01   2.1318125e+02   4.8217445e+01  -2.2000000e+02   2.4724739e+01
  -9.8007348e+00   1.0000000e+00   2.8000000e+01   2.0854813e+02   5.1766559e+01  -2.2000000e+02   2.8857445e+01
  -1.3780992e+01   1.0000000e+00   2.8000000e+01   2.0325297e+02   5.3675580e+01  -2.2000000e+02   3.2019046e+01
  -1.6994187e+01   1.0000000e+00   2.8000000e+01   1.9853113e+02   5.5884332e+01  -2.2000000e+02   3.5945323e+01
  -1.9231629e+01   1.0000000e+00   2.8000000e+01   1.9464370e+02   5.7882080e+01  -2.2000000e+02   4.0031053e+01
  -2.1116288e+01   1.0000000e+00   2.8000000e+01   1.9214476e+02   5.9017363e+01  -2.2000000e+02   4.3488154e+01
  -2.3506814e+01   1.0000000e+00   2.8000000e+01   1.8964416e+02   6.0147993e+01  -2.2000000e+02   4.6977035e+01
  -2.6215132e+01   1.0000000e+00   2.8000000e+01   1.8834945e+02   6.1217680e+01  -2.2000000e+02   5.0170882e+01
  -2.7410737e+01   1.0000000e+00   2.8000000e+01   1.8859414e+02   6.1875010e+01  -2.2000000e+02   5.1961680e+01
  -2.8324159e+01   1.0000000e+00   2.8000000e+01   1.8884791e+02   6.2526609e+01  -2.2000000e+02   5.3739922e+01
  -2.8321591e+01   1.0000000e+00   2.8000000e+01   1.8911016e+02   6.3172509e+01  -2.2000000e+02   5.5505618e+01
  -2.8226803e+01   1.0000000e+00   2.8000000e+01   1.8895313e+02   6.4053664e+01  -2.2000000e+02   5.8540261e+01
  -2.7570226e+01   1.0000000e+00   2.8000000e+01   1.8880311e+02   6.4930273e+01  -2.2000000e+02   6.1562032e+01
  -2.8493513e+01   1.0000000e+00   2.8000000e+01   1.8746108e+02   6.6253518e+01  -2.2000000e+02   6.6196760e+01
  -2.7777195e+01   1.0000000e+00   2.8000000e+01   1.8576678e+02   6.7405402e+01  -2.2000000e+02   6.9852334e+01
  -2.4584108e+01   1.0000000e+00   2.8000000e+01   1.8441115e+02   6.8306114e+01  -2.2000000e+02   7.2828238e+01
  -2.2376425e+01   1.0000000e+00   2.8000000e+01   1.8397374e+02   6.8796825e+01  -2.2000000e+02   7.3788749e+01
  -1.8010079e+01   1.0000000e+00   2.8000000e+01   1.8273893e+02   6.9068725e+01  -2.2000000e+02   7.2045319e+01
  -1.3998369e+01   1.0000000e+00   2.8000000e+01   1.8033788e+02   6.8786695e+01  -2.2000000e+02   6.7235732e+01
  -1.0471148e+01   1.0000000e+00   2.8000000e+01   1.7531762e+02   6.9737411e+01  -2.2000000e+02   5.6798155e+01
  -5.5118350e+00   1.0000000e+00   2.8000000e+01   1.7364131e+02   6.6447947e+01  -2.2000000e+02   4.5592967e+01
   2.8343068e-01   1.0000000e+00   2.8000000e+01   1.7773620e+02   6.3364674e+01  -2.2000000e+02   3.3506009e+01
   6.1729686e+00   1.0000000e+00   2.8000000e+01   1.8700469e+02   6.1562619e+01  -2.2000000e+02   2.3330148e+01
   1.0550533e+01   1.0000000e+00   2.8000000e+01   1.9690538e+02   5.8736202e+01  -2.2000000e+02   1.6110248e+01
   1.5759339e+01   1.0000000e+00   2.8000000e+01   2.0741468e+02   5.5655334e+01  -2.2000000e+02   9.8163200e+00
   2.0620164e+01   1.0000000e+00   2.8000000e+01   2.1768309e+02   5.2966294e+01  -2.2000000e+02   2.5158620e+00
   2.2960494e+01   1.0000000e+00   2.8000000e+01   2.2666163e+02   5.1807428e+01  -2.2000000e+02  -5.2945652e+00
   2.1604904e+01   1.0000000e+00   2.8000000e+01   2.3529226e+02   4.9421625e+01  -2.2000000e+02  -1.1858261e+01
   1.7398128e+01   1.0000000e+00   2.8000000e+01   2.4452587e+02   4.5015408e+01  -2.2000000e+02  -1.3896398e+01
   1.6202318e+01   1.0000000e+00   2.8000000e+01   2.4725268e+02   4.4571164e+01  -2.2000000e+02  -1.3424673e+01
   1.3770602e+01   1.0000000e+00   2.8000000e+01   2.4535732e+02   4.5783201e+01  -2.2000000e+02  -7.9627539e+00
   1.1447618e+01   1.0000000e+00   2.8000000e+01   2.4022108e+02   4.6479214e+01  -2.2000000e+02  -9.4722263e-01
   8.3851988e+00   1.0000000e+00   2.8000000e+01   2.3446970e+02   4.7074006e+01  -2.2000000e+02   6.6616969e+00
   5.9767004e+00   1.0000000e+00   2.8000000e+01   2.2948193e+02   4.7428542e+01  -2.2000000e+02   1.4342246e+01
   3.6824117e+00   1.0000000e+00   2.8000000e+01   2.2376825e+02   4.7805944e+01  -2.2000000e+02   2.1292432e+01
   1.5334808e+00   1.0000000e+00   2.8000000e+01   2.1910925e+02   4.7899817e+01  -2.2000000e+02   2.6714581e+01
  -1.5284797e+00   1.0000000e+00   2.8000000e+01   2.1418674e+02   4.8697846e+01  -2.2000000e+02   3.1802912e+01
  -6.3046943e+00   1.0000000e+00   2.8000000e+01   2.0852213e+02   5.1064438e+01  -2.2000000e+02   3.5160292e+01
  -1.0883427e+01   1.0000000e+00   2.8000000e+01   2.0292384e+02   5.4581532e+01  -2.2000000e+02   3.8827001e+01
  -1.4142452e+01   1.0000000e+00   2.8000000e+01   1.9714098e+02   5.6077212e+01  -2.2000000e+02   4.1724659e+01
  -1.5508926e+01   1.0000000e+00   2.8000000e+01   1.9289361e+02   5.7414863e+01  -2.2000000e+02   4.5681725e+01
  -1.8131423e+01   1.0000000e+00   2.8000000e+01   1.8925296e+02   5.8685644e+01  -2.2000000e+02   4.8867313e+01
  -2.0756965e+01   1.0000000e+00   2.8000000e+01   1.8751901e+02   5.9880405e+01  -2.2000000e+02   5.2628056e+01
  -2.3924436e+01   1.0000000e+00   2.8000000e+01   1.8665356e+02   6.1072316e+01  -2.2000000e+02   5.5555913e+01
  -2.6705557e+01   1.0000000e+00   2.8000000e+01   1.8581606e+02   6.2286152e+01  -2.2000000e+02   5.8453288e+01
  -2.7386381e+01   1.0000000e+00   2.8000000e+01   1.8631380e+02   6.3396434e+01  -2.2000000e+02   6.1130378e+01
  -2.9393441e+01   1.0000000e+00   2.8000000e+01   1.8680418e+02   6.4501583e+01  -2.2000000e+02   6.3794714e+01
  -3.0183044e+01   1.0000000e+00   2.8000000e+01   1.8726807e+02   6.5613960e+01  -2.2000000e+02   6.6466853e+01
  -2.9380317e+01   1.0000000e+00   2.8000000e+01   1.8773656e+02   6.6707162e+01  -2.2000000e+02   6.9115969e+01
  -2.9059124e+01   1.0000000e+00   2.8000000e+01   1.8820346e+02   6.7780275e+01  -2.2000000e+02   7.1737781e+01
  -2.9130581e+01   1.0000000e+00   2.8000000e+01   1.8880804e+02   6.8230564e+01  -2.2000000e+02   7.2928464e+01
  -2.8949692e+01   1.0000000e+00   2.8000000e+01   1.8679807e+02   6.9430674e+01  -2.2000000e+02   7.5355586e+01
  -2.9317736e+01   1.0000000e+00   2.8000000e+01   1.8542310e+02   7.0243275e+01  -2.2000000e+02   7.6468341e+01
  -2.5303694e+01   1.0000000e+00   2.8000000e+01   1.8411068e+02   7.1021369e+01  -2.2000000e+02   7.7449377e+01
  -1.8833891e+01   1.0000000e+00   2.8000000e+01   1.8407961e+02   7.1157121e+01  -2.2000000e+02   7.4882767e+01
  -1.3022287e+01   1.0000000e+00   2.8000000e+01   1.7864998e+02   7.1434877e+01  -2.2000000e+02   6.5257053e+01
  -8.5349483e+00   1.0000000e+00   2.8000000e+01   1.7305718e+02   6.9353738e+01  -2.2000000e+02   5.4345473e+01
  -4.6121279e+00   1.0000000e+00   2.8000000e+01   1.6856816e+02   6.4105355e+01  -2.2000000e+02   4.2759771e+01
   1.8855667e+00   1.0000000e+00   2.8000000e+01   1.6826991e+02   5.7174456e+01  -2.2000000e+02   3.0411393e+01
   4.3493274e+00   1.0000000e+00   2.8000000e+01   1.7489654e+02   5.6085787e+01  -2.2000000e+02   1.8538505e+01
   7.3864611e+00   1.0000000e+00   2.8000000e+01   1.8405462e+02   5.7271290e+01  -2.2000000e+02   9.3356787e+00
   1.0818811e+01   1.0000000e+00   2.8000000e+01   1.9328193e+02   5.8386872e+01  -2.2000000e+02   2.8015647e+00
   1.4935988e+01   1.0000000e+00   2.8000000e+01   2.0334499e+02   5.7245163e+01  -2.2000000e+02  -3.9261889e+00
   1.8032087e+01   1.0000000e+00   2.8000000e+01   2.1367752e+02   5.4816486e+01  -2.2000000e+02  -1.0227781e+01
   1.8119380e+01   1.0000000e+00   2.8000000e+01   2.2432837e+02   5.0974311e+01  -2.2000000e+02  -1.5217139e+01
   1.6101552e+01   1.0000000e+00   2.8000000e+01   2.3502241e+02   4.6457867e+01  -2.2000000e+02  -2.0498554e+01
   1.4063696e+01   1.0000000e+00   2.8000000e+01   2.4284408e+02   4.4196565e+01  -2.2000000e+02  -2.3231439e+01
   1.1926036e+01   1.0000000e+00   2.8000000e+01   2.4253903e+02   4.6858923e+01  -2.2000000e+02  -1.9083544e+01
   8.5988574e+00   1.0000000e+00   2.8000000e+01   2.3822718e+02   4.8731571e+01  -2.2000000e+02  -1.2626852e+01
   6.1396575e+00   1.0000000e+00   2.8000000e+01   2.3439244e+02   4.9560140e+01  -2.2000000e+02  -6.9295291e+00
   4.8105259e+00   1.0000000e+00   2.8000000e+01   2.3163693e+02   4.9364638e+01  -2.2000000e+02  -1.0646087e+00
   2.4678527e+00   1.0000000e+00   2.8000000e+01   2.2778960e+02   4.9165610e+01  -2.2000000e+02   5.1266231e+00
   1.2102841e+00   1.0000000e+00   2.8000000e+01   2.2484671e+02   4.8618144e+01  -2.2000000e+02   9.5126846e+00
   2.5681106e-01   1.0000000e+00   2.8000000e+01   2.2246462e+02   4.8762541e+01  -2.2000000e+02   1.3482254e+01
  -1.6008638e-01   1.0000000e+00   2.8000000e+01   2.1995791e+02   4.9123323e+01  -2.2000000e+02   1.7503833e+01
  -1.6227798e+00   1.0000000e+00   2.8000000e+01   2.1645247e+02   5.0038945e+01  -2.2000000e+02   2.2233408e+01
  -1.5541709e+00   1.0000000e+00   2.8000000e+01   2.1445249e+02   4.9428197e+01  -2.2000000e+02   2.4992951e+01
  -4.6195836e+00   1.0000000e+00   2.8000000e+01   2.1068706e+02   5.1199716e+01  -2.2000000e+02   3.0031206e+01
  -7.8104924e+00   1.0000000e+00   2.8000000e+01   2.0649287e+02   5.3101948e+01  -2.2000000e+02   3.4245647e+01
  -1.1031164e+01   1.0000000e+00   2.8000000e+01   2.0252696e+02   5.5258557e+01  -2.2000000e+02   3.7153831e+01
  -1.3943394e+01   1.0000000e+00   2.8000000e+01   1.9792983e+02   5.8263412e+01  -2.2000000e+02   4.0434282e+01
  -1.6207172e+01   1.0000000e+00   2.8000000e+01   1.9409528e+02   6.0627766e+01  -2.2000000e+02   4.3844589e+01
  -1.7198324e+01   1.0000000e+00   2.8000000e+01   1.9138542e+02   6.1783812e+01  -2.2000000e+02   4.6395967e+01
  -1.8753592e+01   1.0000000e+00   2.8000000e+01   1.8929539e+02   6.3688546e+01  -2.2000000e+02   4.9544031e+01
  -2.1312884e+01   1.0000000e+00   2.8000000e+01   1.8840519e+02   6.5596171e+01  -2.2000000e+02   5.2556113e+01
  -2.4224113e+01   1.0000000e+00   2.8000000e+01   1.8854831e+02   6.6589865e+01  -2.2000000e+02   5.4153850e+01
  -2.6699564e+01   1.0000000e+00   2.8000000e+01   1.8769260e+02   6.8597084e+01  -2.2000000e+02   5.7194596e+01
  -2.8156330e+01   1.0000000e+00   2.8000000e+01   1.8775291e+02   7.0088185e+01  -2.2000000e+02   6.0043418e+01
  -2.9485810e+01   1.0000000e+00   2.8000000e+01   1.8780021e+02   7.1564090e+01  -2.2000000e+02   6.2909878e+01
  -2.9093395e+01   1.0000000e+00   2.8000000e+01   1.8780362e+02   7.3032681e+01  -2.2000000e+02   6.5748513e+01
  -2.8580427e+01   1.0000000e+00   2.8000000e+01   1.8609390e+02   7.4514201e+01  -2.2000000e+02   6.9735248e+01
  -2.7152943e+01   1.0000000e+00   2.8000000e+01   1.8474150e+02   7.5544566e+01  -2.2000000e+02   7.2911568e+01
  -2.4775880e+01   1.0000000e+00   2.8000000e+01   1.8391607e+02   7.6236149e+01  -2.2000000e+02   7.5409631e+01
  -2.1892473e+01   1.0000000e+00   2.8000000e+01   1.8336680e+02   7.6692022e+01  -2.2000000e+02   7.6513340e+01
  -1.8190020e+01   1.0000000e+00   2.8000000e+01   1.8282924e+02   7.7100903e+01  -2.2000000e+02   7.7526162e+01
  -1.1744389e+01   1.0000000e+00   2.8000000e+01   1.8107933e+02   7.5892852e+01  -2.2000000e+02   7.0985323e+01
  -7.0813289e+00   1.0000000e+00   2.8000000e+01   1.7800455e+02   7.6660596e+01  -2.2000000e+02   6.2875594e+01
  -5.6729814e+00   1.0000000e+00   2.8000000e+01   1.7425573e+02   7.3522272e+01  -2.2000000e+02   5.2182128e+01
  -4.2916288e-01   1.0000000e+00   2.8000000e+01   1.7038208e+02   6.5815625e+01  -2.2000000e+02   4.0093615e+01
   4.5096800e+00   1.0000000e+00   2.8000000e+01   1.7347206e+02   5.8295860e+01  -2.2000000e+02   2.7678538e+01
   6.4334014e+00   1.0000000e+00   2.8000000e+01   1.8042886e+02   5.5501071e+01  -2.2000000e+02   1.6586505e+01
   1.0566349e+01   1.0000000e+00   2.8000000e+01   1.8966506e+02   5.5318324e+01  -2.2000000e+02   7.5839307e+00
   1.5459081e+01   1.0000000e+00   2.8000000e+01   2.0039599e+02   5.3641791e+01  -2.2000000e+02   2.3721801e+00
   1.8795374e+01   1.0000000e+00   2.8000000e+01   2.1156308e+02   5.0195007e+01  -2.2000000e+02  -2.6236230e+00
   1.9701693e+01   1.0000000e+00   2.8000000e+01   2.2304651e+02   4.4918016e+01  -2.2000000e+02  -6.4766099e+00
   1.7732624e+01   1.0000000e+00   2.8000000e+01   2.3439384e+02   3.9203696e+01  -2.2000000e+02  -6.8682535e+00
   1.7294161e+01   1.0000000e+00   2.8000000e+01   2.4199196e+02   3.8987023e+01  -2.2000000e+02  -8.6578073e+00
   1.5848448e+01   1.0000000e+00   2.8000000e+01   2.4364678e+02   4.0671062e+01  -2.2000000e+02  -7.8645574e+00
   1.3791627e+01   1.0000000e+00   2.8000000e+01   2.4184897e+02   4.3176742e+01  -2.2000000e+02  -3.0843141e+00
   1.2085648e+01   1.0000000e+00   2.8000000e+01   2.3896009e+02   4.4415914e+01  -2.2000000e+02   1.9876431e+00
   1.0279472e+01   1.0000000e+00   2.8000000e+01   2.3611064e+02   4.5533486e+01  -2.2000000e+02   7.0604656e+00
   8.7295945e+00   1.0000000e+00   2.8000000e+01   2.3327755e+02   4.5971410e+01  -2.2000000e+02   1.1630744e+01
   7.5963834e+00   1.0000000e+00   2.8000000e+01   2.3076605e+02   4.5706450e+01  -2.2000000e+02   1.3680274e+01
   6.5114447e+00   1.0000000e+00   2.8000000e+01   2.2755855e+02   4.5825278e+01  -2.2000000e+02   1.7364569e+01
   5.5542297e+00   1.0000000e+00   2.8000000e+01   2.2578720e+02   4.5467160e+01  -2.2000000e+02   1.9763309e+01
   4.8160627e+00   1.0000000e+00   2.8000000e+01   2.2435688e+02   4.5348563e+01  -2.2000000e+02   1.9935015e+01
   3.3209289e+00   1.0000000e+00   2.8000000e+01   2.2321003e+02   4.6012369e+01  -2.2000000e+02   2.2619564e+01
   2.6042950e+00   1.0000000e+00   2.8000000e+01   2.2110836e+02   4.5833263e+01  -2.2000000e+02   2.5021751e+01
   1.3230839e+00   1.0000000e+00   2.8000000e+01   2.1873815e+02   4.5912935e+01  -2.2000000e+02   2.6481197e+01
   1.0755818e-01   1.0000000e+00   2.8000000e+01   2.1712525e+02   4.6409480e+01  -2.2000000e+02   2.7860952e+01
  -1.5976021e+00   1.0000000e+00   2.8000000e+01   2.1490229e+02   4.7885167e+01  -2.2000000e+02   3.0804674e+01
  -2.7986389e+00   1.0000000e+00   2.8000000e+01   2.1218430e+02   4.8981320e+01  -2.2000000e+02   3.2582749e+01
  -3.8074645e+00   1.0000000e+00   2.8000000e+01   2.0947697e+02   4.9704180e+01  -2.2000000e+02   3.5508037e+01
  -6.8931543e+00   1.0000000e+00   2.8000000e+01   2.0523154e+02   5.1369767e+01  -2.2000000e+02   3.8218143e+01
  -1.0396416e+01   1.0000000e+00   2.8000000e+01   1.9988695e+02   5.3905264e+01  -2.2000000e+02   4.0045694e+01
  -1.3363944e+01   1.0000000e+00   2.8000000e+01   1.9484857e+02   5.6297422e+01  -2.2000000e+02   4.2483147e+01
  -1.6214967e+01   1.0000000e+00   2.8000000e+01   1.9070889e+02   5.8565131e+01  -2.2000000e+02   4.6045947e+01
  -1.8919338e+01   1.0000000e+00   2.8000000e+01   1.8805787e+02   6.1620162e+01  -2.2000000e+02   5.0664898e+01
  -2.2026093e+01   1.0000000e+00   2.8000000e+01   1.8667922e+02   6.3951522e+01  -2.2000000e+02   5.3851329e+01
  -2.5132848e+01   1.0000000e+00   2.8000000e+01   1.8530057e+02   6.6282882e+01  -2.2000000e+02   5.7037759e+01
  -2.7051901e+01   1.0000000e+00   2.8000000e+01   1.8504114e+02   6.7884572e+01  -2.2000000e+02   6.0078451e+01
  -2.7348372e+01   1.0000000e+00   2.8000000e+01   1.8621119e+02   6.8594147e+01  -2.2000000e+02   6.1823725e+01
  -2.8394867e+01   1.0000000e+00   2.8000000e+01   1.8737248e+02   6.9299101e+01  -2.2000000e+02   6.3581001e+01
  -2.7901438e+01   1.0000000e+00   2.8000000e+01   1.8663813e+02   7.0522249e+01  -2.2000000e+02   6.7671485e+01
  -2.4743449e+01   1.0000000e+00   2.8000000e+01   1.8585294e+02   7.1590328e+01  -2.2000000e+02   7.0406454e+01
  -2.0760676e+01   1.0000000e+00   2.8000000e+01   1.8507659e+02   7.2644761e+01  -2.2000000e+02   7.3104240e+01
  -1.9291819e+01   1.0000000e+00   2.8000000e+01   1.8414280e+02   7.3658379e+01  -2.2000000e+02   7.4768747e+01
  -1.4877064e+01   1.0000000e+00   2.8000000e+01   1.8277574e+02   7.4478205e+01  -2.2000000e+02   7.2674432e+01
  -1.1760857e+01   1.0000000e+00   2.8000000e+01   1.8063217e+02   7.5181404e+01  -2.2000000e+02   6.7546934e+01
  -1.1224446e+01   1.0000000e+00   2.8000000e+01   1.7586418e+02   7.3465383e+01  -2.2000000e+02   5.7483084e+01
  -6.6014434e+00   1.0000000e+00   2.8000000e+01   1.7104713e+02   6.8051656e+01  -2.2000000e+02   4.6024117e+01
  -6.9082298e-01   1.0000000e+00   2.8000000e+01   1.6842905e+02   6.0039800e+01  -2.2000000e+02   3.3842153e+01
   3.4660803e+00   1.0000000e+00   2.8000000e+01   1.7406377e+02   5.6522645e+01  -2.2000000e+02   2.1669950e+01
   5.5805514e+00   1.0000000e+00   2.8000000e+01   1.8210366e+02   5.5402551e+01  -2.2000000e+02   1.1156056e+01
   1.0114815e+01   1.0000000e+00   2.8000000e+01   1.9245372e+02   5.4442539e+01  -2.2000000e+02   3.7150223e+00
   1.3621669e+01   1.0000000e+00   2.8000000e+01   2.0368547e+02   5.0745970e+01  -2.2000000e+02  -2.1571689e+00
   1.4278940e+01   1.0000000e+00   2.8000000e+01   2.1564224e+02   4.4018509e+01  -2.2000000e+02  -5.5670878e+00
   1.2847063e+01   1.0000000e+00   2.8000000e+01   2.2754576e+02   3.7299802e+01  -2.2000000e+02  -7.8572533e+00
   1.2312888e+01   1.0000000e+00   2.8000000e+01   2.3616269e+02   3.8236480e+01  -2.2000000e+02  -1.3830854e+01
   1.0530592e+01   1.0000000e+00   2.8000000e+01   2.3820361e+02   4.1855623e+01  -2.2000000e+02  -1.4587803e+01
   8.1248012e+00   1.0000000e+00   2.8000000e+01   2.3637336e+02   4.4747962e+01  -2.2000000e+02  -1.2422581e+01
   5.6053435e+00   1.0000000e+00   2.8000000e+01   2.3239151e+02   4.6077158e+01  -2.2000000e+02  -7.9914798e+00
   2.3496203e+00   1.0000000e+00   2.8000000e+01   2.2739853e+02   4.6825124e+01  -2.2000000e+02  -1.9738488e+00
  -1.0708022e+00   1.0000000e+00   2.8000000e+01   2.2251832e+02   4.7231710e+01  -2.2000000e+02   3.7493328e+00
  -4.5233133e+00   1.0000000e+00   2.8000000e+01   2.1782102e+02   4.7276954e+01  -2.2000000e+02   7.7499390e+00
  -8.5798841e+00   1.0000000e+00   2.8000000e+01   2.1356891e+02   4.8424712e+01  -2.2000000e+02   1.2845184e+01
  -1.2836894e+01   1.0000000e+00   2.8000000e+01   2.0864451e+02   4.9346949e+01  -2.2000000e+02   1.7189346e+01
  -1.4461879e+01   1.0000000e+00   2.8000000e+01   2.0368809e+02   4.9309148e+01  -2.2000000e+02   2.3432702e+01
  -1.7335834e+01   1.0000000e+00   2.8000000e+01   2.0000573e+02   5.0039319e+01  -2.2000000e+02   2.9068918e+01
  -1.9847958e+01   1.0000000e+00   2.8000000e+01   1.9628680e+02   5.0800463e+01  -2.2000000e+02   3.3248319e+01
  -2.2226605e+01   1.0000000e+00   2.8000000e+01   1.9241317e+02   5.0952485e+01  -2.2000000e+02   3.5435451e+01
  -2.5124546e+01   1.0000000e+00   2.8000000e+01   1.8960974e+02   5.1193983e+01  -2.2000000e+02   3.7876494e+01
  -2.6703547e+01   1.0000000e+00   2.8000000e+01   1.8817413e+02   5.2001201e+01  -2.2000000e+02   4.1866357e+01
  -2.7972757e+01   1.0000000e+00   2.8000000e+01   1.8676888e+02   5.2835079e+01  -2.2000000e+02   4.5835927e+01
  -2.8376181e+01   1.0000000e+00   2.8000000e+01   1.8621360e+02   5.3334588e+01  -2.2000000e+02   4.9442916e+01
  -2.9126250e+01   1.0000000e+00   2.8000000e+01   1.8569899e+02   5.3819443e+01  -2.2000000e+02   5.3129511e+01
  -3.0040363e+01   1.0000000e+00   2.8000000e+01   1.8630724e+02   5.4245095e+01  -2.2000000e+02   5.5799693e+01
  -3.0012871e+01   1.0000000e+00   2.8000000e+01   1.8757546e+02   5.4496925e+01  -2.2000000e+02   5.7173688e+01
  -2.9780975e+01   1.0000000e+00   2.8000000e+01   1.8787114e+02   5.5060282e+01  -2.2000000e+02   5.9816023e+01
  -2.9649702e+01   1.0000000e+00   2.8000000e+01   1.8582172e+02   5.6352206e+01  -2.2000000e+02   6.4899073e+01
  -2.5930604e+01   1.0000000e+00   2.8000000e+01   1.8340973e+02   5.7419590e+01  -2.2000000e+02   6.8866247e+01
  -2.2497935e+01   1.0000000e+00   2.8000000e+01   1.8203033e+02   5.8007458e+01  -2.2000000e+02   7.0546445e+01
  -1.4954130e+01   1.0000000e+00   2.8000000e+01   1.7844971e+02   5.8787611e+01  -2.2000000e+02   6.5091697e+01
  -1.0184178e+01   1.0000000e+00   2.8000000e+01   1.7303825e+02   6.0974661e+01  -2.2000000e+02   5.5667760e+01
  -6.8072718e+00   1.0000000e+00   2.8000000e+01   1.7012932e+02   6.0987334e+01  -2.2000000e+02   4.5062906e+01
  -2.6321547e+00   1.0000000e+00   2.8000000e+01   1.7319871e+02   6.0491102e+01  -2.2000000e+02   3.2847606e+01
   2.5802987e+00   1.0000000e+00   2.8000000e+01   1.8292158e+02   6.0063131e+01  -2.2000000e+02   2.2100452e+01
   7.7710205e+00   1.0000000e+00   2.8000000e+01   1.9302933e+02   5.8114816e+01  -2.2000000e+02   1.4009930e+01
   1.1126302e+01   1.0000000e+00   2.8000000e+01   2.0274250e+02   5.6500866e+01  -2.2000000e+02   8.7780787e+00
   1.6179305e+01   1.0000000e+00   2.8000000e+01   2.1219820e+02   5.5361456e+01  -2.2000000e+02   1.6319853e+00
   2.0003121e+01   1.0000000e+00   2.8000000e+01   2.2148127e+02   5.4060269e+01  -2.2000000e+02  -5.3794655e+00
   2.1286372e+01   1.0000000e+00   2.8000000e+01   2.3057744e+02   5.2238836e+01  -2.2000000e+02  -1.2341908e+01
   1.7850829e+01   1.0000000e+00   2.8000000e+01   2.3905202e+02   4.9985825e+01  -2.2000000e+02  -1.8979162e+01
   1.4110174e+01   1.0000000e+00   2.8000000e+01   2.4675824e+02   4.7786353e+01  -2.2000000e+02  -2.1187150e+01
   1.3135642e+01   1.0000000e+00   2.8000000e+01   2.4642774e+02   4.7758810e+01  -2.2000000e+02  -1.6087137e+01
   1.1371398e+01   1.0000000e+00   2.8000000e+01   2.4349473e+02   4.7412505e+01  -2.2000000e+02  -1.0838205e+01
   7.5248482e+00   1.0000000e+00   2.8000000e+01   2.3802726e+02   4.8102607e+01  -2.2000000e+02  -4.0470369e+00
   4.4241782e+00   1.0000000e+00   2.8000000e+01   2.3278934e+02   4.8941966e+01  -2.2000000e+02   3.8136469e+00
   4.0750084e-01   1.0000000e+00   2.8000000e+01   2.2663954e+02   5.0746485e+01  -2.2000000e+02   1.0783723e+01
  -2.9532437e+00   1.0000000e+00   2.8000000e+01   2.2156345e+02   5.2037291e+01  -2.2000000e+02   1.7490697e+01
  -5.5157835e+00   1.0000000e+00   2.8000000e+01   2.1659577e+02   5.2938715e+01  -2.2000000e+02   2.2202050e+01
  -8.8774988e+00   1.0000000e+00   2.8000000e+01   2.1208740e+02   5.3940886e+01  -2.2000000e+02   2.7346741e+01
  -1.2237213e+01   1.0000000e+00   2.8000000e+01   2.0719617e+02   5.5113023e+01  -2.2000000e+02   3.1372055e+01
  -1.5273026e+01   1.0000000e+00   2.8000000e+01   2.0296047e+02   5.6463460e+01  -2.2000000e+02   3.4818370e+01
  -1.8288748e+01   1.0000000e+00   2.8000000e+01   1.9839956e+02   5.7854187e+01  -2.2000000e+02   3.7535058e+01
  -1.9977576e+01   1.0000000e+00   2.8000000e+01   1.9528666e+02   5.9210879e+01  -2.2000000e+02   4.0333110e+01
  -2.3053824e+01   1.0000000e+00   2.8000000e+01   1.9316815e+02   6.0800630e+01  -2.2000000e+02   4.3265583e+01
  -2.4869027e+01   1.0000000e+00   2.8000000e+01   1.9221867e+02   6.1837577e+01  -2.2000000e+02   4.5381308e+01
  -2.7164173e+01   1.0000000e+00   2.8000000e+01   1.9110109e+02   6.3190861e+01  -2.2000000e+02   4.8598538e+01
  -2.7825254e+01   1.0000000e+00   2.8000000e+01   1.9003856e+02   6.4541160e+01  -2.2000000e+02   5.1786393e+01
  -2.8355122e+01   1.0000000e+00   2.8000000e+01   1.9020859e+02   6.5514120e+01  -2.2000000e+02   5.4482132e+01
  -2.8328595e+01   1.0000000e+00   2.8000000e+01   1.9037284e+02   6.6471330e+01  -2.2000000e+02   5.7160725e+01
  -2.9250274e+01   1.0000000e+00   2.8000000e+01   1.8975828e+02   6.7450368e+01  -2.2000000e+02   6.0661399e+01
  -2.8984544e+01   1.0000000e+00   2.8000000e+01   1.8912795e+02   6.8428616e+01  -2.2000000e+02   6.4114788e+01
  -2.7630913e+01   1.0000000e+00   2.8000000e+01   1.8971723e+02   6.8847903e+01  -2.2000000e+02   6.5811987e+01
  -2.7555523e+01   1.0000000e+00   2.8000000e+01   1.9028870e+02   6.9266563e+01  -2.2000000e+02   6.7532436e+01
  -2.7671803e+01   1.0000000e+00   2.8000000e+01   1.8983953e+02   6.9846465e+01  -2.2000000e+02   7.0520217e+01
  -2.7582901e+01   1.0000000e+00   2.8000000e+01   1.8928562e+02   7.0447081e+01  -2.2000000e+02   7.3518660e+01
  -2.6037242e+01   1.0000000e+00   2.8000000e+01   1.8837473e+02   7.0974552e+01  -2.2000000e+02   7.5501900e+01
  -2.3217539e+01   1.0000000e+00   2.8000000e+01   1.8625209e+02   7.1434476e+01  -2.2000000e+02   7.7030305e+01
  -1.9610209e+01   1.0000000e+00   2.8000000e+01   1.8486931e+02   7.1785296e+01  -2.2000000e+02   7.5927327e+01
  -1.4947759e+01   1.0000000e+00   2.8000000e+01   1.8309030e+02   7.1740342e+01  -2.2000000e+02   7.1512855e+01
  -1.0235390e+01   1.0000000e+00   2.8000000e+01   1.7898824e+02   7.2581512e+01  -2.2000000e+02   6.1747895e+01
  -7.3081546e+00   1.0000000e+00   2.8000000e+01   1.7556031e+02   6.9723181e+01  -2.2000000e+02   5.0918970e+01
  -1.1974139e+00   1.0000000e+00   2.8000000e+01   1.7376560e+02   6.2067446e+01  -2.2000000e+02   3.8632494e+01
   1.9849885e+00   1.0000000e+00   2.8000000e+01   1.8194087e+02   5.9810492e+01  -2.2000000e+02   2.6884543e+01
   7.8694453e+00   1.0000000e+00   2.8000000e+01   1.9167424e+02   5.6890977e+01  -2.2000000e+02   1.7294317e+01
   1.2314935e+01   1.0000000e+00   2.8000000e+01   2.0204924e+02   5.4066483e+01  -2.2000000e+02   9.6853763e+00
   1.5678015e+01   1.0000000e+00   2.8000000e+01   2.1181463e+02   5.3597623e+01  -2.2000000e+02   2.9538359e+00
   1.7184170e+01   1.0000000e+00   2.8000000e+01   2.2173610e+02   5.0243330e+01  -2.2000000e+02  -4.5009859e+00
   1.4430357e+01   1.0000000e+00   2.8000000e+01   2.3153975e+02   4.6218238e+01  -2.2000000e+02  -9.5726723e+00
   1.2617544e+01   1.0000000e+00   2.8000000e+01   2.3867164e+02   4.4122045e+01  -2.2000000e+02  -1.2138693e+01
   1.0961248e+01   1.0000000e+00   2.8000000e+01   2.3861031e+02   4.5051815e+01  -2.2000000e+02  -9.1252327e+00
   8.9760759e+00   1.0000000e+00   2.8000000e+01   2.3614718e+02   4.4997784e+01  -2.2000000e+02  -4.1335782e+00
   6.4073305e+00   1.0000000e+00   2.8000000e+01   2.3248181e+02   4.5919952e+01  -2.2000000e+02   3.6207919e+00
   2.9498309e+00   1.0000000e+00   2.8000000e+01   2.2667818e+02   4.6053827e+01  -2.2000000e+02   8.4657797e+00
   3.5190754e-01   1.0000000e+00   2.8000000e+01   2.2165363e+02   4.6467714e+01  -2.2000000e+02   1.4574781e+01
  -1.9450908e+00   1.0000000e+00   2.8000000e+01   2.1751000e+02   4.7818670e+01  -2.2000000e+02   1.9563065e+01
  -4.4929467e+00   1.0000000e+00   2.8000000e+01   2.1339010e+02   4.8465310e+01  -2.2000000e+02   2.3617980e+01
  -7.6757747e+00   1.0000000e+00   2.8000000e+01   2.0934275e+02   5.0214322e+01  -2.2000000e+02   2.8373847e+01
  -1.1672807e+01   1.0000000e+00   2.8000000e+01   2.0447831e+02   5.2416989e+01  -2.2000000e+02   3.1630708e+01
  -1.4429540e+01   1.0000000e+00   2.8000000e+01   2.0068106e+02   5.4036651e+01  -2.2000000e+02   3.5658061e+01
  -1.7698041e+01   1.0000000e+00   2.8000000e+01   1.9706679e+02   5.5581406e+01  -2.2000000e+02   3.8786509e+01
  -2.0167664e+01   1.0000000e+00   2.8000000e+01   1.9404780e+02   5.7185549e+01  -2.2000000e+02   4.2319434e+01
  -2.1608289e+01   1.0000000e+00   2.8000000e+01   1.9179690e+02   5.8417329e+01  -2.2000000e+02   4.6123641e+01
  -2.3836020e+01   1.0000000e+00   2.8000000e+01   1.9045076e+02   5.9432636e+01  -2.2000000e+02   4.9124762e+01
  -2.6715206e+01   1.0000000e+00   2.8000000e+01   1.8914527e+02   6.0431728e+01  -2.2000000e+02   5.2163644e+01
  -2.7668843e+01   1.0000000e+00   2.8000000e+01   1.8993765e+02   6.0957725e+01  -2.2000000e+02   5.3587157e+01
  -2.8200770e+01   1.0000000e+00   2.8000000e+01   1.9071801e+02   6.1484471e+01  -2.2000000e+02   5.5021277e+01
  -2.8605926e+01   1.0000000e+00   2.8000000e+01   1.9053353e+02   6.2051865e+01  -2.2000000e+02   5.7227874e+01
  -2.8808196e+01   1.0000000e+00   2.8000000e+01   1.9035520e+02   6.2617629e+01  -2.2000000e+02   5.9430932e+01
  -2.8197445e+01   1.0000000e+00   2.8000000e+01   1.9017206e+02   6.3183731e+01  -2.2000000e+02   6.1653574e+01
  -2.9113608e+01   1.0000000e+00   2.8000000e+01   1.8998533e+02   6.3746157e+01  -2.2000000e+02   6.3912656e+01
  -2.8318811e+01   1.0000000e+00   2.8000000e+01   1.8945426e+02   6.4471937e+01  -2.2000000e+02   6.7839301e+01
  -2.8499366e+01   1.0000000e+00   2.8000000e+01   1.8889095e+02   6.5197843e+01  -2.2000000e+02   7.1776279e+01
  -2.7566331e+01   1.0000000e+00   2.8000000e+01   1.8663788e+02   6.6214265e+01  -2.2000000e+02   7.5277402e+01
  -2.5801227e+01   1.0000000e+00   2.8000000e+01   1.8480513e+02   6.6727975e+01  -2.2000000e+02   7.6731101e+01
  -1.9269666e+01   1.0000000e+00   2.8000000e+01   1.8521132e+02   6.6918807e+01  -2.2000000e+02   7.5862056e+01
  -1.4499426e+01   1.0000000e+00   2.8000000e+01   1.8210214e+02   6.6748925e+01  -2.2000000e+02   7.0538930e+01
  -9.8656041e+00   1.0000000e+00   2.8000000e+01   1.7559267e+02   6.7451368e+01  -2.2000000e+02   5.9348041e+01
  -6.3274811e+00   1.0000000e+00   2.8000000e+01   1.6949980e+02   6.3035066e+01  -2.2000000e+02   4.7566499e+01
  -1.1895845e-02   1.0000000e+00   2.8000000e+01   1.6822001e+02   5.7273164e+01  -2.2000000e+02   3.5214323e+01
   4.6115858e+00   1.0000000e+00   2.8000000e+01   1.7702159e+02   5.7612277e+01  -2.2000000e+02   2.3380611e+01
   9.7750732e+00   1.0000000e+00   2.8000000e+01   1.8740126e+02   5.6771770e+01  -2.2000000e+02   1.4249868e+01
   1.3279053e+01   1.0000000e+00   2.8000000e+01   1.9768804e+02   5.6306553e+01  -2.2000000e+02   8.1939997e+00
   1.6263004e+01   1.0000000e+00   2.8000000e+01   2.0836760e+02   5.4206638e+01  -2.2000000e+02   1.8624406e+00
   1.7841363e+01   1.0000000e+00   2.8000000e+01   2.1897369e+02   5.0762263e+01  -2.2000000e+02  -4.8739032e+00
   1.6353697e+01   1.0000000e+00   2.8000000e+01   2.2905830e+02   4.6710860e+01  -2.2000000e+02  -1.3251115e+01
   1.3284793e+01   1.0000000e+00   2.8000000e+01   2.3939663e+02   4.2327742e+01  -2.2000000e+02  -1.5803383e+01
   1.2397995e+01   1.0000000e+00   2.8000000e+01   2.4370537e+02   4.3297480e+01  -2.2000000e+02  -1.4716288e+01
   1.0082620e+01   1.0000000e+00   2.8000000e+01   2.4221146e+02   4.5390737e+01  -2.2000000e+02  -1.0322283e+01
   8.4334266e+00   1.0000000e+00   2.8000000e+01   2.3878433e+02   4.5945614e+01  -2.2000000e+02  -4.9681954e+00
   5.5904610e+00   1.0000000e+00   2.8000000e+01   2.3425421e+02   4.6964942e+01  -2.2000000e+02   2.5060177e+00
   3.1835978e+00   1.0000000e+00   2.8000000e+01   2.2892344e+02   4.6939528e+01  -2.2000000e+02   9.3014182e+00
   3.6952113e-01   1.0000000e+00   2.8000000e+01   2.2420759e+02   4.7341828e+01  -2.2000000e+02   1.6077873e+01
  -1.1051945e+00   1.0000000e+00   2.8000000e+01   2.1902366e+02   4.7976977e+01  -2.2000000e+02   2.0982694e+01
  -3.8986875e+00   1.0000000e+00   2.8000000e+01   2.1467213e+02   4.8655971e+01  -2.2000000e+02   2.4965486e+01
  -7.9671190e+00   1.0000000e+00   2.8000000e+01   2.0945741e+02   5.0896416e+01  -2.2000000e+02   2.8934207e+01
  -1.0521597e+01   1.0000000e+00   2.8000000e+01   2.0510113e+02   5.2803228e+01  -2.2000000e+02   3.2557129e+01
  -1.4479705e+01   1.0000000e+00   2.8000000e+01   2.0147480e+02   5.4941550e+01  -2.2000000e+02   3.6223284e+01
  -1.7012634e+01   1.0000000e+00   2.8000000e+01   1.9832992e+02   5.6720677e+01  -2.2000000e+02   3.9689124e+01
  -1.9350680e+01   1.0000000e+00   2.8000000e+01   1.9525434e+02   5.8008215e+01  -2.2000000e+02   4.2002379e+01
  -2.1103534e+01   1.0000000e+00   2.8000000e+01   1.9296909e+02   5.9166796e+01  -2.2000000e+02   4.5069360e+01
  -2.4129717e+01   1.0000000e+00   2.8000000e+01   1.9077014e+02   6.0321713e+01  -2.2000000e+02   4.8143039e+01
  -2.6390597e+01   1.0000000e+00   2.8000000e+01   1.8961638e+02   6.1759825e+01  -2.2000000e+02   5.1310282e+01
  -2.7847314e+01   1.0000000e+00   2.8000000e+01   1.8850339e+02   6.3182682e+01  -2.2000000e+02   5.4412619e+01
  -2.8428388e+01   1.0000000e+00   2.8000000e+01   1.8869546e+02   6.4073867e+01  -2.2000000e+02   5.6738654e+01
  -2.8903271e+01   1.0000000e+00   2.8000000e+01   1.8888718e+02   6.4960368e+01  -2.2000000e+02   5.9084730e+01
  -2.9126413e+01   1.0000000e+00   2.8000000e+01   1.8905082e+02   6.5832976e+01  -2.2000000e+02   6.1479347e+01
  -2.8575499e+01   1.0000000e+00   2.8000000e+01   1.8921978e+02   6.6688365e+01  -2.2000000e+02   6.3840888e+01
  -3.0003063e+01   1.0000000e+00   2.8000000e+01   1.8830037e+02   6.7614967e+01  -2.2000000e+02   6.6473151e+01
  -2.7932583e+01   1.0000000e+00   2.8000000e+01   1.8860494e+02   6.8180141e+01  -2.2000000e+02   6.8271744e+01
  -2.8121264e+01   1.0000000e+00   2.8000000e+01   1.8604748e+02   6.8958965e+01  -2.2000000e+02   7.2484064e+01
  -2.4169819e+01   1.0000000e+00   2.8000000e+01   1.8547104e+02   6.9327459e+01  -2.2000000e+02   7.4408894e+01
  -2.0124069e+01   1.0000000e+00   2.8000000e+01   1.8386540e+02   6.9628877e+01  -2.2000000e+02   7.6469122e+01
  -1.5810328e+01   1.0000000e+00   2.8000000e+01   1.8060472e+02   6.9143127e+01  -2.2000000e+02   7.0811796e+01
  -8.3254214e+00   1.0000000e+00   2.8000000e+01   1.7587561e+02   7.0363589e+01  -2.2000000e+02   6.1070929e+01
  -5.2296417e+00   1.0000000e+00   2.8000000e+01   1.7283847e+02   7.0709648e+01  -2.2000000e+02   5.1093099e+01
  -1.1152894e-01   1.0000000e+00   2.8000000e+01   1.7104422e+02   6.4694858e+01  -2.2000000e+02   3.8991388e+01
   4.1646415e+00   1.0000000e+00   2.8000000e+01   1.7617543e+02   5.9247644e+01  -2.2000000e+02   2.6639208e+01
   6.8462641e+00   1.0000000e+00   2.8000000e+01   1.8328220e+02   5.5806574e+01  -2.2000000e+02   1.5303157e+01
   1.0374636e+01   1.0000000e+00   2.8000000e+01   1.9198716e+02   5.4784373e+01  -2.2000000e+02   5.7331844e+00
   1.3742090e+01   1.0000000e+00   2.8000000e+01   1.9976833e+02   5.4512366e+01  -2.2000000e+02  -2.7421363e+00
   1.8437124e+01   1.0000000e+00   2.8000000e+01   2.0857847e+02   5.4827607e+01  -2.2000000e+02  -1.0421798e+01
   2.1449494e+01   1.0000000e+00   2.8000000e+01   2.1772505e+02   5.4664320e+01  -2.2000000e+02  -1.7463646e+01
   2.1315218e+01   1.0000000e+00   2.8000000e+01   2.2725303e+02   5.3495317e+01  -2.2000000e+02  -2.4274893e+01
   1.7160316e+01   1.0000000e+00   2.8000000e+01   2.3686149e+02   5.0475790e+01  -2.2000000e+02  -3.0893741e+01
   1.3343401e+01   1.0000000e+00   2.8000000e+01   2.4664932e+02   4.6666996e+01  -2.2000000e+02  -3.3777110e+01
   1.2141604e+01   1.0000000e+00   2.8000000e+01   2.4953938e+02   4.7252643e+01  -2.2000000e+02  -3.4689584e+01
   9.4734457e+00   1.0000000e+00   2.8000000e+01   2.4793393e+02   4.9540990e+01  -2.2000000e+02  -3.0286404e+01
   6.5618930e+00   1.0000000e+00   2.8000000e+01   2.4404987e+02   5.0446675e+01  -2.2000000e+02  -2.2792351e+01
   3.3957136e+00   1.0000000e+00   2.8000000e+01   2.3770816e+02   5.0470452e+01  -2.2000000e+02  -1.4398838e+01
   6.9269494e-01   1.0000000e+00   2.8000000e+01   2.3238861e+02   4.9530517e+01  -2.2000000e+02  -6.8203443e+00
  -1.2507082e+00   1.0000000e+00   2.8000000e+01   2.2698175e+02   4.8496058e+01  -2.2000000e+02  -4.5439515e-01
  -3.5962078e+00   1.0000000e+00   2.8000000e+01   2.2110382e+02   4.7752852e+01  -2.2000000e+02   5.5219109e+00
  -7.4703777e+00   1.0000000e+00   2.8000000e+01   2.1626463e+02   4.9238388e+01  -2.2000000e+02   1.1108275e+01
  -1.1239292e+01   1.0000000e+00   2.8000000e+01   2.1179560e+02   5.0755301e+01  -2.2000000e+02   1.3776693e+01
  -1.4328760e+01   1.0000000e+00   2.8000000e+01   2.0722520e+02   5.2360347e+01  -2.2000000e+02   1.7565229e+01
  -1.6888959e+01   1.0000000e+00   2.8000000e+01   2.0325541e+02   5.3104528e+01  -2.2000000e+02   2.1971530e+01
  -1.9670729e+01   1.0000000e+00   2.8000000e+01   1.9872884e+02   5.3807267e+01  -2.2000000e+02   2.5961868e+01
  -2.2713935e+01   1.0000000e+00   2.8000000e+01   1.9445279e+02   5.3641788e+01  -2.2000000e+02   2.7604591e+01
  -2.4419175e+01   1.0000000e+00   2.8000000e+01   1.9081174e+02   5.3037670e+01  -2.2000000e+02   3.0304495e+01
  -2.5893249e+01   1.0000000e+00   2.8000000e+01   1.8837128e+02   5.2183003e+01  -2.2000000e+02   3.3569797e+01
  -2.7588129e+01   1.0000000e+00   2.8000000e+01   1.8671709e+02   5.2221121e+01  -2.2000000e+02   3.8364536e+01
  -2.8872315e+01   1.0000000e+00   2.8000000e+01   1.8587060e+02   5.2707533e+01  -2.2000000e+02   4.1452468e+01
  -2.7038440e+01   1.0000000e+00   2.8000000e+01   1.8566795e+02   5.3354656e+01  -2.2000000e+02   4.6122680e+01
  -2.7423448e+01   1.0000000e+00   2.8000000e+01   1.8564044e+02   5.3814747e+01  -2.2000000e+02   4.9595327e+01
  -2.6072989e+01   1.0000000e+00   2.8000000e+01   1.8563657e+02   5.4301288e+01  -2.2000000e+02   5.3018781e+01
  -2.5220776e+01   1.0000000e+00   2.8000000e+01   1.8373548e+02   5.5820380e+01  -2.2000000e+02   5.4965041e+01
  -2.2461236e+01   1.0000000e+00   2.8000000e+01   1.8114136e+02   5.7202395e+01  -2.2000000e+02   5.4699669e+01
  -1.6645616e+01   1.0000000e+00   2.8000000e+01   1.7371377e+02   5.9383201e+01  -2.2000000e+02   4.7123579e+01
  -1.0848129e+01   1.0000000e+00   2.8000000e+01   1.6852466e+02   6.2161574e+01  -2.2000000e+02   4.0130896e+01
  -6.3579388e+00   1.0000000e+00   2.8000000e+01   1.6649345e+02   6.1525175e+01  -2.2000000e+02   3.1537527e+01
  -2.9586354e+00   1.0000000e+00   2.8000000e+01   1.6899971e+02   5.9566554e+01  -2.2000000e+02   2.0037934e+01
   2.2292937e+00   1.0000000e+00   2.8000000e+01   1.7834735e+02   6.3798434e+01  -2.2000000e+02   1.3952158e+01
   7.8833796e+00   1.0000000e+00   2.8000000e+01   1.8784917e+02   6.1834682e+01  -2.2000000e+02   4.5684325e+00
   1.2156907e+01   1.0000000e+00   2.8000000e+01   1.9711259e+02   6.1075840e+01  -2.2000000e+02   2.0455304e-01
   1.5911067e+01   1.0000000e+00   2.8000000e+01   2.0600582e+02   6.1588137e+01  -2.2000000e+02  -1.1025944e+00
   1.8895323e+01   1.0000000e+00   2.8000000e+01   2.1459020e+02   6.1474430e+01  -2.2000000e+02  -6.0713259e+00
   2.1062128e+01   1.0000000e+00   2.8000000e+01   2.2362350e+02   5.9636410e+01  -2.2000000e+02  -1.0323656e+01
   2.3278472e+01   1.0000000e+00   2.8000000e+01   2.3315711e+02   5.6475005e+01  -2.2000000e+02  -1.5491917e+01
   2.1008757e+01   1.0000000e+00   2.8000000e+01   2.4133027e+02   5.2960081e+01  -2.2000000e+02  -2.1136607e+01
   1.6679214e+01   1.0000000e+00   2.8000000e+01   2.4931222e+02   4.8488103e+01  -2.2000000e+02  -1.8361961e+01
   1.5392037e+01   1.0000000e+00   2.8000000e+01   2.4951838e+02   4.7831620e+01  -2.2000000e+02  -1.5347747e+01
   1.3428558e+01   1.0000000e+00   2.8000000e+01   2.4509897e+02   4.7337681e+01  -2.2000000e+02  -8.6593323e+00
   1.1206072e+01   1.0000000e+00   2.8000000e+01   2.3968845e+02   4.7416552e+01  -2.2000000e+02  -2.9382079e-01
   9.2531410e+00   1.0000000e+00   2.8000000e+01   2.3448906e+02   4.6622719e+01  -2.2000000e+02   6.3871271e+00
   7.1118184e+00   1.0000000e+00   2.8000000e+01   2.2933090e+02   4.5979138e+01  -2.2000000e+02   1.3605809e+01
   4.6731463e+00   1.0000000e+00   2.8000000e+01   2.2455306e+02   4.6433138e+01  -2.2000000e+02   1.9743931e+01
   2.1602867e+00   1.0000000e+00   2.8000000e+01   2.2030553e+02   4.7315549e+01  -2.2000000e+02   2.4007813e+01
   1.4109744e-01   1.0000000e+00   2.8000000e+01   2.1663153e+02   4.8600721e+01  -2.2000000e+02   2.8195679e+01
  -3.7719774e+00   1.0000000e+00   2.8000000e+01   2.1198332e+02   4.9954015e+01  -2.2000000e+02   3.1803814e+01
  -6.1020559e+00   1.0000000e+00   2.8000000e+01   2.0715639e+02   5.1578348e+01  -2.2000000e+02   3.4668922e+01
  -8.3133542e+00   1.0000000e+00   2.8000000e+01   2.0267349e+02   5.3240433e+01  -2.2000000e+02   3.7187419e+01
  -1.0652739e+01   1.0000000e+00   2.8000000e+01   1.9914183e+02   5.6014827e+01  -2.2000000e+02   3.9984751e+01
  -1.2814174e+01   1.0000000e+00   2.8000000e+01   1.9595562e+02   5.8279110e+01  -2.2000000e+02   4.4536446e+01
  -1.4887458e+01   1.0000000e+00   2.8000000e+01   1.9284705e+02   5.9873591e+01  -2.2000000e+02   4.6919844e+01
  -1.6514158e+01   1.0000000e+00   2.8000000e+01   1.9054020e+02   6.1125794e+01  -2.2000000e+02   4.9869570e+01
  -1.8758150e+01   1.0000000e+00   2.8000000e+01   1.8833466e+02   6.2600545e+01  -2.2000000e+02   5.1915070e+01
  -2.0297183e+01   1.0000000e+00   2.8000000e+01   1.8732880e+02   6.3885224e+01  -2.2000000e+02   5.4032028e+01
  -2.2032684e+01   1.0000000e+00   2.8000000e+01   1.8709187e+02   6.5195934e+01  -2.2000000e+02   5.6745757e+01
  -2.2180659e+01   1.0000000e+00   2.8000000e+01   1.8687245e+02   6.6498284e+01  -2.2000000e+02   5.9410017e+01
  -2.2943628e+01   1.0000000e+00   2.8000000e+01   1.8663736e+02   6.7754237e+01  -2.2000000e+02   6.2115341e+01
  -2.3860471e+01   1.0000000e+00   2.8000000e+01   1.8640498e+02   6.8978970e+01  -2.2000000e+02   6.4832492e+01
  -2.4485289e+01   1.0000000e+00   2.8000000e+01   1.8615893e+02   7.0184605e+01  -2.2000000e+02   6.7573978e+01
  -2.5471533e+01   1.0000000e+00   2.8000000e+01   1.8658904e+02   7.1003365e+01  -2.2000000e+02   6.9558926e+01
  -2.7271934e+01   1.0000000e+00   2.8000000e+01   1.8578868e+02   7.1937438e+01  -2.2000000e+02   7.2326986e+01
  -2.6603366e+01   1.0000000e+00   2.8000000e+01   1.8503121e+02   7.2875261e+01  -2.2000000e+02   7.4942659e+01
  -2.7283310e+01   1.0000000e+00   2.8000000e+01   1.8463355e+02   7.3648862e+01  -2.2000000e+02   7.6306490e+01
  -2.6134349e+01   1.0000000e+00   2.8000000e+01   1.8429304e+02   7.4424933e+01  -2.2000000e+02   7.7533371e+01
  -2.3540914e+01   1.0000000e+00   2.8000000e+01   1.8447036e+02   7.5164877e+01  -2.2000000e+02   7.7888356e+01
  -2.1813520e+01   1.0000000e+00   2.8000000e+01   1.8467420e+02   7.5890289e+01  -2.2000000e+02   7.8224008e+01
  -1.8952566e+01   1.0000000e+00   2.8000000e+01   1.8489351e+02   7.6596183e+01  -2.2000000e+02   7.8504334e+01
  -1.3742358e+01   1.0000000e+00   2.8000000e+01   1.8417861e+02   7.7122326e+01  -2.2000000e+02   7.4437756e+01
  -9.3681765e+00   1.0000000e+00   2.8000000e+01   1.8221606e+02   7.7082337e+01  -2.2000000e+02   7.0081181e+01
  -9.0831730e+00   1.0000000e+00   2.8000000e+01   1.7907184e+02   7.5168414e+01  -2.2000000e+02   6.2384625e+01
  -1.0666985e+01   1.0000000e+00   2.8000000e+01   1.7723770e+02   6.5085836e+01  -2.2000000e+02   5.3311351e+01
  -4.9291877e+00   1.0000000e+00   2.8000000e+01   1.7311817e+02   5.7226088e+01  -2.2000000e+02   4.1738831e+01
  -5.8484690e-01   1.0000000e+00   2.8000000e+01   1.6750605e+02   5.7348215e+01  -2.2000000e+02   3.0809768e+01
   3.8856297e+00   1.0000000e+00   2.8000000e+01   1.6473806e+02   5.7404318e+01  -2.2000000e+02   2.1198436e+01
   6.6099933e+00   1.0000000e+00   2.8000000e+01   1.6700779e+02   5.8919293e+01  -2.2000000e+02   1.1956618e+01
   1.0256418e+01   1.0000000e+00   2.8000000e+01   1.7670335e+02   6.4463723e+01  -2.2000000e+02   4.5044373e+00
   1.3051842e+01   1.0000000e+00   2.8000000e+01   1.8621600e+02   6.6237172e+01  -2.2000000e+02   4.9279075e+00
   1.7536753e+01   1.0000000e+00   2.8000000e+01   1.9650613e+02   6.4041586e+01  -2.2000000e+02   7.9248024e-01
   2.0747375e+01   1.0000000e+00   2.8000000e+01   2.0769681e+02   5.9255157e+01  -2.2000000e+02  -2.1357664e+00
   2.0592861e+01   1.0000000e+00   2.8000000e+01   2.1943294e+02   5.1749592e+01  -2.2000000e+02  -3.1280073e+00
   1.7417486e+01   1.0000000e+00   2.8000000e+01   2.3150219e+02   4.3495520e+01  -2.2000000e+02  -6.3461232e+00
   1.7392461e+01   1.0000000e+00   2.8000000e+01   2.4162805e+02   4.2039101e+01  -2.2000000e+02  -7.8085623e+00
   1.5970429e+01   1.0000000e+00   2.8000000e+01   2.4432901e+02   4.4345991e+01  -2.2000000e+02  -7.8272928e+00
   1.3724871e+01   1.0000000e+00   2.8000000e+01   2.4282843e+02   4.6532567e+01  -2.2000000e+02  -2.5978368e+00
   1.1869255e+01   1.0000000e+00   2.8000000e+01   2.3984298e+02   4.8387492e+01  -2.2000000e+02   2.5857121e+00
   1.0300111e+01   1.0000000e+00   2.8000000e+01   2.3687416e+02   4.8778199e+01  -2.2000000e+02   6.8503000e+00
   9.0111053e+00   1.0000000e+00   2.8000000e+01   2.3435765e+02   4.8584823e+01  -2.2000000e+02   1.0558918e+01
   8.0607350e+00   1.0000000e+00   2.8000000e+01   2.3229891e+02   4.7860584e+01  -2.2000000e+02   1.3448137e+01
   6.8333753e+00   1.0000000e+00   2.8000000e+01   2.2847181e+02   4.8210551e+01  -2.2000000e+02   1.7667657e+01
   4.7442828e+00   1.0000000e+00   2.8000000e+01   2.2490589e+02   4.9928704e+01  -2.2000000e+02   2.1348256e+01
   2.7396372e+00   1.0000000e+00   2.8000000e+01   2.2094259e+02   5.1663780e+01  -2.2000000e+02   2.6013827e+01
  -3.5862968e-01   1.0000000e+00   2.8000000e+01   2.1658807e+02   5.3263924e+01  -2.2000000e+02   2.9271090e+01
  -3.4446965e+00   1.0000000e+00   2.8000000e+01   2.1182066e+02   5.5270875e+01  -2.2000000e+02   3.3520026e+01
  -5.7274993e+00   1.0000000e+00   2.8000000e+01   2.0707549e+02   5.7329581e+01  -2.2000000e+02   3.7733896e+01
  -9.0937663e+00   1.0000000e+00   2.8000000e+01   2.0220574e+02   5.9270079e+01  -2.2000000e+02   4.1248971e+01
  -1.3500072e+01   1.0000000e+00   2.8000000e+01   1.9645779e+02   6.1788495e+01  -2.2000000e+02   4.4670434e+01
  -1.4738041e+01   1.0000000e+00   2.8000000e+01   1.9231826e+02   6.4223668e+01  -2.2000000e+02   4.7459400e+01
  -1.6278816e+01   1.0000000e+00   2.8000000e+01   1.8974243e+02   6.6133234e+01  -2.2000000e+02   5.1022915e+01
  -1.7728744e+01   1.0000000e+00   2.8000000e+01   1.8870592e+02   6.7554652e+01  -2.2000000e+02   5.4271432e+01
  -2.0985691e+01   1.0000000e+00   2.8000000e+01   1.8775348e+02   6.9440541e+01  -2.2000000e+02   5.6645249e+01
  -2.2216883e+01   1.0000000e+00   2.8000000e+01   1.8779873e+02   7.0645575e+01  -2.2000000e+02   5.8923523e+01
  -2.4337112e+01   1.0000000e+00   2.8000000e+01   1.8691825e+02   7.2268371e+01  -2.2000000e+02   6.2279933e+01
  -2.1771190e+01   1.0000000e+00   2.8000000e+01   1.8566377e+02   7.3869806e+01  -2.2000000e+02   6.6419201e+01
  -1.9247920e+01   1.0000000e+00   2.8000000e+01   1.8516224e+02   7.4950698e+01  -2.2000000e+02   6.9323259e+01
  -1.5334694e+01   1.0000000e+00   2.8000000e+01   1.8376697e+02   7.6393138e+01  -2.2000000e+02   7.0979020e+01
  -8.8310043e+00   1.0000000e+00   2.8000000e+01   1.8107534e+02   7.7500715e+01  -2.2000000e+02   6.5473708e+01
  -5.0670570e+00   1.0000000e+00   2.8000000e+01   1.7818638e+02   7.8559667e+01  -2.2000000e+02   5.7521876e+01
  -3.5185937e+00   1.0000000e+00   2.8000000e+01   1.7533019e+02   7.7567525e+01  -2.2000000e+02   4.7576465e+01
   2.2808519e+00   1.0000000e+00   2.8000000e+01   1.7358065e+02   7.1242100e+01  -2.2000000e+02   3.6354361e+01
   6.8315889e+00   1.0000000e+00   2.8000000e+01   1.7749516e+02   6.3444478e+01  -2.2000000e+02   2.4080840e+01
   1.0672615e+01   1.0000000e+00   2.8000000e+01   1.8574126e+02   6.1653952e+01  -2.2000000e+02   1.3799218e+01
   1.3682467e+01   1.0000000e+00   2.8000000e+01   1.9366315e+02   6.1232954e+01  -2.2000000e+02   6.9938893e+00
   1.7959970e+01   1.0000000e+00   2.8000000e+01   2.0326216e+02   6.0501959e+01  -2.2000000e+02   9.0479789e-01
   2.1364470e+01   1.0000000e+00   2.8000000e+01   2.1294527e+02   5.9238355e+01  -2.2000000e+02  -5.0914188e+00
   2.3059656e+01   1.0000000e+00   2.8000000e+01   2.2289545e+02   5.6196243e+01  -2.2000000e+02  -1.0691290e+01
   2.0951570e+01   1.0000000e+00   2.8000000e+01   2.3270445e+02   5.2663073e+01  -2.2000000e+02  -1.6988719e+01
   1.8169401e+01   1.0000000e+00   2.8000000e+01   2.4244602e+02   4.8782903e+01  -2.2000000e+02  -2.2121328e+01
   1.6244308e+01   1.0000000e+00   2.8000000e+01   2.4966383e+02   4.6397686e+01  -2.2000000e+02  -2.1137643e+01
   1.3781969e+01   1.0000000e+00   2.8000000e+01   2.4826469e+02   4.8044954e+01  -2.2000000e+02  -1.6760421e+01
   1.1139589e+01   1.0000000e+00   2.8000000e+01   2.4476794e+02   4.9599722e+01  -2.2000000e+02  -1.0571562e+01
   8.9667890e+00   1.0000000e+00   2.8000000e+01   2.4028602e+02   4.9245615e+01  -2.2000000e+02  -4.0660538e+00
   6.8212270e+00   1.0000000e+00   2.8000000e+01   2.3606100e+02   4.8676545e+01  -2.2000000e+02   1.8691013e+00
   5.1569314e+00   1.0000000e+00   2.8000000e+01   2.3194605e+02   4.8285830e+01  -2.2000000e+02   7.3664704e+00
   2.9908658e+00   1.0000000e+00   2.8000000e+01   2.2698051e+02   4.8748076e+01  -2.2000000e+02   1.3638438e+01
   1.1044520e+00   1.0000000e+00   2.8000000e+01   2.2264421e+02   4.8848141e+01  -2.2000000e+02   1.8402058e+01
   1.3984712e-01   1.0000000e+00   2.8000000e+01   2.1872938e+02   4.9112768e+01  -2.2000000e+02   2.2517965e+01
  -2.1264929e+00   1.0000000e+00   2.8000000e+01   2.1459095e+02   4.9175801e+01  -2.2000000e+02   2.5095591e+01
  -6.3034168e+00   1.0000000e+00   2.8000000e+01   2.1028816e+02   5.1781846e+01  -2.2000000e+02   2.8051426e+01
  -9.9622370e+00   1.0000000e+00   2.8000000e+01   2.0625159e+02   5.4656165e+01  -2.2000000e+02   3.1822140e+01
  -1.2567504e+01   1.0000000e+00   2.8000000e+01   2.0224097e+02   5.6788118e+01  -2.2000000e+02   3.3458772e+01
  -1.5130138e+01   1.0000000e+00   2.8000000e+01   1.9848623e+02   5.8820081e+01  -2.2000000e+02   3.7824153e+01
  -1.6067096e+01   1.0000000e+00   2.8000000e+01   1.9450428e+02   5.8857143e+01  -2.2000000e+02   4.1792879e+01
  -1.7421523e+01   1.0000000e+00   2.8000000e+01   1.9163714e+02   5.9141470e+01  -2.2000000e+02   4.5018318e+01
  -1.9843367e+01   1.0000000e+00   2.8000000e+01   1.8881782e+02   6.0403027e+01  -2.2000000e+02   4.7887816e+01
  -2.1616938e+01   1.0000000e+00   2.8000000e+01   1.8750983e+02   6.1518844e+01  -2.2000000e+02   5.0814873e+01
  -2.4246948e+01   1.0000000e+00   2.8000000e+01   1.8625907e+02   6.2635946e+01  -2.2000000e+02   5.3816150e+01
  -2.6341741e+01   1.0000000e+00   2.8000000e+01   1.8553864e+02   6.4822221e+01  -2.2000000e+02   5.7299947e+01
  -2.6794064e+01   1.0000000e+00   2.8000000e+01   1.8529786e+02   6.6456188e+01  -2.2000000e+02   6.0143434e+01
  -2.7001630e+01   1.0000000e+00   2.8000000e+01   1.8592336e+02   6.7463149e+01  -2.2000000e+02   6.2109403e+01
  -2.7342249e+01   1.0000000e+00   2.8000000e+01   1.8656280e+02   6.8467880e+01  -2.2000000e+02   6.4092129e+01
  -2.8149070e+01   1.0000000e+00   2.8000000e+01   1.8678773e+02   6.9658649e+01  -2.2000000e+02   6.6933023e+01
  -2.8967632e+01   1.0000000e+00   2.8000000e+01   1.8607423e+02   7.1200993e+01  -2.2000000e+02   7.0175320e+01
  -2.8990863e+01   1.0000000e+00   2.8000000e+01   1.8652516e+02   7.2295912e+01  -2.2000000e+02   7.2136683e+01
  -2.9177780e+01   1.0000000e+00   2.8000000e+01   1.8698267e+02   7.3373837e+01  -2.2000000e+02   7.4085157e+01
  -2.8739569e+01   1.0000000e+00   2.8000000e+01   1.8743627e+02   7.4429128e+01  -2.2000000e+02   7.5979880e+01
  -2.8591985e+01   1.0000000e+00   2.8000000e+01   1.8740267e+02   7.5228108e+01  -2.2000000e+02   7.6630075e+01
  -2.6219592e+01   1.0000000e+00   2.8000000e+01   1.8614890e+02   7.6087790e+01  -2.2000000e+02   7.7911599e+01
  -2.3793549e+01   1.0000000e+00   2.8000000e+01   1.8517804e+02   7.6663208e+01  -2.2000000e+02   7.8509084e+01
  -1.9798368e+01   1.0000000e+00   2.8000000e+01   1.8519502e+02   7.6952350e+01  -2.2000000e+02   7.8596229e+01
  -1.6328869e+01   1.0000000e+00   2.8000000e+01   1.8449473e+02   7.7224949e+01  -2.2000000e+02   7.6412550e+01
  -1.1933313e+01   1.0000000e+00   2.8000000e+01   1.8196585e+02   7.5265492e+01  -2.2000000e+02   7.0688244e+01
  -9.1351724e+00   1.0000000e+00   2.8000000e+01   1.7722482e+02   7.4157019e+01  -2.2000000e+02   6.0566403e+01
  -6.3815125e+00   1.0000000e+00   2.8000000e+01   1.7191003e+02   6.8802623e+01  -2.2000000e+02   4.9068986e+01
  -2.4438195e+00   1.0000000e+00   2.8000000e+01   1.6826649e+02   6.0658504e+01  -2.2000000e+02   3.7094363e+01
   2.4682101e+00   1.0000000e+00   2.8000000e+01   1.6820525e+02   5.1976518e+01  -2.2000000e+02   2.4773219e+01
   5.2830110e+00   1.0000000e+00   2.8000000e+01   1.7472896e+02   5.1389177e+01  -2.2000000e+02   1.3827061e+01
   6.1900537e+00   1.0000000e+00   2.8000000e+01   1.8353474e+02   5.2948108e+01  -2.2000000e+02   6.3466316e+00
   1.0751552e+01   1.0000000e+00   2.8000000e+01   1.9338128e+02   5.3407568e+01  -2.2000000e+02   6.1564977e-01
   1.4210105e+01   1.0000000e+00   2.8000000e+01   2.0353120e+02   5.2569404e+01  -2.2000000e+02  -5.7882433e+00
   1.8318360e+01   1.0000000e+00   2.8000000e+01   2.1298135e+02   5.2094501e+01  -2.2000000e+02  -1.2311435e+01
   1.8877717e+01   1.0000000e+00   2.8000000e+01   2.2261519e+02   5.1591774e+01  -2.2000000e+02  -1.4657495e+01
   1.7273735e+01   1.0000000e+00   2.8000000e+01   2.3238081e+02   4.8880717e+01  -2.2000000e+02  -1.9272076e+01
   1.4599155e+01   1.0000000e+00   2.8000000e+01   2.4177107e+02   4.5256373e+01  -2.2000000e+02  -2.0247847e+01
   1.3299490e+01   1.0000000e+00   2.8000000e+01   2.4468989e+02   4.5504145e+01  -2.2000000e+02  -1.8085941e+01
   1.1262062e+01   1.0000000e+00   2.8000000e+01   2.4254097e+02   4.6280257e+01  -2.2000000e+02  -1.3674309e+01
   8.8945586e+00   1.0000000e+00   2.8000000e+01   2.3944986e+02   4.6996606e+01  -2.2000000e+02  -7.4453819e+00
   7.4221198e+00   1.0000000e+00   2.8000000e+01   2.3594455e+02   4.6720102e+01  -2.2000000e+02  -2.0023079e+00
   5.3068968e+00   1.0000000e+00   2.8000000e+01   2.3256341e+02   4.6224962e+01  -2.2000000e+02   3.4931959e+00
   2.9732949e+00   1.0000000e+00   2.8000000e+01   2.2824932e+02   4.5950305e+01  -2.2000000e+02   8.4739522e+00
   1.5045988e+00   1.0000000e+00   2.8000000e+01   2.2512471e+02   4.5440459e+01  -2.2000000e+02   1.2457755e+01
  -1.4803106e-01   1.0000000e+00   2.8000000e+01   2.2138220e+02   4.5762848e+01  -2.2000000e+02   1.7127935e+01
  -2.3110284e+00   1.0000000e+00   2.8000000e+01   2.1773090e+02   4.6891640e+01  -2.2000000e+02   2.0676950e+01
  -5.0300282e+00   1.0000000e+00   2.8000000e+01   2.1374762e+02   4.7844772e+01  -2.2000000e+02   2.3070508e+01
  -7.9009020e+00   1.0000000e+00   2.8000000e+01   2.1002779e+02   4.9497943e+01  -2.2000000e+02   2.6704813e+01
  -9.7010070e+00   1.0000000e+00   2.8000000e+01   2.0693899e+02   5.1198368e+01  -2.2000000e+02   2.9275911e+01
  -1.3228936e+01   1.0000000e+00   2.8000000e+01   2.0327449e+02   5.3471256e+01  -2.2000000e+02   3.1323661e+01
  -1.5064728e+01   1.0000000e+00   2.8000000e+01   1.9864126e+02   5.4959748e+01  -2.2000000e+02   3.6750557e+01
  -1.7510161e+01   1.0000000e+00   2.8000000e+01   1.9477234e+02   5.6213504e+01  -2.2000000e+02   4.0770835e+01
  -1.9342042e+01   1.0000000e+00   2.8000000e+01   1.9182847e+02   5.7514867e+01  -2.2000000e+02   4.4048682e+01
  -2.1505686e+01   1.0000000e+00   2.8000000e+01   1.8895116e+02   5.8811917e+01  -2.2000000e+02   4.7323995e+01
  -2.3532947e+01   1.0000000e+00   2.8000000e+01   1.8731748e+02   6.0744600e+01  -2.2000000e+02   5.1314087e+01
  -2.5058052e+01   1.0000000e+00   2.8000000e+01   1.8694947e+02   6.2088134e+01  -2.2000000e+02   5.4571890e+01
  -2.5572089e+01   1.0000000e+00   2.8000000e+01   1.8597357e+02   6.3678008e+01  -2.2000000e+02   5.8649590e+01
  -2.7616160e+01   1.0000000e+00   2.8000000e+01   1.8596443e+02   6.4729903e+01  -2.2000000e+02   6.1121469e+01
  -2.8356515e+01   1.0000000e+00   2.8000000e+01   1.8678965e+02   6.5309123e+01  -2.2000000e+02   6.2725789e+01
  -2.8123206e+01   1.0000000e+00   2.8000000e+01   1.8566233e+02   6.6731870e+01  -2.2000000e+02   6.7433987e+01
  -2.5920806e+01   1.0000000e+00   2.8000000e+01   1.8436336e+02   6.8051092e+01  -2.2000000e+02   7.1212949e+01
  -2.4717906e+01   1.0000000e+00   2.8000000e+01   1.8364282e+02   6.8783893e+01  -2.2000000e+02   7.4239526e+01
  -2.3062470e+01   1.0000000e+00   2.8000000e+01   1.8452759e+02   6.9128005e+01  -2.2000000e+02   7.5615376e+01
  -2.0485770e+01   1.0000000e+00   2.8000000e+01   1.8324553e+02   6.9625235e+01  -2.2000000e+02   7.6945397e+01
  -1.3993513e+01   1.0000000e+00   2.8000000e+01   1.8102540e+02   7.0292138e+01  -2.2000000e+02   7.2348296e+01
  -1.2271573e+01   1.0000000e+00   2.8000000e+01   1.7809679e+02   7.0827300e+01  -2.2000000e+02   6.5769315e+01
  -7.5741419e+00   1.0000000e+00   2.8000000e+01   1.7371571e+02   7.1802490e+01  -2.2000000e+02   5.5528797e+01
  -2.0027143e+00   1.0000000e+00   2.8000000e+01   1.7041583e+02   6.9108315e+01  -2.2000000e+02   4.4154893e+01
   3.1629569e+00   1.0000000e+00   2.8000000e+01   1.7058490e+02   6.1345286e+01  -2.2000000e+02   3.1758028e+01
   6.7119951e+00   1.0000000e+00   2.8000000e+01   1.7775074e+02   5.7998204e+01  -2.2000000e+02   2.0075716e+01
   9.1873435e+00   1.0000000e+00   2.8000000e+01   1.8622596e+02   5.7986150e+01  -2.2000000e+02   1.1436112e+01
   1.3631488e+01   1.0000000e+00   2.8000000e+01   1.9601285e+02   5.6888038e+01  -2.2000000e+02   3.3853946e+00
   1.8657312e+01   1.0000000e+00   2.8000000e+01   2.0643848e+02   5.5735765e+01  -2.2000000e+02  -3.6875549e+00
   2.0898692e+01   1.0000000e+00   2.8000000e+01   2.1708414e+02   5.3044970e+01  -2.2000000e+02  -9.3520922e+00
   1.9667548e+01   1.0000000e+00   2.8000000e+01   2.2768667e+02   4.9163723e+01  -2.2000000e+02  -1.5480100e+01
   1.7280781e+01   1.0000000e+00   2.8000000e+01   2.3829790e+02   4.5012997e+01  -2.2000000e+02  -1.9311581e+01
   1.6055734e+01   1.0000000e+00   2.8000000e+01   2.4538106e+02   4.3996633e+01  -2.2000000e+02  -1.9448078e+01
   1.3673312e+01   1.0000000e+00   2.8000000e+01   2.4425525e+02   4.6608507e+01  -2.2000000e+02  -1.5165329e+01
   1.0657447e+01   1.0000000e+00   2.8000000e+01   2.4087798e+02   4.8017134e+01  -2.2000000e+02  -8.7062108e+00
   8.6034783e+00   1.0000000e+00   2.8000000e+01   2.3765986e+02   4.8344675e+01  -2.2000000e+02  -3.8776541e+00
   6.3985227e+00   1.0000000e+00   2.8000000e+01   2.3407940e+02   4.9063277e+01  -2.2000000e+02   1.7786784e+00
   4.1540465e+00   1.0000000e+00   2.8000000e+01   2.3030042e+02   5.0013075e+01  -2.2000000e+02   7.9692119e+00
   2.6203375e+00   1.0000000e+00   2.8000000e+01   2.2527072e+02   5.0198679e+01  -2.2000000e+02   1.3827286e+01
   1.0318489e+00   1.0000000e+00   2.8000000e+01   2.2071068e+02   5.0495018e+01  -2.2000000e+02   1.8366663e+01
  -1.4846689e+00   1.0000000e+00   2.8000000e+01   2.1629333e+02   5.1116521e+01  -2.2000000e+02   2.2586951e+01
  -4.4071728e+00   1.0000000e+00   2.8000000e+01   2.1203879e+02   5.2469428e+01  -2.2000000e+02   2.6042652e+01
  -7.9741184e+00   1.0000000e+00   2.8000000e+01   2.0882783e+02   5.4968084e+01  -2.2000000e+02   2.9745363e+01
  -1.0414388e+01   1.0000000e+00   2.8000000e+01   2.0490289e+02   5.6668027e+01  -2.2000000e+02   3.2319093e+01
