  -2.8333310e+01   1.6922373e+01   1.0885435e+01   1.9696534e+02   6.8792511e+01  -2.5713896e+02   5.8900790e+01
  -2.3298856e+01   9.1751031e+00   1.4218208e+00   1.9471028e+02   6.7825997e+01  -2.4319478e+02   6.1629757e+01
  -1.8204455e+01   1.1972298e+01  -7.8948188e+00   1.9251763e+02   6.6743498e+01  -2.2919656e+02   6.4367623e+01
  -9.5728651e+00   1.4690741e+01  -1.7158578e+01   1.9032269e+02   5.2743821e+01  -2.1852104e+02   6.7108907e+01
  -8.0000000e+00   1.7240009e+01  -2.6329927e+01   1.8812631e+02   4.7000000e+01  -2.2000000e+02   6.9860566e+01
  -8.0000000e+00   1.2564095e+01  -1.5486183e+01   1.8253677e+02   4.7000000e+01  -2.2000000e+02   7.6198163e+01
  -8.0000000e+00   1.3797190e+01  -5.0605977e+00   1.7345919e+02   4.7000000e+01  -2.2000000e+02   7.2031582e+01
  -8.0000000e+00   1.2823170e+01   4.8558744e+00   1.6373220e+02   4.7000000e+01  -2.2000000e+02   6.2610342e+01
  -8.0000000e+00   1.0062052e+01   1.5419411e+01   1.5523299e+02   4.7000000e+01  -2.2000000e+02   5.1142883e+01
  -8.0000000e+00   8.5691558e+00   2.3383096e+01   1.5037817e+02   4.7000000e+01  -2.2000000e+02   3.9341842e+01
  -8.0000000e+00   8.4261760e+00   2.7832841e+01   1.4930150e+02   4.7000000e+01  -2.2000000e+02   2.8154675e+01
  -8.0000000e+00   8.6094707e+00   3.1999432e+01   1.5298334e+02   4.7000000e+01  -2.2000000e+02   1.7497606e+01
  -8.0000000e+00   6.7095168e+00   3.5470585e+01   1.6002195e+02   4.7000000e+01  -2.2000000e+02   7.1679134e+00
  -8.0000000e+00   5.6926927e+00   4.0968288e+01   1.6848552e+02   4.7000000e+01  -2.2000000e+02  -2.0763913e+00
  -8.0000000e+00   5.9565279e+00   4.6569052e+01   1.7841284e+02   4.7000000e+01  -2.2000000e+02  -1.0759021e+01
  -8.0000000e+00   5.2025425e+00   5.1683321e+01   1.8938226e+02   4.7000000e+01  -2.2000000e+02  -1.8666945e+01
  -8.0000000e+00   7.2584061e+00   5.4361373e+01   2.0121073e+02   4.7000000e+01  -2.2000000e+02  -2.3761486e+01
  -8.0000000e+00   8.8678770e+00   5.3838339e+01   2.1353920e+02   4.7000000e+01  -2.2000000e+02  -2.4656323e+01
  -8.0000000e+00   9.0458907e+00   5.6008880e+01   2.2407554e+02   4.7000000e+01  -2.2000000e+02  -2.9716727e+01
  -8.0000000e+00   9.0268922e+00   5.7376483e+01   2.2767880e+02   4.7000000e+01  -2.2000000e+02  -3.2555611e+01
  -8.0000000e+00   1.0685579e+01   5.5389756e+01   2.2585891e+02   4.7000000e+01  -2.2000000e+02  -2.9977000e+01
  -8.0000000e+00   9.4185201e+00   5.2768497e+01   2.2310282e+02   4.7000000e+01  -2.2000000e+02  -2.4549550e+01
  -8.0000000e+00   8.9498730e+00   4.9518902e+01   2.1970506e+02   4.7000000e+01  -2.2000000e+02  -1.6580289e+01
  -8.0000000e+00   9.1987096e+00   4.6156357e+01   2.1574962e+02   4.7000000e+01  -2.2000000e+02  -7.0091031e+00
  -8.0000000e+00   7.7013917e+00   4.2855602e+01   2.1118200e+02   4.7000000e+01  -2.2000000e+02   2.1990918e+00
  -8.0000000e+00   5.7117078e+00   4.0554408e+01   2.0796575e+02   4.7000000e+01  -2.2000000e+02   1.1134776e+01
  -8.0000000e+00   6.2195273e+00   3.6664245e+01   2.0298550e+02   4.7000000e+01  -2.2000000e+02   2.0455534e+01
  -8.0000000e+00   3.8931685e+00   3.5915890e+01   2.0032837e+02   4.7000000e+01  -2.2000000e+02   2.7606837e+01
  -8.0000000e+00   4.5223342e+00   3.3136906e+01   1.9598725e+02   4.7000000e+01  -2.2000000e+02   3.4323567e+01
  -8.0000000e+00   8.8811534e+00   2.8204526e+01   1.9133630e+02   4.7000000e+01  -2.2000000e+02   3.9570670e+01
  -8.0000000e+00   9.1334306e+00   2.5687534e+01   1.8839153e+02   4.7000000e+01  -2.2000000e+02   4.4793878e+01
  -8.0000000e+00   1.0085019e+01   2.1419321e+01   1.8718119e+02   4.7000000e+01  -2.2000000e+02   4.9549485e+01
  -8.0000000e+00   1.1114154e+01   1.9595933e+01   1.8640441e+02   4.7000000e+01  -2.2000000e+02   5.4513464e+01
  -8.0000000e+00   1.3495642e+01   1.4903684e+01   1.8696859e+02   4.7000000e+01  -2.2000000e+02   5.7770660e+01
  -8.0000000e+00   1.3471472e+01   9.6863285e+00   1.8804143e+02   4.7000000e+01  -2.2000000e+02   6.0699475e+01
  -8.0000000e+00   1.1504762e+01   1.3633527e+01   1.8807982e+02   4.7000000e+01  -2.2000000e+02   6.6528762e+01
  -8.0000000e+00   1.2405304e+01   1.5695132e+01   1.8744216e+02   4.7000000e+01  -2.2000000e+02   7.2385675e+01
  -8.0000000e+00   9.3852684e+00   1.8331149e+01   1.8681053e+02   4.7000000e+01  -2.2000000e+02   7.8065205e+01
  -8.0000000e+00   1.2564981e+01   1.9317298e+01   1.8623575e+02   4.7000000e+01  -2.2000000e+02   8.2352813e+01
  -8.0000000e+00   1.3799109e+01   2.0372631e+01   1.8562353e+02   4.7000000e+01  -2.2000000e+02   8.5540833e+01
  -8.0000000e+00   1.3400075e+01   2.1133494e+01   1.8452456e+02   4.7000000e+01  -2.2000000e+02   8.6802018e+01
  -8.0000000e+00   1.2968116e+01   2.0994648e+01   1.8292401e+02   4.7000000e+01  -2.2000000e+02   8.5648322e+01
  -8.0000000e+00   1.2734919e+01   1.9432130e+01   1.8079075e+02   4.7000000e+01  -2.2000000e+02   8.0208530e+01
  -8.0000000e+00   7.9496393e+00   1.9844467e+01   1.7324241e+02   4.7000000e+01  -2.2000000e+02   7.1015680e+01
  -8.0000000e+00   1.0002553e+01   1.9554882e+01   1.6389366e+02   4.7000000e+01  -2.2000000e+02   5.9990738e+01
  -8.0000000e+00   1.0360863e+01   2.2156801e+01   1.5419234e+02   4.7000000e+01  -2.2000000e+02   4.8049786e+01
  -8.0000000e+00   7.3843418e+00   2.3326167e+01   1.4963375e+02   4.7000000e+01  -2.2000000e+02   3.5847116e+01
  -8.0000000e+00   6.0660423e+00   2.6628143e+01   1.5355216e+02   4.7000000e+01  -2.2000000e+02   2.4131361e+01
  -8.0000000e+00   3.8715644e+00   3.1384076e+01   1.6094958e+02   4.7000000e+01  -2.2000000e+02   1.3356827e+01
  -8.0000000e+00  -3.1720777e-01   3.4999739e+01   1.6960139e+02   4.7000000e+01  -2.2000000e+02   3.1624532e+00
  -8.0000000e+00   4.3936098e-01   3.9571451e+01   1.7891857e+02   4.7000000e+01  -2.2000000e+02  -5.9389903e+00
  -8.0000000e+00  -1.6683491e+00   4.4124948e+01   1.8972401e+02   4.7000000e+01  -2.2000000e+02  -1.4984139e+01
  -8.0000000e+00   6.8600398e-01   4.8849806e+01   2.0056414e+02   4.7000000e+01  -2.2000000e+02  -2.2659625e+01
  -8.0000000e+00   3.4102823e+00   5.1863029e+01   2.1223451e+02   4.7000000e+01  -2.2000000e+02  -2.8259263e+01
  -8.0000000e+00   5.1072774e+00   5.4789381e+01   2.2377532e+02   4.7000000e+01  -2.2000000e+02  -3.0087644e+01
  -8.0000000e+00   6.9000537e+00   5.5175844e+01   2.2938210e+02   4.7000000e+01  -2.2000000e+02  -3.2996072e+01
  -8.0000000e+00   9.3165996e+00   5.2449196e+01   2.2804532e+02   4.7000000e+01  -2.2000000e+02  -3.1251028e+01
  -8.0000000e+00   9.2707081e+00   4.8772442e+01   2.2510704e+02   4.7000000e+01  -2.2000000e+02  -2.5064458e+01
  -8.0000000e+00   9.6333379e+00   4.5629976e+01   2.2179178e+02   4.7000000e+01  -2.2000000e+02  -1.6794433e+01
  -8.0000000e+00   1.1732640e+01   4.1666132e+01   2.1715341e+02   4.7000000e+01  -2.2000000e+02  -7.8856163e+00
  -8.0000000e+00   9.6954396e+00   4.0422755e+01   2.1438271e+02   4.7000000e+01  -2.2000000e+02   7.7951114e-01
  -8.0000000e+00   8.6648121e+00   3.9093777e+01   2.1059220e+02   4.7000000e+01  -2.2000000e+02   8.9445374e+00
  -8.0000000e+00   9.0151988e+00   3.6056564e+01   2.0731822e+02   4.7000000e+01  -2.2000000e+02   1.6118839e+01
  -8.0000000e+00   7.7191871e+00   3.5007694e+01   2.0454480e+02   4.7000000e+01  -2.2000000e+02   2.2593679e+01
  -8.0000000e+00   1.3535000e+01   3.0129342e+01   2.0009865e+02   4.7000000e+01  -2.2000000e+02   2.7742288e+01
  -8.0000000e+00   1.0250881e+01   2.9107826e+01   1.9795558e+02   4.7000000e+01  -2.2000000e+02   3.3642113e+01
  -8.0000000e+00   9.4334010e+00   2.7264611e+01   1.9546181e+02   4.7000000e+01  -2.2000000e+02   3.7805530e+01
  -8.0000000e+00   1.3508831e+01   2.2838570e+01   1.9298672e+02   4.7000000e+01  -2.2000000e+02   4.1343724e+01
  -8.0000000e+00   1.2763372e+01   2.1146001e+01   1.9128904e+02   4.7000000e+01  -2.2000000e+02   4.5281965e+01
  -8.0000000e+00   9.5065562e+00   2.1156947e+01   1.9063523e+02   4.7000000e+01  -2.2000000e+02   5.0285297e+01
  -8.0000000e+00   1.1394779e+01   1.8595001e+01   1.9029402e+02   4.7000000e+01  -2.2000000e+02   5.4499577e+01
  -8.0000000e+00   1.5849309e+01   1.0599641e+01   1.9203556e+02   4.7000000e+01  -2.2000000e+02   5.6124352e+01
  -8.0000000e+00   1.4431521e+01   1.0881121e+01   1.9257798e+02   4.7000000e+01  -2.2000000e+02   5.9449414e+01
  -8.0000000e+00   1.4843619e+01   6.8943005e+00   1.9450801e+02   4.7000000e+01  -2.2000000e+02   6.1317196e+01
  -8.0000000e+00   1.3072226e+01   1.0002245e+01   1.9397337e+02   4.7000000e+01  -2.2000000e+02   6.5848501e+01
  -8.0000000e+00   8.8277635e+00   1.4868104e+01   1.9153268e+02   4.7000000e+01  -2.2000000e+02   7.2683096e+01
  -8.0000000e+00   6.6021336e+00   1.8199911e+01   1.8882793e+02   4.7000000e+01  -2.2000000e+02   7.7657522e+01
  -8.0000000e+00   1.0224304e+01   1.5082605e+01   1.8794794e+02   4.7000000e+01  -2.2000000e+02   7.9517058e+01
  -8.0000000e+00   8.0518860e+00   1.6948643e+01   1.8582007e+02   4.7000000e+01  -2.2000000e+02   8.0308924e+01
  -8.0000000e+00   9.4728362e+00   1.7605108e+01   1.8114739e+02   4.7000000e+01  -2.2000000e+02   7.5808320e+01
  -8.0000000e+00   1.1942317e+01   1.8283687e+01   1.7216321e+02   4.7000000e+01  -2.2000000e+02   6.6978535e+01
  -8.0000000e+00   1.0524785e+01   2.1507240e+01   1.6241099e+02   4.7000000e+01  -2.2000000e+02   5.5754926e+01
  -8.0000000e+00   9.1932715e+00   2.6486864e+01   1.5442247e+02   4.7000000e+01  -2.2000000e+02   4.3648197e+01
  -8.0000000e+00   7.1608511e+00   3.0637992e+01   1.5548918e+02   4.7000000e+01  -2.2000000e+02   3.1826139e+01
  -8.0000000e+00   5.1520877e+00   3.6690547e+01   1.6263325e+02   4.7000000e+01  -2.2000000e+02   2.0484804e+01
  -8.0000000e+00   4.4348466e+00   4.0697178e+01   1.6965755e+02   4.7000000e+01  -2.2000000e+02   9.8743437e+00
  -8.0000000e+00   4.1937553e+00   4.3382354e+01   1.7679736e+02   4.7000000e+01  -2.2000000e+02  -1.5781562e-01
  -8.0000000e+00   6.5900537e+00   4.7990195e+01   1.8379114e+02   4.7000000e+01  -2.2000000e+02  -9.5181865e+00
  -8.0000000e+00   5.0757698e+00   5.3331460e+01   1.9303706e+02   4.7000000e+01  -2.2000000e+02  -1.8213443e+01
  -8.0000000e+00   5.2589666e+00   5.8400175e+01   2.0308650e+02   4.7000000e+01  -2.2000000e+02  -2.6377847e+01
  -8.0000000e+00   5.7665790e+00   6.1155410e+01   2.1452182e+02   4.7000000e+01  -2.2000000e+02  -3.0270320e+01
  -8.0000000e+00   6.9905627e+00   6.3679588e+01   2.2506217e+02   4.7000000e+01  -2.2000000e+02  -3.0906886e+01
  -8.0000000e+00   7.9161900e+00   6.3304297e+01   2.2850600e+02   4.7000000e+01  -2.2000000e+02  -3.2023914e+01
  -8.0000000e+00   9.4149259e+00   6.1341917e+01   2.2699431e+02   4.7000000e+01  -2.2000000e+02  -2.7857600e+01
  -8.0000000e+00   9.4984538e+00   5.7383413e+01   2.2307478e+02   4.7000000e+01  -2.2000000e+02  -2.1017038e+01
  -8.0000000e+00   1.1252371e+01   5.1985978e+01   2.1802324e+02   4.7000000e+01  -2.2000000e+02  -1.1273725e+01
  -8.0000000e+00   1.0720595e+01   4.6703584e+01   2.1267909e+02   4.7000000e+01  -2.2000000e+02  -1.2596372e+00
  -8.0000000e+00   9.5790838e+00   4.3575580e+01   2.0800492e+02   4.7000000e+01  -2.2000000e+02   8.5869234e+00
  -8.0000000e+00   9.2157916e+00   4.0595732e+01   2.0349569e+02   4.7000000e+01  -2.2000000e+02   1.8209148e+01
  -8.0000000e+00   8.0760412e+00   3.7742638e+01   1.9915197e+02   4.7000000e+01  -2.2000000e+02   2.6367774e+01
  -8.0000000e+00   7.6682580e+00   3.5643567e+01   1.9517990e+02   4.7000000e+01  -2.2000000e+02   3.3668140e+01
  -8.0000000e+00   5.8942939e+00   3.4379215e+01   1.9222808e+02   4.7000000e+01  -2.2000000e+02   3.9359649e+01
  -8.0000000e+00   5.7152439e+00   3.2203100e+01   1.8931803e+02   4.7000000e+01  -2.2000000e+02   4.4981680e+01
  -8.0000000e+00   7.4791622e+00   2.9745855e+01   1.8645143e+02   4.7000000e+01  -2.2000000e+02   5.0069571e+01
  -8.0000000e+00   8.1650362e+00   2.7416264e+01   1.8503973e+02   4.7000000e+01  -2.2000000e+02   5.4806624e+01
  -8.0000000e+00   1.0250546e+01   2.4092994e+01   1.8391613e+02   4.7000000e+01  -2.2000000e+02   5.9163779e+01
  -8.0000000e+00   1.0976503e+01   2.1996327e+01   1.8289260e+02   4.7000000e+01  -2.2000000e+02   6.3181972e+01
  -8.0000000e+00   1.0973410e+01   2.0090232e+01   1.8188517e+02   4.7000000e+01  -2.2000000e+02   6.7239594e+01
  -8.0000000e+00   1.1490501e+01   1.7817439e+01   1.8199580e+02   4.7000000e+01  -2.2000000e+02   7.0953223e+01
  -8.0000000e+00   9.1270238e+00   1.9319306e+01   1.8166729e+02   4.7000000e+01  -2.2000000e+02   7.5907636e+01
  -8.0000000e+00   9.4611633e+00   1.8205485e+01   1.8190041e+02   4.7000000e+01  -2.2000000e+02   7.9546192e+01
  -8.0000000e+00   1.2578328e+01   1.5064768e+01   1.8249635e+02   4.7000000e+01  -2.2000000e+02   8.1863663e+01
  -8.0000000e+00   1.4388026e+01   1.3500719e+01   1.8280316e+02   4.7000000e+01  -2.2000000e+02   8.3223616e+01
  -8.0000000e+00   1.0444503e+01   1.7081552e+01   1.7955279e+02   4.7000000e+01  -2.2000000e+02   8.2550916e+01
  -8.0000000e+00   1.1243558e+01   1.7797891e+01   1.7342585e+02   4.7000000e+01  -2.2000000e+02   7.4805003e+01
  -8.0000000e+00   1.4981969e+01   1.7039253e+01   1.6503225e+02   4.7000000e+01  -2.2000000e+02   6.5000969e+01
  -8.0000000e+00   1.1422122e+01   2.1359802e+01   1.5638988e+02   4.7000000e+01  -2.2000000e+02   5.3337972e+01
  -8.0000000e+00   9.7449027e+00   2.6555954e+01   1.5107589e+02   4.7000000e+01  -2.2000000e+02   4.1546311e+01
  -8.0000000e+00   7.2240556e+00   2.7066376e+01   1.5120534e+02   4.7000000e+01  -2.2000000e+02   3.0533313e+01
  -8.0000000e+00   7.0217939e+00   2.8562597e+01   1.5189418e+02   4.7000000e+01  -2.2000000e+02   2.0106437e+01
  -8.0000000e+00   2.2436662e+00   3.0860267e+01   1.5808388e+02   4.7000000e+01  -2.2000000e+02   9.7256267e+00
  -8.0000000e+00   1.9832282e-01   3.4917377e+01   1.6742951e+02   4.7000000e+01  -2.2000000e+02   2.4002931e-01
  -8.0000000e+00   6.0447851e-01   3.9514356e+01   1.7676010e+02   4.7000000e+01  -2.2000000e+02  -8.0738420e+00
  -8.0000000e+00   1.8533050e+00   4.4680426e+01   1.8712558e+02   4.7000000e+01  -2.2000000e+02  -1.5876351e+01
  -8.0000000e+00   1.0012028e+00   4.9548816e+01   1.9823890e+02   4.7000000e+01  -2.2000000e+02  -2.3597288e+01
  -8.0000000e+00   2.8696558e+00   5.2574464e+01   2.0987366e+02   4.7000000e+01  -2.2000000e+02  -2.9658021e+01
  -8.0000000e+00   4.6248827e+00   5.4510771e+01   2.2164199e+02   4.7000000e+01  -2.2000000e+02  -3.1418354e+01
  -8.0000000e+00   4.3325553e+00   5.7267419e+01   2.2962633e+02   4.7000000e+01  -2.2000000e+02  -3.6101183e+01
  -8.0000000e+00   4.6586757e+00   5.6974635e+01   2.3090855e+02   4.7000000e+01  -2.2000000e+02  -3.6758619e+01
  -8.0000000e+00   6.1224070e+00   5.3831042e+01   2.2859802e+02   4.7000000e+01  -2.2000000e+02  -3.2450197e+01
  -8.0000000e+00   6.0041050e+00   4.9621517e+01   2.2553871e+02   4.7000000e+01  -2.2000000e+02  -2.5355622e+01
  -8.0000000e+00   7.5617629e+00   4.5257747e+01   2.2125001e+02   4.7000000e+01  -2.2000000e+02  -1.6018892e+01
  -8.0000000e+00   7.8131466e+00   4.0458448e+01   2.1721813e+02   4.7000000e+01  -2.2000000e+02  -6.3725565e+00
  -8.0000000e+00   6.4030048e+00   3.7704656e+01   2.1418377e+02   4.7000000e+01  -2.2000000e+02   3.3720984e+00
  -8.0000000e+00   5.0086565e+00   3.5333393e+01   2.1139926e+02   4.7000000e+01  -2.2000000e+02   1.1500265e+01
  -8.0000000e+00   4.5335210e+00   3.2665798e+01   2.0787761e+02   4.7000000e+01  -2.2000000e+02   1.8414008e+01
  -8.0000000e+00   4.0946696e+00   3.0045241e+01   2.0423253e+02   4.7000000e+01  -2.2000000e+02   2.4795622e+01
  -8.0000000e+00   5.1468824e+00   2.8103201e+01   2.0086273e+02   4.7000000e+01  -2.2000000e+02   3.0619521e+01
  -8.0000000e+00   4.6763421e+00   2.6430444e+01   1.9801140e+02   4.7000000e+01  -2.2000000e+02   3.4501350e+01
  -8.0000000e+00   4.2058017e+00   2.4757686e+01   1.9516006e+02   4.7000000e+01  -2.2000000e+02   3.8383178e+01
  -8.0000000e+00   5.9454214e+00   2.2360925e+01   1.9314883e+02   4.7000000e+01  -2.2000000e+02   4.2309843e+01
  -8.0000000e+00   4.6836335e+00   2.1224896e+01   1.9164775e+02   4.7000000e+01  -2.2000000e+02   4.6582600e+01
  -8.0000000e+00   6.3432951e+00   1.6216709e+01   1.9180783e+02   4.7000000e+01  -2.2000000e+02   4.9035093e+01
  -8.0000000e+00   1.0055400e+01   1.5159057e+01   1.9107336e+02   4.7000000e+01  -2.2000000e+02   5.2126062e+01
  -8.0000000e+00   1.3546807e+01   1.2572650e+01   1.9055449e+02   4.7000000e+01  -2.2000000e+02   5.5045386e+01
  -8.0000000e+00   1.3141225e+01   1.1507228e+01   1.9045257e+02   4.7000000e+01  -2.2000000e+02   5.7847213e+01
  -8.0000000e+00   1.0408193e+01   8.7769951e+00   1.9218252e+02   4.7000000e+01  -2.2000000e+02   5.9503735e+01
  -8.0000000e+00   1.1218055e+01   6.9200119e+00   1.9396637e+02   4.7000000e+01  -2.2000000e+02   6.1144807e+01
  -8.0000000e+00   8.9846035e+00   1.1021056e+01   1.9199582e+02   4.7000000e+01  -2.2000000e+02   6.5627971e+01
  -8.0000000e+00   6.2342023e+00   1.4758003e+01   1.8769747e+02   4.7000000e+01  -2.2000000e+02   6.9418313e+01
  -8.0000000e+00   3.6094920e+00   1.7052480e+01   1.8146789e+02   4.7000000e+01  -2.2000000e+02   6.6629550e+01
  -8.0000000e+00   7.7315235e+00   1.8190227e+01   1.7214971e+02   4.7000000e+01  -2.2000000e+02   5.7250797e+01
  -8.0000000e+00   6.8039115e+00   2.1864329e+01   1.6251987e+02   4.7000000e+01  -2.2000000e+02   4.6062391e+01
  -8.0000000e+00   5.8199068e+00   2.6680617e+01   1.5987226e+02   4.7000000e+01  -2.2000000e+02   3.3878442e+01
  -8.0000000e+00   5.9807527e+00   3.4513452e+01   1.6650216e+02   4.7000000e+01  -2.2000000e+02   2.2493980e+01
  -8.0000000e+00   5.2860609e+00   3.9558023e+01   1.7471600e+02   4.7000000e+01  -2.2000000e+02   1.1705075e+01
  -8.0000000e+00   6.1173523e+00   4.5150716e+01   1.8235687e+02   4.7000000e+01  -2.2000000e+02   2.0818977e+00
  -8.0000000e+00   6.3009777e+00   4.9436907e+01   1.9069269e+02   4.7000000e+01  -2.2000000e+02  -7.7342750e+00
  -8.0000000e+00   6.1229907e+00   5.3592191e+01   1.9741348e+02   4.7000000e+01  -2.2000000e+02  -1.7140614e+01
  -8.0000000e+00   6.0504230e+00   5.7728661e+01   2.0494375e+02   4.7000000e+01  -2.2000000e+02  -2.5662813e+01
  -8.0000000e+00   6.3050508e+00   5.8828649e+01   2.1480467e+02   4.7000000e+01  -2.2000000e+02  -3.2431974e+01
  -8.0000000e+00   5.9600608e+00   6.0395567e+01   2.2590036e+02   4.7000000e+01  -2.2000000e+02  -3.2364729e+01
  -8.0000000e+00   8.0362353e+00   6.0367616e+01   2.2917057e+02   4.7000000e+01  -2.2000000e+02  -3.1999780e+01
  -8.0000000e+00   8.9799933e+00   5.6366092e+01   2.2666145e+02   4.7000000e+01  -2.2000000e+02  -2.7118418e+01
  -8.0000000e+00   8.6407614e+00   5.3230116e+01   2.2315020e+02   4.7000000e+01  -2.2000000e+02  -1.8722314e+01
  -8.0000000e+00   1.0477570e+01   4.7153950e+01   2.1775850e+02   4.7000000e+01  -2.2000000e+02  -9.0146761e+00
  -8.0000000e+00   1.0208099e+01   4.2991215e+01   2.1275132e+02   4.7000000e+01  -2.2000000e+02   1.4634908e+00
  -8.0000000e+00   1.0406529e+01   3.8850561e+01   2.0799657e+02   4.7000000e+01  -2.2000000e+02   1.0871003e+01
  -8.0000000e+00   1.0505905e+01   3.5032579e+01   2.0332720e+02   4.7000000e+01  -2.2000000e+02   2.0275002e+01
  -8.0000000e+00   9.0358728e+00   3.4503865e+01   2.0061119e+02   4.7000000e+01  -2.2000000e+02   2.7790960e+01
  -8.0000000e+00   7.8947513e+00   3.3020932e+01   1.9823316e+02   4.7000000e+01  -2.2000000e+02   3.3205910e+01
  -8.0000000e+00   8.8855541e+00   3.0413292e+01   1.9461625e+02   4.7000000e+01  -2.2000000e+02   3.7725885e+01
  -8.0000000e+00   9.2969332e+00   2.8119375e+01   1.9186482e+02   4.7000000e+01  -2.2000000e+02   4.2197807e+01
  -8.0000000e+00   8.3012942e+00   2.7494249e+01   1.9005682e+02   4.7000000e+01  -2.2000000e+02   4.6490287e+01
  -8.0000000e+00   9.9754646e+00   2.5974401e+01   1.8879083e+02   4.7000000e+01  -2.2000000e+02   5.0648141e+01
  -8.0000000e+00   1.1385332e+01   2.3239467e+01   1.8784738e+02   4.7000000e+01  -2.2000000e+02   5.4205077e+01
  -8.0000000e+00   1.0998324e+01   2.1492163e+01   1.8713524e+02   4.7000000e+01  -2.2000000e+02   5.8097632e+01
  -8.0000000e+00   1.1803404e+01   1.9660321e+01   1.8650139e+02   4.7000000e+01  -2.2000000e+02   6.2001421e+01
  -8.0000000e+00   1.5101121e+01   1.8648862e+01   1.8587486e+02   4.7000000e+01  -2.2000000e+02   6.5457540e+01
  -8.0000000e+00   1.7824465e+01   1.3324511e+01   1.8687346e+02   4.7000000e+01  -2.2000000e+02   6.7277056e+01
  -8.0000000e+00   1.5188935e+01   7.2985683e+00   1.8931590e+02   4.7000000e+01  -2.2000000e+02   6.8376981e+01
  -8.0000000e+00   1.2819209e+01   9.2779425e+00   1.9040216e+02   4.7000000e+01  -2.2000000e+02   7.0900860e+01
  -8.0000000e+00   1.2590996e+01   1.0296033e+01   1.9129147e+02   4.7000000e+01  -2.2000000e+02   7.3648856e+01
  -8.0000000e+00   1.1044626e+01   1.0671947e+01   1.9216489e+02   4.7000000e+01  -2.2000000e+02   7.6392939e+01
  -8.0000000e+00   1.0333100e+01   1.2828791e+01   1.9247218e+02   4.7000000e+01  -2.2000000e+02   7.9409593e+01
  -8.0000000e+00   9.4580566e+00   1.5562384e+01   1.9165405e+02   4.7000000e+01  -2.2000000e+02   8.2377650e+01
  -8.0000000e+00   1.1346429e+01   1.5393125e+01   1.9073994e+02   4.7000000e+01  -2.2000000e+02   8.4434672e+01
  -8.0000000e+00   7.3949922e+00   1.8655072e+01   1.8838267e+02   4.7000000e+01  -2.2000000e+02   8.4436866e+01
  -8.0000000e+00   8.6104101e+00   2.0350267e+01   1.8230423e+02   4.7000000e+01  -2.2000000e+02   7.8258657e+01
  -8.0000000e+00   1.2071626e+01   1.9006017e+01   1.7423200e+02   4.7000000e+01  -2.2000000e+02   6.8549283e+01
  -8.0000000e+00   1.0553260e+01   2.0869387e+01   1.6501109e+02   4.7000000e+01  -2.2000000e+02   5.7130775e+01
  -8.0000000e+00   6.0793292e+00   2.4604869e+01   1.5859358e+02   4.7000000e+01  -2.2000000e+02   4.4872196e+01
  -8.0000000e+00   4.0366983e+00   2.9103598e+01   1.6094060e+02   4.7000000e+01  -2.2000000e+02   3.2744372e+01
  -8.0000000e+00   2.4638224e+00   3.4999149e+01   1.6796692e+02   4.7000000e+01  -2.2000000e+02   2.1287393e+01
  -8.0000000e+00   5.0780842e+00   4.1054777e+01   1.7538821e+02   4.7000000e+01  -2.2000000e+02   1.0738852e+01
  -8.0000000e+00   6.8275539e+00   4.6165655e+01   1.8382371e+02   4.7000000e+01  -2.2000000e+02   7.7671917e-01
  -8.0000000e+00   6.8281392e+00   5.0085874e+01   1.9309282e+02   4.7000000e+01  -2.2000000e+02  -9.2079794e+00
  -8.0000000e+00   5.9690112e+00   5.4506402e+01   2.0297486e+02   4.7000000e+01  -2.2000000e+02  -1.8588927e+01
  -8.0000000e+00   5.5481761e+00   5.8019002e+01   2.1203923e+02   4.7000000e+01  -2.2000000e+02  -2.7917757e+01
  -8.0000000e+00   5.9510432e+00   5.7987241e+01   2.2289559e+02   4.7000000e+01  -2.2000000e+02  -3.5052112e+01
  -8.0000000e+00   6.5777319e+00   5.9709404e+01   2.3126683e+02   4.7000000e+01  -2.2000000e+02  -3.9422128e+01
  -8.0000000e+00   7.7171302e+00   5.9612451e+01   2.3235699e+02   4.7000000e+01  -2.2000000e+02  -3.9486629e+01
  -8.0000000e+00   8.7307526e+00   5.6492547e+01   2.2982807e+02   4.7000000e+01  -2.2000000e+02  -3.4843141e+01
  -8.0000000e+00   9.4159423e+00   5.2808915e+01   2.2634452e+02   4.7000000e+01  -2.2000000e+02  -2.8699859e+01
  -8.0000000e+00   9.2107307e+00   4.9288678e+01   2.2262396e+02   4.7000000e+01  -2.2000000e+02  -1.9789938e+01
  -8.0000000e+00   9.6432681e+00   4.4632636e+01   2.1827583e+02   4.7000000e+01  -2.2000000e+02  -1.0187893e+01
  -8.0000000e+00   9.1034941e+00   4.0705904e+01   2.1374389e+02   4.7000000e+01  -2.2000000e+02  -5.7487465e-01
  -8.0000000e+00   5.9982936e+00   3.9260496e+01   2.1184055e+02   4.7000000e+01  -2.2000000e+02   7.7181143e+00
  -8.0000000e+00   4.5965687e+00   3.6339201e+01   2.0895019e+02   4.7000000e+01  -2.2000000e+02   1.5243832e+01
  -8.0000000e+00   3.9890369e+00   3.4117740e+01   2.0561858e+02   4.7000000e+01  -2.2000000e+02   2.2739811e+01
  -8.0000000e+00   2.2475699e+00   3.2299743e+01   2.0280061e+02   4.7000000e+01  -2.2000000e+02   2.8647902e+01
  -8.0000000e+00   6.0836821e+00   2.8727801e+01   1.9833103e+02   4.7000000e+01  -2.2000000e+02   3.4149671e+01
  -8.0000000e+00   7.8103034e+00   2.5988615e+01   1.9391741e+02   4.7000000e+01  -2.2000000e+02   3.8854061e+01
  -8.0000000e+00   5.8881707e+00   2.4975916e+01   1.9202521e+02   4.7000000e+01  -2.2000000e+02   4.3814085e+01
  -8.0000000e+00   6.2296437e+00   2.3726739e+01   1.9026821e+02   4.7000000e+01  -2.2000000e+02   4.8821133e+01
  -8.0000000e+00   9.0823987e+00   1.9026562e+01   1.8917163e+02   4.7000000e+01  -2.2000000e+02   5.1879439e+01
  -8.0000000e+00   1.0282795e+01   1.7247310e+01   1.8864604e+02   4.7000000e+01  -2.2000000e+02   5.5192350e+01
  -8.0000000e+00   1.3198735e+01   1.2830190e+01   1.8880758e+02   4.7000000e+01  -2.2000000e+02   5.8015736e+01
  -8.0000000e+00   1.4622664e+01   5.8745354e+00   1.9147574e+02   4.7000000e+01  -2.2000000e+02   5.8987634e+01
  -8.0000000e+00   1.3572893e+01   7.3130865e+00   1.9262515e+02   4.7000000e+01  -2.2000000e+02   6.1364712e+01
  -8.0000000e+00   1.1171524e+01   1.0809356e+01   1.9221240e+02   4.7000000e+01  -2.2000000e+02   6.5148918e+01
  -8.0000000e+00   1.1995252e+01   1.1441152e+01   1.9064238e+02   4.7000000e+01  -2.2000000e+02   6.8010866e+01
  -8.0000000e+00   1.3532358e+01   1.3925525e+01   1.8434342e+02   4.7000000e+01  -2.2000000e+02   6.7331653e+01
  -8.0000000e+00   8.9628290e+00   1.7765269e+01   1.7501290e+02   4.7000000e+01  -2.2000000e+02   5.9900815e+01
  -8.0000000e+00   8.5525273e+00   2.0901968e+01   1.6493438e+02   4.7000000e+01  -2.2000000e+02   4.8731940e+01
  -8.0000000e+00   6.5340326e+00   2.6858447e+01   1.5823959e+02   4.7000000e+01  -2.2000000e+02   3.6703982e+01
  -8.0000000e+00   6.2596059e+00   3.3744569e+01   1.6241286e+02   4.7000000e+01  -2.2000000e+02   2.5129640e+01
  -8.0000000e+00   7.1496127e+00   3.9859178e+01   1.6968354e+02   4.7000000e+01  -2.2000000e+02   1.4127710e+01
  -8.0000000e+00   7.7468007e+00   4.4399939e+01   1.7758093e+02   4.7000000e+01  -2.2000000e+02   4.3439262e+00
  -8.0000000e+00   8.2855441e+00   4.8200915e+01   1.8710886e+02   4.7000000e+01  -2.2000000e+02  -5.6580305e+00
  -8.0000000e+00   7.4288388e+00   5.2737701e+01   1.9706331e+02   4.7000000e+01  -2.2000000e+02  -1.4441972e+01
  -8.0000000e+00   8.3998372e+00   5.5240432e+01   2.0696140e+02   4.7000000e+01  -2.2000000e+02  -2.3221765e+01
  -8.0000000e+00   7.8346781e+00   5.8087466e+01   2.1766530e+02   4.7000000e+01  -2.2000000e+02  -3.0259951e+01
  -8.0000000e+00   8.0976828e+00   6.0856385e+01   2.2792997e+02   4.7000000e+01  -2.2000000e+02  -3.4549846e+01
  -8.0000000e+00   9.2266764e+00   6.0665999e+01   2.2993745e+02   4.7000000e+01  -2.2000000e+02  -3.6034900e+01
  -8.0000000e+00   1.0300207e+01   5.7927432e+01   2.2796202e+02   4.7000000e+01  -2.2000000e+02  -3.1240459e+01
  -8.0000000e+00   9.5415753e+00   5.4578015e+01   2.2514497e+02   4.7000000e+01  -2.2000000e+02  -2.3563697e+01
  -8.0000000e+00   1.0543532e+01   5.0193981e+01   2.2146216e+02   4.7000000e+01  -2.2000000e+02  -1.4855718e+01
  -8.0000000e+00   1.2169600e+01   4.4565898e+01   2.1585390e+02   4.7000000e+01  -2.2000000e+02  -4.8749710e+00
  -8.0000000e+00   1.1727148e+01   4.1221932e+01   2.1201730e+02   4.7000000e+01  -2.2000000e+02   4.6177226e+00
  -8.0000000e+00   1.1113503e+01   3.8398079e+01   2.0777985e+02   4.7000000e+01  -2.2000000e+02   1.1987464e+01
  -8.0000000e+00   1.0986380e+01   3.6471608e+01   2.0455215e+02   4.7000000e+01  -2.2000000e+02   1.7739110e+01
  -8.0000000e+00   1.0480274e+01   3.4322872e+01   2.0111355e+02   4.7000000e+01  -2.2000000e+02   2.4204225e+01
  -8.0000000e+00   1.0201299e+01   3.2665365e+01   1.9822239e+02   4.7000000e+01  -2.2000000e+02   2.8995658e+01
  -8.0000000e+00   8.8774958e+00   3.2477141e+01   1.9630639e+02   4.7000000e+01  -2.2000000e+02   3.3698568e+01
  -8.0000000e+00   8.7859364e+00   3.2006249e+01   1.9417032e+02   4.7000000e+01  -2.2000000e+02   3.7788729e+01
  -8.0000000e+00   1.2719287e+01   2.7258970e+01   1.9152400e+02   4.7000000e+01  -2.2000000e+02   4.1701951e+01
  -8.0000000e+00   1.1001797e+01   2.6430755e+01   1.8979730e+02   4.7000000e+01  -2.2000000e+02   4.5451682e+01
  -8.0000000e+00   1.0192294e+01   2.5502986e+01   1.8812863e+02   4.7000000e+01  -2.2000000e+02   4.9245209e+01
  -8.0000000e+00   9.8766571e+00   2.3134303e+01   1.8739230e+02   4.7000000e+01  -2.2000000e+02   5.2797277e+01
  -8.0000000e+00   1.0473675e+01   1.9249906e+01   1.8735364e+02   4.7000000e+01  -2.2000000e+02   5.5830872e+01
  -8.0000000e+00   8.3639665e+00   2.0630826e+01   1.8753669e+02   4.7000000e+01  -2.2000000e+02   5.9746444e+01
  -8.0000000e+00   1.2406281e+01   1.5080958e+01   1.8902120e+02   4.7000000e+01  -2.2000000e+02   6.2152736e+01
  -8.0000000e+00   1.5236389e+01   9.0564854e+00   1.9081694e+02   4.7000000e+01  -2.2000000e+02   6.4179599e+01
  -8.0000000e+00   1.3288829e+01   8.3325430e+00   1.9271394e+02   4.7000000e+01  -2.2000000e+02   6.6225183e+01
  -8.0000000e+00   1.3038165e+01   8.3984384e+00   1.9443345e+02   4.7000000e+01  -2.2000000e+02   6.8481433e+01
  -8.0000000e+00   1.3496079e+01   7.0270086e+00   1.9609063e+02   4.7000000e+01  -2.2000000e+02   7.0702507e+01
  -8.0000000e+00   1.2445549e+01   1.0361253e+01   1.9588772e+02   4.7000000e+01  -2.2000000e+02   7.4785717e+01
  -8.0000000e+00   1.0973288e+01   1.1798771e+01   1.9573253e+02   4.7000000e+01  -2.2000000e+02   7.8241199e+01
  -8.0000000e+00   1.2130013e+01   1.3049942e+01   1.9544927e+02   4.7000000e+01  -2.2000000e+02   8.1150297e+01
  -8.0000000e+00   9.5705198e+00   1.7266174e+01   1.9375154e+02   4.7000000e+01  -2.2000000e+02   8.4129530e+01
  -8.0000000e+00   1.0488727e+01   1.9736827e+01   1.9148516e+02   4.7000000e+01  -2.2000000e+02   8.6000955e+01
  -8.0000000e+00   1.1569005e+01   2.0213993e+01   1.8914555e+02   4.7000000e+01  -2.2000000e+02   8.6013118e+01
  -8.0000000e+00   1.1536152e+01   1.9185312e+01   1.8687556e+02   4.7000000e+01  -2.2000000e+02   8.4665784e+01
  -8.0000000e+00   1.2387278e+01   1.9984119e+01   1.8183390e+02   4.7000000e+01  -2.2000000e+02   7.9319537e+01
  -8.0000000e+00   9.7685082e+00   1.9949738e+01   1.7388944e+02   4.7000000e+01  -2.2000000e+02   7.0033429e+01
  -8.0000000e+00   8.8794725e+00   2.2125933e+01   1.6488666e+02   4.7000000e+01  -2.2000000e+02   5.8672193e+01
  -8.0000000e+00   4.9558539e+00   2.5656897e+01   1.5824275e+02   4.7000000e+01  -2.2000000e+02   4.6508300e+01
  -8.0000000e+00   4.1136087e+00   2.9616600e+01   1.5890171e+02   4.7000000e+01  -2.2000000e+02   3.4307031e+01
  -8.0000000e+00   4.5953974e-02   3.4163432e+01   1.6526285e+02   4.7000000e+01  -2.2000000e+02   2.2478479e+01
  -8.0000000e+00   1.4274531e+00   3.8935749e+01   1.7342321e+02   4.7000000e+01  -2.2000000e+02   1.1582946e+01
  -8.0000000e+00   4.5786019e+00   4.4239019e+01   1.8336743e+02   4.7000000e+01  -2.2000000e+02   1.4713523e+00
  -8.0000000e+00   5.7516638e+00   4.8883139e+01   1.9396225e+02   4.7000000e+01  -2.2000000e+02  -8.0350576e+00
  -8.0000000e+00   6.0998218e+00   5.1831674e+01   2.0560461e+02   4.7000000e+01  -2.2000000e+02  -1.5829923e+01
  -8.0000000e+00   6.8851445e+00   5.2785680e+01   2.1759127e+02   4.7000000e+01  -2.2000000e+02  -1.9598518e+01
  -8.0000000e+00   7.4913068e+00   5.5082860e+01   2.2610997e+02   4.7000000e+01  -2.2000000e+02  -2.3788336e+01
  -8.0000000e+00   7.7793954e+00   5.4248201e+01   2.2670772e+02   4.7000000e+01  -2.2000000e+02  -2.3579175e+01
  -8.0000000e+00   8.8089185e+00   5.1306615e+01   2.2315226e+02   4.7000000e+01  -2.2000000e+02  -1.7371139e+01
  -8.0000000e+00   9.4760889e+00   4.7655922e+01   2.1939229e+02   4.7000000e+01  -2.2000000e+02  -9.5574209e+00
  -8.0000000e+00   1.1215273e+01   4.2601292e+01   2.1420560e+02   4.7000000e+01  -2.2000000e+02  -7.2468390e-01
  -8.0000000e+00   1.0653137e+01   3.9718038e+01   2.1014035e+02   4.7000000e+01  -2.2000000e+02   8.1972406e+00
  -8.0000000e+00   9.6403123e+00   3.7339246e+01   2.0711474e+02   4.7000000e+01  -2.2000000e+02   1.6679527e+01
  -8.0000000e+00   8.2903168e+00   3.5927166e+01   2.0419994e+02   4.7000000e+01  -2.2000000e+02   2.3315677e+01
  -8.0000000e+00   7.0026597e+00   3.4950546e+01   2.0176874e+02   4.7000000e+01  -2.2000000e+02   2.9080266e+01
  -8.0000000e+00   5.2655728e+00   3.3386970e+01   1.9857165e+02   4.7000000e+01  -2.2000000e+02   3.4201583e+01
  -8.0000000e+00   7.7293123e+00   3.0031979e+01   1.9541895e+02   4.7000000e+01  -2.2000000e+02   3.9220263e+01
  -8.0000000e+00   6.7419489e+00   2.8743695e+01   1.9282172e+02   4.7000000e+01  -2.2000000e+02   4.4307967e+01
  -8.0000000e+00   9.5912115e+00   2.5594098e+01   1.9065207e+02   4.7000000e+01  -2.2000000e+02   4.8391577e+01
  -8.0000000e+00   1.0162712e+01   1.9446816e+01   1.9085601e+02   4.7000000e+01  -2.2000000e+02   5.1044969e+01
  -8.0000000e+00   9.3224135e+00   1.9277348e+01   1.9068165e+02   4.7000000e+01  -2.2000000e+02   5.5100652e+01
  -8.0000000e+00   1.1510237e+01   1.7249969e+01   1.9062117e+02   4.7000000e+01  -2.2000000e+02   5.8935822e+01
  -8.0000000e+00   1.2979798e+01   1.3006362e+01   1.9204178e+02   4.7000000e+01  -2.2000000e+02   6.1223045e+01
  -8.0000000e+00   1.3769024e+01   9.9453659e+00   1.9356724e+02   4.7000000e+01  -2.2000000e+02   6.3441038e+01
  -8.0000000e+00   1.4342380e+01   6.9406130e+00   1.9510320e+02   4.7000000e+01  -2.2000000e+02   6.5637882e+01
  -8.0000000e+00   9.9951690e+00   8.3252188e+00   1.9673844e+02   4.7000000e+01  -2.2000000e+02   6.8003624e+01
  -8.0000000e+00   1.0451092e+01   8.9750830e+00   1.9832696e+02   4.7000000e+01  -2.2000000e+02   7.0429669e+01
  -8.0000000e+00   1.0288519e+01   1.1091238e+01   1.9868432e+02   4.7000000e+01  -2.2000000e+02   7.4119128e+01
  -8.0000000e+00   8.2439482e+00   1.3346326e+01   1.9801541e+02   4.7000000e+01  -2.2000000e+02   7.8569446e+01
  -8.0000000e+00   9.7809142e+00   1.1403910e+01   1.9814297e+02   4.7000000e+01  -2.2000000e+02   8.1005660e+01
  -8.0000000e+00   9.4824788e+00   1.0700575e+01   1.9827620e+02   4.7000000e+01  -2.2000000e+02   8.3109423e+01
  -8.0000000e+00   7.1299041e+00   1.4231486e+01   1.9561899e+02   4.7000000e+01  -2.2000000e+02   8.4793447e+01
  -8.0000000e+00   7.9667941e+00   1.6648811e+01   1.9189388e+02   4.7000000e+01  -2.2000000e+02   8.1844955e+01
  -8.0000000e+00   8.4750984e+00   1.8840633e+01   1.8474561e+02   4.7000000e+01  -2.2000000e+02   7.4860947e+01
  -8.0000000e+00   8.1038686e+00   2.2173180e+01   1.7532060e+02   4.7000000e+01  -2.2000000e+02   6.4588185e+01
  -8.0000000e+00   1.1141820e+01   2.7128299e+01   1.6542468e+02   4.7000000e+01  -2.2000000e+02   5.3066202e+01
  -8.0000000e+00   6.7068746e+00   3.1039598e+01   1.5936437e+02   4.7000000e+01  -2.2000000e+02   4.0681374e+01
  -8.0000000e+00   8.8506925e+00   3.5902058e+01   1.6111305e+02   4.7000000e+01  -2.2000000e+02   2.8639451e+01
  -8.0000000e+00   6.9170689e+00   3.9546237e+01   1.6815615e+02   4.7000000e+01  -2.2000000e+02   1.7197100e+01
  -8.0000000e+00   6.3218158e+00   4.3068787e+01   1.7590519e+02   4.7000000e+01  -2.2000000e+02   6.7932833e+00
  -8.0000000e+00   6.0804375e+00   4.6623173e+01   1.8503441e+02   4.7000000e+01  -2.2000000e+02  -3.6132060e+00
  -8.0000000e+00   5.0638507e+00   5.0940435e+01   1.9459917e+02   4.7000000e+01  -2.2000000e+02  -1.3307969e+01
  -8.0000000e+00   5.5625159e+00   5.4592600e+01   2.0496344e+02   4.7000000e+01  -2.2000000e+02  -2.2318934e+01
  -8.0000000e+00   6.4591661e+00   5.6805077e+01   2.1643209e+02   4.7000000e+01  -2.2000000e+02  -2.8688799e+01
  -8.0000000e+00   8.3039090e+00   5.8963790e+01   2.2690146e+02   4.7000000e+01  -2.2000000e+02  -3.3132380e+01
  -8.0000000e+00   8.0033452e+00   6.0181566e+01   2.3075840e+02   4.7000000e+01  -2.2000000e+02  -3.5618336e+01
  -8.0000000e+00   9.8956271e+00   5.8038679e+01   2.2908719e+02   4.7000000e+01  -2.2000000e+02  -3.3220479e+01
  -8.0000000e+00   1.0185694e+01   5.4365344e+01   2.2618654e+02   4.7000000e+01  -2.2000000e+02  -2.7192221e+01
  -8.0000000e+00   1.0986596e+01   5.1217228e+01   2.2264786e+02   4.7000000e+01  -2.2000000e+02  -1.8707639e+01
  -8.0000000e+00   1.0850035e+01   4.7312698e+01   2.1837607e+02   4.7000000e+01  -2.2000000e+02  -9.2696642e+00
  -8.0000000e+00   1.0873544e+01   4.3276618e+01   2.1341993e+02   4.7000000e+01  -2.2000000e+02   1.4219133e-01
  -8.0000000e+00   8.9327237e+00   4.0206199e+01   2.1008645e+02   4.7000000e+01  -2.2000000e+02   8.5379901e+00
  -8.0000000e+00   8.5802113e+00   3.6892764e+01   2.0678294e+02   4.7000000e+01  -2.2000000e+02   1.6358760e+01
  -8.0000000e+00   6.5264242e+00   3.5799540e+01   2.0460211e+02   4.7000000e+01  -2.2000000e+02   2.3720962e+01
  -8.0000000e+00   5.5396901e+00   3.3580218e+01   2.0137095e+02   4.7000000e+01  -2.2000000e+02   2.9497769e+01
  -8.0000000e+00   8.5704408e+00   2.9812007e+01   1.9730307e+02   4.7000000e+01  -2.2000000e+02   3.4309740e+01
  -8.0000000e+00   9.8932917e+00   2.7132628e+01   1.9349575e+02   4.7000000e+01  -2.2000000e+02   3.9374732e+01
  -8.0000000e+00   1.1471315e+01   2.3654779e+01   1.9103822e+02   4.7000000e+01  -2.2000000e+02   4.3420905e+01
  -8.0000000e+00   1.0051757e+01   2.1882894e+01   1.8937088e+02   4.7000000e+01  -2.2000000e+02   4.7881196e+01
  -8.0000000e+00   1.1042340e+01   1.8794015e+01   1.8864716e+02   4.7000000e+01  -2.2000000e+02   5.1643342e+01
  -8.0000000e+00   1.2883098e+01   1.1637631e+01   1.9012750e+02   4.7000000e+01  -2.2000000e+02   5.3465256e+01
  -8.0000000e+00   1.3541092e+01   6.0028188e+00   1.9185370e+02   4.7000000e+01  -2.2000000e+02   5.5149336e+01
  -8.0000000e+00   1.3817863e+01   3.3866741e+00   1.9381451e+02   4.7000000e+01  -2.2000000e+02   5.6703295e+01
  -8.0000000e+00   1.2657957e+01   6.8930571e+00   1.9476896e+02   4.7000000e+01  -2.2000000e+02   6.0057568e+01
  -8.0000000e+00   1.3831891e+01   7.6093789e+00   1.9557175e+02   4.7000000e+01  -2.2000000e+02   6.3332955e+01
  -8.0000000e+00   1.1268347e+01   1.2369999e+01   1.9449303e+02   4.7000000e+01  -2.2000000e+02   6.8746244e+01
  -8.0000000e+00   8.8046622e+00   1.4908900e+01   1.9258597e+02   4.7000000e+01  -2.2000000e+02   7.3686026e+01
  -8.0000000e+00   9.3781137e+00   1.6775259e+01   1.8979871e+02   4.7000000e+01  -2.2000000e+02   7.7612206e+01
  -8.0000000e+00   9.7459893e+00   1.5526322e+01   1.8791327e+02   4.7000000e+01  -2.2000000e+02   7.9246923e+01
  -8.0000000e+00   1.0552342e+01   1.7099361e+01   1.8342596e+02   4.7000000e+01  -2.2000000e+02   7.6480640e+01
  -8.0000000e+00   9.3716132e+00   1.7979778e+01   1.7644110e+02   4.7000000e+01  -2.2000000e+02   6.9389149e+01
  -8.0000000e+00   6.1363967e+00   2.2205447e+01   1.6793946e+02   4.7000000e+01  -2.2000000e+02   5.8717179e+01
  -8.0000000e+00   7.5561802e+00   2.7598663e+01   1.6138952e+02   4.7000000e+01  -2.2000000e+02   4.6675174e+01
  -8.0000000e+00   7.9940428e+00   3.3510413e+01   1.6207137e+02   4.7000000e+01  -2.2000000e+02   3.4623333e+01
  -8.0000000e+00   8.0022423e+00   3.9734582e+01   1.6792543e+02   4.7000000e+01  -2.2000000e+02   2.3151398e+01
  -8.0000000e+00   8.4140273e+00   4.3960122e+01   1.7601362e+02   4.7000000e+01  -2.2000000e+02   1.2429370e+01
  -8.0000000e+00   8.3776945e+00   4.8384499e+01   1.8525144e+02   4.7000000e+01  -2.2000000e+02   2.0384487e+00
  -8.0000000e+00   6.8003267e+00   5.3768184e+01   1.9388735e+02   4.7000000e+01  -2.2000000e+02  -8.3646199e+00
  -8.0000000e+00   5.3560809e+00   5.7809450e+01   2.0190781e+02   4.7000000e+01  -2.2000000e+02  -1.8216757e+01
  -8.0000000e+00   6.4119493e+00   6.0173347e+01   2.1158682e+02   4.7000000e+01  -2.2000000e+02  -2.6465345e+01
  -8.0000000e+00   7.3874399e+00   6.2251557e+01   2.2274489e+02   4.7000000e+01  -2.2000000e+02  -2.8892295e+01
  -8.0000000e+00   7.6288302e+00   6.3757728e+01   2.2891033e+02   4.7000000e+01  -2.2000000e+02  -3.2022037e+01
  -8.0000000e+00   8.9800293e+00   6.2182565e+01   2.2886696e+02   4.7000000e+01  -2.2000000e+02  -2.9705514e+01
  -8.0000000e+00   1.0124016e+01   5.8358547e+01   2.2530152e+02   4.7000000e+01  -2.2000000e+02  -2.3881935e+01
  -8.0000000e+00   1.0909587e+01   5.3564342e+01   2.2121583e+02   4.7000000e+01  -2.2000000e+02  -1.5376332e+01
  -8.0000000e+00   1.0958001e+01   5.0204627e+01   2.1714740e+02   4.7000000e+01  -2.2000000e+02  -5.6877286e+00
  -8.0000000e+00   1.1428528e+01   4.5851880e+01   2.1216979e+02   4.7000000e+01  -2.2000000e+02   4.1948285e+00
  -8.0000000e+00   1.1697769e+01   4.2541200e+01   2.0811124e+02   4.7000000e+01  -2.2000000e+02   1.3402737e+01
  -8.0000000e+00   1.0976524e+01   3.9929118e+01   2.0435163e+02   4.7000000e+01  -2.2000000e+02   2.2304916e+01
  -8.0000000e+00   8.7624227e+00   3.7751736e+01   2.0091845e+02   4.7000000e+01  -2.2000000e+02   2.9329362e+01
  -8.0000000e+00   7.3709732e+00   3.6600970e+01   1.9759439e+02   4.7000000e+01  -2.2000000e+02   3.5570110e+01
  -8.0000000e+00   5.9506437e+00   3.4581977e+01   1.9402945e+02   4.7000000e+01  -2.2000000e+02   4.0838139e+01
  -8.0000000e+00   7.9394979e+00   3.1614162e+01   1.9058475e+02   4.7000000e+01  -2.2000000e+02   4.5573763e+01
  -8.0000000e+00   7.1509783e+00   3.0009540e+01   1.8802673e+02   4.7000000e+01  -2.2000000e+02   5.0406124e+01
  -8.0000000e+00   7.8026766e+00   2.7690900e+01   1.8687409e+02   4.7000000e+01  -2.2000000e+02   5.4916181e+01
  -8.0000000e+00   8.9646080e+00   2.4185804e+01   1.8644672e+02   4.7000000e+01  -2.2000000e+02   5.8693194e+01
  -8.0000000e+00   1.0326522e+01   2.1240785e+01   1.8640184e+02   4.7000000e+01  -2.2000000e+02   6.2091357e+01
  -8.0000000e+00   1.3837722e+01   1.6642807e+01   1.8679785e+02   4.7000000e+01  -2.2000000e+02   6.5225722e+01
  -8.0000000e+00   1.1220144e+01   1.4694112e+01   1.8777498e+02   4.7000000e+01  -2.2000000e+02   6.8067488e+01
  -8.0000000e+00   9.9734276e+00   1.3925930e+01   1.8897541e+02   4.7000000e+01  -2.2000000e+02   7.1306238e+01
  -8.0000000e+00   1.0954772e+01   1.0594453e+01   1.9086674e+02   4.7000000e+01  -2.2000000e+02   7.3785563e+01
  -8.0000000e+00   1.1682052e+01   9.4905594e+00   1.9272000e+02   4.7000000e+01  -2.2000000e+02   7.6204113e+01
  -8.0000000e+00   1.2392353e+01   7.2260829e+00   1.9466704e+02   4.7000000e+01  -2.2000000e+02   7.8301471e+01
  -8.0000000e+00   8.4697995e+00   1.3452996e+01   1.9261064e+02   4.7000000e+01  -2.2000000e+02   8.2065831e+01
  -8.0000000e+00   7.5103427e+00   1.6181575e+01   1.9126157e+02   4.7000000e+01  -2.2000000e+02   8.4546260e+01
  -8.0000000e+00   8.9709746e+00   1.6279524e+01   1.8994845e+02   4.7000000e+01  -2.2000000e+02   8.5291690e+01
  -8.0000000e+00   1.1905575e+01   1.3449048e+01   1.8807891e+02   4.7000000e+01  -2.2000000e+02   8.1553878e+01
  -8.0000000e+00   4.7442158e+00   1.7695528e+01   1.7922950e+02   4.7000000e+01  -2.2000000e+02   7.1294355e+01
  -8.0000000e+00   4.9063664e+00   2.0067501e+01   1.6959999e+02   4.7000000e+01  -2.2000000e+02   5.9891997e+01
  -8.0000000e+00   5.0760818e+00   2.3168947e+01   1.6055402e+02   4.7000000e+01  -2.2000000e+02   4.7766052e+01
  -8.0000000e+00   5.8826616e+00   2.6589663e+01   1.5588488e+02   4.7000000e+01  -2.2000000e+02   3.5490551e+01
  -8.0000000e+00   2.5114301e+00   3.1232734e+01   1.6014500e+02   4.7000000e+01  -2.2000000e+02   2.3598858e+01
  -8.0000000e+00   1.6905119e+00   3.6206462e+01   1.6770067e+02   4.7000000e+01  -2.2000000e+02   1.2551151e+01
  -8.0000000e+00   1.9737864e+00   4.1014056e+01   1.7557097e+02   4.7000000e+01  -2.2000000e+02   2.2186593e+00
  -8.0000000e+00   2.6130717e+00   4.5260213e+01   1.8433061e+02   4.7000000e+01  -2.2000000e+02  -7.8875962e+00
  -8.0000000e+00   1.4859653e+00   4.9789289e+01   1.9422084e+02   4.7000000e+01  -2.2000000e+02  -1.7366393e+01
  -8.0000000e+00   3.1120874e+00   5.3983837e+01   2.0513217e+02   4.7000000e+01  -2.2000000e+02  -2.5068731e+01
  -8.0000000e+00   4.8013095e+00   5.5707978e+01   2.1688809e+02   4.7000000e+01  -2.2000000e+02  -3.0617986e+01
  -8.0000000e+00   5.0976865e+00   5.7628307e+01   2.2754998e+02   4.7000000e+01  -2.2000000e+02  -3.4959716e+01
  -8.0000000e+00   5.7023363e+00   5.8032827e+01   2.3004630e+02   4.7000000e+01  -2.2000000e+02  -3.5784035e+01
  -8.0000000e+00   6.9545668e+00   5.4657667e+01   2.2762092e+02   4.7000000e+01  -2.2000000e+02  -3.1820190e+01
  -8.0000000e+00   6.9506482e+00   5.1708382e+01   2.2493024e+02   4.7000000e+01  -2.2000000e+02  -2.5807232e+01
  -8.0000000e+00   8.3836762e+00   4.8877126e+01   2.2199364e+02   4.7000000e+01  -2.2000000e+02  -1.9067015e+01
  -8.0000000e+00   9.0335494e+00   4.5162986e+01   2.1880937e+02   4.7000000e+01  -2.2000000e+02  -1.0996435e+01
  -8.0000000e+00   8.3905851e+00   4.3484295e+01   2.1643868e+02   4.7000000e+01  -2.2000000e+02  -3.9587556e+00
  -8.0000000e+00   8.0731892e+00   4.2793602e+01   2.1400496e+02   4.7000000e+01  -2.2000000e+02   1.8969697e+00
  -8.0000000e+00   9.0492777e+00   4.1505618e+01   2.1074886e+02   4.7000000e+01  -2.2000000e+02   7.1176804e+00
  -8.0000000e+00   1.0185264e+01   3.9256969e+01   2.0721436e+02   4.7000000e+01  -2.2000000e+02   1.2948674e+01
  -8.0000000e+00   1.0551640e+01   3.8155199e+01   2.0566341e+02   4.7000000e+01  -2.2000000e+02   1.5788463e+01
  -8.0000000e+00   1.0539358e+01   3.7062791e+01   2.0241244e+02   4.7000000e+01  -2.2000000e+02   2.2965293e+01
  -8.0000000e+00   1.1150618e+01   3.4792463e+01   1.9894812e+02   4.7000000e+01  -2.2000000e+02   2.8986268e+01
  -8.0000000e+00   7.7619096e+00   3.6077897e+01   1.9775544e+02   4.7000000e+01  -2.2000000e+02   3.4090214e+01
  -8.0000000e+00   8.1942454e+00   3.4762719e+01   1.9432852e+02   4.7000000e+01  -2.2000000e+02   3.8839676e+01
  -8.0000000e+00   9.4933546e+00   3.2537332e+01   1.9105967e+02   4.7000000e+01  -2.2000000e+02   4.3346974e+01
  -8.0000000e+00   1.1421735e+01   2.8704678e+01   1.8809515e+02   4.7000000e+01  -2.2000000e+02   4.6746249e+01
  -8.0000000e+00   1.1003945e+01   2.7610849e+01   1.8613480e+02   4.7000000e+01  -2.2000000e+02   5.0833327e+01
  -8.0000000e+00   1.2627156e+01   2.4509651e+01   1.8533496e+02   4.7000000e+01  -2.2000000e+02   5.4688281e+01
  -8.0000000e+00   1.4076915e+01   1.5967497e+01   1.8661603e+02   4.7000000e+01  -2.2000000e+02   5.6581319e+01
  -8.0000000e+00   1.2207534e+01   1.6991490e+01   1.8739526e+02   4.7000000e+01  -2.2000000e+02   6.0038757e+01
  -8.0000000e+00   1.3121447e+01   1.5573381e+01   1.8811151e+02   4.7000000e+01  -2.2000000e+02   6.3698594e+01
  -8.0000000e+00   1.1503836e+01   1.5292929e+01   1.8886551e+02   4.7000000e+01  -2.2000000e+02   6.7439309e+01
  -8.0000000e+00   1.1758725e+01   1.5591902e+01   1.8919890e+02   4.7000000e+01  -2.2000000e+02   7.1160224e+01
  -8.0000000e+00   9.0465028e+00   1.8787613e+01   1.8787736e+02   4.7000000e+01  -2.2000000e+02   7.6196597e+01
  -8.0000000e+00   8.8585069e+00   1.9512248e+01   1.8663457e+02   4.7000000e+01  -2.2000000e+02   8.0057652e+01
  -8.0000000e+00   1.0156407e+01   1.9972881e+01   1.8526710e+02   4.7000000e+01  -2.2000000e+02   8.2841838e+01
  -8.0000000e+00   1.0502458e+01   2.0272592e+01   1.8373009e+02   4.7000000e+01  -2.2000000e+02   8.3497367e+01
  -8.0000000e+00   1.0043657e+01   1.9992066e+01   1.8167015e+02   4.7000000e+01  -2.2000000e+02   8.2157457e+01
  -8.0000000e+00   1.1101578e+01   1.8369643e+01   1.7538414e+02   4.7000000e+01  -2.2000000e+02   7.3038957e+01
  -8.0000000e+00   1.2341351e+01   1.9922772e+01   1.6627016e+02   4.7000000e+01  -2.2000000e+02   6.2824996e+01
  -8.0000000e+00   7.8499435e+00   2.2783289e+01   1.5752213e+02   4.7000000e+01  -2.2000000e+02   5.1036374e+01
  -8.0000000e+00   5.2111690e+00   2.6071320e+01   1.5292568e+02   4.7000000e+01  -2.2000000e+02   3.8879460e+01
  -8.0000000e+00   6.1252499e+00   2.9921627e+01   1.5695176e+02   4.7000000e+01  -2.2000000e+02   2.7240242e+01
  -8.0000000e+00   1.8083088e+00   3.3882838e+01   1.6486235e+02   4.7000000e+01  -2.2000000e+02   1.6404818e+01
  -8.0000000e+00   2.1938461e+00   3.8525904e+01   1.7312155e+02   4.7000000e+01  -2.2000000e+02   6.1898974e+00
  -8.0000000e+00   4.0193305e+00   4.4892026e+01   1.8216066e+02   4.7000000e+01  -2.2000000e+02  -3.3082881e+00
  -8.0000000e+00   4.9658599e+00   5.0298634e+01   1.9254714e+02   4.7000000e+01  -2.2000000e+02  -1.2345238e+01
  -8.0000000e+00   6.1755876e+00   5.4989619e+01   2.0391184e+02   4.7000000e+01  -2.2000000e+02  -1.9124274e+01
  -8.0000000e+00   8.1095785e+00   5.8132521e+01   2.1562269e+02   4.7000000e+01  -2.2000000e+02  -2.1091972e+01
  -8.0000000e+00   7.0019188e+00   6.1126325e+01   2.2497276e+02   4.7000000e+01  -2.2000000e+02  -2.4924314e+01
  -8.0000000e+00   6.7050651e+00   6.2466861e+01   2.2836501e+02   4.7000000e+01  -2.2000000e+02  -2.6785484e+01
  -8.0000000e+00   8.8474420e+00   6.0700035e+01   2.2719545e+02   4.7000000e+01  -2.2000000e+02  -2.4845431e+01
  -8.0000000e+00   9.1530378e+00   5.8854895e+01   2.2499134e+02   4.7000000e+01  -2.2000000e+02  -2.0428353e+01
  -8.0000000e+00   1.0176229e+01   5.5880188e+01   2.2213711e+02   4.7000000e+01  -2.2000000e+02  -1.4621541e+01
  -8.0000000e+00   1.1461395e+01   5.2987453e+01   2.1939634e+02   4.7000000e+01  -2.2000000e+02  -8.6800859e+00
  -8.0000000e+00   1.0633995e+01   5.0919128e+01   2.1759848e+02   4.7000000e+01  -2.2000000e+02  -4.3078743e+00
  -8.0000000e+00   1.2309234e+01   4.7566270e+01   2.1484315e+02   4.7000000e+01  -2.2000000e+02   4.7004368e-01
  -8.0000000e+00   1.1838282e+01   4.6667434e+01   2.1335708e+02   4.7000000e+01  -2.2000000e+02   4.4029798e+00
  -8.0000000e+00   1.0497206e+01   4.5880278e+01   2.1291726e+02   4.7000000e+01  -2.2000000e+02   5.8101531e+00
  -8.0000000e+00   1.0488865e+01   4.5306812e+01   2.1217177e+02   4.7000000e+01  -2.2000000e+02   9.6898567e+00
  -8.0000000e+00   1.0982303e+01   4.3223019e+01   2.1051016e+02   4.7000000e+01  -2.2000000e+02   1.2845591e+01
  -8.0000000e+00   1.0704629e+01   4.1808613e+01   2.0921599e+02   4.7000000e+01  -2.2000000e+02   1.5543658e+01
  -8.0000000e+00   1.1135700e+01   3.9973361e+01   2.0804459e+02   4.7000000e+01  -2.2000000e+02   1.7244233e+01
  -8.0000000e+00   1.0734665e+01   3.9680361e+01   2.0606385e+02   4.7000000e+01  -2.2000000e+02   2.1792080e+01
  -8.0000000e+00   9.1585347e+00   3.9597369e+01   2.0420290e+02   4.7000000e+01  -2.2000000e+02   2.5083302e+01
  -8.0000000e+00   9.8838197e+00   3.7359273e+01   2.0146722e+02   4.7000000e+01  -2.2000000e+02   2.8986998e+01
  -8.0000000e+00   8.1662800e+00   3.6948729e+01   1.9875199e+02   4.7000000e+01  -2.2000000e+02   3.3759067e+01
  -8.0000000e+00   5.5935006e+00   3.7535759e+01   1.9557420e+02   4.7000000e+01  -2.2000000e+02   3.7793023e+01
  -8.0000000e+00   5.7410641e+00   3.6044216e+01   1.9218649e+02   4.7000000e+01  -2.2000000e+02   4.1762650e+01
  -8.0000000e+00   5.3595071e+00   3.4657762e+01   1.8962848e+02   4.7000000e+01  -2.2000000e+02   4.6989651e+01
  -8.0000000e+00   8.0714617e+00   3.2975301e+01   1.8728277e+02   4.7000000e+01  -2.2000000e+02   5.2398800e+01
  -8.0000000e+00   9.7684435e+00   2.9996701e+01   1.8592786e+02   4.7000000e+01  -2.2000000e+02   5.6913417e+01
  -8.0000000e+00   9.5035882e+00   2.6907028e+01   1.8558648e+02   4.7000000e+01  -2.2000000e+02   6.1042950e+01
  -8.0000000e+00   1.0728494e+01   2.3719996e+01   1.8529750e+02   4.7000000e+01  -2.2000000e+02   6.5160301e+01
  -8.0000000e+00   1.4512926e+01   1.5305172e+01   1.8689391e+02   4.7000000e+01  -2.2000000e+02   6.6910249e+01
  -8.0000000e+00   1.4858930e+01   1.0736459e+01   1.8861352e+02   4.7000000e+01  -2.2000000e+02   6.8729808e+01
  -8.0000000e+00   1.1761407e+01   1.4364324e+01   1.8790325e+02   4.7000000e+01  -2.2000000e+02   7.3184914e+01
  -8.0000000e+00   1.2538504e+01   1.5810488e+01   1.8671365e+02   4.7000000e+01  -2.2000000e+02   7.6377814e+01
  -8.0000000e+00   1.3739863e+01   1.6406323e+01   1.8465293e+02   4.7000000e+01  -2.2000000e+02   7.8814156e+01
  -8.0000000e+00   1.2905001e+01   1.8292667e+01   1.8216293e+02   4.7000000e+01  -2.2000000e+02   8.0336617e+01
  -8.0000000e+00   1.2752514e+01   1.9085040e+01   1.7766429e+02   4.7000000e+01  -2.2000000e+02   7.6610580e+01
  -8.0000000e+00   1.2408379e+01   1.9687400e+01   1.7066224e+02   4.7000000e+01  -2.2000000e+02   6.8727584e+01
  -8.0000000e+00   6.7465364e+00   2.1084688e+01   1.6300152e+02   4.7000000e+01  -2.2000000e+02   5.7777245e+01
  -8.0000000e+00   4.7315920e+00   2.4098172e+01   1.5605408e+02   4.7000000e+01  -2.2000000e+02   4.5779152e+01
  -8.0000000e+00   5.0113139e+00   2.5580029e+01   1.5427564e+02   4.7000000e+01  -2.2000000e+02   3.3591396e+01
  -8.0000000e+00   4.6034589e+00   3.0480008e+01   1.5991967e+02   4.7000000e+01  -2.2000000e+02   2.1956746e+01
  -8.0000000e+00  -1.6017527e-01   3.5244623e+01   1.6854961e+02   4.7000000e+01  -2.2000000e+02   1.1200511e+01
  -8.0000000e+00   1.8275825e+00   4.0177174e+01   1.7772543e+02   4.7000000e+01  -2.2000000e+02   1.3609331e+00
  -8.0000000e+00   2.2202961e+00   4.5253186e+01   1.8852075e+02   4.7000000e+01  -2.2000000e+02  -7.8670686e+00
  -8.0000000e+00   4.5040872e+00   4.9196583e+01   2.0055177e+02   4.7000000e+01  -2.2000000e+02  -1.4068201e+01
  -8.0000000e+00   6.9128714e+00   5.0188647e+01   2.1281926e+02   4.7000000e+01  -2.2000000e+02  -1.6903545e+01
  -8.0000000e+00   5.4211606e+00   5.2325508e+01   2.2358748e+02   4.7000000e+01  -2.2000000e+02  -2.3511560e+01
  -8.0000000e+00   5.4533575e+00   5.3271035e+01   2.2827229e+02   4.7000000e+01  -2.2000000e+02  -2.8179906e+01
  -8.0000000e+00   5.6483887e+00   5.2390263e+01   2.2787282e+02   4.7000000e+01  -2.2000000e+02  -2.8523842e+01
  -8.0000000e+00   5.4915695e+00   4.9380461e+01   2.2514413e+02   4.7000000e+01  -2.2000000e+02  -2.3778930e+01
  -8.0000000e+00   6.4093384e+00   4.4673299e+01   2.2138040e+02   4.7000000e+01  -2.2000000e+02  -1.6712816e+01
  -8.0000000e+00   5.6405777e+00   4.1194420e+01   2.1811990e+02   4.7000000e+01  -2.2000000e+02  -8.3753438e+00
  -8.0000000e+00   4.0133991e+00   3.7637371e+01   2.1546568e+02   4.7000000e+01  -2.2000000e+02  -6.5607622e-01
  -8.0000000e+00   1.9552342e+00   3.5635725e+01   2.1342195e+02   4.7000000e+01  -2.2000000e+02   7.7170035e+00
  -8.0000000e+00   5.7402289e-01   3.2764874e+01   2.1074897e+02   4.7000000e+01  -2.2000000e+02   1.4964429e+01
  -8.0000000e+00   2.5281392e+00   2.9505386e+01   2.0628865e+02   4.7000000e+01  -2.2000000e+02   2.1857685e+01
  -8.0000000e+00   2.8618169e+00   2.7685532e+01   2.0331483e+02   4.7000000e+01  -2.2000000e+02   2.8671338e+01
  -8.0000000e+00   4.2777469e+00   2.5434562e+01   2.0005999e+02   4.7000000e+01  -2.2000000e+02   3.3529774e+01
  -8.0000000e+00   2.6821710e+00   2.4335702e+01   1.9747046e+02   4.7000000e+01  -2.2000000e+02   3.7375156e+01
  -8.0000000e+00   1.9347997e+00   2.3395809e+01   1.9597492e+02   4.7000000e+01  -2.2000000e+02   4.0873634e+01
  -8.0000000e+00   3.1537421e+00   2.2136527e+01   1.9478863e+02   4.7000000e+01  -2.2000000e+02   4.5132559e+01
  -8.0000000e+00   5.8596736e+00   1.9315219e+01   1.9352411e+02   4.7000000e+01  -2.2000000e+02   4.8915679e+01
  -8.0000000e+00   7.6014810e+00   1.7957408e+01   1.9200439e+02   4.7000000e+01  -2.2000000e+02   5.2455286e+01
  -8.0000000e+00   9.3432884e+00   1.6599596e+01   1.9048468e+02   4.7000000e+01  -2.2000000e+02   5.5994893e+01
  -8.0000000e+00   1.2482223e+01   1.3197214e+01   1.9019635e+02   4.7000000e+01  -2.2000000e+02   5.8814042e+01
  -8.0000000e+00   1.2987799e+01   6.9601093e+00   1.9267391e+02   4.7000000e+01  -2.2000000e+02   5.9899540e+01
  -8.0000000e+00   1.1665491e+01   8.1821378e+00   1.9381121e+02   4.7000000e+01  -2.2000000e+02   6.2408681e+01
  -8.0000000e+00   7.1483809e+00   1.3073097e+01   1.9218854e+02   4.7000000e+01  -2.2000000e+02   6.7795913e+01
  -8.0000000e+00   6.3865114e+00   1.5852385e+01   1.8877826e+02   4.7000000e+01  -2.2000000e+02   7.2596432e+01
  -8.0000000e+00   8.6248102e+00   1.6365537e+01   1.8582209e+02   4.7000000e+01  -2.2000000e+02   7.4519531e+01
  -8.0000000e+00   9.7795511e+00   1.7517802e+01   1.7802258e+02   4.7000000e+01  -2.2000000e+02   6.7202902e+01
  -8.0000000e+00   8.5808599e+00   2.0554216e+01   1.6871699e+02   4.7000000e+01  -2.2000000e+02   5.6776728e+01
  -8.0000000e+00   9.7664480e+00   2.4698560e+01   1.6032145e+02   4.7000000e+01  -2.2000000e+02   4.4871780e+01
  -8.0000000e+00   6.8443449e+00   3.1658256e+01   1.6150234e+02   4.7000000e+01  -2.2000000e+02   3.2577751e+01
  -8.0000000e+00   7.7601762e+00   3.7377938e+01   1.6845415e+02   4.7000000e+01  -2.2000000e+02   2.1043147e+01
  -8.0000000e+00   8.0615196e+00   4.1537639e+01   1.7629499e+02   4.7000000e+01  -2.2000000e+02   1.0231617e+01
  -8.0000000e+00   7.8970932e+00   4.5804748e+01   1.8466325e+02   4.7000000e+01  -2.2000000e+02   7.2553448e-01
  -8.0000000e+00   7.0974767e+00   4.9835235e+01   1.9247333e+02   4.7000000e+01  -2.2000000e+02  -9.3403904e+00
  -8.0000000e+00   6.7690795e+00   5.4401360e+01   1.9989959e+02   4.7000000e+01  -2.2000000e+02  -1.9072309e+01
  -8.0000000e+00   6.5591619e+00   5.8164460e+01   2.0868718e+02   4.7000000e+01  -2.2000000e+02  -2.8183496e+01
  -8.0000000e+00   6.7866942e+00   5.9374991e+01   2.1933327e+02   4.7000000e+01  -2.2000000e+02  -3.5327786e+01
  -8.0000000e+00   7.8623550e+00   6.0118649e+01   2.2975411e+02   4.7000000e+01  -2.2000000e+02  -3.8419221e+01
  -8.0000000e+00   1.0517607e+01   5.9294109e+01   2.3103790e+02   4.7000000e+01  -2.2000000e+02  -3.8170680e+01
  -8.0000000e+00   1.1434490e+01   5.6718146e+01   2.2954208e+02   4.7000000e+01  -2.2000000e+02  -3.4833502e+01
  -8.0000000e+00   1.1939570e+01   5.1881337e+01   2.2592197e+02   4.7000000e+01  -2.2000000e+02  -2.7349114e+01
  -8.0000000e+00   1.3268836e+01   4.7123065e+01   2.2106835e+02   4.7000000e+01  -2.2000000e+02  -1.7674756e+01
  -8.0000000e+00   1.4107256e+01   4.1489761e+01   2.1524915e+02   4.7000000e+01  -2.2000000e+02  -7.4106633e+00
  -8.0000000e+00   1.3080479e+01   3.8799652e+01   2.1139020e+02   4.7000000e+01  -2.2000000e+02   3.0014539e+00
  -8.0000000e+00   1.2776963e+01   3.5190430e+01   2.0737108e+02   4.7000000e+01  -2.2000000e+02   1.1551412e+01
  -8.0000000e+00   1.2647910e+01   3.2998359e+01   2.0406478e+02   4.7000000e+01  -2.2000000e+02   1.9431619e+01
  -8.0000000e+00   1.1398731e+01   3.1163220e+01   2.0096678e+02   4.7000000e+01  -2.2000000e+02   2.5936735e+01
  -8.0000000e+00   1.1196986e+01   2.9118142e+01   1.9817562e+02   4.7000000e+01  -2.2000000e+02   3.1333899e+01
  -8.0000000e+00   9.6830934e+00   2.7893302e+01   1.9543321e+02   4.7000000e+01  -2.2000000e+02   3.6020746e+01
  -8.0000000e+00   1.1890095e+01   2.5358101e+01   1.9286447e+02   4.7000000e+01  -2.2000000e+02   3.9563900e+01
  -8.0000000e+00   1.2193950e+01   2.2653129e+01   1.9183735e+02   4.7000000e+01  -2.2000000e+02   4.3375800e+01
  -8.0000000e+00   1.4498824e+01   1.5824898e+01   1.9210494e+02   4.7000000e+01  -2.2000000e+02   4.5670960e+01
  -8.0000000e+00   1.2064744e+01   1.6429201e+01   1.9222545e+02   4.7000000e+01  -2.2000000e+02   4.9120305e+01
  -8.0000000e+00   1.4298013e+01   1.4626899e+01   1.9218654e+02   4.7000000e+01  -2.2000000e+02   5.2709907e+01
  -8.0000000e+00   1.5491875e+01   1.2935743e+01   1.9218518e+02   4.7000000e+01  -2.2000000e+02   5.6254395e+01
  -8.0000000e+00   1.3936415e+01   9.9753208e+00   1.9275410e+02   4.7000000e+01  -2.2000000e+02   5.9276649e+01
  -8.0000000e+00   1.2471509e+01   1.1817081e+01   1.9319635e+02   4.7000000e+01  -2.2000000e+02   6.2927443e+01
  -8.0000000e+00   1.1822339e+01   1.2499968e+01   1.9327290e+02   4.7000000e+01  -2.2000000e+02   6.6739703e+01
  -8.0000000e+00   1.4847818e+01   7.4157144e+00   1.9504389e+02   4.7000000e+01  -2.2000000e+02   6.8634875e+01
  -8.0000000e+00   1.4222445e+01   7.1710000e+00   1.9675885e+02   4.7000000e+01  -2.2000000e+02   7.0769238e+01
  -8.0000000e+00   1.3464175e+01   9.5623943e+00   1.9680704e+02   4.7000000e+01  -2.2000000e+02   7.4523581e+01
  -8.0000000e+00   1.2343105e+01   1.3352067e+01   1.9548702e+02   4.7000000e+01  -2.2000000e+02   7.8859674e+01
  -8.0000000e+00   1.3291638e+01   1.4378704e+01   1.9405047e+02   4.7000000e+01  -2.2000000e+02   8.2033909e+01
  -8.0000000e+00   1.0768437e+01   1.8028212e+01   1.9079178e+02   4.7000000e+01  -2.2000000e+02   8.3843030e+01
  -8.0000000e+00   1.2129301e+01   1.8812161e+01   1.8740527e+02   4.7000000e+01  -2.2000000e+02   8.2244007e+01
  -8.0000000e+00   1.1826959e+01   1.9421867e+01   1.8114903e+02   4.7000000e+01  -2.2000000e+02   7.5506075e+01
  -8.0000000e+00   9.2559540e+00   2.1466031e+01   1.7246031e+02   4.7000000e+01  -2.2000000e+02   6.4811639e+01
  -8.0000000e+00   8.1775555e+00   2.5555698e+01   1.6403055e+02   4.7000000e+01  -2.2000000e+02   5.2940147e+01
  -8.0000000e+00   4.5821084e+00   2.9329422e+01   1.6061755e+02   4.7000000e+01  -2.2000000e+02   4.0663160e+01
  -8.0000000e+00   5.9808870e+00   3.5351069e+01   1.6640592e+02   4.7000000e+01  -2.2000000e+02   2.8838032e+01
  -8.0000000e+00   5.0979958e+00   3.9912822e+01   1.7353542e+02   4.7000000e+01  -2.2000000e+02   1.7592120e+01
  -8.0000000e+00   6.3520679e+00   4.3647590e+01   1.8271294e+02   4.7000000e+01  -2.2000000e+02   6.7584786e+00
  -8.0000000e+00   7.0772845e+00   4.8090091e+01   1.9073964e+02   4.7000000e+01  -2.2000000e+02  -3.5633769e+00
  -8.0000000e+00   7.1287835e+00   5.1021610e+01   2.0063081e+02   4.7000000e+01  -2.2000000e+02  -1.3290100e+01
  -8.0000000e+00   7.6889707e+00   5.2202907e+01   2.1203939e+02   4.7000000e+01  -2.2000000e+02  -1.9824702e+01
  -8.0000000e+00   7.4553519e+00   5.3839387e+01   2.2247683e+02   4.7000000e+01  -2.2000000e+02  -2.4456458e+01
  -8.0000000e+00   9.2076702e+00   5.3200091e+01   2.2545740e+02   4.7000000e+01  -2.2000000e+02  -2.6155232e+01
  -8.0000000e+00   9.7194527e+00   5.1069184e+01   2.2458554e+02   4.7000000e+01  -2.2000000e+02  -2.2524184e+01
  -8.0000000e+00   1.1451623e+01   4.7593346e+01   2.2110911e+02   4.7000000e+01  -2.2000000e+02  -1.4689611e+01
  -8.0000000e+00   9.9174413e+00   4.3354390e+01   2.1764080e+02   4.7000000e+01  -2.2000000e+02  -6.9555283e+00
  -8.0000000e+00   9.9800702e+00   3.9983995e+01   2.1356595e+02   4.7000000e+01  -2.2000000e+02   1.8456210e+00
  -8.0000000e+00   9.9676129e+00   3.7616965e+01   2.0970080e+02   4.7000000e+01  -2.2000000e+02   9.4175349e+00
  -8.0000000e+00   9.7043398e+00   3.4913953e+01   2.0675841e+02   4.7000000e+01  -2.2000000e+02   1.5768966e+01
  -8.0000000e+00   9.0672427e+00   3.3881230e+01   2.0390244e+02   4.7000000e+01  -2.2000000e+02   2.2351779e+01
  -8.0000000e+00   7.3240377e+00   3.3142699e+01   2.0104551e+02   4.7000000e+01  -2.2000000e+02   2.8010233e+01
  -8.0000000e+00   7.3954296e+00   3.1187492e+01   1.9854653e+02   4.7000000e+01  -2.2000000e+02   3.3508162e+01
  -8.0000000e+00   8.8167247e+00   2.8139022e+01   1.9582493e+02   4.7000000e+01  -2.2000000e+02   3.7816450e+01
  -8.0000000e+00   8.8632299e+00   2.6693649e+01   1.9379030e+02   4.7000000e+01  -2.2000000e+02   4.2438808e+01
  -8.0000000e+00   1.0866455e+01   2.3842612e+01   1.9163580e+02   4.7000000e+01  -2.2000000e+02   4.6723253e+01
  -8.0000000e+00   1.2321817e+01   1.8954610e+01   1.9036307e+02   4.7000000e+01  -2.2000000e+02   5.0307850e+01
  -8.0000000e+00   1.1973539e+01   1.6302421e+01   1.8992967e+02   4.7000000e+01  -2.2000000e+02   5.3858591e+01
  -8.0000000e+00   1.5296417e+01   8.2271339e+00   1.9225064e+02   4.7000000e+01  -2.2000000e+02   5.5126683e+01
  -8.0000000e+00   1.4795083e+01   6.4938876e+00   1.9459406e+02   4.7000000e+01  -2.2000000e+02   5.6547089e+01
  -8.0000000e+00   1.2693765e+01   7.0100128e+00   1.9660896e+02   4.7000000e+01  -2.2000000e+02   5.8340447e+01
  -8.0000000e+00   1.3694976e+01   5.6839605e+00   1.9848495e+02   4.7000000e+01  -2.2000000e+02   6.0293391e+01
  -8.0000000e+00   1.4108089e+01   6.4468863e+00   1.9995573e+02   4.7000000e+01  -2.2000000e+02   6.2714905e+01
  -8.0000000e+00   1.1775909e+01   6.6242873e+00   2.0116487e+02   4.7000000e+01  -2.2000000e+02   6.5578566e+01
  -8.0000000e+00   1.2063098e+01   8.8915951e+00   2.0074000e+02   4.7000000e+01  -2.2000000e+02   7.0203928e+01
  -8.0000000e+00   1.1390271e+01   1.1952107e+01   1.9926109e+02   4.7000000e+01  -2.2000000e+02   7.5197647e+01
  -8.0000000e+00   9.4125388e+00   1.6616008e+01   1.9556182e+02   4.7000000e+01  -2.2000000e+02   8.0698668e+01
  -8.0000000e+00   7.6850630e+00   1.8110070e+01   1.9256798e+02   4.7000000e+01  -2.2000000e+02   8.3135904e+01
  -8.0000000e+00   1.3824222e+01   1.3057033e+01   1.9104593e+02   4.7000000e+01  -2.2000000e+02   8.1664144e+01
  -8.0000000e+00   1.0481122e+01   1.6148879e+01   1.8354072e+02   4.7000000e+01  -2.2000000e+02   7.4236365e+01
  -8.0000000e+00   3.6718926e+00   1.9332074e+01   1.7430353e+02   4.7000000e+01  -2.2000000e+02   6.3076173e+01
  -8.0000000e+00   2.9568741e+00   2.2936454e+01   1.6478176e+02   4.7000000e+01  -2.2000000e+02   5.1050140e+01
  -8.0000000e+00   2.7658461e+00   2.7179682e+01   1.5920005e+02   4.7000000e+01  -2.2000000e+02   3.8757132e+01
  -8.0000000e+00   4.3527667e+00   3.3248460e+01   1.6264393e+02   4.7000000e+01  -2.2000000e+02   2.6819195e+01
  -8.0000000e+00   5.3173692e+00   3.8152185e+01   1.6954065e+02   4.7000000e+01  -2.2000000e+02   1.5580991e+01
  -8.0000000e+00   7.2299488e+00   4.2704984e+01   1.7754499e+02   4.7000000e+01  -2.2000000e+02   5.1180897e+00
  -8.0000000e+00   6.2072107e+00   4.7572259e+01   1.8732201e+02   4.7000000e+01  -2.2000000e+02  -4.8305949e+00
  -8.0000000e+00   6.4545592e+00   5.1078989e+01   1.9781259e+02   4.7000000e+01  -2.2000000e+02  -1.4001781e+01
  -8.0000000e+00   5.7208006e+00   5.2406628e+01   2.0929380e+02   4.7000000e+01  -2.2000000e+02  -2.2178100e+01
  -8.0000000e+00   7.5933895e+00   5.4094430e+01   2.2114857e+02   4.7000000e+01  -2.2000000e+02  -2.5478929e+01
  -8.0000000e+00   8.1440478e+00   5.6357305e+01   2.2910259e+02   4.7000000e+01  -2.2000000e+02  -2.9683225e+01
  -8.0000000e+00   7.9581125e+00   5.6040492e+01   2.2946927e+02   4.7000000e+01  -2.2000000e+02  -2.8228290e+01
  -8.0000000e+00   8.5813252e+00   5.3538763e+01   2.2706711e+02   4.7000000e+01  -2.2000000e+02  -2.3658699e+01
  -8.0000000e+00   9.6644312e+00   4.9663969e+01   2.2312904e+02   4.7000000e+01  -2.2000000e+02  -1.5457476e+01
  -8.0000000e+00   1.1404131e+01   4.4319977e+01   2.1838363e+02   4.7000000e+01  -2.2000000e+02  -6.8525798e+00
  -8.0000000e+00   9.7666000e+00   4.2155442e+01   2.1511494e+02   4.7000000e+01  -2.2000000e+02   2.7605665e+00
  -8.0000000e+00   9.9827015e+00   3.9280397e+01   2.1049941e+02   4.7000000e+01  -2.2000000e+02   1.0327440e+01
  -8.0000000e+00   9.5098142e+00   3.6400022e+01   2.0719526e+02   4.7000000e+01  -2.2000000e+02   1.6924883e+01
  -8.0000000e+00   8.4959299e+00   3.4868559e+01   2.0372615e+02   4.7000000e+01  -2.2000000e+02   2.3366572e+01
  -8.0000000e+00   1.0392639e+01   3.2116681e+01   1.9972589e+02   4.7000000e+01  -2.2000000e+02   2.8115116e+01
  -8.0000000e+00   8.0902188e+00   3.1488587e+01   1.9834465e+02   4.7000000e+01  -2.2000000e+02   3.3846257e+01
  -8.0000000e+00   1.0736801e+01   2.8734987e+01   1.9586926e+02   4.7000000e+01  -2.2000000e+02   3.8092913e+01
  -8.0000000e+00   1.0410434e+01   2.6903319e+01   1.9355797e+02   4.7000000e+01  -2.2000000e+02   4.1666396e+01
  -8.0000000e+00   1.1423524e+01   2.4899018e+01   1.9135400e+02   4.7000000e+01  -2.2000000e+02   4.5328739e+01
  -8.0000000e+00   1.1125795e+01   2.2141099e+01   1.9074091e+02   4.7000000e+01  -2.2000000e+02   4.9129842e+01
  -8.0000000e+00   1.0735726e+01   2.0987716e+01   1.9029683e+02   4.7000000e+01  -2.2000000e+02   5.3160879e+01
  -8.0000000e+00   1.1032159e+01   1.8376101e+01   1.9021070e+02   4.7000000e+01  -2.2000000e+02   5.6614008e+01
  -8.0000000e+00   1.2887277e+01   1.4778297e+01   1.9069374e+02   4.7000000e+01  -2.2000000e+02   5.9518387e+01
  -8.0000000e+00   1.3658769e+01   1.3269339e+01   1.9135734e+02   4.7000000e+01  -2.2000000e+02   6.2394022e+01
  -8.0000000e+00   1.3146354e+01   1.3447228e+01   1.9176961e+02   4.7000000e+01  -2.2000000e+02   6.5488296e+01
  -8.0000000e+00   1.4039495e+01   8.5695953e+00   1.9342110e+02   4.7000000e+01  -2.2000000e+02   6.7009675e+01
  -8.0000000e+00   1.0858225e+01   1.1432554e+01   1.9353820e+02   4.7000000e+01  -2.2000000e+02   7.0431103e+01
  -8.0000000e+00   1.3868396e+01   9.1489448e+00   1.9452327e+02   4.7000000e+01  -2.2000000e+02   7.2564823e+01
  -8.0000000e+00   6.8896581e+00   1.4415832e+01   1.9188035e+02   4.7000000e+01  -2.2000000e+02   7.7418225e+01
  -8.0000000e+00   1.0460097e+01   1.2936831e+01   1.9077729e+02   4.7000000e+01  -2.2000000e+02   7.9574667e+01
  -8.0000000e+00   1.0094832e+01   1.6480426e+01   1.8711127e+02   4.7000000e+01  -2.2000000e+02   8.1178531e+01
  -8.0000000e+00   7.0815118e+00   1.8671027e+01   1.8047058e+02   4.7000000e+01  -2.2000000e+02   7.4302721e+01
  -8.0000000e+00   9.0445625e+00   2.0193727e+01   1.7121501e+02   4.7000000e+01  -2.2000000e+02   6.3724383e+01
  -8.0000000e+00   1.0902707e+01   2.5117521e+01   1.6133643e+02   4.7000000e+01  -2.2000000e+02   5.2112689e+01
  -8.0000000e+00   7.6267744e+00   2.8929680e+01   1.5578942e+02   4.7000000e+01  -2.2000000e+02   3.9846091e+01
  -8.0000000e+00   7.0753868e+00   3.2210959e+01   1.5947867e+02   4.7000000e+01  -2.2000000e+02   2.8051891e+01
  -8.0000000e+00   9.9334855e-01   3.5456554e+01   1.6728255e+02   4.7000000e+01  -2.2000000e+02   1.6602544e+01
  -8.0000000e+00   4.3741238e-01   3.9231432e+01   1.7561057e+02   4.7000000e+01  -2.2000000e+02   5.8684215e+00
  -8.0000000e+00  -9.7125398e-01   4.2124836e+01   1.8312311e+02   4.7000000e+01  -2.2000000e+02  -4.3695841e+00
  -8.0000000e+00  -1.1023122e+00   4.6125710e+01   1.9089912e+02   4.7000000e+01  -2.2000000e+02  -1.4501793e+01
  -8.0000000e+00  -1.9642960e-01   5.0698758e+01   1.9887880e+02   4.7000000e+01  -2.2000000e+02  -2.4039799e+01
  -8.0000000e+00  -2.6512031e-01   5.5003070e+01   2.0867230e+02   4.7000000e+01  -2.2000000e+02  -3.2693871e+01
  -8.0000000e+00   1.8774404e+00   5.5923297e+01   2.1994163e+02   4.7000000e+01  -2.2000000e+02  -3.8940059e+01
  -8.0000000e+00   4.3483883e+00   5.6621770e+01   2.3144966e+02   4.7000000e+01  -2.2000000e+02  -4.1696377e+01
  -8.0000000e+00   3.6199972e+00   5.8865112e+01   2.3804689e+02   4.7000000e+01  -2.2000000e+02  -4.6281426e+01
  -8.0000000e+00   5.3949236e+00   5.7430369e+01   2.3808667e+02   4.7000000e+01  -2.2000000e+02  -4.7093317e+01
  -8.0000000e+00   7.0890566e+00   5.4001289e+01   2.3486342e+02   4.7000000e+01  -2.2000000e+02  -4.1979947e+01
  -8.0000000e+00   9.5017832e+00   4.7858962e+01   2.2953734e+02   4.7000000e+01  -2.2000000e+02  -3.4526217e+01
  -8.0000000e+00   9.1263989e+00   4.3738793e+01   2.2579210e+02   4.7000000e+01  -2.2000000e+02  -2.5537612e+01
  -8.0000000e+00   9.4168425e+00   3.9829042e+01   2.2130351e+02   4.7000000e+01  -2.2000000e+02  -1.6705494e+01
  -8.0000000e+00   9.2943176e+00   3.5884219e+01   2.1644027e+02   4.7000000e+01  -2.2000000e+02  -7.6636633e+00
  -8.0000000e+00   7.8244403e+00   3.3758610e+01   2.1318604e+02   4.7000000e+01  -2.2000000e+02   1.0884881e+00
  -8.0000000e+00   4.6609446e+00   3.2921555e+01   2.1114502e+02   4.7000000e+01  -2.2000000e+02   7.6149605e+00
  -8.0000000e+00   4.6536096e+00   3.0229950e+01   2.0745607e+02   4.7000000e+01  -2.2000000e+02   1.3612938e+01
  -8.0000000e+00   4.7261246e+00   2.8368630e+01   2.0438740e+02   4.7000000e+01  -2.2000000e+02   1.9615343e+01
  -8.0000000e+00   4.1109637e+00   2.6579933e+01   2.0125406e+02   4.7000000e+01  -2.2000000e+02   2.5413198e+01
  -8.0000000e+00   2.4865799e+00   2.5358470e+01   1.9906331e+02   4.7000000e+01  -2.2000000e+02   2.8931280e+01
  -8.0000000e+00   1.3668882e+00   2.4112802e+01   1.9692807e+02   4.7000000e+01  -2.2000000e+02   3.2589180e+01
  -8.0000000e+00   1.2245294e+00   2.2798317e+01   1.9499680e+02   4.7000000e+01  -2.2000000e+02   3.6392713e+01
  -8.0000000e+00   3.5725593e+00   2.0705359e+01   1.9337764e+02   4.7000000e+01  -2.2000000e+02   4.0982226e+01
  -8.0000000e+00   5.7022401e+00   1.6581035e+01   1.9249656e+02   4.7000000e+01  -2.2000000e+02   4.4287013e+01
  -8.0000000e+00   8.9985785e+00   1.5689205e+01   1.9116551e+02   4.7000000e+01  -2.2000000e+02   4.8097167e+01
  -8.0000000e+00   1.0904211e+01   1.4937335e+01   1.8980309e+02   4.7000000e+01  -2.2000000e+02   5.1804626e+01
  -8.0000000e+00   1.4106044e+01   1.2661676e+01   1.8872781e+02   4.7000000e+01  -2.2000000e+02   5.4747067e+01
  -8.0000000e+00   1.0987021e+01   1.4952212e+01   1.8617298e+02   4.7000000e+01  -2.2000000e+02   5.7076647e+01
  -8.0000000e+00   8.7025489e+00   1.6330426e+01   1.8186006e+02   4.7000000e+01  -2.2000000e+02   5.7171185e+01
  -8.0000000e+00   4.1931525e+00   2.0376671e+01   1.7308340e+02   4.7000000e+01  -2.2000000e+02   5.0265027e+01
  -8.0000000e+00   8.2403749e+00   2.4814932e+01   1.6333629e+02   4.7000000e+01  -2.2000000e+02   4.1428277e+01
  -8.0000000e+00   1.0408992e+01   2.7302064e+01   1.5535270e+02   4.7000000e+01  -2.2000000e+02   3.0483378e+01
  -8.0000000e+00   6.0198578e+00   3.1648153e+01   1.5850481e+02   4.7000000e+01  -2.2000000e+02   1.9012554e+01
  -8.0000000e+00   8.7063197e+00   3.7253678e+01   1.6405153e+02   4.7000000e+01  -2.2000000e+02   9.6753122e+00
  -8.0000000e+00   5.4692676e+00   4.0977530e+01   1.7208215e+02   4.7000000e+01  -2.2000000e+02  -8.8353937e-01
  -8.0000000e+00   5.5606320e+00   4.6082355e+01   1.7970933e+02   4.7000000e+01  -2.2000000e+02  -1.0038409e+01
  -8.0000000e+00   8.7554366e+00   5.0339999e+01   1.8693497e+02   4.7000000e+01  -2.2000000e+02  -1.8316933e+01
  -8.0000000e+00   9.1324221e+00   5.3321766e+01   1.9427393e+02   4.7000000e+01  -2.2000000e+02  -2.6874467e+01
  -8.0000000e+00   8.7792578e+00   5.7795920e+01   2.0234903e+02   4.7000000e+01  -2.2000000e+02  -3.4259449e+01
  -8.0000000e+00   8.2433461e+00   6.2552415e+01   2.1123490e+02   4.7000000e+01  -2.2000000e+02  -4.1099887e+01
  -8.0000000e+00   7.4064237e+00   6.4208785e+01   2.2122062e+02   4.7000000e+01  -2.2000000e+02  -4.5579006e+01
  -8.0000000e+00   9.2786739e+00   6.5525788e+01   2.3095485e+02   4.7000000e+01  -2.2000000e+02  -4.2810772e+01
  -8.0000000e+00   9.0866071e+00   6.5727748e+01   2.3314662e+02   4.7000000e+01  -2.2000000e+02  -4.1791325e+01
  -8.0000000e+00   1.1277112e+01   6.2007676e+01   2.3054772e+02   4.7000000e+01  -2.2000000e+02  -3.7175069e+01
  -8.0000000e+00   1.3527892e+01   5.7041634e+01   2.2605231e+02   4.7000000e+01  -2.2000000e+02  -2.9572709e+01
  -8.0000000e+00   1.2366790e+01   5.3622263e+01   2.2235551e+02   4.7000000e+01  -2.2000000e+02  -2.0623063e+01
  -8.0000000e+00   1.3107005e+01   4.9531756e+01   2.1800438e+02   4.7000000e+01  -2.2000000e+02  -1.0737323e+01
  -8.0000000e+00   1.3483590e+01   4.4962073e+01   2.1351733e+02   4.7000000e+01  -2.2000000e+02  -5.9571569e-01
  -8.0000000e+00   1.2480830e+01   4.2344728e+01   2.0951747e+02   4.7000000e+01  -2.2000000e+02   8.6710974e+00
  -8.0000000e+00   1.1750417e+01   4.1200645e+01   2.0607007e+02   4.7000000e+01  -2.2000000e+02   1.6481770e+01
  -8.0000000e+00   9.9887397e+00   3.8655267e+01   2.0306629e+02   4.7000000e+01  -2.2000000e+02   2.4131831e+01
  -8.0000000e+00   9.9269660e+00   3.6841814e+01   1.9942566e+02   4.7000000e+01  -2.2000000e+02   2.8837561e+01
  -8.0000000e+00   9.3033690e+00   3.5721815e+01   1.9613649e+02   4.7000000e+01  -2.2000000e+02   3.2953803e+01
  -8.0000000e+00   9.0604990e+00   3.6099596e+01   1.9378615e+02   4.7000000e+01  -2.2000000e+02   3.6873739e+01
  -8.0000000e+00   1.0952705e+01   3.3234375e+01   1.9094598e+02   4.7000000e+01  -2.2000000e+02   4.2758639e+01
  -8.0000000e+00   1.1519876e+01   3.1203657e+01   1.8808810e+02   4.7000000e+01  -2.2000000e+02   4.6225238e+01
  -8.0000000e+00   1.2726777e+01   2.8863103e+01   1.8605756e+02   4.7000000e+01  -2.2000000e+02   4.9948630e+01
  -8.0000000e+00   1.0533652e+01   2.8382957e+01   1.8479154e+02   4.7000000e+01  -2.2000000e+02   5.3404767e+01
  -8.0000000e+00   1.1415355e+01   2.6084939e+01   1.8406237e+02   4.7000000e+01  -2.2000000e+02   5.6291450e+01
  -8.0000000e+00   1.2475280e+01   2.3506552e+01   1.8410897e+02   4.7000000e+01  -2.2000000e+02   5.9609745e+01
  -8.0000000e+00   1.4665241e+01   1.7731746e+01   1.8434396e+02   4.7000000e+01  -2.2000000e+02   6.2450621e+01
  -8.0000000e+00   1.4059333e+01   1.7909729e+01   1.8401149e+02   4.7000000e+01  -2.2000000e+02   6.5440989e+01
  -8.0000000e+00   1.4453518e+01   1.7906039e+01   1.8368693e+02   4.7000000e+01  -2.2000000e+02   6.8471325e+01
  -8.0000000e+00   1.4620276e+01   1.7965623e+01   1.8333275e+02   4.7000000e+01  -2.2000000e+02   7.1605147e+01
  -8.0000000e+00   1.5178499e+01   1.5046924e+01   1.8371995e+02   4.7000000e+01  -2.2000000e+02   7.4404871e+01
  -8.0000000e+00   1.1718976e+01   1.7405105e+01   1.8384613e+02   4.7000000e+01  -2.2000000e+02   7.7737048e+01
  -8.0000000e+00   1.2029057e+01   1.9049809e+01   1.8400798e+02   4.7000000e+01  -2.2000000e+02   8.1069831e+01
  -8.0000000e+00   1.1742521e+01   2.0688941e+01   1.8416356e+02   4.7000000e+01  -2.2000000e+02   8.4271216e+01
  -8.0000000e+00   1.3535718e+01   2.1346100e+01   1.8425762e+02   4.7000000e+01  -2.2000000e+02   8.5938468e+01
  -8.0000000e+00   1.4889674e+01   2.1644995e+01   1.8379154e+02   4.7000000e+01  -2.2000000e+02   8.6428118e+01
  -8.0000000e+00   1.5644196e+01   2.0069844e+01   1.8348119e+02   4.7000000e+01  -2.2000000e+02   8.6340481e+01
  -8.0000000e+00   1.5373458e+01   1.7206201e+01   1.8307255e+02   4.7000000e+01  -2.2000000e+02   8.5518349e+01
  -8.0000000e+00   1.5031401e+01   1.8186737e+01   1.7904465e+02   4.7000000e+01  -2.2000000e+02   7.9319787e+01
  -8.0000000e+00   1.4109615e+01   1.8507927e+01   1.7219724e+02   4.7000000e+01  -2.2000000e+02   7.1053055e+01
  -8.0000000e+00   1.0797891e+01   2.0691931e+01   1.6492797e+02   4.7000000e+01  -2.2000000e+02   6.1034111e+01
  -8.0000000e+00   3.6376556e+00   1.9762006e+01   1.6721638e+02   4.7000000e+01  -2.2000000e+02   5.1275895e+01
  -8.0000000e+00   2.5805594e+00   2.6471161e+01   1.6512126e+02   4.7000000e+01  -2.2000000e+02   4.0054744e+01
  -8.0000000e+00   4.5695960e+00   3.0188010e+01   1.5829736e+02   4.7000000e+01  -2.2000000e+02   2.9196042e+01
  -8.0000000e+00   1.0401214e+01   2.9450104e+01   1.5185216e+02   4.7000000e+01  -2.2000000e+02   1.8334545e+01
  -8.0000000e+00   1.2788083e+01   3.0674580e+01   1.5110679e+02   4.7000000e+01  -2.2000000e+02   8.1384794e+00
  -8.0000000e+00   1.1178375e+01   3.5517183e+01   1.5677807e+02   4.7000000e+01  -2.2000000e+02  -7.9728170e-01
  -8.0000000e+00   1.0211340e+01   4.1698714e+01   1.6535410e+02   4.7000000e+01  -2.2000000e+02  -6.8184488e+00
  -8.0000000e+00   9.4464288e+00   4.7334079e+01   1.7499811e+02   4.7000000e+01  -2.2000000e+02  -1.4638237e+01
  -8.0000000e+00   8.8677542e+00   5.3257103e+01   1.8592057e+02   4.7000000e+01  -2.2000000e+02  -2.1639395e+01
  -8.0000000e+00   1.0014603e+01   5.7792224e+01   1.9771952e+02   4.7000000e+01  -2.2000000e+02  -2.4166385e+01
  -8.0000000e+00   1.0791942e+01   5.7861452e+01   2.1021460e+02   4.7000000e+01  -2.2000000e+02  -2.3533003e+01
  -8.0000000e+00   1.1431491e+01   6.0688591e+01   2.2143608e+02   4.7000000e+01  -2.2000000e+02  -2.7095689e+01
  -8.0000000e+00   1.0874550e+01   6.1801311e+01   2.2657684e+02   4.7000000e+01  -2.2000000e+02  -3.0612578e+01
  -8.0000000e+00   1.2335294e+01   6.0907652e+01   2.2586471e+02   4.7000000e+01  -2.2000000e+02  -2.8230261e+01
  -8.0000000e+00   1.1416175e+01   5.8652111e+01   2.2345023e+02   4.7000000e+01  -2.2000000e+02  -2.2565071e+01
  -8.0000000e+00   1.2041405e+01   5.6223349e+01   2.2061683e+02   4.7000000e+01  -2.2000000e+02  -1.6834812e+01
  -8.0000000e+00   1.1900037e+01   5.4182799e+01   2.1871197e+02   4.7000000e+01  -2.2000000e+02  -1.0843978e+01
  -8.0000000e+00   1.2063904e+01   5.2329429e+01   2.1715837e+02   4.7000000e+01  -2.2000000e+02  -5.9605155e+00
  -8.0000000e+00   1.3080282e+01   4.9196462e+01   2.1355218e+02   4.7000000e+01  -2.2000000e+02  -5.5283231e-02
  -8.0000000e+00   1.2050492e+01   4.8092264e+01   2.1006656e+02   4.7000000e+01  -2.2000000e+02   5.9897701e+00
  -8.0000000e+00   1.3078506e+01   4.5466213e+01   2.0608099e+02   4.7000000e+01  -2.2000000e+02   1.2555791e+01
  -8.0000000e+00   1.3412663e+01   4.2443958e+01   2.0299283e+02   4.7000000e+01  -2.2000000e+02   1.8086684e+01
  -8.0000000e+00   1.3585605e+01   4.0527532e+01   1.9910933e+02   4.7000000e+01  -2.2000000e+02   2.5144972e+01
  -8.0000000e+00   1.4990521e+01   3.8319723e+01   1.9571552e+02   4.7000000e+01  -2.2000000e+02   3.1135123e+01
  -8.0000000e+00   1.3828112e+01   3.5925118e+01   1.9210945e+02   4.7000000e+01  -2.2000000e+02   3.6650228e+01
  -8.0000000e+00   9.3288545e+00   3.6338554e+01   1.8962783e+02   4.7000000e+01  -2.2000000e+02   4.2968439e+01
  -8.0000000e+00   1.1906889e+01   3.4072973e+01   1.8640221e+02   4.7000000e+01  -2.2000000e+02   4.6829075e+01
  -8.0000000e+00   1.3364132e+01   3.0973841e+01   1.8396877e+02   4.7000000e+01  -2.2000000e+02   5.1459769e+01
  -8.0000000e+00   1.4567215e+01   2.7375959e+01   1.8291705e+02   4.7000000e+01  -2.2000000e+02   5.5535758e+01
  -8.0000000e+00   1.3605319e+01   2.4362735e+01   1.8275354e+02   4.7000000e+01  -2.2000000e+02   5.9119382e+01
  -8.0000000e+00   1.4891622e+01   1.7557353e+01   1.8300175e+02   4.7000000e+01  -2.2000000e+02   6.2328159e+01
  -8.0000000e+00   1.3574223e+01   1.7497302e+01   1.8296335e+02   4.7000000e+01  -2.2000000e+02   6.6168422e+01
  -8.0000000e+00   1.3286699e+01   1.8658542e+01   1.8137359e+02   4.7000000e+01  -2.2000000e+02   7.1048124e+01
  -8.0000000e+00   1.3844523e+01   1.6916854e+01   1.8020099e+02   4.7000000e+01  -2.2000000e+02   7.4250185e+01
  -8.0000000e+00   1.3270393e+01   1.8918368e+01   1.7727747e+02   4.7000000e+01  -2.2000000e+02   7.5470590e+01
  -8.0000000e+00   1.2795924e+01   1.9901459e+01   1.6918277e+02   4.7000000e+01  -2.2000000e+02   6.6923278e+01
  -8.0000000e+00   1.3179738e+01   2.1993688e+01   1.5965694e+02   4.7000000e+01  -2.2000000e+02   5.6218070e+01
  -8.0000000e+00   1.1567095e+01   2.5837143e+01   1.5090287e+02   4.7000000e+01  -2.2000000e+02   4.4505173e+01
  -8.0000000e+00   1.0971442e+01   2.9841737e+01   1.4987078e+02   4.7000000e+01  -2.2000000e+02   3.3014382e+01
  -8.0000000e+00   8.0343129e+00   3.3102923e+01   1.5593298e+02   4.7000000e+01  -2.2000000e+02   2.1741068e+01
  -8.0000000e+00   5.9687222e+00   3.8357909e+01   1.6381165e+02   4.7000000e+01  -2.2000000e+02   1.1021805e+01
  -8.0000000e+00   6.1032368e+00   4.2722577e+01   1.7149949e+02   4.7000000e+01  -2.2000000e+02   1.3611257e+00
  -8.0000000e+00   6.4998992e+00   4.7080552e+01   1.7998328e+02   4.7000000e+01  -2.2000000e+02  -8.0778029e+00
  -8.0000000e+00   4.6932811e+00   5.2274303e+01   1.8870417e+02   4.7000000e+01  -2.2000000e+02  -1.7166734e+01
  -8.0000000e+00   4.5078421e+00   5.6804482e+01   1.9852432e+02   4.7000000e+01  -2.2000000e+02  -2.5682345e+01
  -8.0000000e+00   4.7198493e+00   5.9462687e+01   2.0965314e+02   4.7000000e+01  -2.2000000e+02  -3.2258468e+01
  -8.0000000e+00   6.0906525e+00   6.1003799e+01   2.2117255e+02   4.7000000e+01  -2.2000000e+02  -3.6515028e+01
  -8.0000000e+00   9.1192137e+00   6.2451453e+01   2.3088814e+02   4.7000000e+01  -2.2000000e+02  -3.9339547e+01
  -8.0000000e+00   9.0604712e+00   6.2074535e+01   2.3223503e+02   4.7000000e+01  -2.2000000e+02  -3.9015720e+01
  -8.0000000e+00   9.3031920e+00   5.9905598e+01   2.3021194e+02   4.7000000e+01  -2.2000000e+02  -3.4591432e+01
  -8.0000000e+00   1.0058614e+01   5.6059906e+01   2.2713042e+02   4.7000000e+01  -2.2000000e+02  -2.7712592e+01
  -8.0000000e+00   9.5304899e+00   5.2890452e+01   2.2436788e+02   4.7000000e+01  -2.2000000e+02  -1.9780846e+01
  -8.0000000e+00   1.0286830e+01   4.9204027e+01   2.2056466e+02   4.7000000e+01  -2.2000000e+02  -1.1718886e+01
  -8.0000000e+00   1.1856551e+01   4.4962106e+01   2.1556676e+02   4.7000000e+01  -2.2000000e+02  -2.9196926e+00
  -8.0000000e+00   1.0916187e+01   4.2777711e+01   2.1220498e+02   4.7000000e+01  -2.2000000e+02   4.9775806e+00
  -8.0000000e+00   1.1139709e+01   4.0451296e+01   2.0835340e+02   4.7000000e+01  -2.2000000e+02   1.1273967e+01
  -8.0000000e+00   8.7828559e+00   3.9343528e+01   2.0629416e+02   4.7000000e+01  -2.2000000e+02   1.6317549e+01
  -8.0000000e+00   6.9781594e+00   3.8700596e+01   2.0393746e+02   4.7000000e+01  -2.2000000e+02   2.2078763e+01
  -8.0000000e+00   7.4463512e+00   3.7291819e+01   2.0118986e+02   4.7000000e+01  -2.2000000e+02   2.7541505e+01
  -8.0000000e+00   5.9170521e+00   3.6303583e+01   1.9887580e+02   4.7000000e+01  -2.2000000e+02   3.1249033e+01
  -8.0000000e+00   8.6164891e+00   3.3246952e+01   1.9554309e+02   4.7000000e+01  -2.2000000e+02   3.6319531e+01
  -8.0000000e+00   1.0185848e+01   3.0217278e+01   1.9160264e+02   4.7000000e+01  -2.2000000e+02   4.1067502e+01
  -8.0000000e+00   1.1688725e+01   2.6750583e+01   1.8883153e+02   4.7000000e+01  -2.2000000e+02   4.4793808e+01
  -8.0000000e+00   9.4969280e+00   2.5211496e+01   1.8704884e+02   4.7000000e+01  -2.2000000e+02   4.8923477e+01
  -8.0000000e+00   1.0643370e+01   2.1786776e+01   1.8610374e+02   4.7000000e+01  -2.2000000e+02   5.2470924e+01
  -8.0000000e+00   1.0624057e+01   2.0484679e+01   1.8584915e+02   4.7000000e+01  -2.2000000e+02   5.6461598e+01
  -8.0000000e+00   9.7973398e+00   2.0523516e+01   1.8588485e+02   4.7000000e+01  -2.2000000e+02   6.0662604e+01
  -8.0000000e+00   1.1284167e+01   1.8845263e+01   1.8595755e+02   4.7000000e+01  -2.2000000e+02   6.4354675e+01
  -8.0000000e+00   1.3970015e+01   1.3810161e+01   1.8646392e+02   4.7000000e+01  -2.2000000e+02   6.7273933e+01
  -8.0000000e+00   1.4482048e+01   1.1477862e+01   1.8745230e+02   4.7000000e+01  -2.2000000e+02   6.9909575e+01
  -8.0000000e+00   1.2146714e+01   1.2485372e+01   1.8849328e+02   4.7000000e+01  -2.2000000e+02   7.2820928e+01
  -8.0000000e+00   1.0329662e+01   1.5955758e+01   1.8864868e+02   4.7000000e+01  -2.2000000e+02   7.6712908e+01
  -8.0000000e+00   1.1112606e+01   1.4601843e+01   1.8935498e+02   4.7000000e+01  -2.2000000e+02   7.9735705e+01
  -8.0000000e+00   1.1783895e+01   1.4270818e+01   1.9038902e+02   4.7000000e+01  -2.2000000e+02   8.2158089e+01
  -8.0000000e+00   1.2635362e+01   1.2894810e+01   1.9146572e+02   4.7000000e+01  -2.2000000e+02   8.4060324e+01
  -8.0000000e+00   1.1721516e+01   1.4469408e+01   1.9214158e+02   4.7000000e+01  -2.2000000e+02   8.5542353e+01
  -8.0000000e+00   1.1680638e+01   1.8646886e+01   1.8973059e+02   4.7000000e+01  -2.2000000e+02   8.7274104e+01
  -8.0000000e+00   1.1787476e+01   2.0404716e+01   1.8764448e+02   4.7000000e+01  -2.2000000e+02   8.7705169e+01
  -8.0000000e+00   1.4232963e+01   1.7625655e+01   1.8632112e+02   4.7000000e+01  -2.2000000e+02   8.6696695e+01
  -8.0000000e+00   1.2923642e+01   1.8233013e+01   1.8384631e+02   4.7000000e+01  -2.2000000e+02   8.2686484e+01
  -8.0000000e+00   1.0609268e+01   1.8064234e+01   1.7659490e+02   4.7000000e+01  -2.2000000e+02   7.3305894e+01
  -8.0000000e+00   6.3661217e+00   2.0549789e+01   1.6789885e+02   4.7000000e+01  -2.2000000e+02   6.2315603e+01
  -8.0000000e+00   4.5422784e+00   2.3434479e+01   1.5940060e+02   4.7000000e+01  -2.2000000e+02   5.0307679e+01
  -8.0000000e+00   3.5682872e+00   2.5103900e+01   1.5585718e+02   4.7000000e+01  -2.2000000e+02   3.8133506e+01
  -8.0000000e+00   2.5030779e+00   2.5734153e+01   1.5784360e+02   4.7000000e+01  -2.2000000e+02   2.6304967e+01
  -8.0000000e+00  -1.1589029e+00   3.0724102e+01   1.6449777e+02   4.7000000e+01  -2.2000000e+02   1.5182686e+01
  -8.0000000e+00  -2.1429908e+00   3.6341821e+01   1.7319490e+02   4.7000000e+01  -2.2000000e+02   5.6999582e+00
  -8.0000000e+00  -3.4596948e-01   4.1449121e+01   1.8153144e+02   4.7000000e+01  -2.2000000e+02  -3.6083378e+00
  -8.0000000e+00  -5.6293871e-01   4.5752218e+01   1.9062888e+02   4.7000000e+01  -2.2000000e+02  -1.2702332e+01
  -8.0000000e+00  -2.3975774e+00   5.1004835e+01   1.9864896e+02   4.7000000e+01  -2.2000000e+02  -2.1802800e+01
  -8.0000000e+00   1.0473057e+00   5.5921023e+01   2.0730279e+02   4.7000000e+01  -2.2000000e+02  -2.9080416e+01
  -8.0000000e+00   2.4348427e+00   5.8663109e+01   2.1755292e+02   4.7000000e+01  -2.2000000e+02  -3.4689825e+01
  -8.0000000e+00   4.2168270e+00   6.0848754e+01   2.2799056e+02   4.7000000e+01  -2.2000000e+02  -3.6361179e+01
  -8.0000000e+00   5.2696319e+00   6.1739361e+01   2.3213371e+02   4.7000000e+01  -2.2000000e+02  -3.7234476e+01
  -8.0000000e+00   6.1103093e+00   5.9630489e+01   2.3134330e+02   4.7000000e+01  -2.2000000e+02  -3.4711170e+01
  -8.0000000e+00   7.2904569e+00   5.6516627e+01   2.2888751e+02   4.7000000e+01  -2.2000000e+02  -2.8847236e+01
  -8.0000000e+00   6.9664682e+00   5.4061090e+01   2.2599821e+02   4.7000000e+01  -2.2000000e+02  -2.2072511e+01
  -8.0000000e+00   7.2689657e+00   5.0352865e+01   2.2334672e+02   4.7000000e+01  -2.2000000e+02  -1.4118952e+01
  -8.0000000e+00   8.0313165e+00   4.5661504e+01   2.2001760e+02   4.7000000e+01  -2.2000000e+02  -6.4907277e+00
  -8.0000000e+00   7.0050423e+00   4.3767126e+01   2.1780692e+02   4.7000000e+01  -2.2000000e+02   2.1528997e-01
  -8.0000000e+00   7.8088916e+00   4.0885593e+01   2.1443017e+02   4.7000000e+01  -2.2000000e+02   6.6808939e+00
  -8.0000000e+00   7.4585838e+00   3.8863838e+01   2.1119087e+02   4.7000000e+01  -2.2000000e+02   1.2407115e+01
  -8.0000000e+00   6.0652830e+00   3.7028221e+01   2.0910767e+02   4.7000000e+01  -2.2000000e+02   1.6875959e+01
  -8.0000000e+00   6.3266164e+00   3.5139398e+01   2.0613817e+02   4.7000000e+01  -2.2000000e+02   2.1977097e+01
  -8.0000000e+00   4.8349767e+00   3.5583871e+01   2.0422794e+02   4.7000000e+01  -2.2000000e+02   2.6154497e+01
  -8.0000000e+00   2.3525270e+00   3.5736202e+01   2.0255555e+02   4.7000000e+01  -2.2000000e+02   3.0451221e+01
  -8.0000000e+00   5.4397933e+00   3.2617071e+01   1.9827165e+02   4.7000000e+01  -2.2000000e+02   3.6238362e+01
  -8.0000000e+00   7.0691149e+00   2.9953036e+01   1.9501539e+02   4.7000000e+01  -2.2000000e+02   4.0852313e+01
  -8.0000000e+00   9.0851268e+00   2.6478159e+01   1.9219506e+02   4.7000000e+01  -2.2000000e+02   4.4647722e+01
  -8.0000000e+00   5.8363782e+00   2.7092966e+01   1.9048203e+02   4.7000000e+01  -2.2000000e+02   4.9531169e+01
  -8.0000000e+00   8.1539234e+00   2.5108521e+01   1.8896004e+02   4.7000000e+01  -2.2000000e+02   5.3981144e+01
  -8.0000000e+00   9.9191961e+00   2.0641919e+01   1.8826904e+02   4.7000000e+01  -2.2000000e+02   5.7802916e+01
  -8.0000000e+00   1.0539030e+01   2.0109243e+01   1.8726446e+02   4.7000000e+01  -2.2000000e+02   6.2134391e+01
  -8.0000000e+00   1.2632707e+01   1.5255322e+01   1.8765672e+02   4.7000000e+01  -2.2000000e+02   6.4849111e+01
  -8.0000000e+00   1.4574415e+01   8.6367900e+00   1.8945196e+02   4.7000000e+01  -2.2000000e+02   6.6450254e+01
  -8.0000000e+00   1.0132723e+01   1.3403131e+01   1.8827551e+02   4.7000000e+01  -2.2000000e+02   7.1680579e+01
  -8.0000000e+00   9.9609671e+00   1.6170047e+01   1.8658889e+02   4.7000000e+01  -2.2000000e+02   7.6227829e+01
  -8.0000000e+00   9.9279475e+00   1.7200244e+01   1.8526398e+02   4.7000000e+01  -2.2000000e+02   7.9763913e+01
  -8.0000000e+00   1.3017484e+01   1.2280161e+01   1.8590306e+02   4.7000000e+01  -2.2000000e+02   8.1013126e+01
  -8.0000000e+00   9.8233387e+00   1.5962170e+01   1.8357535e+02   4.7000000e+01  -2.2000000e+02   8.2038268e+01
  -8.0000000e+00   9.5588116e+00   1.8717986e+01   1.7762408e+02   4.7000000e+01  -2.2000000e+02   7.5841539e+01
  -8.0000000e+00   8.3016338e+00   1.9796977e+01   1.7089545e+02   4.7000000e+01  -2.2000000e+02   6.7726619e+01
  -8.0000000e+00   8.2007317e+00   2.3203979e+01   1.6187332e+02   4.7000000e+01  -2.2000000e+02   5.6431985e+01
  -8.0000000e+00   8.4970470e+00   2.7996988e+01   1.5414787e+02   4.7000000e+01  -2.2000000e+02   4.4432793e+01
  -8.0000000e+00   7.8077654e+00   3.0469306e+01   1.5371979e+02   4.7000000e+01  -2.2000000e+02   3.2403378e+01
  -8.0000000e+00   3.2815881e+00   3.4253458e+01   1.6039686e+02   4.7000000e+01  -2.2000000e+02   2.0815862e+01
  -8.0000000e+00   2.5196879e+00   3.8539439e+01   1.6821246e+02   4.7000000e+01  -2.2000000e+02   1.0467037e+01
  -8.0000000e+00   3.6307998e+00   4.2600117e+01   1.7670696e+02   4.7000000e+01  -2.2000000e+02   3.3481493e-01
  -8.0000000e+00   2.8824660e+00   4.7325928e+01   1.8574068e+02   4.7000000e+01  -2.2000000e+02  -9.6792931e+00
  -8.0000000e+00   3.7098747e+00   5.2006123e+01   1.9572800e+02   4.7000000e+01  -2.2000000e+02  -1.8735106e+01
  -8.0000000e+00   4.4401475e+00   5.5146250e+01   2.0692144e+02   4.7000000e+01  -2.2000000e+02  -2.6115710e+01
  -8.0000000e+00   6.5782769e+00   5.7297143e+01   2.1860052e+02   4.7000000e+01  -2.2000000e+02  -3.0808013e+01
  -8.0000000e+00   7.5396414e+00   6.0230603e+01   2.2820748e+02   4.7000000e+01  -2.2000000e+02  -3.4946623e+01
  -8.0000000e+00   8.8439571e+00   5.9512127e+01   2.2954363e+02   4.7000000e+01  -2.2000000e+02  -3.5764265e+01
  -8.0000000e+00   9.6911800e+00   5.7017953e+01   2.2783072e+02   4.7000000e+01  -2.2000000e+02  -3.1554383e+01
  -8.0000000e+00   9.3342731e+00   5.4341049e+01   2.2572739e+02   4.7000000e+01  -2.2000000e+02  -2.6024779e+01
  -8.0000000e+00   9.0281128e+00   5.1951052e+01   2.2265010e+02   4.7000000e+01  -2.2000000e+02  -1.8539131e+01
  -8.0000000e+00   9.5545416e+00   4.9405081e+01   2.1880876e+02   4.7000000e+01  -2.2000000e+02  -1.0205282e+01
  -8.0000000e+00   1.0633098e+01   4.5337276e+01   2.1390715e+02   4.7000000e+01  -2.2000000e+02  -1.7887752e+00
  -8.0000000e+00   1.0946561e+01   4.2641154e+01   2.0953109e+02   4.7000000e+01  -2.2000000e+02   5.4236021e+00
  -8.0000000e+00   1.0752087e+01   4.0036828e+01   2.0623446e+02   4.7000000e+01  -2.2000000e+02   1.2289476e+01
  -8.0000000e+00   1.0257928e+01   3.8209675e+01   2.0339371e+02   4.7000000e+01  -2.2000000e+02   1.8094317e+01
  -8.0000000e+00   9.7010763e+00   3.7424870e+01   2.0170870e+02   4.7000000e+01  -2.2000000e+02   2.3374221e+01
  -8.0000000e+00   8.1137962e+00   3.7189937e+01   1.9925372e+02   4.7000000e+01  -2.2000000e+02   2.8227369e+01
