  -2.8333310e+01   1.6922373e+01   1.0885435e+01   1.9696534e+02   6.8792511e+01  -2.5713896e+02   5.8900790e+01
  -2.3298856e+01   6.5256152e+00   1.4218208e+00   1.9471028e+02   7.7793303e+01  -2.4319478e+02   6.1629757e+01
  -1.8202939e+01  -3.8419748e+00  -1.1068868e+01   1.9248431e+02   8.6552224e+01  -2.2919521e+02   6.4357755e+01
  -8.0000000e+00   9.9999992e-01  -2.3477298e+01   1.9026030e+02   9.5291047e+01  -2.1998815e+02   6.7095703e+01
  -8.0000000e+00   1.0000000e+00  -1.5742081e+01   1.8904407e+02   9.5909021e+01  -2.2000000e+02   7.2658741e+01
  -8.0000000e+00   1.0000000e+00  -1.3873477e+01   1.8586281e+02   9.7172704e+01  -2.2000000e+02   7.5648342e+01
  -8.0000000e+00   1.0000000e+00  -1.5621301e+01   1.8069664e+02   1.0032911e+02  -2.2000000e+02   6.8070623e+01
  -8.0000000e+00   1.0000000e+00  -1.5208582e+01   1.7570249e+02   1.0418818e+02  -2.2000000e+02   5.8938365e+01
  -8.0000000e+00   1.0000000e+00  -1.0659413e+01   1.7264216e+02   1.0390337e+02  -2.2000000e+02   4.8160321e+01
  -8.0000000e+00   1.0000000e+00  -5.6636975e+00   1.7295701e+02   1.0028045e+02  -2.2000000e+02   3.7125221e+01
  -8.0000000e+00   1.0000000e+00  -3.0187007e+00   1.7257133e+02   9.8104333e+01  -2.2000000e+02   2.8018642e+01
  -8.0000000e+00   1.0000000e+00   3.6637304e+00   1.7452848e+02   9.5445869e+01  -2.2000000e+02   1.9789418e+01
  -8.0000000e+00   1.0000000e+00   1.1198109e+01   1.7991097e+02   9.0785720e+01  -2.2000000e+02   1.1048468e+01
  -8.0000000e+00   1.0000000e+00   2.0270588e+01   1.8630443e+02   8.6119278e+01  -2.2000000e+02   3.2820040e+00
  -8.0000000e+00   1.0000000e+00   2.9806963e+01   1.9458260e+02   8.1203600e+01  -2.2000000e+02  -4.9687052e+00
  -8.0000000e+00   1.0000000e+00   3.9380274e+01   2.0402768e+02   7.5759321e+01  -2.2000000e+02  -1.3330939e+01
  -8.0000000e+00   1.0000000e+00   4.7990737e+01   2.1462358e+02   6.8504807e+01  -2.2000000e+02  -2.0922929e+01
  -8.0000000e+00   1.0000000e+00   5.4957324e+01   2.2613731e+02   5.9368845e+01  -2.2000000e+02  -2.6265866e+01
  -8.0000000e+00   1.0000000e+00   5.9831462e+01   2.3245457e+02   5.5337784e+01  -2.2000000e+02  -3.0653287e+01
  -8.0000000e+00   1.0000000e+00   6.1404849e+01   2.3250025e+02   5.3344107e+01  -2.2000000e+02  -3.1156910e+01
  -8.0000000e+00   1.0000000e+00   6.0217839e+01   2.2986417e+02   5.1975485e+01  -2.2000000e+02  -2.6509846e+01
  -8.0000000e+00   1.0000000e+00   5.7274075e+01   2.2617472e+02   5.0001757e+01  -2.2000000e+02  -2.0623619e+01
  -8.0000000e+00   1.0000000e+00   5.4288434e+01   2.2187779e+02   4.8103850e+01  -2.2000000e+02  -1.2730437e+01
  -8.0000000e+00   1.0000000e+00   5.1509520e+01   2.1760086e+02   4.6534883e+01  -2.2000000e+02  -3.4802708e+00
  -8.0000000e+00   1.0000000e+00   4.7833604e+01   2.1237823e+02   4.5186940e+01  -2.2000000e+02   5.1694581e+00
  -8.0000000e+00   1.0000000e+00   4.4989731e+01   2.0793686e+02   4.3493561e+01  -2.2000000e+02   1.3329330e+01
  -8.0000000e+00   1.0000000e+00   3.9983439e+01   2.0353146e+02   4.3880347e+01  -2.2000000e+02   2.2227620e+01
  -8.0000000e+00   1.0000000e+00   3.9246351e+01   1.9980522e+02   4.2381243e+01  -2.2000000e+02   2.8956930e+01
  -8.0000000e+00   1.0000000e+00   3.5345121e+01   1.9578303e+02   4.2912054e+01  -2.2000000e+02   3.5694388e+01
  -8.0000000e+00   1.0000000e+00   2.7021298e+01   1.9301281e+02   4.4728363e+01  -2.2000000e+02   4.1860944e+01
  -8.0000000e+00   1.0000000e+00   2.0719549e+01   1.9075885e+02   4.6710688e+01  -2.2000000e+02   4.7647004e+01
  -8.0000000e+00   1.0000000e+00   1.3494114e+01   1.9068108e+02   4.8365733e+01  -2.2000000e+02   5.2524549e+01
  -8.0000000e+00   1.0000000e+00   9.3241031e+00   1.9070947e+02   4.9942156e+01  -2.2000000e+02   5.7596963e+01
  -8.0000000e+00   1.0000000e+00   1.6129245e+00   1.9175956e+02   5.0752864e+01  -2.2000000e+02   6.0983730e+01
  -8.0000000e+00   1.0000000e+00  -5.5463998e+00   1.9377541e+02   5.1112632e+01  -2.2000000e+02   6.3546334e+01
  -8.0000000e+00   1.0000000e+00  -9.0009538e-01   1.9383884e+02   5.1561830e+01  -2.2000000e+02   6.9573851e+01
  -8.0000000e+00   1.0000000e+00   1.3283206e+00   1.9346080e+02   5.1870874e+01  -2.2000000e+02   7.4885206e+01
  -8.0000000e+00   1.0000000e+00   5.4386103e+00   1.9293430e+02   5.2017450e+01  -2.2000000e+02   7.9446515e+01
  -8.0000000e+00   1.0000000e+00   5.2373177e+00   1.9212400e+02   5.2137582e+01  -2.2000000e+02   8.3337170e+01
  -8.0000000e+00   1.0000000e+00   4.6938733e+00   1.9132354e+02   5.2248163e+01  -2.2000000e+02   8.6030814e+01
  -8.0000000e+00   1.0000000e+00   3.9784146e+00   1.9008612e+02   5.2333912e+01  -2.2000000e+02   8.6958875e+01
  -8.0000000e+00   1.0000000e+00   2.1874766e+00   1.8850444e+02   5.2453005e+01  -2.2000000e+02   8.5886281e+01
  -8.0000000e+00   1.0000000e+00  -1.5207336e+00   1.8661595e+02   5.3412929e+01  -2.2000000e+02   8.1045157e+01
  -8.0000000e+00   1.0000000e+00   3.1205014e+00   1.7958408e+02   5.9776967e+01  -2.2000000e+02   7.1595024e+01
  -8.0000000e+00   1.0000000e+00   5.1734676e-01   1.7298542e+02   6.8597441e+01  -2.2000000e+02   6.0755028e+01
  -8.0000000e+00   1.0000000e+00  -2.7668255e+00   1.6762214e+02   7.8526654e+01  -2.2000000e+02   4.9202264e+01
  -8.0000000e+00   1.0000000e+00  -2.5086625e+00   1.6849612e+02   8.7006299e+01  -2.2000000e+02   3.6853433e+01
  -8.0000000e+00   1.0000000e+00   2.4185857e+00   1.7208225e+02   8.8129581e+01  -2.2000000e+02   2.5423939e+01
  -8.0000000e+00   1.0000000e+00   1.0000406e+01   1.7836442e+02   8.5297130e+01  -2.2000000e+02   1.5429962e+01
  -8.0000000e+00   1.0000000e+00   1.7413785e+01   1.8548174e+02   8.1371128e+01  -2.2000000e+02   5.4900843e+00
  -8.0000000e+00   1.0000000e+00   2.5438553e+01   1.9314399e+02   7.7178740e+01  -2.2000000e+02  -3.6506741e+00
  -8.0000000e+00   1.0000000e+00   3.3331980e+01   2.0211309e+02   7.2401447e+01  -2.2000000e+02  -1.3622451e+01
  -8.0000000e+00   1.0000000e+00   4.1289825e+01   2.1121962e+02   6.7635380e+01  -2.2000000e+02  -2.2487453e+01
  -8.0000000e+00   1.0000000e+00   4.8583513e+01   2.2167124e+02   6.1252370e+01  -2.2000000e+02  -2.9647824e+01
  -8.0000000e+00   1.0000000e+00   5.5586720e+01   2.3167406e+02   5.4864911e+01  -2.2000000e+02  -3.2521408e+01
  -8.0000000e+00   1.0000000e+00   5.8003368e+01   2.3367846e+02   5.2031064e+01  -2.2000000e+02  -3.2179766e+01
  -8.0000000e+00   1.0000000e+00   5.6851157e+01   2.3150123e+02   5.0063190e+01  -2.2000000e+02  -2.7767660e+01
  -8.0000000e+00   1.0000000e+00   5.3822780e+01   2.2780284e+02   4.7674983e+01  -2.2000000e+02  -2.0774012e+01
  -8.0000000e+00   1.0000000e+00   5.1649558e+01   2.2366389e+02   4.5871064e+01  -2.2000000e+02  -1.2359165e+01
  -8.0000000e+00   1.0000000e+00   4.8703071e+01   2.1981937e+02   4.5839488e+01  -2.2000000e+02  -3.4580309e+00
  -8.0000000e+00   1.0000000e+00   4.6857319e+01   2.1631991e+02   4.5137527e+01  -2.2000000e+02   4.5033119e+00
  -8.0000000e+00   1.0000000e+00   4.4971900e+01   2.1215873e+02   4.4679116e+01  -2.2000000e+02   1.2031266e+01
  -8.0000000e+00   1.0000000e+00   4.1952395e+01   2.0876832e+02   4.3326197e+01  -2.2000000e+02   1.9210846e+01
  -8.0000000e+00   1.0000000e+00   4.0038035e+01   2.0561618e+02   4.2897874e+01  -2.2000000e+02   2.5214661e+01
  -8.0000000e+00   1.0000000e+00   3.1358276e+01   2.0319021e+02   4.5017053e+01  -2.2000000e+02   3.2132125e+01
  -8.0000000e+00   1.0000000e+00   2.9428000e+01   2.0169865e+02   4.5791114e+01  -2.2000000e+02   3.7477243e+01
  -8.0000000e+00   1.0000000e+00   2.5010700e+01   1.9938872e+02   4.6020248e+01  -2.2000000e+02   4.1401670e+01
  -8.0000000e+00   1.0000000e+00   1.6521060e+01   1.9798263e+02   4.7163640e+01  -2.2000000e+02   4.5720629e+01
  -8.0000000e+00   1.0000000e+00   1.1210184e+01   1.9687198e+02   4.8496106e+01  -2.2000000e+02   5.0160119e+01
  -8.0000000e+00   1.0000000e+00   1.1398356e+01   1.9635000e+02   4.9743143e+01  -2.2000000e+02   5.4753683e+01
  -8.0000000e+00   1.0000000e+00   7.5592141e+00   1.9602383e+02   5.0509603e+01  -2.2000000e+02   5.8700450e+01
  -8.0000000e+00   1.0000000e+00  -3.5732338e+00   1.9776687e+02   5.0834103e+01  -2.2000000e+02   6.0430751e+01
  -8.0000000e+00   1.0000000e+00  -5.3629866e+00   1.9887506e+02   5.1280402e+01  -2.2000000e+02   6.3688952e+01
  -8.0000000e+00   1.0000000e+00  -1.0835360e+01   2.0105428e+02   5.1431324e+01  -2.2000000e+02   6.5494767e+01
  -8.0000000e+00   1.0000000e+00  -7.0794632e+00   2.0100738e+02   5.1695148e+01  -2.2000000e+02   6.9674408e+01
  -8.0000000e+00   1.0000000e+00   6.4300656e-02   1.9794359e+02   5.1827620e+01  -2.2000000e+02   7.5405917e+01
  -8.0000000e+00   1.0000000e+00   5.7891024e+00   1.9470779e+02   5.1867151e+01  -2.2000000e+02   7.9634568e+01
  -8.0000000e+00   1.0000000e+00   1.1697813e+00   1.9355302e+02   5.1942612e+01  -2.2000000e+02   8.0848813e+01
  -8.0000000e+00   1.0000000e+00   3.7715698e+00   1.9059363e+02   5.2111080e+01  -2.2000000e+02   8.1047382e+01
  -8.0000000e+00   1.0000000e+00   2.8176925e+00   1.8636927e+02   5.3729218e+01  -2.2000000e+02   7.6549463e+01
  -8.0000000e+00   1.0000000e+00   1.4547363e+00   1.7964002e+02   6.0796173e+01  -2.2000000e+02   6.8726305e+01
  -8.0000000e+00   1.0000000e+00   1.0897592e+00   1.7271121e+02   7.0409590e+01  -2.2000000e+02   5.7920404e+01
  -8.0000000e+00   1.0000000e+00   3.0131474e+00   1.6900601e+02   8.0174775e+01  -2.2000000e+02   4.5866275e+01
  -8.0000000e+00   1.0000000e+00   6.0823864e+00   1.7162093e+02   8.3899183e+01  -2.2000000e+02   3.4142374e+01
  -8.0000000e+00   1.0000000e+00   1.4516613e+01   1.7802834e+02   8.2292729e+01  -2.2000000e+02   2.3358300e+01
  -8.0000000e+00   1.0000000e+00   2.1849801e+01   1.8462529e+02   7.9386135e+01  -2.2000000e+02   1.3334967e+01
  -8.0000000e+00   1.0000000e+00   2.8240275e+01   1.9080997e+02   7.6617831e+01  -2.2000000e+02   3.6931569e+00
  -8.0000000e+00   1.0000000e+00   3.5776001e+01   1.9663591e+02   7.4464889e+01  -2.2000000e+02  -5.1655656e+00
  -8.0000000e+00   1.0000000e+00   4.3672905e+01   2.0450296e+02   7.1276642e+01  -2.2000000e+02  -1.4195249e+01
  -8.0000000e+00   1.0000000e+00   5.1528971e+01   2.1296682e+02   6.7848631e+01  -2.2000000e+02  -2.3018630e+01
  -8.0000000e+00   1.0000000e+00   5.8527605e+01   2.2318000e+02   6.1611107e+01  -2.2000000e+02  -2.9216944e+01
  -8.0000000e+00   1.0000000e+00   6.4800707e+01   2.3166645e+02   5.6842620e+01  -2.2000000e+02  -3.0741719e+01
  -8.0000000e+00   1.0000000e+00   6.6192685e+01   2.3265217e+02   5.4484146e+01  -2.2000000e+02  -3.0638817e+01
  -8.0000000e+00   1.0000000e+00   6.5553215e+01   2.3037923e+02   5.2831023e+01  -2.2000000e+02  -2.5444020e+01
  -8.0000000e+00   1.0000000e+00   6.2094674e+01   2.2613978e+02   5.0836898e+01  -2.2000000e+02  -1.8294651e+01
  -8.0000000e+00   1.0000000e+00   5.8355637e+01   2.2121083e+02   4.9284460e+01  -2.2000000e+02  -8.6802889e+00
  -8.0000000e+00   1.0000000e+00   5.3333349e+01   2.1581905e+02   4.7556507e+01  -2.2000000e+02   9.3584815e-01
  -8.0000000e+00   1.0000000e+00   4.9493311e+01   2.1082947e+02   4.6789578e+01  -2.2000000e+02   1.0248436e+01
  -8.0000000e+00   1.0000000e+00   4.5324962e+01   2.0677647e+02   4.6890566e+01  -2.2000000e+02   1.9257916e+01
  -8.0000000e+00   1.0000000e+00   4.0460130e+01   2.0239032e+02   4.6840292e+01  -2.2000000e+02   2.7395790e+01
  -8.0000000e+00   1.0000000e+00   3.6660816e+01   1.9830713e+02   4.7640636e+01  -2.2000000e+02   3.5167451e+01
  -8.0000000e+00   1.0000000e+00   3.4102112e+01   1.9499166e+02   4.7426861e+01  -2.2000000e+02   4.0807506e+01
  -8.0000000e+00   1.0000000e+00   3.1150122e+01   1.9183660e+02   4.6796057e+01  -2.2000000e+02   4.6419330e+01
  -8.0000000e+00   1.0000000e+00   2.6751587e+01   1.8965160e+02   4.7734306e+01  -2.2000000e+02   5.1790292e+01
  -8.0000000e+00   1.0000000e+00   2.2386695e+01   1.8852300e+02   4.8427514e+01  -2.2000000e+02   5.6495485e+01
  -8.0000000e+00   1.0000000e+00   1.5860998e+01   1.8775118e+02   4.9219558e+01  -2.2000000e+02   6.1062656e+01
  -8.0000000e+00   1.0000000e+00   1.1277552e+01   1.8719718e+02   4.9997837e+01  -2.2000000e+02   6.5281425e+01
  -8.0000000e+00   1.0000000e+00   8.1124984e+00   1.8674206e+02   5.0688462e+01  -2.2000000e+02   6.9504334e+01
  -8.0000000e+00   1.0000000e+00   4.3183658e+00   1.8685998e+02   5.1074720e+01  -2.2000000e+02   7.3016592e+01
  -8.0000000e+00   1.0000000e+00   6.8673959e+00   1.8659162e+02   5.1396533e+01  -2.2000000e+02   7.7264753e+01
  -8.0000000e+00   1.0000000e+00   5.7175843e+00   1.8658108e+02   5.1548329e+01  -2.2000000e+02   8.0622105e+01
  -8.0000000e+00   1.0000000e+00  -3.4335514e-01   1.8731206e+02   5.1686207e+01  -2.2000000e+02   8.2316848e+01
  -8.0000000e+00   1.0000000e+00  -6.9171969e+00   1.8782672e+02   5.1899861e+01  -2.2000000e+02   8.3479956e+01
  -8.0000000e+00   1.0000000e+00  -2.1782709e+00   1.8485628e+02   5.2802005e+01  -2.2000000e+02   8.3001280e+01
  -8.0000000e+00   1.0000000e+00  -3.1390107e+00   1.8056388e+02   5.7469831e+01  -2.2000000e+02   7.6418837e+01
  -8.0000000e+00   1.0000000e+00  -1.0049065e+01   1.7641906e+02   6.3739717e+01  -2.2000000e+02   6.9188851e+01
  -8.0000000e+00   1.0000000e+00  -6.4312008e+00   1.7059503e+02   7.3514599e+01  -2.2000000e+02   5.8319168e+01
  -8.0000000e+00   1.0000000e+00  -1.7378140e+00   1.6788896e+02   8.3701642e+01  -2.2000000e+02   4.6443499e+01
  -8.0000000e+00   1.0000000e+00   8.0412174e-01   1.7076505e+02   8.9877521e+01  -2.2000000e+02   3.4582077e+01
  -8.0000000e+00   1.0000000e+00   1.7719520e+00   1.7287442e+02   9.1788627e+01  -2.2000000e+02   2.4207796e+01
  -8.0000000e+00   1.0000000e+00   7.2967410e+00   1.7776725e+02   8.9276825e+01  -2.2000000e+02   1.4027144e+01
  -8.0000000e+00   1.0000000e+00   1.5745276e+01   1.8470718e+02   8.4682061e+01  -2.2000000e+02   4.4714168e+00
  -8.0000000e+00   1.0000000e+00   2.4161960e+01   1.9186539e+02   8.0225034e+01  -2.2000000e+02  -4.2434621e+00
  -8.0000000e+00   1.0000000e+00   3.3010089e+01   2.0055295e+02   7.5358744e+01  -2.2000000e+02  -1.2673185e+01
  -8.0000000e+00   1.0000000e+00   4.0817366e+01   2.0998507e+02   7.0053120e+01  -2.2000000e+02  -2.1692154e+01
  -8.0000000e+00   1.0000000e+00   4.7939752e+01   2.2019484e+02   6.4062317e+01  -2.2000000e+02  -3.0047015e+01
  -8.0000000e+00   1.0000000e+00   5.4393400e+01   2.3073060e+02   5.6966163e+01  -2.2000000e+02  -3.4326514e+01
  -8.0000000e+00   1.0000000e+00   5.8484228e+01   2.3482969e+02   5.4060875e+01  -2.2000000e+02  -3.8032555e+01
  -8.0000000e+00   1.0000000e+00   5.8713203e+01   2.3419418e+02   5.1734121e+01  -2.2000000e+02  -3.7012203e+01
  -8.0000000e+00   1.0000000e+00   5.6664241e+01   2.3115963e+02   4.9231618e+01  -2.2000000e+02  -3.1077327e+01
  -8.0000000e+00   1.0000000e+00   5.3295367e+01   2.2695595e+02   4.6060892e+01  -2.2000000e+02  -2.3167444e+01
  -8.0000000e+00   1.0000000e+00   5.0867986e+01   2.2217139e+02   4.3821524e+01  -2.2000000e+02  -1.3395186e+01
  -8.0000000e+00   1.0000000e+00   4.7359222e+01   2.1738748e+02   4.1276604e+01  -2.2000000e+02  -3.3818971e+00
  -8.0000000e+00   1.0000000e+00   4.5006645e+01   2.1289953e+02   3.9386109e+01  -2.2000000e+02   6.3427909e+00
  -8.0000000e+00   1.0000000e+00   4.2989096e+01   2.0870859e+02   3.7258734e+01  -2.2000000e+02   1.4276597e+01
  -8.0000000e+00   1.0000000e+00   3.9861940e+01   2.0486385e+02   3.6354550e+01  -2.2000000e+02   2.0966494e+01
  -8.0000000e+00   1.0000000e+00   3.6632479e+01   2.0105581e+02   3.5760629e+01  -2.2000000e+02   2.7072672e+01
  -8.0000000e+00   1.0000000e+00   3.3173363e+01   1.9884105e+02   3.6442555e+01  -2.2000000e+02   3.2925965e+01
  -8.0000000e+00   1.0000000e+00   3.0558274e+01   1.9660921e+02   3.6454957e+01  -2.2000000e+02   3.6737805e+01
  -8.0000000e+00   1.0000000e+00   2.7746801e+01   1.9413369e+02   3.5994487e+01  -2.2000000e+02   4.0304817e+01
  -8.0000000e+00   1.0000000e+00   2.3225706e+01   1.9248287e+02   3.5731288e+01  -2.2000000e+02   4.4411357e+01
  -8.0000000e+00   1.0000000e+00   2.1003797e+01   1.9115789e+02   3.5860353e+01  -2.2000000e+02   4.8471602e+01
  -8.0000000e+00   1.0000000e+00   1.3082682e+01   1.9162380e+02   3.6389280e+01  -2.2000000e+02   5.1011179e+01
  -8.0000000e+00   1.0000000e+00   8.8233454e+00   1.9183307e+02   3.7129009e+01  -2.2000000e+02   5.4160009e+01
  -8.0000000e+00   1.0000000e+00   1.6302239e+00   1.9222040e+02   3.7808350e+01  -2.2000000e+02   5.7311709e+01
  -8.0000000e+00   1.0000000e+00  -1.9477415e+00   1.9292748e+02   3.8475220e+01  -2.2000000e+02   6.0369013e+01
  -8.0000000e+00   1.0000000e+00  -3.4520280e+00   1.9499767e+02   3.8719680e+01  -2.2000000e+02   6.1940925e+01
  -8.0000000e+00   1.0000000e+00  -5.8756760e+00   1.9706504e+02   3.8955412e+01  -2.2000000e+02   6.3508157e+01
  -8.0000000e+00   1.0000000e+00  -3.2161828e-01   1.9559990e+02   3.9573404e+01  -2.2000000e+02   6.7682541e+01
  -8.0000000e+00   1.0000000e+00   5.8984746e+00   1.9136000e+02   4.0616403e+01  -2.2000000e+02   7.0818337e+01
  -8.0000000e+00   1.0000000e+00   1.1259888e+01   1.8450270e+02   4.3279137e+01  -2.2000000e+02   6.7893867e+01
  -8.0000000e+00   1.0000000e+00   1.1534324e+01   1.7660838e+02   5.1932320e+01  -2.2000000e+02   5.9331762e+01
  -8.0000000e+00   1.0000000e+00   1.2231351e+01   1.6879501e+02   6.1112980e+01  -2.2000000e+02   4.8292184e+01
  -8.0000000e+00   1.0000000e+00   1.3571368e+01   1.6964957e+02   6.8981503e+01  -2.2000000e+02   3.6028416e+01
  -8.0000000e+00   1.0000000e+00   2.0516800e+01   1.7735028e+02   7.1362523e+01  -2.2000000e+02   2.4813137e+01
  -8.0000000e+00   1.0000000e+00   2.7129315e+01   1.8507028e+02   6.8942030e+01  -2.2000000e+02   1.4389528e+01
  -8.0000000e+00   1.0000000e+00   3.4443663e+01   1.9210777e+02   6.7343528e+01  -2.2000000e+02   5.3237531e+00
  -8.0000000e+00   1.0000000e+00   4.1288589e+01   1.9945711e+02   6.5410316e+01  -2.2000000e+02  -4.1836514e+00
  -8.0000000e+00   1.0000000e+00   4.7304859e+01   2.0509078e+02   6.4270204e+01  -2.2000000e+02  -1.3484426e+01
  -8.0000000e+00   1.0000000e+00   5.3189890e+01   2.1154046e+02   6.2688046e+01  -2.2000000e+02  -2.2148297e+01
  -8.0000000e+00   1.0000000e+00   5.7131000e+01   2.2008665e+02   5.8441882e+01  -2.2000000e+02  -2.9298749e+01
  -8.0000000e+00   1.0000000e+00   6.2068242e+01   2.2996304e+02   5.1751513e+01  -2.2000000e+02  -3.1090250e+01
  -8.0000000e+00   1.0000000e+00   6.4403818e+01   2.3118246e+02   4.9529345e+01  -2.2000000e+02  -2.9198328e+01
  -8.0000000e+00   1.0000000e+00   6.1801721e+01   2.2819817e+02   4.7462823e+01  -2.2000000e+02  -2.3405315e+01
  -8.0000000e+00   1.0000000e+00   5.9214946e+01   2.2408988e+02   4.5879538e+01  -2.2000000e+02  -1.4999818e+01
  -8.0000000e+00   1.0000000e+00   5.4820569e+01   2.1912214e+02   4.4471375e+01  -2.2000000e+02  -5.3271300e+00
  -8.0000000e+00   1.0000000e+00   5.0433843e+01   2.1457692e+02   4.4529348e+01  -2.2000000e+02   4.6069314e+00
  -8.0000000e+00   1.0000000e+00   4.6173092e+01   2.1051422e+02   4.4544696e+01  -2.2000000e+02   1.3530372e+01
  -8.0000000e+00   1.0000000e+00   4.1388633e+01   2.0660728e+02   4.4516435e+01  -2.2000000e+02   2.2237482e+01
  -8.0000000e+00   1.0000000e+00   3.8219899e+01   2.0362317e+02   4.5173309e+01  -2.2000000e+02   2.9813024e+01
  -8.0000000e+00   1.0000000e+00   3.4969562e+01   2.0090743e+02   4.4999811e+01  -2.2000000e+02   3.5401402e+01
  -8.0000000e+00   1.0000000e+00   2.9648569e+01   1.9758547e+02   4.5962336e+01  -2.2000000e+02   4.0619862e+01
  -8.0000000e+00   1.0000000e+00   2.4978213e+01   1.9535925e+02   4.6960217e+01  -2.2000000e+02   4.5163948e+01
  -8.0000000e+00   1.0000000e+00   2.3574894e+01   1.9375459e+02   4.7839701e+01  -2.2000000e+02   4.9367364e+01
  -8.0000000e+00   1.0000000e+00   2.0258922e+01   1.9285551e+02   4.8254781e+01  -2.2000000e+02   5.3579441e+01
  -8.0000000e+00   1.0000000e+00   1.4860815e+01   1.9229320e+02   4.8634936e+01  -2.2000000e+02   5.7275797e+01
  -8.0000000e+00   1.0000000e+00   1.1272236e+01   1.9190818e+02   4.9029485e+01  -2.2000000e+02   6.1029250e+01
  -8.0000000e+00   1.0000000e+00   8.3924814e+00   1.9186839e+02   4.9401125e+01  -2.2000000e+02   6.4714666e+01
  -8.0000000e+00   1.0000000e+00   4.4675603e+00   1.9184005e+02   4.9735681e+01  -2.2000000e+02   6.8165059e+01
  -8.0000000e+00   1.0000000e+00  -4.6065251e+00   1.9322158e+02   4.9879699e+01  -2.2000000e+02   6.9935481e+01
  -8.0000000e+00   1.0000000e+00  -1.1574691e+01   1.9584028e+02   4.9942323e+01  -2.2000000e+02   7.1058172e+01
  -8.0000000e+00   1.0000000e+00  -7.7063625e+00   1.9715439e+02   4.9959306e+01  -2.2000000e+02   7.3396341e+01
  -8.0000000e+00   1.0000000e+00  -5.8448461e+00   1.9819938e+02   4.9937857e+01  -2.2000000e+02   7.5814401e+01
  -8.0000000e+00   1.0000000e+00  -3.9833296e+00   1.9924437e+02   4.9916408e+01  -2.2000000e+02   7.8232462e+01
  -8.0000000e+00   1.0000000e+00  -7.0353906e-01   1.9950513e+02   4.9831738e+01  -2.2000000e+02   8.0722145e+01
  -8.0000000e+00   1.0000000e+00   2.9662099e+00   1.9811002e+02   4.9718485e+01  -2.2000000e+02   8.3053798e+01
  -8.0000000e+00   1.0000000e+00   1.2887584e+00   1.9655960e+02   4.9639700e+01  -2.2000000e+02   8.4716457e+01
  -8.0000000e+00   1.0000000e+00   6.1169466e+00   1.9296315e+02   4.9651104e+01  -2.2000000e+02   8.4138948e+01
  -8.0000000e+00   1.0000000e+00   7.5767252e+00   1.8703390e+02   5.0995105e+01  -2.2000000e+02   7.8572907e+01
  -8.0000000e+00   1.0000000e+00   4.0622062e+00   1.8120296e+02   5.6390095e+01  -2.2000000e+02   7.0123397e+01
  -8.0000000e+00   1.0000000e+00   3.5730395e+00   1.7412672e+02   6.4950360e+01  -2.2000000e+02   5.9358441e+01
  -8.0000000e+00   1.0000000e+00   6.8560360e+00   1.7037185e+02   7.3558231e+01  -2.2000000e+02   4.6981427e+01
  -8.0000000e+00   1.0000000e+00   1.0534686e+01   1.7396263e+02   7.6208470e+01  -2.2000000e+02   3.4777668e+01
  -8.0000000e+00   1.0000000e+00   1.7649841e+01   1.8064400e+02   7.4895367e+01  -2.2000000e+02   2.3469511e+01
  -8.0000000e+00   1.0000000e+00   2.5429565e+01   1.8779479e+02   7.3010594e+01  -2.2000000e+02   1.3600072e+01
  -8.0000000e+00   1.0000000e+00   3.3692411e+01   1.9559037e+02   7.0602831e+01  -2.2000000e+02   4.1783395e+00
  -8.0000000e+00   1.0000000e+00   4.1348759e+01   2.0374661e+02   6.7755239e+01  -2.2000000e+02  -5.6425029e+00
  -8.0000000e+00   1.0000000e+00   4.8621928e+01   2.1232789e+02   6.4514909e+01  -2.2000000e+02  -1.5426849e+01
  -8.0000000e+00   1.0000000e+00   5.4440459e+01   2.1924269e+02   6.1764639e+01  -2.2000000e+02  -2.5131198e+01
  -8.0000000e+00   1.0000000e+00   5.7733699e+01   2.2861549e+02   5.6477662e+01  -2.2000000e+02  -3.3153826e+01
  -8.0000000e+00   1.0000000e+00   6.1761955e+01   2.3483331e+02   5.2789782e+01  -2.2000000e+02  -3.7265216e+01
  -8.0000000e+00   1.0000000e+00   6.3072422e+01   2.3475400e+02   5.0838033e+01  -2.2000000e+02  -3.6043520e+01
  -8.0000000e+00   1.0000000e+00   6.1092607e+01   2.3182048e+02   4.8774673e+01  -2.2000000e+02  -3.0492981e+01
  -8.0000000e+00   1.0000000e+00   5.8485268e+01   2.2795813e+02   4.6719561e+01  -2.2000000e+02  -2.3774776e+01
  -8.0000000e+00   1.0000000e+00   5.5631074e+01   2.2356633e+02   4.4793285e+01  -2.2000000e+02  -1.4899922e+01
  -8.0000000e+00   1.0000000e+00   5.1980844e+01   2.1883367e+02   4.3068314e+01  -2.2000000e+02  -5.4349614e+00
  -8.0000000e+00   1.0000000e+00   4.8006244e+01   2.1431241e+02   4.2377705e+01  -2.2000000e+02   3.4597852e+00
  -8.0000000e+00   1.0000000e+00   4.6300910e+01   2.1025515e+02   3.9682546e+01  -2.2000000e+02   1.0899750e+01
  -8.0000000e+00   1.0000000e+00   4.3618040e+01   2.0606767e+02   3.7380570e+01  -2.2000000e+02   1.7835368e+01
  -8.0000000e+00   1.0000000e+00   4.1142803e+01   2.0260203e+02   3.6819481e+01  -2.2000000e+02   2.4800751e+01
  -8.0000000e+00   1.0000000e+00   3.9088716e+01   1.9944757e+02   3.5230946e+01  -2.2000000e+02   2.9996989e+01
  -8.0000000e+00   1.0000000e+00   3.3825463e+01   1.9645902e+02   3.6851410e+01  -2.2000000e+02   3.6244668e+01
  -8.0000000e+00   1.0000000e+00   2.8639999e+01   1.9365131e+02   3.8421576e+01  -2.2000000e+02   4.1571575e+01
  -8.0000000e+00   1.0000000e+00   2.6180654e+01   1.9255289e+02   3.8474512e+01  -2.2000000e+02   4.5885007e+01
  -8.0000000e+00   1.0000000e+00   2.3017392e+01   1.9142624e+02   3.8765760e+01  -2.2000000e+02   5.0625392e+01
  -8.0000000e+00   1.0000000e+00   1.4973489e+01   1.9118929e+02   3.9204248e+01  -2.2000000e+02   5.3465445e+01
  -8.0000000e+00   1.0000000e+00   9.8378846e+00   1.9124331e+02   3.9750689e+01  -2.2000000e+02   5.6825955e+01
  -8.0000000e+00   1.0000000e+00   1.5775312e+00   1.9169111e+02   4.0253985e+01  -2.2000000e+02   5.9978895e+01
  -8.0000000e+00   1.0000000e+00  -8.9866366e+00   1.9458118e+02   4.0483750e+01  -2.2000000e+02   6.1135987e+01
  -8.0000000e+00   1.0000000e+00  -8.3987375e+00   1.9638372e+02   4.0856149e+01  -2.2000000e+02   6.3572571e+01
  -8.0000000e+00   1.0000000e+00  -4.0151749e+00   1.9613201e+02   4.1499126e+01  -2.2000000e+02   6.7540251e+01
  -8.0000000e+00   1.0000000e+00  -4.5393994e+00   1.9521092e+02   4.2241348e+01  -2.2000000e+02   7.0596585e+01
  -8.0000000e+00   1.0000000e+00  -4.7630929e+00   1.9058261e+02   4.5668373e+01  -2.2000000e+02   7.0931275e+01
  -8.0000000e+00   1.0000000e+00   1.7502280e+00   1.8249114e+02   5.3962812e+01  -2.2000000e+02   6.4162945e+01
  -8.0000000e+00   1.0000000e+00   5.8320451e+00   1.7408873e+02   6.3510032e+01  -2.2000000e+02   5.3198861e+01
  -8.0000000e+00   1.0000000e+00   1.0357327e+01   1.7015567e+02   7.2841289e+01  -2.2000000e+02   4.0951407e+01
  -8.0000000e+00   1.0000000e+00   1.5824496e+01   1.7553855e+02   7.6587235e+01  -2.2000000e+02   2.9196260e+01
  -8.0000000e+00   1.0000000e+00   2.3064466e+01   1.8238853e+02   7.5324800e+01  -2.2000000e+02   1.8531450e+01
  -8.0000000e+00   1.0000000e+00   2.9949381e+01   1.8954380e+02   7.2772526e+01  -2.2000000e+02   9.3343198e+00
  -8.0000000e+00   1.0000000e+00   3.7943399e+01   1.9807352e+02   6.9446576e+01  -2.2000000e+02  -4.8427263e-01
  -8.0000000e+00   1.0000000e+00   4.5557746e+01   2.0662006e+02   6.5552933e+01  -2.2000000e+02  -9.6933458e+00
  -8.0000000e+00   1.0000000e+00   5.1705256e+01   2.1465432e+02   6.1628677e+01  -2.2000000e+02  -1.8676940e+01
  -8.0000000e+00   1.0000000e+00   5.7635818e+01   2.2362913e+02   5.6949240e+01  -2.2000000e+02  -2.6662144e+01
  -8.0000000e+00   1.0000000e+00   6.3541485e+01   2.3192383e+02   5.2548718e+01  -2.2000000e+02  -3.1587126e+01
  -8.0000000e+00   1.0000000e+00   6.4967403e+01   2.3216508e+02   5.0596055e+01  -2.2000000e+02  -3.1820645e+01
  -8.0000000e+00   1.0000000e+00   6.3391697e+01   2.2976471e+02   4.8859105e+01  -2.2000000e+02  -2.6247666e+01
  -8.0000000e+00   1.0000000e+00   6.0587349e+01   2.2632062e+02   4.6849996e+01  -2.2000000e+02  -1.8741383e+01
  -8.0000000e+00   1.0000000e+00   5.7680539e+01   2.2250051e+02   4.5257624e+01  -2.2000000e+02  -1.0187058e+01
  -8.0000000e+00   1.0000000e+00   5.3107912e+01   2.1821667e+02   4.5157417e+01  -2.2000000e+02  -7.8825744e-01
  -8.0000000e+00   1.0000000e+00   4.9376324e+01   2.1473640e+02   4.5267117e+01  -2.2000000e+02   8.1049494e+00
  -8.0000000e+00   1.0000000e+00   4.5426073e+01   2.1093513e+02   4.5551641e+01  -2.2000000e+02   1.5128100e+01
  -8.0000000e+00   1.0000000e+00   4.2796789e+01   2.0797803e+02   4.5801351e+01  -2.2000000e+02   2.0908510e+01
  -8.0000000e+00   1.0000000e+00   3.8877437e+01   2.0466881e+02   4.6028681e+01  -2.2000000e+02   2.7165510e+01
  -8.0000000e+00   1.0000000e+00   3.4781458e+01   2.0207733e+02   4.6714474e+01  -2.2000000e+02   3.2176109e+01
  -8.0000000e+00   1.0000000e+00   3.2849881e+01   2.0004379e+02   4.7091304e+01  -2.2000000e+02   3.6382229e+01
  -8.0000000e+00   1.0000000e+00   3.0918304e+01   1.9801025e+02   4.7468134e+01  -2.2000000e+02   4.0588348e+01
  -8.0000000e+00   1.0000000e+00   2.1904366e+01   1.9625795e+02   4.8792105e+01  -2.2000000e+02   4.5513397e+01
  -8.0000000e+00   1.0000000e+00   1.8554758e+01   1.9500306e+02   5.0112727e+01  -2.2000000e+02   4.9222683e+01
  -8.0000000e+00   1.0000000e+00   1.6089174e+01   1.9373916e+02   5.1297968e+01  -2.2000000e+02   5.3022412e+01
  -8.0000000e+00   1.0000000e+00   1.2594562e+01   1.9288805e+02   5.2170185e+01  -2.2000000e+02   5.6414916e+01
  -8.0000000e+00   1.0000000e+00   7.4111885e+00   1.9259784e+02   5.2793012e+01  -2.2000000e+02   5.9409000e+01
  -8.0000000e+00   1.0000000e+00   1.0371569e+01   1.9271280e+02   5.3459877e+01  -2.2000000e+02   6.2854258e+01
  -8.0000000e+00   1.0000000e+00   2.8211977e+00   1.9426357e+02   5.3696800e+01  -2.2000000e+02   6.5202274e+01
  -8.0000000e+00   1.0000000e+00  -6.3767660e+00   1.9595759e+02   5.3914658e+01  -2.2000000e+02   6.7401557e+01
  -8.0000000e+00   1.0000000e+00  -7.6747529e+00   1.9794641e+02   5.4115628e+01  -2.2000000e+02   6.9549931e+01
  -8.0000000e+00   1.0000000e+00  -7.6907397e+00   1.9989126e+02   5.4270619e+01  -2.2000000e+02   7.1739298e+01
  -8.0000000e+00   1.0000000e+00  -9.6990341e+00   2.0174925e+02   5.4385444e+01  -2.2000000e+02   7.3828006e+01
  -8.0000000e+00   1.0000000e+00  -5.5173551e+00   2.0182597e+02   5.4340471e+01  -2.2000000e+02   7.7319502e+01
  -8.0000000e+00   1.0000000e+00  -2.6424899e+00   2.0179560e+02   5.4269556e+01  -2.2000000e+02   8.0294646e+01
  -8.0000000e+00   1.0000000e+00  -1.7792994e+00   2.0146865e+02   5.4203708e+01  -2.2000000e+02   8.2857611e+01
  -8.0000000e+00   1.0000000e+00   3.6565075e+00   1.9905780e+02   5.4120018e+01  -2.2000000e+02   8.5100817e+01
  -8.0000000e+00   1.0000000e+00   6.5085784e+00   1.9642557e+02   5.4060172e+01  -2.2000000e+02   8.6592943e+01
  -8.0000000e+00   1.0000000e+00   5.3809361e+00   1.9378236e+02   5.4046595e+01  -2.2000000e+02   8.6323310e+01
  -8.0000000e+00   1.0000000e+00   2.1767463e+00   1.9136878e+02   5.4142201e+01  -2.2000000e+02   8.4772746e+01
  -8.0000000e+00   1.0000000e+00   1.0560885e+00   1.8717160e+02   5.5572211e+01  -2.2000000e+02   7.9804483e+01
  -8.0000000e+00   1.0000000e+00   3.5411993e+00   1.8049334e+02   6.1144007e+01  -2.2000000e+02   7.0589000e+01
  -8.0000000e+00   1.0000000e+00   4.5315916e+00   1.7382698e+02   6.9743482e+01  -2.2000000e+02   5.9368054e+01
  -8.0000000e+00   1.0000000e+00   6.9902807e+00   1.7107561e+02   7.7885865e+01  -2.2000000e+02   4.6959175e+01
  -8.0000000e+00   1.0000000e+00   9.2982229e+00   1.7415969e+02   8.0095268e+01  -2.2000000e+02   3.4752128e+01
  -8.0000000e+00   1.0000000e+00   1.4933090e+01   1.8042989e+02   7.8038749e+01  -2.2000000e+02   2.3098735e+01
  -8.0000000e+00   1.0000000e+00   2.2687608e+01   1.8769665e+02   7.4682852e+01  -2.2000000e+02   1.2628989e+01
  -8.0000000e+00   1.0000000e+00   3.1759266e+01   1.9651659e+02   7.0652980e+01  -2.2000000e+02   3.2121924e+00
  -8.0000000e+00   1.0000000e+00   4.0556264e+01   2.0577910e+02   6.6284271e+01  -2.2000000e+02  -6.2299980e+00
  -8.0000000e+00   1.0000000e+00   4.8421724e+01   2.1603295e+02   5.9679495e+01  -2.2000000e+02  -1.5064432e+01
  -8.0000000e+00   1.0000000e+00   5.5036953e+01   2.2656451e+02   5.2103249e+01  -2.2000000e+02  -2.1211476e+01
  -8.0000000e+00   1.0000000e+00   5.9488669e+01   2.3056546e+02   4.9562382e+01  -2.2000000e+02  -2.3959478e+01
  -8.0000000e+00   1.0000000e+00   5.9366626e+01   2.2888849e+02   4.7597343e+01  -2.2000000e+02  -2.1674838e+01
  -8.0000000e+00   1.0000000e+00   5.7482391e+01   2.2480464e+02   4.6263386e+01  -2.2000000e+02  -1.4612538e+01
  -8.0000000e+00   1.0000000e+00   5.4818036e+01   2.2070333e+02   4.4856373e+01  -2.2000000e+02  -6.4904086e+00
  -8.0000000e+00   1.0000000e+00   5.0522323e+01   2.1650657e+02   4.4922827e+01  -2.2000000e+02   2.2828173e+00
  -8.0000000e+00   1.0000000e+00   4.6824104e+01   2.1288169e+02   4.5128392e+01  -2.2000000e+02   1.0864879e+01
  -8.0000000e+00   1.0000000e+00   4.3192417e+01   2.0972684e+02   4.4871567e+01  -2.2000000e+02   1.9086361e+01
  -8.0000000e+00   1.0000000e+00   4.0995535e+01   2.0639782e+02   4.4439062e+01  -2.2000000e+02   2.5536321e+01
  -8.0000000e+00   1.0000000e+00   3.8601265e+01   2.0317106e+02   4.3467625e+01  -2.2000000e+02   3.1274993e+01
  -8.0000000e+00   1.0000000e+00   3.6915212e+01   1.9893496e+02   4.1501121e+01  -2.2000000e+02   3.6057078e+01
  -8.0000000e+00   1.0000000e+00   3.1801513e+01   1.9672807e+02   4.1838950e+01  -2.2000000e+02   4.1439823e+01
  -8.0000000e+00   1.0000000e+00   2.9459598e+01   1.9451700e+02   4.2399409e+01  -2.2000000e+02   4.6340817e+01
  -8.0000000e+00   1.0000000e+00   2.3101016e+01   1.9298598e+02   4.2611015e+01  -2.2000000e+02   5.0823001e+01
  -8.0000000e+00   1.0000000e+00   1.3474725e+01   1.9339713e+02   4.3228427e+01  -2.2000000e+02   5.3763683e+01
  -8.0000000e+00   1.0000000e+00   1.1526476e+01   1.9343094e+02   4.3877293e+01  -2.2000000e+02   5.8164125e+01
  -8.0000000e+00   1.0000000e+00   7.0557688e+00   1.9372060e+02   4.4375406e+01  -2.2000000e+02   6.2079597e+01
  -8.0000000e+00   1.0000000e+00   3.5917473e-01   1.9552407e+02   4.4558845e+01  -2.2000000e+02   6.4310269e+01
  -8.0000000e+00   1.0000000e+00  -5.1296148e+00   1.9742018e+02   4.4725086e+01  -2.2000000e+02   6.6496004e+01
  -8.0000000e+00   1.0000000e+00  -9.7744438e+00   1.9940264e+02   4.4856083e+01  -2.2000000e+02   6.8533316e+01
  -8.0000000e+00   1.0000000e+00  -5.1013445e+00   2.0165055e+02   4.4942426e+01  -2.2000000e+02   7.0595888e+01
  -8.0000000e+00   1.0000000e+00  -3.7449477e+00   2.0338017e+02   4.4946798e+01  -2.2000000e+02   7.2939532e+01
  -8.0000000e+00   1.0000000e+00  -1.2185504e+00   2.0390585e+02   4.4810851e+01  -2.2000000e+02   7.6046155e+01
  -8.0000000e+00   1.0000000e+00   2.8348915e+00   2.0356160e+02   4.4597430e+01  -2.2000000e+02   7.9561868e+01
  -8.0000000e+00   1.0000000e+00  -1.0518801e-01   2.0304283e+02   4.4428880e+01  -2.2000000e+02   8.2474384e+01
  -8.0000000e+00   1.0000000e+00  -1.2014616e+00   2.0276624e+02   4.4318008e+01  -2.2000000e+02   8.4657329e+01
  -8.0000000e+00   1.0000000e+00   3.4951943e+00   1.9990841e+02   4.4313380e+01  -2.2000000e+02   8.5500401e+01
  -8.0000000e+00   1.0000000e+00   5.3211269e+00   1.9586685e+02   4.4513050e+01  -2.2000000e+02   8.2435275e+01
  -8.0000000e+00   1.0000000e+00   7.2760511e+00   1.8910993e+02   4.7801308e+01  -2.2000000e+02   7.5709991e+01
  -8.0000000e+00   1.0000000e+00   1.0425352e+01   1.8083160e+02   5.6361838e+01  -2.2000000e+02   6.5828196e+01
  -8.0000000e+00   1.0000000e+00   1.0447546e+01   1.7387139e+02   6.6200105e+01  -2.2000000e+02   5.4918978e+01
  -8.0000000e+00   1.0000000e+00   1.2739724e+01   1.7145721e+02   7.4478228e+01  -2.2000000e+02   4.2469772e+01
  -8.0000000e+00   1.0000000e+00   1.6090730e+01   1.7525314e+02   7.8306789e+01  -2.2000000e+02   3.0726877e+01
  -8.0000000e+00   1.0000000e+00   2.1805174e+01   1.8204479e+02   7.6069621e+01  -2.2000000e+02   1.9713098e+01
  -8.0000000e+00   1.0000000e+00   2.8185549e+01   1.8920196e+02   7.3170164e+01  -2.2000000e+02   9.8618519e+00
  -8.0000000e+00   1.0000000e+00   3.5764462e+01   1.9705999e+02   7.0113926e+01  -2.2000000e+02  -3.8702616e-01
  -8.0000000e+00   1.0000000e+00   4.3064434e+01   2.0519597e+02   6.6822274e+01  -2.2000000e+02  -1.0386298e+01
  -8.0000000e+00   1.0000000e+00   4.9852303e+01   2.1406454e+02   6.3027721e+01  -2.2000000e+02  -2.0070061e+01
  -8.0000000e+00   1.0000000e+00   5.6327305e+01   2.2407110e+02   5.7136498e+01  -2.2000000e+02  -2.7764849e+01
  -8.0000000e+00   1.0000000e+00   6.2336902e+01   2.3229181e+02   5.2738956e+01  -2.2000000e+02  -3.2001286e+01
  -8.0000000e+00   1.0000000e+00   6.4442589e+01   2.3351680e+02   5.0511622e+01  -2.2000000e+02  -3.3264218e+01
  -8.0000000e+00   1.0000000e+00   6.3483517e+01   2.3135032e+02   4.9210006e+01  -2.2000000e+02  -2.9248656e+01
  -8.0000000e+00   1.0000000e+00   6.0626183e+01   2.2805935e+02   4.7494115e+01  -2.2000000e+02  -2.2661692e+01
  -8.0000000e+00   1.0000000e+00   5.8448580e+01   2.2435694e+02   4.6535030e+01  -2.2000000e+02  -1.4130216e+01
  -8.0000000e+00   1.0000000e+00   5.4706622e+01   2.2002983e+02   4.5441562e+01  -2.2000000e+02  -5.0048171e+00
  -8.0000000e+00   1.0000000e+00   5.0530276e+01   2.1543157e+02   4.5285171e+01  -2.2000000e+02   4.0898431e+00
  -8.0000000e+00   1.0000000e+00   4.6650200e+01   2.1161956e+02   4.4286684e+01  -2.2000000e+02   1.1708553e+01
  -8.0000000e+00   1.0000000e+00   4.3092443e+01   2.0819715e+02   4.3214792e+01  -2.2000000e+02   1.9210087e+01
  -8.0000000e+00   1.0000000e+00   4.0851904e+01   2.0500442e+02   4.1983464e+01  -2.2000000e+02   2.5996935e+01
  -8.0000000e+00   1.0000000e+00   3.8067687e+01   2.0108992e+02   4.0556176e+01  -2.2000000e+02   3.1577350e+01
  -8.0000000e+00   1.0000000e+00   3.2088255e+01   1.9828014e+02   4.1842921e+01  -2.2000000e+02   3.7272954e+01
  -8.0000000e+00   1.0000000e+00   2.7005800e+01   1.9571588e+02   4.3437443e+01  -2.2000000e+02   4.2838432e+01
  -8.0000000e+00   1.0000000e+00   1.9393080e+01   1.9443994e+02   4.4766559e+01  -2.2000000e+02   4.7331066e+01
  -8.0000000e+00   1.0000000e+00   1.4233117e+01   1.9331774e+02   4.6085614e+01  -2.2000000e+02   5.1839026e+01
  -8.0000000e+00   1.0000000e+00   8.9499875e+00   1.9312647e+02   4.7026309e+01  -2.2000000e+02   5.5391329e+01
  -8.0000000e+00   1.0000000e+00  -9.8383327e-01   1.9476787e+02   4.7490538e+01  -2.2000000e+02   5.7396545e+01
  -8.0000000e+00   1.0000000e+00  -9.5055230e+00   1.9656356e+02   4.7930089e+01  -2.2000000e+02   5.9318681e+01
  -8.0000000e+00   1.0000000e+00  -1.3671234e+01   1.9967021e+02   4.8093236e+01  -2.2000000e+02   6.0370413e+01
  -8.0000000e+00   1.0000000e+00  -9.3809566e+00   2.0111207e+02   4.8315705e+01  -2.2000000e+02   6.3750716e+01
  -8.0000000e+00   1.0000000e+00  -9.5891688e+00   2.0227867e+02   4.8503694e+01  -2.2000000e+02   6.6994215e+01
  -8.0000000e+00   1.0000000e+00  -3.4774709e+00   2.0080773e+02   4.8620282e+01  -2.2000000e+02   7.2090748e+01
  -8.0000000e+00   1.0000000e+00   1.3436911e+00   1.9885101e+02   4.8713773e+01  -2.2000000e+02   7.6310183e+01
  -8.0000000e+00   1.0000000e+00   3.6054619e+00   1.9604551e+02   4.8854259e+01  -2.2000000e+02   7.9596270e+01
  -8.0000000e+00   1.0000000e+00   1.5799500e+00   1.9404466e+02   4.9090821e+01  -2.2000000e+02   8.0181093e+01
  -8.0000000e+00   1.0000000e+00   1.5854000e+00   1.8977113e+02   5.0314147e+01  -2.2000000e+02   7.7507277e+01
  -8.0000000e+00   1.0000000e+00   3.8468013e+00   1.8338171e+02   5.4220952e+01  -2.2000000e+02   7.1153399e+01
  -8.0000000e+00   1.0000000e+00   9.3693288e+00   1.7608432e+02   6.3098020e+01  -2.2000000e+02   6.0465896e+01
  -8.0000000e+00   1.0000000e+00   1.1680914e+01   1.7253592e+02   7.2039226e+01  -2.2000000e+02   4.8481489e+01
  -8.0000000e+00   1.0000000e+00   1.5083946e+01   1.7597410e+02   7.6947779e+01  -2.2000000e+02   3.6575199e+01
  -8.0000000e+00   1.0000000e+00   2.1758002e+01   1.8197388e+02   7.6443251e+01  -2.2000000e+02   2.5670197e+01
  -8.0000000e+00   1.0000000e+00   2.9043660e+01   1.8951801e+02   7.3390541e+01  -2.2000000e+02   1.5661913e+01
  -8.0000000e+00   1.0000000e+00   3.7451580e+01   1.9760092e+02   7.0201861e+01  -2.2000000e+02   5.7050018e+00
  -8.0000000e+00   1.0000000e+00   4.5504211e+01   2.0465334e+02   6.7762920e+01  -2.2000000e+02  -4.6695761e+00
  -8.0000000e+00   1.0000000e+00   5.1396994e+01   2.1084079e+02   6.5462325e+01  -2.2000000e+02  -1.4812231e+01
  -8.0000000e+00   1.0000000e+00   5.6716635e+01   2.1897445e+02   6.1867360e+01  -2.2000000e+02  -2.3645899e+01
  -8.0000000e+00   1.0000000e+00   6.3146245e+01   2.2877997e+02   5.5737507e+01  -2.2000000e+02  -2.7588407e+01
  -8.0000000e+00   1.0000000e+00   6.6670476e+01   2.3219274e+02   5.2834974e+01  -2.2000000e+02  -2.9990159e+01
  -8.0000000e+00   1.0000000e+00   6.6654226e+01   2.3113230e+02   5.0821744e+01  -2.2000000e+02  -2.6721438e+01
  -8.0000000e+00   1.0000000e+00   6.4142270e+01   2.2739268e+02   4.9196155e+01  -2.2000000e+02  -2.0375412e+01
  -8.0000000e+00   1.0000000e+00   6.0543770e+01   2.2322566e+02   4.7574357e+01  -2.2000000e+02  -1.1844042e+01
  -8.0000000e+00   1.0000000e+00   5.7914127e+01   2.1902508e+02   4.6626740e+01  -2.2000000e+02  -2.5246465e+00
  -8.0000000e+00   1.0000000e+00   5.3642060e+01   2.1471622e+02   4.6729021e+01  -2.2000000e+02   6.9191656e+00
  -8.0000000e+00   1.0000000e+00   4.9856717e+01   2.1153128e+02   4.6996088e+01  -2.2000000e+02   1.5467857e+01
  -8.0000000e+00   1.0000000e+00   4.5860761e+01   2.0830801e+02   4.7105905e+01  -2.2000000e+02   2.3738895e+01
  -8.0000000e+00   1.0000000e+00   4.1486321e+01   2.0431654e+02   4.6139528e+01  -2.2000000e+02   3.0769897e+01
  -8.0000000e+00   1.0000000e+00   3.8457352e+01   2.0028348e+02   4.6142121e+01  -2.2000000e+02   3.7181652e+01
  -8.0000000e+00   1.0000000e+00   3.4600413e+01   1.9616881e+02   4.5526730e+01  -2.2000000e+02   4.2302177e+01
  -8.0000000e+00   1.0000000e+00   2.9315126e+01   1.9361312e+02   4.6504046e+01  -2.2000000e+02   4.7436619e+01
  -8.0000000e+00   1.0000000e+00   2.6483783e+01   1.9128055e+02   4.7427042e+01  -2.2000000e+02   5.2173979e+01
  -8.0000000e+00   1.0000000e+00   2.2579753e+01   1.9020028e+02   4.7574356e+01  -2.2000000e+02   5.6746559e+01
  -8.0000000e+00   1.0000000e+00   1.6901613e+01   1.8977782e+02   4.7627410e+01  -2.2000000e+02   6.0677460e+01
  -8.0000000e+00   1.0000000e+00   1.2005312e+01   1.8988639e+02   4.7753554e+01  -2.2000000e+02   6.4199639e+01
  -8.0000000e+00   1.0000000e+00   4.1730051e+00   1.9037763e+02   4.7899972e+01  -2.2000000e+02   6.7538949e+01
  -8.0000000e+00   1.0000000e+00   1.7768674e+00   1.9139380e+02   4.8041979e+01  -2.2000000e+02   7.0559932e+01
  -8.0000000e+00   1.0000000e+00   1.8073784e+00   1.9268046e+02   4.8117534e+01  -2.2000000e+02   7.3620303e+01
  -8.0000000e+00   1.0000000e+00  -2.3701429e+00   1.9414584e+02   4.8133745e+01  -2.2000000e+02   7.6366935e+01
  -8.0000000e+00   1.0000000e+00  -4.4022420e+00   1.9581001e+02   4.8131968e+01  -2.2000000e+02   7.8844098e+01
  -8.0000000e+00   1.0000000e+00  -7.6906941e+00   1.9765096e+02   4.8123754e+01  -2.2000000e+02   8.0950943e+01
  -8.0000000e+00   1.0000000e+00   4.8884956e-03   1.9593470e+02   4.8036124e+01  -2.2000000e+02   8.3815707e+01
  -8.0000000e+00   1.0000000e+00   4.8481542e+00   1.9448528e+02   4.7952522e+01  -2.2000000e+02   8.5867845e+01
  -8.0000000e+00   1.0000000e+00   4.5678379e+00   1.9313494e+02   4.7899037e+01  -2.2000000e+02   8.5431365e+01
  -8.0000000e+00   1.0000000e+00  -3.2552727e+00   1.9157355e+02   4.8234177e+01  -2.2000000e+02   8.1881291e+01
  -8.0000000e+00   1.0000000e+00   4.5837273e+00   1.8289825e+02   5.5504490e+01  -2.2000000e+02   7.1435635e+01
  -8.0000000e+00   1.0000000e+00   7.1227766e+00   1.7461075e+02   6.4432996e+01  -2.2000000e+02   5.9826957e+01
  -8.0000000e+00   1.0000000e+00   7.0875381e+00   1.6912018e+02   7.3379728e+01  -2.2000000e+02   4.7524505e+01
  -8.0000000e+00   1.0000000e+00   6.0002675e+00   1.6979629e+02   7.9806368e+01  -2.2000000e+02   3.5253550e+01
  -8.0000000e+00   1.0000000e+00   1.1185766e+01   1.7528143e+02   8.0063505e+01  -2.2000000e+02   2.3583203e+01
  -8.0000000e+00   1.0000000e+00   1.8856012e+01   1.8209156e+02   7.7600706e+01  -2.2000000e+02   1.3068733e+01
  -8.0000000e+00   1.0000000e+00   2.6679751e+01   1.8901909e+02   7.5064814e+01  -2.2000000e+02   3.2891387e+00
  -8.0000000e+00   1.0000000e+00   3.3988081e+01   1.9657854e+02   7.2041380e+01  -2.2000000e+02  -6.5758253e+00
  -8.0000000e+00   1.0000000e+00   4.1161273e+01   2.0494449e+02   6.8571268e+01  -2.2000000e+02  -1.6292566e+01
  -8.0000000e+00   1.0000000e+00   4.8654973e+01   2.1439500e+02   6.3563631e+01  -2.2000000e+02  -2.4689663e+01
  -8.0000000e+00   1.0000000e+00   5.4953294e+01   2.2496084e+02   5.6903250e+01  -2.2000000e+02  -3.1866765e+01
  -8.0000000e+00   1.0000000e+00   5.9641245e+01   2.3309851e+02   5.1866940e+01  -2.2000000e+02  -3.6534308e+01
  -8.0000000e+00   1.0000000e+00   6.0953051e+01   2.3281922e+02   4.9694031e+01  -2.2000000e+02  -3.5459741e+01
  -8.0000000e+00   1.0000000e+00   5.8516496e+01   2.2955509e+02   4.7486023e+01  -2.2000000e+02  -2.9792268e+01
  -8.0000000e+00   1.0000000e+00   5.6229085e+01   2.2579803e+02   4.5289509e+01  -2.2000000e+02  -2.2877509e+01
  -8.0000000e+00   1.0000000e+00   5.4994750e+01   2.2245254e+02   4.3552753e+01  -2.2000000e+02  -1.5280859e+01
  -8.0000000e+00   1.0000000e+00   5.2269798e+01   2.1892922e+02   4.2265234e+01  -2.2000000e+02  -6.8620907e+00
  -8.0000000e+00   1.0000000e+00   5.0767907e+01   2.1602871e+02   4.1806566e+01  -2.2000000e+02  -7.4919683e-02
  -8.0000000e+00   1.0000000e+00   4.9898658e+01   2.1343516e+02   4.1953632e+01  -2.2000000e+02   5.4065998e+00
  -8.0000000e+00   1.0000000e+00   4.8333003e+01   2.1123005e+02   4.3280259e+01  -2.2000000e+02   1.0429191e+01
  -8.0000000e+00   1.0000000e+00   4.5150578e+01   2.0889394e+02   4.4719351e+01  -2.2000000e+02   1.6338757e+01
  -8.0000000e+00   1.0000000e+00   4.3376884e+01   2.0807157e+02   4.5934050e+01  -2.2000000e+02   1.9735930e+01
  -8.0000000e+00   1.0000000e+00   3.9814610e+01   2.0585792e+02   4.7417413e+01  -2.2000000e+02   2.6032113e+01
  -8.0000000e+00   1.0000000e+00   3.3399123e+01   2.0363627e+02   4.9305766e+01  -2.2000000e+02   3.2304931e+01
  -8.0000000e+00   1.0000000e+00   3.4656019e+01   2.0161436e+02   4.8815699e+01  -2.2000000e+02   3.6725901e+01
  -8.0000000e+00   1.0000000e+00   3.2403820e+01   1.9802371e+02   4.9399674e+01  -2.2000000e+02   4.1422230e+01
  -8.0000000e+00   1.0000000e+00   2.7948882e+01   1.9545644e+02   5.0701194e+01  -2.2000000e+02   4.6203946e+01
  -8.0000000e+00   1.0000000e+00   2.0866261e+01   1.9310420e+02   5.1897973e+01  -2.2000000e+02   5.0100131e+01
  -8.0000000e+00   1.0000000e+00   1.7751000e+01   1.9146971e+02   5.3747904e+01  -2.2000000e+02   5.4491404e+01
  -8.0000000e+00   1.0000000e+00   1.1990834e+01   1.9075688e+02   5.5307793e+01  -2.2000000e+02   5.8410900e+01
  -8.0000000e+00   1.0000000e+00   1.2995186e+00   1.9209332e+02   5.5995083e+01  -2.2000000e+02   6.0469267e+01
  -8.0000000e+00   1.0000000e+00   2.2459737e+00   1.9285551e+02   5.6878913e+01  -2.2000000e+02   6.4401828e+01
  -8.0000000e+00   1.0000000e+00   3.6647253e-01   1.9372029e+02   5.7503696e+01  -2.2000000e+02   6.7919141e+01
  -8.0000000e+00   1.0000000e+00   1.1891460e+00   1.9471668e+02   5.7945371e+01  -2.2000000e+02   7.1175810e+01
  -8.0000000e+00   1.0000000e+00   2.0118195e+00   1.9571307e+02   5.8387046e+01  -2.2000000e+02   7.4432479e+01
  -8.0000000e+00   1.0000000e+00   6.5796882e+00   1.9379443e+02   5.8505701e+01  -2.2000000e+02   7.8313761e+01
  -8.0000000e+00   1.0000000e+00   7.9196990e+00   1.9201681e+02   5.8557716e+01  -2.2000000e+02   8.1552923e+01
  -8.0000000e+00   1.0000000e+00   7.3123160e+00   1.9031516e+02   5.8583164e+01  -2.2000000e+02   8.3679464e+01
  -8.0000000e+00   1.0000000e+00   6.0474695e+00   1.8863998e+02   5.8634118e+01  -2.2000000e+02   8.3765683e+01
  -8.0000000e+00   1.0000000e+00   4.5001982e+00   1.8662171e+02   5.8789405e+01  -2.2000000e+02   8.1748000e+01
  -8.0000000e+00   1.0000000e+00  -6.8648616e-01   1.8218395e+02   6.1619369e+01  -2.2000000e+02   7.3471268e+01
  -8.0000000e+00   1.0000000e+00  -3.5792786e+00   1.7620142e+02   6.9910533e+01  -2.2000000e+02   6.4126173e+01
  -8.0000000e+00   1.0000000e+00  -7.5130682e-01   1.7046596e+02   7.9262185e+01  -2.2000000e+02   5.2274232e+01
  -8.0000000e+00   1.0000000e+00   1.0741128e+00   1.7089460e+02   8.6163806e+01  -2.2000000e+02   3.9855722e+01
  -8.0000000e+00   1.0000000e+00   5.8619706e+00   1.7476226e+02   8.5564349e+01  -2.2000000e+02   2.8644709e+01
  -8.0000000e+00   1.0000000e+00   1.3191142e+01   1.8143636e+02   8.1501250e+01  -2.2000000e+02   1.8265049e+01
  -8.0000000e+00   1.0000000e+00   2.1300792e+01   1.8802044e+02   7.7767516e+01  -2.2000000e+02   8.6606948e+00
  -8.0000000e+00   1.0000000e+00   3.0476014e+01   1.9593095e+02   7.4002340e+01  -2.2000000e+02  -1.1940923e-01
  -8.0000000e+00   1.0000000e+00   3.9779564e+01   2.0487391e+02   6.9814674e+01  -2.2000000e+02  -8.9722678e+00
  -8.0000000e+00   1.0000000e+00   4.8845301e+01   2.1490347e+02   6.4204565e+01  -2.2000000e+02  -1.6736522e+01
  -8.0000000e+00   1.0000000e+00   5.7449137e+01   2.2526261e+02   5.7664520e+01  -2.2000000e+02  -2.0651180e+01
  -8.0000000e+00   1.0000000e+00   6.2930135e+01   2.3094289e+02   5.4453318e+01  -2.2000000e+02  -2.4735526e+01
  -8.0000000e+00   1.0000000e+00   6.5137618e+01   2.3178211e+02   5.2426730e+01  -2.2000000e+02  -2.5826572e+01
  -8.0000000e+00   1.0000000e+00   6.4906844e+01   2.2986983e+02   5.1036435e+01  -2.2000000e+02  -2.2466725e+01
  -8.0000000e+00   1.0000000e+00   6.3708316e+01   2.2704704e+02   4.9747196e+01  -2.2000000e+02  -1.7478684e+01
  -8.0000000e+00   1.0000000e+00   6.1969285e+01   2.2404924e+02   4.8570569e+01  -2.2000000e+02  -1.1299960e+01
  -8.0000000e+00   1.0000000e+00   5.9745024e+01   2.2148875e+02   4.8250855e+01  -2.2000000e+02  -4.9717826e+00
  -8.0000000e+00   1.0000000e+00   5.7580011e+01   2.1940614e+02   4.7341352e+01  -2.2000000e+02  -6.9680715e-01
  -8.0000000e+00   1.0000000e+00   5.4657065e+01   2.1710694e+02   4.7559250e+01  -2.2000000e+02   4.5909948e+00
  -8.0000000e+00   1.0000000e+00   5.3316861e+01   2.1584004e+02   4.7810957e+01  -2.2000000e+02   8.3239324e+00
  -8.0000000e+00   1.0000000e+00   5.2152407e+01   2.1482651e+02   4.7127487e+01  -2.2000000e+02   9.6000750e+00
  -8.0000000e+00   1.0000000e+00   5.1293193e+01   2.1392310e+02   4.6675107e+01  -2.2000000e+02   1.3260468e+01
  -8.0000000e+00   1.0000000e+00   4.9586172e+01   2.1252334e+02   4.6229442e+01  -2.2000000e+02   1.6427815e+01
  -8.0000000e+00   1.0000000e+00   4.7421978e+01   2.1110103e+02   4.5817605e+01  -2.2000000e+02   1.9138261e+01
  -8.0000000e+00   1.0000000e+00   4.5620788e+01   2.1010566e+02   4.5920134e+01  -2.2000000e+02   2.1584359e+01
  -8.0000000e+00   1.0000000e+00   4.3952931e+01   2.0872019e+02   4.6670364e+01  -2.2000000e+02   2.5406001e+01
  -8.0000000e+00   1.0000000e+00   4.2819783e+01   2.0678033e+02   4.6659842e+01  -2.2000000e+02   2.7993268e+01
  -8.0000000e+00   1.0000000e+00   3.9982899e+01   2.0460813e+02   4.7263660e+01  -2.2000000e+02   3.1881443e+01
  -8.0000000e+00   1.0000000e+00   3.8434358e+01   2.0172961e+02   4.7081646e+01  -2.2000000e+02   3.5937309e+01
  -8.0000000e+00   1.0000000e+00   3.8974269e+01   1.9752504e+02   4.5698764e+01  -2.2000000e+02   3.9300310e+01
  -8.0000000e+00   1.0000000e+00   3.6864294e+01   1.9383962e+02   4.5059411e+01  -2.2000000e+02   4.3271905e+01
  -8.0000000e+00   1.0000000e+00   3.4920638e+01   1.9111842e+02   4.4661687e+01  -2.2000000e+02   4.8338317e+01
  -8.0000000e+00   1.0000000e+00   3.0781945e+01   1.9002789e+02   4.6349436e+01  -2.2000000e+02   5.3800040e+01
  -8.0000000e+00   1.0000000e+00   2.5331639e+01   1.8940254e+02   4.7517459e+01  -2.2000000e+02   5.8598470e+01
  -8.0000000e+00   1.0000000e+00   2.0208765e+01   1.8925734e+02   4.8244695e+01  -2.2000000e+02   6.2705758e+01
  -8.0000000e+00   1.0000000e+00   1.5085892e+01   1.8911214e+02   4.8971930e+01  -2.2000000e+02   6.6813047e+01
  -8.0000000e+00   1.0000000e+00   4.0460958e+00   1.9083174e+02   4.9220333e+01  -2.2000000e+02   6.8695747e+01
  -8.0000000e+00   1.0000000e+00  -4.2167405e+00   1.9263605e+02   4.9462037e+01  -2.2000000e+02   7.0616039e+01
  -8.0000000e+00   1.0000000e+00  -4.4694375e-02   1.9249718e+02   4.9801420e+01  -2.2000000e+02   7.4869855e+01
  -8.0000000e+00   1.0000000e+00   2.4064927e-01   1.9182243e+02   5.0139558e+01  -2.2000000e+02   7.8037413e+01
  -8.0000000e+00   1.0000000e+00  -1.8597764e+00   1.9049355e+02   5.0597527e+01  -2.2000000e+02   8.0223390e+01
  -8.0000000e+00   1.0000000e+00  -5.6770677e-01   1.8859995e+02   5.1218393e+01  -2.2000000e+02   8.1602596e+01
  -8.0000000e+00   1.0000000e+00  -1.2024824e+00   1.8487457e+02   5.3437700e+01  -2.2000000e+02   7.8460133e+01
  -8.0000000e+00   1.0000000e+00   2.9242099e-01   1.7924292e+02   5.8931627e+01  -2.2000000e+02   7.1274410e+01
  -8.0000000e+00   1.0000000e+00   4.6733986e+00   1.7276589e+02   6.6545213e+01  -2.2000000e+02   6.0270248e+01
  -8.0000000e+00   1.0000000e+00   6.6050230e+00   1.6850485e+02   7.4920443e+01  -2.2000000e+02   4.8013605e+01
  -8.0000000e+00   1.0000000e+00   4.3770416e+00   1.7056969e+02   8.1262287e+01  -2.2000000e+02   3.5583988e+01
  -8.0000000e+00   1.0000000e+00   1.0345370e+01   1.7617367e+02   8.1535086e+01  -2.2000000e+02   2.4072412e+01
  -8.0000000e+00   1.0000000e+00   1.7598032e+01   1.8313135e+02   7.7597241e+01  -2.2000000e+02   1.3368220e+01
  -8.0000000e+00   1.0000000e+00   2.5688280e+01   1.9088780e+02   7.3563974e+01  -2.2000000e+02   3.7568599e+00
  -8.0000000e+00   1.0000000e+00   3.4589252e+01   2.0040607e+02   6.8479825e+01  -2.2000000e+02  -5.8429668e+00
  -8.0000000e+00   1.0000000e+00   4.3692797e+01   2.1159203e+02   6.0467348e+01  -2.2000000e+02  -1.3898074e+01
  -8.0000000e+00   1.0000000e+00   5.1803710e+01   2.2303683e+02   5.1974229e+01  -2.2000000e+02  -1.9166103e+01
  -8.0000000e+00   1.0000000e+00   5.6143023e+01   2.2963576e+02   4.8046806e+01  -2.2000000e+02  -2.6178852e+01
  -8.0000000e+00   1.0000000e+00   5.7870616e+01   2.3028560e+02   4.5747491e+01  -2.2000000e+02  -2.8556483e+01
  -8.0000000e+00   1.0000000e+00   5.7208248e+01   2.2820352e+02   4.3556566e+01  -2.2000000e+02  -2.6877973e+01
  -8.0000000e+00   1.0000000e+00   5.4767994e+01   2.2431936e+02   4.1344864e+01  -2.2000000e+02  -2.1229420e+01
  -8.0000000e+00   1.0000000e+00   5.1378083e+01   2.1999958e+02   3.9375502e+01  -2.2000000e+02  -1.3341955e+01
  -8.0000000e+00   1.0000000e+00   4.8575515e+01   2.1573815e+02   3.7733971e+01  -2.2000000e+02  -4.9891765e+00
  -8.0000000e+00   1.0000000e+00   4.5750365e+01   2.1139549e+02   3.5060428e+01  -2.2000000e+02   2.4053259e+00
  -8.0000000e+00   1.0000000e+00   4.5148903e+01   2.0723003e+02   3.1638651e+01  -2.2000000e+02   1.0265772e+01
  -8.0000000e+00   1.0000000e+00   4.3791683e+01   2.0324612e+02   2.8220686e+01  -2.2000000e+02   1.6921903e+01
  -8.0000000e+00   1.0000000e+00   4.0304626e+01   1.9987273e+02   2.9260769e+01  -2.2000000e+02   2.4137752e+01
  -8.0000000e+00   1.0000000e+00   3.7054701e+01   1.9820192e+02   2.9908737e+01  -2.2000000e+02   3.0740261e+01
  -8.0000000e+00   1.0000000e+00   3.3494904e+01   1.9613920e+02   3.0555704e+01  -2.2000000e+02   3.5793302e+01
  -8.0000000e+00   1.0000000e+00   3.1717456e+01   1.9392048e+02   3.0069404e+01  -2.2000000e+02   3.8922262e+01
  -8.0000000e+00   1.0000000e+00   2.9817722e+01   1.9240300e+02   2.9334016e+01  -2.2000000e+02   4.2002848e+01
  -8.0000000e+00   1.0000000e+00   2.7408280e+01   1.9167777e+02   2.8831685e+01  -2.2000000e+02   4.6275631e+01
  -8.0000000e+00   1.0000000e+00   2.1052800e+01   1.9111295e+02   2.8599015e+01  -2.2000000e+02   5.0333444e+01
  -8.0000000e+00   1.0000000e+00   1.7032272e+01   1.9058519e+02   2.8898322e+01  -2.2000000e+02   5.4181339e+01
  -8.0000000e+00   1.0000000e+00   1.3011744e+01   1.9005743e+02   2.9197629e+01  -2.2000000e+02   5.8029235e+01
  -8.0000000e+00   1.0000000e+00   5.3755837e+00   1.9122411e+02   2.9563996e+01  -2.2000000e+02   6.0551972e+01
  -8.0000000e+00   1.0000000e+00  -4.8543327e+00   1.9392257e+02   2.9829050e+01  -2.2000000e+02   6.1814853e+01
  -8.0000000e+00   1.0000000e+00  -4.7591556e+00   1.9563362e+02   3.0202294e+01  -2.2000000e+02   6.4324913e+01
  -8.0000000e+00   1.0000000e+00   2.1994512e+00   1.9383981e+02   3.0725146e+01  -2.2000000e+02   6.9333375e+01
  -8.0000000e+00   1.0000000e+00   6.8844176e+00   1.9106559e+02   3.1168649e+01  -2.2000000e+02   7.3693437e+01
  -8.0000000e+00   1.0000000e+00   6.2086268e+00   1.8824215e+02   3.1873032e+01  -2.2000000e+02   7.5382508e+01
  -8.0000000e+00   1.0000000e+00   8.0202851e+00   1.8168856e+02   3.7734824e+01  -2.2000000e+02   7.0103863e+01
  -8.0000000e+00   1.0000000e+00   1.1939875e+01   1.7396258e+02   4.7144414e+01  -2.2000000e+02   6.0725522e+01
  -8.0000000e+00   1.0000000e+00   1.3711043e+01   1.6783391e+02   5.6801941e+01  -2.2000000e+02   4.9489402e+01
  -8.0000000e+00   1.0000000e+00   1.9003447e+01   1.6957427e+02   6.5422733e+01  -2.2000000e+02   3.7165197e+01
  -8.0000000e+00   1.0000000e+00   2.3851140e+01   1.7676065e+02   6.8139676e+01  -2.2000000e+02   2.5747752e+01
  -8.0000000e+00   1.0000000e+00   2.9401079e+01   1.8464294e+02   6.7174922e+01  -2.2000000e+02   1.5214978e+01
  -8.0000000e+00   1.0000000e+00   3.5969927e+01   1.9252795e+02   6.4975328e+01  -2.2000000e+02   5.9131390e+00
  -8.0000000e+00   1.0000000e+00   4.2556735e+01   1.9959148e+02   6.3253880e+01  -2.2000000e+02  -4.1518742e+00
  -8.0000000e+00   1.0000000e+00   4.8769014e+01   2.0606505e+02   6.1980606e+01  -2.2000000e+02  -1.3968943e+01
  -8.0000000e+00   1.0000000e+00   5.4474085e+01   2.1380770e+02   5.9983878e+01  -2.2000000e+02  -2.3331758e+01
  -8.0000000e+00   1.0000000e+00   5.8848236e+01   2.2325881e+02   5.5103842e+01  -2.2000000e+02  -3.1097451e+01
  -8.0000000e+00   1.0000000e+00   6.3420163e+01   2.3230268e+02   4.9947592e+01  -2.2000000e+02  -3.4693115e+01
  -8.0000000e+00   1.0000000e+00   6.5119162e+01   2.3264541e+02   4.8672959e+01  -2.2000000e+02  -3.2672328e+01
  -8.0000000e+00   1.0000000e+00   6.3958038e+01   2.3093963e+02   4.7456222e+01  -2.2000000e+02  -2.8538027e+01
  -8.0000000e+00   1.0000000e+00   5.9931576e+01   2.2744853e+02   4.5922019e+01  -2.2000000e+02  -2.1046934e+01
  -8.0000000e+00   1.0000000e+00   5.6032557e+01   2.2319298e+02   4.5610291e+01  -2.2000000e+02  -1.1856982e+01
  -8.0000000e+00   1.0000000e+00   5.0826708e+01   2.1880689e+02   4.5467452e+01  -2.2000000e+02  -2.4209067e+00
  -8.0000000e+00   1.0000000e+00   4.6793930e+01   2.1510232e+02   4.5973120e+01  -2.2000000e+02   7.0073617e+00
  -8.0000000e+00   1.0000000e+00   4.2206472e+01   2.1176988e+02   4.6039039e+01  -2.2000000e+02   1.5291839e+01
  -8.0000000e+00   1.0000000e+00   3.7729844e+01   2.0870772e+02   4.6392575e+01  -2.2000000e+02   2.3029281e+01
  -8.0000000e+00   1.0000000e+00   3.3836596e+01   2.0570539e+02   4.6566560e+01  -2.2000000e+02   2.9714149e+01
  -8.0000000e+00   1.0000000e+00   2.9705156e+01   2.0283948e+02   4.6708989e+01  -2.2000000e+02   3.5388678e+01
  -8.0000000e+00   1.0000000e+00   2.6377172e+01   1.9981269e+02   4.6970621e+01  -2.2000000e+02   3.9838995e+01
  -8.0000000e+00   1.0000000e+00   2.0554971e+01   1.9810237e+02   4.8116438e+01  -2.2000000e+02   4.3968117e+01
  -8.0000000e+00   1.0000000e+00   1.4437192e+01   1.9739356e+02   4.9173344e+01  -2.2000000e+02   4.8036959e+01
  -8.0000000e+00   1.0000000e+00   4.0576087e+00   1.9783011e+02   5.0043825e+01  -2.2000000e+02   5.0773034e+01
  -8.0000000e+00   1.0000000e+00   3.8966944e+00   1.9852901e+02   5.1147530e+01  -2.2000000e+02   5.4169312e+01
  -8.0000000e+00   1.0000000e+00   5.9000107e-02   1.9901491e+02   5.1988894e+01  -2.2000000e+02   5.7644685e+01
  -8.0000000e+00   1.0000000e+00  -3.7786941e+00   1.9950082e+02   5.2830259e+01  -2.2000000e+02   6.1120058e+01
  -8.0000000e+00   1.0000000e+00  -6.9463886e+00   2.0097026e+02   5.3044818e+01  -2.2000000e+02   6.3450234e+01
  -8.0000000e+00   1.0000000e+00  -3.8678311e+00   2.0133427e+02   5.3108914e+01  -2.2000000e+02   6.7163192e+01
  -8.0000000e+00   1.0000000e+00  -2.3589133e+00   2.0136871e+02   5.3135205e+01  -2.2000000e+02   7.0638171e+01
  -8.0000000e+00   1.0000000e+00  -1.0036234e+01   2.0306739e+02   5.3158073e+01  -2.2000000e+02   7.2241491e+01
  -8.0000000e+00   1.0000000e+00  -1.0888101e+01   2.0491205e+02   5.3176719e+01  -2.2000000e+02   7.4008087e+01
  -8.0000000e+00   1.0000000e+00  -7.9564407e+00   2.0499442e+02   5.3186827e+01  -2.2000000e+02   7.7183564e+01
  -8.0000000e+00   1.0000000e+00  -3.1700050e+00   2.0395781e+02   5.3170391e+01  -2.2000000e+02   8.0622726e+01
  -8.0000000e+00   1.0000000e+00  -2.7523819e+00   2.0231030e+02   5.3156534e+01  -2.2000000e+02   8.3297760e+01
  -8.0000000e+00   1.0000000e+00   1.6539980e+00   1.9804895e+02   5.3230784e+01  -2.2000000e+02   8.4201873e+01
  -8.0000000e+00   1.0000000e+00   1.2504437e+00   1.9407543e+02   5.3706014e+01  -2.2000000e+02   8.2040966e+01
  -8.0000000e+00   1.0000000e+00   1.2899804e+00   1.8816111e+02   5.6124312e+01  -2.2000000e+02   7.5688333e+01
  -8.0000000e+00   1.0000000e+00   5.3781311e+00   1.8076141e+02   6.4218455e+01  -2.2000000e+02   6.5289351e+01
  -8.0000000e+00   1.0000000e+00   8.7644090e+00   1.7468403e+02   7.2502451e+01  -2.2000000e+02   5.3604891e+01
  -8.0000000e+00   1.0000000e+00   1.0426174e+01   1.7467426e+02   7.7336365e+01  -2.2000000e+02   4.1195009e+01
  -8.0000000e+00   1.0000000e+00   1.7653132e+01   1.8053269e+02   7.6129640e+01  -2.2000000e+02   2.9826902e+01
  -8.0000000e+00   1.0000000e+00   2.4401581e+01   1.8752300e+02   7.3095720e+01  -2.2000000e+02   1.9081102e+01
  -8.0000000e+00   1.0000000e+00   3.2159722e+01   1.9555023e+02   6.9588534e+01  -2.2000000e+02   8.7657947e+00
  -8.0000000e+00   1.0000000e+00   3.9618706e+01   2.0217920e+02   6.7247774e+01  -2.2000000e+02  -1.2465404e+00
  -8.0000000e+00   1.0000000e+00   4.5819651e+01   2.1058151e+02   6.3569723e+01  -2.2000000e+02  -1.0938370e+01
  -8.0000000e+00   1.0000000e+00   5.1701478e+01   2.2045857e+02   5.6969390e+01  -2.2000000e+02  -1.8479350e+01
  -8.0000000e+00   1.0000000e+00   5.6291246e+01   2.2807167e+02   5.1969891e+01  -2.2000000e+02  -2.3301890e+01
  -8.0000000e+00   1.0000000e+00   5.7740042e+01   2.2857134e+02   4.9784033e+01  -2.2000000e+02  -2.2675863e+01
  -8.0000000e+00   1.0000000e+00   5.6704722e+01   2.2682295e+02   4.7639784e+01  -2.2000000e+02  -1.8164792e+01
  -8.0000000e+00   1.0000000e+00   5.5045173e+01   2.2348378e+02   4.6678242e+01  -2.2000000e+02  -1.0109063e+01
  -8.0000000e+00   1.0000000e+00   5.0583048e+01   2.1922568e+02   4.4415116e+01  -2.2000000e+02  -2.6360016e+00
  -8.0000000e+00   1.0000000e+00   4.7640293e+01   2.1494632e+02   4.3249143e+01  -2.2000000e+02   5.6957070e+00
  -8.0000000e+00   1.0000000e+00   4.5143399e+01   2.1131364e+02   4.3124844e+01  -2.2000000e+02   1.2830217e+01
  -8.0000000e+00   1.0000000e+00   4.1808213e+01   2.0806246e+02   4.2398401e+01  -2.2000000e+02   1.9347270e+01
  -8.0000000e+00   1.0000000e+00   3.9618312e+01   2.0530698e+02   4.2736905e+01  -2.2000000e+02   2.5498611e+01
  -8.0000000e+00   1.0000000e+00   3.6852746e+01   2.0216522e+02   4.2752565e+01  -2.2000000e+02   3.0793814e+01
  -8.0000000e+00   1.0000000e+00   3.3870960e+01   1.9977597e+02   4.2329192e+01  -2.2000000e+02   3.6343801e+01
  -8.0000000e+00   1.0000000e+00   2.8198536e+01   1.9795508e+02   4.3122675e+01  -2.2000000e+02   4.1013994e+01
  -8.0000000e+00   1.0000000e+00   2.4390872e+01   1.9643021e+02   4.4176767e+01  -2.2000000e+02   4.5726456e+01
  -8.0000000e+00   1.0000000e+00   1.8268000e+01   1.9499341e+02   4.5028018e+01  -2.2000000e+02   5.0219799e+01
  -8.0000000e+00   1.0000000e+00   9.6485557e+00   1.9479382e+02   4.5898033e+01  -2.2000000e+02   5.3779069e+01
  -8.0000000e+00   1.0000000e+00   4.3447022e+00   1.9488152e+02   4.6710056e+01  -2.2000000e+02   5.7379051e+01
  -8.0000000e+00   1.0000000e+00  -6.7201103e+00   1.9726770e+02   4.7046748e+01  -2.2000000e+02   5.8865036e+01
  -8.0000000e+00   1.0000000e+00  -1.0909207e+01   1.9979037e+02   4.7386529e+01  -2.2000000e+02   6.0438059e+01
  -8.0000000e+00   1.0000000e+00  -9.2511916e+00   2.0230821e+02   4.7701098e+01  -2.2000000e+02   6.2229571e+01
  -8.0000000e+00   1.0000000e+00  -1.1070673e+01   2.0458796e+02   4.7965729e+01  -2.2000000e+02   6.4114684e+01
  -8.0000000e+00   1.0000000e+00  -1.1008112e+01   2.0657408e+02   4.8178246e+01  -2.2000000e+02   6.6302521e+01
  -8.0000000e+00   1.0000000e+00  -8.6911602e+00   2.0837906e+02   4.8328281e+01  -2.2000000e+02   6.8746186e+01
  -8.0000000e+00   1.0000000e+00  -6.6347434e+00   2.0822402e+02   4.8355619e+01  -2.2000000e+02   7.2889272e+01
  -8.0000000e+00   1.0000000e+00  -2.8084477e+00   2.0725969e+02   4.8340700e+01  -2.2000000e+02   7.7077120e+01
  -8.0000000e+00   1.0000000e+00   2.9557941e+00   2.0290491e+02   4.8247478e+01  -2.2000000e+02   8.1641394e+01
  -8.0000000e+00   1.0000000e+00   5.8685645e+00   1.9902666e+02   4.8160220e+01  -2.2000000e+02   8.3738911e+01
  -8.0000000e+00   1.0000000e+00  -4.0085046e+00   1.9722677e+02   4.8351186e+01  -2.2000000e+02   8.2193113e+01
  -8.0000000e+00   1.0000000e+00  -5.8561823e-01   1.9022730e+02   5.2084384e+01  -2.2000000e+02   7.5265505e+01
  -8.0000000e+00   1.0000000e+00   5.8400270e+00   1.8142431e+02   6.1157911e+01  -2.2000000e+02   6.3979018e+01
  -8.0000000e+00   1.0000000e+00   8.8669364e+00   1.7325000e+02   7.0151258e+01  -2.2000000e+02   5.1733241e+01
  -8.0000000e+00   1.0000000e+00   8.9377199e+00   1.7199952e+02   7.7045677e+01  -2.2000000e+02   3.9267302e+01
  -8.0000000e+00   1.0000000e+00   1.4670294e+01   1.7709232e+02   7.8420488e+01  -2.2000000e+02   2.7521548e+01
  -8.0000000e+00   1.0000000e+00   2.1568072e+01   1.8389051e+02   7.6222107e+01  -2.2000000e+02   1.6881044e+01
  -8.0000000e+00   1.0000000e+00   2.9193002e+01   1.9130697e+02   7.3574657e+01  -2.2000000e+02   7.3015168e+00
  -8.0000000e+00   1.0000000e+00   3.7587579e+01   1.9996535e+02   6.9913738e+01  -2.2000000e+02  -2.4370667e+00
  -8.0000000e+00   1.0000000e+00   4.4838352e+01   2.0889957e+02   6.5401102e+01  -2.2000000e+02  -1.1836083e+01
  -8.0000000e+00   1.0000000e+00   5.0059813e+01   2.1867914e+02   5.9101401e+01  -2.2000000e+02  -2.1250421e+01
  -8.0000000e+00   1.0000000e+00   5.7018228e+01   2.2905313e+02   5.2217699e+01  -2.2000000e+02  -2.6232141e+01
  -8.0000000e+00   1.0000000e+00   6.1332504e+01   2.3271888e+02   4.9282200e+01  -2.2000000e+02  -2.8532125e+01
  -8.0000000e+00   1.0000000e+00   6.1498678e+01   2.3111049e+02   4.7182551e+01  -2.2000000e+02  -2.5590735e+01
  -8.0000000e+00   1.0000000e+00   6.0030255e+01   2.2788926e+02   4.5126891e+01  -2.2000000e+02  -2.0206955e+01
  -8.0000000e+00   1.0000000e+00   5.7706430e+01   2.2368054e+02   4.3698480e+01  -2.2000000e+02  -1.1757577e+01
  -8.0000000e+00   1.0000000e+00   5.3751514e+01   2.1956546e+02   4.2897159e+01  -2.2000000e+02  -2.9192628e+00
  -8.0000000e+00   1.0000000e+00   5.0781588e+01   2.1575425e+02   4.2555016e+01  -2.2000000e+02   6.1137553e+00
  -8.0000000e+00   1.0000000e+00   4.7703399e+01   2.1173168e+02   4.2902899e+01  -2.2000000e+02   1.3319686e+01
  -8.0000000e+00   1.0000000e+00   4.3812398e+01   2.0834857e+02   4.2374656e+01  -2.2000000e+02   2.0061570e+01
  -8.0000000e+00   1.0000000e+00   4.0087916e+01   2.0466345e+02   4.2549983e+01  -2.2000000e+02   2.6174063e+01
  -8.0000000e+00   1.0000000e+00   3.4499732e+01   2.0248347e+02   4.4539362e+01  -2.2000000e+02   3.1484341e+01
  -8.0000000e+00   1.0000000e+00   3.3406655e+01   2.0073998e+02   4.4120330e+01  -2.2000000e+02   3.6882051e+01
  -8.0000000e+00   1.0000000e+00   2.7883139e+01   1.9906579e+02   4.5095815e+01  -2.2000000e+02   4.1893193e+01
  -8.0000000e+00   1.0000000e+00   2.3751550e+01   1.9734349e+02   4.6060335e+01  -2.2000000e+02   4.5587801e+01
  -8.0000000e+00   1.0000000e+00   1.8920179e+01   1.9600839e+02   4.6862927e+01  -2.2000000e+02   4.9490095e+01
  -8.0000000e+00   1.0000000e+00   1.3481809e+01   1.9553737e+02   4.7584995e+01  -2.2000000e+02   5.3200017e+01
  -8.0000000e+00   1.0000000e+00   1.1431612e+01   1.9533278e+02   4.8311462e+01  -2.2000000e+02   5.7028774e+01
  -8.0000000e+00   1.0000000e+00   7.5251324e+00   1.9535092e+02   4.8813308e+01  -2.2000000e+02   6.0303069e+01
  -8.0000000e+00   1.0000000e+00   1.7699103e+00   1.9575528e+02   4.9200194e+01  -2.2000000e+02   6.3267429e+01
  -8.0000000e+00   1.0000000e+00  -1.3602963e+00   1.9653941e+02   4.9523633e+01  -2.2000000e+02   6.6103453e+01
  -8.0000000e+00   1.0000000e+00  -1.4328662e+00   1.9735570e+02   4.9746731e+01  -2.2000000e+02   6.8866147e+01
  -8.0000000e+00   1.0000000e+00  -7.9001910e+00   1.9921331e+02   4.9786511e+01  -2.2000000e+02   7.0194088e+01
  -8.0000000e+00   1.0000000e+00  -3.0434630e+00   1.9954967e+02   4.9795295e+01  -2.2000000e+02   7.3230134e+01
  -8.0000000e+00   1.0000000e+00  -7.3582891e+00   2.0063943e+02   4.9834889e+01  -2.2000000e+02   7.5091974e+01
  -8.0000000e+00   1.0000000e+00   5.2857122e-01   1.9793625e+02   4.9799039e+01  -2.2000000e+02   7.9085525e+01
  -8.0000000e+00   1.0000000e+00  -1.7953570e+00   1.9661277e+02   4.9840960e+01  -2.2000000e+02   8.0608210e+01
  -8.0000000e+00   1.0000000e+00   1.4350083e+00   1.9244219e+02   5.0147625e+01  -2.2000000e+02   8.1737949e+01
  -8.0000000e+00   1.0000000e+00   5.9952528e+00   1.8595119e+02   5.3266121e+01  -2.2000000e+02   7.4941577e+01
  -8.0000000e+00   1.0000000e+00   6.2905076e+00   1.7838996e+02   6.2102189e+01  -2.2000000e+02   6.4668934e+01
  -8.0000000e+00   1.0000000e+00   5.3743049e+00   1.7168439e+02   7.1853216e+01  -2.2000000e+02   5.3673593e+01
  -8.0000000e+00   1.0000000e+00   7.5583294e+00   1.7003515e+02   7.9937208e+01  -2.2000000e+02   4.1334015e+01
  -8.0000000e+00   1.0000000e+00   1.0901522e+01   1.7487201e+02   8.1097563e+01  -2.2000000e+02   2.9833096e+01
  -8.0000000e+00   1.0000000e+00   1.6919412e+01   1.8154680e+02   7.7187538e+01  -2.2000000e+02   1.8522206e+01
  -8.0000000e+00   1.0000000e+00   2.3858952e+01   1.8825104e+02   7.3756846e+01  -2.2000000e+02   7.9117664e+00
  -8.0000000e+00   1.0000000e+00   2.9565405e+01   1.9402711e+02   7.1138578e+01  -2.2000000e+02  -2.4235050e+00
  -8.0000000e+00   1.0000000e+00   3.6086472e+01   2.0046148e+02   6.9839538e+01  -2.2000000e+02  -1.2750519e+01
  -8.0000000e+00   1.0000000e+00   4.2651691e+01   2.0716090e+02   6.8441504e+01  -2.2000000e+02  -2.2535375e+01
  -8.0000000e+00   1.0000000e+00   4.8800222e+01   2.1555482e+02   6.5285054e+01  -2.2000000e+02  -3.1948685e+01
  -8.0000000e+00   1.0000000e+00   5.2898287e+01   2.2590529e+02   5.9575141e+01  -2.2000000e+02  -3.9458451e+01
  -8.0000000e+00   1.0000000e+00   5.7849654e+01   2.3660262e+02   5.3063741e+01  -2.2000000e+02  -4.3091174e+01
  -8.0000000e+00   1.0000000e+00   6.0771134e+01   2.4072516e+02   5.0244286e+01  -2.2000000e+02  -4.7144206e+01
  -8.0000000e+00   1.0000000e+00   6.0624855e+01   2.3991048e+02   4.8097453e+01  -2.2000000e+02  -4.5592313e+01
  -8.0000000e+00   1.0000000e+00   5.8644369e+01   2.3634569e+02   4.5947730e+01  -2.2000000e+02  -3.8785659e+01
  -8.0000000e+00   1.0000000e+00   5.4268552e+01   2.3134925e+02   4.3951273e+01  -2.2000000e+02  -3.0037683e+01
  -8.0000000e+00   1.0000000e+00   5.0560175e+01   2.2689440e+02   4.2052774e+01  -2.2000000e+02  -2.0548796e+01
  -8.0000000e+00   1.0000000e+00   4.7127765e+01   2.2180696e+02   4.0615338e+01  -2.2000000e+02  -1.1406815e+01
  -8.0000000e+00   1.0000000e+00   4.3021649e+01   2.1681274e+02   4.0281970e+01  -2.2000000e+02  -2.3993561e+00
  -8.0000000e+00   1.0000000e+00   4.0291649e+01   2.1259604e+02   3.9807535e+01  -2.2000000e+02   5.9359921e+00
  -8.0000000e+00   1.0000000e+00   3.9086327e+01   2.0834790e+02   3.7572152e+01  -2.2000000e+02   1.1425527e+01
  -8.0000000e+00   1.0000000e+00   3.6041959e+01   2.0436154e+02   3.7006565e+01  -2.2000000e+02   1.7261493e+01
  -8.0000000e+00   1.0000000e+00   3.3987396e+01   2.0162133e+02   3.6537631e+01  -2.2000000e+02   2.2815412e+01
  -8.0000000e+00   1.0000000e+00   3.1998538e+01   1.9860717e+02   3.6250616e+01  -2.2000000e+02   2.7918693e+01
  -8.0000000e+00   1.0000000e+00   3.0645298e+01   1.9617184e+02   3.4974059e+01  -2.2000000e+02   3.0811629e+01
  -8.0000000e+00   1.0000000e+00   2.9292058e+01   1.9373651e+02   3.3697502e+01  -2.2000000e+02   3.3704565e+01
  -8.0000000e+00   1.0000000e+00   2.8041435e+01   1.9197029e+02   3.2360817e+01  -2.2000000e+02   3.7290262e+01
  -8.0000000e+00   1.0000000e+00   2.4747752e+01   1.9068059e+02   3.1290134e+01  -2.2000000e+02   4.2103581e+01
  -8.0000000e+00   1.0000000e+00   1.7185693e+01   1.9081466e+02   3.1997656e+01  -2.2000000e+02   4.5273687e+01
  -8.0000000e+00   1.0000000e+00   1.2595171e+01   1.9074523e+02   3.3160093e+01  -2.2000000e+02   4.9429818e+01
  -8.0000000e+00   1.0000000e+00   8.0046489e+00   1.9067581e+02   3.4322529e+01  -2.2000000e+02   5.3585950e+01
  -8.0000000e+00   1.0000000e+00   9.1769233e-01   1.9075943e+02   3.5518417e+01  -2.2000000e+02   5.7334378e+01
  -8.0000000e+00   1.0000000e+00   3.4793318e+00   1.8887490e+02   3.8116568e+01  -2.2000000e+02   6.0247295e+01
  -8.0000000e+00   1.0000000e+00   6.8780701e+00   1.8549161e+02   4.1642387e+01  -2.2000000e+02   6.0566404e+01
  -8.0000000e+00   1.0000000e+00   1.4054925e+01   1.7690172e+02   4.9980361e+01  -2.2000000e+02   5.3161868e+01
  -8.0000000e+00   1.0000000e+00   1.5603540e+01   1.6919632e+02   5.9526622e+01  -2.2000000e+02   4.4793250e+01
  -8.0000000e+00   1.0000000e+00   1.2854372e+01   1.6553815e+02   6.8771231e+01  -2.2000000e+02   3.4522513e+01
  -8.0000000e+00   1.0000000e+00   1.5108774e+01   1.7046992e+02   7.4833623e+01  -2.2000000e+02   2.2600604e+01
  -8.0000000e+00   1.0000000e+00   2.0302478e+01   1.7684236e+02   7.7209179e+01  -2.2000000e+02   1.4322041e+01
  -8.0000000e+00   1.0000000e+00   2.6384482e+01   1.8399322e+02   7.4502804e+01  -2.2000000e+02   3.8429218e+00
  -8.0000000e+00   1.0000000e+00   3.3528759e+01   1.9077952e+02   7.2266158e+01  -2.2000000e+02  -5.2669407e+00
  -8.0000000e+00   1.0000000e+00   4.0494430e+01   1.9688746e+02   7.0784973e+01  -2.2000000e+02  -1.2457846e+01
  -8.0000000e+00   1.0000000e+00   4.6207733e+01   2.0295806e+02   6.9175588e+01  -2.2000000e+02  -2.0662748e+01
  -8.0000000e+00   1.0000000e+00   5.2453890e+01   2.0991255e+02   6.7284302e+01  -2.2000000e+02  -2.8185228e+01
  -8.0000000e+00   1.0000000e+00   5.9079587e+01   2.1743123e+02   6.5238475e+01  -2.2000000e+02  -3.5397674e+01
  -8.0000000e+00   1.0000000e+00   6.3177262e+01   2.2626719e+02   6.1205171e+01  -2.2000000e+02  -4.1198728e+01
  -8.0000000e+00   1.0000000e+00   6.8235808e+01   2.3483385e+02   5.6472237e+01  -2.2000000e+02  -3.8639131e+01
  -8.0000000e+00   1.0000000e+00   6.9308227e+01   2.3568879e+02   5.4171009e+01  -2.2000000e+02  -3.7031815e+01
  -8.0000000e+00   1.0000000e+00   6.7272237e+01   2.3320588e+02   5.2538659e+01  -2.2000000e+02  -3.1566313e+01
  -8.0000000e+00   1.0000000e+00   6.4081619e+01   2.2940082e+02   5.1505151e+01  -2.2000000e+02  -2.3556620e+01
  -8.0000000e+00   1.0000000e+00   6.0468917e+01   2.2560686e+02   5.0143535e+01  -2.2000000e+02  -1.5181435e+01
  -8.0000000e+00   1.0000000e+00   5.7176978e+01   2.2135904e+02   4.9224411e+01  -2.2000000e+02  -5.8852874e+00
  -8.0000000e+00   1.0000000e+00   5.3253907e+01   2.1739863e+02   4.8016519e+01  -2.2000000e+02   3.3939984e+00
  -8.0000000e+00   1.0000000e+00   5.0020951e+01   2.1341593e+02   4.7625439e+01  -2.2000000e+02   1.1762258e+01
  -8.0000000e+00   1.0000000e+00   4.7493403e+01   2.1001645e+02   4.7752238e+01  -2.2000000e+02   1.8945872e+01
  -8.0000000e+00   1.0000000e+00   4.3690606e+01   2.0675334e+02   4.6747007e+01  -2.2000000e+02   2.5860032e+01
  -8.0000000e+00   1.0000000e+00   4.0063180e+01   2.0319434e+02   4.6938337e+01  -2.2000000e+02   3.1063074e+01
  -8.0000000e+00   1.0000000e+00   3.7028243e+01   1.9973359e+02   4.7560042e+01  -2.2000000e+02   3.5417396e+01
  -8.0000000e+00   1.0000000e+00   3.5791552e+01   1.9757212e+02   4.8839869e+01  -2.2000000e+02   3.9204514e+01
  -8.0000000e+00   1.0000000e+00   3.0445863e+01   1.9549383e+02   5.0264262e+01  -2.2000000e+02   4.5089802e+01
  -8.0000000e+00   1.0000000e+00   2.5803186e+01   1.9347109e+02   5.1707498e+01  -2.2000000e+02   4.9103073e+01
  -8.0000000e+00   1.0000000e+00   2.0190590e+01   1.9188447e+02   5.2991920e+01  -2.2000000e+02   5.3169273e+01
  -8.0000000e+00   1.0000000e+00   1.8354039e+01   1.9061642e+02   5.4349502e+01  -2.2000000e+02   5.6734114e+01
  -8.0000000e+00   1.0000000e+00   1.4388579e+01   1.8986941e+02   5.5280114e+01  -2.2000000e+02   5.9497991e+01
  -8.0000000e+00   1.0000000e+00   9.9194032e+00   1.9005162e+02   5.6016503e+01  -2.2000000e+02   6.2768856e+01
  -8.0000000e+00   1.0000000e+00   1.0886034e+00   1.9035222e+02   5.6695486e+01  -2.2000000e+02   6.5774718e+01
  -8.0000000e+00   1.0000000e+00   2.8703103e-01   1.9052765e+02   5.7338817e+01  -2.2000000e+02   6.8791458e+01
  -8.0000000e+00   1.0000000e+00  -5.1454137e-01   1.9070308e+02   5.7982149e+01  -2.2000000e+02   7.1808199e+01
  -8.0000000e+00   1.0000000e+00  -2.6463784e-01   1.9059941e+02   5.8376764e+01  -2.2000000e+02   7.4871770e+01
  -8.0000000e+00   1.0000000e+00  -4.0904830e+00   1.9094417e+02   5.8658062e+01  -2.2000000e+02   7.7420563e+01
  -8.0000000e+00   1.0000000e+00   5.4370283e-01   1.9110960e+02   5.8817991e+01  -2.2000000e+02   7.9895193e+01
  -8.0000000e+00   1.0000000e+00   2.5765386e+00   1.9096100e+02   5.8896535e+01  -2.2000000e+02   8.2444383e+01
  -8.0000000e+00   1.0000000e+00   4.6093745e+00   1.9081241e+02   5.8975078e+01  -2.2000000e+02   8.4993573e+01
  -8.0000000e+00   1.0000000e+00   4.8098387e+00   1.9041367e+02   5.9010693e+01  -2.2000000e+02   8.6224016e+01
  -8.0000000e+00   1.0000000e+00   3.3442136e+00   1.8977155e+02   5.9050716e+01  -2.2000000e+02   8.6630707e+01
  -8.0000000e+00   1.0000000e+00  -4.8415185e-01   1.8932160e+02   5.9111905e+01  -2.2000000e+02   8.6443463e+01
  -8.0000000e+00   1.0000000e+00  -5.8637818e+00   1.8893034e+02   5.9202028e+01  -2.2000000e+02   8.5789415e+01
  -8.0000000e+00   1.0000000e+00  -7.7719711e+00   1.8630274e+02   6.0502834e+01  -2.2000000e+02   8.0368105e+01
  -8.0000000e+00   1.0000000e+00  -7.9147737e+00   1.8187269e+02   6.4749974e+01  -2.2000000e+02   7.3600290e+01
  -8.0000000e+00   1.0000000e+00  -2.6305432e+00   1.7649182e+02   7.1460139e+01  -2.2000000e+02   6.4181431e+01
  -8.0000000e+00   1.0000000e+00   4.7705363e+00   1.7502321e+02   6.6687002e+01  -2.2000000e+02   5.3905824e+01
  -8.0000000e+00   1.0000000e+00   1.1614686e+01   1.7483681e+02   7.1061669e+01  -2.2000000e+02   4.1977308e+01
  -8.0000000e+00   1.0000000e+00   1.0282019e+01   1.7249115e+02   7.9307741e+01  -2.2000000e+02   3.0729739e+01
  -8.0000000e+00   1.0000000e+00   5.0558107e+00   1.7077306e+02   8.7414925e+01  -2.2000000e+02   2.1212207e+01
  -8.0000000e+00   1.0000000e+00   3.3782724e+00   1.7048783e+02   9.1764801e+01  -2.2000000e+02   1.3711585e+01
  -8.0000000e+00   1.0000000e+00   9.4550544e+00   1.7403544e+02   9.1070764e+01  -2.2000000e+02   7.0898780e+00
  -8.0000000e+00   1.0000000e+00   1.8610765e+01   1.8045654e+02   8.7521136e+01  -2.2000000e+02   2.8881122e+00
  -8.0000000e+00   1.0000000e+00   2.8070428e+01   1.8844543e+02   8.2960253e+01  -2.2000000e+02  -4.4024757e+00
  -8.0000000e+00   1.0000000e+00   3.8157320e+01   1.9798183e+02   7.7418704e+01  -2.2000000e+02  -1.1813026e+01
  -8.0000000e+00   1.0000000e+00   4.8189432e+01   2.0876773e+02   6.9920338e+01  -2.2000000e+02  -1.6914286e+01
  -8.0000000e+00   1.0000000e+00   5.7211289e+01   2.2069762e+02   6.0324010e+01  -2.2000000e+02  -2.1267078e+01
  -8.0000000e+00   1.0000000e+00   6.4462339e+01   2.2919654e+02   5.6190451e+01  -2.2000000e+02  -2.5447015e+01
  -8.0000000e+00   1.0000000e+00   6.6650251e+01   2.3081430e+02   5.4069566e+01  -2.2000000e+02  -2.7693697e+01
  -8.0000000e+00   1.0000000e+00   6.6620502e+01   2.2923791e+02   5.3187153e+01  -2.2000000e+02  -2.4051178e+01
  -8.0000000e+00   1.0000000e+00   6.4239864e+01   2.2641837e+02   5.1936519e+01  -2.2000000e+02  -1.8432367e+01
  -8.0000000e+00   1.0000000e+00   6.2217485e+01   2.2354871e+02   5.0922959e+01  -2.2000000e+02  -1.2612748e+01
  -8.0000000e+00   1.0000000e+00   6.0407926e+01   2.2117442e+02   4.9890283e+01  -2.2000000e+02  -6.7319825e+00
  -8.0000000e+00   1.0000000e+00   5.8941805e+01   2.1931044e+02   4.8969277e+01  -2.2000000e+02  -2.0289352e+00
  -8.0000000e+00   1.0000000e+00   5.6265707e+01   2.1637901e+02   4.8975054e+01  -2.2000000e+02   3.8124071e+00
  -8.0000000e+00   1.0000000e+00   5.4026520e+01   2.1314279e+02   4.9476817e+01  -2.2000000e+02   9.2594669e+00
  -8.0000000e+00   1.0000000e+00   5.0628843e+01   2.1041576e+02   5.0621726e+01  -2.2000000e+02   1.5453221e+01
  -8.0000000e+00   1.0000000e+00   4.6257245e+01   2.0814917e+02   5.1191847e+01  -2.2000000e+02   2.1045190e+01
  -8.0000000e+00   1.0000000e+00   3.9687120e+01   2.0564540e+02   5.3422452e+01  -2.2000000e+02   2.7709057e+01
  -8.0000000e+00   1.0000000e+00   3.3407637e+01   2.0343294e+02   5.6002794e+01  -2.2000000e+02   3.4115709e+01
  -8.0000000e+00   1.0000000e+00   2.8729581e+01   2.0076066e+02   5.8089676e+01  -2.2000000e+02   4.0029004e+01
  -8.0000000e+00   1.0000000e+00   2.8817212e+01   1.9707212e+02   5.7602632e+01  -2.2000000e+02   4.5351858e+01
  -8.0000000e+00   1.0000000e+00   2.3981603e+01   1.9386894e+02   5.8791461e+01  -2.2000000e+02   5.0059416e+01
  -8.0000000e+00   1.0000000e+00   1.8365324e+01   1.9164275e+02   6.0117106e+01  -2.2000000e+02   5.4734729e+01
  -8.0000000e+00   1.0000000e+00   1.1841723e+01   1.9043156e+02   6.1388942e+01  -2.2000000e+02   5.9061751e+01
  -8.0000000e+00   1.0000000e+00   7.3992241e+00   1.8981766e+02   6.2722300e+01  -2.2000000e+02   6.2926647e+01
  -8.0000000e+00   1.0000000e+00  -1.3423659e+00   1.9063133e+02   6.3544380e+01  -2.2000000e+02   6.5528506e+01
  -8.0000000e+00   1.0000000e+00  -8.0505175e-01   1.9121676e+02   6.4418899e+01  -2.2000000e+02   6.8897244e+01
  -8.0000000e+00   1.0000000e+00   3.9616851e-01   1.8981648e+02   6.5373280e+01  -2.2000000e+02   7.3152342e+01
  -8.0000000e+00   1.0000000e+00  -3.5778152e+00   1.8862266e+02   6.6192250e+01  -2.2000000e+02   7.5995733e+01
  -8.0000000e+00   1.0000000e+00  -2.7237951e+00   1.8577847e+02   6.8121911e+01  -2.2000000e+02   7.6612844e+01
  -8.0000000e+00   1.0000000e+00  -3.6082717e+00   1.8008055e+02   7.3964176e+01  -2.2000000e+02   6.8694138e+01
  -8.0000000e+00   1.0000000e+00  -5.6657571e+00   1.7456422e+02   8.2628456e+01  -2.2000000e+02   5.8548294e+01
  -8.0000000e+00   1.0000000e+00  -5.0381742e+00   1.7043047e+02   9.1478525e+01  -2.2000000e+02   4.7219225e+01
  -8.0000000e+00   1.0000000e+00  -1.5727849e+00   1.7079419e+02   9.5550494e+01  -2.2000000e+02   3.6209427e+01
  -8.0000000e+00   1.0000000e+00   5.2056156e+00   1.7533649e+02   9.1345470e+01  -2.2000000e+02   2.5719631e+01
  -8.0000000e+00   1.0000000e+00   1.4027516e+01   1.8113391e+02   8.6509534e+01  -2.2000000e+02   1.6039122e+01
  -8.0000000e+00   1.0000000e+00   2.2187476e+01   1.8721978e+02   8.2385950e+01  -2.2000000e+02   7.3888916e+00
  -8.0000000e+00   1.0000000e+00   3.1160138e+01   1.9433731e+02   7.8712478e+01  -2.2000000e+02  -1.9026016e+00
  -8.0000000e+00   1.0000000e+00   3.9539550e+01   2.0136410e+02   7.5827081e+01  -2.2000000e+02  -1.1171072e+01
  -8.0000000e+00   1.0000000e+00   4.7223484e+01   2.0952351e+02   7.2298930e+01  -2.2000000e+02  -2.0437003e+01
  -8.0000000e+00   1.0000000e+00   5.3720829e+01   2.1911143e+02   6.6863286e+01  -2.2000000e+02  -2.8884554e+01
  -8.0000000e+00   1.0000000e+00   5.9891460e+01   2.2922069e+02   6.0651191e+01  -2.2000000e+02  -3.5548512e+01
  -8.0000000e+00   1.0000000e+00   6.5638053e+01   2.3653537e+02   5.6751096e+01  -2.2000000e+02  -3.7200679e+01
  -8.0000000e+00   1.0000000e+00   6.6014551e+01   2.3604503e+02   5.4542662e+01  -2.2000000e+02  -3.5770876e+01
  -8.0000000e+00   1.0000000e+00   6.4093877e+01   2.3332765e+02   5.2319130e+01  -2.2000000e+02  -3.0733074e+01
  -8.0000000e+00   1.0000000e+00   6.1356622e+01   2.2981034e+02   5.0103622e+01  -2.2000000e+02  -2.3451751e+01
  -8.0000000e+00   1.0000000e+00   5.8663968e+01   2.2603316e+02   4.7775717e+01  -2.2000000e+02  -1.5442113e+01
  -8.0000000e+00   1.0000000e+00   5.6277462e+01   2.2195611e+02   4.5872796e+01  -2.2000000e+02  -7.4698512e+00
  -8.0000000e+00   1.0000000e+00   5.2713750e+01   2.1793708e+02   4.5941720e+01  -2.2000000e+02   8.9890905e-01
  -8.0000000e+00   1.0000000e+00   4.9749524e+01   2.1466282e+02   4.5749328e+01  -2.2000000e+02   8.3414767e+00
  -8.0000000e+00   1.0000000e+00   4.7089144e+01   2.1130546e+02   4.6265819e+01  -2.2000000e+02   1.4463780e+01
  -8.0000000e+00   1.0000000e+00   4.4910546e+01   2.0844697e+02   4.5329216e+01  -2.2000000e+02   1.8933508e+01
  -8.0000000e+00   1.0000000e+00   4.3183251e+01   2.0487703e+02   4.4216682e+01  -2.2000000e+02   2.4244972e+01
  -8.0000000e+00   1.0000000e+00   3.9949557e+01   2.0246072e+02   4.4798716e+01  -2.2000000e+02   2.9816873e+01
  -8.0000000e+00   1.0000000e+00   3.8781223e+01   2.0008084e+02   4.4459740e+01  -2.2000000e+02   3.3103493e+01
  -8.0000000e+00   1.0000000e+00   3.3781819e+01   1.9737742e+02   4.5774078e+01  -2.2000000e+02   3.8877016e+01
  -8.0000000e+00   1.0000000e+00   2.7410497e+01   1.9461034e+02   4.6893419e+01  -2.2000000e+02   4.4022451e+01
  -8.0000000e+00   1.0000000e+00   1.9889128e+01   1.9301826e+02   4.8439318e+01  -2.2000000e+02   4.8371032e+01
  -8.0000000e+00   1.0000000e+00   1.5762643e+01   1.9159940e+02   5.0099286e+01  -2.2000000e+02   5.2653906e+01
  -8.0000000e+00   1.0000000e+00   9.9951180e+00   1.9070742e+02   5.1405538e+01  -2.2000000e+02   5.6364896e+01
  -8.0000000e+00   1.0000000e+00   8.1416031e+00   1.9048407e+02   5.2486649e+01  -2.2000000e+02   6.0204037e+01
  -8.0000000e+00   1.0000000e+00   8.7795181e+00   1.9060457e+02   5.3401778e+01  -2.2000000e+02   6.4042022e+01
  -8.0000000e+00   1.0000000e+00   6.1551139e+00   1.9079233e+02   5.3987589e+01  -2.2000000e+02   6.7464741e+01
  -8.0000000e+00   1.0000000e+00  -1.3430454e+00   1.9203586e+02   5.4252315e+01  -2.2000000e+02   6.9653140e+01
  -8.0000000e+00   1.0000000e+00  -5.6627851e+00   1.9349167e+02   5.4501880e+01  -2.2000000e+02   7.1958430e+01
  -8.0000000e+00   1.0000000e+00  -3.4557085e+00   1.9496174e+02   5.4720268e+01  -2.2000000e+02   7.4657216e+01
  -8.0000000e+00   1.0000000e+00   1.5845242e+00   1.9458143e+02   5.4756842e+01  -2.2000000e+02   7.8504233e+01
  -8.0000000e+00   1.0000000e+00   7.3493739e-01   1.9543612e+02   5.4743183e+01  -2.2000000e+02   8.0914391e+01
  -8.0000000e+00   1.0000000e+00  -1.1464942e-01   1.9629081e+02   5.4729524e+01  -2.2000000e+02   8.3324548e+01
  -8.0000000e+00   1.0000000e+00  -2.2498940e+00   1.9714212e+02   5.4717282e+01  -2.2000000e+02   8.5255910e+01
  -8.0000000e+00   1.0000000e+00  -3.2577970e-01   1.9776953e+02   5.4710505e+01  -2.2000000e+02   8.6655520e+01
  -8.0000000e+00   1.0000000e+00   4.0386526e+00   1.9507555e+02   5.4712179e+01  -2.2000000e+02   8.7545538e+01
  -8.0000000e+00   1.0000000e+00   5.0635094e+00   1.9260308e+02   5.4713400e+01  -2.2000000e+02   8.7558846e+01
  -8.0000000e+00   1.0000000e+00  -1.5446366e+00   1.9133237e+02   5.4780763e+01  -2.2000000e+02   8.6289084e+01
  -8.0000000e+00   1.0000000e+00  -3.2885407e+00   1.8882006e+02   5.5388943e+01  -2.2000000e+02   8.2614136e+01
  -8.0000000e+00   1.0000000e+00  -1.1687640e+00   1.8286440e+02   5.9415126e+01  -2.2000000e+02   7.3470025e+01
  -8.0000000e+00   1.0000000e+00   3.9592494e+00   1.7545949e+02   6.7915483e+01  -2.2000000e+02   6.2384131e+01
  -8.0000000e+00   1.0000000e+00   5.2889480e+00   1.7015742e+02   7.6048841e+01  -2.2000000e+02   5.0166245e+01
  -8.0000000e+00   1.0000000e+00   4.8446694e+00   1.7129573e+02   8.1548146e+01  -2.2000000e+02   3.7732715e+01
  -8.0000000e+00   1.0000000e+00   5.5088880e+00   1.7396504e+02   8.1511384e+01  -2.2000000e+02   2.5988269e+01
  -8.0000000e+00   1.0000000e+00   1.2299136e+01   1.7958532e+02   7.9663133e+01  -2.2000000e+02   1.5254826e+01
  -8.0000000e+00   1.0000000e+00   2.0724085e+01   1.8677755e+02   7.5979563e+01  -2.2000000e+02   6.1445162e+00
  -8.0000000e+00   1.0000000e+00   2.8624012e+01   1.9370318e+02   7.2747073e+01  -2.2000000e+02  -2.7429728e+00
  -8.0000000e+00   1.0000000e+00   3.5800964e+01   2.0101592e+02   6.9257080e+01  -2.2000000e+02  -1.2028832e+01
  -8.0000000e+00   1.0000000e+00   4.2246758e+01   2.0732692e+02   6.7740456e+01  -2.2000000e+02  -2.1531497e+01
  -8.0000000e+00   1.0000000e+00   4.9596444e+01   2.1480484e+02   6.5512011e+01  -2.2000000e+02  -2.8674117e+01
  -8.0000000e+00   1.0000000e+00   5.5190090e+01   2.2385303e+02   6.0727395e+01  -2.2000000e+02  -3.4891813e+01
  -8.0000000e+00   1.0000000e+00   6.0719960e+01   2.3301370e+02   5.5173299e+01  -2.2000000e+02  -3.6970438e+01
  -8.0000000e+00   1.0000000e+00   6.3400796e+01   2.3520300e+02   5.2368885e+01  -2.2000000e+02  -3.6531102e+01
  -8.0000000e+00   1.0000000e+00   6.2445430e+01   2.3346100e+02   4.9937162e+01  -2.2000000e+02  -3.2794918e+01
  -8.0000000e+00   1.0000000e+00   6.0819480e+01   2.3045684e+02   4.7625355e+01  -2.2000000e+02  -2.6022038e+01
  -8.0000000e+00   1.0000000e+00   5.8832139e+01   2.2647400e+02   4.5440570e+01  -2.2000000e+02  -1.8759882e+01
  -8.0000000e+00   1.0000000e+00   5.6684447e+01   2.2295651e+02   4.3060160e+01  -2.2000000e+02  -1.0665085e+01
  -8.0000000e+00   1.0000000e+00   5.3231187e+01   2.1927439e+02   4.1170311e+01  -2.2000000e+02  -2.6509692e+00
  -8.0000000e+00   1.0000000e+00   5.1813843e+01   2.1620016e+02   4.0304483e+01  -2.2000000e+02   3.5962457e+00
  -8.0000000e+00   1.0000000e+00   4.9349488e+01   2.1301669e+02   4.0044847e+01  -2.2000000e+02   1.0067859e+01
  -8.0000000e+00   1.0000000e+00   4.6898669e+01   2.1016004e+02   3.9893564e+01  -2.2000000e+02   1.5272468e+01
  -8.0000000e+00   1.0000000e+00   4.4641901e+01   2.0745027e+02   3.9092128e+01  -2.2000000e+02   1.9221549e+01
  -8.0000000e+00   1.0000000e+00   4.1564984e+01   2.0471941e+02   3.9213687e+01  -2.2000000e+02   2.4544410e+01
  -8.0000000e+00   1.0000000e+00   4.0886386e+01   2.0282529e+02   3.9774417e+01  -2.2000000e+02   2.8085267e+01
  -8.0000000e+00   1.0000000e+00   4.1340594e+01   1.9985756e+02   3.7755369e+01  -2.2000000e+02   3.1402441e+01
  -8.0000000e+00   1.0000000e+00   3.6682235e+01   1.9699181e+02   3.9237214e+01  -2.2000000e+02   3.7748155e+01
  -8.0000000e+00   1.0000000e+00   3.0950911e+01   1.9476586e+02   4.0586427e+01  -2.2000000e+02   4.2914451e+01
  -8.0000000e+00   1.0000000e+00   2.3565085e+01   1.9351249e+02   4.2631027e+01  -2.2000000e+02   4.7292247e+01
  -8.0000000e+00   1.0000000e+00   2.4591778e+01   1.9220059e+02   4.3643414e+01  -2.2000000e+02   5.1234158e+01
  -8.0000000e+00   1.0000000e+00   2.0259020e+01   1.9119737e+02   4.4339538e+01  -2.2000000e+02   5.5859153e+01
  -8.0000000e+00   1.0000000e+00   1.2888131e+01   1.9144149e+02   4.5123911e+01  -2.2000000e+02   5.9635264e+01
  -8.0000000e+00   1.0000000e+00   1.0282921e+01   1.9130694e+02   4.6037034e+01  -2.2000000e+02   6.4018659e+01
  -8.0000000e+00   1.0000000e+00   2.7272746e+00   1.9197108e+02   4.6550300e+01  -2.2000000e+02   6.6836089e+01
  -8.0000000e+00   1.0000000e+00  -6.7531259e+00   1.9397371e+02   4.6823028e+01  -2.2000000e+02   6.8509744e+01
  -8.0000000e+00   1.0000000e+00  -5.2957738e-01   1.9331721e+02   4.7324228e+01  -2.2000000e+02   7.3564920e+01
  -8.0000000e+00   1.0000000e+00   2.8948520e+00   1.9197212e+02   4.7734625e+01  -2.2000000e+02   7.7824832e+01
  -8.0000000e+00   1.0000000e+00   3.8740380e+00   1.9053136e+02   4.7946335e+01  -2.2000000e+02   8.0826705e+01
  -8.0000000e+00   1.0000000e+00  -4.2375119e+00   1.9108905e+02   4.8057091e+01  -2.2000000e+02   8.1736235e+01
  -8.0000000e+00   1.0000000e+00   1.5720559e-01   1.8849218e+02   4.8532361e+01  -2.2000000e+02   8.2318548e+01
  -8.0000000e+00   1.0000000e+00   2.5562078e+00   1.8282234e+02   5.1574448e+01  -2.2000000e+02   7.7139832e+01
  -8.0000000e+00   1.0000000e+00   4.8697561e+00   1.7743745e+02   5.7631937e+01  -2.2000000e+02   6.9435743e+01
  -8.0000000e+00   1.0000000e+00   6.1676033e+00   1.7063229e+02   6.7033062e+01  -2.2000000e+02   5.8310506e+01
  -8.0000000e+00   1.0000000e+00   6.3140447e+00   1.6703351e+02   7.7220081e+01  -2.2000000e+02   4.6251513e+01
  -8.0000000e+00   1.0000000e+00   6.1733091e+00   1.6912962e+02   8.2512179e+01  -2.2000000e+02   3.4306778e+01
  -8.0000000e+00   1.0000000e+00   1.2142146e+01   1.7552439e+02   8.1271909e+01  -2.2000000e+02   2.2980860e+01
  -8.0000000e+00   1.0000000e+00   1.9667544e+01   1.8266731e+02   7.8411915e+01  -2.2000000e+02   1.3142970e+01
  -8.0000000e+00   1.0000000e+00   2.7140015e+01   1.9009841e+02   7.5259928e+01  -2.2000000e+02   3.4613554e+00
  -8.0000000e+00   1.0000000e+00   3.5322999e+01   1.9781035e+02   7.2423469e+01  -2.2000000e+02  -6.5897685e+00
  -8.0000000e+00   1.0000000e+00   4.3227008e+01   2.0654125e+02   6.9047598e+01  -2.2000000e+02  -1.6006255e+01
  -8.0000000e+00   1.0000000e+00   5.0246872e+01   2.1635390e+02   6.3537776e+01  -2.2000000e+02  -2.4527175e+01
  -8.0000000e+00   1.0000000e+00   5.7236967e+01   2.2675155e+02   5.7297642e+01  -2.2000000e+02  -3.0813874e+01
  -8.0000000e+00   1.0000000e+00   6.2800373e+01   2.3343702e+02   5.3965709e+01  -2.2000000e+02  -3.4118495e+01
  -8.0000000e+00   1.0000000e+00   6.3359431e+01   2.3303694e+02   5.2353122e+01  -2.2000000e+02  -3.2975764e+01
  -8.0000000e+00   1.0000000e+00   6.1506214e+01   2.3079518e+02   5.0709447e+01  -2.2000000e+02  -2.7617835e+01
  -8.0000000e+00   1.0000000e+00   5.9085807e+01   2.2793315e+02   4.8663434e+01  -2.2000000e+02  -2.1539198e+01
  -8.0000000e+00   1.0000000e+00   5.7133958e+01   2.2415701e+02   4.7090801e+01  -2.2000000e+02  -1.4203209e+01
  -8.0000000e+00   1.0000000e+00   5.5595161e+01   2.2012181e+02   4.5953829e+01  -2.2000000e+02  -6.4309175e+00
  -8.0000000e+00   1.0000000e+00   5.2193661e+01   2.1573870e+02   4.5678544e+01  -2.2000000e+02   1.6958529e+00
  -8.0000000e+00   1.0000000e+00   4.9259650e+01   2.1199136e+02   4.6029865e+01  -2.2000000e+02   8.5750952e+00
  -8.0000000e+00   1.0000000e+00   4.5564315e+01   2.0932463e+02   4.6626909e+01  -2.2000000e+02   1.5126668e+01
  -8.0000000e+00   1.0000000e+00   4.1679680e+01   2.0657437e+02   4.7276597e+01  -2.2000000e+02   2.1084361e+01
  -8.0000000e+00   1.0000000e+00   3.8844536e+01   2.0498744e+02   4.8062382e+01  -2.2000000e+02   2.6492275e+01
  -8.0000000e+00   1.0000000e+00   3.7576396e+01   2.0213096e+02   4.7818356e+01  -2.2000000e+02   3.1027710e+01
