  -2.8333310e+01   1.6922373e+01   1.0885435e+01   1.9696534e+02   6.8792511e+01  -2.5713896e+02   5.8900790e+01
  -3.0247665e+01   1.2604574e+01   1.0066954e+01   1.9445981e+02   7.7527739e+01  -2.4313919e+02   6.1632504e+01
  -2.9468672e+01   2.0184193e+01   9.2504115e+00   1.9186810e+02   8.6061964e+01  -2.2913920e+02   6.4378709e+01
  -2.8411019e+01   2.4169686e+01   2.3250411e+01   1.8377820e+02   9.0064736e+01  -2.2000000e+02   7.2352719e+01
  -2.7085438e+01   2.5552975e+01   2.8000000e+01   1.7561969e+02   9.4126000e+01  -2.2000000e+02   8.0222589e+01
  -2.1206774e+01   2.4503781e+01   2.8000000e+01   1.7001649e+02   9.1163002e+01  -2.2000000e+02   7.7110406e+01
  -1.5107837e+01   2.1797263e+01   2.8000000e+01   1.6835171e+02   8.6816978e+01  -2.2000000e+02   6.8527957e+01
  -1.0202538e+01   1.6680654e+01   2.8000000e+01   1.6754465e+02   8.0547966e+01  -2.2000000e+02   5.8907247e+01
  -6.5670245e+00   1.0207733e+01   2.8000000e+01   1.6610909e+02   7.2839131e+01  -2.2000000e+02   4.7268970e+01
  -6.0181612e-01   4.6388416e+00   2.8000000e+01   1.6586482e+02   6.4847137e+01  -2.2000000e+02   3.5742192e+01
   5.4741890e+00   1.3746255e+00   2.8000000e+01   1.6715848e+02   5.9254851e+01  -2.2000000e+02   2.4400997e+01
   1.1029910e+01  -1.5565373e+00   2.8000000e+01   1.7590908e+02   6.2003638e+01  -2.2000000e+02   1.6722445e+01
   1.5962772e+01  -6.3243001e+00   2.8000000e+01   1.8652048e+02   6.0812784e+01  -2.2000000e+02   9.5328133e+00
   2.0725441e+01  -9.8116239e+00   2.8000000e+01   1.9706050e+02   5.9322854e+01  -2.2000000e+02   6.3869141e+00
   2.5440304e+01  -1.1128452e+01   2.8000000e+01   2.0827805e+02   5.4760997e+01  -2.2000000e+02   2.1053644e+00
   2.8080548e+01  -1.2114875e+01   2.8000000e+01   2.1965067e+02   4.9008019e+01  -2.2000000e+02  -2.0572338e+00
   2.5405921e+01  -8.2679341e+00   2.8000000e+01   2.3066798e+02   4.3608997e+01  -2.2000000e+02  -7.8818478e+00
   1.9650115e+01  -3.9248581e+00   2.8000000e+01   2.4121648e+02   3.8404809e+01  -2.2000000e+02  -1.4240723e+01
   1.6992842e+01  -2.0687484e+00   2.8000000e+01   2.4520647e+02   4.0702036e+01  -2.2000000e+02  -1.6164122e+01
   1.4349508e+01  -9.9817079e-01   2.8000000e+01   2.4394898e+02   4.4148350e+01  -2.2000000e+02  -1.3226725e+01
   1.0873982e+01   1.6488794e+00   2.8000000e+01   2.3900892e+02   4.6993689e+01  -2.2000000e+02  -8.1019463e+00
   8.3257568e+00   1.7304556e+00   2.8000000e+01   2.3429305e+02   4.8030478e+01  -2.2000000e+02  -3.5452403e+00
   4.9585255e+00   2.7856122e+00   2.8000000e+01   2.2904705e+02   4.9138224e+01  -2.2000000e+02   1.8178503e+00
   6.6832861e-01   4.8769499e+00   2.8000000e+01   2.2303717e+02   5.0627457e+01  -2.2000000e+02   7.8257301e+00
  -2.2934447e+00   4.8330696e+00   2.8000000e+01   2.1719098e+02   5.1536181e+01  -2.2000000e+02   1.2460405e+01
  -5.4376625e+00   4.4409293e+00   2.8000000e+01   2.1220342e+02   5.1407880e+01  -2.2000000e+02   1.7288409e+01
  -1.1317973e+01   7.1757756e+00   2.8000000e+01   2.0417370e+02   5.3308393e+01  -2.2000000e+02   2.2455166e+01
  -1.6212249e+01   7.4471927e+00   2.8000000e+01   1.9808315e+02   5.5360106e+01  -2.2000000e+02   2.6015134e+01
  -2.0320627e+01   9.9803087e+00   2.8000000e+01   1.8917257e+02   5.4932725e+01  -2.2000000e+02   3.0938724e+01
  -2.4142521e+01   1.7175026e+01   2.8000000e+01   1.7785752e+02   4.9275521e+01  -2.2000000e+02   3.5196447e+01
  -2.8180191e+01   1.9826877e+01   2.8000000e+01   1.6870383e+02   4.7109131e+01  -2.2000000e+02   4.0250698e+01
  -3.3042521e+01   2.4199911e+01   2.8000000e+01   1.6274702e+02   4.6245687e+01  -2.2000000e+02   4.5714787e+01
  -3.6395001e+01   2.7688313e+01   2.8000000e+01   1.5801545e+02   4.3139634e+01  -2.2000000e+02   4.9873307e+01
  -3.8611874e+01   3.2262497e+01   2.8000000e+01   1.5386056e+02   3.8843371e+01  -2.2000000e+02   5.3226389e+01
  -4.0103427e+01   3.3815568e+01   2.8000000e+01   1.5192915e+02   3.4888770e+01  -2.2000000e+02   5.7704603e+01
  -3.8444851e+01   3.0428387e+01   2.8000000e+01   1.5190952e+02   3.5777680e+01  -2.2000000e+02   6.3173381e+01
  -3.8622668e+01   3.1432848e+01   2.8000000e+01   1.5228018e+02   3.4248963e+01  -2.2000000e+02   6.6771600e+01
  -3.8796034e+01   2.7836157e+01   2.8000000e+01   1.5419720e+02   3.4494946e+01  -2.2000000e+02   6.9946106e+01
  -3.7254400e+01   3.0393832e+01   2.8000000e+01   1.5484938e+02   3.3962817e+01  -2.2000000e+02   7.1958406e+01
  -3.5992684e+01   3.0497955e+01   2.8000000e+01   1.5540309e+02   3.4173666e+01  -2.2000000e+02   7.3516415e+01
  -3.2992743e+01   2.8073528e+01   2.8000000e+01   1.5493699e+02   3.4634112e+01  -2.2000000e+02   7.3372792e+01
  -2.9459949e+01   2.5603730e+01   2.8000000e+01   1.5445522e+02   3.5156081e+01  -2.2000000e+02   7.1637211e+01
  -2.5224612e+01   2.3291361e+01   2.8000000e+01   1.5081457e+02   3.7155062e+01  -2.2000000e+02   6.3579788e+01
  -1.8816246e+01   1.6415765e+01   2.8000000e+01   1.4595230e+02   3.5028275e+01  -2.2000000e+02   5.3533170e+01
  -1.3722144e+01   1.6016007e+01   2.8000000e+01   1.3964709e+02   3.6467646e+01  -2.2000000e+02   4.2363405e+01
  -9.1623831e+00   1.3072405e+01   2.8000000e+01   1.4176125e+02   4.0504212e+01  -2.2000000e+02   3.2309000e+01
  -3.4869898e+00   7.3209144e+00   2.8000000e+01   1.5009309e+02   4.4357688e+01  -2.2000000e+02   2.2286321e+01
   2.7963063e+00   2.3188418e+00   2.8000000e+01   1.6164046e+02   4.9247782e+01  -2.2000000e+02   1.5603818e+01
   8.9896375e+00  -3.6531697e+00   2.8000000e+01   1.7367850e+02   5.1966850e+01  -2.2000000e+02   1.1857665e+01
   1.3514000e+01  -1.0391625e+01   2.8000000e+01   1.8559396e+02   5.1067329e+01  -2.2000000e+02   6.1376068e+00
   1.7833948e+01  -1.1768154e+01   2.8000000e+01   1.9727358e+02   4.9374807e+01  -2.2000000e+02   2.0763998e+00
   2.1713586e+01  -1.4390919e+01   2.8000000e+01   2.0916966e+02   4.5067199e+01  -2.2000000e+02  -3.7505117e+00
   2.2683141e+01  -1.2611566e+01   2.8000000e+01   2.2064659e+02   4.2202792e+01  -2.2000000e+02  -8.3142889e+00
   2.0726293e+01  -8.7850382e+00   2.8000000e+01   2.3181771e+02   3.8507590e+01  -2.2000000e+02  -1.3265503e+01
   1.7527124e+01  -5.4935259e+00   2.8000000e+01   2.4177005e+02   3.6087292e+01  -2.2000000e+02  -1.5267800e+01
   1.4471855e+01  -3.0702966e+00   2.8000000e+01   2.4245505e+02   3.8998310e+01  -2.2000000e+02  -1.3515854e+01
   1.0096053e+01   6.2098098e-01   2.8000000e+01   2.3763781e+02   4.2553653e+01  -2.2000000e+02  -1.0118327e+01
   5.7260144e+00   2.4750184e+00   2.8000000e+01   2.3248057e+02   4.5464968e+01  -2.2000000e+02  -5.7255928e+00
   1.5294866e+00   4.9408800e+00   2.8000000e+01   2.2694817e+02   4.7353748e+01  -2.2000000e+02  -7.1235343e-01
  -2.4397511e+00   8.6687006e+00   2.8000000e+01   2.2063134e+02   4.9007364e+01  -2.2000000e+02   4.1395209e+00
  -4.5507008e+00   8.3298218e+00   2.8000000e+01   2.1709399e+02   4.9319043e+01  -2.2000000e+02   8.7789332e+00
  -7.3145192e+00   8.8259609e+00   2.8000000e+01   2.1231640e+02   5.0648058e+01  -2.2000000e+02   1.3725620e+01
  -1.2026173e+01   1.1097219e+01   2.8000000e+01   2.0661440e+02   5.1716769e+01  -2.2000000e+02   1.7090570e+01
  -1.6111552e+01   1.1856560e+01   2.8000000e+01   2.0119167e+02   5.2942008e+01  -2.2000000e+02   2.0566300e+01
  -2.1157226e+01   1.9942548e+01   2.8000000e+01   1.9163267e+02   5.0984485e+01  -2.2000000e+02   2.4204269e+01
  -2.3231943e+01   1.7762755e+01   2.8000000e+01   1.8672773e+02   4.9146609e+01  -2.2000000e+02   2.8604536e+01
  -2.6470635e+01   1.8949321e+01   2.8000000e+01   1.8037951e+02   4.7600995e+01  -2.2000000e+02   3.1373258e+01
  -3.1322092e+01   2.6797912e+01   2.8000000e+01   1.6971716e+02   4.0900844e+01  -2.2000000e+02   3.4001966e+01
  -3.3606041e+01   2.7258909e+01   2.8000000e+01   1.6544531e+02   4.1387750e+01  -2.2000000e+02   3.8845577e+01
  -3.5944380e+01   2.5149546e+01   2.8000000e+01   1.6459462e+02   4.3226199e+01  -2.2000000e+02   4.4011300e+01
  -3.8268162e+01   2.9384468e+01   2.8000000e+01   1.6126809e+02   3.9570697e+01  -2.2000000e+02   4.7265165e+01
  -3.9417365e+01   3.5652709e+01   2.8000000e+01   1.5865772e+02   3.5647036e+01  -2.2000000e+02   5.0326471e+01
  -4.0037555e+01   3.4546147e+01   2.8000000e+01   1.5472190e+02   3.3966617e+01  -2.2000000e+02   5.4373703e+01
  -4.1008934e+01   3.6177512e+01   2.8000000e+01   1.5261422e+02   3.1845461e+01  -2.2000000e+02   5.9138605e+01
  -3.8563171e+01   3.2450315e+01   2.8000000e+01   1.5050017e+02   3.2461448e+01  -2.2000000e+02   6.2973763e+01
  -3.6582339e+01   2.6570396e+01   2.8000000e+01   1.5228305e+02   3.2723183e+01  -2.2000000e+02   6.6525903e+01
  -3.4767556e+01   2.2889873e+01   2.8000000e+01   1.5398486e+02   3.2989149e+01  -2.2000000e+02   6.8706941e+01
  -3.3302356e+01   2.5804924e+01   2.8000000e+01   1.5295804e+02   3.1167190e+01  -2.2000000e+02   6.8933463e+01
  -2.9271771e+01   2.1119609e+01   2.8000000e+01   1.5368199e+02   2.9974714e+01  -2.2000000e+02   6.8566386e+01
  -2.3245335e+01   1.9649563e+01   2.8000000e+01   1.5209149e+02   3.0707814e+01  -2.2000000e+02   6.2063243e+01
  -1.6230305e+01   1.9466089e+01   2.8000000e+01   1.4615390e+02   3.3315441e+01  -2.2000000e+02   5.2941114e+01
  -1.1798001e+01   1.5076340e+01   2.8000000e+01   1.4252358e+02   3.9143603e+01  -2.2000000e+02   4.2310983e+01
  -7.2766917e+00   1.0246078e+01   2.8000000e+01   1.4867954e+02   4.6367861e+01  -2.2000000e+02   3.2265175e+01
   5.3986192e-01   3.6498696e+00   2.8000000e+01   1.6013338e+02   5.1812591e+01  -2.2000000e+02   2.4777120e+01
   5.8692624e+00  -1.0949373e+00   2.8000000e+01   1.7178164e+02   5.5671097e+01  -2.2000000e+02   2.0040169e+01
   1.0996226e+01  -4.8393982e+00   2.8000000e+01   1.8332847e+02   5.6414241e+01  -2.2000000e+02   1.5687724e+01
   1.6403240e+01  -7.7234173e+00   2.8000000e+01   1.9461542e+02   5.4949840e+01  -2.2000000e+02   1.0261650e+01
   2.1105124e+01  -7.6923243e+00   2.8000000e+01   2.0546064e+02   5.4560539e+01  -2.2000000e+02   5.6749069e+00
   2.5470048e+01  -1.0442036e+01   2.8000000e+01   2.1670997e+02   4.9931828e+01  -2.2000000e+02   1.1636920e+00
   2.8401094e+01  -1.0195797e+01   2.8000000e+01   2.2795351e+02   4.4765167e+01  -2.2000000e+02  -4.2617010e+00
   2.5298632e+01  -7.9010493e+00   2.8000000e+01   2.3884091e+02   3.9499829e+01  -2.2000000e+02  -8.6125913e+00
   2.2053957e+01  -5.3088752e+00   2.8000000e+01   2.4736312e+02   3.6836127e+01  -2.2000000e+02  -9.0829391e+00
   1.9792496e+01  -4.0504797e+00   2.8000000e+01   2.4693385e+02   3.8169917e+01  -2.2000000e+02  -7.2955492e+00
   1.5502072e+01  -1.4683871e+00   2.8000000e+01   2.4275216e+02   4.1388224e+01  -2.2000000e+02  -1.9430246e+00
   1.1520271e+01   3.0745782e-01   2.8000000e+01   2.3651050e+02   4.4499232e+01  -2.2000000e+02   3.6496135e+00
   5.5642984e+00   4.3253733e+00   2.8000000e+01   2.2864054e+02   4.7767942e+01  -2.2000000e+02   1.0018681e+01
   3.5664123e-01   6.1331287e+00   2.8000000e+01   2.2068660e+02   5.0575044e+01  -2.2000000e+02   1.4273093e+01
  -3.0905263e+00   6.9648598e+00   2.8000000e+01   2.1434885e+02   5.2031668e+01  -2.2000000e+02   1.8444101e+01
  -7.6344663e+00   8.5861530e+00   2.8000000e+01   2.0764183e+02   5.3502395e+01  -2.2000000e+02   2.2943189e+01
  -1.2184814e+01   9.4542937e+00   2.8000000e+01   2.0034271e+02   5.4813124e+01  -2.2000000e+02   2.6887279e+01
  -1.7037489e+01   1.1232264e+01   2.8000000e+01   1.9255467e+02   5.6264467e+01  -2.2000000e+02   3.1406987e+01
  -2.0659665e+01   1.1330308e+01   2.8000000e+01   1.8551104e+02   5.5577057e+01  -2.2000000e+02   3.4748439e+01
  -2.1898208e+01   1.2245295e+01   2.8000000e+01   1.7953878e+02   5.2256099e+01  -2.2000000e+02   3.9663865e+01
  -2.3713407e+01   1.5401794e+01   2.8000000e+01   1.7364330e+02   4.9915995e+01  -2.2000000e+02   4.3944621e+01
  -2.7914249e+01   1.8554296e+01   2.8000000e+01   1.6909147e+02   4.7872993e+01  -2.2000000e+02   4.7455773e+01
  -3.0276850e+01   2.2527660e+01   2.8000000e+01   1.6428051e+02   4.5780936e+01  -2.2000000e+02   5.1864198e+01
  -3.1910095e+01   2.4579092e+01   2.8000000e+01   1.6031492e+02   4.2337413e+01  -2.2000000e+02   5.5291170e+01
  -3.3437572e+01   2.5811989e+01   2.8000000e+01   1.5628041e+02   4.0607920e+01  -2.2000000e+02   5.9854283e+01
  -3.6033226e+01   2.8253086e+01   2.8000000e+01   1.5330206e+02   3.7179628e+01  -2.2000000e+02   6.3488668e+01
  -3.4569478e+01   2.4798992e+01   2.8000000e+01   1.5393421e+02   3.7396297e+01  -2.2000000e+02   6.7694436e+01
  -3.4643922e+01   2.5322288e+01   2.8000000e+01   1.5528772e+02   3.4558063e+01  -2.2000000e+02   7.0310078e+01
  -3.3688414e+01   2.8308658e+01   2.8000000e+01   1.5461124e+02   3.3431299e+01  -2.2000000e+02   7.2057119e+01
  -2.9887380e+01   2.7983361e+01   2.8000000e+01   1.5434863e+02   3.2314570e+01  -2.2000000e+02   7.2336961e+01
  -2.4322656e+01   2.1006339e+01   2.8000000e+01   1.5398624e+02   3.4203905e+01  -2.2000000e+02   7.1769767e+01
  -1.7478045e+01   1.8487342e+01   2.8000000e+01   1.5001549e+02   3.7468665e+01  -2.2000000e+02   6.3174811e+01
  -1.4020660e+01   2.0390790e+01   2.8000000e+01   1.4484560e+02   3.5855380e+01  -2.2000000e+02   5.3218125e+01
  -1.0204802e+01   1.4382224e+01   2.8000000e+01   1.4461289e+02   4.1036068e+01  -2.2000000e+02   4.2731467e+01
  -6.4399123e+00   9.6993986e+00   2.8000000e+01   1.4986820e+02   4.7715072e+01  -2.2000000e+02   3.3952104e+01
  -2.6854199e+00   4.9335603e+00   2.8000000e+01   1.5596848e+02   5.0216668e+01  -2.2000000e+02   2.6938555e+01
   3.1355419e+00   1.5171801e+00   2.8000000e+01   1.6265519e+02   5.3424500e+01  -2.2000000e+02   1.9125765e+01
   8.8248313e+00  -6.5163581e+00   2.8000000e+01   1.7329788e+02   5.4602482e+01  -2.2000000e+02   1.1727890e+01
   1.2598687e+01  -1.0357215e+01   2.8000000e+01   1.8503024e+02   5.4113347e+01  -2.2000000e+02   5.9407423e+00
   1.6773536e+01  -1.1813424e+01   2.8000000e+01   1.9636083e+02   5.3273799e+01  -2.2000000e+02   1.8482579e+00
   2.1198311e+01  -1.1713870e+01   2.8000000e+01   2.0803807e+02   4.9554280e+01  -2.2000000e+02  -2.2379741e+00
   2.3939934e+01  -1.2687445e+01   2.8000000e+01   2.1971113e+02   4.4014220e+01  -2.2000000e+02  -8.0421205e+00
   2.3002692e+01  -1.0104246e+01   2.8000000e+01   2.3104840e+02   3.9115027e+01  -2.2000000e+02  -1.4131957e+01
   1.9095559e+01  -7.0485312e+00   2.8000000e+01   2.4145369e+02   3.5370200e+01  -2.2000000e+02  -1.7285024e+01
   1.8733037e+01  -6.7562297e+00   2.8000000e+01   2.4588314e+02   3.6250283e+01  -2.2000000e+02  -1.8473321e+01
   1.5642545e+01  -5.7455649e+00   2.8000000e+01   2.4387040e+02   3.8860643e+01  -2.2000000e+02  -1.5137742e+01
   1.1295068e+01  -2.9916324e+00   2.8000000e+01   2.3857586e+02   4.1831917e+01  -2.2000000e+02  -9.6749831e+00
   7.2991234e+00  -1.3644264e+00   2.8000000e+01   2.3307218e+02   4.3600176e+01  -2.2000000e+02  -4.7000175e+00
   2.6188860e+00   2.0483204e+00   2.8000000e+01   2.2624428e+02   4.5503289e+01  -2.2000000e+02   1.7537420e+00
  -2.2448383e+00   4.6102125e+00   2.8000000e+01   2.1947901e+02   4.6580000e+01  -2.2000000e+02   6.6154647e+00
  -5.7064809e+00   5.4197786e+00   2.8000000e+01   2.1450608e+02   4.6983279e+01  -2.2000000e+02   1.1442886e+01
  -9.6829351e+00   6.3494056e+00   2.8000000e+01   2.0958675e+02   4.7672793e+01  -2.2000000e+02   1.4874230e+01
  -1.4774538e+01   7.9619712e+00   2.8000000e+01   2.0342318e+02   4.9188027e+01  -2.2000000e+02   1.8258107e+01
  -1.8127350e+01   9.1739232e+00   2.8000000e+01   1.9685323e+02   4.8732637e+01  -2.2000000e+02   2.2560613e+01
  -2.2013624e+01   1.2366121e+01   2.8000000e+01   1.8971352e+02   4.7645616e+01  -2.2000000e+02   2.6749269e+01
  -2.5673398e+01   1.4061504e+01   2.8000000e+01   1.8361462e+02   4.5907836e+01  -2.2000000e+02   2.8002175e+01
  -2.6585851e+01   1.4496836e+01   2.8000000e+01   1.7871902e+02   4.2341537e+01  -2.2000000e+02   3.1802891e+01
  -3.0203214e+01   1.8631332e+01   2.8000000e+01   1.7234349e+02   3.8950188e+01  -2.2000000e+02   3.5207294e+01
  -3.3130979e+01   1.9001802e+01   2.8000000e+01   1.6804448e+02   3.8026600e+01  -2.2000000e+02   3.9673523e+01
  -3.6518297e+01   2.3446571e+01   2.8000000e+01   1.6329219e+02   3.3937940e+01  -2.2000000e+02   4.2300409e+01
  -3.7779035e+01   2.8655348e+01   2.8000000e+01   1.5898008e+02   2.6906597e+01  -2.2000000e+02   4.4535200e+01
  -3.9363579e+01   3.3389617e+01   2.8000000e+01   1.5473899e+02   2.2537159e+01  -2.2000000e+02   4.7734938e+01
  -4.0234509e+01   3.3504869e+01   2.8000000e+01   1.5280274e+02   2.0714360e+01  -2.2000000e+02   5.0887790e+01
  -4.2660074e+01   3.2627802e+01   2.8000000e+01   1.5225363e+02   1.9212632e+01  -2.2000000e+02   5.1997766e+01
  -4.2336469e+01   3.3572225e+01   2.8000000e+01   1.5215980e+02   1.7154115e+01  -2.2000000e+02   5.3835261e+01
  -3.8725186e+01   2.8827210e+01   2.8000000e+01   1.5021247e+02   1.8677497e+01  -2.2000000e+02   5.6610514e+01
  -3.3516750e+01   2.3149359e+01   2.8000000e+01   1.4954391e+02   2.1627728e+01  -2.2000000e+02   5.6920164e+01
  -2.7654612e+01   1.7860351e+01   2.8000000e+01   1.4786736e+02   2.5239848e+01  -2.2000000e+02   5.0916580e+01
  -1.8813311e+01   1.8406426e+01   2.8000000e+01   1.4298725e+02   3.2149954e+01  -2.2000000e+02   4.1874592e+01
  -1.5206244e+01   1.4009015e+01   2.8000000e+01   1.4430367e+02   3.7775038e+01  -2.2000000e+02   3.2192660e+01
  -8.6252692e+00   8.3396935e+00   2.8000000e+01   1.5490988e+02   4.4538198e+01  -2.2000000e+02   2.3885432e+01
  -3.4508953e+00   4.2943087e+00   2.8000000e+01   1.6653419e+02   5.2472883e+01  -2.2000000e+02   2.0704312e+01
   3.2999408e+00   8.4711725e-01   2.8000000e+01   1.7823724e+02   5.3480419e+01  -2.2000000e+02   1.6391697e+01
   9.7313165e+00  -1.8249215e+00   2.8000000e+01   1.8971313e+02   5.3450857e+01  -2.2000000e+02   1.4645709e+01
   1.5506805e+01  -3.1433651e+00   2.8000000e+01   2.0127513e+02   5.0852353e+01  -2.2000000e+02   9.7426884e+00
   2.0928737e+01  -5.7501753e+00   2.8000000e+01   2.1255677e+02   4.9129750e+01  -2.2000000e+02   4.8693965e+00
   2.3441836e+01  -7.5341322e+00   2.8000000e+01   2.2333897e+02   4.7192147e+01  -2.2000000e+02  -5.9858317e-02
   2.2287732e+01  -6.5603220e+00   2.8000000e+01   2.3341407e+02   4.3530797e+01  -2.2000000e+02  -6.5613319e+00
   1.7717213e+01  -4.3654840e+00   2.8000000e+01   2.4295751e+02   3.9307956e+01  -2.2000000e+02  -1.0009559e+01
   1.5406745e+01  -1.9381074e+00   2.8000000e+01   2.4383952e+02   4.0998679e+01  -2.2000000e+02  -8.1070776e+00
   1.1690659e+01  -3.8511188e-02   2.8000000e+01   2.3866976e+02   4.3326189e+01  -2.2000000e+02  -3.3207449e+00
   7.7893686e+00   1.2994742e+00   2.8000000e+01   2.3345432e+02   4.5659064e+01  -2.2000000e+02   3.0093504e+00
   2.8267272e+00   4.7727793e+00   2.8000000e+01   2.2527839e+02   4.7756314e+01  -2.2000000e+02   8.9864935e+00
  -1.4013743e+00   6.4581342e+00   2.8000000e+01   2.1794610e+02   4.9006669e+01  -2.2000000e+02   1.4869093e+01
  -4.4470695e+00   8.5131227e+00   2.8000000e+01   2.1116356e+02   4.8710314e+01  -2.2000000e+02   1.8555228e+01
  -7.6994609e+00   1.0289682e+01   2.8000000e+01   2.0386285e+02   4.7374581e+01  -2.2000000e+02   2.3876532e+01
  -1.2795053e+01   1.1274311e+01   2.8000000e+01   1.9827042e+02   4.9478033e+01  -2.2000000e+02   2.7798359e+01
  -1.6833837e+01   1.2102349e+01   2.8000000e+01   1.9312827e+02   5.0476019e+01  -2.2000000e+02   3.0327949e+01
  -1.9922203e+01   1.4719330e+01   2.8000000e+01   1.8558449e+02   4.9215148e+01  -2.2000000e+02   3.3575567e+01
  -2.3376147e+01   1.7185518e+01   2.8000000e+01   1.7892844e+02   4.7194769e+01  -2.2000000e+02   3.6630371e+01
  -2.6236908e+01   1.7792593e+01   2.8000000e+01   1.7533181e+02   4.6741724e+01  -2.2000000e+02   3.9012659e+01
  -2.9194229e+01   2.1479960e+01   2.8000000e+01   1.7141078e+02   4.5442008e+01  -2.2000000e+02   4.2056579e+01
  -3.2274577e+01   2.4989886e+01   2.8000000e+01   1.6670930e+02   4.1800177e+01  -2.2000000e+02   4.4761190e+01
  -3.4233294e+01   2.5978604e+01   2.8000000e+01   1.6275953e+02   3.9514784e+01  -2.2000000e+02   4.9595198e+01
  -3.5970388e+01   2.8228129e+01   2.8000000e+01   1.6056860e+02   3.7428155e+01  -2.2000000e+02   5.3375745e+01
  -3.6574116e+01   3.2465692e+01   2.8000000e+01   1.5665139e+02   3.3549926e+01  -2.2000000e+02   5.5548234e+01
  -3.7984498e+01   3.6424501e+01   2.8000000e+01   1.5426360e+02   2.7721246e+01  -2.2000000e+02   5.7548778e+01
  -3.9952056e+01   3.5658280e+01   2.8000000e+01   1.5321312e+02   2.6946858e+01  -2.2000000e+02   6.0684310e+01
  -4.0071993e+01   3.3219805e+01   2.8000000e+01   1.5161693e+02   2.7432933e+01  -2.2000000e+02   6.3322800e+01
  -3.9594795e+01   3.2643220e+01   2.8000000e+01   1.5281742e+02   2.6038432e+01  -2.2000000e+02   6.6139686e+01
  -3.9628199e+01   3.0955975e+01   2.8000000e+01   1.5417678e+02   2.4785541e+01  -2.2000000e+02   6.8542132e+01
  -3.8965250e+01   2.9654507e+01   2.8000000e+01   1.5561213e+02   2.3475113e+01  -2.2000000e+02   6.9298310e+01
  -3.8101574e+01   2.7992206e+01   2.8000000e+01   1.5571405e+02   2.3331346e+01  -2.2000000e+02   6.9851289e+01
  -3.5801891e+01   2.8501844e+01   2.8000000e+01   1.5419657e+02   2.1622908e+01  -2.2000000e+02   6.9132769e+01
  -3.1411714e+01   2.1619280e+01   2.8000000e+01   1.5429933e+02   2.1586467e+01  -2.2000000e+02   6.8402292e+01
  -2.3696968e+01   1.9754748e+01   2.8000000e+01   1.5104474e+02   2.6766900e+01  -2.2000000e+02   6.2388525e+01
  -1.8333384e+01   2.0985583e+01   2.8000000e+01   1.4628556e+02   3.0368633e+01  -2.2000000e+02   5.2398854e+01
  -1.4375000e+01   1.6493928e+01   2.8000000e+01   1.4475419e+02   3.5644541e+01  -2.2000000e+02   4.1274205e+01
  -7.9642528e+00   8.7594124e+00   2.8000000e+01   1.5214098e+02   4.3252119e+01  -2.2000000e+02   3.1244757e+01
  -1.5807992e+00   2.6954704e+00   2.8000000e+01   1.6363566e+02   4.9056929e+01  -2.2000000e+02   2.3393052e+01
   4.9040385e+00  -2.1063434e+00   2.8000000e+01   1.7537028e+02   5.1999781e+01  -2.2000000e+02   1.9079129e+01
   1.0858555e+01  -3.2533507e+00   2.8000000e+01   1.8699546e+02   5.2584568e+01  -2.2000000e+02   1.5960211e+01
   1.6208496e+01  -3.7777420e+00   2.8000000e+01   1.9859419e+02   5.0833049e+01  -2.2000000e+02   1.1788182e+01
   2.0600197e+01  -4.8350602e+00   2.8000000e+01   2.1023217e+02   4.7326237e+01  -2.2000000e+02   5.6604097e+00
   2.3908085e+01  -5.7741454e+00   2.8000000e+01   2.2176423e+02   4.2652142e+01  -2.2000000e+02  -7.7686784e-01
   2.5455366e+01  -7.1135288e+00   2.8000000e+01   2.3249900e+02   4.0680731e+01  -2.2000000e+02  -8.3628816e+00
   2.0987576e+01  -5.9876663e+00   2.8000000e+01   2.4189266e+02   3.8486915e+01  -2.2000000e+02  -1.5976839e+01
   1.7697261e+01  -4.2897319e+00   2.8000000e+01   2.4724546e+02   3.9338825e+01  -2.2000000e+02  -1.8356866e+01
   1.5456341e+01  -2.4353073e+00   2.8000000e+01   2.4609573e+02   4.1538475e+01  -2.2000000e+02  -1.5527594e+01
   1.1903768e+01  -4.0846223e-01   2.8000000e+01   2.4121804e+02   4.3891779e+01  -2.2000000e+02  -1.0314681e+01
   8.7180900e+00   1.5731303e+00   2.8000000e+01   2.3582969e+02   4.5601178e+01  -2.2000000e+02  -5.9699285e+00
   4.8270954e+00   3.1211193e+00   2.8000000e+01   2.3023932e+02   4.7290222e+01  -2.2000000e+02   1.7717532e-01
   2.5238963e-01   5.2723698e+00   2.8000000e+01   2.2347637e+02   4.8609671e+01  -2.2000000e+02   5.6557652e+00
  -2.9500276e+00   6.4366351e+00   2.8000000e+01   2.1701406e+02   4.8542136e+01  -2.2000000e+02   1.0293710e+01
  -5.9628854e+00   5.5179214e+00   2.8000000e+01   2.1346227e+02   4.8802427e+01  -2.2000000e+02   1.3992884e+01
  -9.4121347e+00   5.6273454e+00   2.8000000e+01   2.0864799e+02   4.9200989e+01  -2.2000000e+02   1.7889532e+01
  -1.3841005e+01   6.9399116e+00   2.8000000e+01   2.0272126e+02   5.0490817e+01  -2.2000000e+02   2.2519263e+01
  -1.8107876e+01   7.2084279e+00   2.8000000e+01   1.9701577e+02   5.0843768e+01  -2.2000000e+02   2.5788766e+01
  -2.1802522e+01   1.3317060e+01   2.8000000e+01   1.8760800e+02   4.8180975e+01  -2.2000000e+02   2.9450501e+01
  -2.5246128e+01   1.7332378e+01   2.8000000e+01   1.7794043e+02   4.3969909e+01  -2.2000000e+02   3.2546148e+01
  -2.7450394e+01   1.6462872e+01   2.8000000e+01   1.7540279e+02   4.2770098e+01  -2.2000000e+02   3.6680506e+01
  -3.1641862e+01   1.9378069e+01   2.8000000e+01   1.6980202e+02   4.2589599e+01  -2.2000000e+02   4.0886181e+01
  -3.5263955e+01   2.5223964e+01   2.8000000e+01   1.6308863e+02   3.5822847e+01  -2.2000000e+02   4.2659378e+01
  -3.7650256e+01   2.8192303e+01   2.8000000e+01   1.5896832e+02   3.3555024e+01  -2.2000000e+02   4.7687921e+01
  -3.9828735e+01   3.3121231e+01   2.8000000e+01   1.5576491e+02   2.8740255e+01  -2.2000000e+02   5.0293454e+01
  -4.1500295e+01   3.6436896e+01   2.8000000e+01   1.5357567e+02   2.4422779e+01  -2.2000000e+02   5.3390989e+01
  -4.1309358e+01   3.5126826e+01   2.8000000e+01   1.5114414e+02   2.1325873e+01  -2.2000000e+02   5.5500288e+01
  -3.8381836e+01   3.0443012e+01   2.8000000e+01   1.4995550e+02   2.2526541e+01  -2.2000000e+02   5.8740581e+01
  -3.3478201e+01   2.8302729e+01   2.8000000e+01   1.4862925e+02   2.3256013e+01  -2.2000000e+02   5.7570821e+01
  -2.5693322e+01   2.5753045e+01   2.8000000e+01   1.4638603e+02   2.5729355e+01  -2.2000000e+02   5.3501348e+01
  -2.0169086e+01   1.8665209e+01   2.8000000e+01   1.4200087e+02   3.2085952e+01  -2.2000000e+02   4.4736253e+01
  -1.5866707e+01   1.5914160e+01   2.8000000e+01   1.4210050e+02   3.6189013e+01  -2.2000000e+02   3.3830600e+01
  -9.3914263e+00   9.4181953e+00   2.8000000e+01   1.5130477e+02   4.4339106e+01  -2.2000000e+02   2.5821721e+01
  -2.2079925e+00   4.2747258e+00   2.8000000e+01   1.6284247e+02   5.2167051e+01  -2.2000000e+02   2.1793562e+01
   4.5233290e+00   1.7095539e+00   2.8000000e+01   1.7449403e+02   5.5258627e+01  -2.2000000e+02   1.7659541e+01
   1.0310001e+01  -7.3003458e-01   2.8000000e+01   1.8604761e+02   5.4448451e+01  -2.2000000e+02   1.5480323e+01
   1.5262265e+01  -1.2895217e+00   2.8000000e+01   1.9784938e+02   5.1165602e+01  -2.2000000e+02   1.0065699e+01
   1.8416544e+01  -2.9718606e+00   2.8000000e+01   2.0955565e+02   4.7359488e+01  -2.2000000e+02   5.9601817e+00
   2.0482993e+01  -2.7408096e+00   2.8000000e+01   2.2105508e+02   4.3483047e+01  -2.2000000e+02  -6.6027250e-01
   1.9511331e+01  -2.5623362e+00   2.8000000e+01   2.3210204e+02   4.0357719e+01  -2.2000000e+02  -6.8959106e+00
   1.7082449e+01  -1.4815581e+00   2.8000000e+01   2.4196285e+02   3.8906593e+01  -2.2000000e+02  -1.1285657e+01
   1.5084492e+01  -5.9840066e-01   2.8000000e+01   2.4348410e+02   4.2149937e+01  -2.2000000e+02  -1.0609832e+01
   1.0772260e+01   1.4378510e+00   2.8000000e+01   2.3979159e+02   4.5673983e+01  -2.2000000e+02  -5.6571114e+00
   7.9772363e+00   2.2194046e+00   2.8000000e+01   2.3559936e+02   4.7064719e+01  -2.2000000e+02  -5.3500882e-01
   4.3249267e+00   4.7264236e+00   2.8000000e+01   2.3002753e+02   4.8216193e+01  -2.2000000e+02   4.3774104e+00
  -2.0086225e-01   8.0257346e+00   2.8000000e+01   2.2219534e+02   4.9812452e+01  -2.2000000e+02   9.7871072e+00
  -3.3769131e+00   9.4074124e+00   2.8000000e+01   2.1633979e+02   4.9804854e+01  -2.2000000e+02   1.4016294e+01
  -5.5775585e+00   1.0088172e+01   2.8000000e+01   2.1057969e+02   4.9506972e+01  -2.2000000e+02   1.7229484e+01
  -6.9760716e+00   1.0974459e+01   2.8000000e+01   2.0581656e+02   4.8325213e+01  -2.2000000e+02   2.0483941e+01
  -1.1176194e+01   1.2188844e+01   2.8000000e+01   1.9954440e+02   4.8897140e+01  -2.2000000e+02   2.4433306e+01
  -1.5450707e+01   1.3784794e+01   2.8000000e+01   1.9389496e+02   4.9969445e+01  -2.2000000e+02   2.6658159e+01
  -1.7806552e+01   1.3627316e+01   2.8000000e+01   1.9038830e+02   5.0674240e+01  -2.2000000e+02   2.9650803e+01
  -2.1427384e+01   1.5236275e+01   2.8000000e+01   1.8539521e+02   5.1627207e+01  -2.2000000e+02   3.2241456e+01
  -2.4345746e+01   2.1270794e+01   2.8000000e+01   1.7707430e+02   4.6738539e+01  -2.2000000e+02   3.6423073e+01
  -2.6172131e+01   2.0433823e+01   2.8000000e+01   1.7443432e+02   4.6424822e+01  -2.2000000e+02   3.8541423e+01
  -2.8300489e+01   2.0937841e+01   2.8000000e+01   1.7037967e+02   4.7433763e+01  -2.2000000e+02   4.2299301e+01
  -3.2322865e+01   2.3270040e+01   2.8000000e+01   1.6585511e+02   4.6943124e+01  -2.2000000e+02   4.4862885e+01
  -3.5146567e+01   2.6221253e+01   2.8000000e+01   1.6229648e+02   4.2986726e+01  -2.2000000e+02   4.7737985e+01
  -3.6933046e+01   2.4880319e+01   2.8000000e+01   1.6163758e+02   4.4288817e+01  -2.2000000e+02   5.0420948e+01
  -4.0789691e+01   3.2631987e+01   2.8000000e+01   1.5830442e+02   4.0361495e+01  -2.2000000e+02   5.3398566e+01
  -4.1129230e+01   3.6420809e+01   2.8000000e+01   1.5674004e+02   3.6552854e+01  -2.2000000e+02   5.6008373e+01
  -4.0913436e+01   3.4292575e+01   2.8000000e+01   1.5541871e+02   3.5356358e+01  -2.2000000e+02   5.9605559e+01
  -4.0550537e+01   3.3861883e+01   2.8000000e+01   1.5502168e+02   3.4269392e+01  -2.2000000e+02   6.2876734e+01
  -4.0361931e+01   3.4360125e+01   2.8000000e+01   1.5539983e+02   3.1895409e+01  -2.2000000e+02   6.6303103e+01
  -4.0015676e+01   3.2719500e+01   2.8000000e+01   1.5495507e+02   3.0311253e+01  -2.2000000e+02   6.8786582e+01
  -4.0289699e+01   3.1198423e+01   2.8000000e+01   1.5514200e+02   2.8846737e+01  -2.2000000e+02   6.9649920e+01
  -3.9606236e+01   3.1928282e+01   2.8000000e+01   1.5541430e+02   2.7412256e+01  -2.2000000e+02   7.0530782e+01
  -3.8381609e+01   2.8090874e+01   2.8000000e+01   1.5607180e+02   2.8495637e+01  -2.2000000e+02   7.0998279e+01
  -3.7137442e+01   2.8271039e+01   2.8000000e+01   1.5536758e+02   2.9631038e+01  -2.2000000e+02   7.0622017e+01
  -3.2963745e+01   2.6551737e+01   2.8000000e+01   1.5458824e+02   3.0395180e+01  -2.2000000e+02   6.9209926e+01
  -2.9050365e+01   2.4165377e+01   2.8000000e+01   1.5377856e+02   3.1150975e+01  -2.2000000e+02   6.7805939e+01
  -2.4039726e+01   2.2806922e+01   2.8000000e+01   1.5072929e+02   3.2709478e+01  -2.2000000e+02   6.2187336e+01
  -1.8654064e+01   1.8514321e+01   2.8000000e+01   1.4671469e+02   3.0605200e+01  -2.2000000e+02   5.2436127e+01
  -1.4392897e+01   1.4954188e+01   2.8000000e+01   1.4291939e+02   3.7198378e+01  -2.2000000e+02   4.1355454e+01
  -8.1195214e+00   7.6822278e+00   2.8000000e+01   1.5042588e+02   4.4335487e+01  -2.2000000e+02   3.1823376e+01
  -6.6315030e-01   2.4620348e+00   2.8000000e+01   1.6192371e+02   5.0053625e+01  -2.2000000e+02   2.3097284e+01
   5.2278544e+00  -4.0865752e+00   2.8000000e+01   1.7363894e+02   5.1967981e+01  -2.2000000e+02   1.6762119e+01
   1.1123446e+01  -5.8334915e+00   2.8000000e+01   1.8542306e+02   5.1210879e+01  -2.2000000e+02   1.3874287e+01
   1.5684466e+01  -4.3623890e+00   2.8000000e+01   1.9728849e+02   4.8454275e+01  -2.2000000e+02   1.0625219e+01
   1.9134408e+01  -3.9872260e+00   2.8000000e+01   2.0916071e+02   4.4139429e+01  -2.2000000e+02   5.4451846e+00
   1.8641851e+01  -2.7816569e+00   2.8000000e+01   2.2095059e+02   3.8959509e+01  -2.2000000e+02  -7.4980474e-01
   1.5055466e+01  -1.0692522e+00   2.8000000e+01   2.3220876e+02   3.5169060e+01  -2.2000000e+02  -5.5489299e+00
   1.4074287e+01  -7.7230848e-01   2.8000000e+01   2.3922387e+02   3.7611321e+01  -2.2000000e+02  -7.1268820e+00
   1.1572372e+01  -2.0684402e-01   2.8000000e+01   2.3831419e+02   4.0972860e+01  -2.2000000e+02  -4.7479608e+00
   8.0154034e+00   1.8896195e+00   2.8000000e+01   2.3321034e+02   4.3987784e+01  -2.2000000e+02   8.5122062e-01
   3.8089783e+00   4.2450983e+00   2.8000000e+01   2.2747443e+02   4.6351366e+01  -2.2000000e+02   5.7581702e+00
  -1.2669327e+00   7.7486472e+00   2.8000000e+01   2.1981051e+02   4.8611723e+01  -2.2000000e+02   1.0463901e+01
  -4.5038323e+00   8.9286703e+00   2.8000000e+01   2.1367536e+02   4.9239874e+01  -2.2000000e+02   1.5433108e+01
  -7.9082075e+00   9.7813822e+00   2.8000000e+01   2.0831597e+02   4.9338307e+01  -2.2000000e+02   2.0178449e+01
  -1.0906120e+01   1.0119996e+01   2.8000000e+01   2.0328322e+02   4.9530429e+01  -2.2000000e+02   2.3873379e+01
  -1.5692317e+01   1.0833491e+01   2.8000000e+01   1.9818705e+02   5.1397202e+01  -2.2000000e+02   2.6959652e+01
  -1.9271325e+01   1.0840998e+01   2.8000000e+01   1.9171572e+02   5.1411216e+01  -2.2000000e+02   3.0100213e+01
  -2.3530170e+01   1.5708912e+01   2.8000000e+01   1.8372741e+02   4.8937494e+01  -2.2000000e+02   3.3499409e+01
  -2.6061550e+01   1.6160177e+01   2.8000000e+01   1.7825636e+02   4.7649728e+01  -2.2000000e+02   3.7170151e+01
  -2.9894414e+01   2.1677183e+01   2.8000000e+01   1.7145328e+02   4.3848196e+01  -2.2000000e+02   4.0568747e+01
  -3.4716798e+01   2.5550585e+01   2.8000000e+01   1.6608883e+02   4.1439366e+01  -2.2000000e+02   4.3516581e+01
  -3.6768693e+01   2.6087561e+01   2.8000000e+01   1.6272676e+02   3.9475268e+01  -2.2000000e+02   4.8122656e+01
  -3.9318203e+01   3.0483435e+01   2.8000000e+01   1.5945164e+02   3.7301559e+01  -2.2000000e+02   5.1202513e+01
  -4.1839019e+01   3.4130593e+01   2.8000000e+01   1.5809057e+02   3.3838215e+01  -2.2000000e+02   5.2930539e+01
  -4.1041145e+01   3.4736132e+01   2.8000000e+01   1.5792352e+02   3.0871018e+01  -2.2000000e+02   5.6615177e+01
  -4.1062289e+01   3.5725708e+01   2.8000000e+01   1.5461783e+02   2.8461486e+01  -2.2000000e+02   6.0331970e+01
  -4.2274332e+01   3.1833286e+01   2.8000000e+01   1.5665010e+02   2.7070447e+01  -2.2000000e+02   6.3228614e+01
  -4.1739428e+01   3.2055089e+01   2.8000000e+01   1.5810961e+02   2.6801707e+01  -2.2000000e+02   6.6511206e+01
  -4.0953228e+01   3.1084292e+01   2.8000000e+01   1.5788692e+02   2.6594237e+01  -2.2000000e+02   6.9129813e+01
  -4.1180533e+01   2.8828575e+01   2.8000000e+01   1.5808111e+02   2.6049706e+01  -2.2000000e+02   7.0664140e+01
  -4.0253953e+01   3.0090401e+01   2.8000000e+01   1.5639194e+02   2.5609605e+01  -2.2000000e+02   7.1727283e+01
  -3.8555014e+01   2.8654804e+01   2.8000000e+01   1.5606749e+02   2.5506483e+01  -2.2000000e+02   7.2009049e+01
  -3.5195468e+01   2.3880620e+01   2.8000000e+01   1.5496774e+02   2.6707964e+01  -2.2000000e+02   7.1470511e+01
  -3.0477988e+01   2.2177156e+01   2.8000000e+01   1.5303716e+02   2.9623166e+01  -2.2000000e+02   6.5327956e+01
  -2.4414001e+01   1.9878941e+01   2.8000000e+01   1.4891069e+02   3.0111140e+01  -2.2000000e+02   5.5390223e+01
  -1.7778869e+01   1.6114810e+01   2.8000000e+01   1.4425433e+02   3.8447931e+01  -2.2000000e+02   4.4901387e+01
  -1.3065082e+01   1.5513346e+01   2.8000000e+01   1.4645267e+02   4.6451973e+01  -2.2000000e+02   3.5094219e+01
  -4.8404018e+00   6.8517900e+00   2.8000000e+01   1.5719990e+02   5.2223776e+01  -2.2000000e+02   2.5189611e+01
   1.5786409e+00   4.7724378e+00   2.8000000e+01   1.6870631e+02   5.7199986e+01  -2.2000000e+02   1.9667571e+01
   7.2992521e+00   1.7187362e-02   2.8000000e+01   1.8028226e+02   5.6402775e+01  -2.2000000e+02   1.5422217e+01
   1.2907222e+01  -3.5412564e+00   2.8000000e+01   1.9166739e+02   5.4371208e+01  -2.2000000e+02   1.2836208e+01
   1.8289210e+01  -5.2140670e+00   2.8000000e+01   2.0321654e+02   5.1101535e+01  -2.2000000e+02   6.8467041e+00
   2.2413499e+01  -7.0156290e+00   2.8000000e+01   2.1471256e+02   4.7095704e+01  -2.2000000e+02   1.3200421e+00
   2.4357791e+01  -6.8805509e+00   2.8000000e+01   2.2598641e+02   4.2233558e+01  -2.2000000e+02  -5.5505478e+00
   2.1384843e+01  -5.1098106e+00   2.8000000e+01   2.3679511e+02   3.8689154e+01  -2.2000000e+02  -1.1323937e+01
   1.8530409e+01  -2.6052664e+00   2.8000000e+01   2.4500221e+02   3.7402459e+01  -2.2000000e+02  -1.4752304e+01
   1.6654101e+01  -2.4253876e+00   2.8000000e+01   2.4613931e+02   3.9943626e+01  -2.2000000e+02  -1.3411923e+01
   1.3485088e+01  -8.6972687e-04   2.8000000e+01   2.4191469e+02   4.2703682e+01  -2.2000000e+02  -8.7362187e+00
   1.0246225e+01   1.7901450e+00   2.8000000e+01   2.3646223e+02   4.3948928e+01  -2.2000000e+02  -3.8133407e+00
   6.5297459e+00   4.0353657e+00   2.8000000e+01   2.3112288e+02   4.5785344e+01  -2.2000000e+02   2.6652113e+00
   2.3690353e+00   5.5703015e+00   2.8000000e+01   2.2484289e+02   4.7621910e+01  -2.2000000e+02   8.4912355e+00
  -6.4284454e-01   6.9882956e+00   2.8000000e+01   2.1839850e+02   4.8228130e+01  -2.2000000e+02   1.3335933e+01
  -3.7667245e+00   7.0674928e+00   2.8000000e+01   2.1314901e+02   4.7991431e+01  -2.2000000e+02   1.6529066e+01
  -8.1340524e+00   8.8725036e+00   2.8000000e+01   2.0735476e+02   4.8514964e+01  -2.2000000e+02   1.9870199e+01
  -1.4631140e+01   9.8333274e+00   2.8000000e+01   2.0178601e+02   5.1569397e+01  -2.2000000e+02   2.3418270e+01
  -1.8761167e+01   1.0860797e+01   2.8000000e+01   1.9514718e+02   5.1702287e+01  -2.2000000e+02   2.6450643e+01
  -2.3981209e+01   1.6746442e+01   2.8000000e+01   1.8537717e+02   4.9992125e+01  -2.2000000e+02   2.8693591e+01
  -2.7121222e+01   2.0118095e+01   2.8000000e+01   1.7659293e+02   4.6511420e+01  -2.2000000e+02   3.2519079e+01
  -3.0098266e+01   2.3784640e+01   2.8000000e+01   1.6913150e+02   4.2092315e+01  -2.2000000e+02   3.7098075e+01
  -3.2390511e+01   2.3691937e+01   2.8000000e+01   1.6440180e+02   4.2115947e+01  -2.2000000e+02   4.2880631e+01
  -3.6265898e+01   2.7692816e+01   2.8000000e+01   1.6029939e+02   3.7749301e+01  -2.2000000e+02   4.5479865e+01
  -3.8938070e+01   3.2177788e+01   2.8000000e+01   1.5650625e+02   3.4409839e+01  -2.2000000e+02   4.8289448e+01
  -4.0585868e+01   3.4673196e+01   2.8000000e+01   1.5471389e+02   3.1570908e+01  -2.2000000e+02   5.1070253e+01
  -4.0829309e+01   3.5463323e+01   2.8000000e+01   1.5381128e+02   2.9147916e+01  -2.2000000e+02   5.4380109e+01
  -3.9892697e+01   3.3265503e+01   2.8000000e+01   1.5160562e+02   3.0912531e+01  -2.2000000e+02   5.8856215e+01
  -3.9525205e+01   3.4160530e+01   2.8000000e+01   1.5082367e+02   3.0984114e+01  -2.2000000e+02   6.2580175e+01
  -3.9128910e+01   3.0851467e+01   2.8000000e+01   1.5074168e+02   3.1697824e+01  -2.2000000e+02   6.4656653e+01
  -3.7242236e+01   2.6836030e+01   2.8000000e+01   1.5157361e+02   3.1856103e+01  -2.2000000e+02   6.6446319e+01
  -3.3482345e+01   2.5191096e+01   2.8000000e+01   1.5270797e+02   3.0444762e+01  -2.2000000e+02   6.7394199e+01
  -3.1342357e+01   2.4087434e+01   2.8000000e+01   1.5292700e+02   2.9866238e+01  -2.2000000e+02   6.6773240e+01
  -2.6331817e+01   2.2466119e+01   2.8000000e+01   1.5061209e+02   3.0275694e+01  -2.2000000e+02   6.1450981e+01
  -2.1195472e+01   1.9350263e+01   2.8000000e+01   1.4829247e+02   3.0684947e+01  -2.2000000e+02   5.4356337e+01
  -1.5965158e+01   1.3444529e+01   2.8000000e+01   1.4607157e+02   3.8929641e+01  -2.2000000e+02   4.4564821e+01
  -9.8367332e+00   9.9566266e+00   2.8000000e+01   1.5393082e+02   4.6896470e+01  -2.2000000e+02   3.5108821e+01
  -2.7062809e+00   5.6966382e+00   2.8000000e+01   1.6503668e+02   5.4460876e+01  -2.2000000e+02   2.7254121e+01
   4.5185449e+00   1.9666475e+00   2.8000000e+01   1.7639971e+02   5.7005604e+01  -2.2000000e+02   2.2525884e+01
   1.0092156e+01   1.1889341e-01   2.8000000e+01   1.8786491e+02   5.4968336e+01  -2.2000000e+02   1.8653272e+01
   1.5802115e+01  -1.2027440e+00   2.8000000e+01   1.9948360e+02   5.1741390e+01  -2.2000000e+02   1.4008021e+01
   2.1685437e+01  -3.8754843e+00   2.8000000e+01   2.1107018e+02   4.8448172e+01  -2.2000000e+02   8.5018469e+00
   2.5970727e+01  -7.1621410e+00   2.8000000e+01   2.2236957e+02   4.4877515e+01  -2.2000000e+02   2.1451392e+00
   2.5365892e+01  -6.5220943e+00   2.8000000e+01   2.3303164e+02   4.1186682e+01  -2.2000000e+02  -4.2412001e+00
   2.0684321e+01  -3.6130360e+00   2.8000000e+01   2.4301833e+02   3.7443618e+01  -2.2000000e+02  -7.7035019e+00
   1.9296477e+01  -3.5628038e+00   2.8000000e+01   2.4713209e+02   3.8137391e+01  -2.2000000e+02  -8.4204737e+00
   1.5875907e+01  -1.4220408e+00   2.8000000e+01   2.4470244e+02   4.0739992e+01  -2.2000000e+02  -4.4758043e+00
   1.2042197e+01   1.0022019e+00   2.8000000e+01   2.3891013e+02   4.3937766e+01  -2.2000000e+02   7.2703156e-01
   7.4776575e+00   3.4720246e+00   2.8000000e+01   2.3210249e+02   4.6382536e+01  -2.2000000e+02   6.6886203e+00
   3.8194704e+00   5.3271111e+00   2.8000000e+01   2.2626389e+02   4.7982704e+01  -2.2000000e+02   1.2598407e+01
   3.3561337e-01   7.2331044e+00   2.8000000e+01   2.1920396e+02   4.8951497e+01  -2.2000000e+02   1.8182848e+01
  -3.0105565e+00   9.2570574e+00   2.8000000e+01   2.1309759e+02   4.9059083e+01  -2.2000000e+02   2.2207363e+01
  -6.6658803e+00   1.0364595e+01   2.8000000e+01   2.0712892e+02   4.9465765e+01  -2.2000000e+02   2.6703933e+01
  -1.1391460e+01   1.0348287e+01   2.8000000e+01   2.0076562e+02   5.0709880e+01  -2.2000000e+02   2.9851082e+01
  -1.6052638e+01   1.0868602e+01   2.8000000e+01   1.9438963e+02   5.3247526e+01  -2.2000000e+02   3.3536895e+01
  -1.8729670e+01   1.0645035e+01   2.8000000e+01   1.8793929e+02   5.2693807e+01  -2.2000000e+02   3.7244463e+01
  -2.1301327e+01   1.4348340e+01   2.8000000e+01   1.8053758e+02   5.0642714e+01  -2.2000000e+02   4.0678242e+01
  -2.4173613e+01   1.5176532e+01   2.8000000e+01   1.7518699e+02   4.9653601e+01  -2.2000000e+02   4.3860240e+01
  -2.7712402e+01   1.8081077e+01   2.8000000e+01   1.7151027e+02   4.7586954e+01  -2.2000000e+02   4.7178061e+01
  -3.2305310e+01   2.2337931e+01   2.8000000e+01   1.6680008e+02   4.4808173e+01  -2.2000000e+02   5.0330389e+01
  -3.6399478e+01   2.6719317e+01   2.8000000e+01   1.6164174e+02   4.1884811e+01  -2.2000000e+02   5.2637686e+01
  -3.8753795e+01   3.2559171e+01   2.8000000e+01   1.5706169e+02   3.7654556e+01  -2.2000000e+02   5.6704064e+01
  -4.0310671e+01   3.0914049e+01   2.8000000e+01   1.5636989e+02   3.6908793e+01  -2.2000000e+02   5.9269051e+01
  -4.0794794e+01   3.0213135e+01   2.8000000e+01   1.5598569e+02   3.6334458e+01  -2.2000000e+02   6.3624616e+01
  -4.0494207e+01   3.1462722e+01   2.8000000e+01   1.5771820e+02   3.4747594e+01  -2.2000000e+02   6.7586548e+01
  -4.0410463e+01   3.2271241e+01   2.8000000e+01   1.5820331e+02   3.4255494e+01  -2.2000000e+02   7.0176779e+01
  -4.0960131e+01   3.3626645e+01   2.8000000e+01   1.5892439e+02   3.3645293e+01  -2.2000000e+02   7.1241470e+01
  -3.8350277e+01   2.7338021e+01   2.8000000e+01   1.5728474e+02   3.5670434e+01  -2.2000000e+02   7.1138160e+01
  -3.8525069e+01   2.6129354e+01   2.8000000e+01   1.5686104e+02   3.4333333e+01  -2.2000000e+02   7.1099081e+01
  -3.4290933e+01   2.5043180e+01   2.8000000e+01   1.5564383e+02   3.0076951e+01  -2.2000000e+02   6.9387242e+01
  -2.8162383e+01   2.4692478e+01   2.8000000e+01   1.4980813e+02   2.8926061e+01  -2.2000000e+02   6.0329280e+01
  -1.9015608e+01   1.4904037e+01   2.8000000e+01   1.4506279e+02   3.0897134e+01  -2.2000000e+02   4.9344865e+01
  -1.3742588e+01   1.2132313e+01   2.8000000e+01   1.4237022e+02   3.6362372e+01  -2.2000000e+02   3.8349782e+01
  -9.0390930e+00   8.9792587e+00   2.8000000e+01   1.4814117e+02   4.2241809e+01  -2.2000000e+02   2.8389551e+01
  -9.8196890e-01   4.6391635e+00   2.8000000e+01   1.5920811e+02   4.8774550e+01  -2.2000000e+02   1.9797257e+01
   3.9094490e+00  -1.9687072e+00   2.8000000e+01   1.7095503e+02   5.3324469e+01  -2.2000000e+02   1.4145068e+01
   9.6003086e+00  -5.9581437e+00   2.8000000e+01   1.8269217e+02   5.4600012e+01  -2.2000000e+02   1.1234837e+01
   1.4979892e+01  -8.6562453e+00   2.8000000e+01   1.9406781e+02   5.4441066e+01  -2.2000000e+02   7.7558952e+00
   1.9863148e+01  -9.7537896e+00   2.8000000e+01   2.0533209e+02   5.1898365e+01  -2.2000000e+02   2.0098251e+00
   2.3600178e+01  -1.1616288e+01   2.8000000e+01   2.1667011e+02   4.7767354e+01  -2.2000000e+02  -3.5645348e+00
   2.3420980e+01  -9.7793337e+00   2.8000000e+01   2.2770636e+02   4.3685669e+01  -2.2000000e+02  -8.8261165e+00
   2.0397460e+01  -6.8404309e+00   2.8000000e+01   2.3832602e+02   3.9845478e+01  -2.2000000e+02  -1.5083919e+01
   1.7663858e+01  -5.5612359e+00   2.8000000e+01   2.4583557e+02   3.8679375e+01  -2.2000000e+02  -1.8517106e+01
   1.4942443e+01  -4.3241010e+00   2.8000000e+01   2.4462571e+02   4.1965894e+01  -2.2000000e+02  -1.4734516e+01
   1.0473114e+01  -1.8874975e+00   2.8000000e+01   2.3903822e+02   4.5330912e+01  -2.2000000e+02  -9.3581587e+00
   7.1980779e+00  -3.6826193e-01   2.8000000e+01   2.3450624e+02   4.7500832e+01  -2.2000000e+02  -4.8923857e+00
   4.3762828e+00   2.4432318e+00   2.8000000e+01   2.3026451e+02   4.8709134e+01  -2.2000000e+02  -1.0144534e+00
   6.5933232e-01   4.7104468e+00   2.8000000e+01   2.2518717e+02   4.9687709e+01  -2.2000000e+02   3.3208703e+00
  -1.2026939e+00   5.4422909e+00   2.8000000e+01   2.2186804e+02   4.9719007e+01  -2.2000000e+02   6.6591535e+00
  -2.5268907e+00   5.9852067e+00   2.8000000e+01   2.1907419e+02   4.9953180e+01  -2.2000000e+02   1.0176129e+01
  -3.7884015e+00   7.4898488e+00   2.8000000e+01   2.1549905e+02   5.0496907e+01  -2.2000000e+02   1.3551358e+01
  -6.0362080e+00   9.2356230e+00   2.8000000e+01   2.1085221e+02   5.1145446e+01  -2.2000000e+02   1.7201321e+01
  -6.2991506e+00   9.9958513e+00   2.8000000e+01   2.0818098e+02   4.9952359e+01  -2.2000000e+02   1.9145543e+01
  -9.9283351e+00   1.1208390e+01   2.8000000e+01   2.0336111e+02   5.1325669e+01  -2.2000000e+02   2.4117690e+01
  -1.3819940e+01   1.3386957e+01   2.8000000e+01   1.9738854e+02   5.1897217e+01  -2.2000000e+02   2.7935145e+01
  -1.6178470e+01   1.1228932e+01   2.8000000e+01   1.9454066e+02   5.3612484e+01  -2.2000000e+02   3.1549254e+01
  -1.9770030e+01   1.3318368e+01   2.8000000e+01   1.8783286e+02   5.5017817e+01  -2.2000000e+02   3.4626143e+01
  -2.2998867e+01   1.6475151e+01   2.8000000e+01   1.8037562e+02   5.3921899e+01  -2.2000000e+02   3.7783198e+01
  -2.5108469e+01   2.0141378e+01   2.8000000e+01   1.7288998e+02   4.9319206e+01  -2.2000000e+02   3.9985902e+01
  -2.6768447e+01   2.0589970e+01   2.8000000e+01   1.7038124e+02   5.0800477e+01  -2.2000000e+02   4.2972993e+01
  -3.0735999e+01   2.4945425e+01   2.8000000e+01   1.6643516e+02   4.9913604e+01  -2.2000000e+02   4.6733184e+01
  -3.5454367e+01   3.0428750e+01   2.8000000e+01   1.6085534e+02   4.5340325e+01  -2.2000000e+02   4.9446164e+01
  -3.7285767e+01   2.9500993e+01   2.8000000e+01   1.5817417e+02   4.5742269e+01  -2.2000000e+02   5.2118184e+01
  -3.9361010e+01   3.2212962e+01   2.8000000e+01   1.5682977e+02   4.3268935e+01  -2.2000000e+02   5.6066239e+01
  -4.0301806e+01   3.1153085e+01   2.8000000e+01   1.5612601e+02   4.1051028e+01  -2.2000000e+02   5.9816586e+01
  -3.9834232e+01   3.1304002e+01   2.8000000e+01   1.5442911e+02   3.9444285e+01  -2.2000000e+02   6.2344576e+01
  -3.7749378e+01   2.6944154e+01   2.8000000e+01   1.5428247e+02   3.8004301e+01  -2.2000000e+02   6.5324966e+01
  -3.6089236e+01   2.5648060e+01   2.8000000e+01   1.5440359e+02   3.6412048e+01  -2.2000000e+02   6.8865903e+01
  -3.3735325e+01   2.5555218e+01   2.8000000e+01   1.5480407e+02   3.4701819e+01  -2.2000000e+02   7.0640170e+01
  -3.0502362e+01   2.3918416e+01   2.8000000e+01   1.5514406e+02   3.3301622e+01  -2.2000000e+02   7.0527581e+01
  -2.6013076e+01   2.0996180e+01   2.8000000e+01   1.5508599e+02   3.0672794e+01  -2.2000000e+02   6.8591623e+01
  -1.8958760e+01   1.9102733e+01   2.8000000e+01   1.4931094e+02   3.2326315e+01  -2.2000000e+02   5.8363145e+01
  -1.4351275e+01   1.7976553e+01   2.8000000e+01   1.4242818e+02   3.7584977e+01  -2.2000000e+02   4.7917834e+01
  -1.0495876e+01   1.1025548e+01   2.8000000e+01   1.4447182e+02   4.1914839e+01  -2.2000000e+02   3.7582198e+01
  -3.2788311e+00   4.6633504e+00   2.8000000e+01   1.5316175e+02   4.7453227e+01  -2.2000000e+02   2.7549226e+01
   2.9827837e+00   1.7011047e+00   2.8000000e+01   1.6493449e+02   5.1442665e+01  -2.2000000e+02   2.0742394e+01
   8.0519260e+00  -5.5649064e+00   2.8000000e+01   1.7686137e+02   5.1867634e+01  -2.2000000e+02   1.6073522e+01
   1.4030949e+01  -7.8619984e+00   2.8000000e+01   1.8860938e+02   5.1326871e+01  -2.2000000e+02   1.1425785e+01
   1.9648241e+01  -8.2788009e+00   2.8000000e+01   2.0030237e+02   4.9072521e+01  -2.2000000e+02   8.1265812e+00
   2.3039722e+01  -8.1273205e+00   2.8000000e+01   2.1206766e+02   4.4961633e+01  -2.2000000e+02   3.6623376e+00
   2.3453511e+01  -6.0458017e+00   2.8000000e+01   2.2382801e+02   3.9662596e+01  -2.2000000e+02  -8.6985658e-01
   2.0241702e+01  -2.7210354e+00   2.8000000e+01   2.3517500e+02   3.5277643e+01  -2.2000000e+02  -3.1547303e+00
   2.0032163e+01  -3.7840212e+00   2.8000000e+01   2.4360500e+02   3.5279738e+01  -2.2000000e+02  -5.1022062e+00
   1.8903796e+01  -4.4548377e+00   2.8000000e+01   2.4603439e+02   3.6880976e+01  -2.2000000e+02  -4.1428677e+00
   1.5792276e+01  -1.8416361e+00   2.8000000e+01   2.4281518e+02   3.9938276e+01  -2.2000000e+02  -5.1520555e-01
   1.3276442e+01  -6.5364745e-01   2.8000000e+01   2.3951954e+02   4.2539334e+01  -2.2000000e+02   3.6618677e+00
   1.0286430e+01   1.8552274e+00   2.8000000e+01   2.3536063e+02   4.4559517e+01  -2.2000000e+02   7.1581832e+00
   7.2726993e+00   4.2437545e+00   2.8000000e+01   2.3107448e+02   4.6321666e+01  -2.2000000e+02   1.0350234e+01
   5.6504809e+00   4.6077236e+00   2.8000000e+01   2.2832687e+02   4.6735351e+01  -2.2000000e+02   1.1624038e+01
   3.3241491e+00   6.9626212e+00   2.8000000e+01   2.2390283e+02   4.7540533e+01  -2.2000000e+02   1.3897155e+01
   1.8240244e+00   7.5800432e+00   2.8000000e+01   2.2155210e+02   4.7522023e+01  -2.2000000e+02   1.5740445e+01
   1.4940293e+00   6.6567462e+00   2.8000000e+01   2.2040278e+02   4.7104742e+01  -2.2000000e+02   1.6197498e+01
  -2.0212002e-01   7.2509330e+00   2.8000000e+01   2.1903014e+02   4.7634744e+01  -2.2000000e+02   1.8753336e+01
  -1.4533443e+00   8.2487945e+00   2.8000000e+01   2.1631737e+02   4.7522208e+01  -2.2000000e+02   2.0358514e+01
  -2.8349779e+00   8.5051023e+00   2.8000000e+01   2.1358474e+02   4.7424791e+01  -2.2000000e+02   2.1746963e+01
  -4.6579388e+00   9.8038028e+00   2.8000000e+01   2.1091505e+02   4.7537458e+01  -2.2000000e+02   2.2117528e+01
  -6.5917448e+00   1.0235663e+01   2.8000000e+01   2.0830186e+02   4.8738761e+01  -2.2000000e+02   2.5135849e+01
  -7.0184457e+00   8.8653176e+00   2.8000000e+01   2.0623758e+02   4.9114286e+01  -2.2000000e+02   2.7683750e+01
  -8.4175398e+00   1.0082147e+01   2.8000000e+01   2.0241603e+02   4.8976577e+01  -2.2000000e+02   3.0301267e+01
  -1.1402570e+01   9.7307703e+00   2.8000000e+01   1.9795156e+02   5.0167012e+01  -2.2000000e+02   3.3456609e+01
  -1.4276879e+01   8.4147280e+00   2.8000000e+01   1.9321970e+02   5.2361980e+01  -2.2000000e+02   3.5925702e+01
  -1.7720759e+01   1.0069557e+01   2.8000000e+01   1.8717762e+02   5.3208120e+01  -2.2000000e+02   3.7887465e+01
  -2.0838293e+01   1.1132372e+01   2.8000000e+01   1.8188265e+02   5.3790253e+01  -2.2000000e+02   4.1536227e+01
  -2.5472052e+01   1.6430519e+01   2.8000000e+01   1.7541037e+02   5.4252565e+01  -2.2000000e+02   4.5262928e+01
  -2.9916487e+01   2.0914968e+01   2.8000000e+01   1.7010635e+02   5.1229882e+01  -2.2000000e+02   4.8195766e+01
  -3.3615701e+01   2.3137098e+01   2.8000000e+01   1.6552505e+02   4.8416161e+01  -2.2000000e+02   5.1559278e+01
  -3.6576492e+01   2.6900327e+01   2.8000000e+01   1.6109243e+02   4.5146991e+01  -2.2000000e+02   5.5034586e+01
  -3.9163048e+01   3.3553057e+01   2.8000000e+01   1.5658224e+02   3.9703893e+01  -2.2000000e+02   5.8535901e+01
  -4.0682553e+01   3.5466493e+01   2.8000000e+01   1.5413333e+02   3.6175197e+01  -2.2000000e+02   6.1690494e+01
  -3.8351626e+01   3.0449019e+01   2.8000000e+01   1.5291679e+02   3.4599772e+01  -2.2000000e+02   6.4505470e+01
  -3.4919371e+01   2.9182304e+01   2.8000000e+01   1.5167708e+02   3.4146129e+01  -2.2000000e+02   6.6163010e+01
  -3.0767979e+01   2.7824541e+01   2.8000000e+01   1.5134746e+02   3.3056458e+01  -2.2000000e+02   6.7289370e+01
  -2.8729225e+01   2.5710056e+01   2.8000000e+01   1.5123891e+02   3.3830397e+01  -2.2000000e+02   6.8552792e+01
  -2.3471821e+01   2.2822053e+01   2.8000000e+01   1.4891219e+02   3.5425796e+01  -2.2000000e+02   6.2894046e+01
  -1.9900587e+01   2.1036352e+01   2.8000000e+01   1.4461582e+02   3.4109070e+01  -2.2000000e+02   5.3467662e+01
  -1.6871628e+01   1.3589146e+01   2.8000000e+01   1.4293827e+02   3.6867009e+01  -2.2000000e+02   4.2504866e+01
  -1.0295224e+01   7.9351493e+00   2.8000000e+01   1.4800358e+02   4.2623328e+01  -2.2000000e+02   3.2682699e+01
  -3.1688707e+00   4.3342033e+00   2.8000000e+01   1.5710837e+02   4.7268946e+01  -2.2000000e+02   2.2496314e+01
   2.1713716e+00   6.8774432e-01   2.8000000e+01   1.6868753e+02   5.2509972e+01  -2.2000000e+02   1.6133102e+01
   7.6705699e+00  -7.0047134e+00   2.8000000e+01   1.8047788e+02   5.2747100e+01  -2.2000000e+02   1.1881730e+01
   1.3665253e+01  -7.5696235e+00   2.8000000e+01   1.9223017e+02   5.0856016e+01  -2.2000000e+02   8.3799170e+00
   1.7501795e+01  -7.6007293e+00   2.8000000e+01   2.0410093e+02   4.6501302e+01  -2.2000000e+02   3.8718560e+00
   1.7398679e+01  -3.8956462e+00   2.8000000e+01   2.1615216e+02   3.9823366e+01  -2.2000000e+02  -8.7638904e-01
   1.4514652e+01  -5.4515303e-01   2.8000000e+01   2.2793417e+02   3.4380323e+01  -2.2000000e+02  -5.5468487e+00
   1.4208043e+01  -2.5781416e+00   2.8000000e+01   2.3709987e+02   3.5629599e+01  -2.2000000e+02  -1.0605262e+01
   1.2561886e+01  -2.6004605e+00   2.8000000e+01   2.3962862e+02   3.9077378e+01  -2.2000000e+02  -1.1556344e+01
   9.8343724e+00  -1.9711728e+00   2.8000000e+01   2.3764649e+02   4.2507329e+01  -2.2000000e+02  -9.7985300e+00
   6.8835139e+00  -9.9990603e-01   2.8000000e+01   2.3320995e+02   4.4371388e+01  -2.2000000e+02  -6.0060054e+00
   2.4213886e+00   1.3364823e+00   2.8000000e+01   2.2701447e+02   4.6207350e+01  -2.2000000e+02  -1.6954844e+00
  -1.7987486e+00   2.6349966e+00   2.8000000e+01   2.2154737e+02   4.7332622e+01  -2.2000000e+02   2.8915396e+00
  -5.6997904e+00   3.2075964e+00   2.8000000e+01   2.1645251e+02   4.7679703e+01  -2.2000000e+02   6.1735517e+00
  -1.0080731e+01   3.7273863e+00   2.8000000e+01   2.1175299e+02   4.8674951e+01  -2.2000000e+02   1.0833102e+01
  -1.4629225e+01   4.4530204e+00   2.8000000e+01   2.0621969e+02   4.9042891e+01  -2.2000000e+02   1.4730701e+01
  -1.7596899e+01   7.7434313e+00   2.8000000e+01   1.9869916e+02   4.7638038e+01  -2.2000000e+02   1.9655949e+01
  -2.1436923e+01   9.9716571e+00   2.8000000e+01   1.9243668e+02   4.6764137e+01  -2.2000000e+02   2.4823758e+01
  -2.5369665e+01   1.3886582e+01   2.8000000e+01   1.8516411e+02   4.4185443e+01  -2.2000000e+02   2.7386428e+01
  -2.7428591e+01   1.3553810e+01   2.8000000e+01   1.8059608e+02   4.2431455e+01  -2.2000000e+02   2.9634234e+01
  -3.0768078e+01   1.4758425e+01   2.8000000e+01   1.7666551e+02   4.1316865e+01  -2.2000000e+02   3.1977203e+01
  -3.3233732e+01   1.7767791e+01   2.8000000e+01   1.7312489e+02   3.9232743e+01  -2.2000000e+02   3.5672843e+01
  -3.6184199e+01   2.2619295e+01   2.8000000e+01   1.6691388e+02   3.5124073e+01  -2.2000000e+02   4.0153523e+01
  -3.7263014e+01   2.5476441e+01   2.8000000e+01   1.6292757e+02   2.9907879e+01  -2.2000000e+02   4.2829804e+01
  -3.8815502e+01   2.8476269e+01   2.8000000e+01   1.5942096e+02   2.5086107e+01  -2.2000000e+02   4.6765325e+01
  -4.1567422e+01   3.3775676e+01   2.8000000e+01   1.5548575e+02   2.0418012e+01  -2.2000000e+02   4.8879658e+01
  -4.2281568e+01   3.5212118e+01   2.8000000e+01   1.5481008e+02   1.8120425e+01  -2.2000000e+02   5.2076455e+01
  -4.1307305e+01   3.3108792e+01   2.8000000e+01   1.5339245e+02   1.8917771e+01  -2.2000000e+02   5.5807596e+01
  -3.8908011e+01   2.6735492e+01   2.8000000e+01   1.5192785e+02   2.1546999e+01  -2.2000000e+02   5.9616745e+01
  -3.3923383e+01   2.3123079e+01   2.8000000e+01   1.5206227e+02   2.2714387e+01  -2.2000000e+02   6.2156092e+01
  -3.0930280e+01   2.3255793e+01   2.8000000e+01   1.5065731e+02   2.1916086e+01  -2.2000000e+02   6.0939177e+01
  -2.2531720e+01   2.1329656e+01   2.8000000e+01   1.4643866e+02   2.4632742e+01  -2.2000000e+02   5.1209849e+01
  -1.7178216e+01   1.6989809e+01   2.8000000e+01   1.4379988e+02   3.2989177e+01  -2.2000000e+02   4.1465820e+01
  -1.3106474e+01   1.4278594e+01   2.8000000e+01   1.4902867e+02   4.1367330e+01  -2.2000000e+02   3.1039074e+01
  -7.0328877e+00   7.4945055e+00   2.8000000e+01   1.5998163e+02   5.0440759e+01  -2.2000000e+02   2.2735382e+01
  -3.5961581e-01   4.5951874e+00   2.8000000e+01   1.7161501e+02   5.4688397e+01  -2.2000000e+02   1.9359128e+01
   6.3269556e+00   1.8295706e+00   2.8000000e+01   1.8323565e+02   5.4106158e+01  -2.2000000e+02   1.5403253e+01
   1.1270810e+01  -9.4718476e-01   2.8000000e+01   1.9472104e+02   5.2487337e+01  -2.2000000e+02   1.2952201e+01
   1.7495587e+01  -3.6137294e+00   2.8000000e+01   2.0613816e+02   5.0222293e+01  -2.2000000e+02   7.3759462e+00
   2.2578614e+01  -5.5448520e+00   2.8000000e+01   2.1734855e+02   4.7529319e+01  -2.2000000e+02   1.7007345e+00
   2.4648727e+01  -6.2924363e+00   2.8000000e+01   2.2821246e+02   4.4411130e+01  -2.2000000e+02  -5.1431436e+00
   2.1106432e+01  -5.1587472e+00   2.8000000e+01   2.3811031e+02   4.2304639e+01  -2.2000000e+02  -1.2278349e+01
   1.6608184e+01  -2.4987447e+00   2.8000000e+01   2.4597731e+02   4.1123154e+01  -2.2000000e+02  -1.6329186e+01
   1.3933150e+01   8.8417584e-01   2.8000000e+01   2.4457825e+02   4.3850589e+01  -2.2000000e+02  -1.3787335e+01
   1.1139050e+01   2.7945784e+00   2.8000000e+01   2.4095270e+02   4.5249564e+01  -2.2000000e+02  -1.0535925e+01
   5.8371920e+00   5.1202890e+00   2.8000000e+01   2.3447395e+02   4.7822282e+01  -2.2000000e+02  -5.5414390e+00
   5.5311714e-01   8.5294499e+00   2.8000000e+01   2.2719143e+02   5.0552002e+01  -2.2000000e+02   4.9650901e-01
  -5.6333418e+00   1.2117655e+01   2.8000000e+01   2.1870567e+02   5.3168435e+01  -2.2000000e+02   4.7314953e+00
  -9.8774492e+00   1.3455654e+01   2.8000000e+01   2.1219997e+02   5.3863318e+01  -2.2000000e+02   1.0094724e+01
  -1.3031417e+01   1.5094054e+01   2.8000000e+01   2.0584022e+02   5.3138216e+01  -2.2000000e+02   1.3258530e+01
  -1.6957299e+01   1.6840090e+01   2.8000000e+01   1.9949598e+02   5.2411793e+01  -2.2000000e+02   1.8174563e+01
  -2.0100459e+01   1.7242036e+01   2.8000000e+01   1.9331216e+02   5.1111561e+01  -2.2000000e+02   2.2634040e+01
  -2.3366825e+01   1.8932411e+01   2.8000000e+01   1.8705068e+02   4.9530415e+01  -2.2000000e+02   2.6070430e+01
  -2.5975721e+01   1.8895830e+01   2.8000000e+01   1.8088855e+02   4.8157542e+01  -2.2000000e+02   2.9735377e+01
  -2.8961991e+01   2.3360673e+01   2.8000000e+01   1.7414174e+02   4.5163354e+01  -2.2000000e+02   3.1682784e+01
  -3.2818415e+01   2.6001342e+01   2.8000000e+01   1.6954218e+02   4.3521805e+01  -2.2000000e+02   3.5124721e+01
  -3.6262835e+01   3.1436657e+01   2.8000000e+01   1.6310593e+02   3.9103226e+01  -2.2000000e+02   3.8907087e+01
  -3.7694764e+01   2.9656962e+01   2.8000000e+01   1.6214688e+02   3.7724482e+01  -2.2000000e+02   4.2158455e+01
  -3.9349048e+01   3.3610893e+01   2.8000000e+01   1.5904249e+02   3.4413718e+01  -2.2000000e+02   4.5908037e+01
  -4.0504024e+01   3.5782339e+01   2.8000000e+01   1.5650746e+02   3.2376652e+01  -2.2000000e+02   4.9407348e+01
  -4.0264467e+01   3.4296290e+01   2.8000000e+01   1.5562147e+02   3.0875409e+01  -2.2000000e+02   5.4024504e+01
  -4.0563806e+01   3.2924792e+01   2.8000000e+01   1.5417778e+02   3.1315490e+01  -2.2000000e+02   5.8080736e+01
  -4.0025001e+01   3.1890749e+01   2.8000000e+01   1.5298623e+02   3.1739814e+01  -2.2000000e+02   6.1108175e+01
  -4.0025107e+01   3.5485989e+01   2.8000000e+01   1.5453901e+02   2.9460242e+01  -2.2000000e+02   6.4769912e+01
  -3.9674304e+01   3.4576236e+01   2.8000000e+01   1.5482701e+02   2.8413147e+01  -2.2000000e+02   6.8343954e+01
  -3.9231904e+01   3.3273245e+01   2.8000000e+01   1.5553745e+02   2.7394740e+01  -2.2000000e+02   6.9512818e+01
  -3.8362939e+01   3.1263115e+01   2.8000000e+01   1.5516976e+02   2.6877173e+01  -2.2000000e+02   6.9983916e+01
  -3.6891487e+01   3.1206206e+01   2.8000000e+01   1.5469482e+02   2.6110846e+01  -2.2000000e+02   7.0026425e+01
  -3.2259879e+01   2.5689858e+01   2.8000000e+01   1.5439924e+02   2.5239196e+01  -2.2000000e+02   6.9232105e+01
  -2.8748358e+01   2.5044349e+01   2.8000000e+01   1.5186996e+02   2.5881514e+01  -2.2000000e+02   6.4989128e+01
  -2.3251127e+01   2.2279738e+01   2.8000000e+01   1.4829671e+02   2.6868923e+01  -2.2000000e+02   5.6478328e+01
  -1.7230978e+01   1.7491465e+01   2.8000000e+01   1.4445374e+02   3.4340816e+01  -2.2000000e+02   4.5938907e+01
  -1.2953980e+01   1.2998633e+01   2.8000000e+01   1.4964108e+02   4.2503178e+01  -2.2000000e+02   3.6569623e+01
  -4.4998067e+00   4.9659498e+00   2.8000000e+01   1.5991593e+02   4.9673113e+01  -2.2000000e+02   2.8124600e+01
   9.2992412e-02   2.6784894e+00   2.8000000e+01   1.7155780e+02   5.4297891e+01  -2.2000000e+02   2.3654782e+01
   7.4775164e+00  -1.1236259e+00   2.8000000e+01   1.8305890e+02   5.3372004e+01  -2.2000000e+02   1.9081518e+01
   1.2514652e+01  -1.2108863e+00   2.8000000e+01   1.9474709e+02   5.0322129e+01  -2.2000000e+02   1.3659517e+01
   1.7102228e+01  -3.1276211e+00   2.8000000e+01   2.0615559e+02   4.8836460e+01  -2.2000000e+02   8.5162915e+00
   1.9121597e+01  -3.2839587e+00   2.8000000e+01   2.1747628e+02   4.4816598e+01  -2.2000000e+02   1.6533190e+00
   1.6190757e+01  -1.9183601e+00   2.8000000e+01   2.2837873e+02   4.1109563e+01  -2.2000000e+02  -3.8856336e+00
   1.4355020e+01  -1.4052419e+00   2.8000000e+01   2.3694916e+02   3.9515036e+01  -2.2000000e+02  -7.7685504e+00
   1.1662452e+01   7.8193175e-01   2.8000000e+01   2.3711579e+02   4.2151712e+01  -2.2000000e+02  -7.1618378e+00
   8.6826771e+00   2.4562277e+00   2.8000000e+01   2.3424735e+02   4.3723139e+01  -2.2000000e+02  -3.9053315e+00
   4.1887938e+00   5.7345668e+00   2.8000000e+01   2.2882708e+02   4.6406139e+01  -2.2000000e+02   1.8927764e+00
   2.6947599e-01   6.0315875e+00   2.8000000e+01   2.2272362e+02   4.6939713e+01  -2.2000000e+02   5.6588609e+00
  -3.4853162e+00   7.9915218e+00   2.8000000e+01   2.1652461e+02   4.7764375e+01  -2.2000000e+02   1.0500196e+01
  -6.6638761e+00   9.6825569e+00   2.8000000e+01   2.1099345e+02   4.8666764e+01  -2.2000000e+02   1.4167342e+01
  -9.7055612e+00   1.0894873e+01   2.8000000e+01   2.0602333e+02   4.8476442e+01  -2.2000000e+02   1.7417045e+01
  -1.3533750e+01   1.2088917e+01   2.8000000e+01   2.0061804e+02   4.9498549e+01  -2.2000000e+02   2.1546139e+01
  -1.7183004e+01   1.1801664e+01   2.8000000e+01   1.9557864e+02   5.0703312e+01  -2.2000000e+02   2.5420641e+01
  -2.0287667e+01   1.3554823e+01   2.8000000e+01   1.9016994e+02   4.9788106e+01  -2.2000000e+02   2.9127385e+01
  -2.4869651e+01   1.7546239e+01   2.8000000e+01   1.8262226e+02   4.7794776e+01  -2.2000000e+02   3.1493699e+01
  -2.7749710e+01   1.9261371e+01   2.8000000e+01   1.7716077e+02   4.6447487e+01  -2.2000000e+02   3.5506152e+01
  -3.0373088e+01   2.3357653e+01   2.8000000e+01   1.7005577e+02   4.2106580e+01  -2.2000000e+02   3.9874398e+01
  -3.3996784e+01   2.7467016e+01   2.8000000e+01   1.6400741e+02   3.8706926e+01  -2.2000000e+02   4.4215585e+01
  -3.7334270e+01   2.9522190e+01   2.8000000e+01   1.6051300e+02   3.4758593e+01  -2.2000000e+02   4.8738106e+01
  -4.0254534e+01   3.5931839e+01   2.8000000e+01   1.5828662e+02   3.2248515e+01  -2.2000000e+02   5.0676014e+01
  -4.0698408e+01   3.5917666e+01   2.8000000e+01   1.5675499e+02   3.0054182e+01  -2.2000000e+02   5.3633138e+01
  -4.0415181e+01   3.3527364e+01   2.8000000e+01   1.5531216e+02   2.8633761e+01  -2.2000000e+02   5.5714143e+01
  -4.1126957e+01   3.5285779e+01   2.8000000e+01   1.5331429e+02   2.7576082e+01  -2.2000000e+02   6.0670302e+01
  -4.0422276e+01   3.5136499e+01   2.8000000e+01   1.5069976e+02   2.5810144e+01  -2.2000000e+02   6.4536083e+01
  -4.0727270e+01   3.2870683e+01   2.8000000e+01   1.5302193e+02   2.4458783e+01  -2.2000000e+02   6.8055113e+01
  -3.9536806e+01   3.2220154e+01   2.8000000e+01   1.5458745e+02   2.4317378e+01  -2.2000000e+02   6.9599911e+01
  -3.9203968e+01   3.0989764e+01   2.8000000e+01   1.5556130e+02   2.4232359e+01  -2.2000000e+02   7.0311195e+01
  -3.6796314e+01   2.7330810e+01   2.8000000e+01   1.5577532e+02   2.5337938e+01  -2.2000000e+02   7.0826114e+01
  -3.4203216e+01   2.3481975e+01   2.8000000e+01   1.5564942e+02   2.4340947e+01  -2.2000000e+02   6.9863891e+01
  -2.9515213e+01   2.7451197e+01   2.8000000e+01   1.5101988e+02   2.4595420e+01  -2.2000000e+02   6.3131487e+01
  -2.2547065e+01   2.1193906e+01   2.8000000e+01   1.4739691e+02   2.5601299e+01  -2.2000000e+02   5.4208077e+01
  -1.5575506e+01   1.2771305e+01   2.8000000e+01   1.4290572e+02   3.3549631e+01  -2.2000000e+02   4.3144832e+01
  -1.0569513e+01   8.2033466e+00   2.8000000e+01   1.4781811e+02   4.0544771e+01  -2.2000000e+02   3.2580179e+01
  -2.8489009e+00   3.1378558e+00   2.8000000e+01   1.5832560e+02   4.8301507e+01  -2.2000000e+02   2.4120515e+01
   2.9370661e+00   7.8920962e-01   2.8000000e+01   1.6999539e+02   5.3808059e+01  -2.2000000e+02   1.8864799e+01
   9.8296931e+00  -1.8262794e+00   2.8000000e+01   1.8170058e+02   5.3802154e+01  -2.2000000e+02   1.5556117e+01
   1.4502327e+01  -2.7456460e+00   2.8000000e+01   1.9325855e+02   5.2727587e+01  -2.2000000e+02   1.1903474e+01
   1.8367582e+01  -4.7173926e+00   2.8000000e+01   2.0492339e+02   4.9760127e+01  -2.2000000e+02   7.1824633e+00
   2.0487726e+01  -4.9113346e+00   2.8000000e+01   2.1646212e+02   4.5379374e+01  -2.2000000e+02   1.2864105e+00
   1.9302619e+01  -4.9211438e+00   2.8000000e+01   2.2764120e+02   4.0623353e+01  -2.2000000e+02  -6.7709390e+00
   1.5308417e+01  -1.7364860e+00   2.8000000e+01   2.3817933e+02   3.7367756e+01  -2.2000000e+02  -1.0987297e+01
   1.3656740e+01  -5.1334248e-01   2.8000000e+01   2.4307115e+02   4.0009639e+01  -2.2000000e+02  -1.2048551e+01
   1.0852919e+01   2.0388712e-01   2.8000000e+01   2.4167377e+02   4.3248013e+01  -2.2000000e+02  -8.6548609e+00
   8.4152470e+00   1.8102661e+00   2.8000000e+01   2.3762924e+02   4.4784808e+01  -2.2000000e+02  -4.7088580e+00
   4.1650681e+00   4.2360224e+00   2.8000000e+01   2.3175779e+02   4.7096449e+01  -2.2000000e+02   1.4161606e+00
  -3.0583542e-01   7.6714318e+00   2.8000000e+01   2.2442438e+02   4.8530108e+01  -2.2000000e+02   5.8838680e+00
  -3.7310930e+00   8.0244914e+00   2.8000000e+01   2.1916838e+02   4.9300317e+01  -2.2000000e+02   1.1745905e+01
  -5.7605407e+00   9.3415160e+00   2.8000000e+01   2.1335814e+02   4.9494850e+01  -2.2000000e+02   1.5513776e+01
  -9.1475483e+00   1.0497332e+01   2.8000000e+01   2.0754581e+02   4.9368317e+01  -2.2000000e+02   1.8916798e+01
  -1.3270146e+01   1.1079316e+01   2.8000000e+01   2.0141253e+02   5.0382871e+01  -2.2000000e+02   2.2913145e+01
  -1.7075838e+01   1.4726854e+01   2.8000000e+01   1.9454305e+02   5.0334939e+01  -2.2000000e+02   2.5102896e+01
  -2.1012200e+01   1.4460207e+01   2.8000000e+01   1.8989162e+02   5.0801163e+01  -2.2000000e+02   2.9098408e+01
  -2.4987229e+01   1.9551648e+01   2.8000000e+01   1.8251357e+02   4.8401547e+01  -2.2000000e+02   3.1780374e+01
  -2.7506710e+01   2.0738941e+01   2.8000000e+01   1.7717192e+02   4.6027384e+01  -2.2000000e+02   3.3745744e+01
  -2.9956841e+01   2.3461084e+01   2.8000000e+01   1.7210776e+02   4.3511077e+01  -2.2000000e+02   3.7089523e+01
  -3.3611021e+01   2.5458160e+01   2.8000000e+01   1.6820742e+02   4.3033549e+01  -2.2000000e+02   4.0818346e+01
  -3.6035596e+01   2.6786466e+01   2.8000000e+01   1.6512068e+02   4.0781654e+01  -2.2000000e+02   4.4353864e+01
  -3.8072868e+01   2.8826116e+01   2.8000000e+01   1.6207723e+02   3.7931731e+01  -2.2000000e+02   4.7429124e+01
  -3.9682872e+01   3.2356590e+01   2.8000000e+01   1.5920560e+02   3.4826896e+01  -2.2000000e+02   5.0883787e+01
  -4.0535539e+01   3.3914309e+01   2.8000000e+01   1.5719849e+02   3.1894771e+01  -2.2000000e+02   5.4207292e+01
  -4.0519305e+01   3.3402863e+01   2.8000000e+01   1.5566091e+02   2.9006813e+01  -2.2000000e+02   5.7138641e+01
  -4.0784650e+01   3.5031328e+01   2.8000000e+01   1.5319202e+02   2.6647341e+01  -2.2000000e+02   5.9807532e+01
  -4.1000429e+01   3.1618075e+01   2.8000000e+01   1.5214420e+02   2.9587539e+01  -2.2000000e+02   6.3016901e+01
  -3.9847629e+01   3.4274203e+01   2.8000000e+01   1.5234272e+02   2.8865923e+01  -2.2000000e+02   6.5494096e+01
  -3.6807807e+01   2.4468463e+01   2.8000000e+01   1.5302030e+02   2.8805138e+01  -2.2000000e+02   6.7830164e+01
  -3.3894586e+01   2.6696016e+01   2.8000000e+01   1.5250720e+02   2.6301831e+01  -2.2000000e+02   6.9070709e+01
  -2.8499961e+01   2.3291650e+01   2.8000000e+01   1.5332904e+02   2.5239531e+01  -2.2000000e+02   6.8843997e+01
  -2.2163714e+01   1.7616219e+01   2.8000000e+01   1.5081096e+02   2.8335418e+01  -2.2000000e+02   6.0303540e+01
  -1.4384767e+01   1.6092187e+01   2.8000000e+01   1.4454488e+02   3.5799468e+01  -2.2000000e+02   4.9449860e+01
  -1.1373871e+01   1.4410226e+01   2.8000000e+01   1.4504810e+02   4.3315724e+01  -2.2000000e+02   3.8726723e+01
  -3.8427520e+00   6.8698602e+00   2.8000000e+01   1.5499910e+02   4.9816282e+01  -2.2000000e+02   2.8449806e+01
   2.1853454e+00   2.7752302e+00   2.8000000e+01   1.6678968e+02   5.3166863e+01  -2.2000000e+02   2.1345704e+01
   7.7803253e+00  -5.3616896e+00   2.8000000e+01   1.7853908e+02   5.2046215e+01  -2.2000000e+02   1.4450339e+01
   1.3635000e+01  -8.4483162e+00   2.8000000e+01   1.9026320e+02   5.0638696e+01  -2.2000000e+02   9.7742292e+00
   1.9190423e+01  -1.2578617e+01   2.8000000e+01   2.0156566e+02   4.8648707e+01  -2.2000000e+02   3.7857967e+00
   2.5067182e+01  -1.4771210e+01   2.8000000e+01   2.1276550e+02   4.6437367e+01  -2.2000000e+02  -3.1447663e+00
   2.8513788e+01  -1.5820647e+01   2.8000000e+01   2.2332441e+02   4.4413606e+01  -2.2000000e+02  -9.7049627e+00
   2.8314735e+01  -1.5903015e+01   2.8000000e+01   2.3366372e+02   4.2181706e+01  -2.2000000e+02  -1.6396151e+01
   2.3604265e+01  -1.2402855e+01   2.8000000e+01   2.4298021e+02   3.9017528e+01  -2.2000000e+02  -2.3466584e+01
   1.8433598e+01  -7.7400760e+00   2.8000000e+01   2.5125363e+02   3.6823738e+01  -2.2000000e+02  -2.7847922e+01
   1.6261772e+01  -6.3771885e+00   2.8000000e+01   2.5266901e+02   3.8774073e+01  -2.2000000e+02  -2.9172630e+01
   1.2364794e+01  -3.4544537e+00   2.8000000e+01   2.4895369e+02   4.2330116e+01  -2.2000000e+02  -2.5724374e+01
   7.9624434e+00  -3.8857554e-01   2.8000000e+01   2.4321272e+02   4.5715175e+01  -2.2000000e+02  -1.9685843e+01
   2.5790632e+00   3.5263083e+00   2.8000000e+01   2.3506678e+02   4.8979483e+01  -2.2000000e+02  -1.3862161e+01
  -1.1264032e+00   5.0256398e+00   2.8000000e+01   2.2881243e+02   4.9274878e+01  -2.2000000e+02  -8.1798181e+00
  -4.2203018e+00   7.0063698e+00   2.8000000e+01   2.2251482e+02   4.9141283e+01  -2.2000000e+02  -3.8926545e+00
  -7.6015738e+00   8.6765611e+00   2.8000000e+01   2.1578767e+02   4.8879181e+01  -2.2000000e+02   4.3992745e-01
  -1.2041833e+01   9.6452258e+00   2.8000000e+01   2.1009576e+02   4.9715034e+01  -2.2000000e+02   5.0839845e+00
  -1.5062117e+01   8.1256151e+00   2.8000000e+01   2.0663273e+02   5.0831500e+01  -2.2000000e+02   8.3846897e+00
  -1.8643713e+01   9.8901268e+00   2.8000000e+01   2.0026308e+02   5.0585331e+01  -2.2000000e+02   1.1761810e+01
  -2.1760873e+01   1.1730550e+01   2.8000000e+01   1.9421275e+02   4.8990351e+01  -2.2000000e+02   1.5924455e+01
  -2.4828585e+01   1.2860536e+01   2.8000000e+01   1.8791728e+02   4.7606702e+01  -2.2000000e+02   2.0212585e+01
  -2.7782532e+01   1.3008404e+01   2.8000000e+01   1.8349199e+02   4.5858650e+01  -2.2000000e+02   2.1466903e+01
  -2.9262181e+01   1.3017035e+01   2.8000000e+01   1.7871887e+02   4.3585697e+01  -2.2000000e+02   2.5337579e+01
  -3.1100358e+01   1.4136776e+01   2.8000000e+01   1.7568718e+02   4.1250151e+01  -2.2000000e+02   2.8465008e+01
  -3.4478624e+01   1.9157435e+01   2.8000000e+01   1.6970454e+02   3.6444973e+01  -2.2000000e+02   3.2640116e+01
  -3.7486070e+01   2.3504787e+01   2.8000000e+01   1.6413823e+02   3.2127180e+01  -2.2000000e+02   3.6020027e+01
  -3.6304244e+01   2.6582630e+01   2.8000000e+01   1.6079527e+02   2.8758479e+01  -2.2000000e+02   4.0943480e+01
  -3.7688122e+01   2.9443341e+01   2.8000000e+01   1.5753824e+02   2.4503513e+01  -2.2000000e+02   4.2761001e+01
  -3.7488973e+01   3.2750865e+01   2.8000000e+01   1.5322398e+02   2.2005533e+01  -2.2000000e+02   4.6207809e+01
  -3.5240253e+01   2.8136752e+01   2.8000000e+01   1.5000927e+02   2.5106297e+01  -2.2000000e+02   4.5612074e+01
  -3.1078253e+01   2.3540815e+01   2.8000000e+01   1.4904494e+02   2.7097640e+01  -2.2000000e+02   4.3419082e+01
  -2.2917127e+01   1.5989743e+01   2.8000000e+01   1.4731433e+02   3.3794669e+01  -2.2000000e+02   3.6705218e+01
  -1.6934369e+01   1.5108686e+01   2.8000000e+01   1.4619612e+02   4.1162931e+01  -2.2000000e+02   3.0969706e+01
  -1.2044588e+01   1.3452862e+01   2.8000000e+01   1.4975258e+02   4.5942930e+01  -2.2000000e+02   2.2922122e+01
  -5.8140460e+00   5.2777015e+00   2.8000000e+01   1.6009338e+02   5.2358674e+01  -2.2000000e+02   1.5410663e+01
   7.5129226e-01   3.5066777e+00   2.8000000e+01   1.7144975e+02   5.9110370e+01  -2.2000000e+02   1.3545593e+01
   8.3381702e+00  -2.4083260e+00   2.8000000e+01   1.8284261e+02   5.7841868e+01  -2.2000000e+02   6.8818901e+00
   1.4316610e+01  -5.3461109e+00   2.8000000e+01   1.9392142e+02   5.6860744e+01  -2.2000000e+02   4.9457228e+00
   1.8369800e+01  -4.5961806e+00   2.8000000e+01   2.0438659e+02   5.7066796e+01  -2.2000000e+02   3.4022097e+00
   2.1879712e+01  -5.7456639e+00   2.8000000e+01   2.1444415e+02   5.6237254e+01  -2.2000000e+02  -1.6131694e+00
   2.4652655e+01  -7.0339082e+00   2.8000000e+01   2.2448710e+02   5.3545619e+01  -2.2000000e+02  -5.6153409e+00
   2.7029398e+01  -7.5323925e+00   2.8000000e+01   2.3454449e+02   4.9755194e+01  -2.2000000e+02  -1.0387347e+01
   2.4869760e+01  -7.3132872e+00   2.8000000e+01   2.4348866e+02   4.5726748e+01  -2.2000000e+02  -1.5737845e+01
   1.9612985e+01  -3.4342277e+00   2.8000000e+01   2.5042676e+02   4.2389531e+01  -2.2000000e+02  -1.4457986e+01
   1.7726458e+01  -2.3940335e+00   2.8000000e+01   2.4998098e+02   4.2888693e+01  -2.2000000e+02  -1.2367682e+01
   1.4178468e+01   5.9971107e-01   2.8000000e+01   2.4432503e+02   4.4659585e+01  -2.2000000e+02  -6.9764553e+00
   9.9871921e+00   4.1472255e+00   2.8000000e+01   2.3704964e+02   4.6947446e+01  -2.2000000e+02  -5.3682465e-01
   7.6038639e+00   4.4017451e+00   2.8000000e+01   2.3159800e+02   4.6923165e+01  -2.2000000e+02   5.1538403e+00
   4.0738594e+00   6.7923723e+00   2.8000000e+01   2.2507449e+02   4.7193707e+01  -2.2000000e+02   1.0911268e+01
   2.2575958e-01   9.2288633e+00   2.8000000e+01   2.1851102e+02   4.7956878e+01  -2.2000000e+02   1.5345257e+01
  -3.0187591e+00   1.0229456e+01   2.8000000e+01   2.1325250e+02   4.8740973e+01  -2.2000000e+02   1.8550506e+01
  -5.4270715e+00   1.0842832e+01   2.8000000e+01   2.0906581e+02   4.9809883e+01  -2.2000000e+02   2.2265671e+01
  -9.3674976e+00   1.0848937e+01   2.8000000e+01   2.0403521e+02   5.0619969e+01  -2.2000000e+02   2.6155347e+01
  -1.1667402e+01   1.1626654e+01   2.8000000e+01   1.9884478e+02   5.0935095e+01  -2.2000000e+02   2.8541593e+01
  -1.3850755e+01   1.1989489e+01   2.8000000e+01   1.9380495e+02   5.1323386e+01  -2.2000000e+02   3.1012759e+01
  -1.6597936e+01   1.2922955e+01   2.8000000e+01   1.8988826e+02   5.3389963e+01  -2.2000000e+02   3.3161254e+01
  -1.9664079e+01   1.6319178e+01   2.8000000e+01   1.8314205e+02   5.2248723e+01  -2.2000000e+02   3.8482020e+01
  -2.2424560e+01   1.8534795e+01   2.8000000e+01   1.7732123e+02   5.0380365e+01  -2.2000000e+02   3.9888670e+01
  -2.4951613e+01   2.1413878e+01   2.8000000e+01   1.7165372e+02   4.7909027e+01  -2.2000000e+02   4.2864022e+01
  -2.6544358e+01   1.9841166e+01   2.8000000e+01   1.7003030e+02   4.9903157e+01  -2.2000000e+02   4.5481219e+01
  -2.8861816e+01   2.2527428e+01   2.8000000e+01   1.6705368e+02   4.7821607e+01  -2.2000000e+02   4.7312946e+01
  -3.1480089e+01   2.5460629e+01   2.8000000e+01   1.6456547e+02   4.5776076e+01  -2.2000000e+02   5.0484865e+01
  -3.3034981e+01   2.9404034e+01   2.8000000e+01   1.5964568e+02   4.3976265e+01  -2.2000000e+02   5.4358304e+01
  -3.3439311e+01   2.9097221e+01   2.8000000e+01   1.5743603e+02   3.9115970e+01  -2.2000000e+02   5.6825798e+01
  -3.4668488e+01   3.0377181e+01   2.8000000e+01   1.5554160e+02   3.6977140e+01  -2.2000000e+02   5.9756279e+01
  -3.5403325e+01   3.1162630e+01   2.8000000e+01   1.5376361e+02   3.4694813e+01  -2.2000000e+02   6.2104522e+01
  -3.7111375e+01   3.2968659e+01   2.8000000e+01   1.5268121e+02   3.3066490e+01  -2.2000000e+02   6.5033831e+01
  -3.7602865e+01   2.9469527e+01   2.8000000e+01   1.5295192e+02   3.2104561e+01  -2.2000000e+02   6.7187106e+01
  -3.6804825e+01   2.9331035e+01   2.8000000e+01   1.5378825e+02   3.1454968e+01  -2.2000000e+02   6.9028997e+01
  -3.7396521e+01   2.9216466e+01   2.8000000e+01   1.5467322e+02   3.0809541e+01  -2.2000000e+02   7.0052554e+01
  -3.6559416e+01   3.0578451e+01   2.8000000e+01   1.5470803e+02   2.9620744e+01  -2.2000000e+02   6.9996910e+01
  -3.3987158e+01   3.0324074e+01   2.8000000e+01   1.5434006e+02   2.9937296e+01  -2.2000000e+02   7.0514200e+01
  -3.2613568e+01   3.0186721e+01   2.8000000e+01   1.5395102e+02   3.0291605e+01  -2.2000000e+02   7.0023054e+01
  -2.9498726e+01   2.8309699e+01   2.8000000e+01   1.5319226e+02   3.0762939e+01  -2.2000000e+02   6.9951303e+01
  -2.3216971e+01   2.4890333e+01   2.8000000e+01   1.4911649e+02   3.4723356e+01  -2.2000000e+02   6.2279903e+01
  -1.7822095e+01   2.1516714e+01   2.8000000e+01   1.4702743e+02   3.5929792e+01  -2.2000000e+02   5.6225565e+01
  -1.6006811e+01   1.7054032e+01   2.8000000e+01   1.4699160e+02   3.9058907e+01  -2.2000000e+02   4.8200112e+01
  -1.3321821e+01   8.7093028e+00   2.8000000e+01   1.5679589e+02   3.7080809e+01  -2.2000000e+02   4.4977270e+01
  -5.5208534e+00   2.5451393e+00   2.8000000e+01   1.6401870e+02   4.5599040e+01  -2.2000000e+02   3.7287579e+01
  -6.9022308e-01   8.3112217e-01   2.8000000e+01   1.6401803e+02   5.3074343e+01  -2.2000000e+02   2.8739031e+01
   1.8670196e+00   5.5526340e+00   2.8000000e+01   1.6074639e+02   5.4828803e+01  -2.2000000e+02   1.8706566e+01
   3.9071801e+00   6.5481171e+00   2.8000000e+01   1.6371207e+02   5.8203474e+01  -2.2000000e+02   8.4230776e+00
   9.9412168e+00   1.0211000e+00   2.8000000e+01   1.7467514e+02   6.3001324e+01  -2.2000000e+02   4.4678420e+00
   1.4797243e+01  -3.3150388e+00   2.8000000e+01   1.8570451e+02   6.3850162e+01  -2.2000000e+02   7.1281540e+00
   2.0556835e+01  -6.2819599e+00   2.8000000e+01   1.9693136e+02   6.0515879e+01  -2.2000000e+02   4.1012189e+00
   2.4435064e+01  -7.5157299e+00   2.8000000e+01   2.0862312e+02   5.4808707e+01  -2.2000000e+02   1.9434656e+00
   2.3542457e+01  -4.0917529e+00   2.8000000e+01   2.2042449e+02   4.7813487e+01  -2.2000000e+02   2.3367425e-01
   1.8737792e+01   8.4503644e-01   2.8000000e+01   2.3227504e+02   4.0578157e+01  -2.2000000e+02  -5.6858611e+00
   1.7606212e+01   1.5672587e+00   2.8000000e+01   2.4180682e+02   4.1114068e+01  -2.2000000e+02  -8.2599010e+00
   1.6227515e+01   6.1528759e-01   2.8000000e+01   2.4463910e+02   4.4028904e+01  -2.2000000e+02  -7.8657816e+00
   1.3043633e+01   2.5987643e+00   2.8000000e+01   2.4201203e+02   4.6910793e+01  -2.2000000e+02  -3.3181169e+00
   1.0893165e+01   2.8469935e+00   2.8000000e+01   2.3895753e+02   4.9339417e+01  -2.2000000e+02   1.4988506e+00
   8.4283999e+00   4.4347774e+00   2.8000000e+01   2.3507003e+02   5.0466379e+01  -2.2000000e+02   4.8250459e+00
   6.7690733e+00   4.9736135e+00   2.8000000e+01   2.3226689e+02   5.0548427e+01  -2.2000000e+02   8.0731206e+00
   5.1742714e+00   6.1432013e+00   2.8000000e+01   2.2946335e+02   5.0038690e+01  -2.2000000e+02   1.0323705e+01
   3.0037979e+00   7.9051819e+00   2.8000000e+01   2.2443721e+02   5.0609252e+01  -2.2000000e+02   1.3727674e+01
   5.7151920e-01   8.2340119e+00   2.8000000e+01   2.2020373e+02   5.2168343e+01  -2.2000000e+02   1.7052774e+01
  -2.4319401e+00   1.0209853e+01   2.8000000e+01   2.1473658e+02   5.3827592e+01  -2.2000000e+02   2.0613193e+01
  -6.4735034e+00   1.2190646e+01   2.8000000e+01   2.0908130e+02   5.4949342e+01  -2.2000000e+02   2.2532671e+01
  -9.7873882e+00   1.3405083e+01   2.8000000e+01   2.0302451e+02   5.5849775e+01  -2.2000000e+02   2.6860669e+01
  -1.3145072e+01   1.6405119e+01   2.8000000e+01   1.9657486e+02   5.6009036e+01  -2.2000000e+02   3.0560775e+01
  -1.6759083e+01   1.7121452e+01   2.8000000e+01   1.8907763e+02   5.5648166e+01  -2.2000000e+02   3.4041936e+01
  -1.9568954e+01   1.3686772e+01   2.8000000e+01   1.8357949e+02   5.7215459e+01  -2.2000000e+02   3.9642241e+01
  -2.2212296e+01   1.8236874e+01   2.8000000e+01   1.7607539e+02   5.6182382e+01  -2.2000000e+02   4.1284381e+01
  -2.4726719e+01   2.1447456e+01   2.8000000e+01   1.7029801e+02   5.3321230e+01  -2.2000000e+02   4.4963073e+01
  -2.7064946e+01   2.4409118e+01   2.8000000e+01   1.6704789e+02   5.0957777e+01  -2.2000000e+02   4.8777397e+01
  -3.0781947e+01   2.5800156e+01   2.8000000e+01   1.6370858e+02   5.2022391e+01  -2.2000000e+02   5.1147508e+01
  -3.3202488e+01   2.9649298e+01   2.8000000e+01   1.5979406e+02   4.8889681e+01  -2.2000000e+02   5.5454170e+01
  -3.4975145e+01   2.9460094e+01   2.8000000e+01   1.5565007e+02   4.6816532e+01  -2.2000000e+02   5.8882900e+01
  -3.1473838e+01   2.7264165e+01   2.8000000e+01   1.5378746e+02   4.3906616e+01  -2.2000000e+02   6.3087658e+01
  -2.9137989e+01   2.6619452e+01   2.8000000e+01   1.5289103e+02   4.1152258e+01  -2.2000000e+02   6.5861455e+01
  -2.4055421e+01   2.3396297e+01   2.8000000e+01   1.5179090e+02   4.2796225e+01  -2.2000000e+02   6.6031630e+01
  -1.6169822e+01   1.9197923e+01   2.8000000e+01   1.4740888e+02   4.3702289e+01  -2.2000000e+02   5.6558153e+01
  -1.2057432e+01   1.7113490e+01   2.8000000e+01   1.4285016e+02   4.4030274e+01  -2.2000000e+02   4.5936410e+01
  -9.2488087e+00   1.3207643e+01   2.8000000e+01   1.4377888e+02   4.6672930e+01  -2.2000000e+02   3.5470379e+01
  -1.5684062e+00   8.1425557e+00   2.8000000e+01   1.5340673e+02   5.2061681e+01  -2.2000000e+02   2.7743108e+01
   5.0222802e+00   1.8040930e+00   2.8000000e+01   1.6511458e+02   5.4382459e+01  -2.2000000e+02   2.0111145e+01
   1.0994063e+01  -3.2215556e+00   2.8000000e+01   1.7678752e+02   5.5818341e+01  -2.2000000e+02   1.5536327e+01
   1.6318228e+01  -6.2587899e+00   2.8000000e+01   1.8823740e+02   5.5259638e+01  -2.2000000e+02   1.2126471e+01
   2.1580435e+01  -7.8283650e+00   2.8000000e+01   1.9971507e+02   5.3318081e+01  -2.2000000e+02   7.3354040e+00
   2.6589442e+01  -1.1849476e+01   2.8000000e+01   2.1119571e+02   5.0160631e+01  -2.2000000e+02   2.8750419e+00
   2.8806439e+01  -1.1867328e+01   2.8000000e+01   2.2246141e+02   4.5857867e+01  -2.2000000e+02  -2.3873404e+00
   2.6434718e+01  -1.0098329e+01   2.8000000e+01   2.3329030e+02   4.2150725e+01  -2.2000000e+02  -8.7579558e+00
   2.2702294e+01  -6.9176510e+00   2.8000000e+01   2.4332102e+02   3.9239284e+01  -2.2000000e+02  -1.4837143e+01
   1.9048338e+01  -2.4853007e+00   2.8000000e+01   2.4939036e+02   3.9088133e+01  -2.2000000e+02  -1.6594665e+01
   1.5853980e+01  -1.5712399e+00   2.8000000e+01   2.4766272e+02   4.2423779e+01  -2.2000000e+02  -1.3339077e+01
   1.2274416e+01   3.6246527e-02   2.8000000e+01   2.4364548e+02   4.5792361e+01  -2.2000000e+02  -8.5117042e+00
   8.8127151e+00   2.1596871e+00   2.8000000e+01   2.3839893e+02   4.7623286e+01  -2.2000000e+02  -3.4737843e+00
   5.9239342e+00   3.1004633e+00   2.8000000e+01   2.3418348e+02   4.8510014e+01  -2.2000000e+02   1.3004749e+00
   3.0123036e+00   5.2259501e+00   2.8000000e+01   2.2909959e+02   4.9285063e+01  -2.2000000e+02   5.2191654e+00
  -8.8601375e-01   8.2605961e+00   2.8000000e+01   2.2236596e+02   5.0678926e+01  -2.2000000e+02   9.6069109e+00
  -3.2297503e+00   8.7629318e+00   2.8000000e+01   2.1761252e+02   5.0867783e+01  -2.2000000e+02   1.3449477e+01
  -4.8462382e+00   9.8875784e+00   2.8000000e+01   2.1266487e+02   5.0858244e+01  -2.2000000e+02   1.6768765e+01
  -6.6745190e+00   8.7952473e+00   2.8000000e+01   2.0897357e+02   5.0332174e+01  -2.2000000e+02   1.9703380e+01
  -1.0727046e+01   8.7321868e+00   2.8000000e+01   2.0453074e+02   5.2239231e+01  -2.2000000e+02   2.3004381e+01
  -1.4831204e+01   1.0388196e+01   2.8000000e+01   1.9955862e+02   5.4307469e+01  -2.2000000e+02   2.6370858e+01
  -1.7192831e+01   1.0191178e+01   2.8000000e+01   1.9539190e+02   5.4958656e+01  -2.2000000e+02   2.7850232e+01
  -2.1344933e+01   1.4802400e+01   2.8000000e+01   1.8748586e+02   5.4014126e+01  -2.2000000e+02   3.1700702e+01
  -2.2991627e+01   1.7541698e+01   2.8000000e+01   1.7967869e+02   5.0067243e+01  -2.2000000e+02   3.6272698e+01
  -2.5585719e+01   2.0904235e+01   2.8000000e+01   1.7273821e+02   4.6403224e+01  -2.2000000e+02   3.9234173e+01
  -2.7598122e+01   1.9795119e+01   2.8000000e+01   1.6843881e+02   4.7512307e+01  -2.2000000e+02   4.3303137e+01
  -3.0493357e+01   2.3275552e+01   2.8000000e+01   1.6445950e+02   4.5013927e+01  -2.2000000e+02   4.6292577e+01
  -3.3593202e+01   2.5223336e+01   2.8000000e+01   1.6246506e+02   4.2996099e+01  -2.2000000e+02   5.0029482e+01
  -3.5700326e+01   2.5673245e+01   2.8000000e+01   1.6046425e+02   4.5040065e+01  -2.2000000e+02   5.2773604e+01
  -3.6897690e+01   2.8418606e+01   2.8000000e+01   1.5755919e+02   4.2624558e+01  -2.2000000e+02   5.5875471e+01
  -3.8610257e+01   3.2914478e+01   2.8000000e+01   1.5304724e+02   3.9549506e+01  -2.2000000e+02   5.8841656e+01
  -3.9254980e+01   3.4074772e+01   2.8000000e+01   1.5290620e+02   3.8611694e+01  -2.2000000e+02   6.2103687e+01
  -3.9237025e+01   3.1504754e+01   2.8000000e+01   1.5358344e+02   3.9063592e+01  -2.2000000e+02   6.4904810e+01
  -3.9132334e+01   2.9348077e+01   2.8000000e+01   1.5429749e+02   4.0756333e+01  -2.2000000e+02   6.7462936e+01
  -3.9730006e+01   3.0649628e+01   2.8000000e+01   1.5671289e+02   4.1990028e+01  -2.2000000e+02   6.9781354e+01
  -4.0150503e+01   3.1607495e+01   2.8000000e+01   1.5827329e+02   4.1640120e+01  -2.2000000e+02   7.1311503e+01
  -4.0066851e+01   3.2571501e+01   2.8000000e+01   1.5816246e+02   4.1209331e+01  -2.2000000e+02   7.2213659e+01
  -3.9346568e+01   3.0925568e+01   2.8000000e+01   1.5817833e+02   4.0843599e+01  -2.2000000e+02   7.2264889e+01
  -3.5811742e+01   2.8498221e+01   2.8000000e+01   1.5813666e+02   3.8284115e+01  -2.2000000e+02   7.2295824e+01
  -3.3144781e+01   2.6647262e+01   2.8000000e+01   1.5757319e+02   3.5794180e+01  -2.2000000e+02   7.1870781e+01
  -2.9896705e+01   2.7411796e+01   2.8000000e+01   1.5525761e+02   3.3368750e+01  -2.2000000e+02   7.0607035e+01
  -2.5341673e+01   2.3673777e+01   2.8000000e+01   1.5260777e+02   3.4289060e+01  -2.2000000e+02   6.6290965e+01
  -1.9223993e+01   1.9411115e+01   2.8000000e+01   1.4864474e+02   3.0022800e+01  -2.2000000e+02   5.6053270e+01
  -1.4378802e+01   1.2885798e+01   2.8000000e+01   1.4490814e+02   3.6295797e+01  -2.2000000e+02   4.5855369e+01
  -1.0177366e+01   8.2981241e+00   2.8000000e+01   1.4761551e+02   4.2337596e+01  -2.2000000e+02   3.5397588e+01
  -4.5748003e+00   3.7718141e+00   2.8000000e+01   1.5606671e+02   4.6298398e+01  -2.2000000e+02   2.6300897e+01
   2.5064480e+00  -1.0729029e+00   2.8000000e+01   1.6704780e+02   4.8044976e+01  -2.2000000e+02   1.7060380e+01
   8.0930333e+00  -8.0322228e+00   2.8000000e+01   1.7864503e+02   5.1345339e+01  -2.2000000e+02   1.2592484e+01
   1.1682015e+01  -1.1761653e+01   2.8000000e+01   1.9011955e+02   5.2303449e+01  -2.2000000e+02   1.0334518e+01
   1.7163232e+01  -1.2151752e+01   2.8000000e+01   2.0110375e+02   5.1117656e+01  -2.2000000e+02   5.7989491e+00
   2.1344650e+01  -1.4048991e+01   2.8000000e+01   2.1202689e+02   4.8162440e+01  -2.2000000e+02  -9.9447035e-02
   2.6204698e+01  -1.7432951e+01   2.8000000e+01   2.2249494e+02   4.5650819e+01  -2.2000000e+02  -5.9057891e+00
   2.5871050e+01  -1.4448503e+01   2.8000000e+01   2.3166030e+02   4.5140187e+01  -2.2000000e+02  -8.4127363e+00
   2.3329134e+01  -1.1674376e+01   2.8000000e+01   2.4035244e+02   4.2425261e+01  -2.2000000e+02  -1.3523571e+01
   1.9377104e+01  -7.8541884e+00   2.8000000e+01   2.4803077e+02   3.9774546e+01  -2.2000000e+02  -1.5773225e+01
   1.6968171e+01  -5.6623334e+00   2.8000000e+01   2.4854829e+02   4.0776041e+01  -2.2000000e+02  -1.3858896e+01
   1.3922439e+01  -3.6565947e+00   2.8000000e+01   2.4495576e+02   4.2716980e+01  -2.2000000e+02  -1.0272509e+01
   1.0487685e+01  -1.2928058e+00   2.8000000e+01   2.4040051e+02   4.4505583e+01  -2.2000000e+02  -5.0591394e+00
   8.4158746e+00  -4.1749312e-01   2.8000000e+01   2.3640339e+02   4.5215227e+01  -2.2000000e+02  -4.2479031e-01
   5.2969595e+00   1.4719753e+00   2.8000000e+01   2.3191224e+02   4.5619887e+01  -2.2000000e+02   3.9969016e+00
   1.6866106e+00   3.6930395e+00   2.8000000e+01   2.2622184e+02   4.6104951e+01  -2.2000000e+02   7.4835268e+00
  -3.2338460e-01   4.2916388e+00   2.8000000e+01   2.2271953e+02   4.6167196e+01  -2.2000000e+02   1.0377465e+01
  -2.9333852e+00   6.0677267e+00   2.8000000e+01   2.1796686e+02   4.6828262e+01  -2.2000000e+02   1.3985229e+01
  -5.5995687e+00   7.0056223e+00   2.8000000e+01   2.1342632e+02   4.7651045e+01  -2.2000000e+02   1.6817647e+01
  -8.3578500e+00   7.0385287e+00   2.8000000e+01   2.0933752e+02   4.8227705e+01  -2.2000000e+02   1.8943437e+01
  -1.1835088e+01   8.3976240e+00   2.8000000e+01   2.0460364e+02   4.9622426e+01  -2.2000000e+02   2.2009923e+01
  -1.3170905e+01   7.5615009e+00   2.8000000e+01   2.0214345e+02   5.0956501e+01  -2.2000000e+02   2.5060662e+01
  -1.6103573e+01   6.4346013e+00   2.8000000e+01   1.9900821e+02   5.2713363e+01  -2.2000000e+02   2.7821126e+01
  -1.9561066e+01   1.0978226e+01   2.8000000e+01   1.9095335e+02   5.1810282e+01  -2.2000000e+02   3.2512660e+01
  -2.3447405e+01   1.4699146e+01   2.8000000e+01   1.8322177e+02   5.0097407e+01  -2.2000000e+02   3.5704507e+01
  -2.6810064e+01   1.8992691e+01   2.8000000e+01   1.7517580e+02   4.7367126e+01  -2.2000000e+02   3.8580714e+01
  -2.7607999e+01   1.5808890e+01   2.8000000e+01   1.7459233e+02   4.8679572e+01  -2.2000000e+02   4.2063765e+01
  -3.1397806e+01   2.0940655e+01   2.8000000e+01   1.6873936e+02   4.7337258e+01  -2.2000000e+02   4.6024196e+01
  -3.4264855e+01   2.4961114e+01   2.8000000e+01   1.6452460e+02   4.3408847e+01  -2.2000000e+02   5.0416226e+01
  -3.4976179e+01   2.6264082e+01   2.8000000e+01   1.5989124e+02   4.1035764e+01  -2.2000000e+02   5.4525809e+01
  -3.8812159e+01   3.1495849e+01   2.8000000e+01   1.5406693e+02   3.5920773e+01  -2.2000000e+02   5.7360943e+01
  -4.0802830e+01   3.5613582e+01   2.8000000e+01   1.4819718e+02   3.0586200e+01  -2.2000000e+02   6.0689821e+01
  -3.8174536e+01   2.8921607e+01   2.8000000e+01   1.4977844e+02   3.1200093e+01  -2.2000000e+02   6.4098111e+01
  -3.5331233e+01   2.6964242e+01   2.8000000e+01   1.5076521e+02   3.0946000e+01  -2.2000000e+02   6.6632495e+01
  -3.3940979e+01   2.5734760e+01   2.8000000e+01   1.5294618e+02   2.8298772e+01  -2.2000000e+02   6.8700715e+01
  -3.3804815e+01   2.9092933e+01   2.8000000e+01   1.5260431e+02   2.5771065e+01  -2.2000000e+02   6.9613376e+01
  -2.8988387e+01   2.2947366e+01   2.8000000e+01   1.5301649e+02   2.5681118e+01  -2.2000000e+02   6.8748780e+01
  -2.1026424e+01   1.8838443e+01   2.8000000e+01   1.4955391e+02   3.0933217e+01  -2.2000000e+02   6.2055651e+01
  -1.8605693e+01   1.6253753e+01   2.8000000e+01   1.4675915e+02   3.5701858e+01  -2.2000000e+02   5.4306853e+01
  -1.2857707e+01   1.2705781e+01   2.8000000e+01   1.4399140e+02   4.1764891e+01  -2.2000000e+02   4.3390592e+01
  -6.0106225e+00   8.6639005e+00   2.8000000e+01   1.4968801e+02   4.9069833e+01  -2.2000000e+02   3.3659078e+01
   7.9585327e-01   3.9835372e+00   2.8000000e+01   1.6084360e+02   5.3084165e+01  -2.2000000e+02   2.3586284e+01
   6.4897881e+00  -3.2237861e+00   2.8000000e+01   1.7254323e+02   5.4769667e+01  -2.2000000e+02   1.6978134e+01
   1.1987986e+01  -7.1885566e+00   2.8000000e+01   1.8419358e+02   5.4896183e+01  -2.2000000e+02   1.4684701e+01
   1.7676227e+01  -8.4453357e+00   2.8000000e+01   1.9564576e+02   5.2318482e+01  -2.2000000e+02   8.6105747e+00
   2.3653315e+01  -1.0813243e+01   2.8000000e+01   2.0723562e+02   4.9143531e+01  -2.2000000e+02   2.9628313e+00
   2.6283844e+01  -1.0761399e+01   2.8000000e+01   2.1876474e+02   4.5136666e+01  -2.2000000e+02  -2.3369134e+00
   2.4725579e+01  -9.2973042e+00   2.8000000e+01   2.2994540e+02   4.1133117e+01  -2.2000000e+02  -8.5816419e+00
   2.1164818e+01  -5.8076166e+00   2.8000000e+01   2.4048871e+02   3.8352988e+01  -2.2000000e+02  -1.3689145e+01
   1.8958665e+01  -3.7996652e+00   2.8000000e+01   2.4694175e+02   3.8754625e+01  -2.2000000e+02  -1.5355134e+01
   1.5652793e+01  -1.8878260e+00   2.8000000e+01   2.4467790e+02   4.2350665e+01  -2.2000000e+02  -1.2072666e+01
   1.1557905e+01   1.0321252e-01   2.8000000e+01   2.4037103e+02   4.5402855e+01  -2.2000000e+02  -6.7588062e+00
   8.7157775e+00   1.4144376e+00   2.8000000e+01   2.3665730e+02   4.7055974e+01  -2.2000000e+02  -3.2420244e+00
   5.6773042e+00   2.6520975e+00   2.8000000e+01   2.3261405e+02   4.8920702e+01  -2.2000000e+02   1.3105266e+00
   2.2787684e+00   4.6447344e+00   2.8000000e+01   2.2781772e+02   5.0851846e+01  -2.2000000e+02   6.1609717e+00
  -5.5869015e-01   6.9866932e+00   2.8000000e+01   2.2140123e+02   5.1629644e+01  -2.2000000e+02   1.0461273e+01
  -3.1493057e+00   8.6318294e+00   2.8000000e+01   2.1555551e+02   5.2029510e+01  -2.2000000e+02   1.3683160e+01
  -6.2324522e+00   9.7743272e+00   2.8000000e+01   2.1030885e+02   5.2243020e+01  -2.2000000e+02   1.7111135e+01
  -9.5787010e+00   1.0751268e+01   2.8000000e+01   2.0535764e+02   5.3048562e+01  -2.2000000e+02   1.9997275e+01
  -1.3689687e+01   1.1982219e+01   2.8000000e+01   2.0107928e+02   5.4890720e+01  -2.2000000e+02   2.2950595e+01
  -1.5511262e+01   1.1250668e+01   2.8000000e+01   1.9700916e+02   5.4918276e+01  -2.2000000e+02   2.6528713e+01
