  -2.8333310e+01   1.6922373e+01   1.0885435e+01   1.9696534e+02   6.8792511e+01  -2.5713896e+02   5.8900790e+01
  -3.0622094e+01   9.1170252e+00   1.4334866e+00   1.9471191e+02   7.7782919e+01  -2.5430434e+02   6.1627762e+01
  -3.1871122e+01   1.0000000e+00  -1.2420966e+01   1.9173942e+02   7.9605749e+01  -2.5494813e+02   6.4175197e+01
  -3.0273472e+01   1.0000000e+00  -2.0740884e+01   1.9429320e+02   8.8040124e+01  -2.5774462e+02   6.8906173e+01
  -2.9011953e+01   1.0000000e+00  -2.1474744e+01   2.0053033e+02   9.4806673e+01  -2.6060726e+02   7.0052697e+01
  -2.6235683e+01   1.0000000e+00  -2.9706345e+01   1.9958865e+02   1.0423757e+02  -2.6271542e+02   6.9580932e+01
  -2.2950234e+01   1.0000000e+00  -3.7048486e+01   1.9694100e+02   1.1111265e+02  -2.6432635e+02   5.7448281e+01
  -1.9280865e+01   1.0000000e+00  -3.7395555e+01   1.9536090e+02   1.1351801e+02  -2.6471717e+02   4.8197592e+01
  -1.4068945e+01   1.0000000e+00  -2.9867673e+01   1.9401204e+02   1.1169550e+02  -2.6412594e+02   4.1441982e+01
  -9.5824153e+00   1.0000000e+00  -2.3718705e+01   1.9427144e+02   1.0540343e+02  -2.6136620e+02   3.5931469e+01
  -3.5583120e+00   1.0000000e+00  -1.5538324e+01   1.9406236e+02   9.9174370e+01  -2.5651069e+02   3.2332846e+01
   1.3410237e+00   1.0000000e+00  -4.6679748e+00   1.9737206e+02   9.2568760e+01  -2.4971474e+02   2.8695353e+01
   8.1311771e+00   1.0000000e+00   7.0816241e+00   2.0522071e+02   8.4233153e+01  -2.4047891e+02   2.1799752e+01
   1.5161446e+01   1.0000000e+00   1.8392120e+01   2.1308901e+02   7.6638601e+01  -2.3167428e+02   1.2962175e+01
   2.0390717e+01   1.0000000e+00   2.4596088e+01   2.2016128e+02   7.0480263e+01  -2.2499273e+02   2.8214315e+00
   2.2713878e+01   1.0000000e+00   2.6140222e+01   2.2678279e+02   6.5506103e+01  -2.1987824e+02  -6.7939437e+00
   1.9967217e+01   1.0000000e+00   2.7785271e+01   2.3211760e+02   6.0834648e+01  -2.1511413e+02  -1.6021673e+01
   1.4633833e+01   1.0000000e+00   3.0158913e+01   2.3672949e+02   5.5159203e+01  -2.0999961e+02  -2.4647788e+01
   1.1564657e+01   1.0000000e+00   3.6496900e+01   2.3422238e+02   5.1754540e+01  -2.1002407e+02  -2.7765112e+01
   8.9800555e+00   1.0000000e+00   4.1348461e+01   2.2970843e+02   4.8209432e+01  -2.1103049e+02  -2.5454668e+01
   7.6087154e+00   1.0000000e+00   4.4279529e+01   2.2354929e+02   4.2885106e+01  -2.1166020e+02  -1.8913697e+01
   5.4587736e+00   1.0000000e+00   4.6473167e+01   2.1700218e+02   3.7329241e+01  -2.1266148e+02  -1.2698166e+01
   3.8713925e+00   1.0000000e+00   4.8836375e+01   2.0993722e+02   3.2048248e+01  -2.1256627e+02  -4.8333944e+00
   2.7626439e+00   1.0000000e+00   5.1241806e+01   2.0222555e+02   2.7595839e+01  -2.1079719e+02   4.3388579e+00
   1.2824729e+00   1.0000000e+00   5.1616564e+01   1.9571160e+02   2.5395705e+01  -2.1020708e+02   1.1498884e+01
  -1.2362168e+00   1.0000000e+00   5.1203242e+01   1.9099839e+02   2.6534295e+01  -2.0885693e+02   1.7375561e+01
  -4.6528149e+00   1.0000000e+00   4.7149495e+01   1.8859531e+02   3.1158044e+01  -2.0892379e+02   2.4429985e+01
  -9.4193299e+00   1.0000000e+00   4.2733256e+01   1.8718342e+02   3.7959224e+01  -2.1004700e+02   2.9352045e+01
  -1.4013489e+01   1.0000000e+00   3.3480530e+01   1.8518537e+02   4.6072523e+01  -2.1188696e+02   3.5374145e+01
  -1.8621298e+01   1.0000000e+00   2.1081077e+01   1.8283129e+02   5.3480211e+01  -2.1415074e+02   4.0668145e+01
  -2.4868456e+01   1.0000000e+00   8.2595418e+00   1.7884656e+02   6.2469978e+01  -2.1804155e+02   4.5495856e+01
  -3.0757089e+01   1.0000000e+00  -4.8373962e+00   1.7352307e+02   7.2677564e+01  -2.2390661e+02   5.0429878e+01
  -3.4374547e+01   1.0000000e+00  -1.0053138e+01   1.7121608e+02   8.2397069e+01  -2.2943703e+02   5.2955552e+01
  -3.6218748e+01   1.0000000e+00  -1.4390795e+01   1.7497618e+02   8.8279434e+01  -2.3535325e+02   5.5336225e+01
  -3.7002460e+01   1.0000000e+00  -1.4907178e+01   1.8132447e+02   8.8809856e+01  -2.4170220e+02   5.8996283e+01
  -3.6310833e+01   1.0000000e+00  -1.1187766e+01   1.8791612e+02   8.9441309e+01  -2.4765671e+02   6.4406301e+01
  -3.6970278e+01   1.0000000e+00  -1.2365791e+01   1.9345724e+02   8.7442169e+01  -2.5394930e+02   6.6744724e+01
  -3.6353799e+01   1.0000000e+00  -7.2462538e+00   1.9976249e+02   8.4707005e+01  -2.5835952e+02   6.9745979e+01
  -3.6259052e+01   1.0000000e+00  -1.2927011e+01   2.0409372e+02   8.6102415e+01  -2.6414619e+02   7.0328260e+01
  -3.5670654e+01   1.0000000e+00  -1.4787137e+01   2.0901400e+02   8.9993711e+01  -2.6926202e+02   7.1244082e+01
  -3.3030510e+01   1.0000000e+00  -1.5516230e+01   2.1074112e+02   9.1187365e+01  -2.7172986e+02   7.0860724e+01
  -2.9948174e+01   1.0000000e+00  -1.6721324e+01   2.0672345e+02   9.1832501e+01  -2.6675011e+02   6.9346299e+01
  -2.6263692e+01   1.0000000e+00  -1.9708835e+01   2.0352549e+02   9.7044367e+01  -2.6272689e+02   6.0239771e+01
  -2.1178725e+01   1.0000000e+00  -1.5425243e+01   2.0532293e+02   9.6744015e+01  -2.6067195e+02   4.9284783e+01
  -1.7990077e+01   1.0000000e+00  -2.2588851e+01   2.0148216e+02   1.0553915e+02  -2.6038545e+02   3.7555159e+01
  -1.3910335e+01   1.0000000e+00  -2.3458156e+01   1.9728202e+02   1.0552503e+02  -2.6018056e+02   3.3128056e+01
  -9.3184620e+00   1.0000000e+00  -1.3889997e+01   1.9920009e+02   9.8728361e+01  -2.5599254e+02   2.7239234e+01
  -2.9755808e+00   1.0000000e+00  -2.4785482e+00   2.0247555e+02   9.1039112e+01  -2.4926819e+02   2.4048022e+01
   4.6242912e+00   1.0000000e+00   9.3900481e+00   2.0937514e+02   8.3084663e+01  -2.4055485e+02   1.8098324e+01
   9.5820495e+00   1.0000000e+00   1.7818423e+01   2.1534028e+02   7.6980172e+01  -2.3473956e+02   8.1244672e+00
   1.3139578e+01   1.0000000e+00   2.2417634e+01   2.2064200e+02   7.2409663e+01  -2.3057378e+02  -1.1870334e+00
   1.6693092e+01   1.0000000e+00   2.3806432e+01   2.2740915e+02   6.8699920e+01  -2.2681179e+02  -1.0927859e+01
   1.6735050e+01   1.0000000e+00   2.5774960e+01   2.3335536e+02   6.5852893e+01  -2.2356116e+02  -1.9304120e+01
   1.4186288e+01   1.0000000e+00   2.8670524e+01   2.3911534e+02   6.1842348e+01  -2.1967676e+02  -2.7097893e+01
   1.0390820e+01   1.0000000e+00   3.3127730e+01   2.4331891e+02   5.6761608e+01  -2.1667203e+02  -3.0872983e+01
   7.8031510e+00   1.0000000e+00   3.7515980e+01   2.4046478e+02   5.2326956e+01  -2.1797862e+02  -2.7952221e+01
   5.8543661e+00   1.0000000e+00   4.0875781e+01   2.3420029e+02   4.6153988e+01  -2.1830449e+02  -2.2252303e+01
   3.3659616e+00   1.0000000e+00   4.3506721e+01   2.2676137e+02   3.9541037e+01  -2.1852626e+02  -1.4912329e+01
   2.2420611e+00   1.0000000e+00   4.6741230e+01   2.1866061e+02   3.2925163e+01  -2.1738221e+02  -6.4508280e+00
   2.8952780e+00   1.0000000e+00   4.9399452e+01   2.1075063e+02   2.7440356e+01  -2.1506629e+02   2.1247051e+00
   1.6398732e+00   1.0000000e+00   5.1497735e+01   2.0360279e+02   2.4613562e+01  -2.1280947e+02   8.9582375e+00
   2.4138110e-01   1.0000000e+00   5.2437096e+01   1.9850857e+02   2.4444651e+01  -2.1218740e+02   1.5271468e+01
  -1.8723460e+00   1.0000000e+00   5.1602944e+01   1.9553112e+02   2.5179465e+01  -2.1085267e+02   2.0621305e+01
  -5.0379843e+00   1.0000000e+00   4.8714903e+01   1.9344088e+02   2.9413845e+01  -2.1126142e+02   2.5773595e+01
  -8.0072188e+00   1.0000000e+00   3.8971732e+01   1.9223582e+02   3.5045055e+01  -2.1029195e+02   3.1672733e+01
  -1.3078097e+01   1.0000000e+00   3.0651826e+01   1.9033617e+02   4.2946722e+01  -2.1087955e+02   3.6869727e+01
  -2.0075327e+01   1.0000000e+00   1.8919590e+01   1.8720954e+02   5.1874934e+01  -2.1276040e+02   4.0185318e+01
  -2.7432344e+01   1.0000000e+00   5.7750224e+00   1.8302505e+02   6.0227459e+01  -2.1660989e+02   4.3203368e+01
  -3.1912592e+01   1.0000000e+00  -6.9614869e+00   1.7689733e+02   7.0406876e+01  -2.2305389e+02   4.6875769e+01
  -3.3808804e+01   1.0000000e+00  -6.2147698e+00   1.7651621e+02   7.8901871e+01  -2.2786811e+02   4.9416769e+01
  -3.6068675e+01   1.0000000e+00  -1.0279867e+01   1.7868125e+02   8.3598965e+01  -2.3326343e+02   5.1096091e+01
  -3.7144826e+01   1.0000000e+00  -1.8305082e+01   1.8239918e+02   8.7426462e+01  -2.4022626e+02   5.3781081e+01
  -3.7664209e+01   1.0000000e+00  -1.5466789e+01   1.8600817e+02   8.8943179e+01  -2.4624271e+02   5.6835802e+01
  -3.8020530e+01   1.0000000e+00  -1.6875072e+01   1.9074208e+02   8.8671385e+01  -2.5223862e+02   6.0787279e+01
  -3.6273175e+01   1.0000000e+00  -1.4482014e+01   1.9157571e+02   8.8294776e+01  -2.5549557e+02   6.4083822e+01
  -3.4725485e+01   1.0000000e+00  -7.4965273e+00   1.9619424e+02   8.2496967e+01  -2.5616438e+02   6.7135510e+01
  -3.2787872e+01   1.0000000e+00  -4.4693325e+00   1.9757998e+02   7.7363209e+01  -2.5723372e+02   6.8667899e+01
  -3.1243357e+01   1.0000000e+00  -1.2169676e+01   1.9624444e+02   7.9623392e+01  -2.5863710e+02   6.7831028e+01
  -2.8001316e+01   1.0000000e+00  -8.9116418e+00   1.9631637e+02   7.6415543e+01  -2.5605232e+02   6.7727361e+01
  -2.4030564e+01   1.0000000e+00  -1.4902724e+01   1.9789282e+02   8.3975175e+01  -2.5664386e+02   6.0103173e+01
  -2.1343670e+01   1.0000000e+00  -2.3611706e+01   1.9561411e+02   9.4046879e+01  -2.5999317e+02   5.1148503e+01
  -1.6615730e+01   1.0000000e+00  -2.2017574e+01   1.9601342e+02   1.0196786e+02  -2.5976370e+02   4.1039122e+01
  -1.2237347e+01   1.0000000e+00  -1.4268233e+01   1.9592384e+02   9.8949216e+01  -2.5716020e+02   3.5218438e+01
  -4.9752932e+00   1.0000000e+00  -3.9347770e+00   1.9861004e+02   9.1367972e+01  -2.5062714e+02   3.1848200e+01
   8.9646451e-01   1.0000000e+00   7.8200578e+00   2.0536285e+02   8.3868199e+01  -2.4213968e+02   2.6946639e+01
   7.7740179e+00   1.0000000e+00   1.9084946e+01   2.1221266e+02   7.5992679e+01  -2.3406342e+02   1.8062098e+01
   1.2611384e+01   1.0000000e+00   2.5293261e+01   2.1586963e+02   7.0161361e+01  -2.3006817e+02   8.0591351e+00
   1.6497949e+01   1.0000000e+00   2.9905085e+01   2.1930957e+02   6.6752734e+01  -2.2693558e+02  -1.2755822e+00
   1.9537467e+01   1.0000000e+00   3.0956977e+01   2.2537673e+02   6.3262879e+01  -2.2278237e+02  -9.8400826e+00
   2.1826667e+01   1.0000000e+00   3.1452911e+01   2.3139434e+02   6.0138832e+01  -2.1887521e+02  -1.7691845e+01
   1.8614138e+01   1.0000000e+00   3.2008934e+01   2.3740577e+02   5.6059187e+01  -2.1459721e+02  -2.3554679e+01
   1.4827677e+01   1.0000000e+00   3.5674320e+01   2.4007224e+02   5.1431632e+01  -2.1332777e+02  -2.3486501e+01
   1.2609784e+01   1.0000000e+00   3.9050542e+01   2.3746558e+02   4.7445001e+01  -2.1591556e+02  -2.0230379e+01
   9.7116288e+00   1.0000000e+00   4.3598961e+01   2.3270448e+02   4.3352529e+01  -2.1842393e+02  -1.3405262e+01
   7.2614317e+00   1.0000000e+00   4.6999586e+01   2.2660427e+02   3.8151542e+01  -2.2144614e+02  -5.9254196e+00
   5.4305514e+00   1.0000000e+00   5.1437638e+01   2.1831324e+02   3.1878624e+01  -2.2183129e+02   3.5630444e+00
   3.9930802e+00   1.0000000e+00   5.3718603e+01   2.0978358e+02   2.6171261e+01  -2.2111895e+02   1.1526569e+01
   2.9790585e+00   1.0000000e+00   5.5384098e+01   2.0278350e+02   2.3017483e+01  -2.1945171e+02   1.8240246e+01
   1.1464328e+00   1.0000000e+00   5.6213943e+01   1.9807084e+02   2.2481117e+01  -2.1817626e+02   2.4587538e+01
  -2.0432084e+00   1.0000000e+00   5.3708408e+01   1.9490544e+02   2.4778348e+01  -2.1839500e+02   3.0336782e+01
  -5.9049459e+00   1.0000000e+00   4.8156627e+01   1.9283880e+02   3.0543615e+01  -2.1958300e+02   3.6564649e+01
  -1.1383436e+01   1.0000000e+00   3.9759218e+01   1.9050607e+02   3.8333177e+01  -2.2056436e+02   4.0862236e+01
  -1.5296863e+01   1.0000000e+00   2.9877468e+01   1.8822853e+02   4.6221206e+01  -2.2164849e+02   4.5296299e+01
  -1.9330104e+01   1.0000000e+00   1.8474684e+01   1.8568748e+02   5.4956620e+01  -2.2407140e+02   4.9472267e+01
  -2.5592626e+01   1.0000000e+00   6.2562078e+00   1.8303532e+02   6.4158274e+01  -2.2849270e+02   5.2409587e+01
  -2.9144056e+01   1.0000000e+00  -6.1623424e+00   1.8005160e+02   7.3725174e+01  -2.3423696e+02   5.5228295e+01
  -3.1124592e+01   1.0000000e+00  -1.0854482e+01   1.8060278e+02   8.1311415e+01  -2.3859789e+02   5.7272325e+01
  -3.2198695e+01   1.0000000e+00  -1.1069308e+01   1.8191952e+02   8.5067070e+01  -2.4245172e+02   6.1030411e+01
  -3.4058371e+01   1.0000000e+00  -1.1730300e+01   1.8474067e+02   8.4457585e+01  -2.4635149e+02   6.3800159e+01
  -3.2775731e+01   1.0000000e+00  -7.7393481e+00   1.9125938e+02   8.4369424e+01  -2.5070770e+02   6.7822902e+01
  -3.2619234e+01   1.0000000e+00  -9.2643681e+00   1.9709896e+02   7.9989169e+01  -2.5614501e+02   6.9079294e+01
  -3.2279523e+01   1.0000000e+00  -1.5634014e+01   2.0050870e+02   8.6358476e+01  -2.6169952e+02   7.0206186e+01
  -2.9909752e+01   1.0000000e+00  -2.1235158e+01   2.0511402e+02   9.2099623e+01  -2.6582196e+02   6.8746305e+01
  -2.5433215e+01   1.0000000e+00  -1.5731131e+01   2.0468134e+02   9.3763830e+01  -2.6190203e+02   6.9601625e+01
  -2.0883607e+01   1.0000000e+00  -2.2993217e+01   2.0367835e+02   1.0113954e+02  -2.6292723e+02   5.9047664e+01
  -2.0294752e+01   1.0000000e+00  -3.4678927e+01   1.9787130e+02   1.0605517e+02  -2.6370490e+02   5.0356339e+01
  -1.5573631e+01   1.0000000e+00  -2.8176337e+01   1.9588697e+02   1.0623187e+02  -2.6259449e+02   4.2718651e+01
  -1.1785742e+01   1.0000000e+00  -2.0159937e+01   1.9503939e+02   1.0275182e+02  -2.5942564e+02   3.8322920e+01
  -7.7077909e+00   1.0000000e+00  -9.7773156e+00   1.9774498e+02   9.6343051e+01  -2.5297545e+02   3.3094604e+01
  -1.6038224e+00   1.0000000e+00   1.1451667e+00   1.9973421e+02   8.9154175e+01  -2.4611778e+02   2.6648710e+01
   3.8672262e+00   1.0000000e+00   1.0884839e+01   2.0526375e+02   8.2352901e+01  -2.3979425e+02   1.7668882e+01
   8.0199045e+00   1.0000000e+00   1.8928158e+01   2.1072916e+02   7.6703592e+01  -2.3473402e+02   7.8222784e+00
   1.1503295e+01   1.0000000e+00   2.3746111e+01   2.1536864e+02   7.2334088e+01  -2.3112587e+02  -1.1156936e+00
   1.5350397e+01   1.0000000e+00   2.7069523e+01   2.2181118e+02   6.7870513e+01  -2.2637440e+02  -9.8590049e+00
   1.8184741e+01   1.0000000e+00   2.6819553e+01   2.2909021e+02   6.3967646e+01  -2.2164441e+02  -1.8844051e+01
   1.7314124e+01   1.0000000e+00   2.7237131e+01   2.3535672e+02   6.0550931e+01  -2.1734583e+02  -2.7059320e+01
   1.3035199e+01   1.0000000e+00   2.9629615e+01   2.4051024e+02   5.6065335e+01  -2.1348578e+02  -3.2181769e+01
   1.1079255e+01   1.0000000e+00   3.3916319e+01   2.4049589e+02   5.3979945e+01  -2.1482788e+02  -3.3401654e+01
   7.6650906e+00   1.0000000e+00   3.7660624e+01   2.3773249e+02   5.0325882e+01  -2.1743935e+02  -2.9779398e+01
   4.8354412e+00   1.0000000e+00   4.0717217e+01   2.3288408e+02   4.5155770e+01  -2.1929390e+02  -2.3090387e+01
   2.2188874e+00   1.0000000e+00   4.2825237e+01   2.2717650e+02   3.9159739e+01  -2.2073235e+02  -1.5521981e+01
   1.2816011e+00   1.0000000e+00   4.5300934e+01   2.1961852e+02   3.3131772e+01  -2.2004005e+02  -5.7887320e+00
  -1.1706830e-01   1.0000000e+00   4.7022897e+01   2.1142819e+02   2.7979214e+01  -2.1788226e+02   3.1898075e+00
  -1.7223257e+00   1.0000000e+00   4.8184716e+01   2.0407159e+02   2.5683076e+01  -2.1521732e+02   1.1124912e+01
  -4.3461021e+00   1.0000000e+00   4.7684074e+01   1.9845432e+02   2.6532589e+01  -2.1267371e+02   1.6443169e+01
  -8.1716386e+00   1.0000000e+00   4.3188147e+01   1.9482226e+02   3.1551555e+01  -2.1162216e+02   2.1738043e+01
  -1.1935060e+01   1.0000000e+00   3.5749616e+01   1.9150903e+02   3.8475436e+01  -2.1114143e+02   2.7186533e+01
  -1.6352086e+01   1.0000000e+00   2.6387925e+01   1.8871518e+02   4.6748406e+01  -2.1097835e+02   3.2545921e+01
  -2.1521295e+01   1.0000000e+00   1.7203308e+01   1.8524928e+02   5.5366482e+01  -2.1198369e+02   3.5069650e+01
  -2.4260650e+01   1.0000000e+00   9.7637775e+00   1.8199922e+02   6.2386763e+01  -2.1293440e+02   3.7547238e+01
  -2.8212542e+01   1.0000000e+00   1.2674060e+00   1.7757122e+02   6.9301813e+01  -2.1488125e+02   4.0585031e+01
  -3.0916501e+01   1.0000000e+00   7.4487166e-01   1.7428490e+02   7.1856394e+01  -2.1698262e+02   4.3556370e+01
  -3.3025260e+01   1.0000000e+00  -4.1799673e+00   1.7163616e+02   7.4983570e+01  -2.1902779e+02   4.5662764e+01
  -3.5503441e+01   1.0000000e+00  -9.8473533e+00   1.7138807e+02   7.7004312e+01  -2.2324685e+02   4.7078433e+01
  -3.7083548e+01   1.0000000e+00  -1.4733006e+01   1.7303685e+02   7.9869842e+01  -2.2920065e+02   4.9992368e+01
  -3.7482744e+01   1.0000000e+00  -1.3800206e+01   1.7765164e+02   7.9636594e+01  -2.3495329e+02   5.2713939e+01
  -3.8299692e+01   1.0000000e+00  -1.0103271e+01   1.8386860e+02   7.6409395e+01  -2.4084483e+02   5.3127583e+01
  -3.8188779e+01   1.0000000e+00  -1.1808561e+01   1.9005827e+02   7.5737833e+01  -2.4730178e+02   5.4484206e+01
  -3.5921614e+01   1.0000000e+00  -8.7343742e+00   1.9444791e+02   7.4085487e+01  -2.5436850e+02   5.7792208e+01
  -3.1821309e+01   1.0000000e+00  -5.6539192e+00   1.9796965e+02   7.2775004e+01  -2.5742486e+02   5.7776852e+01
  -2.6998431e+01   1.0000000e+00  -3.1220071e+00   1.9971254e+02   7.2283693e+01  -2.5894103e+02   5.1147838e+01
  -2.1247040e+01   1.0000000e+00  -1.1045439e+01   1.9852849e+02   8.3063808e+01  -2.6229741e+02   4.2938955e+01
  -1.8116004e+01   1.0000000e+00  -8.1060407e+00   1.9842250e+02   8.8985815e+01  -2.5752979e+02   3.3606508e+01
  -1.1349710e+01   1.0000000e+00   2.4974807e+00   2.0178031e+02   8.4429111e+01  -2.5032452e+02   2.8236363e+01
  -4.7537723e+00   1.0000000e+00   1.4305065e+01   2.0664288e+02   7.8293819e+01  -2.4218708e+02   2.4632451e+01
   2.9650359e+00   1.0000000e+00   2.4883897e+01   2.1266597e+02   6.9919857e+01  -2.3415771e+02   1.5049616e+01
   8.4071077e+00   1.0000000e+00   3.1769730e+01   2.1573116e+02   6.3058092e+01  -2.2966670e+02   6.0878293e+00
   1.2764904e+01   1.0000000e+00   3.4718552e+01   2.1937256e+02   5.8698079e+01  -2.2625126e+02  -3.4157292e+00
   1.5544890e+01   1.0000000e+00   3.6370832e+01   2.2265018e+02   5.7172880e+01  -2.2476078e+02  -1.1403576e+01
   1.6135254e+01   1.0000000e+00   3.7822025e+01   2.2671012e+02   5.5626147e+01  -2.2285291e+02  -1.8061071e+01
   1.4195409e+01   1.0000000e+00   3.8698466e+01   2.3127880e+02   5.2612716e+01  -2.2012203e+02  -2.4559785e+01
   9.6167522e+00   1.0000000e+00   4.1780516e+01   2.3599871e+02   4.7593408e+01  -2.1617616e+02  -2.7473957e+01
   8.4265860e+00   1.0000000e+00   4.5304446e+01   2.3374392e+02   4.3530012e+01  -2.1718533e+02  -2.3254434e+01
   6.8140641e+00   1.0000000e+00   4.6767263e+01   2.2846304e+02   3.7863832e+01  -2.1903314e+02  -1.5718491e+01
   4.5987406e+00   1.0000000e+00   4.9952601e+01   2.2200855e+02   3.2826174e+01  -2.2006204e+02  -6.7296283e+00
   4.5750816e+00   1.0000000e+00   5.1465171e+01   2.1399785e+02   2.6105084e+01  -2.1977895e+02   3.7046264e+00
   3.6926177e+00   1.0000000e+00   5.3562957e+01   2.0626398e+02   2.1817082e+01  -2.1870332e+02   1.3538427e+01
   3.6566394e+00   1.0000000e+00   5.5182943e+01   2.0006944e+02   1.7641825e+01  -2.1687728e+02   2.0181660e+01
   3.1472216e+00   1.0000000e+00   5.6050918e+01   1.9590146e+02   1.5381191e+01  -2.1627776e+02   2.7130570e+01
  -2.6077521e-01   1.0000000e+00   5.6010710e+01   1.9349676e+02   1.7896697e+01  -2.1582138e+02   3.2235173e+01
  -4.0941005e+00   1.0000000e+00   5.1573525e+01   1.9234278e+02   2.2439395e+01  -2.1655372e+02   3.6475130e+01
  -8.1475472e+00   1.0000000e+00   4.2577479e+01   1.9042710e+02   2.8808292e+01  -2.1722272e+02   4.0921861e+01
  -1.3891687e+01   1.0000000e+00   3.1351794e+01   1.8862738e+02   3.6700575e+01  -2.1856960e+02   4.4756826e+01
  -1.9838746e+01   1.0000000e+00   2.0001413e+01   1.8644211e+02   4.6152398e+01  -2.2088062e+02   4.7645301e+01
  -2.5574904e+01   1.0000000e+00   7.8859302e+00   1.8389841e+02   5.5903880e+01  -2.2474681e+02   5.0200209e+01
  -3.0646206e+01   1.0000000e+00  -4.6044806e+00   1.8028178e+02   6.5949770e+01  -2.3035483e+02   5.1232392e+01
  -3.2841762e+01   1.0000000e+00  -9.5678454e+00   1.7850452e+02   7.5138621e+01  -2.3453864e+02   5.3504236e+01
  -3.4555717e+01   1.0000000e+00  -1.1207473e+01   1.7922391e+02   8.1203156e+01  -2.3674642e+02   5.5635687e+01
  -3.6281652e+01   1.0000000e+00  -1.6307736e+01   1.8016850e+02   8.4555883e+01  -2.4126149e+02   5.7085186e+01
  -3.7142923e+01   1.0000000e+00  -2.0801773e+01   1.8366541e+02   8.4926368e+01  -2.4642759e+02   5.8358564e+01
  -3.7218031e+01   1.0000000e+00  -1.7745207e+01   1.8903877e+02   8.5664125e+01  -2.5201160e+02   6.1663802e+01
  -3.7144852e+01   1.0000000e+00  -1.3815946e+01   1.9251017e+02   8.3712542e+01  -2.5614506e+02   6.4088687e+01
  -3.6816645e+01   1.0000000e+00  -1.3694766e+01   1.9686345e+02   8.0064926e+01  -2.5971777e+02   6.6250632e+01
  -3.6354823e+01   1.0000000e+00  -1.1542463e+01   2.0085507e+02   7.6614222e+01  -2.6365211e+02   6.8531062e+01
  -3.6114393e+01   1.0000000e+00  -1.0381250e+01   2.0409885e+02   7.2957683e+01  -2.6615843e+02   6.8455563e+01
  -3.5615730e+01   1.0000000e+00  -8.7791607e+00   2.0366488e+02   7.3152153e+01  -2.6481649e+02   6.8981797e+01
  -3.3901577e+01   1.0000000e+00  -1.2668016e+01   2.0039061e+02   7.2816606e+01  -2.6358018e+02   6.7599206e+01
  -2.9971787e+01   1.0000000e+00  -6.5011062e+00   1.9904510e+02   6.9842518e+01  -2.5903593e+02   6.7264289e+01
  -2.5021361e+01   1.0000000e+00  -1.1844491e+01   1.9728918e+02   7.9478047e+01  -2.5838775e+02   6.1245475e+01
  -2.3157189e+01   1.0000000e+00  -2.1941386e+01   1.9462283e+02   8.8976115e+01  -2.5960468e+02   5.1244140e+01
  -1.8551884e+01   1.0000000e+00  -2.0427757e+01   1.9218444e+02   9.4437815e+01  -2.5801769e+02   4.1016328e+01
  -1.3017360e+01   1.0000000e+00  -1.0057458e+01   1.9509879e+02   9.1245510e+01  -2.5290131e+02   3.4506437e+01
  -6.3523531e+00   1.0000000e+00   1.1745300e+00   2.0017925e+02   8.4646885e+01  -2.4523558e+02   2.9472703e+01
   1.4785243e+00   1.0000000e+00   1.2905760e+01   2.0789881e+02   7.7021193e+01  -2.3644474e+02   2.2834187e+01
   8.7218281e+00   1.0000000e+00   2.3514826e+01   2.1415802e+02   6.9464560e+01  -2.2909197e+02   1.3705544e+01
   1.3808323e+01   1.0000000e+00   2.9755668e+01   2.1797046e+02   6.3284366e+01  -2.2461108e+02   3.9906410e+00
   1.7105699e+01   1.0000000e+00   3.1381965e+01   2.2202844e+02   5.9060625e+01  -2.2075046e+02  -5.7300350e+00
   1.9550608e+01   1.0000000e+00   3.1298838e+01   2.2742406e+02   5.5664580e+01  -2.1659220e+02  -1.4777308e+01
   1.9717734e+01   1.0000000e+00   3.2091075e+01   2.3089141e+02   5.4773424e+01  -2.1463182e+02  -2.3087068e+01
   1.4750531e+01   1.0000000e+00   3.3640297e+01   2.3424520e+02   5.2270258e+01  -2.1195140e+02  -3.0737550e+01
   1.0816091e+01   1.0000000e+00   3.8345513e+01   2.3473123e+02   4.9437065e+01  -2.1104316e+02  -3.2851073e+01
   8.6276995e+00   1.0000000e+00   4.2408557e+01   2.3158224e+02   4.5837413e+01  -2.1205560e+02  -2.9424214e+01
   6.4846565e+00   1.0000000e+00   4.4975577e+01   2.2628657e+02   4.0772936e+01  -2.1329552e+02  -2.2702912e+01
   5.3793244e+00   1.0000000e+00   4.6916141e+01   2.1996548e+02   3.4765952e+01  -2.1376776e+02  -1.5476556e+01
   3.8344675e+00   1.0000000e+00   4.9457119e+01   2.1313034e+02   2.9071737e+01  -2.1390279e+02  -6.3461921e+00
   2.9739596e+00   1.0000000e+00   5.1555011e+01   2.0516514e+02   2.3854572e+01  -2.1238162e+02   2.8724507e+00
   2.3096394e+00   1.0000000e+00   5.2543627e+01   1.9831670e+02   2.0574432e+01  -2.1081599e+02   1.0315533e+01
  -9.3124058e-01   1.0000000e+00   5.3260889e+01   1.9327567e+02   2.1063927e+01  -2.0843071e+02   1.4451123e+01
  -3.6562518e+00   1.0000000e+00   5.0711196e+01   1.8919509e+02   2.3454454e+01  -2.0677586e+02   1.9668370e+01
  -7.0774185e+00   1.0000000e+00   4.6253616e+01   1.8750400e+02   2.9220948e+01  -2.0725917e+02   2.5610425e+01
  -1.2037821e+01   1.0000000e+00   3.9754260e+01   1.8578453e+02   3.6499118e+01  -2.0785292e+02   2.9719411e+01
  -1.4994817e+01   1.0000000e+00   2.9588291e+01   1.8437259e+02   4.4156736e+01  -2.0887589e+02   3.5450589e+01
  -2.0011829e+01   1.0000000e+00   1.8303008e+01   1.8173136e+02   5.2668952e+01  -2.1175336e+02   3.9698715e+01
  -2.4869859e+01   1.0000000e+00   8.5669587e+00   1.7951993e+02   6.1499747e+01  -2.1479208e+02   4.2539016e+01
  -2.9822224e+01   1.0000000e+00   5.3258837e-01   1.7622641e+02   7.0390740e+01  -2.1982148e+02   4.5861664e+01
  -3.2899679e+01   1.0000000e+00  -7.8083766e+00   1.7367131e+02   7.6368779e+01  -2.2425755e+02   4.7063011e+01
  -3.5233708e+01   1.0000000e+00  -9.4248179e+00   1.7448811e+02   7.9608633e+01  -2.2859452e+02   5.1116327e+01
  -3.7093554e+01   1.0000000e+00  -1.4005842e+01   1.7792643e+02   8.1846401e+01  -2.3487374e+02   5.2575435e+01
  -3.8176864e+01   1.0000000e+00  -1.6723210e+01   1.8320115e+02   8.3270084e+01  -2.4135268e+02   5.4887214e+01
  -3.8178023e+01   1.0000000e+00  -1.4828996e+01   1.8822502e+02   8.1252631e+01  -2.4805607e+02   5.6358091e+01
  -3.5704651e+01   1.0000000e+00  -1.1863970e+01   1.9377038e+02   8.0571159e+01  -2.5436657e+02   5.9705115e+01
  -3.2053836e+01   1.0000000e+00  -1.5633178e+01   1.9818329e+02   8.1831138e+01  -2.6054392e+02   5.7820326e+01
  -2.7498508e+01   1.0000000e+00  -2.2458034e+01   1.9673285e+02   8.8731902e+01  -2.6113721e+02   5.4137315e+01
  -2.1991550e+01   1.0000000e+00  -1.5339292e+01   1.9747291e+02   9.4415407e+01  -2.5821166e+02   4.4425726e+01
  -1.9155574e+01   1.0000000e+00  -1.4550203e+01   1.9605111e+02   9.5645744e+01  -2.5605475e+02   3.3543443e+01
  -1.2961326e+01   1.0000000e+00  -3.9658088e+00   1.9823375e+02   9.1349883e+01  -2.5113356e+02   3.0109727e+01
  -5.3086888e+00   1.0000000e+00   7.5768504e+00   2.0269067e+02   8.4588623e+01  -2.4353814e+02   2.7183886e+01
   3.3881873e+00   1.0000000e+00   1.9432312e+01   2.0960329e+02   7.6368204e+01  -2.3460570e+02   1.9755101e+01
   9.5198998e+00   1.0000000e+00   2.8510901e+01   2.1405717e+02   6.8152717e+01  -2.2826776e+02   1.0410302e+01
   1.4017619e+01   1.0000000e+00   3.2614231e+01   2.1790327e+02   6.2371508e+01  -2.2345458e+02  -1.3739853e-01
   1.5098450e+01   1.0000000e+00   3.4725202e+01   2.2206632e+02   5.8197992e+01  -2.1953662e+02  -9.3830447e+00
   1.5978285e+01   1.0000000e+00   3.5949000e+01   2.2536563e+02   5.4598787e+01  -2.1639362e+02  -1.8072784e+01
   1.4018978e+01   1.0000000e+00   3.7847684e+01   2.2910346e+02   5.1135940e+01  -2.1263498e+02  -2.5337889e+01
   1.0961269e+01   1.0000000e+00   4.1727547e+01   2.3179581e+02   4.8286130e+01  -2.0962697e+02  -2.9549921e+01
   9.0147363e+00   1.0000000e+00   4.5287803e+01   2.2818878e+02   4.4912548e+01  -2.1071196e+02  -2.6529643e+01
   6.8311460e+00   1.0000000e+00   4.8283359e+01   2.2220409e+02   3.9485371e+01  -2.1135235e+02  -1.9095485e+01
   5.1555461e+00   1.0000000e+00   5.0363339e+01   2.1611102e+02   3.3632872e+01  -2.1215399e+02  -1.0796319e+01
   4.9644542e+00   1.0000000e+00   5.2424379e+01   2.0876524e+02   2.7356005e+01  -2.1104389e+02  -1.7228361e+00
   5.3788672e+00   1.0000000e+00   5.4384378e+01   2.0187493e+02   2.0939557e+01  -2.1100796e+02   8.2078184e+00
   5.0303896e+00   1.0000000e+00   5.6565650e+01   1.9673743e+02   1.7122050e+01  -2.1000167e+02   1.5222160e+01
   4.4725362e+00   1.0000000e+00   5.7735368e+01   1.9302411e+02   1.4454862e+01  -2.1014423e+02   1.9816015e+01
   4.8480248e+00   1.0000000e+00   5.8818544e+01   1.8998459e+02   1.2014245e+01  -2.0994571e+02   2.4144087e+01
   2.9240315e+00   1.0000000e+00   6.0008748e+01   1.8880434e+02   1.1395480e+01  -2.1157412e+02   2.9326833e+01
   6.0700392e-01   1.0000000e+00   5.9505583e+01   1.8837386e+02   1.2628170e+01  -2.1296015e+02   3.3297929e+01
  -2.1558272e+00   1.0000000e+00   5.6533582e+01   1.8855868e+02   1.6447636e+01  -2.1448742e+02   3.6969623e+01
  -6.2542090e+00   1.0000000e+00   4.9736240e+01   1.8827795e+02   2.2842468e+01  -2.1572099e+02   4.0842816e+01
  -1.1093473e+01   1.0000000e+00   3.7826031e+01   1.8812743e+02   2.8642656e+01  -2.1668796e+02   4.4796905e+01
  -1.7203806e+01   1.0000000e+00   2.5712742e+01   1.8693377e+02   3.7219569e+01  -2.1855272e+02   4.8328713e+01
  -2.3193828e+01   1.0000000e+00   1.3122741e+01   1.8420348e+02   4.6821811e+01  -2.2199976e+02   5.1290625e+01
  -2.9418390e+01   1.0000000e+00   2.4496524e-01   1.7984457e+02   5.7394010e+01  -2.2716034e+02   5.3036783e+01
  -3.2736471e+01   1.0000000e+00  -9.1863272e+00   1.7547364e+02   6.8360139e+01  -2.3234910e+02   5.3623269e+01
  -3.4560035e+01   1.0000000e+00  -4.9141520e+00   1.7816829e+02   7.7756682e+01  -2.3475453e+02   5.3788524e+01
  -3.7627918e+01   1.0000000e+00  -1.2140673e+01   1.8178469e+02   8.4255733e+01  -2.4107632e+02   5.5701628e+01
  -3.8307863e+01   1.0000000e+00  -1.6910256e+01   1.8732011e+02   8.7825507e+01  -2.4718889e+02   5.7828489e+01
  -3.7693554e+01   1.0000000e+00  -1.4440160e+01   1.9350184e+02   8.8653526e+01  -2.5322378e+02   6.0877228e+01
  -3.7432023e+01   1.0000000e+00  -1.4355408e+01   1.9921948e+02   8.8271828e+01  -2.5962930e+02   6.3918195e+01
  -3.7258897e+01   1.0000000e+00  -1.5489157e+01   2.0428842e+02   8.5361588e+01  -2.6590624e+02   6.6259711e+01
  -3.7412989e+01   1.0000000e+00  -1.3231631e+01   2.0658105e+02   8.2258507e+01  -2.6978317e+02   6.8475415e+01
  -3.7126674e+01   1.0000000e+00  -1.0998807e+01   2.0789125e+02   7.8749084e+01  -2.7029318e+02   6.9109567e+01
  -3.7063847e+01   1.0000000e+00  -1.2790294e+01   2.1017707e+02   7.8900820e+01  -2.7291686e+02   6.9488087e+01
  -3.6412537e+01   1.0000000e+00  -8.2713777e+00   2.0818150e+02   7.8405804e+01  -2.6900904e+02   7.0064207e+01
  -3.5836965e+01   1.0000000e+00  -9.8598407e+00   2.0502626e+02   7.9815262e+01  -2.6705549e+02   6.9498649e+01
  -3.2281364e+01   1.0000000e+00  -1.3159548e+01   2.0618185e+02   8.1249572e+01  -2.6925662e+02   6.7801794e+01
  -2.8719051e+01   1.0000000e+00  -1.5366026e+01   2.0857425e+02   8.4992044e+01  -2.7104070e+02   6.6327357e+01
  -2.6123845e+01   1.0000000e+00  -1.9797264e+01   2.0498583e+02   9.0266396e+01  -2.6795002e+02   6.0719686e+01
  -2.2439105e+01   1.0000000e+00  -1.8891095e+01   2.0327126e+02   9.0814404e+01  -2.6382341e+02   5.0067698e+01
  -1.7904937e+01   1.0000000e+00  -1.5986204e+01   2.0011788e+02   9.6968098e+01  -2.6210144e+02   3.9122275e+01
  -1.2212839e+01   1.0000000e+00  -5.2656032e+00   2.0276253e+02   9.2102825e+01  -2.5625298e+02   3.3984900e+01
  -4.6115017e+00   1.0000000e+00   5.8969832e+00   2.0696956e+02   8.4381259e+01  -2.4860697e+02   2.7700623e+01
   2.1711042e+00   1.0000000e+00   1.6595149e+01   2.1427781e+02   7.6412335e+01  -2.4073901e+02   1.8477127e+01
   8.1946358e+00   1.0000000e+00   2.4735864e+01   2.1970678e+02   6.9362730e+01  -2.3511708e+02   9.2376914e+00
   1.2651391e+01   1.0000000e+00   3.0417074e+01   2.2489790e+02   6.3029602e+01  -2.3014155e+02  -2.4022278e-01
   1.5359578e+01   1.0000000e+00   3.2431482e+01   2.3005436e+02   5.7929833e+01  -2.2600047e+02  -9.5761165e+00
   1.3847034e+01   1.0000000e+00   3.4189552e+01   2.3519594e+02   5.3209883e+01  -2.2181751e+02  -1.8458121e+01
   9.4256913e+00   1.0000000e+00   3.8015586e+01   2.3872114e+02   4.8174652e+01  -2.1802295e+02  -2.4565580e+01
   7.6451563e+00   1.0000000e+00   4.2884498e+01   2.3637244e+02   4.4507140e+01  -2.1802593e+02  -2.3269959e+01
   5.7450916e+00   1.0000000e+00   4.5877985e+01   2.3121657e+02   3.9742127e+01  -2.1917441e+02  -1.8089169e+01
   4.7682290e+00   1.0000000e+00   4.8221845e+01   2.2463285e+02   3.4299063e+01  -2.2008861e+02  -9.3175647e+00
   3.9657570e+00   1.0000000e+00   5.0740331e+01   2.1677002e+02   2.8664065e+01  -2.1901575e+02  -5.1997766e-01
   4.0794921e+00   1.0000000e+00   5.2885454e+01   2.0891216e+02   2.3072868e+01  -2.1764081e+02   8.3807491e+00
   3.3149303e+00   1.0000000e+00   5.4649745e+01   2.0224563e+02   1.9848632e+01  -2.1575543e+02   1.6107000e+01
   1.7502766e+00   1.0000000e+00   5.5220333e+01   1.9749858e+02   1.8957782e+01  -2.1407414e+02   2.2677262e+01
  -2.0088214e-01   1.0000000e+00   5.4665494e+01   1.9453312e+02   2.0164926e+01  -2.1404660e+02   2.7636227e+01
  -4.3023581e+00   1.0000000e+00   5.1675201e+01   1.9290681e+02   2.4486936e+01  -2.1422878e+02   3.2000233e+01
  -8.7913414e+00   1.0000000e+00   4.5281151e+01   1.9069744e+02   3.0700592e+01  -2.1556968e+02   3.6314541e+01
  -1.3571974e+01   1.0000000e+00   3.4843945e+01   1.8953900e+02   3.7998538e+01  -2.1651597e+02   4.1152369e+01
  -1.9043708e+01   1.0000000e+00   2.4299054e+01   1.8743027e+02   4.6817734e+01  -2.1885850e+02   4.4751962e+01
  -2.5496852e+01   1.0000000e+00   1.1627913e+01   1.8483248e+02   5.5580283e+01  -2.2223433e+02   4.7879477e+01
  -3.1573449e+01   1.0000000e+00  -1.8910577e+00   1.8126996e+02   6.4470845e+01  -2.2741681e+02   4.9992709e+01
  -3.4418865e+01   1.0000000e+00  -6.7936165e+00   1.7861159e+02   7.4091013e+01  -2.3215592e+02   5.2190708e+01
  -3.6805923e+01   1.0000000e+00  -1.0568193e+01   1.7980853e+02   8.0938812e+01  -2.3719382e+02   5.4232692e+01
  -3.8545083e+01   1.0000000e+00  -1.2774495e+01   1.8532118e+02   8.2976246e+01  -2.4297025e+02   5.5441202e+01
  -3.7994725e+01   1.0000000e+00  -1.4755480e+01   1.9108047e+02   8.3563883e+01  -2.4854935e+02   5.8494900e+01
  -3.7989716e+01   1.0000000e+00  -1.6191429e+01   1.9124225e+02   8.3188009e+01  -2.5318385e+02   6.1869211e+01
  -3.8069393e+01   1.0000000e+00  -9.5796690e+00   1.9860406e+02   7.9372343e+01  -2.5710377e+02   6.3806850e+01
  -3.7878935e+01   1.0000000e+00  -1.0534932e+01   2.0443093e+02   7.8612686e+01  -2.6284252e+02   6.6854137e+01
  -3.7498664e+01   1.0000000e+00  -1.0032337e+01   2.0510567e+02   7.6380756e+01  -2.6564564e+02   6.9206128e+01
  -3.7615745e+01   1.0000000e+00  -6.6943516e+00   2.0702050e+02   7.1330307e+01  -2.6720210e+02   6.9967790e+01
  -3.6549117e+01   1.0000000e+00  -9.7334823e+00   2.0323385e+02   7.3846548e+01  -2.6673545e+02   7.0644015e+01
  -3.5098210e+01   1.0000000e+00  -9.9115916e+00   2.0531703e+02   7.5957042e+01  -2.6834365e+02   7.0514364e+01
  -3.2619088e+01   1.0000000e+00  -6.1328625e+00   2.0014455e+02   7.4603590e+01  -2.6192394e+02   7.0304068e+01
  -2.9258093e+01   1.0000000e+00  -8.9258071e+00   1.9782246e+02   7.8351663e+01  -2.5876621e+02   6.3941735e+01
  -2.5336203e+01   1.0000000e+00  -1.2324298e+01   1.9481426e+02   8.2346009e+01  -2.5644821e+02   5.2916997e+01
  -1.9841585e+01   1.0000000e+00  -1.1000987e+01   1.9196173e+02   9.2123095e+01  -2.5504510e+02   4.3261361e+01
  -1.7220528e+01   1.0000000e+00  -1.5260991e+01   1.9035964e+02   9.9076622e+01  -2.5586568e+02   3.6916175e+01
  -1.0301041e+01   1.0000000e+00  -5.2757885e+00   1.9407086e+02   9.2974645e+01  -2.5007980e+02   3.0971761e+01
  -2.7843485e+00   1.0000000e+00   6.0385421e+00   1.9882613e+02   8.6040555e+01  -2.4271027e+02   2.7943155e+01
   5.1391869e+00   1.0000000e+00   1.7731416e+01   2.0766052e+02   7.6792531e+01  -2.3290189e+02   1.9849487e+01
   1.0703227e+01   1.0000000e+00   2.6241448e+01   2.1316474e+02   6.8839976e+01  -2.2647666e+02   1.0028453e+01
   1.5191369e+01   1.0000000e+00   2.9689107e+01   2.1731087e+02   6.3968657e+01  -2.2231126e+02  -4.4087506e-01
   1.7825895e+01   1.0000000e+00   3.0760239e+01   2.2207633e+02   6.0312475e+01  -2.1879218e+02  -9.8656667e+00
   1.8990994e+01   1.0000000e+00   3.1143205e+01   2.2704861e+02   5.6639338e+01  -2.1494283e+02  -1.8788139e+01
   1.5541873e+01   1.0000000e+00   3.3247118e+01   2.3147113e+02   5.3278942e+01  -2.1093471e+02  -2.6294917e+01
   1.2670770e+01   1.0000000e+00   3.7334890e+01   2.3298800e+02   4.9107223e+01  -2.0817868e+02  -2.9487941e+01
   1.0085392e+01   1.0000000e+00   4.1480069e+01   2.3001582e+02   4.6033948e+01  -2.0962152e+02  -2.7328505e+01
   8.7745853e+00   1.0000000e+00   4.4117886e+01   2.2489460e+02   4.1305502e+01  -2.1072295e+02  -2.0869732e+01
   7.1163111e+00   1.0000000e+00   4.6151489e+01   2.1891950e+02   3.5627534e+01  -2.1174479e+02  -1.3188832e+01
   6.1098648e+00   1.0000000e+00   4.9549224e+01   2.1164866e+02   3.0061627e+01  -2.1113810e+02  -4.1041017e+00
   5.0082457e+00   1.0000000e+00   5.2194014e+01   2.0350319e+02   2.4700467e+01  -2.1008202e+02   5.0929961e+00
   4.8957922e+00   1.0000000e+00   5.4086103e+01   1.9616319e+02   1.9911635e+01  -2.0897160e+02   1.3259379e+01
   2.7921781e+00   1.0000000e+00   5.5200594e+01   1.9213635e+02   1.8441983e+01  -2.0842889e+02   1.7330316e+01
   8.4831472e-01   1.0000000e+00   5.5111474e+01   1.8989778e+02   1.8267648e+01  -2.0813441e+02   2.2470014e+01
  -3.9728067e+00   1.0000000e+00   5.2735455e+01   1.8890222e+02   2.3332984e+01  -2.0877616e+02   2.7482097e+01
  -8.1003416e+00   1.0000000e+00   4.6398942e+01   1.8716735e+02   2.9621747e+01  -2.0949853e+02   3.2085626e+01
  -1.3088794e+01   1.0000000e+00   3.5825817e+01   1.8596347e+02   3.7237418e+01  -2.1120174e+02   3.6927048e+01
  -1.8808589e+01   1.0000000e+00   2.4194346e+01   1.8422455e+02   4.6042215e+01  -2.1428932e+02   4.1530199e+01
  -2.5277829e+01   1.0000000e+00   1.1216892e+01   1.8198660e+02   5.4544707e+01  -2.1781214e+02   4.5100185e+01
  -2.9948156e+01   1.0000000e+00  -1.6837416e+00   1.7679501e+02   6.4622378e+01  -2.2298226e+02   4.8966549e+01
  -3.4074633e+01   1.0000000e+00  -9.9527638e+00   1.7209978e+02   7.4738589e+01  -2.2782192e+02   5.0021867e+01
  -3.5896620e+01   1.0000000e+00  -1.4313545e+01   1.7377243e+02   8.2164088e+01  -2.3334955e+02   5.1991474e+01
  -3.7198669e+01   1.0000000e+00  -1.5712333e+01   1.7916233e+02   8.5451484e+01  -2.3872637e+02   5.4082575e+01
  -3.7417616e+01   1.0000000e+00  -1.6533480e+01   1.8534378e+02   8.6150354e+01  -2.4452396e+02   5.6375460e+01
  -3.6903987e+01   1.0000000e+00  -1.4237241e+01   1.8974068e+02   8.7351699e+01  -2.5147803e+02   6.1035679e+01
  -3.6869301e+01   1.0000000e+00  -1.6007221e+01   1.9201105e+02   8.7439305e+01  -2.5603826e+02   6.3890585e+01
  -3.6794231e+01   1.0000000e+00  -1.0947841e+01   1.9290092e+02   8.4616744e+01  -2.5585212e+02   6.5308236e+01
  -3.4627997e+01   1.0000000e+00  -7.7503928e+00   1.9236142e+02   8.0185960e+01  -2.5376847e+02   6.6695910e+01
  -3.2039752e+01   1.0000000e+00  -1.0074170e+01   1.9809708e+02   7.8791776e+01  -2.5883641e+02   6.6772114e+01
  -2.9738257e+01   1.0000000e+00  -1.1903234e+01   2.0138536e+02   8.0314077e+01  -2.6226045e+02   6.5840300e+01
  -2.6837417e+01   1.0000000e+00  -1.5508848e+01   1.9828603e+02   8.4441479e+01  -2.5926068e+02   6.0237325e+01
  -2.3554723e+01   1.0000000e+00  -1.6047924e+01   1.9721174e+02   8.6658376e+01  -2.5683955e+02   5.3692345e+01
  -1.8512718e+01   1.0000000e+00  -7.0560387e+00   1.9908148e+02   9.1922050e+01  -2.5608698e+02   4.3640887e+01
  -1.2493389e+01   1.0000000e+00  -1.6563223e-02   1.9962444e+02   8.8176464e+01  -2.5185559e+02   3.7888394e+01
  -4.8018909e+00   1.0000000e+00   1.1041948e+01   2.0338896e+02   8.1736125e+01  -2.4424572e+02   3.2022119e+01
   3.7541432e+00   1.0000000e+00   2.2553923e+01   2.0989083e+02   7.3152033e+01  -2.3549852e+02   2.3753601e+01
   9.6636279e+00   1.0000000e+00   3.0597253e+01   2.1444280e+02   6.4981913e+01  -2.2903569e+02   1.3725995e+01
   1.4489494e+01   1.0000000e+00   3.4079540e+01   2.1807539e+02   5.9396817e+01  -2.2437442e+02   3.7885261e+00
   1.8003414e+01   1.0000000e+00   3.5331344e+01   2.2247717e+02   5.6987617e+01  -2.2144442e+02  -5.7925786e+00
   1.9984345e+01   1.0000000e+00   3.5104085e+01   2.2644220e+02   5.5199292e+01  -2.1950154e+02  -1.4037149e+01
   1.8640359e+01   1.0000000e+00   3.5530941e+01   2.3107867e+02   5.2778613e+01  -2.1655974e+02  -2.0714686e+01
   1.3772125e+01   1.0000000e+00   3.9060639e+01   2.3522323e+02   4.8328819e+01  -2.1278894e+02  -2.4143679e+01
   1.1864129e+01   1.0000000e+00   4.2204597e+01   2.3452335e+02   4.5208192e+01  -2.1393938e+02  -2.3235110e+01
   9.5787000e+00   1.0000000e+00   4.5816269e+01   2.3085687e+02   4.1276541e+01  -2.1593438e+02  -1.7462863e+01
   8.0659084e+00   1.0000000e+00   4.8581217e+01   2.2496399e+02   3.6053012e+01  -2.1797820e+02  -9.7954623e+00
   6.7636248e+00   1.0000000e+00   5.1189708e+01   2.1770898e+02   3.0133038e+01  -2.1825571e+02  -7.9060609e-01
   5.9090678e+00   1.0000000e+00   5.4730866e+01   2.0995957e+02   2.5187392e+01  -2.1735350e+02   8.3069687e+00
   5.9717767e+00   1.0000000e+00   5.6501233e+01   2.0236615e+02   2.0285063e+01  -2.1587715e+02   1.7293875e+01
   5.8647889e+00   1.0000000e+00   5.9283484e+01   1.9718783e+02   1.6729249e+01  -2.1424212e+02   2.3133525e+01
   4.6222415e+00   1.0000000e+00   6.1401439e+01   1.9344718e+02   1.4439438e+01  -2.1346367e+02   2.9101293e+01
   1.2893195e+00   1.0000000e+00   6.0931431e+01   1.9124896e+02   1.5444252e+01  -2.1426734e+02   3.3598128e+01
  -2.5178986e+00   1.0000000e+00   5.7526025e+01   1.8994584e+02   1.9785168e+01  -2.1579583e+02   3.8678948e+01
  -7.2808654e+00   1.0000000e+00   4.9356968e+01   1.8834426e+02   2.6133960e+01  -2.1661795e+02   4.2949610e+01
  -1.0953854e+01   1.0000000e+00   3.8919504e+01   1.8710438e+02   3.3306863e+01  -2.1788931e+02   4.7386918e+01
  -1.6673845e+01   1.0000000e+00   2.7645652e+01   1.8532667e+02   4.1881435e+01  -2.2037790e+02   5.0974381e+01
  -2.3010893e+01   1.0000000e+00   1.5359556e+01   1.8359639e+02   5.0986334e+01  -2.2353126e+02   5.3796659e+01
  -2.9517354e+01   1.0000000e+00   2.3293295e+00   1.8109586e+02   6.0612843e+01  -2.2791968e+02   5.5474077e+01
  -3.4163823e+01   1.0000000e+00  -8.1225651e+00   1.7759331e+02   7.1162628e+01  -2.3415070e+02   5.6065889e+01
  -3.6632459e+01   1.0000000e+00  -1.4390150e+01   1.7816771e+02   8.0312047e+01  -2.3982095e+02   5.8714791e+01
  -3.7032405e+01   1.0000000e+00  -1.0338321e+01   1.8521469e+02   8.4033734e+01  -2.4482663e+02   6.0593225e+01
  -3.7228237e+01   1.0000000e+00  -8.8353231e+00   1.9185139e+02   8.4490218e+01  -2.5059067e+02   6.4463274e+01
  -3.6831546e+01   1.0000000e+00  -1.1336001e+01   1.9778206e+02   8.3029506e+01  -2.5690034e+02   6.7907629e+01
  -3.6998224e+01   1.0000000e+00  -1.2535568e+01   2.0284297e+02   8.4333234e+01  -2.6327947e+02   6.9714191e+01
  -3.7401313e+01   1.0000000e+00  -1.3853025e+01   2.0821471e+02   8.4419549e+01  -2.6932917e+02   7.0012379e+01
  -3.6264493e+01   1.0000000e+00  -6.9878401e+00   2.0438880e+02   8.3642360e+01  -2.6517161e+02   7.0600873e+01
  -3.5722839e+01   1.0000000e+00  -5.6894929e+00   2.0140142e+02   7.7526319e+01  -2.6107958e+02   6.9974441e+01
  -3.2175460e+01   1.0000000e+00  -9.3803476e+00   1.9739953e+02   7.1762593e+01  -2.5839553e+02   6.7716070e+01
  -2.7517396e+01   1.0000000e+00  -1.8109787e+01   1.9166640e+02   8.1475877e+01  -2.5632862e+02   5.8269581e+01
  -2.0010992e+01   1.0000000e+00  -9.1590971e+00   1.9577759e+02   8.4338146e+01  -2.5547724e+02   4.6404864e+01
  -1.6376527e+01   1.0000000e+00  -9.0944405e+00   1.9747217e+02   9.1339958e+01  -2.5583727e+02   3.5016114e+01
  -1.1948952e+01   1.0000000e+00  -2.2168026e+00   1.9831619e+02   8.9335766e+01  -2.5172206e+02   2.8969256e+01
  -3.4242513e+00   1.0000000e+00   8.3735760e+00   2.0049463e+02   8.2050998e+01  -2.4459406e+02   2.3737829e+01
   1.7244168e+00   1.0000000e+00   1.8734153e+01   2.0560389e+02   7.5241009e+01  -2.3797126e+02   1.5009365e+01
   6.5973645e+00   1.0000000e+00   2.5903668e+01   2.0975932e+02   6.9685866e+01  -2.3361762e+02   6.7322914e+00
   1.0335969e+01   1.0000000e+00   2.9649344e+01   2.1357393e+02   6.6399658e+01  -2.3061301e+02  -1.2776619e+00
   1.4147865e+01   1.0000000e+00   3.1627015e+01   2.1853292e+02   6.3675150e+01  -2.2711958e+02  -1.0009040e+01
   1.6458686e+01   1.0000000e+00   3.2519172e+01   2.2456571e+02   6.1608264e+01  -2.2401294e+02  -1.8398704e+01
   1.5840822e+01   1.0000000e+00   3.3861173e+01   2.3078808e+02   5.8993398e+01  -2.2005327e+02  -2.5604220e+01
   1.2884518e+01   1.0000000e+00   3.5437377e+01   2.3641389e+02   5.5968569e+01  -2.1602219e+02  -3.2515539e+01
   9.6666928e+00   1.0000000e+00   3.8689600e+01   2.3873386e+02   5.2188540e+01  -2.1465971e+02  -3.5767445e+01
   6.9150561e+00   1.0000000e+00   4.2381634e+01   2.3591028e+02   4.9103422e+01  -2.1684572e+02  -3.1315207e+01
   4.4055246e+00   1.0000000e+00   4.4282716e+01   2.3067177e+02   4.4199064e+01  -2.1846654e+02  -2.3980961e+01
   2.8045563e+00   1.0000000e+00   4.6164827e+01   2.2469119e+02   3.8374407e+01  -2.1887897e+02  -1.6685645e+01
   2.9259629e+00   1.0000000e+00   4.8406283e+01   2.1777009e+02   3.2468967e+01  -2.1693950e+02  -9.2907685e+00
   2.5446335e+00   1.0000000e+00   5.0163727e+01   2.0988408e+02   2.6886035e+01  -2.1427050e+02  -1.0999130e+00
   2.1613569e+00   1.0000000e+00   5.2457802e+01   2.0236712e+02   2.3581469e+01  -2.1073090e+02   4.2491131e+00
   1.9579992e+00   1.0000000e+00   5.4496616e+01   1.9619433e+02   2.1780188e+01  -2.0780686e+02   8.7894733e+00
   2.7072673e+00   1.0000000e+00   5.5350622e+01   1.9249781e+02   2.0515310e+01  -2.0690628e+02   1.3551570e+01
   2.8361935e+00   1.0000000e+00   5.6228866e+01   1.8926568e+02   1.8971070e+01  -2.0622474e+02   1.9004354e+01
   3.6186111e+00   1.0000000e+00   5.7292215e+01   1.8827990e+02   1.6374408e+01  -2.0668320e+02   2.1804056e+01
   2.2290129e+00   1.0000000e+00   5.9110324e+01   1.8701476e+02   1.6379002e+01  -2.0764003e+02   2.7489526e+01
   8.9050281e-01   1.0000000e+00   6.0042880e+01   1.8614281e+02   1.5994424e+01  -2.0816830e+02   3.2541313e+01
  -3.0787949e+00   1.0000000e+00   5.6228938e+01   1.8552745e+02   2.1006796e+01  -2.0958421e+02   3.6652138e+01
  -6.4958770e+00   1.0000000e+00   4.9087047e+01   1.8478611e+02   2.7713901e+01  -2.1169033e+02   4.1183693e+01
  -1.1238305e+01   1.0000000e+00   3.8629658e+01   1.8434407e+02   3.5350063e+01  -2.1377043e+02   4.5497554e+01
  -1.6519742e+01   1.0000000e+00   2.6291412e+01   1.8337123e+02   4.2937437e+01  -2.1621047e+02   4.8610093e+01
  -2.1717648e+01   1.0000000e+00   1.3936610e+01   1.8172044e+02   5.2279644e+01  -2.2057241e+02   5.1705094e+01
  -2.8216462e+01   1.0000000e+00   8.6985527e-01   1.7958782e+02   6.1988175e+01  -2.2555904e+02   5.4539592e+01
  -3.3312347e+01   1.0000000e+00  -1.2828453e+01   1.7585428e+02   7.1667649e+01  -2.3188296e+02   5.5548338e+01
  -3.5249156e+01   1.0000000e+00  -1.1636099e+01   1.7676557e+02   8.1781951e+01  -2.3827567e+02   5.5815040e+01
  -3.7055456e+01   1.0000000e+00  -1.3053223e+01   1.8286847e+02   8.8362410e+01  -2.4329615e+02   5.8337779e+01
  -3.7383841e+01   1.0000000e+00  -1.0495602e+01   1.8992631e+02   8.9168274e+01  -2.4786978e+02   6.0999875e+01
  -3.7242935e+01   1.0000000e+00  -1.1173973e+01   1.9488822e+02   8.9085438e+01  -2.5441571e+02   6.2805168e+01
  -3.5799468e+01   1.0000000e+00  -7.0673503e+00   1.9983732e+02   8.4462702e+01  -2.5862958e+02   6.5539737e+01
  -3.4042782e+01   1.0000000e+00  -7.6334081e+00   2.0048211e+02   8.1076104e+01  -2.5988402e+02   6.8460936e+01
  -3.2563201e+01   1.0000000e+00  -1.0580666e+01   2.0240741e+02   7.9979497e+01  -2.6246537e+02   6.9500629e+01
  -3.0008050e+01   1.0000000e+00  -1.2337195e+01   2.0410410e+02   8.2000988e+01  -2.6334170e+02   6.9085137e+01
  -2.6271137e+01   1.0000000e+00  -1.3934863e+01   2.0452689e+02   8.0407219e+01  -2.6200950e+02   6.6314995e+01
  -2.1595835e+01   1.0000000e+00  -2.1503159e+01   2.0187212e+02   9.0149780e+01  -2.6330786e+02   5.4838713e+01
  -1.8931839e+01   1.0000000e+00  -2.6425660e+01   1.9850789e+02   1.0111225e+02  -2.6535031e+02   4.4884886e+01
  -1.3588545e+01   1.0000000e+00  -1.6306529e+01   1.9998981e+02   9.9444569e+01  -2.5984474e+02   3.7311249e+01
  -7.9985524e+00   1.0000000e+00  -5.7508235e+00   2.0193661e+02   9.2845051e+01  -2.5413826e+02   3.1263679e+01
  -1.0049826e+00   1.0000000e+00   5.6567806e+00   2.0576213e+02   8.4549233e+01  -2.4633176e+02   2.6795902e+01
   4.7983758e+00   1.0000000e+00   1.5953316e+01   2.1267147e+02   7.6510228e+01  -2.3851145e+02   1.7997423e+01
   1.0391175e+01   1.0000000e+00   2.3209791e+01   2.1734197e+02   7.0318703e+01  -2.3356477e+02   8.4395833e+00
   1.5475305e+01   1.0000000e+00   2.7844756e+01   2.2327477e+02   6.5118430e+01  -2.2835978e+02  -7.4411187e-01
   1.8227495e+01   1.0000000e+00   2.9831767e+01   2.2919432e+02   6.1353215e+01  -2.2403198e+02  -9.6203435e+00
   1.8326621e+01   1.0000000e+00   3.1175147e+01   2.3550645e+02   5.6995125e+01  -2.1919471e+02  -1.7484905e+01
   1.4956802e+01   1.0000000e+00   3.4331201e+01   2.4028957e+02   5.1772932e+01  -2.1514056e+02  -2.1233498e+01
   1.2773725e+01   1.0000000e+00   3.7965401e+01   2.4039188e+02   4.8978353e+01  -2.1627827e+02  -2.1299264e+01
   1.1096597e+01   1.0000000e+00   4.0720884e+01   2.3899093e+02   4.5330757e+01  -2.1884036e+02  -1.8187242e+01
   9.9609604e+00   1.0000000e+00   4.3741579e+01   2.3524865e+02   4.1157136e+01  -2.2102409e+02  -1.2360411e+01
   8.6670154e+00   1.0000000e+00   4.6667642e+01   2.3138923e+02   3.6990127e+01  -2.2323107e+02  -6.5800951e+00
   7.7321480e+00   1.0000000e+00   5.0342972e+01   2.2578899e+02   3.2126687e+01  -2.2344423e+02  -9.8207347e-01
   7.7412205e+00   1.0000000e+00   5.2900978e+01   2.1922043e+02   2.7842968e+01  -2.2124478e+02   4.1681586e+00
   7.0858775e+00   1.0000000e+00   5.4911732e+01   2.1309491e+02   2.4014336e+01  -2.1842762e+02   6.1273791e+00
   8.0085458e+00   1.0000000e+00   5.6180815e+01   2.0553569e+02   2.0161666e+01  -2.1440053e+02   1.0843273e+01
   7.3990698e+00   1.0000000e+00   5.8162346e+01   1.9868792e+02   1.8683465e+01  -2.0958907e+02   1.3027669e+01
   6.3485317e+00   1.0000000e+00   5.8088260e+01   1.9264964e+02   1.8230907e+01  -2.0481733e+02   1.3156930e+01
   5.6480230e+00   1.0000000e+00   5.9079240e+01   1.8691537e+02   1.8106249e+01  -2.0013760e+02   1.7023497e+01
   6.1116373e+00   1.0000000e+00   5.9501713e+01   1.8425286e+02   1.5738759e+01  -1.9939847e+02   2.0350509e+01
   5.4502901e+00   1.0000000e+00   6.0729118e+01   1.8193345e+02   1.3806816e+01  -1.9812595e+02   2.1917266e+01
   5.4266909e+00   1.0000000e+00   6.2449361e+01   1.8150444e+02   1.0796662e+01  -1.9879942e+02   2.3567941e+01
   4.8897958e+00   1.0000000e+00   6.4282249e+01   1.8116316e+02   1.0217668e+01  -2.0030035e+02   2.7263261e+01
   3.5813907e+00   1.0000000e+00   6.3990247e+01   1.8093246e+02   1.0765957e+01  -2.0216673e+02   2.9831210e+01
   3.7707011e+00   1.0000000e+00   6.3582159e+01   1.8128795e+02   1.0452090e+01  -2.0433103e+02   3.3686837e+01
   1.2976800e+00   1.0000000e+00   6.2372449e+01   1.8150212e+02   1.2849758e+01  -2.0666723e+02   3.7292692e+01
  -2.3168273e+00   1.0000000e+00   5.9189785e+01   1.8111613e+02   1.8239198e+01  -2.0939545e+02   4.0228572e+01
  -5.3584375e+00   1.0000000e+00   5.3429750e+01   1.8144412e+02   2.3566278e+01  -2.1246672e+02   4.3925037e+01
  -9.7902574e+00   1.0000000e+00   4.4965610e+01   1.8228533e+02   3.0915609e+01  -2.1512821e+02   4.8247497e+01
  -1.4994696e+01   1.0000000e+00   3.4118178e+01   1.8301820e+02   3.8965746e+01  -2.1819055e+02   5.3113705e+01
  -2.2417119e+01   1.0000000e+00   2.1716572e+01   1.8301724e+02   4.6953643e+01  -2.2197829e+02   5.6361727e+01
  -2.9469829e+01   1.0000000e+00   8.6997981e+00   1.8104068e+02   5.5882400e+01  -2.2715263e+02   5.8112300e+01
  -3.4256054e+01   1.0000000e+00  -4.2189938e+00   1.7794445e+02   6.6206689e+01  -2.3364023e+02   5.9050760e+01
  -3.6573949e+01   1.0000000e+00  -1.5622517e+01   1.7677833e+02   7.6584008e+01  -2.3910250e+02   6.0473871e+01
  -3.7941043e+01   1.0000000e+00  -1.6128515e+01   1.8284962e+02   8.4204192e+01  -2.4500814e+02   6.2157216e+01
  -3.6347475e+01   1.0000000e+00  -1.1387809e+01   1.8930215e+02   8.5796614e+01  -2.4971279e+02   6.4414727e+01
  -3.3816698e+01   1.0000000e+00  -1.4251750e+01   1.9288705e+02   8.8088962e+01  -2.5429729e+02   6.5902625e+01
  -3.0996285e+01   1.0000000e+00  -1.8375392e+01   1.9696831e+02   9.0093205e+01  -2.5829815e+02   6.6229746e+01
  -2.9604468e+01   1.0000000e+00  -1.7420528e+01   2.0093769e+02   9.3167337e+01  -2.6031459e+02   6.7492199e+01
  -2.5623078e+01   1.0000000e+00  -2.0621881e+01   1.9832278e+02   9.7235529e+01  -2.5818578e+02   6.0906786e+01
  -2.3657337e+01   1.0000000e+00  -2.2469649e+01   1.9616573e+02   9.9749570e+01  -2.5644467e+02   5.0388627e+01
  -1.8433104e+01   1.0000000e+00  -1.1458383e+01   1.9522794e+02   9.5227548e+01  -2.5132071e+02   3.9518120e+01
  -1.2277357e+01   1.0000000e+00  -1.4708744e+00   1.9579001e+02   8.9889238e+01  -2.4750306e+02   3.2284225e+01
  -5.5488147e+00   1.0000000e+00   7.6601924e+00   1.9794453e+02   8.2880526e+01  -2.4207670e+02   2.3615994e+01
   4.2398721e-01   1.0000000e+00   1.8406041e+01   2.0116629e+02   7.5422774e+01  -2.3562869e+02   1.6780926e+01
   4.5367657e+00   1.0000000e+00   2.3709385e+01   2.0598685e+02   7.0181545e+01  -2.3087800e+02   7.7327861e+00
   9.8423280e+00   1.0000000e+00   2.8109887e+01   2.1096562e+02   6.5036229e+01  -2.2606117e+02  -8.8537844e-01
   1.2900961e+01   1.0000000e+00   3.0700097e+01   2.1710599e+02   6.0570844e+01  -2.2089833e+02  -9.9846811e+00
   1.3096543e+01   1.0000000e+00   3.2473479e+01   2.2468778e+02   5.4854418e+01  -2.1405450e+02  -1.9043229e+01
   1.0177622e+01   1.0000000e+00   3.5252402e+01   2.2977041e+02   4.9524550e+01  -2.0835106e+02  -2.6083652e+01
   7.6827228e+00   1.0000000e+00   3.9176873e+01   2.2866467e+02   4.7220548e+01  -2.0876674e+02  -2.9938037e+01
   5.2206820e+00   1.0000000e+00   4.2958790e+01   2.2505226e+02   4.3766199e+01  -2.0961675e+02  -2.8034203e+01
   3.3040587e+00   1.0000000e+00   4.5492472e+01   2.2028589e+02   3.9356889e+01  -2.1026166e+02  -2.4162522e+01
   1.8280717e+00   1.0000000e+00   4.6613049e+01   2.1467934e+02   3.4462771e+01  -2.1092300e+02  -1.7593711e+01
   1.0501191e+00   1.0000000e+00   4.7019204e+01   2.0746532e+02   2.9092023e+01  -2.0984079e+02  -9.0001487e+00
  -9.0797690e-01   1.0000000e+00   4.8632106e+01   1.9971109e+02   2.5630498e+01  -2.0778572e+02  -7.0296495e-01
  -3.3814686e+00   1.0000000e+00   4.8848057e+01   1.9317615e+02   2.3875051e+01  -2.0546284e+02   5.2083312e+00
  -6.8932927e+00   1.0000000e+00   4.8014280e+01   1.8898476e+02   2.6356979e+01  -2.0426872e+02   1.1579852e+01
  -1.0511400e+01   1.0000000e+00   4.3783636e+01   1.8665134e+02   3.0672420e+01  -2.0453796e+02   1.7239768e+01
  -1.2147668e+01   1.0000000e+00   3.6999874e+01   1.8564891e+02   3.6727567e+01  -2.0560177e+02   2.3739295e+01
  -1.6298289e+01   1.0000000e+00   2.9036687e+01   1.8491092e+02   4.4495502e+01  -2.0637714e+02   2.9643890e+01
  -2.0826206e+01   1.0000000e+00   1.9679074e+01   1.8318217e+02   5.2637290e+01  -2.0805746e+02   3.3789494e+01
  -2.4632259e+01   1.0000000e+00   1.3470019e+01   1.8065221e+02   5.9703768e+01  -2.1015471e+02   3.5236538e+01
  -2.8440086e+01   1.0000000e+00   9.1361157e+00   1.7840489e+02   6.4892844e+01  -2.1167753e+02   3.6739424e+01
  -3.1120230e+01   1.0000000e+00   4.6011128e+00   1.7712936e+02   6.9094893e+01  -2.1452287e+02   3.9887844e+01
  -3.3496773e+01   1.0000000e+00  -2.3857098e+00   1.7548768e+02   7.3017914e+01  -2.2001390e+02   4.3852963e+01
  -3.5030812e+01   1.0000000e+00  -5.4911021e+00   1.7645446e+02   7.4268521e+01  -2.2480264e+02   4.5707937e+01
  -3.6612517e+01   1.0000000e+00  -8.0094281e+00   1.7812960e+02   7.4442510e+01  -2.2972494e+02   4.8907144e+01
  -3.8549085e+01   1.0000000e+00  -1.2360684e+01   1.8002958e+02   7.6333817e+01  -2.3574246e+02   5.0621278e+01
  -3.8385751e+01   1.0000000e+00  -1.4086898e+01   1.8620041e+02   7.7833207e+01  -2.4192177e+02   5.3644692e+01
  -3.7748236e+01   1.0000000e+00  -1.2224920e+01   1.9150435e+02   7.7843658e+01  -2.4888104e+02   5.7219716e+01
  -3.6013700e+01   1.0000000e+00  -5.2495621e+00   1.9578106e+02   7.3271263e+01  -2.5467508e+02   6.0619094e+01
  -3.2106738e+01   1.0000000e+00  -5.6350728e+00   1.9831439e+02   7.0317834e+01  -2.5826122e+02   6.2844780e+01
  -2.9700606e+01   1.0000000e+00  -1.0376674e+01   1.9849701e+02   7.2715234e+01  -2.6010648e+02   6.0622545e+01
  -2.5053865e+01   1.0000000e+00  -1.6620248e+01   1.9835965e+02   8.1853174e+01  -2.6185413e+02   5.0048764e+01
  -2.0311911e+01   1.0000000e+00  -1.3308141e+01   1.9782610e+02   9.0562616e+01  -2.6024829e+02   4.1336094e+01
  -1.6831920e+01   1.0000000e+00  -1.1869914e+01   1.9573387e+02   9.2095345e+01  -2.5795243e+02   3.4385041e+01
  -1.1387438e+01   1.0000000e+00  -1.0163065e+00   1.9876489e+02   8.7746225e+01  -2.5143650e+02   2.9615905e+01
  -3.3527562e+00   1.0000000e+00   1.0675720e+01   2.0552510e+02   8.0286457e+01  -2.4236063e+02   2.6266063e+01
   5.6103034e+00   1.0000000e+00   2.2291793e+01   2.1353416e+02   7.1205319e+01  -2.3264055e+02   1.7265849e+01
   1.0167152e+01   1.0000000e+00   3.0119563e+01   2.1729204e+02   6.3577572e+01  -2.2688540e+02   7.3156783e+00
   1.4546353e+01   1.0000000e+00   3.2747844e+01   2.2019176e+02   5.9692749e+01  -2.2383963e+02  -2.7264842e+00
   1.7420265e+01   1.0000000e+00   3.4433089e+01   2.2415557e+02   5.7533943e+01  -2.2134958e+02  -1.1977462e+01
   1.8195594e+01   1.0000000e+00   3.5539829e+01   2.2853740e+02   5.5217206e+01  -2.1856857e+02  -2.0436665e+01
   1.4060686e+01   1.0000000e+00   3.7736386e+01   2.3246781e+02   5.2763706e+01  -2.1544088e+02  -2.8476121e+01
   9.7176615e+00   1.0000000e+00   4.2047423e+01   2.3473662e+02   4.8721718e+01  -2.1222136e+02  -3.2455125e+01
   8.7135693e+00   1.0000000e+00   4.5927618e+01   2.3005986e+02   4.3845591e+01  -2.1201848e+02  -2.8076630e+01
   7.5576612e+00   1.0000000e+00   4.7993094e+01   2.2436651e+02   3.8001067e+01  -2.1185440e+02  -2.2180429e+01
   5.4394623e+00   1.0000000e+00   5.0263855e+01   2.1641956e+02   3.1841120e+01  -2.1134683e+02  -1.3692358e+01
   5.0020974e+00   1.0000000e+00   5.2749479e+01   2.0856145e+02   2.6161487e+01  -2.1039568e+02  -3.9023930e+00
   3.8336031e+00   1.0000000e+00   5.4843503e+01   2.0248564e+02   2.1683583e+01  -2.1037351e+02   4.4643036e+00
   2.6814939e+00   1.0000000e+00   5.6755122e+01   1.9843223e+02   1.9642131e+01  -2.1060378e+02   1.2344476e+01
   1.8726083e+00   1.0000000e+00   5.6785552e+01   1.9580292e+02   1.7489903e+01  -2.1121216e+02   1.8477777e+01
   3.7152171e-01   1.0000000e+00   5.6480970e+01   1.9419706e+02   1.7861328e+01  -2.1168516e+02   2.4742178e+01
  -2.8634138e+00   1.0000000e+00   5.2628302e+01   1.9270407e+02   2.1289533e+01  -2.1265907e+02   3.0297920e+01
  -7.4906534e+00   1.0000000e+00   4.4662477e+01   1.9188137e+02   2.7373625e+01  -2.1388923e+02   3.5321372e+01
  -1.3993210e+01   1.0000000e+00   3.4078664e+01   1.8992179e+02   3.5547537e+01  -2.1608609e+02   3.9270862e+01
  -2.0537352e+01   1.0000000e+00   2.1628641e+01   1.8786251e+02   4.4300001e+01  -2.1851495e+02   4.2735050e+01
  -2.8031695e+01   1.0000000e+00   8.5144189e+00   1.8464107e+02   5.3700803e+01  -2.2258896e+02   4.5602322e+01
  -3.3505350e+01   1.0000000e+00  -5.1788868e+00   1.8127182e+02   6.2111933e+01  -2.2699850e+02   4.8100328e+01
  -3.5514229e+01   1.0000000e+00  -1.0756148e+01   1.7914501e+02   7.2727694e+01  -2.3400490e+02   4.8859254e+01
  -3.7461003e+01   1.0000000e+00  -1.4757066e+01   1.8178448e+02   8.1185692e+01  -2.3997671e+02   5.0354526e+01
  -3.8450317e+01   1.0000000e+00  -1.6287836e+01   1.8645621e+02   8.5852805e+01  -2.4601715e+02   5.3163597e+01
  -3.7415848e+01   1.0000000e+00  -1.5189036e+01   1.9193241e+02   8.5994157e+01  -2.5132445e+02   5.6896075e+01
  -3.7788588e+01   1.0000000e+00  -1.2522872e+01   1.9677269e+02   8.5466404e+01  -2.5713469e+02   6.0203211e+01
  -3.7132774e+01   1.0000000e+00  -1.1926821e+01   1.9906090e+02   8.4311143e+01  -2.6138560e+02   6.2558308e+01
  -3.7296988e+01   1.0000000e+00  -1.7450689e+01   2.0405262e+02   8.4604041e+01  -2.6688333e+02   6.5173794e+01
  -3.6992761e+01   1.0000000e+00  -1.6674145e+01   2.0844466e+02   8.4810159e+01  -2.7255558e+02   6.8352172e+01
  -3.6889542e+01   1.0000000e+00  -1.5295915e+01   2.1228966e+02   8.2223494e+01  -2.7640126e+02   6.8572364e+01
  -3.6526937e+01   1.0000000e+00  -1.3179892e+01   2.0997888e+02   8.0183885e+01  -2.7427697e+02   6.9191706e+01
  -3.5436859e+01   1.0000000e+00  -1.5214089e+01   2.0872091e+02   7.9125879e+01  -2.7357970e+02   6.8905207e+01
  -3.1824039e+01   1.0000000e+00  -1.2534780e+01   2.0833776e+02   7.6236412e+01  -2.7033303e+02   6.8136083e+01
  -2.9235901e+01   1.0000000e+00  -1.6671744e+01   2.0473921e+02   8.2796681e+01  -2.6734483e+02   6.3048830e+01
  -2.5512757e+01   1.0000000e+00  -1.9513005e+01   2.0066531e+02   8.7058234e+01  -2.6278827e+02   5.4750050e+01
  -2.0823851e+01   1.0000000e+00  -1.5535216e+01   1.9936866e+02   9.4627729e+01  -2.6105891e+02   4.4271003e+01
  -1.6559265e+01   1.0000000e+00  -8.8582176e+00   1.9785795e+02   9.2853847e+01  -2.5616052e+02   3.9020456e+01
  -9.0197903e+00   1.0000000e+00   1.7440627e+00   2.0133585e+02   8.5935557e+01  -2.4884635e+02   3.2973085e+01
  -2.1712246e+00   1.0000000e+00   1.3471440e+01   2.0699362e+02   7.8330652e+01  -2.4011466e+02   2.8053704e+01
   5.9048922e+00   1.0000000e+00   2.3562737e+01   2.1389731e+02   6.9374343e+01  -2.3187666e+02   1.8272126e+01
   1.1138800e+01   1.0000000e+00   2.9852372e+01   2.1781656e+02   6.2039741e+01  -2.2678227e+02   7.6660108e+00
   1.4008861e+01   1.0000000e+00   3.3071815e+01   2.2037744e+02   5.7932114e+01  -2.2396380e+02  -2.2207769e+00
   1.4914593e+01   1.0000000e+00   3.4344305e+01   2.2401614e+02   5.3224234e+01  -2.2012691e+02  -1.1603759e+01
   1.1173293e+01   1.0000000e+00   3.7327592e+01   2.2734917e+02   4.8666946e+01  -2.1548206e+02  -1.9214039e+01
   8.5894400e+00   1.0000000e+00   4.0777645e+01   2.2797754e+02   4.4231641e+01  -2.1263397e+02  -2.2592609e+01
   7.2324845e+00   1.0000000e+00   4.4436755e+01   2.2280914e+02   3.9243696e+01  -2.1167302e+02  -1.9475454e+01
   5.9611121e+00   1.0000000e+00   4.7002349e+01   2.1673263e+02   3.3676360e+01  -2.1093102e+02  -1.3211834e+01
   5.4423326e+00   1.0000000e+00   5.0398189e+01   2.0904308e+02   2.7697895e+01  -2.0967736e+02  -3.6716220e+00
   3.8181373e+00   1.0000000e+00   5.1708303e+01   2.0115391e+02   2.2321766e+01  -2.0849725e+02   3.7055371e+00
   3.1031520e+00   1.0000000e+00   5.3912742e+01   1.9544383e+02   1.8869034e+01  -2.0763702e+02   1.1262572e+01
   2.3371090e+00   1.0000000e+00   5.5276811e+01   1.9242987e+02   1.7383993e+01  -2.0781238e+02   1.6608466e+01
   1.2822272e+00   1.0000000e+00   5.5355680e+01   1.8996371e+02   1.6369628e+01  -2.0733937e+02   2.1321397e+01
  -8.0081899e-01   1.0000000e+00   5.4856323e+01   1.8890081e+02   1.8268451e+01  -2.0870681e+02   2.6825186e+01
  -4.9995936e+00   1.0000000e+00   5.0627228e+01   1.8811414e+02   2.3835378e+01  -2.1012016e+02   3.1158573e+01
  -8.7827486e+00   1.0000000e+00   4.3083048e+01   1.8772347e+02   3.0213463e+01  -2.1131990e+02   3.6167398e+01
  -1.4998690e+01   1.0000000e+00   3.1749277e+01   1.8690411e+02   3.8060551e+01  -2.1338161e+02   4.0204798e+01
  -2.1102129e+01   1.0000000e+00   1.9758805e+01   1.8539433e+02   4.7331137e+01  -2.1606579e+02   4.4073898e+01
  -2.6701158e+01   1.0000000e+00   6.9100678e+00   1.8226763e+02   5.6578422e+01  -2.2022134e+02   4.7429377e+01
  -3.1819500e+01   1.0000000e+00  -6.4822940e+00   1.7776907e+02   6.6122045e+01  -2.2594746e+02   5.0458606e+01
  -3.4985933e+01   1.0000000e+00  -1.1839936e+01   1.7528170e+02   7.5416224e+01  -2.3138851e+02   5.2600966e+01
  -3.7485245e+01   1.0000000e+00  -1.7682020e+01   1.7862701e+02   8.2866613e+01  -2.3772175e+02   5.3929769e+01
  -3.7841061e+01   1.0000000e+00  -1.6929732e+01   1.8448295e+02   8.5597959e+01  -2.4331119e+02   5.5958738e+01
  -3.7119905e+01   1.0000000e+00  -1.4160045e+01   1.9040290e+02   8.4380387e+01  -2.4925869e+02   5.7805408e+01
  -3.7818660e+01   1.0000000e+00  -1.5636410e+01   1.9443154e+02   8.5095391e+01  -2.5629144e+02   6.2151989e+01
  -3.7527240e+01   1.0000000e+00  -1.6175971e+01   1.9057858e+02   8.3012715e+01  -2.5586155e+02   6.5088309e+01
  -3.7099558e+01   1.0000000e+00  -1.2947419e+01   1.9748066e+02   8.0128677e+01  -2.6028130e+02   6.8118453e+01
  -3.6693070e+01   1.0000000e+00  -1.3305461e+01   2.0263473e+02   8.0014625e+01  -2.6495824e+02   6.8978014e+01
  -3.6705305e+01   1.0000000e+00  -1.1781705e+01   2.0530109e+02   7.7952147e+01  -2.6722302e+02   6.9314021e+01
  -3.5462454e+01   1.0000000e+00  -8.6473776e+00   2.0404170e+02   7.6704277e+01  -2.6486542e+02   6.9924904e+01
  -3.2166591e+01   1.0000000e+00  -6.5983842e+00   2.0006864e+02   7.0419780e+01  -2.6010578e+02   6.8752806e+01
  -2.9182202e+01   1.0000000e+00  -2.0142077e+01   1.9553726e+02   7.9434567e+01  -2.6120947e+02   6.1524323e+01
  -2.4461892e+01   1.0000000e+00  -1.8189029e+01   1.9454173e+02   8.4851984e+01  -2.5680414e+02   5.2571104e+01
  -1.7860288e+01   1.0000000e+00  -8.3300085e+00   1.9906402e+02   8.9468017e+01  -2.5695034e+02   4.0810479e+01
  -1.3162093e+01   1.0000000e+00  -1.4481184e-01   1.9889705e+02   8.5799233e+01  -2.5244484e+02   3.1463979e+01
  -5.5321891e+00   1.0000000e+00   1.0451144e+01   2.0169188e+02   7.9587965e+01  -2.4539268e+02   2.5681308e+01
   1.6389478e+00   1.0000000e+00   2.1738766e+01   2.0628432e+02   7.2879044e+01  -2.3784542e+02   1.8440557e+01
   8.6928281e+00   1.0000000e+00   2.8806797e+01   2.1042329e+02   6.5646283e+01  -2.3181864e+02   9.7809284e+00
   1.2439762e+01   1.0000000e+00   3.2919155e+01   2.1309811e+02   6.0521079e+01  -2.2785221e+02   1.4021507e+00
   1.4587423e+01   1.0000000e+00   3.4854340e+01   2.1783360e+02   5.7721426e+01  -2.2360275e+02  -7.4200331e+00
   1.5415193e+01   1.0000000e+00   3.5569576e+01   2.2255609e+02   5.4646605e+01  -2.1953737e+02  -1.5803246e+01
   1.3374075e+01   1.0000000e+00   3.5620322e+01   2.2723119e+02   5.1320609e+01  -2.1541771e+02  -2.4534258e+01
   9.3650366e+00   1.0000000e+00   4.0167253e+01   2.3109110e+02   4.6847093e+01  -2.1042700e+02  -2.9392606e+01
   7.3490217e+00   1.0000000e+00   4.5072959e+01   2.2864331e+02   4.3437354e+01  -2.1003028e+02  -2.8093378e+01
   5.0119792e+00   1.0000000e+00   4.8524435e+01   2.2365320e+02   3.9193471e+01  -2.1075979e+02  -2.2479307e+01
   4.5306913e+00   1.0000000e+00   5.0170379e+01   2.1792827e+02   3.3671567e+01  -2.1112687e+02  -1.5361164e+01
   3.9075685e+00   1.0000000e+00   5.2392760e+01   2.1058537e+02   2.8014752e+01  -2.1048262e+02  -5.6450889e+00
   4.5101930e+00   1.0000000e+00   5.3851856e+01   2.0344496e+02   2.1805952e+01  -2.0945362e+02   3.6687361e+00
   2.9309409e+00   1.0000000e+00   5.5983749e+01   1.9729256e+02   1.9539866e+01  -2.0825493e+02   1.2180986e+01
   3.1324050e+00   1.0000000e+00   5.6621729e+01   1.9364355e+02   1.7371856e+01  -2.0875076e+02   1.7720028e+01
   1.7338616e+00   1.0000000e+00   5.6489676e+01   1.9128303e+02   1.6162984e+01  -2.0870858e+02   2.2590287e+01
  -1.2957059e+00   1.0000000e+00   5.5360440e+01   1.8966966e+02   1.8869857e+01  -2.0966191e+02   2.7401116e+01
  -2.9462597e+00   1.0000000e+00   5.1516999e+01   1.8915698e+02   2.2399418e+01  -2.1063075e+02   3.1783618e+01
  -7.8626333e+00   1.0000000e+00   4.5094107e+01   1.8901459e+02   2.8779770e+01  -2.1205035e+02   3.6992858e+01
  -1.3153956e+01   1.0000000e+00   3.4226323e+01   1.8855850e+02   3.6303598e+01  -2.1327903e+02   4.1189827e+01
  -1.9418841e+01   1.0000000e+00   2.2367349e+01   1.8688394e+02   4.5182897e+01  -2.1573542e+02   4.4018557e+01
  -2.5441252e+01   1.0000000e+00   9.7951764e+00   1.8421987e+02   5.4754404e+01  -2.1951911e+02   4.6693449e+01
  -3.1244656e+01   1.0000000e+00  -3.0287801e+00   1.8020365e+02   6.4976223e+01  -2.2534020e+02   4.8943863e+01
  -3.4221919e+01   1.0000000e+00  -8.2165346e+00   1.7793546e+02   7.4652097e+01  -2.3065889e+02   4.9957954e+01
  -3.5671202e+01   1.0000000e+00  -9.7849937e+00   1.7968000e+02   8.0752087e+01  -2.3457584e+02   5.1371895e+01
  -3.7086281e+01   1.0000000e+00  -1.2994177e+01   1.8307616e+02   8.3786062e+01  -2.4014366e+02   5.3813358e+01
  -3.7976834e+01   1.0000000e+00  -1.3893022e+01   1.8686759e+02   8.4733014e+01  -2.4548131e+02   5.6259875e+01
  -3.7988926e+01   1.0000000e+00  -1.3100666e+01   1.9070095e+02   8.2851185e+01  -2.4960870e+02   5.8531855e+01
  -3.7659288e+01   1.0000000e+00  -1.5647905e+01   1.9116046e+02   8.2729981e+01  -2.5327185e+02   6.1001594e+01
  -3.7673192e+01   1.0000000e+00  -1.0155771e+01   1.9171382e+02   8.3847591e+01  -2.5327076e+02   6.4056667e+01
  -3.7106670e+01   1.0000000e+00  -1.5770917e+01   1.9612178e+02   8.5030016e+01  -2.5925254e+02   6.5626030e+01
  -3.4097375e+01   1.0000000e+00  -4.4110743e+00   1.9615030e+02   7.6827659e+01  -2.5608176e+02   6.8020684e+01
  -3.1775639e+01   1.0000000e+00  -1.2775068e+01   1.9425515e+02   7.5672564e+01  -2.5705840e+02   6.8123270e+01
  -2.8641962e+01   1.0000000e+00  -1.3538619e+01   1.9935383e+02   7.6582631e+01  -2.6048099e+02   6.7735848e+01
  -2.3588943e+01   1.0000000e+00  -1.0248983e+01   1.9940889e+02   8.0934685e+01  -2.5755073e+02   5.8128902e+01
  -1.8324092e+01   1.0000000e+00  -1.4980080e+01   1.9741963e+02   9.1545213e+01  -2.6062585e+02   4.6975776e+01
  -1.5804150e+01   1.0000000e+00  -1.7887985e+01   1.9409926e+02   9.8701355e+01  -2.6029987e+02   3.8881626e+01
  -9.4039540e+00   1.0000000e+00  -8.2305334e+00   1.9624200e+02   9.3639487e+01  -2.5469857e+02   3.3165646e+01
  -2.6277996e+00   1.0000000e+00   3.0565139e+00   2.0179407e+02   8.5869845e+01  -2.4631335e+02   2.8849104e+01
   4.2145027e+00   1.0000000e+00   1.3838290e+01   2.1042086e+02   7.7179705e+01  -2.3717876e+02   1.9296496e+01
   1.0169042e+01   1.0000000e+00   2.1372680e+01   2.1640727e+02   7.0380065e+01  -2.3128817e+02   9.2026256e+00
   1.3944662e+01   1.0000000e+00   2.3702403e+01   2.2011254e+02   6.6685686e+01  -2.2929078e+02  -5.5236872e-01
   1.8854368e+01   1.0000000e+00   2.5672775e+01   2.2521222e+02   6.4944948e+01  -2.2723936e+02  -9.9312971e+00
   2.1631293e+01   1.0000000e+00   2.6677417e+01   2.3057659e+02   6.3417485e+01  -2.2511159e+02  -1.8147815e+01
   2.1472779e+01   1.0000000e+00   2.6716245e+01   2.3679645e+02   6.1985129e+01  -2.2248900e+02  -2.5860742e+01
   1.7311526e+01   1.0000000e+00   2.6419764e+01   2.4300436e+02   5.9851836e+01  -2.1922077e+02  -3.3402203e+01
   1.2177852e+01   1.0000000e+00   2.9829868e+01   2.4791760e+02   5.6658855e+01  -2.1587418e+02  -3.9306014e+01
   8.7762560e+00   1.0000000e+00   3.5231613e+01   2.4791539e+02   5.5501216e+01  -2.1757578e+02  -4.1886918e+01
   4.9336518e+00   1.0000000e+00   4.0697088e+01   2.4433521e+02   5.2031256e+01  -2.1903419e+02  -3.9637737e+01
   1.9453526e+00   1.0000000e+00   4.4185939e+01   2.3866001e+02   4.7125770e+01  -2.1954418e+02  -3.2928454e+01
   1.3066764e+00   1.0000000e+00   4.3881039e+01   2.3079623e+02   4.0718812e+01  -2.1866577e+02  -2.4188242e+01
  -1.9854926e-01   1.0000000e+00   4.4765225e+01   2.2289585e+02   3.4828928e+01  -2.1733623e+02  -1.4959992e+01
  -5.5597599e-01   1.0000000e+00   4.5733415e+01   2.1464017e+02   2.9694221e+01  -2.1521735e+02  -6.8165381e+00
  -1.5017144e+00   1.0000000e+00   4.5719777e+01   2.0716403e+02   2.6883103e+01  -2.1349719e+02   1.0501954e+00
  -4.5937853e+00   1.0000000e+00   4.5108721e+01   2.0153607e+02   2.8630892e+01  -2.1189610e+02   7.8845773e+00
  -8.7873870e+00   1.0000000e+00   4.2112676e+01   1.9681054e+02   3.3494438e+01  -2.1015331e+02   1.1837181e+01
  -1.2299336e+01   1.0000000e+00   3.5221944e+01   1.9354957e+02   4.0361734e+01  -2.0988575e+02   1.6952083e+01
  -1.5899429e+01   1.0000000e+00   2.8290487e+01   1.9070360e+02   4.7515117e+01  -2.0914903e+02   2.2309381e+01
  -2.0394564e+01   1.0000000e+00   2.0511980e+01   1.8698747e+02   5.5567161e+01  -2.0923817e+02   2.6909655e+01
  -2.4735710e+01   1.0000000e+00   1.4892872e+01   1.8326726e+02   6.2299572e+01  -2.0971244e+02   2.8106369e+01
  -2.7062530e+01   1.0000000e+00   1.1626158e+01   1.7949053e+02   6.5312687e+01  -2.1051491e+02   3.0310276e+01
  -2.8945323e+01   1.0000000e+00   9.1499540e+00   1.7721144e+02   6.7097641e+01  -2.1111008e+02   3.2768851e+01
  -3.2280085e+01   1.0000000e+00   2.6040870e+00   1.7563146e+02   7.1656855e+01  -2.1504552e+02   3.6532325e+01
  -3.4046825e+01   1.0000000e+00  -2.9311610e+00   1.7505039e+02   7.4740592e+01  -2.2028443e+02   3.9907385e+01
  -3.4216395e+01   1.0000000e+00  -8.3688237e+00   1.7665174e+02   7.7312322e+01  -2.2578597e+02   4.4504057e+01
  -3.5621974e+01   1.0000000e+00  -1.1004441e+01   1.7863370e+02   7.8136220e+01  -2.3073955e+02   4.5720370e+01
  -3.5881957e+01   1.0000000e+00  -1.6262893e+01   1.8001636e+02   8.1840678e+01  -2.3694987e+02   4.8817736e+01
  -3.3804796e+01   1.0000000e+00  -1.1709668e+01   1.8433703e+02   8.2204471e+01  -2.4298171e+02   4.7699007e+01
  -3.0029679e+01   1.0000000e+00  -9.6941158e+00   1.9049293e+02   8.1726133e+01  -2.4826858e+02   4.5145933e+01
  -2.3231013e+01   1.0000000e+00  -2.4922907e+00   1.9440189e+02   8.1821798e+01  -2.5053786e+02   3.8736748e+01
  -1.8951012e+01   1.0000000e+00  -6.7714122e+00   1.9251383e+02   9.0092602e+01  -2.5225615e+02   3.4687407e+01
  -1.5547621e+01   1.0000000e+00  -7.2000271e+00   1.9257944e+02   9.2173180e+01  -2.5189862e+02   2.8686503e+01
  -9.0546122e+00   1.0000000e+00   4.0376316e+00   1.9731663e+02   8.6579745e+01  -2.4570037e+02   2.2362031e+01
  -8.6057516e-01   1.0000000e+00   1.5914560e+01   2.0132542e+02   8.0291294e+01  -2.3810947e+02   1.9123563e+01
   7.1987120e+00   1.0000000e+00   2.4757099e+01   2.0781544e+02   7.2695487e+01  -2.3127062e+02   8.2419213e+00
   1.1611469e+01   1.0000000e+00   3.0289605e+01   2.1153585e+02   6.6726326e+01  -2.2760716e+02  -1.2358973e+00
   1.4362651e+01   1.0000000e+00   3.5372740e+01   2.1363949e+02   6.2741751e+01  -2.2540424e+02  -8.6621499e+00
   1.6180475e+01   1.0000000e+00   3.7605587e+01   2.1657686e+02   6.0679877e+01  -2.2309068e+02  -1.6766723e+01
   1.7533608e+01   1.0000000e+00   3.9049210e+01   2.2083435e+02   5.8725012e+01  -2.2004701e+02  -2.2978443e+01
   1.9555224e+01   1.0000000e+00   3.9374466e+01   2.2632253e+02   5.6955088e+01  -2.1648414e+02  -2.8915871e+01
   1.7318388e+01   1.0000000e+00   3.8629471e+01   2.3132340e+02   5.4716010e+01  -2.1342491e+02  -3.3571145e+01
   1.3052720e+01   1.0000000e+00   4.1362295e+01   2.3488809e+02   5.0013219e+01  -2.1011672e+02  -3.0383455e+01
   1.0983677e+01   1.0000000e+00   4.4190817e+01   2.3276940e+02   4.6329079e+01  -2.1181796e+02  -2.6509480e+01
   1.0092049e+01   1.0000000e+00   4.5661507e+01   2.2794155e+02   4.0889565e+01  -2.1335164e+02  -1.9087000e+01
   9.3091384e+00   1.0000000e+00   4.8339816e+01   2.2075859e+02   3.4522493e+01  -2.1416951e+02  -9.6511450e+00
   8.0331139e+00   1.0000000e+00   5.0888452e+01   2.1378250e+02   2.8452637e+01  -2.1478432e+02  -1.1216996e+00
   7.8958700e+00   1.0000000e+00   5.4588085e+01   2.0617674e+02   2.1931084e+01  -2.1420984e+02   8.1368660e+00
   7.5771141e+00   1.0000000e+00   5.7761192e+01   1.9917665e+02   1.6263872e+01  -2.1198313e+02   1.5284619e+01
   6.7021742e+00   1.0000000e+00   6.0924182e+01   1.9448363e+02   1.3223950e+01  -2.1114844e+02   1.9567174e+01
   6.1332958e+00   1.0000000e+00   6.3428140e+01   1.9112910e+02   1.1543860e+01  -2.1055464e+02   2.3890139e+01
   3.8608919e+00   1.0000000e+00   6.3665930e+01   1.8927224e+02   1.1155721e+01  -2.1115644e+02   2.9214640e+01
   2.9083049e+00   1.0000000e+00   6.4117012e+01   1.8765722e+02   1.0833836e+01  -2.1203666e+02   3.2925138e+01
   1.7057432e+00   1.0000000e+00   6.3913837e+01   1.8681243e+02   1.0887949e+01  -2.1392176e+02   3.6596973e+01
   4.8010744e-01   1.0000000e+00   6.3815415e+01   1.8703705e+02   1.3002089e+01  -2.1610483e+02   3.9985899e+01
   1.4193926e-01   1.0000000e+00   6.2252816e+01   1.8752266e+02   1.4158006e+01  -2.1791834e+02   4.5682175e+01
  -2.4422626e+00   1.0000000e+00   5.6898726e+01   1.8776357e+02   1.6263445e+01  -2.1922906e+02   4.9473872e+01
  -7.2984918e+00   1.0000000e+00   4.6728695e+01   1.8768651e+02   2.1182404e+01  -2.2070248e+02   5.3440596e+01
  -1.4218782e+01   1.0000000e+00   3.4964605e+01   1.8690480e+02   2.8560426e+01  -2.2305837e+02   5.6475452e+01
  -2.0742988e+01   1.0000000e+00   2.2239833e+01   1.8580167e+02   3.6360472e+01  -2.2594814e+02   5.8514715e+01
  -2.6911312e+01   1.0000000e+00   9.1089799e+00   1.8435945e+02   4.4848430e+01  -2.2954765e+02   6.0608133e+01
  -3.0836410e+01   1.0000000e+00  -4.4947518e+00   1.8202950e+02   5.2313958e+01  -2.3360610e+02   6.2590225e+01
  -3.2790857e+01   1.0000000e+00  -1.5102276e+01   1.7767873e+02   6.3104545e+01  -2.4025791e+02   6.1296510e+01
  -3.4089094e+01   1.0000000e+00  -1.6251596e+01   1.7915983e+02   7.3489196e+01  -2.4451981e+02   6.1863883e+01
  -3.4996886e+01   1.0000000e+00  -1.6269317e+01   1.8417002e+02   8.1201303e+01  -2.4914258e+02   6.2642335e+01
  -3.5728487e+01   1.0000000e+00  -1.7211511e+01   1.8975289e+02   8.6306780e+01  -2.5409429e+02   6.4896918e+01
  -3.5787638e+01   1.0000000e+00  -1.0952722e+01   1.9496527e+02   8.3732515e+01  -2.5642976e+02   6.6890712e+01
  -3.5273519e+01   1.0000000e+00  -1.1938144e+01   1.9922108e+02   8.3213392e+01  -2.6144708e+02   6.8600489e+01
  -3.5928523e+01   1.0000000e+00  -1.0967138e+01   2.0144020e+02   8.1159971e+01  -2.6320755e+02   6.9097480e+01
  -3.6019831e+01   1.0000000e+00  -1.3956575e+01   2.0359926e+02   8.1718025e+01  -2.6599932e+02   6.8269813e+01
  -3.4396586e+01   1.0000000e+00  -1.7095524e+01   2.0614292e+02   8.5556441e+01  -2.6934510e+02   6.9262374e+01
  -3.3063479e+01   1.0000000e+00  -1.9610747e+01   2.0980570e+02   8.8648287e+01  -2.7418844e+02   6.8346446e+01
  -3.0129402e+01   1.0000000e+00  -2.2154118e+01   2.1013618e+02   9.1405979e+01  -2.7435218e+02   6.8440203e+01
  -2.6152023e+01   1.0000000e+00  -2.5914222e+01   2.0586948e+02   9.8872690e+01  -2.7113147e+02   6.0372130e+01
  -2.2599552e+01   1.0000000e+00  -2.8855409e+01   2.0245633e+02   1.0111802e+02  -2.6703577e+02   5.6191933e+01
  -1.9924776e+01   1.0000000e+00  -2.1044336e+01   1.9973561e+02   9.7900005e+01  -2.6328746e+02   4.9549312e+01
  -1.6571412e+01   1.0000000e+00  -1.1411194e+01   2.0435996e+02   8.7695509e+01  -2.5611964e+02   4.7817382e+01
  -9.9782249e+00   1.0000000e+00  -3.8946596e-01   2.0565546e+02   8.2364804e+01  -2.5103599e+02   4.0877484e+01
  -4.2311094e+00   1.0000000e+00   9.3014091e+00   2.0364428e+02   7.9511614e+01  -2.4940152e+02   3.1692739e+01
  -2.8328800e-01   1.0000000e+00   1.1745553e+01   2.0014217e+02   7.9041841e+01  -2.4891484e+02   2.3463034e+01
   3.9864666e+00   1.0000000e+00   1.8094443e+01   1.9806878e+02   7.5273306e+01  -2.4492275e+02   1.5125849e+01
   9.8598068e+00   1.0000000e+00   2.6810445e+01   2.0010937e+02   7.0165717e+01  -2.3846526e+02   5.7557511e+00
   1.3089304e+01   1.0000000e+00   3.2336615e+01   2.0376487e+02   6.7426872e+01  -2.3285003e+02   1.4269415e+00
   1.7215736e+01   1.0000000e+00   3.4974437e+01   2.0902915e+02   6.4998949e+01  -2.2722736e+02  -6.9717276e+00
   1.9675840e+01   1.0000000e+00   3.6690555e+01   2.1613977e+02   6.2618057e+01  -2.2132318e+02  -1.4692962e+01
   1.8707796e+01   1.0000000e+00   3.8381353e+01   2.2372741e+02   5.8718084e+01  -2.1431882e+02  -2.1053773e+01
   1.4460048e+01   1.0000000e+00   4.0290589e+01   2.3012783e+02   5.3664139e+01  -2.0752612e+02  -2.8467977e+01
   1.2634041e+01   1.0000000e+00   4.4599058e+01   2.2918170e+02   5.0418787e+01  -2.0653702e+02  -2.8295799e+01
   1.0885255e+01   1.0000000e+00   4.6590962e+01   2.2560687e+02   4.6534992e+01  -2.0762117e+02  -2.4756039e+01
   9.8937836e+00   1.0000000e+00   4.8939048e+01   2.2065939e+02   4.1652782e+01  -2.0858991e+02  -1.7053771e+01
   8.1898716e+00   1.0000000e+00   5.1002448e+01   2.1511247e+02   3.6774153e+01  -2.1012141e+02  -9.3460437e+00
   8.2181751e+00   1.0000000e+00   5.2873817e+01   2.0901757e+02   3.1441730e+01  -2.0954746e+02  -2.8072313e+00
   8.0167131e+00   1.0000000e+00   5.4412612e+01   2.0331363e+02   2.7900540e+01  -2.0740556e+02   2.1070925e+00
   8.0023455e+00   1.0000000e+00   5.6595010e+01   1.9719919e+02   2.4121921e+01  -2.0406828e+02   5.5193306e+00
   8.5665693e+00   1.0000000e+00   5.8292453e+01   1.9023345e+02   2.0090346e+01  -2.0189394e+02   1.1410297e+01
   7.0050166e+00   1.0000000e+00   6.0895095e+01   1.8662678e+02   1.8981680e+01  -2.0223264e+02   1.4932519e+01
   7.4404581e+00   1.0000000e+00   6.3249738e+01   1.8486647e+02   1.5463731e+01  -2.0401284e+02   2.0531373e+01
   6.8294584e+00   1.0000000e+00   6.6265534e+01   1.8407031e+02   1.1671642e+01  -2.0545326e+02   2.4265024e+01
   6.9103555e+00   1.0000000e+00   7.2350583e+01   1.8288736e+02   7.0342657e+00  -2.0742091e+02   2.9587431e+01
   9.4327068e+00   1.0000000e+00   8.0754577e+01   1.8174426e+02   3.2112603e-01  -2.0957434e+02   3.4251616e+01
   1.0558169e+01   1.0000000e+00   8.8129487e+01   1.8010190e+02  -7.3268254e+00  -2.1253193e+02   3.9172033e+01
   8.7108041e+00   1.0000000e+00   9.3474302e+01   1.7912463e+02  -1.3197569e+01  -2.1591964e+02   4.5093320e+01
   1.4354685e+01   1.0000000e+00   1.0416623e+02   1.7726144e+02  -2.0451777e+01  -2.2084147e+02   4.8944650e+01
   2.0191887e+01   1.0000000e+00   1.1613485e+02   1.7477452e+02  -2.9140568e+01  -2.2663443e+02   5.3171000e+01
   2.5528956e+01   1.0000000e+00   1.2882430e+02   1.7111539e+02  -3.8294523e+01  -2.3388233e+02   5.6541477e+01
   2.9347999e+01   1.0000000e+00   1.4188769e+02   1.6661575e+02  -4.7299593e+01  -2.4245152e+02   5.8113764e+01
   3.2240354e+01   1.0000000e+00   1.5434310e+02   1.5975809e+02  -5.7477382e+01  -2.5221736e+02   5.9754864e+01
   3.3959149e+01   1.0000000e+00   1.5596898e+02   1.5805325e+02  -6.6722227e+01  -2.6078724e+02   6.0400723e+01
   3.1698265e+01   1.0000000e+00   1.5164014e+02   1.6244383e+02  -7.2715483e+01  -2.6759381e+02   6.2658664e+01
   2.9441323e+01   1.0000000e+00   1.5085065e+02   1.6694262e+02  -7.6367683e+01  -2.7455617e+02   6.4582506e+01
   2.6423249e+01   1.0000000e+00   1.4302634e+02   1.7256604e+02  -7.0757165e+01  -2.7862437e+02   6.4560267e+01
   2.1496405e+01   1.0000000e+00   1.3243237e+02   1.7781739e+02  -6.2670776e+01  -2.7859379e+02   5.5089360e+01
   1.8643399e+01   1.0000000e+00   1.2453599e+02   1.8242337e+02  -5.4629429e+01  -2.7905104e+02   4.4641988e+01
   1.5451835e+01   1.0000000e+00   1.2007162e+02   1.8647235e+02  -4.8936394e+01  -2.7651560e+02   3.6200488e+01
   1.2895551e+01   1.0000000e+00   1.1116138e+02   1.9346914e+02  -4.3491037e+01  -2.7022095e+02   2.9101140e+01
   9.6883711e+00   1.0000000e+00   1.0275791e+02   2.0071182e+02  -3.8110193e+01  -2.6408309e+02   1.9565761e+01
   6.8004566e+00   1.0000000e+00   9.6468845e+01   2.0744831e+02  -3.1947689e+01  -2.5977340e+02   9.3300865e+00
   6.4468531e+00   1.0000000e+00   8.9830430e+01   2.1317595e+02  -2.6305909e+01  -2.5843816e+02  -5.8523887e-01
   8.0309031e+00   1.0000000e+00   8.3260297e+01   2.2030523e+02  -2.0316081e+01  -2.5758364e+02  -1.0776041e+01
   7.5845396e+00   1.0000000e+00   7.9090059e+01   2.2814088e+02  -1.4048572e+01  -2.5751118e+02  -2.0780859e+01
   8.7157851e+00   1.0000000e+00   7.5570952e+01   2.3675361e+02  -8.2063460e+00  -2.5589446e+02  -2.9990758e+01
   7.8822401e+00   1.0000000e+00   7.2224581e+01   2.4571310e+02  -3.5342581e+00  -2.5191978e+02  -3.7937145e+01
   7.5500935e+00   1.0000000e+00   6.9824992e+01   2.5420677e+02   6.2127112e-01  -2.4753884e+02  -4.3166605e+01
   9.2951399e+00   1.0000000e+00   6.8494075e+01   2.5946770e+02   4.0456468e+00  -2.4609860e+02  -4.1037110e+01
   8.1818851e+00   1.0000000e+00   6.7445824e+01   2.5913040e+02   7.2008446e+00  -2.4856148e+02  -3.4744612e+01
   7.3938850e+00   1.0000000e+00   6.6182350e+01   2.5648550e+02   9.4455727e+00  -2.4980280e+02  -2.6539343e+01
   7.1784066e+00   1.0000000e+00   6.4656618e+01   2.5197383e+02   1.0274049e+01  -2.4916054e+02  -1.7536080e+01
   6.0890752e+00   1.0000000e+00   6.3802333e+01   2.4629418e+02   1.1345442e+01  -2.4717424e+02  -8.9213954e+00
   6.0156406e+00   1.0000000e+00   6.3072297e+01   2.3925113e+02   1.1372848e+01  -2.4380956e+02  -1.2373401e+00
   6.4931632e+00   1.0000000e+00   6.3321180e+01   2.3095151e+02   9.8758663e+00  -2.4002780e+02   6.6274933e+00
   5.6390042e+00   1.0000000e+00   6.4015773e+01   2.2315794e+02   8.8268845e+00  -2.3571422e+02   1.2660896e+01
   6.0663463e+00   1.0000000e+00   6.4013317e+01   2.1553025e+02   7.8219624e+00  -2.3163441e+02   1.7671955e+01
   3.9109910e+00   1.0000000e+00   6.2855610e+01   2.0919406e+02   9.4451272e+00  -2.2786146e+02   2.1156730e+01
   7.5023081e-01   1.0000000e+00   6.1811868e+01   2.0395006e+02   1.2929789e+01  -2.2536578e+02   2.5714677e+01
  -1.8200063e+00   1.0000000e+00   5.9479104e+01   2.0048141e+02   1.7075179e+01  -2.2361018e+02   3.0501145e+01
  -4.7769870e+00   1.0000000e+00   5.4944464e+01   1.9783803e+02   2.2375221e+01  -2.2311011e+02   3.3547269e+01
  -8.0202629e+00   1.0000000e+00   4.6468490e+01   1.9530019e+02   2.8706307e+01  -2.2243396e+02   3.8930111e+01
  -1.2190245e+01   1.0000000e+00   3.5409473e+01   1.9231666e+02   3.5753303e+01  -2.2190067e+02   4.3540616e+01
  -1.7964551e+01   1.0000000e+00   2.2848923e+01   1.8911479e+02   4.3440113e+01  -2.2227303e+02   4.7167360e+01
  -2.3669077e+01   1.0000000e+00   1.0019298e+01   1.8460576e+02   5.2787765e+01  -2.2513769e+02   5.0345894e+01
  -2.8334585e+01   1.0000000e+00  -3.0519309e+00   1.7982296e+02   6.2856063e+01  -2.2843392e+02   5.3112160e+01
  -3.1855582e+01   1.0000000e+00  -9.2995398e+00   1.7572958e+02   7.3147299e+01  -2.3222456e+02   5.4483067e+01
  -3.3662133e+01   1.0000000e+00  -7.7559213e+00   1.7715866e+02   8.1797962e+01  -2.3591378e+02   5.5735883e+01
  -3.4839603e+01   1.0000000e+00  -1.0669751e+01   1.7863897e+02   8.6169565e+01  -2.3922779e+02   5.7917937e+01
  -3.6251881e+01   1.0000000e+00  -1.5362277e+01   1.7864978e+02   8.9754808e+01  -2.4254901e+02   6.0335703e+01
  -3.6903379e+01   1.0000000e+00  -1.6068378e+01   1.8546418e+02   9.1975044e+01  -2.4809739e+02   6.2913399e+01
  -3.6470393e+01   1.0000000e+00  -1.2425493e+01   1.9234147e+02   9.2193757e+01  -2.5349377e+02   6.5784268e+01
  -3.6685877e+01   1.0000000e+00  -8.9597638e+00   1.9646524e+02   9.0493040e+01  -2.5714425e+02   6.8032734e+01
  -3.6687120e+01   1.0000000e+00  -1.0828182e+01   2.0227769e+02   9.1260402e+01  -2.6279281e+02   7.0349169e+01
  -3.7257373e+01   1.0000000e+00  -1.1738608e+01   2.0783251e+02   8.9759322e+01  -2.6840895e+02   7.0807785e+01
  -3.7231716e+01   1.0000000e+00  -1.3285534e+01   2.1014365e+02   8.9258669e+01  -2.7278072e+02   7.1383872e+01
  -3.6812093e+01   1.0000000e+00  -1.1889899e+01   2.1344042e+02   8.9002318e+01  -2.7518502e+02   7.1019778e+01
  -3.5623006e+01   1.0000000e+00  -1.2500242e+01   2.1196404e+02   8.2778079e+01  -2.7329076e+02   6.9879853e+01
  -3.2896716e+01   1.0000000e+00  -1.3499903e+01   2.1126017e+02   7.9619374e+01  -2.7320878e+02   6.9769428e+01
  -3.0112740e+01   1.0000000e+00  -2.0141745e+01   2.0972039e+02   8.3924106e+01  -2.7356574e+02   6.8156575e+01
  -2.6530527e+01   1.0000000e+00  -2.0375657e+01   2.0775804e+02   9.1011187e+01  -2.7010999e+02   6.4285207e+01
  -2.2811895e+01   1.0000000e+00  -2.1366656e+01   2.0484207e+02   8.8651568e+01  -2.6550240e+02   5.2857491e+01
  -1.7151297e+01   1.0000000e+00  -1.1734939e+01   2.0338283e+02   9.2919170e+01  -2.6202191e+02   4.3587592e+01
  -1.3047696e+01   1.0000000e+00  -3.4028138e+00   2.0204779e+02   8.8790661e+01  -2.5677571e+02   3.4657303e+01
  -7.0590966e+00   1.0000000e+00   6.3276024e+00   2.0318661e+02   8.1935317e+01  -2.5024197e+02   2.7790110e+01
  -3.3504890e-01   1.0000000e+00   1.3424035e+01   2.0430592e+02   7.4211040e+01  -2.4397174e+02   1.9004511e+01
   3.7003155e+00   1.0000000e+00   2.0023048e+01   2.0877891e+02   6.9622816e+01  -2.4017075e+02   1.1168388e+01
   5.9509006e+00   1.0000000e+00   2.4882990e+01   2.1362354e+02   6.6335598e+01  -2.3684246e+02   4.2315620e+00
   1.0497112e+01   1.0000000e+00   2.8379802e+01   2.1861594e+02   6.3082807e+01  -2.3351096e+02  -3.4362106e+00
   1.3677105e+01   1.0000000e+00   2.9650803e+01   2.2452086e+02   6.1034997e+01  -2.3078569e+02  -1.1407887e+01
   1.7210336e+01   1.0000000e+00   3.0149160e+01   2.3070896e+02   6.0134105e+01  -2.2958606e+02  -1.8590732e+01
   1.6627264e+01   1.0000000e+00   3.2565214e+01   2.3634946e+02   5.9420495e+01  -2.2813412e+02  -2.2688187e+01
   1.4476824e+01   1.0000000e+00   3.3877862e+01   2.4260622e+02   5.6842247e+01  -2.2565213e+02  -2.8477622e+01
   1.0894051e+01   1.0000000e+00   3.7169631e+01   2.4763805e+02   5.2585833e+01  -2.2336109e+02  -3.0968619e+01
   8.5590599e+00   1.0000000e+00   4.1091252e+01   2.4744488e+02   4.9060607e+01  -2.2524211e+02  -2.8570536e+01
   6.4509062e+00   1.0000000e+00   4.3748808e+01   2.4468542e+02   4.4578515e+01  -2.2772319e+02  -2.3644902e+01
   4.8748252e+00   1.0000000e+00   4.6393540e+01   2.4009743e+02   3.9374967e+01  -2.2877060e+02  -1.6768900e+01
   3.8994582e+00   1.0000000e+00   4.8600386e+01   2.3511291e+02   3.4296808e+01  -2.2952643e+02  -1.0220162e+01
   2.7673779e+00   1.0000000e+00   5.0764469e+01   2.2876477e+02   2.9628470e+01  -2.2797720e+02  -3.2376672e+00
   2.5991275e+00   1.0000000e+00   5.1426308e+01   2.2116511e+02   2.5051481e+01  -2.2485295e+02   3.1587444e+00
   1.9130107e+00   1.0000000e+00   5.3465023e+01   2.1395918e+02   2.2332751e+01  -2.2115433e+02   7.2380021e+00
   1.9204247e+00   1.0000000e+00   5.4375824e+01   2.0648690e+02   1.9985514e+01  -2.1730519e+02   1.3102835e+01
   7.5853286e-01   1.0000000e+00   5.4371227e+01   1.9989882e+02   1.9674185e+01  -2.1364183e+02   1.7410538e+01
  -1.3625505e+00   1.0000000e+00   5.3317626e+01   1.9513095e+02   2.0772531e+01  -2.1145942e+02   2.0642356e+01
  -3.5524176e+00   1.0000000e+00   5.0615136e+01   1.9217794e+02   2.4074699e+01  -2.1007820e+02   2.5155894e+01
  -5.8093306e+00   1.0000000e+00   4.8014465e+01   1.9007972e+02   2.9081795e+01  -2.0951198e+02   2.8188089e+01
  -9.9598977e+00   1.0000000e+00   4.3897709e+01   1.8823176e+02   3.5694683e+01  -2.0981013e+02   3.1027125e+01
  -1.2576681e+01   1.0000000e+00   3.4888175e+01   1.8649960e+02   4.2510361e+01  -2.1030011e+02   3.7132741e+01
  -1.7709729e+01   1.0000000e+00   2.3516359e+01   1.8438320e+02   5.0548144e+01  -2.1142227e+02   4.1601195e+01
  -2.3036426e+01   1.0000000e+00   1.0863344e+01   1.8113444e+02   5.9177489e+01  -2.1375419e+02   4.5138029e+01
  -2.5719061e+01   1.0000000e+00   6.0736293e+00   1.7898106e+02   6.7896905e+01  -2.1729271e+02   4.7340159e+01
  -2.9936331e+01   1.0000000e+00  -3.1963177e+00   1.7559751e+02   7.6239952e+01  -2.2309156e+02   5.0606544e+01
  -3.2222463e+01   1.0000000e+00  -8.8471487e+00   1.7545325e+02   8.1822376e+01  -2.2798109e+02   5.3500219e+01
  -3.3470630e+01   1.0000000e+00  -9.6571345e+00   1.7549785e+02   8.4565304e+01  -2.3236145e+02   5.6326985e+01
  -3.6138524e+01   1.0000000e+00  -1.3109977e+01   1.7538265e+02   8.6155249e+01  -2.3600448e+02   5.8087904e+01
  -3.7729443e+01   1.0000000e+00  -1.6409198e+01   1.7124612e+02   8.7592615e+01  -2.3559796e+02   6.0706779e+01
  -3.5785727e+01   1.0000000e+00  -9.1665327e+00   1.7934413e+02   8.6014746e+01  -2.3892590e+02   6.4361108e+01
  -3.3676162e+01   1.0000000e+00  -9.9442900e+00   1.8513536e+02   8.3964053e+01  -2.4517493e+02   6.6345967e+01
  -3.2349721e+01   1.0000000e+00  -1.0367097e+01   1.9044563e+02   7.8322712e+01  -2.5069439e+02   6.7789183e+01
  -3.2125336e+01   1.0000000e+00  -1.7001308e+01   1.9473827e+02   8.0337525e+01  -2.5761671e+02   6.7755879e+01
  -2.8499541e+01   1.0000000e+00  -1.2461623e+01   2.0041300e+02   7.9611150e+01  -2.6143384e+02   6.7074571e+01
  -2.2649736e+01   1.0000000e+00  -1.5311049e+01   1.9808147e+02   8.8551498e+01  -2.5998741e+02   6.0269898e+01
  -2.0619974e+01   1.0000000e+00  -1.3583009e+01   1.9827854e+02   9.2917732e+01  -2.5668113e+02   5.2903882e+01
  -1.5533040e+01   1.0000000e+00  -1.2850632e+01   1.9621605e+02   9.8214462e+01  -2.5552726e+02   4.1563907e+01
  -9.7437232e+00   1.0000000e+00  -5.6689636e+00   1.9618435e+02   9.5460564e+01  -2.5223772e+02   3.5878280e+01
  -2.9297695e+00   1.0000000e+00   4.6320034e+00   1.9887578e+02   8.7023418e+01  -2.4495410e+02   2.9055436e+01
   3.3028558e+00   1.0000000e+00   1.5454162e+01   2.0596751e+02   7.8894780e+01  -2.3691561e+02   2.0205151e+01
   8.3439546e+00   1.0000000e+00   2.3418368e+01   2.1083349e+02   7.2197668e+01  -2.3164975e+02   1.1648894e+01
   1.3655985e+01   1.0000000e+00   2.6981781e+01   2.1532410e+02   6.7514134e+01  -2.2727547e+02   1.9324020e+00
   1.8600584e+01   1.0000000e+00   2.8754763e+01   2.2077543e+02   6.4867759e+01  -2.2365059e+02  -7.3164671e+00
   2.0299575e+01   1.0000000e+00   2.9735355e+01   2.2630870e+02   6.2113995e+01  -2.2004145e+02  -1.5356129e+01
   1.8421410e+01   1.0000000e+00   3.0227595e+01   2.3195797e+02   5.9093962e+01  -2.1619976e+02  -2.2969615e+01
   1.4828225e+01   1.0000000e+00   3.3130936e+01   2.3671833e+02   5.5700833e+01  -2.1246557e+02  -2.9350332e+01
   1.2235876e+01   1.0000000e+00   3.7461302e+01   2.3765900e+02   5.2226750e+01  -2.1186474e+02  -3.0186208e+01
   9.7099144e+00   1.0000000e+00   4.1162564e+01   2.3324485e+02   4.8350766e+01  -2.1343716e+02  -2.5917119e+01
   7.2887786e+00   1.0000000e+00   4.4011034e+01   2.2770477e+02   4.3485514e+01  -2.1429318e+02  -1.9063592e+01
   5.5392624e+00   1.0000000e+00   4.6597478e+01   2.2153755e+02   3.7853964e+01  -2.1421295e+02  -1.3254181e+01
   4.0476622e+00   1.0000000e+00   5.0002021e+01   2.1496551e+02   3.2754520e+01  -2.1410242e+02  -6.5219621e+00
   3.5803535e+00   1.0000000e+00   5.3280272e+01   2.0713291e+02   2.7740488e+01  -2.1220201e+02   1.0756271e+00
   4.3536795e+00   1.0000000e+00   5.5082009e+01   1.9940668e+02   2.2158016e+01  -2.1043057e+02   8.7335101e+00
   4.4595819e+00   1.0000000e+00   5.7150933e+01   1.9403666e+02   1.8863020e+01  -2.0941792e+02   1.3778064e+01
   3.6090327e+00   1.0000000e+00   5.8510535e+01   1.9119828e+02   1.6875892e+01  -2.0927698e+02   1.8576631e+01
   2.0915419e+00   1.0000000e+00   5.9402653e+01   1.8955555e+02   1.6315017e+01  -2.0998684e+02   2.2829165e+01
  -3.3156687e-01   1.0000000e+00   5.8782769e+01   1.8896764e+02   1.8321517e+01  -2.1013885e+02   2.7067828e+01
  -2.8145313e+00   1.0000000e+00   5.5899813e+01   1.8741807e+02   2.2743191e+01  -2.1072520e+02   3.1150570e+01
