  -2.8333310e+01   1.6922373e+01   1.0885435e+01   1.9696534e+02   6.8792511e+01  -2.5713896e+02   5.8900790e+01
  -2.9875236e+01   1.4979674e+01   1.0064132e+01   1.9420121e+02   6.7779329e+01  -2.4314280e+02   6.1674216e+01
  -2.9461902e+01   2.0093737e+01   9.2502350e+00   1.9136724e+02   6.6758343e+01  -2.2914305e+02   6.4464546e+01
  -2.8205289e+01   2.4369512e+01   2.3250235e+01   1.8775263e+02   5.2758343e+01  -2.2000000e+02   6.7797021e+01
  -2.6799992e+01   2.5553341e+01   2.8000000e+01   1.8520552e+02   4.7000000e+01  -2.2000000e+02   7.0209497e+01
  -2.1122478e+01   2.4604562e+01   2.8000000e+01   1.7508289e+02   4.7000000e+01  -2.2000000e+02   7.5156353e+01
  -1.4953281e+01   2.2029033e+01   2.8000000e+01   1.6480911e+02   4.7000000e+01  -2.2000000e+02   6.6795361e+01
  -1.0181941e+01   1.7557952e+01   2.8000000e+01   1.5560044e+02   4.7000000e+01  -2.2000000e+02   5.6224942e+01
  -6.9144785e+00   1.1705157e+01   2.8000000e+01   1.5095338e+02   4.7000000e+01  -2.2000000e+02   4.4667953e+01
  -1.1217229e+00   6.4269043e+00   2.8000000e+01   1.5373028e+02   4.7000000e+01  -2.2000000e+02   3.3775057e+01
   5.3152503e+00   2.4703765e+00   2.8000000e+01   1.5905574e+02   4.7000000e+01  -2.2000000e+02   2.4861047e+01
   1.2023006e+01  -8.0406859e-01   2.8000000e+01   1.6644999e+02   4.7000000e+01  -2.2000000e+02   2.0030176e+01
   1.7606786e+01  -6.0294481e+00   2.8000000e+01   1.7692681e+02   4.7000000e+01  -2.2000000e+02   1.4263507e+01
   2.2582551e+01  -9.9783876e+00   2.8000000e+01   1.8803485e+02   4.7000000e+01  -2.2000000e+02   1.1276717e+01
   2.6242328e+01  -1.1024774e+01   2.8000000e+01   1.9977529e+02   4.7000000e+01  -2.2000000e+02   7.1083965e+00
   2.6870767e+01  -1.0897112e+01   2.8000000e+01   2.1167826e+02   4.7000000e+01  -2.2000000e+02   2.4206437e+00
   2.2400423e+01  -6.1139271e+00   2.8000000e+01   2.2354536e+02   4.7000000e+01  -2.2000000e+02  -3.6405054e+00
   1.5279837e+01  -9.4577203e-01   2.8000000e+01   2.3531118e+02   4.7000000e+01  -2.2000000e+02  -1.0657377e+01
   1.4233956e+01  -3.4393867e-01   2.8000000e+01   2.4342928e+02   4.7000000e+01  -2.2000000e+02  -1.4788868e+01
   1.3201739e+01  -2.9122069e-01   2.8000000e+01   2.4370273e+02   4.7000000e+01  -2.2000000e+02  -1.3037064e+01
   1.0722768e+01   1.8319273e+00   2.8000000e+01   2.3878784e+02   4.7000000e+01  -2.2000000e+02  -8.1384170e+00
   8.5734711e+00   1.6816069e+00   2.8000000e+01   2.3395878e+02   4.7000000e+01  -2.2000000e+02  -3.3842754e+00
   5.5756872e+00   2.6438270e+00   2.8000000e+01   2.2842198e+02   4.7000000e+01  -2.2000000e+02   2.1563906e+00
   1.6650979e+00   4.6796850e+00   2.8000000e+01   2.2199676e+02   4.7000000e+01  -2.2000000e+02   8.3934017e+00
  -1.0688588e+00   4.6140634e+00   2.8000000e+01   2.1569754e+02   4.7000000e+01  -2.2000000e+02   1.3449378e+01
  -4.3277719e+00   4.3313230e+00   2.8000000e+01   2.1053346e+02   4.7000000e+01  -2.2000000e+02   1.8347958e+01
  -1.0287823e+01   7.1937416e+00   2.8000000e+01   2.0203968e+02   4.7000000e+01  -2.2000000e+02   2.3540218e+01
  -1.4774156e+01   7.8088008e+00   2.8000000e+01   1.9525009e+02   4.7000000e+01  -2.2000000e+02   2.7123323e+01
  -1.9601204e+01   1.0439962e+01   2.8000000e+01   1.8626495e+02   4.7000000e+01  -2.2000000e+02   3.1750104e+01
  -2.4170078e+01   1.7368499e+01   2.8000000e+01   1.7554321e+02   4.7000000e+01  -2.2000000e+02   3.5721909e+01
  -2.8195163e+01   1.9853400e+01   2.8000000e+01   1.6819933e+02   4.7000000e+01  -2.2000000e+02   4.0361768e+01
  -3.3044348e+01   2.4183977e+01   2.8000000e+01   1.6284881e+02   4.7000000e+01  -2.2000000e+02   4.5715267e+01
  -3.6376386e+01   2.7566284e+01   2.8000000e+01   1.5903370e+02   4.7000000e+01  -2.2000000e+02   4.9916727e+01
  -3.8586417e+01   3.2149144e+01   2.8000000e+01   1.5566207e+02   4.7000000e+01  -2.2000000e+02   5.3433407e+01
  -4.0082163e+01   3.3740892e+01   2.8000000e+01   1.5456074e+02   4.7000000e+01  -2.2000000e+02   5.8418876e+01
  -3.8396431e+01   3.0136131e+01   2.8000000e+01   1.5445666e+02   4.7000000e+01  -2.2000000e+02   6.3698975e+01
  -3.8565905e+01   3.1097097e+01   2.8000000e+01   1.5491736e+02   4.7000000e+01  -2.2000000e+02   6.7575540e+01
  -3.8748124e+01   2.7499297e+01   2.8000000e+01   1.5657398e+02   4.7000000e+01  -2.2000000e+02   7.0534336e+01
  -3.7196623e+01   3.0049830e+01   2.8000000e+01   1.5784144e+02   4.7000000e+01  -2.2000000e+02   7.2753152e+01
  -3.5938054e+01   3.0168588e+01   2.8000000e+01   1.5853952e+02   4.7000000e+01  -2.2000000e+02   7.4262728e+01
  -3.2943257e+01   2.7775850e+01   2.8000000e+01   1.5780858e+02   4.7000000e+01  -2.2000000e+02   7.4140876e+01
  -2.9423782e+01   2.5350575e+01   2.8000000e+01   1.5708988e+02   4.7000000e+01  -2.2000000e+02   7.2329260e+01
  -2.5179127e+01   2.3068420e+01   2.8000000e+01   1.5366150e+02   4.7000000e+01  -2.2000000e+02   6.4214533e+01
  -1.8726555e+01   1.5749545e+01   2.8000000e+01   1.4993607e+02   4.7000000e+01  -2.2000000e+02   5.4602129e+01
  -1.3404759e+01   1.5329286e+01   2.8000000e+01   1.4434840e+02   4.7000000e+01  -2.2000000e+02   4.3495636e+01
  -8.9050169e+00   1.2605819e+01   2.8000000e+01   1.4516625e+02   4.7000000e+01  -2.2000000e+02   3.2995849e+01
  -3.1983926e+00   6.8500013e+00   2.8000000e+01   1.5226205e+02   4.7000000e+01  -2.2000000e+02   2.2524487e+01
   3.3495639e+00   1.9974227e+00   2.8000000e+01   1.6256343e+02   4.7000000e+01  -2.2000000e+02   1.5733584e+01
   1.0274673e+01  -4.1851159e+00   2.8000000e+01   1.7385296e+02   4.7000000e+01  -2.2000000e+02   1.2656079e+01
   1.4907523e+01  -1.1070105e+01   2.8000000e+01   1.8545104e+02   4.7000000e+01  -2.2000000e+02   7.1494657e+00
   1.8662716e+01  -1.2193604e+01   2.8000000e+01   1.9701467e+02   4.7000000e+01  -2.2000000e+02   2.7362949e+00
   2.1008335e+01  -1.4158145e+01   2.8000000e+01   2.0898193e+02   4.7000000e+01  -2.2000000e+02  -3.5945584e+00
   2.0957808e+01  -1.1724448e+01   2.8000000e+01   2.2066725e+02   4.7000000e+01  -2.2000000e+02  -8.8540301e+00
   1.7763691e+01  -7.3195452e+00   2.8000000e+01   2.3218571e+02   4.7000000e+01  -2.2000000e+02  -1.4250455e+01
   1.3950162e+01  -3.7048691e+00   2.8000000e+01   2.4283483e+02   4.7000000e+01  -2.2000000e+02  -1.6956258e+01
   1.2227655e+01  -2.0317506e+00   2.8000000e+01   2.4443080e+02   4.7000000e+01  -2.2000000e+02  -1.5510735e+01
   8.9607961e+00   1.1552580e+00   2.8000000e+01   2.3925623e+02   4.7000000e+01  -2.2000000e+02  -1.1828723e+01
   5.3025120e+00   2.7390258e+00   2.8000000e+01   2.3327218e+02   4.7000000e+01  -2.2000000e+02  -6.8120597e+00
   1.6580989e+00   4.9474189e+00   2.8000000e+01   2.2722386e+02   4.7000000e+01  -2.2000000e+02  -1.1589505e+00
  -1.9153757e+00   8.5544314e+00   2.8000000e+01   2.2026673e+02   4.7000000e+01  -2.2000000e+02   4.3066564e+00
  -3.9216325e+00   8.1940405e+00   2.8000000e+01   2.1628192e+02   4.7000000e+01  -2.2000000e+02   9.4262557e+00
  -6.3719661e+00   8.7874806e+00   2.8000000e+01   2.1114478e+02   4.7000000e+01  -2.2000000e+02   1.4346205e+01
  -1.1060477e+01   1.1121783e+01   2.8000000e+01   2.0496776e+02   4.7000000e+01  -2.2000000e+02   1.7918701e+01
  -1.5025073e+01   1.2061119e+01   2.8000000e+01   1.9900904e+02   4.7000000e+01  -2.2000000e+02   2.1521504e+01
  -2.0970497e+01   2.0098323e+01   2.8000000e+01   1.8954539e+02   4.7000000e+01  -2.2000000e+02   2.4955399e+01
  -2.3090426e+01   1.7950590e+01   2.8000000e+01   1.8559307e+02   4.7000000e+01  -2.2000000e+02   2.8933601e+01
  -2.6461433e+01   1.8996051e+01   2.8000000e+01   1.7998848e+02   4.7000000e+01  -2.2000000e+02   3.1491768e+01
  -3.1298083e+01   2.6480901e+01   2.8000000e+01   1.7230512e+02   4.7000000e+01  -2.2000000e+02   3.3503801e+01
  -3.3592782e+01   2.7013343e+01   2.8000000e+01   1.6767974e+02   4.7000000e+01  -2.2000000e+02   3.8432222e+01
  -3.5926589e+01   2.4960993e+01   2.8000000e+01   1.6611697e+02   4.7000000e+01  -2.2000000e+02   4.3817553e+01
  -3.8226600e+01   2.9122606e+01   2.8000000e+01   1.6375912e+02   4.7000000e+01  -2.2000000e+02   4.7252953e+01
  -3.9400986e+01   3.5592566e+01   2.8000000e+01   1.6143173e+02   4.7000000e+01  -2.2000000e+02   5.0689682e+01
  -3.9990348e+01   3.4356928e+01   2.8000000e+01   1.5841702e+02   4.7000000e+01  -2.2000000e+02   5.5068896e+01
  -4.0989711e+01   3.6115396e+01   2.8000000e+01   1.5615451e+02   4.7000000e+01  -2.2000000e+02   5.9958090e+01
  -3.8521705e+01   3.2251855e+01   2.8000000e+01   1.5381587e+02   4.7000000e+01  -2.2000000e+02   6.3673186e+01
  -3.6530925e+01   2.6045116e+01   2.8000000e+01   1.5542375e+02   4.7000000e+01  -2.2000000e+02   6.7260634e+01
  -3.4723997e+01   2.2418964e+01   2.8000000e+01   1.5689327e+02   4.7000000e+01  -2.2000000e+02   6.9483476e+01
  -3.3269359e+01   2.5644721e+01   2.8000000e+01   1.5600328e+02   4.7000000e+01  -2.2000000e+02   7.0202038e+01
  -2.9247513e+01   2.0805262e+01   2.8000000e+01   1.5681433e+02   4.7000000e+01  -2.2000000e+02   6.9833977e+01
  -2.3202685e+01   1.9170624e+01   2.8000000e+01   1.5624704e+02   4.7000000e+01  -2.2000000e+02   6.3493881e+01
  -1.6081230e+01   1.8551847e+01   2.8000000e+01   1.5132897e+02   4.7000000e+01  -2.2000000e+02   5.4541161e+01
  -1.1504704e+01   1.4384049e+01   2.8000000e+01   1.4663939e+02   4.7000000e+01  -2.2000000e+02   4.3605589e+01
  -7.0163018e+00   9.9382297e+00   2.8000000e+01   1.5009061e+02   4.7000000e+01  -2.2000000e+02   3.3071488e+01
   1.1379381e+00   3.6506582e+00   2.8000000e+01   1.6009802e+02   4.7000000e+01  -2.2000000e+02   2.5461614e+01
   8.0425139e+00  -1.1377516e+00   2.8000000e+01   1.7077520e+02   4.7000000e+01  -2.2000000e+02   2.1747013e+01
   1.3846189e+01  -5.4469512e+00   2.8000000e+01   1.8157226e+02   4.7000000e+01  -2.2000000e+02   1.8257526e+01
   1.8959132e+01  -8.6034860e+00   2.8000000e+01   1.9236749e+02   4.7000000e+01  -2.2000000e+02   1.2947451e+01
   2.3268628e+01  -8.6698618e+00   2.8000000e+01   2.0300280e+02   4.7000000e+01  -2.2000000e+02   8.0730838e+00
   2.6275329e+01  -1.0844078e+01   2.8000000e+01   2.1443565e+02   4.7000000e+01  -2.2000000e+02   3.0107308e+00
   2.7163419e+01  -9.5439493e+00   2.8000000e+01   2.2597404e+02   4.7000000e+01  -2.2000000e+02  -2.8611602e+00
   2.2203461e+01  -6.1561453e+00   2.8000000e+01   2.3740325e+02   4.7000000e+01  -2.2000000e+02  -8.0652656e+00
   1.8345403e+01  -3.2445355e+00   2.8000000e+01   2.4734511e+02   4.7000000e+01  -2.2000000e+02  -9.7276596e+00
   1.6967470e+01  -2.7163447e+00   2.8000000e+01   2.4869099e+02   4.7000000e+01  -2.2000000e+02  -8.7723089e+00
   1.3847741e+01  -7.9323669e-01   2.8000000e+01   2.4457104e+02   4.7000000e+01  -2.2000000e+02  -3.2913553e+00
   1.0818982e+01   5.5836887e-01   2.8000000e+01   2.3783654e+02   4.7000000e+01  -2.2000000e+02   2.5519185e+00
   5.8270639e+00   4.2711240e+00   2.8000000e+01   2.2931807e+02   4.7000000e+01  -2.2000000e+02   9.3843406e+00
   1.4452903e+00   5.8327703e+00   2.8000000e+01   2.2054348e+02   4.7000000e+01  -2.2000000e+02   1.4463693e+01
  -1.6990243e+00   6.7016784e+00   2.8000000e+01   2.1315951e+02   4.7000000e+01  -2.2000000e+02   1.9326072e+01
  -6.2537835e+00   8.4975388e+00   2.8000000e+01   2.0577886e+02   4.7000000e+01  -2.2000000e+02   2.3995866e+01
  -1.0989399e+01   9.5599469e+00   2.8000000e+01   1.9782384e+02   4.7000000e+01  -2.2000000e+02   2.8043503e+01
  -1.5970515e+01   1.1630724e+01   2.8000000e+01   1.8947057e+02   4.7000000e+01  -2.2000000e+02   3.2419788e+01
  -1.9964876e+01   1.1911391e+01   2.8000000e+01   1.8237791e+02   4.7000000e+01  -2.2000000e+02   3.5561051e+01
  -2.1624024e+01   1.2681248e+01   2.8000000e+01   1.7738980e+02   4.7000000e+01  -2.2000000e+02   4.0063973e+01
  -2.3641608e+01   1.5620729e+01   2.8000000e+01   1.7249234e+02   4.7000000e+01  -2.2000000e+02   4.4052227e+01
  -2.7922095e+01   1.8631040e+01   2.8000000e+01   1.6854150e+02   4.7000000e+01  -2.2000000e+02   4.7468391e+01
  -3.0285599e+01   2.2498106e+01   2.8000000e+01   1.6438982e+02   4.7000000e+01  -2.2000000e+02   5.1861169e+01
  -3.1912841e+01   2.4435837e+01   2.8000000e+01   1.6121146e+02   4.7000000e+01  -2.2000000e+02   5.5374882e+01
  -3.3416616e+01   2.5629050e+01   2.8000000e+01   1.5785677e+02   4.7000000e+01  -2.2000000e+02   6.0092641e+01
  -3.6004478e+01   2.8074260e+01   2.8000000e+01   1.5515048e+02   4.7000000e+01  -2.2000000e+02   6.3958865e+01
  -3.4534135e+01   2.4531773e+01   2.8000000e+01   1.5591302e+02   4.7000000e+01  -2.2000000e+02   6.8250921e+01
  -3.4616058e+01   2.5125614e+01   2.8000000e+01   1.5731074e+02   4.7000000e+01  -2.2000000e+02   7.1250024e+01
  -3.3662673e+01   2.8189663e+01   2.8000000e+01   1.5715113e+02   4.7000000e+01  -2.2000000e+02   7.2985136e+01
  -2.9861777e+01   2.7878855e+01   2.8000000e+01   1.5731828e+02   4.7000000e+01  -2.2000000e+02   7.3645973e+01
  -2.4285517e+01   2.0668933e+01   2.8000000e+01   1.5722497e+02   4.7000000e+01  -2.2000000e+02   7.2571013e+01
  -1.7412761e+01   1.8118058e+01   2.8000000e+01   1.5337304e+02   4.7000000e+01  -2.2000000e+02   6.3930025e+01
  -1.3926157e+01   2.0028513e+01   2.8000000e+01   1.4876823e+02   4.7000000e+01  -2.2000000e+02   5.4276304e+01
  -1.0061825e+01   1.3982632e+01   2.8000000e+01   1.4754516e+02   4.7000000e+01  -2.2000000e+02   4.3491778e+01
  -6.3105414e+00   9.6126733e+00   2.8000000e+01   1.5037764e+02   4.7000000e+01  -2.2000000e+02   3.4344983e+01
  -2.6376159e+00   5.1135749e+00   2.8000000e+01   1.5467126e+02   4.7000000e+01  -2.2000000e+02   2.7245872e+01
   3.3579784e+00   1.8794420e+00   2.8000000e+01   1.5937154e+02   4.7000000e+01  -2.2000000e+02   2.0246098e+01
   9.8499091e+00  -6.0436499e+00   2.8000000e+01   1.6907758e+02   4.7000000e+01  -2.2000000e+02   1.3855491e+01
   1.3816010e+01  -1.0311698e+01   2.8000000e+01   1.8059404e+02   4.7000000e+01  -2.2000000e+02   8.7027813e+00
   1.7796680e+01  -1.1946758e+01   2.8000000e+01   1.9208222e+02   4.7000000e+01  -2.2000000e+02   4.6526458e+00
   2.1105765e+01  -1.1433365e+01   2.8000000e+01   2.0400640e+02   4.7000000e+01  -2.2000000e+02   4.3248841e-01
   2.1797883e+01  -1.1433319e+01   2.8000000e+01   2.1599550e+02   4.7000000e+01  -2.2000000e+02  -5.8720967e+00
   1.9221445e+01  -7.8339933e+00   2.8000000e+01   2.2788077e+02   4.7000000e+01  -2.2000000e+02  -1.2516072e+01
   1.4479068e+01  -4.2526082e+00   2.8000000e+01   2.3932399e+02   4.7000000e+01  -2.2000000e+02  -1.6840793e+01
   1.5062703e+01  -4.7792776e+00   2.8000000e+01   2.4666484e+02   4.7000000e+01  -2.2000000e+02  -1.9591416e+01
   1.3184510e+01  -4.5947811e+00   2.8000000e+01   2.4564225e+02   4.7000000e+01  -2.2000000e+02  -1.6827893e+01
   9.8388378e+00  -2.3458765e+00   2.8000000e+01   2.4021536e+02   4.7000000e+01  -2.2000000e+02  -1.1323298e+01
   6.3111747e+00  -9.5568438e-01   2.8000000e+01   2.3432194e+02   4.7000000e+01  -2.2000000e+02  -6.0340956e+00
   2.1969984e+00   2.2278236e+00   2.8000000e+01   2.2707743e+02   4.7000000e+01  -2.2000000e+02   8.2327057e-01
  -2.3507340e+00   4.6651427e+00   2.8000000e+01   2.1988749e+02   4.7000000e+01  -2.2000000e+02   6.1560671e+00
  -5.6961708e+00   5.4076451e+00   2.8000000e+01   2.1461040e+02   4.7000000e+01  -2.2000000e+02   1.1375951e+01
  -9.4959147e+00   6.3132113e+00   2.8000000e+01   2.0947209e+02   4.7000000e+01  -2.2000000e+02   1.4987664e+01
  -1.4419238e+01   8.0237153e+00   2.8000000e+01   2.0277468e+02   4.7000000e+01  -2.2000000e+02   1.8453918e+01
  -1.7914630e+01   9.2550126e+00   2.8000000e+01   1.9622911e+02   4.7000000e+01  -2.2000000e+02   2.2759018e+01
  -2.1974124e+01   1.2415116e+01   2.8000000e+01   1.8931525e+02   4.7000000e+01  -2.2000000e+02   2.6881794e+01
  -2.5730802e+01   1.3982808e+01   2.8000000e+01   1.8395635e+02   4.7000000e+01  -2.2000000e+02   2.7938389e+01
  -2.6758461e+01   1.4136217e+01   2.8000000e+01   1.8061178e+02   4.7000000e+01  -2.2000000e+02   3.1318153e+01
  -3.0253378e+01   1.8095956e+01   2.8000000e+01   1.7566039e+02   4.7000000e+01  -2.2000000e+02   3.4569193e+01
  -3.3147405e+01   1.8456294e+01   2.8000000e+01   1.7150461e+02   4.7000000e+01  -2.2000000e+02   3.9118067e+01
  -3.6471341e+01   2.3175473e+01   2.8000000e+01   1.6759820e+02   4.7000000e+01  -2.2000000e+02   4.2100722e+01
  -3.7642499e+01   2.7875286e+01   2.8000000e+01   1.6486270e+02   4.7000000e+01  -2.2000000e+02   4.5666910e+01
  -3.9245015e+01   3.2898107e+01   2.8000000e+01   1.6132864e+02   4.7000000e+01  -2.2000000e+02   4.9581044e+01
  -4.0134677e+01   3.3076448e+01   2.8000000e+01   1.5927857e+02   4.7000000e+01  -2.2000000e+02   5.3244373e+01
  -4.2597704e+01   3.2407633e+01   2.8000000e+01   1.5823685e+02   4.7000000e+01  -2.2000000e+02   5.4757157e+01
  -4.2286599e+01   3.3397856e+01   2.8000000e+01   1.5841962e+02   4.7000000e+01  -2.2000000e+02   5.7611291e+01
  -3.8589314e+01   2.7986637e+01   2.8000000e+01   1.5715815e+02   4.7000000e+01  -2.2000000e+02   5.9713931e+01
  -3.3381980e+01   2.1767745e+01   2.8000000e+01   1.5648496e+02   4.7000000e+01  -2.2000000e+02   5.9478530e+01
  -2.7453543e+01   1.5901385e+01   2.8000000e+01   1.5532054e+02   4.7000000e+01  -2.2000000e+02   5.3385774e+01
  -1.8353272e+01   1.6340074e+01   2.8000000e+01   1.5006455e+02   4.7000000e+01  -2.2000000e+02   4.3712028e+01
  -1.4616148e+01   1.2473175e+01   2.8000000e+01   1.4941195e+02   4.7000000e+01  -2.2000000e+02   3.3371395e+01
  -8.0008572e+00   7.4038628e+00   2.8000000e+01   1.5851161e+02   4.7000000e+01  -2.2000000e+02   2.3933042e+01
  -1.9851730e+00   3.9696726e+00   2.8000000e+01   1.6823926e+02   4.7000000e+01  -2.2000000e+02   2.1306915e+01
   5.7002768e+00   2.8585802e-01   2.8000000e+01   1.7927996e+02   4.7000000e+01  -2.2000000e+02   1.7506226e+01
   1.2394604e+01  -2.5663918e+00   2.8000000e+01   1.9038203e+02   4.7000000e+01  -2.2000000e+02   1.5862634e+01
   1.7518545e+01  -4.1081336e+00   2.8000000e+01   2.0183411e+02   4.7000000e+01  -2.2000000e+02   1.0614940e+01
   2.2074501e+01  -6.4111827e+00   2.8000000e+01   2.1302410e+02   4.7000000e+01  -2.2000000e+02   5.2614373e+00
   2.3736565e+01  -7.8771198e+00   2.8000000e+01   2.2372989e+02   4.7000000e+01  -2.2000000e+02   1.9726382e-01
   2.1217432e+01  -6.2394739e+00   2.8000000e+01   2.3399239e+02   4.7000000e+01  -2.2000000e+02  -6.7459650e+00
   1.5296312e+01  -3.3722055e+00   2.8000000e+01   2.4408623e+02   4.7000000e+01  -2.2000000e+02  -1.0932612e+01
   1.3616046e+01  -1.1965871e+00   2.8000000e+01   2.4546589e+02   4.7000000e+01  -2.2000000e+02  -9.4120348e+00
   1.0626964e+01   4.2294055e-01   2.8000000e+01   2.3997763e+02   4.7000000e+01  -2.2000000e+02  -4.5845097e+00
   7.3964112e+00   1.4849833e+00   2.8000000e+01   2.3424944e+02   4.7000000e+01  -2.2000000e+02   2.1554964e+00
   3.0742990e+00   4.7179689e+00   2.8000000e+01   2.2558641e+02   4.7000000e+01  -2.2000000e+02   8.6629303e+00
  -8.5487925e-01   6.3638155e+00   2.8000000e+01   2.1759031e+02   4.7000000e+01  -2.2000000e+02   1.5040168e+01
  -4.0231956e+00   8.4654014e+00   2.8000000e+01   2.1053232e+02   4.7000000e+01  -2.2000000e+02   1.8946634e+01
  -7.6243392e+00   1.0294409e+01   2.8000000e+01   2.0355669e+02   4.7000000e+01  -2.2000000e+02   2.4062702e+01
  -1.2434063e+01   1.1360241e+01   2.8000000e+01   1.9749357e+02   4.7000000e+01  -2.2000000e+02   2.8068734e+01
  -1.6469327e+01   1.2304398e+01   2.8000000e+01   1.9178866e+02   4.7000000e+01  -2.2000000e+02   3.0696514e+01
  -1.9806235e+01   1.4846746e+01   2.8000000e+01   1.8456490e+02   4.7000000e+01  -2.2000000e+02   3.3829218e+01
  -2.3377719e+01   1.7205021e+01   2.8000000e+01   1.7870243e+02   4.7000000e+01  -2.2000000e+02   3.6683419e+01
  -2.6238015e+01   1.7767836e+01   2.8000000e+01   1.7538002e+02   4.7000000e+01  -2.2000000e+02   3.9073381e+01
  -2.9210963e+01   2.1371504e+01   2.8000000e+01   1.7194243e+02   4.7000000e+01  -2.2000000e+02   4.2045860e+01
  -3.2276692e+01   2.4746712e+01   2.8000000e+01   1.6835147e+02   4.7000000e+01  -2.2000000e+02   4.4741556e+01
  -3.4216165e+01   2.5672779e+01   2.8000000e+01   1.6505428e+02   4.7000000e+01  -2.2000000e+02   4.9646669e+01
  -3.5935348e+01   2.7887516e+01   2.8000000e+01   1.6324556e+02   4.7000000e+01  -2.2000000e+02   5.3627268e+01
  -3.6496950e+01   3.1972432e+01   2.8000000e+01   1.6057464e+02   4.7000000e+01  -2.2000000e+02   5.6238744e+01
  -3.7935739e+01   3.6225124e+01   2.8000000e+01   1.5862135e+02   4.7000000e+01  -2.2000000e+02   5.9510898e+01
  -3.9934945e+01   3.5599825e+01   2.8000000e+01   1.5721373e+02   4.7000000e+01  -2.2000000e+02   6.2238161e+01
  -4.0030760e+01   3.3032987e+01   2.8000000e+01   1.5560179e+02   4.7000000e+01  -2.2000000e+02   6.4577220e+01
  -3.9557969e+01   3.2452098e+01   2.8000000e+01   1.5644279e+02   4.7000000e+01  -2.2000000e+02   6.7736780e+01
  -3.9598026e+01   3.0792469e+01   2.8000000e+01   1.5752120e+02   4.7000000e+01  -2.2000000e+02   7.0289494e+01
  -3.8929444e+01   2.9374716e+01   2.8000000e+01   1.5895084e+02   4.7000000e+01  -2.2000000e+02   7.1455117e+01
  -3.8045269e+01   2.7545004e+01   2.8000000e+01   1.5989711e+02   4.7000000e+01  -2.2000000e+02   7.1804674e+01
  -3.5732320e+01   2.8132578e+01   2.8000000e+01   1.5925081e+02   4.7000000e+01  -2.2000000e+02   7.2282617e+01
  -3.1391191e+01   2.0969066e+01   2.8000000e+01   1.5911678e+02   4.7000000e+01  -2.2000000e+02   7.0805887e+01
  -2.3654016e+01   1.8634908e+01   2.8000000e+01   1.5670915e+02   4.7000000e+01  -2.2000000e+02   6.3955122e+01
  -1.8154722e+01   1.9699458e+01   2.8000000e+01   1.5253006e+02   4.7000000e+01  -2.2000000e+02   5.4198225e+01
  -1.4056773e+01   1.5555898e+01   2.8000000e+01   1.4995322e+02   4.7000000e+01  -2.2000000e+02   4.2898595e+01
  -7.5076754e+00   7.8396929e+00   2.8000000e+01   1.5521864e+02   4.7000000e+01  -2.2000000e+02   3.2112521e+01
  -6.7035698e-01   2.2123916e+00   2.8000000e+01   1.6557833e+02   4.7000000e+01  -2.2000000e+02   2.3682775e+01
   6.9215722e+00  -2.6365041e+00   2.8000000e+01   1.7669929e+02   4.7000000e+01  -2.2000000e+02   1.9933575e+01
   1.2923651e+01  -3.9903265e+00   2.8000000e+01   1.8786175e+02   4.7000000e+01  -2.2000000e+02   1.7031894e+01
   1.7938250e+01  -4.5384248e+00   2.8000000e+01   1.9925134e+02   4.7000000e+01  -2.2000000e+02   1.2728594e+01
   2.1173387e+01  -5.3780786e+00   2.8000000e+01   2.1084634e+02   4.7000000e+01  -2.2000000e+02   6.1088223e+00
   2.2591855e+01  -5.6232944e+00   2.8000000e+01   2.2246444e+02   4.7000000e+01  -2.2000000e+02  -1.0205091e+00
   2.3345318e+01  -6.2803959e+00   2.8000000e+01   2.3341058e+02   4.7000000e+01  -2.2000000e+02  -9.0162237e+00
   1.8428517e+01  -4.9679709e+00   2.8000000e+01   2.4326746e+02   4.7000000e+01  -2.2000000e+02  -1.6805117e+01
   1.5596779e+01  -3.3837824e+00   2.8000000e+01   2.4910214e+02   4.7000000e+01  -2.2000000e+02  -1.9860833e+01
   1.3962827e+01  -1.7260584e+00   2.8000000e+01   2.4770797e+02   4.7000000e+01  -2.2000000e+02  -1.7098585e+01
   1.1063140e+01   1.5343847e-02   2.8000000e+01   2.4239938e+02   4.7000000e+01  -2.2000000e+02  -1.1631211e+01
   8.3637193e+00   1.7248827e+00   2.8000000e+01   2.3653807e+02   4.7000000e+01  -2.2000000e+02  -6.6821193e+00
   4.9408670e+00   3.1232249e+00   2.8000000e+01   2.3043214e+02   4.7000000e+01  -2.2000000e+02  -1.4921483e-01
   7.1405074e-01   5.1706575e+00   2.8000000e+01   2.2321580e+02   4.7000000e+01  -2.2000000e+02   5.7658793e+00
  -2.5161084e+00   6.3344874e+00   2.8000000e+01   2.1658211e+02   4.7000000e+01  -2.2000000e+02   1.0636861e+01
  -5.4842884e+00   5.4857261e+00   2.8000000e+01   2.1286943e+02   4.7000000e+01  -2.2000000e+02   1.4323290e+01
  -8.9182234e+00   5.6344140e+00   2.8000000e+01   2.0785353e+02   4.7000000e+01  -2.2000000e+02   1.8295756e+01
  -1.3218504e+01   7.0555398e+00   2.8000000e+01   2.0150024e+02   4.7000000e+01  -2.2000000e+02   2.2989569e+01
  -1.7580990e+01   7.4418107e+00   2.8000000e+01   1.9544607e+02   4.7000000e+01  -2.2000000e+02   2.6300705e+01
  -2.1758843e+01   1.3440306e+01   2.8000000e+01   1.8666254e+02   4.7000000e+01  -2.2000000e+02   2.9715025e+01
  -2.5367883e+01   1.7105842e+01   2.8000000e+01   1.7880789e+02   4.7000000e+01  -2.2000000e+02   3.2400388e+01
  -2.7573450e+01   1.6114761e+01   2.8000000e+01   1.7701566e+02   4.7000000e+01  -2.2000000e+02   3.6399704e+01
  -3.1666571e+01   1.9056315e+01   2.8000000e+01   1.7152977e+02   4.7000000e+01  -2.2000000e+02   4.0704475e+01
  -3.5217213e+01   2.4856165e+01   2.8000000e+01   1.6654302e+02   4.7000000e+01  -2.2000000e+02   4.2643209e+01
  -3.7584276e+01   2.7749769e+01   2.8000000e+01   1.6297763e+02   4.7000000e+01  -2.2000000e+02   4.7801267e+01
  -3.9768751e+01   3.2864708e+01   2.8000000e+01   1.6019870e+02   4.7000000e+01  -2.2000000e+02   5.1274351e+01
  -4.1481511e+01   3.6380576e+01   2.8000000e+01   1.5865548e+02   4.7000000e+01  -2.2000000e+02   5.5368016e+01
  -4.1251192e+01   3.4907787e+01   2.8000000e+01   1.5702644e+02   4.7000000e+01  -2.2000000e+02   5.8310674e+01
  -3.8294150e+01   3.0011392e+01   2.8000000e+01   1.5568185e+02   4.7000000e+01  -2.2000000e+02   6.0979073e+01
  -3.3396865e+01   2.7909335e+01   2.8000000e+01   1.5466262e+02   4.7000000e+01  -2.2000000e+02   5.9945646e+01
  -2.5589309e+01   2.5053791e+01   2.8000000e+01   1.5276541e+02   4.7000000e+01  -2.2000000e+02   5.5588256e+01
  -1.9837758e+01   1.7505673e+01   2.8000000e+01   1.4849512e+02   4.7000000e+01  -2.2000000e+02   4.6216533e+01
  -1.5359152e+01   1.4699122e+01   2.8000000e+01   1.4749610e+02   4.7000000e+01  -2.2000000e+02   3.5042446e+01
  -8.8461968e+00   8.5766958e+00   2.8000000e+01   1.5457360e+02   4.7000000e+01  -2.2000000e+02   2.6051545e+01
  -9.3521925e-01   4.0063753e+00   2.8000000e+01   1.6443215e+02   4.7000000e+01  -2.2000000e+02   2.2275580e+01
   6.9982137e+00   1.2098363e+00   2.8000000e+01   1.7520013e+02   4.7000000e+01  -2.2000000e+02   1.9125706e+01
   1.3027918e+01  -1.4556840e+00   2.8000000e+01   1.8625933e+02   4.7000000e+01  -2.2000000e+02   1.7049440e+01
   1.7166219e+01  -2.1001383e+00   2.8000000e+01   1.9795679e+02   4.7000000e+01  -2.2000000e+02   1.1267378e+01
   1.8795918e+01  -3.2321759e+00   2.8000000e+01   2.0965856e+02   4.7000000e+01  -2.2000000e+02   6.3850431e+00
   1.9334896e+01  -2.4029365e+00   2.8000000e+01   2.2121352e+02   4.7000000e+01  -2.2000000e+02  -6.6362814e-01
   1.7221754e+01  -1.5556250e+00   2.8000000e+01   2.3253678e+02   4.7000000e+01  -2.2000000e+02  -7.4851745e+00
   1.4476216e+01  -2.5300105e-01   2.8000000e+01   2.4294460e+02   4.7000000e+01  -2.2000000e+02  -1.2373350e+01
   1.3646460e+01   8.1429853e-02   2.8000000e+01   2.4475915e+02   4.7000000e+01  -2.2000000e+02  -1.1785311e+01
   1.0368578e+01   1.7271359e+00   2.8000000e+01   2.4041503e+02   4.7000000e+01  -2.2000000e+02  -6.5661145e+00
   8.0015636e+00   2.2851637e+00   2.8000000e+01   2.3582536e+02   4.7000000e+01  -2.2000000e+02  -9.8193777e-01
   4.6840616e+00   4.6521907e+00   2.8000000e+01   2.2986136e+02   4.7000000e+01  -2.2000000e+02   4.3400504e+00
   5.7773653e-01   7.8440049e+00   2.8000000e+01   2.2157071e+02   4.7000000e+01  -2.2000000e+02   1.0080746e+01
  -2.6321173e+00   9.2605721e+00   2.8000000e+01   2.1536516e+02   4.7000000e+01  -2.2000000e+02   1.4723906e+01
  -5.0183397e+00   1.0007553e+01   2.8000000e+01   2.0960452e+02   4.7000000e+01  -2.2000000e+02   1.7848373e+01
  -6.6642940e+00   1.0966064e+01   2.8000000e+01   2.0510886e+02   4.7000000e+01  -2.2000000e+02   2.0975030e+01
  -1.0864233e+01   1.2268255e+01   2.8000000e+01   1.9892090e+02   4.7000000e+01  -2.2000000e+02   2.4609462e+01
  -1.5116371e+01   1.3929752e+01   2.8000000e+01   1.9278445e+02   4.7000000e+01  -2.2000000e+02   2.7030289e+01
  -1.7438173e+01   1.3851971e+01   2.8000000e+01   1.8901475e+02   4.7000000e+01  -2.2000000e+02   3.0024540e+01
  -2.1095123e+01   1.5535567e+01   2.8000000e+01   1.8368706e+02   4.7000000e+01  -2.2000000e+02   3.2686215e+01
  -2.4363992e+01   2.1279831e+01   2.8000000e+01   1.7674224e+02   4.7000000e+01  -2.2000000e+02   3.6521127e+01
  -2.6185368e+01   2.0404738e+01   2.8000000e+01   1.7460119e+02   4.7000000e+01  -2.2000000e+02   3.8512899e+01
  -2.8295202e+01   2.0958582e+01   2.8000000e+01   1.7024282e+02   4.7000000e+01  -2.2000000e+02   4.2328599e+01
  -3.2324316e+01   2.3271124e+01   2.8000000e+01   1.6581082e+02   4.7000000e+01  -2.2000000e+02   4.4878351e+01
  -3.5136808e+01   2.6127647e+01   2.8000000e+01   1.6337343e+02   4.7000000e+01  -2.2000000e+02   4.7699194e+01
  -3.6911370e+01   2.4736321e+01   2.8000000e+01   1.6254447e+02   4.7000000e+01  -2.2000000e+02   5.0548067e+01
  -4.0766203e+01   3.2535346e+01   2.8000000e+01   1.6001801e+02   4.7000000e+01  -2.2000000e+02   5.3772256e+01
  -4.1113201e+01   3.6365144e+01   2.8000000e+01   1.5915647e+02   4.7000000e+01  -2.2000000e+02   5.6672624e+01
  -4.0892955e+01   3.4215035e+01   2.8000000e+01   1.5818338e+02   4.7000000e+01  -2.2000000e+02   6.0324596e+01
  -4.0527270e+01   3.3773747e+01   2.8000000e+01   1.5780228e+02   4.7000000e+01  -2.2000000e+02   6.3675408e+01
  -4.0347512e+01   3.4304890e+01   2.8000000e+01   1.5788272e+02   4.7000000e+01  -2.2000000e+02   6.7546197e+01
  -3.9978933e+01   3.2523943e+01   2.8000000e+01   1.5794392e+02   4.7000000e+01  -2.2000000e+02   7.0066587e+01
  -4.0249805e+01   3.1000826e+01   2.8000000e+01   1.5831484e+02   4.7000000e+01  -2.2000000e+02   7.1090670e+01
  -3.9564866e+01   3.1695377e+01   2.8000000e+01   1.5875758e+02   4.7000000e+01  -2.2000000e+02   7.2116305e+01
  -3.8350367e+01   2.7599321e+01   2.8000000e+01   1.5920019e+02   4.7000000e+01  -2.2000000e+02   7.2048878e+01
  -3.7096097e+01   2.7735583e+01   2.8000000e+01   1.5869238e+02   4.7000000e+01  -2.2000000e+02   7.1435864e+01
  -3.2910022e+01   2.6134216e+01   2.8000000e+01   1.5803204e+02   4.7000000e+01  -2.2000000e+02   7.0622106e+01
  -2.9000821e+01   2.3863063e+01   2.8000000e+01   1.5742270e+02   4.7000000e+01  -2.2000000e+02   6.9136771e+01
  -2.3972486e+01   2.2278348e+01   2.8000000e+01   1.5484013e+02   4.7000000e+01  -2.2000000e+02   6.3449983e+01
  -1.8501967e+01   1.7310368e+01   2.8000000e+01   1.5257099e+02   4.7000000e+01  -2.2000000e+02   5.4482718e+01
  -1.3979443e+01   1.3969659e+01   2.8000000e+01   1.4800129e+02   4.7000000e+01  -2.2000000e+02   4.3128285e+01
  -7.5621260e+00   6.8097540e+00   2.8000000e+01   1.5323000e+02   4.7000000e+01  -2.2000000e+02   3.2793169e+01
   3.3694763e-01   2.0276336e+00   2.8000000e+01   1.6348396e+02   4.7000000e+01  -2.2000000e+02   2.3704306e+01
   7.2703742e+00  -4.5379035e+00   2.8000000e+01   1.7464060e+02   4.7000000e+01  -2.2000000e+02   1.7795037e+01
   1.3112626e+01  -6.5791025e+00   2.8000000e+01   1.8619623e+02   4.7000000e+01  -2.2000000e+02   1.4889638e+01
   1.6676302e+01  -4.9687742e+00   2.8000000e+01   1.9799670e+02   4.7000000e+01  -2.2000000e+02   1.1081711e+01
   1.8407413e+01  -4.0420353e+00   2.8000000e+01   2.0988917e+02   4.7000000e+01  -2.2000000e+02   5.2792462e+00
   1.5759898e+01  -1.9940156e+00   2.8000000e+01   2.2176957e+02   4.7000000e+01  -2.2000000e+02  -1.5004160e+00
   1.0888476e+01   5.5177298e-01   2.8000000e+01   2.3331524e+02   4.7000000e+01  -2.2000000e+02  -7.2212483e+00
   1.1047311e+01   4.5943142e-01   2.8000000e+01   2.4126071e+02   4.7000000e+01  -2.2000000e+02  -9.2049284e+00
   9.6857639e+00   6.0456583e-01   2.8000000e+01   2.4011966e+02   4.7000000e+01  -2.2000000e+02  -6.6147226e+00
   7.0683397e+00   2.3280310e+00   2.8000000e+01   2.3443804e+02   4.7000000e+01  -2.2000000e+02  -5.7630905e-01
   3.6066724e+00   4.3639960e+00   2.8000000e+01   2.2807136e+02   4.7000000e+01  -2.2000000e+02   5.0578478e+00
  -8.2263173e-01   7.6570889e+00   2.8000000e+01   2.1979430e+02   4.7000000e+01  -2.2000000e+02   1.0391813e+01
  -3.9603335e+00   8.8786224e+00   2.8000000e+01   2.1314009e+02   4.7000000e+01  -2.2000000e+02   1.5651142e+01
  -7.3807643e+00   9.7683976e+00   2.8000000e+01   2.0757226e+02   4.7000000e+01  -2.2000000e+02   2.0579170e+01
  -1.0374410e+01   1.0173954e+01   2.8000000e+01   2.0240931e+02   4.7000000e+01  -2.2000000e+02   2.4302918e+01
  -1.4973657e+01   1.1001899e+01   2.8000000e+01   1.9677828e+02   4.7000000e+01  -2.2000000e+02   2.7524047e+01
  -1.8686419e+01   1.1142892e+01   2.8000000e+01   1.9011335e+02   4.7000000e+01  -2.2000000e+02   3.0629947e+01
  -2.3438086e+01   1.5876739e+01   2.8000000e+01   1.8264469e+02   4.7000000e+01  -2.2000000e+02   3.3779921e+01
  -2.6041346e+01   1.6237379e+01   2.8000000e+01   1.7789830e+02   4.7000000e+01  -2.2000000e+02   3.7212757e+01
  -2.9923674e+01   2.1485028e+01   2.8000000e+01   1.7241280e+02   4.7000000e+01  -2.2000000e+02   4.0495802e+01
  -3.4705720e+01   2.5441081e+01   2.8000000e+01   1.6782989e+02   4.7000000e+01  -2.2000000e+02   4.3483396e+01
  -3.6743680e+01   2.5783741e+01   2.8000000e+01   1.6495036e+02   4.7000000e+01  -2.2000000e+02   4.8167150e+01
  -3.9269609e+01   3.0197357e+01   2.8000000e+01   1.6214148e+02   4.7000000e+01  -2.2000000e+02   5.1496435e+01
  -4.1799693e+01   3.3959988e+01   2.8000000e+01   1.6122399e+02   4.7000000e+01  -2.2000000e+02   5.3717828e+01
  -4.1013511e+01   3.4611791e+01   2.8000000e+01   1.6145414e+02   4.7000000e+01  -2.2000000e+02   5.7753646e+01
  -4.1042235e+01   3.5648653e+01   2.8000000e+01   1.5823416e+02   4.7000000e+01  -2.2000000e+02   6.1517380e+01
  -4.2245581e+01   3.1696149e+01   2.8000000e+01   1.6024050e+02   4.7000000e+01  -2.2000000e+02   6.4628897e+01
  -4.1708729e+01   3.1909557e+01   2.8000000e+01   1.6183121e+02   4.7000000e+01  -2.2000000e+02   6.8075673e+01
  -4.0919641e+01   3.0886871e+01   2.8000000e+01   1.6113010e+02   4.7000000e+01  -2.2000000e+02   7.0740597e+01
  -4.1142866e+01   2.8539288e+01   2.8000000e+01   1.6114851e+02   4.7000000e+01  -2.2000000e+02   7.2363249e+01
  -4.0227336e+01   2.9956965e+01   2.8000000e+01   1.5975138e+02   4.7000000e+01  -2.2000000e+02   7.3184372e+01
  -3.8531638e+01   2.8532435e+01   2.8000000e+01   1.5937295e+02   4.7000000e+01  -2.2000000e+02   7.3486032e+01
  -3.5160695e+01   2.3559276e+01   2.8000000e+01   1.5869166e+02   4.7000000e+01  -2.2000000e+02   7.2678375e+01
  -3.0444264e+01   2.1734058e+01   2.8000000e+01   1.5677986e+02   4.7000000e+01  -2.2000000e+02   6.6272113e+01
  -2.4311284e+01   1.8961695e+01   2.8000000e+01   1.5416505e+02   4.7000000e+01  -2.2000000e+02   5.7012770e+01
  -1.7462132e+01   1.5269294e+01   2.8000000e+01   1.4868119e+02   4.7000000e+01  -2.2000000e+02   4.6076430e+01
  -1.2871103e+01   1.5282985e+01   2.8000000e+01   1.4770326e+02   4.7000000e+01  -2.2000000e+02   3.5775816e+01
  -4.3678949e+00   7.0613231e+00   2.8000000e+01   1.5650098e+02   4.7000000e+01  -2.2000000e+02   2.6037143e+01
   2.9543966e+00   5.0649884e+00   2.8000000e+01   1.6622908e+02   4.7000000e+01  -2.2000000e+02   2.1483613e+01
   9.2910057e+00  -7.9747166e-02   2.8000000e+01   1.7730222e+02   4.7000000e+01  -2.2000000e+02   1.7778365e+01
   1.4668783e+01  -3.8121540e+00   2.8000000e+01   1.8854013e+02   4.7000000e+01  -2.2000000e+02   1.5139413e+01
   1.9069880e+01  -5.3215626e+00   2.8000000e+01   2.0013984e+02   4.7000000e+01  -2.2000000e+02   9.0532412e+00
   2.1862567e+01  -6.7365361e+00   2.8000000e+01   2.1185654e+02   4.7000000e+01  -2.2000000e+02   3.2126025e+00
   2.1896908e+01  -5.5721503e+00   2.8000000e+01   2.2350668e+02   4.7000000e+01  -2.2000000e+02  -4.1132605e+00
   1.7866977e+01  -3.0613959e+00   2.8000000e+01   2.3497026e+02   4.7000000e+01  -2.2000000e+02  -1.0649710e+01
   1.5088590e+01  -6.3344402e-01   2.8000000e+01   2.4479034e+02   4.7000000e+01  -2.2000000e+02  -1.5251258e+01
   1.4373321e+01  -1.1684455e+00   2.8000000e+01   2.4722374e+02   4.7000000e+01  -2.2000000e+02  -1.4691964e+01
   1.2243455e+01   6.4187602e-01   2.8000000e+01   2.4313863e+02   4.7000000e+01  -2.2000000e+02  -1.0070051e+01
   9.4142503e+00   2.0968808e+00   2.8000000e+01   2.3767216e+02   4.7000000e+01  -2.2000000e+02  -4.9061898e+00
   6.2015823e+00   4.1822156e+00   2.8000000e+01   2.3188004e+02   4.7000000e+01  -2.2000000e+02   1.8704058e+00
   2.5452331e+00   5.5546193e+00   2.8000000e+01   2.2504089e+02   4.7000000e+01  -2.2000000e+02   8.1654158e+00
  -3.2433901e-01   6.9151891e+00   2.8000000e+01   2.1805524e+02   4.7000000e+01  -2.2000000e+02   1.3587160e+01
  -3.4998125e+00   7.0225957e+00   2.8000000e+01   2.1284572e+02   4.7000000e+01  -2.2000000e+02   1.6752437e+01
  -7.7931709e+00   8.8757889e+00   2.8000000e+01   2.0697531e+02   4.7000000e+01  -2.2000000e+02   2.0024384e+01
  -1.3751596e+01   9.9475791e+00   2.8000000e+01   2.0052737e+02   4.7000000e+01  -2.2000000e+02   2.3979798e+01
  -1.8045818e+01   1.1114487e+01   2.8000000e+01   1.9349344e+02   4.7000000e+01  -2.2000000e+02   2.7098446e+01
  -2.3822130e+01   1.6970197e+01   2.8000000e+01   1.8387563e+02   4.7000000e+01  -2.2000000e+02   2.9103901e+01
  -2.7162104e+01   2.0108186e+01   2.8000000e+01   1.7648863e+02   4.7000000e+01  -2.2000000e+02   3.2518297e+01
  -3.0113428e+01   2.3534387e+01   2.8000000e+01   1.7104205e+02   4.7000000e+01  -2.2000000e+02   3.6720223e+01
  -3.2388090e+01   2.3495532e+01   2.8000000e+01   1.6626524e+02   4.7000000e+01  -2.2000000e+02   4.2490755e+01
  -3.6214770e+01   2.7386821e+01   2.8000000e+01   1.6323871e+02   4.7000000e+01  -2.2000000e+02   4.5452533e+01
  -3.8911164e+01   3.2077244e+01   2.8000000e+01   1.6021455e+02   4.7000000e+01  -2.2000000e+02   4.8411183e+01
  -4.0570948e+01   3.4626624e+01   2.8000000e+01   1.5852252e+02   4.7000000e+01  -2.2000000e+02   5.1930978e+01
  -4.0819122e+01   3.5433681e+01   2.8000000e+01   1.5794969e+02   4.7000000e+01  -2.2000000e+02   5.5373132e+01
  -3.9857395e+01   3.3118728e+01   2.8000000e+01   1.5557521e+02   4.7000000e+01  -2.2000000e+02   5.9569280e+01
  -3.9501502e+01   3.4058969e+01   2.8000000e+01   1.5377781e+02   4.7000000e+01  -2.2000000e+02   6.3251210e+01
  -3.9079285e+01   3.0494246e+01   2.8000000e+01   1.5363446e+02   4.7000000e+01  -2.2000000e+02   6.5395222e+01
  -3.7192610e+01   2.6495920e+01   2.8000000e+01   1.5448093e+02   4.7000000e+01  -2.2000000e+02   6.7394985e+01
  -3.3440130e+01   2.4786188e+01   2.8000000e+01   1.5582573e+02   4.7000000e+01  -2.2000000e+02   6.8643623e+01
  -3.1303169e+01   2.3849279e+01   2.8000000e+01   1.5643229e+02   4.7000000e+01  -2.2000000e+02   6.8117967e+01
  -2.6272345e+01   2.1956259e+01   2.8000000e+01   1.5487265e+02   4.7000000e+01  -2.2000000e+02   6.2962727e+01
  -2.1112227e+01   1.8308641e+01   2.8000000e+01   1.5346033e+02   4.7000000e+01  -2.2000000e+02   5.6057447e+01
  -1.5609680e+01   1.2276462e+01   2.8000000e+01   1.5042342e+02   4.7000000e+01  -2.2000000e+02   4.5665068e+01
  -9.4950119e+00   9.5881121e+00   2.8000000e+01   1.5558225e+02   4.7000000e+01  -2.2000000e+02   3.5744128e+01
  -1.8429621e+00   5.9500382e+00   2.8000000e+01   1.6418268e+02   4.7000000e+01  -2.2000000e+02   2.8336868e+01
   6.5563700e+00   2.1645828e+00   2.8000000e+01   1.7467434e+02   4.7000000e+01  -2.2000000e+02   2.4361531e+01
   1.2258668e+01  -1.5822819e-01   2.8000000e+01   1.8587737e+02   4.7000000e+01  -2.2000000e+02   2.0647212e+01
   1.7360129e+01  -1.6326837e+00   2.8000000e+01   1.9750293e+02   4.7000000e+01  -2.2000000e+02   1.5861253e+01
   2.2110984e+01  -4.1155379e+00   2.8000000e+01   2.0917801e+02   4.7000000e+01  -2.2000000e+02   1.0069689e+01
   2.4778586e+01  -6.5922717e+00   2.8000000e+01   2.2064086e+02   4.7000000e+01  -2.2000000e+02   3.3507776e+00
   2.2868301e+01  -5.2663108e+00   2.8000000e+01   2.3179678e+02   4.7000000e+01  -2.2000000e+02  -3.5059203e+00
   1.7098902e+01  -1.7467808e+00   2.8000000e+01   2.4261477e+02   4.7000000e+01  -2.2000000e+02  -8.0024720e+00
   1.6410871e+01  -2.2250699e+00   2.8000000e+01   2.4872149e+02   4.7000000e+01  -2.2000000e+02  -9.8009086e+00
   1.3984790e+01  -5.7959809e-01   2.8000000e+01   2.4648293e+02   4.7000000e+01  -2.2000000e+02  -6.0107539e+00
   1.1155447e+01   1.3861870e+00   2.8000000e+01   2.4021276e+02   4.7000000e+01  -2.2000000e+02  -4.8692666e-01
   7.3519480e+00   3.5312965e+00   2.8000000e+01   2.3292709e+02   4.7000000e+01  -2.2000000e+02   5.8996478e+00
   4.1309456e+00   5.2555985e+00   2.8000000e+01   2.2636643e+02   4.7000000e+01  -2.2000000e+02   1.2380579e+01
   9.2988339e-01   7.0730324e+00   2.8000000e+01   2.1896394e+02   4.7000000e+01  -2.2000000e+02   1.8416025e+01
  -2.4988742e+00   9.1927826e+00   2.8000000e+01   2.1258406e+02   4.7000000e+01  -2.2000000e+02   2.2540697e+01
  -6.1423179e+00   1.0352370e+01   2.8000000e+01   2.0644765e+02   4.7000000e+01  -2.2000000e+02   2.7063554e+01
  -1.0691359e+01   1.0378368e+01   2.8000000e+01   1.9988979e+02   4.7000000e+01  -2.2000000e+02   3.0368977e+01
  -1.5166626e+01   1.1107815e+01   2.8000000e+01   1.9295481e+02   4.7000000e+01  -2.2000000e+02   3.4077538e+01
  -1.8225047e+01   1.0924843e+01   2.8000000e+01   1.8617609e+02   4.7000000e+01  -2.2000000e+02   3.7858425e+01
  -2.1142981e+01   1.4555204e+01   2.8000000e+01   1.7924560e+02   4.7000000e+01  -2.2000000e+02   4.0925049e+01
  -2.4083147e+01   1.5360313e+01   2.8000000e+01   1.7422536e+02   4.7000000e+01  -2.2000000e+02   4.4039401e+01
  -2.7716029e+01   1.8134914e+01   2.8000000e+01   1.7113854e+02   4.7000000e+01  -2.2000000e+02   4.7180627e+01
  -3.2317587e+01   2.2265329e+01   2.8000000e+01   1.6732558e+02   4.7000000e+01  -2.2000000e+02   5.0208007e+01
  -3.6387499e+01   2.6559467e+01   2.8000000e+01   1.6289590e+02   4.7000000e+01  -2.2000000e+02   5.2709116e+01
  -3.8727603e+01   3.2408062e+01   2.8000000e+01   1.5894534e+02   4.7000000e+01  -2.2000000e+02   5.7142118e+01
  -4.0288420e+01   3.0774744e+01   2.8000000e+01   1.5835978e+02   4.7000000e+01  -2.2000000e+02   5.9601408e+01
  -4.0767231e+01   3.0065564e+01   2.8000000e+01   1.5816037e+02   4.7000000e+01  -2.2000000e+02   6.4051248e+01
  -4.0482294e+01   3.1397731e+01   2.8000000e+01   1.5965534e+02   4.7000000e+01  -2.2000000e+02   6.8011581e+01
  -4.0396762e+01   3.2206354e+01   2.8000000e+01   1.6030905e+02   4.7000000e+01  -2.2000000e+02   7.0747354e+01
  -4.0950258e+01   3.3588505e+01   2.8000000e+01   1.6109057e+02   4.7000000e+01  -2.2000000e+02   7.2062559e+01
  -3.8329995e+01   2.7012070e+01   2.8000000e+01   1.5928085e+02   4.7000000e+01  -2.2000000e+02   7.1585635e+01
  -3.8493580e+01   2.5872020e+01   2.8000000e+01   1.5900129e+02   4.7000000e+01  -2.2000000e+02   7.1881925e+01
  -3.4252765e+01   2.4780115e+01   2.8000000e+01   1.5870268e+02   4.7000000e+01  -2.2000000e+02   7.1205414e+01
  -2.8118547e+01   2.4501766e+01   2.8000000e+01   1.5421893e+02   4.7000000e+01  -2.2000000e+02   6.2475901e+01
  -1.8986280e+01   1.3909023e+01   2.8000000e+01   1.5103117e+02   4.7000000e+01  -2.2000000e+02   5.1593470e+01
  -1.3242995e+01   1.0870143e+01   2.8000000e+01   1.4773813e+02   4.7000000e+01  -2.2000000e+02   4.0318894e+01
  -8.5600888e+00   8.1167944e+00   2.8000000e+01   1.5131913e+02   4.7000000e+01  -2.2000000e+02   2.9604194e+01
  -4.3138067e-01   4.2820864e+00   2.8000000e+01   1.6044583e+02   4.7000000e+01  -2.2000000e+02   2.0301018e+01
   5.4418353e+00  -2.2506025e+00   2.8000000e+01   1.7071398e+02   4.7000000e+01  -2.2000000e+02   1.5314587e+01
   1.1864226e+01  -6.6612469e+00   2.8000000e+01   1.8167784e+02   4.7000000e+01  -2.2000000e+02   1.3222487e+01
   1.7387125e+01  -9.6128601e+00   2.8000000e+01   1.9258534e+02   4.7000000e+01  -2.2000000e+02   9.9333221e+00
   2.1599022e+01  -1.0530198e+01   2.8000000e+01   2.0378420e+02   4.7000000e+01  -2.2000000e+02   3.9886454e+00
   2.3809074e+01  -1.1990541e+01   2.8000000e+01   2.1530459e+02   4.7000000e+01  -2.2000000e+02  -2.1134746e+00
   2.1969664e+01  -9.1726807e+00   2.8000000e+01   2.2664864e+02   4.7000000e+01  -2.2000000e+02  -7.9571592e+00
   1.7742302e+01  -5.5075921e+00   2.8000000e+01   2.3779495e+02   4.7000000e+01  -2.2000000e+02  -1.4771699e+01
   1.4946860e+01  -4.1970493e+00   2.8000000e+01   2.4659021e+02   4.7000000e+01  -2.2000000e+02  -1.9293419e+01
   1.3444535e+01  -3.5999871e+00   2.8000000e+01   2.4577237e+02   4.7000000e+01  -2.2000000e+02  -1.5766021e+01
   1.0000813e+01  -1.6181938e+00   2.8000000e+01   2.3975641e+02   4.7000000e+01  -2.2000000e+02  -1.0212989e+01
   7.2736278e+00  -3.8884439e-01   2.8000000e+01   2.3448158e+02   4.7000000e+01  -2.2000000e+02  -5.0968452e+00
   4.8201244e+00   2.3306557e+00   2.8000000e+01   2.2975642e+02   4.7000000e+01  -2.2000000e+02  -7.2521871e-01
   1.3560095e+00   4.5310706e+00   2.8000000e+01   2.2433597e+02   4.7000000e+01  -2.2000000e+02   3.8433883e+00
  -4.5454008e-01   5.2379450e+00   2.8000000e+01   2.2091773e+02   4.7000000e+01  -2.2000000e+02   7.4444205e+00
  -1.7412207e+00   5.8369976e+00   2.8000000e+01   2.1802603e+02   4.7000000e+01  -2.2000000e+02   1.0902304e+01
  -2.9310669e+00   7.4066016e+00   2.8000000e+01   2.1433913e+02   4.7000000e+01  -2.2000000e+02   1.4330449e+01
  -5.1928690e+00   9.1862348e+00   2.8000000e+01   2.0931532e+02   4.7000000e+01  -2.2000000e+02   1.8019541e+01
  -5.6667105e+00   9.9497044e+00   2.8000000e+01   2.0697183e+02   4.7000000e+01  -2.2000000e+02   1.9918685e+01
  -9.2669535e+00   1.1228741e+01   2.8000000e+01   2.0178149e+02   4.7000000e+01  -2.2000000e+02   2.4935978e+01
  -1.3427338e+01   1.3475877e+01   2.8000000e+01   1.9547172e+02   4.7000000e+01  -2.2000000e+02   2.8657880e+01
  -1.5477951e+01   1.1511091e+01   2.8000000e+01   1.9216882e+02   4.7000000e+01  -2.2000000e+02   3.2332138e+01
  -1.9136117e+01   1.3737206e+01   2.8000000e+01   1.8517089e+02   4.7000000e+01  -2.2000000e+02   3.5345130e+01
  -2.2696056e+01   1.6849898e+01   2.8000000e+01   1.7798781e+02   4.7000000e+01  -2.2000000e+02   3.8338745e+01
  -2.5085976e+01   2.0255203e+01   2.8000000e+01   1.7181790e+02   4.7000000e+01  -2.2000000e+02   4.0174352e+01
  -2.6721057e+01   2.0796180e+01   2.8000000e+01   1.6908004e+02   4.7000000e+01  -2.2000000e+02   4.3129446e+01
  -3.0730355e+01   2.5050571e+01   2.8000000e+01   1.6541600e+02   4.7000000e+01  -2.2000000e+02   4.6927108e+01
  -3.5454572e+01   3.0421194e+01   2.8000000e+01   1.6087306e+02   4.7000000e+01  -2.2000000e+02   4.9495210e+01
  -3.7282945e+01   2.9470102e+01   2.8000000e+01   1.5841315e+02   4.7000000e+01  -2.2000000e+02   5.2159630e+01
  -3.9356937e+01   3.2159291e+01   2.8000000e+01   1.5700914e+02   4.7000000e+01  -2.2000000e+02   5.6374148e+01
  -4.0288752e+01   3.1054669e+01   2.8000000e+01   1.5702717e+02   4.7000000e+01  -2.2000000e+02   5.9959847e+01
  -3.9806480e+01   3.1148709e+01   2.8000000e+01   1.5598860e+02   4.7000000e+01  -2.2000000e+02   6.2692342e+01
  -3.7702107e+01   2.6585770e+01   2.8000000e+01   1.5606454e+02   4.7000000e+01  -2.2000000e+02   6.6069641e+01
  -3.6059631e+01   2.5381395e+01   2.8000000e+01   1.5636668e+02   4.7000000e+01  -2.2000000e+02   6.9552896e+01
  -3.3696820e+01   2.5266716e+01   2.8000000e+01   1.5698724e+02   4.7000000e+01  -2.2000000e+02   7.1599782e+01
  -3.0473839e+01   2.3623336e+01   2.8000000e+01   1.5765222e+02   4.7000000e+01  -2.2000000e+02   7.1538627e+01
  -2.5972951e+01   2.0621747e+01   2.8000000e+01   1.5862263e+02   4.7000000e+01  -2.2000000e+02   7.0391062e+01
  -1.8872645e+01   1.8565486e+01   2.8000000e+01   1.5389396e+02   4.7000000e+01  -2.2000000e+02   6.0150707e+01
  -1.4124094e+01   1.7429881e+01   2.8000000e+01   1.4704474e+02   4.7000000e+01  -2.2000000e+02   4.9496486e+01
  -1.0256376e+01   1.0564696e+01   2.8000000e+01   1.4743005e+02   4.7000000e+01  -2.2000000e+02   3.8696225e+01
  -2.8849905e+00   4.3159757e+00   2.8000000e+01   1.5422975e+02   4.7000000e+01  -2.2000000e+02   2.8330124e+01
   3.7418994e+00   1.5449374e+00   2.8000000e+01   1.6492245e+02   4.7000000e+01  -2.2000000e+02   2.1461811e+01
   9.3105184e+00  -5.8283895e+00   2.8000000e+01   1.7639157e+02   4.7000000e+01  -2.2000000e+02   1.7075674e+01
   1.5370967e+01  -8.3295479e+00   2.8000000e+01   1.8791419e+02   4.7000000e+01  -2.2000000e+02   1.2562067e+01
   2.0446232e+01  -8.6932646e+00   2.8000000e+01   1.9959412e+02   4.7000000e+01  -2.2000000e+02   9.1795323e+00
   2.2266409e+01  -7.9240319e+00   2.8000000e+01   2.1143608e+02   4.7000000e+01  -2.2000000e+02   4.1179822e+00
   2.0628637e+01  -4.9467505e+00   2.8000000e+01   2.2334742e+02   4.7000000e+01  -2.2000000e+02  -9.6480674e-01
   1.6033128e+01  -8.3372075e-01   2.8000000e+01   2.3505602e+02   4.7000000e+01  -2.2000000e+02  -4.0494206e+00
   1.5869004e+01  -1.7555997e+00   2.8000000e+01   2.4470652e+02   4.7000000e+01  -2.2000000e+02  -6.7899187e+00
   1.5670008e+01  -3.0354490e+00   2.8000000e+01   2.4840662e+02   4.7000000e+01  -2.2000000e+02  -6.2487786e+00
   1.3773481e+01  -9.9616073e-01   2.8000000e+01   2.4512126e+02   4.7000000e+01  -2.2000000e+02  -2.4989839e+00
   1.2036666e+01  -1.4949723e-01   2.8000000e+01   2.4128408e+02   4.7000000e+01  -2.2000000e+02   2.0851004e+00
   9.6107055e+00   2.0974294e+00   2.8000000e+01   2.3652760e+02   4.7000000e+01  -2.2000000e+02   6.1621330e+00
   7.1107707e+00   4.2995175e+00   2.8000000e+01   2.3164241e+02   4.7000000e+01  -2.2000000e+02   9.8943891e+00
   5.6209443e+00   4.5745136e+00   2.8000000e+01   2.2861596e+02   4.7000000e+01  -2.2000000e+02   1.1513944e+01
   3.4647190e+00   6.9374872e+00   2.8000000e+01   2.2384499e+02   4.7000000e+01  -2.2000000e+02   1.3873481e+01
   1.9741796e+00   7.5225628e+00   2.8000000e+01   2.2141000e+02   4.7000000e+01  -2.2000000e+02   1.5921441e+01
   1.5428732e+00   6.6182647e+00   2.8000000e+01   2.2040456e+02   4.7000000e+01  -2.2000000e+02   1.6283025e+01
  -4.2815331e-02   7.2194913e+00   2.8000000e+01   2.1887545e+02   4.7000000e+01  -2.2000000e+02   1.8863232e+01
  -1.3023776e+00   8.1899732e+00   2.8000000e+01   2.1609147e+02   4.7000000e+01  -2.2000000e+02   2.0616071e+01
  -2.7166074e+00   8.4678175e+00   2.8000000e+01   2.1367261e+02   4.7000000e+01  -2.2000000e+02   2.1769995e+01
  -4.5226575e+00   9.7647009e+00   2.8000000e+01   2.1090587e+02   4.7000000e+01  -2.2000000e+02   2.2195144e+01
  -6.2227029e+00   1.0185088e+01   2.8000000e+01   2.0800874e+02   4.7000000e+01  -2.2000000e+02   2.5350757e+01
  -6.6221993e+00   8.8508388e+00   2.8000000e+01   2.0555605e+02   4.7000000e+01  -2.2000000e+02   2.8085632e+01
  -8.1096765e+00   1.0132159e+01   2.8000000e+01   2.0182705e+02   4.7000000e+01  -2.2000000e+02   3.0437946e+01
  -1.0901615e+01   9.8100259e+00   2.8000000e+01   1.9726204e+02   4.7000000e+01  -2.2000000e+02   3.3720216e+01
  -1.3344701e+01   8.5679971e+00   2.8000000e+01   1.9231797e+02   4.7000000e+01  -2.2000000e+02   3.6523242e+01
  -1.6979121e+01   1.0424875e+01   2.8000000e+01   1.8565281e+02   4.7000000e+01  -2.2000000e+02   3.8449900e+01
  -2.0290021e+01   1.1638462e+01   2.8000000e+01   1.8004285e+02   4.7000000e+01  -2.2000000e+02   4.1976571e+01
  -2.5151615e+01   1.6966858e+01   2.8000000e+01   1.7332095e+02   4.7000000e+01  -2.2000000e+02   4.5592671e+01
  -2.9888427e+01   2.1240268e+01   2.8000000e+01   1.6841060e+02   4.7000000e+01  -2.2000000e+02   4.8270648e+01
  -3.3631381e+01   2.3235097e+01   2.8000000e+01   1.6467218e+02   4.7000000e+01  -2.2000000e+02   5.1590999e+01
  -3.6597468e+01   2.6864258e+01   2.8000000e+01   1.6102542e+02   4.7000000e+01  -2.2000000e+02   5.4963162e+01
  -3.9153399e+01   3.3506641e+01   2.8000000e+01   1.5766496e+02   4.7000000e+01  -2.2000000e+02   5.8950748e+01
  -4.0665234e+01   3.5399119e+01   2.8000000e+01   1.5609810e+02   4.7000000e+01  -2.2000000e+02   6.2374726e+01
  -3.8315511e+01   3.0154128e+01   2.8000000e+01   1.5535641e+02   4.7000000e+01  -2.2000000e+02   6.5071994e+01
  -3.4867173e+01   2.8895393e+01   2.8000000e+01   1.5470212e+02   4.7000000e+01  -2.2000000e+02   6.6942980e+01
  -3.0711452e+01   2.7546684e+01   2.8000000e+01   1.5472663e+02   4.7000000e+01  -2.2000000e+02   6.8653381e+01
  -2.8661886e+01   2.5331493e+01   2.8000000e+01   1.5483002e+02   4.7000000e+01  -2.2000000e+02   6.9530874e+01
  -2.3393492e+01   2.2413034e+01   2.8000000e+01   1.5260795e+02   4.7000000e+01  -2.2000000e+02   6.3846235e+01
  -1.9717387e+01   2.0298362e+01   2.8000000e+01   1.4943814e+02   4.7000000e+01  -2.2000000e+02   5.4910584e+01
  -1.6579149e+01   1.2803179e+01   2.8000000e+01   1.4747416e+02   4.7000000e+01  -2.2000000e+02   4.3824774e+01
  -9.9851961e+00   7.2903121e+00   2.8000000e+01   1.5084455e+02   4.7000000e+01  -2.2000000e+02   3.3423442e+01
  -2.8583776e+00   4.0474974e+00   2.8000000e+01   1.5816163e+02   4.7000000e+01  -2.2000000e+02   2.2872022e+01
   3.3098913e+00   5.2048318e-01   2.8000000e+01   1.6821134e+02   4.7000000e+01  -2.2000000e+02   1.7118409e+01
   9.4000643e+00  -7.3600039e+00   2.8000000e+01   1.7955214e+02   4.7000000e+01  -2.2000000e+02   1.3386938e+01
   1.4978977e+01  -8.0235392e+00   2.8000000e+01   1.9120327e+02   4.7000000e+01  -2.2000000e+02   9.7489242e+00
   1.7267080e+01  -7.6222001e+00   2.8000000e+01   2.0313125e+02   4.7000000e+01  -2.2000000e+02   4.6996757e+00
   1.4403340e+01  -3.0720454e+00   2.8000000e+01   2.1526982e+02   4.7000000e+01  -2.2000000e+02  -6.8251726e-01
   9.5485738e+00   1.3011553e+00   2.8000000e+01   2.2727525e+02   4.7000000e+01  -2.2000000e+02  -6.0641902e+00
   9.9829861e+00  -5.1074438e-01   2.8000000e+01   2.3759723e+02   4.7000000e+01  -2.2000000e+02  -1.2239304e+01
   9.9337298e+00  -1.3798131e+00   2.8000000e+01   2.4124038e+02   4.7000000e+01  -2.2000000e+02  -1.3383632e+01
   8.4634443e+00  -1.3139002e+00   2.8000000e+01   2.3902641e+02   4.7000000e+01  -2.2000000e+02  -1.1377924e+01
   6.0203400e+00  -5.1920287e-01   2.8000000e+01   2.3417435e+02   4.7000000e+01  -2.2000000e+02  -7.3020061e+00
   2.1849419e+00   1.4968852e+00   2.8000000e+01   2.2753751e+02   4.7000000e+01  -2.2000000e+02  -2.4453551e+00
  -1.7419626e+00   2.6895983e+00   2.8000000e+01   2.2157190e+02   4.7000000e+01  -2.2000000e+02   2.6837758e+00
  -5.5166339e+00   3.1959641e+00   2.8000000e+01   2.1627204e+02   4.7000000e+01  -2.2000000e+02   6.2393957e+00
  -9.6242799e+00   3.6817860e+00   2.8000000e+01   2.1133331e+02   4.7000000e+01  -2.2000000e+02   1.1048952e+01
  -1.4131393e+01   4.4606861e+00   2.8000000e+01   2.0544894e+02   4.7000000e+01  -2.2000000e+02   1.5219616e+01
  -1.7518008e+01   7.7928332e+00   2.8000000e+01   1.9825133e+02   4.7000000e+01  -2.2000000e+02   1.9833183e+01
  -2.1463144e+01   9.9515840e+00   2.8000000e+01   1.9241402e+02   4.7000000e+01  -2.2000000e+02   2.4872530e+01
  -2.5546456e+01   1.3642851e+01   2.8000000e+01   1.8624189e+02   4.7000000e+01  -2.2000000e+02   2.7151113e+01
  -2.7663284e+01   1.3103391e+01   2.8000000e+01   1.8253642e+02   4.7000000e+01  -2.2000000e+02   2.9165061e+01
  -3.0898596e+01   1.4213710e+01   2.8000000e+01   1.7910151e+02   4.7000000e+01  -2.2000000e+02   3.1472627e+01
  -3.3314706e+01   1.7017548e+01   2.8000000e+01   1.7637930e+02   4.7000000e+01  -2.2000000e+02   3.5180650e+01
  -3.6145673e+01   2.2019339e+01   2.8000000e+01   1.7120235e+02   4.7000000e+01  -2.2000000e+02   3.9735346e+01
  -3.7173924e+01   2.4474234e+01   2.8000000e+01   1.6839271e+02   4.7000000e+01  -2.2000000e+02   4.3229461e+01
  -3.8666926e+01   2.7299818e+01   2.8000000e+01   1.6582888e+02   4.7000000e+01  -2.2000000e+02   4.7867243e+01
  -4.1416494e+01   3.3172236e+01   2.8000000e+01   1.6251715e+02   4.7000000e+01  -2.2000000e+02   5.1299873e+01
  -4.2249147e+01   3.5107118e+01   2.8000000e+01   1.6144476e+02   4.7000000e+01  -2.2000000e+02   5.5438603e+01
  -4.1239620e+01   3.2830728e+01   2.8000000e+01   1.5999498e+02   4.7000000e+01  -2.2000000e+02   5.8692552e+01
  -3.8794585e+01   2.5763579e+01   2.8000000e+01   1.5824414e+02   4.7000000e+01  -2.2000000e+02   6.1677078e+01
  -3.3859871e+01   2.2119976e+01   2.8000000e+01   1.5772118e+02   4.7000000e+01  -2.2000000e+02   6.4115790e+01
  -3.0833317e+01   2.2530026e+01   2.8000000e+01   1.5679310e+02   4.7000000e+01  -2.2000000e+02   6.3829776e+01
  -2.2357974e+01   1.9553338e+01   2.8000000e+01   1.5424508e+02   4.7000000e+01  -2.2000000e+02   5.4459114e+01
  -1.6626873e+01   1.5276162e+01   2.8000000e+01   1.5049724e+02   4.7000000e+01  -2.2000000e+02   4.3819660e+01
  -1.2696257e+01   1.3468820e+01   2.8000000e+01   1.5243024e+02   4.7000000e+01  -2.2000000e+02   3.2500606e+01
  -6.2140225e+00   7.2692272e+00   2.8000000e+01   1.6115016e+02   4.7000000e+01  -2.2000000e+02   2.3608939e+01
   1.3587751e+00   4.5353572e+00   2.8000000e+01   1.7157004e+02   4.7000000e+01  -2.2000000e+02   2.0568601e+01
   8.4062775e+00   1.4507498e+00   2.8000000e+01   1.8270892e+02   4.7000000e+01  -2.2000000e+02   1.6874965e+01
   1.3004329e+01  -1.3996531e+00   2.8000000e+01   1.9398851e+02   4.7000000e+01  -2.2000000e+02   1.4193925e+01
   1.8730840e+01  -4.0072273e+00   2.8000000e+01   2.0539403e+02   4.7000000e+01  -2.2000000e+02   8.4538166e+00
   2.2758142e+01  -5.6892962e+00   2.8000000e+01   2.1666120e+02   4.7000000e+01  -2.2000000e+02   2.5019752e+00
   2.3588320e+01  -5.8622572e+00   2.8000000e+01   2.2773398e+02   4.7000000e+01  -2.2000000e+02  -4.6596423e+00
   1.9431780e+01  -4.3548865e+00   2.8000000e+01   2.3810413e+02   4.7000000e+01  -2.2000000e+02  -1.2205563e+01
   1.4781325e+01  -1.6205682e+00   2.8000000e+01   2.4674321e+02   4.7000000e+01  -2.2000000e+02  -1.6950075e+01
   1.2987259e+01   1.3808914e+00   2.8000000e+01   2.4533181e+02   4.7000000e+01  -2.2000000e+02  -1.4539284e+01
   1.0588406e+01   3.1235641e+00   2.8000000e+01   2.4148567e+02   4.7000000e+01  -2.2000000e+02  -1.1259966e+01
   6.0599566e+00   5.0508898e+00   2.8000000e+01   2.3456876e+02   4.7000000e+01  -2.2000000e+02  -5.6868362e+00
   1.5286606e+00   8.2698300e+00   2.8000000e+01   2.2652800e+02   4.7000000e+01  -2.2000000e+02   7.9618674e-01
  -4.0716246e+00   1.1755685e+01   2.8000000e+01   2.1722403e+02   4.7000000e+01  -2.2000000e+02   5.7595449e+00
  -8.3409258e+00   1.3345264e+01   2.8000000e+01   2.0991579e+02   4.7000000e+01  -2.2000000e+02   1.1247288e+01
  -1.1813683e+01   1.5122460e+01   2.8000000e+01   2.0335388e+02   4.7000000e+01  -2.2000000e+02   1.4624256e+01
  -1.6196427e+01   1.7027391e+01   2.8000000e+01   1.9703394e+02   4.7000000e+01  -2.2000000e+02   1.9297824e+01
  -1.9668021e+01   1.7504129e+01   2.8000000e+01   1.9122589e+02   4.7000000e+01  -2.2000000e+02   2.3461760e+01
  -2.3217795e+01   1.9148930e+01   2.8000000e+01   1.8563479e+02   4.7000000e+01  -2.2000000e+02   2.6502067e+01
  -2.5930969e+01   1.8995607e+01   2.8000000e+01   1.8030149e+02   4.7000000e+01  -2.2000000e+02   2.9884218e+01
  -2.8986767e+01   2.3246181e+01   2.8000000e+01   1.7483776e+02   4.7000000e+01  -2.2000000e+02   3.1543025e+01
  -3.2822099e+01   2.5836129e+01   2.8000000e+01   1.7089242e+02   4.7000000e+01  -2.2000000e+02   3.4889099e+01
  -3.6242112e+01   3.1322735e+01   2.8000000e+01   1.6571423e+02   4.7000000e+01  -2.2000000e+02   3.8600892e+01
  -3.7647047e+01   2.9323252e+01   2.8000000e+01   1.6520722e+02   4.7000000e+01  -2.2000000e+02   4.2207840e+01
  -3.9289868e+01   3.3290341e+01   2.8000000e+01   1.6286064e+02   4.7000000e+01  -2.2000000e+02   4.6164132e+01
  -4.0445483e+01   3.5523356e+01   2.8000000e+01   1.6047919e+02   4.7000000e+01  -2.2000000e+02   5.0089750e+01
  -4.0230567e+01   3.4154006e+01   2.8000000e+01   1.5957552e+02   4.7000000e+01  -2.2000000e+02   5.4863267e+01
  -4.0502003e+01   3.2620935e+01   2.8000000e+01   1.5830539e+02   4.7000000e+01  -2.2000000e+02   5.8773409e+01
  -3.9971253e+01   3.1628979e+01   2.8000000e+01   1.5682449e+02   4.7000000e+01  -2.2000000e+02   6.1851235e+01
  -4.0008012e+01   3.5427684e+01   2.8000000e+01   1.5796931e+02   4.7000000e+01  -2.2000000e+02   6.6281305e+01
  -3.9653012e+01   3.4495087e+01   2.8000000e+01   1.5866750e+02   4.7000000e+01  -2.2000000e+02   6.9596947e+01
  -3.9194890e+01   3.3099853e+01   2.8000000e+01   1.5935385e+02   4.7000000e+01  -2.2000000e+02   7.1113144e+01
  -3.8313621e+01   3.0912183e+01   2.8000000e+01   1.5874839e+02   4.7000000e+01  -2.2000000e+02   7.1684400e+01
  -3.6842105e+01   3.0913149e+01   2.8000000e+01   1.5826965e+02   4.7000000e+01  -2.2000000e+02   7.2001903e+01
  -3.2225632e+01   2.5086442e+01   2.8000000e+01   1.5849265e+02   4.7000000e+01  -2.2000000e+02   7.1272122e+01
  -2.8666734e+01   2.4475443e+01   2.8000000e+01   1.5705186e+02   4.7000000e+01  -2.2000000e+02   6.7251457e+01
  -2.3112241e+01   2.1348741e+01   2.8000000e+01   1.5460878e+02   4.7000000e+01  -2.2000000e+02   5.9167495e+01
  -1.6788404e+01   1.6113153e+01   2.8000000e+01   1.5047519e+02   4.7000000e+01  -2.2000000e+02   4.8184651e+01
  -1.2524352e+01   1.2167566e+01   2.8000000e+01   1.5282036e+02   4.7000000e+01  -2.2000000e+02   3.7808017e+01
  -3.7084985e+00   4.6633572e+00   2.8000000e+01   1.6102526e+02   4.7000000e+01  -2.2000000e+02   2.8867478e+01
   1.7081294e+00   2.6008423e+00   2.8000000e+01   1.7143542e+02   4.7000000e+01  -2.2000000e+02   2.4902705e+01
   9.6448187e+00  -1.2825916e+00   2.8000000e+01   1.8267686e+02   4.7000000e+01  -2.2000000e+02   2.0399111e+01
   1.3913309e+01  -1.6365619e+00   2.8000000e+01   1.9429829e+02   4.7000000e+01  -2.2000000e+02   1.4728384e+01
   1.7835495e+01  -3.4085164e+00   2.8000000e+01   2.0570300e+02   4.7000000e+01  -2.2000000e+02   9.0626783e+00
   1.8328695e+01  -3.0431511e+00   2.8000000e+01   2.1715551e+02   4.7000000e+01  -2.2000000e+02   1.8816187e+00
   1.4070381e+01  -1.0304571e+00   2.8000000e+01   2.2839786e+02   4.7000000e+01  -2.2000000e+02  -4.2196102e+00
   1.1828610e+01  -3.5310049e-01   2.8000000e+01   2.3794943e+02   4.7000000e+01  -2.2000000e+02  -8.8911678e+00
   1.0162939e+01   1.4191419e+00   2.8000000e+01   2.3840821e+02   4.7000000e+01  -2.2000000e+02  -8.4051592e+00
   7.6270072e+00   2.9391442e+00   2.8000000e+01   2.3524759e+02   4.7000000e+01  -2.2000000e+02  -5.0451379e+00
   3.9585202e+00   5.9135857e+00   2.8000000e+01   2.2922998e+02   4.7000000e+01  -2.2000000e+02   1.1964195e+00
   2.7858949e-01   6.0270135e+00   2.8000000e+01   2.2295794e+02   4.7000000e+01  -2.2000000e+02   5.4392236e+00
  -3.2704687e+00   7.9669749e+00   2.8000000e+01   2.1642176e+02   4.7000000e+01  -2.2000000e+02   1.0513167e+01
  -6.2677128e+00   9.6553780e+00   2.8000000e+01   2.1054935e+02   4.7000000e+01  -2.2000000e+02   1.4408352e+01
  -9.3875355e+00   1.0889478e+01   2.8000000e+01   2.0538241e+02   4.7000000e+01  -2.2000000e+02   1.7791367e+01
  -1.3074264e+01   1.2152437e+01   2.8000000e+01   1.9984118e+02   4.7000000e+01  -2.2000000e+02   2.1901907e+01
  -1.6710768e+01   1.1989125e+01   2.8000000e+01   1.9426115e+02   4.7000000e+01  -2.2000000e+02   2.5847186e+01
  -2.0020253e+01   1.3738981e+01   2.8000000e+01   1.8896314e+02   4.7000000e+01  -2.2000000e+02   2.9523591e+01
  -2.4847822e+01   1.7608519e+01   2.8000000e+01   1.8209163e+02   4.7000000e+01  -2.2000000e+02   3.1637199e+01
  -2.7764976e+01   1.9227742e+01   2.8000000e+01   1.7729715e+02   4.7000000e+01  -2.2000000e+02   3.5495265e+01
  -3.0399115e+01   2.3103201e+01   2.8000000e+01   1.7185417e+02   4.7000000e+01  -2.2000000e+02   3.9545005e+01
  -3.3975645e+01   2.7264407e+01   2.8000000e+01   1.6670744e+02   4.7000000e+01  -2.2000000e+02   4.4003479e+01
  -3.7289826e+01   2.9253846e+01   2.8000000e+01   1.6401650e+02   4.7000000e+01  -2.2000000e+02   4.8909276e+01
  -4.0239180e+01   3.5880299e+01   2.8000000e+01   1.6195763e+02   4.7000000e+01  -2.2000000e+02   5.1295914e+01
  -4.0676540e+01   3.5838399e+01   2.8000000e+01   1.6089875e+02   4.7000000e+01  -2.2000000e+02   5.4644690e+01
  -4.0385293e+01   3.3409614e+01   2.8000000e+01   1.5969537e+02   4.7000000e+01  -2.2000000e+02   5.7096816e+01
  -4.1104062e+01   3.5209962e+01   2.8000000e+01   1.5771597e+02   4.7000000e+01  -2.2000000e+02   6.2032576e+01
  -4.0394166e+01   3.5032091e+01   2.8000000e+01   1.5483704e+02   4.7000000e+01  -2.2000000e+02   6.6203406e+01
  -4.0703674e+01   3.2778775e+01   2.8000000e+01   1.5674519e+02   4.7000000e+01  -2.2000000e+02   6.9827323e+01
  -3.9499375e+01   3.2034292e+01   2.8000000e+01   1.5866138e+02   4.7000000e+01  -2.2000000e+02   7.1333936e+01
  -3.9154439e+01   3.0679390e+01   2.8000000e+01   1.5945317e+02   4.7000000e+01  -2.2000000e+02   7.2126215e+01
  -3.6733800e+01   2.6599051e+01   2.8000000e+01   1.5997455e+02   4.7000000e+01  -2.2000000e+02   7.2568830e+01
  -3.4148234e+01   2.2973127e+01   2.8000000e+01   1.6020083e+02   4.7000000e+01  -2.2000000e+02   7.1931760e+01
  -2.9471156e+01   2.7271795e+01   2.8000000e+01   1.5630707e+02   4.7000000e+01  -2.2000000e+02   6.5694754e+01
  -2.2454010e+01   2.0231492e+01   2.8000000e+01   1.5386137e+02   4.7000000e+01  -2.2000000e+02   5.7129348e+01
  -1.5041996e+01   1.1022386e+01   2.8000000e+01   1.4939365e+02   4.7000000e+01  -2.2000000e+02   4.5686796e+01
  -9.9323205e+00   6.9115936e+00   2.8000000e+01   1.5189629e+02   4.7000000e+01  -2.2000000e+02   3.4426024e+01
  -1.9676501e+00   2.5114725e+00   2.8000000e+01   1.6034155e+02   4.7000000e+01  -2.2000000e+02   2.4935873e+01
   4.9405191e+00   3.3858788e-01   2.8000000e+01   1.7061208e+02   4.7000000e+01  -2.2000000e+02   2.0209514e+01
   1.2337958e+01  -2.5985516e+00   2.8000000e+01   1.8185134e+02   4.7000000e+01  -2.2000000e+02   1.7063172e+01
   1.6649688e+01  -3.6105399e+00   2.8000000e+01   1.9308205e+02   4.7000000e+01  -2.2000000e+02   1.3340579e+01
   1.9680464e+01  -5.4503625e+00   2.8000000e+01   2.0470121e+02   4.7000000e+01  -2.2000000e+02   8.2899928e+00
   2.0010945e+01  -4.9215406e+00   2.8000000e+01   2.1630551e+02   4.7000000e+01  -2.2000000e+02   1.7438103e+00
   1.6971532e+01  -4.0607023e+00   2.8000000e+01   2.2770219e+02   4.7000000e+01  -2.2000000e+02  -6.7287431e+00
   1.2040857e+01  -2.2174894e-01   2.8000000e+01   2.3877330e+02   4.7000000e+01  -2.2000000e+02  -1.2048869e+01
   1.1454203e+01   5.2572608e-01   2.8000000e+01   2.4452263e+02   4.7000000e+01  -2.2000000e+02  -1.3552442e+01
   9.6806588e+00   8.0473076e-01   2.8000000e+01   2.4280784e+02   4.7000000e+01  -2.2000000e+02  -9.9553040e+00
   7.7264983e+00   2.1773595e+00   2.8000000e+01   2.3849196e+02   4.7000000e+01  -2.2000000e+02  -5.7728910e+00
   4.1667208e+00   4.3304086e+00   2.8000000e+01   2.3206517e+02   4.7000000e+01  -2.2000000e+02   8.0273842e-01
   1.3662113e-01   7.5581733e+00   2.8000000e+01   2.2421620e+02   4.7000000e+01  -2.2000000e+02   5.9680790e+00
  -3.0982173e+00   7.9280617e+00   2.8000000e+01   2.1847726e+02   4.7000000e+01  -2.2000000e+02   1.2138207e+01
  -5.1380200e+00   9.3035586e+00   2.8000000e+01   2.1239944e+02   4.7000000e+01  -2.2000000e+02   1.6065657e+01
  -8.6166811e+00   1.0507457e+01   2.8000000e+01   2.0662625e+02   4.7000000e+01  -2.2000000e+02   1.9416491e+01
  -1.2713738e+01   1.1123006e+01   2.8000000e+01   2.0033272e+02   4.7000000e+01  -2.2000000e+02   2.3379007e+01
  -1.6767944e+01   1.4852311e+01   2.8000000e+01   1.9305242e+02   4.7000000e+01  -2.2000000e+02   2.5702518e+01
  -2.0633662e+01   1.4751036e+01   2.8000000e+01   1.8838323e+02   4.7000000e+01  -2.2000000e+02   2.9506143e+01
  -2.4943473e+01   1.9661721e+01   2.8000000e+01   1.8172408e+02   4.7000000e+01  -2.2000000e+02   3.1976742e+01
  -2.7537232e+01   2.0676222e+01   2.8000000e+01   1.7743391e+02   4.7000000e+01  -2.2000000e+02   3.3700925e+01
  -2.9993091e+01   2.3243466e+01   2.8000000e+01   1.7338197e+02   4.7000000e+01  -2.2000000e+02   3.6905180e+01
  -3.3608950e+01   2.5283400e+01   2.8000000e+01   1.6969277e+02   4.7000000e+01  -2.2000000e+02   4.0650498e+01
  -3.6012049e+01   2.6483211e+01   2.8000000e+01   1.6711676e+02   4.7000000e+01  -2.2000000e+02   4.4499535e+01
  -3.8031617e+01   2.8541883e+01   2.8000000e+01   1.6467597e+02   4.7000000e+01  -2.2000000e+02   4.7736297e+01
  -3.9638711e+01   3.2130882e+01   2.8000000e+01   1.6245668e+02   4.7000000e+01  -2.2000000e+02   5.1380216e+01
  -4.0483440e+01   3.3656340e+01   2.8000000e+01   1.6099067e+02   4.7000000e+01  -2.2000000e+02   5.5158036e+01
  -4.0453433e+01   3.3048567e+01   2.8000000e+01   1.5988885e+02   4.7000000e+01  -2.2000000e+02   5.8513327e+01
  -4.0756841e+01   3.4931542e+01   2.8000000e+01   1.5750134e+02   4.7000000e+01  -2.2000000e+02   6.1338943e+01
  -4.0953037e+01   3.1348461e+01   2.8000000e+01   1.5559889e+02   4.7000000e+01  -2.2000000e+02   6.3736035e+01
  -3.9823113e+01   3.4172392e+01   2.8000000e+01   1.5531593e+02   4.7000000e+01  -2.2000000e+02   6.6774229e+01
  -3.6801200e+01   2.4035859e+01   2.8000000e+01   1.5614043e+02   4.7000000e+01  -2.2000000e+02   6.9023185e+01
  -3.3857111e+01   2.6507888e+01   2.8000000e+01   1.5635626e+02   4.7000000e+01  -2.2000000e+02   7.1063198e+01
  -2.8486482e+01   2.2743919e+01   2.8000000e+01   1.5718088e+02   4.7000000e+01  -2.2000000e+02   7.0796677e+01
  -2.2111645e+01   1.6459727e+01   2.8000000e+01   1.5634189e+02   4.7000000e+01  -2.2000000e+02   6.2217515e+01
  -1.4030824e+01   1.4901675e+01   2.8000000e+01   1.5012623e+02   4.7000000e+01  -2.2000000e+02   5.1122858e+01
  -1.1087429e+01   1.3933501e+01   2.8000000e+01   1.4778339e+02   4.7000000e+01  -2.2000000e+02   3.9959711e+01
  -3.4116065e+00   6.7239396e+00   2.8000000e+01   1.5533172e+02   4.7000000e+01  -2.2000000e+02   2.9392074e+01
   3.0979916e+00   2.7515399e+00   2.8000000e+01   1.6586526e+02   4.7000000e+01  -2.2000000e+02   2.2531320e+01
   9.1881978e+00  -5.5293753e+00   2.8000000e+01   1.7733289e+02   4.7000000e+01  -2.2000000e+02   1.5915531e+01
   1.4840017e+01  -8.8524984e+00   2.8000000e+01   1.8897772e+02   4.7000000e+01  -2.2000000e+02   1.1340476e+01
   1.9715271e+01  -1.2809519e+01   2.8000000e+01   2.0036800e+02   4.7000000e+01  -2.2000000e+02   4.9391059e+00
   2.4620033e+01  -1.4509685e+01   2.8000000e+01   2.1176168e+02   4.7000000e+01  -2.2000000e+02  -2.4052858e+00
   2.7365176e+01  -1.5133903e+01   2.8000000e+01   2.2270501e+02   4.7000000e+01  -2.2000000e+02  -9.3590171e+00
   2.6517919e+01  -1.4872327e+01   2.8000000e+01   2.3349397e+02   4.7000000e+01  -2.2000000e+02  -1.6282692e+01
   2.1157294e+01  -1.1119262e+01   2.8000000e+01   2.4357085e+02   4.7000000e+01  -2.2000000e+02  -2.3884288e+01
   1.5714616e+01  -6.3902187e+00   2.8000000e+01   2.5272396e+02   4.7000000e+01  -2.2000000e+02  -2.9203017e+01
   1.4280444e+01  -5.4991040e+00   2.8000000e+01   2.5465747e+02   4.7000000e+01  -2.2000000e+02  -3.0855614e+01
   1.1305108e+01  -2.9499959e+00   2.8000000e+01   2.5041127e+02   4.7000000e+01  -2.2000000e+02  -2.7193798e+01
   7.6377740e+00  -6.9550528e-02   2.8000000e+01   2.4389599e+02   4.7000000e+01  -2.2000000e+02  -2.0944869e+01
   3.1013405e+00   3.4366366e+00   2.8000000e+01   2.3507608e+02   4.7000000e+01  -2.2000000e+02  -1.4444186e+01
  -5.2328433e-01   4.8801771e+00   2.8000000e+01   2.2832027e+02   4.7000000e+01  -2.2000000e+02  -8.0411874e+00
  -3.7435145e+00   6.9248575e+00   2.8000000e+01   2.2174870e+02   4.7000000e+01  -2.2000000e+02  -3.4612912e+00
  -7.2103055e+00   8.5928823e+00   2.8000000e+01   2.1509745e+02   4.7000000e+01  -2.2000000e+02   1.0317057e+00
  -1.1505211e+01   9.6267665e+00   2.8000000e+01   2.0903895e+02   4.7000000e+01  -2.2000000e+02   5.7360349e+00
  -1.4401527e+01   8.1227124e+00   2.8000000e+01   2.0499135e+02   4.7000000e+01  -2.2000000e+02   9.4385635e+00
  -1.8215726e+01   1.0023465e+01   2.8000000e+01   1.9858240e+02   4.7000000e+01  -2.2000000e+02   1.2525964e+01
  -2.1587748e+01   1.1867295e+01   2.8000000e+01   1.9311803e+02   4.7000000e+01  -2.2000000e+02   1.6345339e+01
  -2.4786853e+01   1.2905717e+01   2.8000000e+01   1.8753518e+02   4.7000000e+01  -2.2000000e+02   2.0390206e+01
  -2.7839307e+01   1.2904357e+01   2.8000000e+01   1.8396191e+02   4.7000000e+01  -2.2000000e+02   2.1359387e+01
  -2.9383493e+01   1.2701152e+01   2.8000000e+01   1.8023433e+02   4.7000000e+01  -2.2000000e+02   2.4899427e+01
  -3.1211731e+01   1.3619483e+01   2.8000000e+01   1.7820491e+02   4.7000000e+01  -2.2000000e+02   2.7827702e+01
  -3.4469513e+01   1.8189776e+01   2.8000000e+01   1.7407053e+02   4.7000000e+01  -2.2000000e+02   3.1970343e+01
  -3.7404794e+01   2.3010916e+01   2.8000000e+01   1.6944782e+02   4.7000000e+01  -2.2000000e+02   3.5531824e+01
  -3.6221940e+01   2.5772267e+01   2.8000000e+01   1.6672084e+02   4.7000000e+01  -2.2000000e+02   4.0951006e+01
  -3.7538773e+01   2.8568240e+01   2.8000000e+01   1.6400547e+02   4.7000000e+01  -2.2000000e+02   4.3866643e+01
  -3.7365319e+01   3.2216954e+01   2.8000000e+01   1.6033684e+02   4.7000000e+01  -2.2000000e+02   4.7963188e+01
  -3.5066071e+01   2.7136704e+01   2.8000000e+01   1.5675886e+02   4.7000000e+01  -2.2000000e+02   4.6974760e+01
  -3.0880760e+01   2.2430784e+01   2.8000000e+01   1.5579110e+02   4.7000000e+01  -2.2000000e+02   4.4601870e+01
  -2.2620637e+01   1.4005779e+01   2.8000000e+01   1.5349119e+02   4.7000000e+01  -2.2000000e+02   3.7261042e+01
  -1.6628245e+01   1.4253254e+01   2.8000000e+01   1.4992544e+02   4.7000000e+01  -2.2000000e+02   3.0788154e+01
  -1.1878725e+01   1.3185695e+01   2.8000000e+01   1.5097827e+02   4.7000000e+01  -2.2000000e+02   2.2797303e+01
  -5.4526276e+00   5.5892442e+00   2.8000000e+01   1.5857994e+02   4.7000000e+01  -2.2000000e+02   1.6150531e+01
   1.6739993e+00   3.9871226e+00   2.8000000e+01   1.6643121e+02   4.7000000e+01  -2.2000000e+02   1.5710291e+01
   1.0069108e+01  -2.1506226e+00   2.8000000e+01   1.7732295e+02   4.7000000e+01  -2.2000000e+02   1.0065986e+01
   1.6513887e+01  -5.6337065e+00   2.8000000e+01   1.8835564e+02   4.7000000e+01  -2.2000000e+02   8.6057306e+00
   2.0639528e+01  -5.2944254e+00   2.8000000e+01   1.9903869e+02   4.7000000e+01  -2.2000000e+02   7.0268078e+00
   2.4016720e+01  -6.5695697e+00   2.8000000e+01   2.0956064e+02   4.7000000e+01  -2.2000000e+02   1.9361336e+00
   2.5962684e+01  -7.5366862e+00   2.8000000e+01   2.2018383e+02   4.7000000e+01  -2.2000000e+02  -2.6533873e+00
   2.7184221e+01  -7.4288865e+00   2.8000000e+01   2.3095795e+02   4.7000000e+01  -2.2000000e+02  -7.5380871e+00
   2.3852244e+01  -6.5271767e+00   2.8000000e+01   2.4114135e+02   4.7000000e+01  -2.2000000e+02  -1.3757325e+01
   1.7977574e+01  -2.4864729e+00   2.8000000e+01   2.4981184e+02   4.7000000e+01  -2.2000000e+02  -1.3838209e+01
   1.6452429e+01  -1.9185263e+00   2.8000000e+01   2.5065929e+02   4.7000000e+01  -2.2000000e+02  -1.2361758e+01
   1.3523061e+01   8.6736499e-01   2.8000000e+01   2.4497200e+02   4.7000000e+01  -2.2000000e+02  -7.3374078e+00
   9.9953450e+00   4.1287121e+00   2.8000000e+01   2.3737132e+02   4.7000000e+01  -2.2000000e+02  -6.5740105e-01
   7.6182778e+00   4.3494286e+00   2.8000000e+01   2.3172433e+02   4.7000000e+01  -2.2000000e+02   5.1563595e+00
   4.1433041e+00   6.7630916e+00   2.8000000e+01   2.2514275e+02   4.7000000e+01  -2.2000000e+02   1.0875871e+01
   4.9879420e-01   9.1458788e+00   2.8000000e+01   2.1837558e+02   4.7000000e+01  -2.2000000e+02   1.5516445e+01
  -2.5719166e+00   1.0165235e+01   2.8000000e+01   2.1282989e+02   4.7000000e+01  -2.2000000e+02   1.8847057e+01
  -4.7759089e+00   1.0813763e+01   2.8000000e+01   2.0828099e+02   4.7000000e+01  -2.2000000e+02   2.2687232e+01
  -8.6079258e+00   1.0893496e+01   2.8000000e+01   2.0292574e+02   4.7000000e+01  -2.2000000e+02   2.6697895e+01
  -1.1060669e+01   1.1740541e+01   2.8000000e+01   1.9738898e+02   4.7000000e+01  -2.2000000e+02   2.9158125e+01
  -1.3294247e+01   1.2181345e+01   2.8000000e+01   1.9225697e+02   4.7000000e+01  -2.2000000e+02   3.1590729e+01
  -1.5883213e+01   1.3286992e+01   2.8000000e+01   1.8776005e+02   4.7000000e+01  -2.2000000e+02   3.3830758e+01
  -1.9347965e+01   1.6645627e+01   2.8000000e+01   1.8121523e+02   4.7000000e+01  -2.2000000e+02   3.8897515e+01
  -2.2304887e+01   1.8767718e+01   2.8000000e+01   1.7597421e+02   4.7000000e+01  -2.2000000e+02   4.0122875e+01
  -2.4939718e+01   2.1469646e+01   2.8000000e+01   1.7125474e+02   4.7000000e+01  -2.2000000e+02   4.2915101e+01
  -2.6501179e+01   2.0008227e+01   2.8000000e+01   1.6910588e+02   4.7000000e+01  -2.2000000e+02   4.5609078e+01
  -2.8861898e+01   2.2571813e+01   2.8000000e+01   1.6666774e+02   4.7000000e+01  -2.2000000e+02   4.7366317e+01
  -3.1484732e+01   2.5424199e+01   2.8000000e+01   1.6476427e+02   4.7000000e+01  -2.2000000e+02   5.0502232e+01
  -3.3030278e+01   2.9365591e+01   2.8000000e+01   1.6033374e+02   4.7000000e+01  -2.2000000e+02   5.4447107e+01
  -3.3419916e+01   2.8894029e+01   2.8000000e+01   1.5921640e+02   4.7000000e+01  -2.2000000e+02   5.7199695e+01
  -3.4631584e+01   3.0126463e+01   2.8000000e+01   1.5792429e+02   4.7000000e+01  -2.2000000e+02   6.0303381e+01
  -3.5352037e+01   3.0817758e+01   2.8000000e+01   1.5662454e+02   4.7000000e+01  -2.2000000e+02   6.2974363e+01
  -3.7078494e+01   3.2803191e+01   2.8000000e+01   1.5539078e+02   4.7000000e+01  -2.2000000e+02   6.5673878e+01
  -3.7564112e+01   2.9113255e+01   2.8000000e+01   1.5574929e+02   4.7000000e+01  -2.2000000e+02   6.7839919e+01
  -3.6768575e+01   2.8995761e+01   2.8000000e+01   1.5630915e+02   4.7000000e+01  -2.2000000e+02   7.0043436e+01
  -3.7353106e+01   2.8814777e+01   2.8000000e+01   1.5728303e+02   4.7000000e+01  -2.2000000e+02   7.1138594e+01
  -3.6486398e+01   3.0074106e+01   2.8000000e+01   1.5824818e+02   4.7000000e+01  -2.2000000e+02   7.1544450e+01
  -3.3920582e+01   2.9864328e+01   2.8000000e+01   1.5797213e+02   4.7000000e+01  -2.2000000e+02   7.1955195e+01
  -3.2563730e+01   2.9882377e+01   2.8000000e+01   1.5758298e+02   4.7000000e+01  -2.2000000e+02   7.1258195e+01
  -2.9465306e+01   2.8126777e+01   2.8000000e+01   1.5669138e+02   4.7000000e+01  -2.2000000e+02   7.1053412e+01
  -2.3158021e+01   2.4569232e+01   2.8000000e+01   1.5275233e+02   4.7000000e+01  -2.2000000e+02   6.3099274e+01
  -1.7752807e+01   2.1073827e+01   2.8000000e+01   1.5059275e+02   4.7000000e+01  -2.2000000e+02   5.7094134e+01
  -1.5900710e+01   1.6475661e+01   2.8000000e+01   1.5025868e+02   4.7000000e+01  -2.2000000e+02   4.8748602e+01
  -1.3595003e+01   7.8274986e+00   2.8000000e+01   1.5982655e+02   4.7000000e+01  -2.2000000e+02   4.5223972e+01
  -5.4358072e+00   2.1476268e+00   2.8000000e+01   1.6551235e+02   4.7000000e+01  -2.2000000e+02   3.7275453e+01
  -2.4848777e-01   1.2294545e+00   2.8000000e+01   1.6183364e+02   4.7000000e+01  -2.2000000e+02   2.9411167e+01
   2.0816089e+00   5.9505148e+00   2.8000000e+01   1.5672660e+02   4.7000000e+01  -2.2000000e+02   1.9877232e+01
   4.0625342e+00   6.8686881e+00   2.8000000e+01   1.5726945e+02   4.7000000e+01  -2.2000000e+02   1.1167605e+01
   1.0770575e+01   1.3701770e+00   2.8000000e+01   1.6536034e+02   4.7000000e+01  -2.2000000e+02   8.7145393e+00
   1.6728872e+01  -3.3169792e+00   2.8000000e+01   1.7578358e+02   4.7000000e+01  -2.2000000e+02   1.1604815e+01
   2.2494530e+01  -6.6016608e+00   2.8000000e+01   1.8726912e+02   4.7000000e+01  -2.2000000e+02   9.4218173e+00
   2.5001307e+01  -7.3332724e+00   2.8000000e+01   1.9922743e+02   4.7000000e+01  -2.2000000e+02   7.2950046e+00
   2.1935581e+01  -3.1367536e+00   2.8000000e+01   2.1130168e+02   4.7000000e+01  -2.2000000e+02   5.4540316e+00
   1.4725533e+01   3.0857683e+00   2.8000000e+01   2.2353897e+02   4.7000000e+01  -2.2000000e+02  -3.9632210e-01
   1.3753876e+01   4.3546641e+00   2.8000000e+01   2.3489411e+02   4.7000000e+01  -2.2000000e+02  -4.4536024e+00
   1.4425293e+01   1.9181110e+00   2.8000000e+01   2.4212876e+02   4.7000000e+01  -2.2000000e+02  -6.2070373e+00
   1.2657243e+01   2.9139102e+00   2.8000000e+01   2.4096624e+02   4.7000000e+01  -2.2000000e+02  -2.4817100e+00
   1.1355935e+01   2.7999424e+00   2.8000000e+01   2.3778403e+02   4.7000000e+01  -2.2000000e+02   2.1645814e+00
   9.3028610e+00   4.1550271e+00   2.8000000e+01   2.3372277e+02   4.7000000e+01  -2.2000000e+02   5.7482605e+00
   7.6749289e+00   4.6876841e+00   2.8000000e+01   2.3080360e+02   4.7000000e+01  -2.2000000e+02   9.0992506e+00
   5.9490672e+00   5.9377230e+00   2.8000000e+01   2.2813468e+02   4.7000000e+01  -2.2000000e+02   1.1211049e+01
   3.8855189e+00   7.7194269e+00   2.8000000e+01   2.2303081e+02   4.7000000e+01  -2.2000000e+02   1.4553239e+01
   1.8522824e+00   8.0443765e+00   2.8000000e+01   2.1851290e+02   4.7000000e+01  -2.2000000e+02   1.7912573e+01
  -9.3192633e-01   1.0005485e+01   2.8000000e+01   2.1254005e+02   4.7000000e+01  -2.2000000e+02   2.1786457e+01
  -5.0606964e+00   1.2097241e+01   2.8000000e+01   2.0629316e+02   4.7000000e+01  -2.2000000e+02   2.3930802e+01
  -8.8740669e+00   1.3435184e+01   2.8000000e+01   1.9977129e+02   4.7000000e+01  -2.2000000e+02   2.8202608e+01
  -1.2480208e+01   1.6563297e+01   2.8000000e+01   1.9303844e+02   4.7000000e+01  -2.2000000e+02   3.1793937e+01
  -1.6218119e+01   1.7450840e+01   2.8000000e+01   1.8570486e+02   4.7000000e+01  -2.2000000e+02   3.4984593e+01
  -1.8948652e+01   1.4277687e+01   2.8000000e+01   1.8040893e+02   4.7000000e+01  -2.2000000e+02   4.0364795e+01
  -2.1900364e+01   1.8685223e+01   2.8000000e+01   1.7319330e+02   4.7000000e+01  -2.2000000e+02   4.1931786e+01
  -2.4636514e+01   2.1769283e+01   2.8000000e+01   1.6809401e+02   4.7000000e+01  -2.2000000e+02   4.5234491e+01
  -2.7053599e+01   2.4568222e+01   2.8000000e+01   1.6555872e+02   4.7000000e+01  -2.2000000e+02   4.8878617e+01
  -3.0784537e+01   2.5946094e+01   2.8000000e+01   1.6230353e+02   4.7000000e+01  -2.2000000e+02   5.1164843e+01
  -3.3210430e+01   2.9677821e+01   2.8000000e+01   1.5892635e+02   4.7000000e+01  -2.2000000e+02   5.5419186e+01
  -3.4982808e+01   2.9467347e+01   2.8000000e+01   1.5544780e+02   4.7000000e+01  -2.2000000e+02   5.8844516e+01
  -3.1474374e+01   2.7190905e+01   2.8000000e+01   1.5439404e+02   4.7000000e+01  -2.2000000e+02   6.3024596e+01
  -2.9123705e+01   2.6534378e+01   2.8000000e+01   1.5413133e+02   4.7000000e+01  -2.2000000e+02   6.6181881e+01
  -2.4006288e+01   2.3211664e+01   2.8000000e+01   1.5383039e+02   4.7000000e+01  -2.2000000e+02   6.6376266e+01
  -1.6107890e+01   1.8972945e+01   2.8000000e+01   1.4913897e+02   4.7000000e+01  -2.2000000e+02   5.6890776e+01
  -1.1949735e+01   1.6883788e+01   2.8000000e+01   1.4475961e+02   4.7000000e+01  -2.2000000e+02   4.6249665e+01
  -9.1630231e+00   1.3101167e+01   2.8000000e+01   1.4438412e+02   4.7000000e+01  -2.2000000e+02   3.5755806e+01
  -1.4232125e+00   8.3762989e+00   2.8000000e+01   1.5197793e+02   4.7000000e+01  -2.2000000e+02   2.8281480e+01
   5.8187419e+00   2.1192120e+00   2.8000000e+01   1.6271974e+02   4.7000000e+01  -2.2000000e+02   2.1346757e+01
   1.2932008e+01  -3.1913305e+00   2.8000000e+01   1.7386925e+02   4.7000000e+01  -2.2000000e+02   1.7676680e+01
   1.8424134e+01  -6.8396296e+00   2.8000000e+01   1.8504857e+02   4.7000000e+01  -2.2000000e+02   1.4939512e+01
   2.3301176e+01  -8.4552780e+00   2.8000000e+01   1.9654413e+02   4.7000000e+01  -2.2000000e+02   9.9582115e+00
   2.7198502e+01  -1.2043169e+01   2.8000000e+01   2.0818574e+02   4.7000000e+01  -2.2000000e+02   5.0248966e+00
   2.7727108e+01  -1.1245185e+01   2.8000000e+01   2.1974956e+02   4.7000000e+01  -2.2000000e+02  -6.2751510e-01
   2.4055027e+01  -8.7124915e+00   2.8000000e+01   2.3111435e+02   4.7000000e+01  -2.2000000e+02  -7.3841424e+00
   1.9610982e+01  -5.0422332e+00   2.8000000e+01   2.4204906e+02   4.7000000e+01  -2.2000000e+02  -1.4192366e+01
   1.6432162e+01  -1.0161714e+00   2.8000000e+01   2.4989954e+02   4.7000000e+01  -2.2000000e+02  -1.7198539e+01
   1.4352903e+01  -5.9099785e-01   2.8000000e+01   2.4837199e+02   4.7000000e+01  -2.2000000e+02  -1.4481316e+01
   1.1886256e+01   3.2273592e-01   2.8000000e+01   2.4408040e+02   4.7000000e+01  -2.2000000e+02  -9.2295905e+00
   9.0279599e+00   2.0608427e+00   2.8000000e+01   2.3857377e+02   4.7000000e+01  -2.2000000e+02  -3.6683772e+00
   6.3681956e+00   2.9614178e+00   2.8000000e+01   2.3381381e+02   4.7000000e+01  -2.2000000e+02   1.4984861e+00
   3.6507968e+00   5.0529202e+00   2.8000000e+01   2.2841835e+02   4.7000000e+01  -2.2000000e+02   5.6647226e+00
   1.3655327e-02   8.0757247e+00   2.8000000e+01   2.2126304e+02   4.7000000e+01  -2.2000000e+02   1.0224948e+01
  -2.2929399e+00   8.5856548e+00   2.8000000e+01   2.1619648e+02   4.7000000e+01  -2.2000000e+02   1.4410637e+01
  -3.9355056e+00   9.8009114e+00   2.8000000e+01   2.1115534e+02   4.7000000e+01  -2.2000000e+02   1.7682094e+01
  -5.8268171e+00   8.7560143e+00   2.8000000e+01   2.0769889e+02   4.7000000e+01  -2.2000000e+02   2.0497887e+01
  -9.5145511e+00   8.7721027e+00   2.8000000e+01   2.0289377e+02   4.7000000e+01  -2.2000000e+02   2.3933931e+01
  -1.3773919e+01   1.0570054e+01   2.8000000e+01   1.9712323e+02   4.7000000e+01  -2.2000000e+02   2.7363064e+01
  -1.6030490e+01   1.0625167e+01   2.8000000e+01   1.9242797e+02   4.7000000e+01  -2.2000000e+02   2.8925992e+01
  -2.0856512e+01   1.5189748e+01   2.8000000e+01   1.8464573e+02   4.7000000e+01  -2.2000000e+02   3.2511409e+01
  -2.2915456e+01   1.7732403e+01   2.8000000e+01   1.7778416e+02   4.7000000e+01  -2.2000000e+02   3.6863271e+01
  -2.5608347e+01   2.0899734e+01   2.8000000e+01   1.7243545e+02   4.7000000e+01  -2.2000000e+02   3.9351789e+01
  -2.7593457e+01   1.9811855e+01   2.8000000e+01   1.6827178e+02   4.7000000e+01  -2.2000000e+02   4.3332301e+01
  -3.0493970e+01   2.3220623e+01   2.8000000e+01   1.6503822e+02   4.7000000e+01  -2.2000000e+02   4.6232158e+01
  -3.3585883e+01   2.5098454e+01   2.8000000e+01   1.6360483e+02   4.7000000e+01  -2.2000000e+02   4.9993628e+01
  -3.5688455e+01   2.5592724e+01   2.8000000e+01   1.6120369e+02   4.7000000e+01  -2.2000000e+02   5.2773498e+01
  -3.6879643e+01   2.8297604e+01   2.8000000e+01   1.5872717e+02   4.7000000e+01  -2.2000000e+02   5.5970565e+01
  -3.8592043e+01   3.2834833e+01   2.8000000e+01   1.5474545e+02   4.7000000e+01  -2.2000000e+02   5.8918173e+01
  -3.9236829e+01   3.3998942e+01   2.8000000e+01   1.5471019e+02   4.7000000e+01  -2.2000000e+02   6.2405974e+01
  -3.9218434e+01   3.1409416e+01   2.8000000e+01   1.5500888e+02   4.7000000e+01  -2.2000000e+02   6.5299735e+01
  -3.9115018e+01   2.9195973e+01   2.8000000e+01   1.5552900e+02   4.7000000e+01  -2.2000000e+02   6.7575187e+01
  -3.9715955e+01   3.0587874e+01   2.8000000e+01   1.5776995e+02   4.7000000e+01  -2.2000000e+02   7.0069922e+01
  -4.0135185e+01   3.1538416e+01   2.8000000e+01   1.5967490e+02   4.7000000e+01  -2.2000000e+02   7.1498017e+01
  -4.0054872e+01   3.2524704e+01   2.8000000e+01   1.5919294e+02   4.7000000e+01  -2.2000000e+02   7.2644773e+01
  -3.9337650e+01   3.0856580e+01   2.8000000e+01   1.5906994e+02   4.7000000e+01  -2.2000000e+02   7.2499510e+01
  -3.5814930e+01   2.8263746e+01   2.8000000e+01   1.5915213e+02   4.7000000e+01  -2.2000000e+02   7.2802387e+01
  -3.3116710e+01   2.6374950e+01   2.8000000e+01   1.5925437e+02   4.7000000e+01  -2.2000000e+02   7.2875058e+01
  -2.9870847e+01   2.7260422e+01   2.8000000e+01   1.5771821e+02   4.7000000e+01  -2.2000000e+02   7.1938549e+01
  -2.5289613e+01   2.3391353e+01   2.8000000e+01   1.5633819e+02   4.7000000e+01  -2.2000000e+02   6.7398735e+01
  -1.9160649e+01   1.8515965e+01   2.8000000e+01   1.5398350e+02   4.7000000e+01  -2.2000000e+02   5.8073379e+01
  -1.4053508e+01   1.1799501e+01   2.8000000e+01   1.5002061e+02   4.7000000e+01  -2.2000000e+02   4.7493133e+01
  -9.7929414e+00   7.4842657e+00   2.8000000e+01   1.5067398e+02   4.7000000e+01  -2.2000000e+02   3.6541411e+01
  -4.2751857e+00   3.3930178e+00   2.8000000e+01   1.5742512e+02   4.7000000e+01  -2.2000000e+02   2.6823466e+01
   2.8029983e+00  -1.2440439e+00   2.8000000e+01   1.6740029e+02   4.7000000e+01  -2.2000000e+02   1.7333431e+01
   9.3966270e+00  -8.3174023e+00   2.8000000e+01   1.7809349e+02   4.7000000e+01  -2.2000000e+02   1.3595570e+01
   1.3341916e+01  -1.2315255e+01   2.8000000e+01   1.8906203e+02   4.7000000e+01  -2.2000000e+02   1.1865771e+01
   1.8578034e+01  -1.2743226e+01   2.8000000e+01   1.9989566e+02   4.7000000e+01  -2.2000000e+02   7.2872673e+00
   2.1709299e+01  -1.4294343e+01   2.8000000e+01   2.1097940e+02   4.7000000e+01  -2.2000000e+02   1.0106635e+00
   2.5526529e+01  -1.7109905e+01   2.8000000e+01   2.2174282e+02   4.7000000e+01  -2.2000000e+02  -5.3136907e+00
   2.5123828e+01  -1.3909856e+01   2.8000000e+01   2.3141585e+02   4.7000000e+01  -2.2000000e+02  -8.4899210e+00
   2.1844473e+01  -1.0896855e+01   2.8000000e+01   2.4075264e+02   4.7000000e+01  -2.2000000e+02  -1.3942171e+01
   1.7287869e+01  -6.8629405e+00   2.8000000e+01   2.4930218e+02   4.7000000e+01  -2.2000000e+02  -1.6858894e+01
   1.5263428e+01  -4.9091667e+00   2.8000000e+01   2.5025836e+02   4.7000000e+01  -2.2000000e+02  -1.5262715e+01
   1.2837364e+01  -3.3286297e+00   2.8000000e+01   2.4651263e+02   4.7000000e+01  -2.2000000e+02  -1.1283462e+01
   9.8380057e+00  -1.0465491e+00   2.8000000e+01   2.4149549e+02   4.7000000e+01  -2.2000000e+02  -6.0243361e+00
   7.8867417e+00  -2.1383811e-01   2.8000000e+01   2.3702344e+02   4.7000000e+01  -2.2000000e+02  -9.7090905e-01
   4.8757714e+00   1.6030865e+00   2.8000000e+01   2.3243143e+02   4.7000000e+01  -2.2000000e+02   3.5687474e+00
   1.4296302e+00   3.7603040e+00   2.8000000e+01   2.2661753e+02   4.7000000e+01  -2.2000000e+02   7.1670256e+00
  -5.6238433e-01   4.3140714e+00   2.8000000e+01   2.2304478e+02   4.7000000e+01  -2.2000000e+02   1.0210335e+01
  -2.9953998e+00   6.1022911e+00   2.8000000e+01   2.1809292e+02   4.7000000e+01  -2.2000000e+02   1.3824748e+01
  -5.4708986e+00   7.0141789e+00   2.8000000e+01   2.1302358e+02   4.7000000e+01  -2.2000000e+02   1.7041746e+01
  -8.0751256e+00   7.0434028e+00   2.8000000e+01   2.0891493e+02   4.7000000e+01  -2.2000000e+02   1.9169794e+01
  -1.1391976e+01   8.4491318e+00   2.8000000e+01   2.0371580e+02   4.7000000e+01  -2.2000000e+02   2.2372464e+01
  -1.2518102e+01   7.6757630e+00   2.8000000e+01   2.0078775e+02   4.7000000e+01  -2.2000000e+02   2.5596033e+01
  -1.5140718e+01   6.7067042e+00   2.8000000e+01   1.9713909e+02   4.7000000e+01  -2.2000000e+02   2.8490094e+01
  -1.9142243e+01   1.1242503e+01   2.8000000e+01   1.8909571e+02   4.7000000e+01  -2.2000000e+02   3.3010008e+01
  -2.3335360e+01   1.4872268e+01   2.8000000e+01   1.8182371e+02   4.7000000e+01  -2.2000000e+02   3.6048233e+01
  -2.6822592e+01   1.9026121e+01   2.8000000e+01   1.7464792e+02   4.7000000e+01  -2.2000000e+02   3.8663168e+01
  -2.7569649e+01   1.5939822e+01   2.8000000e+01   1.7400196e+02   4.7000000e+01  -2.2000000e+02   4.2121626e+01
  -3.1400675e+01   2.0965303e+01   2.8000000e+01   1.6851726e+02   4.7000000e+01  -2.2000000e+02   4.6053468e+01
  -3.4266106e+01   2.4883114e+01   2.8000000e+01   1.6536626e+02   4.7000000e+01  -2.2000000e+02   5.0438988e+01
  -3.4961540e+01   2.6055202e+01   2.8000000e+01   1.6146391e+02   4.7000000e+01  -2.2000000e+02   5.4630986e+01
  -3.8769476e+01   3.1332266e+01   2.8000000e+01   1.5703170e+02   4.7000000e+01  -2.2000000e+02   5.7906088e+01
  -4.0775818e+01   3.5536534e+01   2.8000000e+01   1.5216523e+02   4.7000000e+01  -2.2000000e+02   6.2063831e+01
  -3.8092919e+01   2.8457268e+01   2.8000000e+01   1.5360294e+02   4.7000000e+01  -2.2000000e+02   6.5220472e+01
  -3.5247921e+01   2.6476895e+01   2.8000000e+01   1.5488141e+02   4.7000000e+01  -2.2000000e+02   6.7822186e+01
  -3.3883096e+01   2.5337404e+01   2.8000000e+01   1.5666876e+02   4.7000000e+01  -2.2000000e+02   7.0397545e+01
  -3.3771553e+01   2.8970191e+01   2.8000000e+01   1.5682043e+02   4.7000000e+01  -2.2000000e+02   7.2038593e+01
  -2.8947189e+01   2.2482227e+01   2.8000000e+01   1.5749553e+02   4.7000000e+01  -2.2000000e+02   7.0884040e+01
  -2.0931055e+01   1.8123826e+01   2.8000000e+01   1.5467962e+02   4.7000000e+01  -2.2000000e+02   6.3370928e+01
  -1.8447884e+01   1.5515048e+01   2.8000000e+01   1.5136657e+02   4.7000000e+01  -2.2000000e+02   5.5313479e+01
  -1.2602903e+01   1.2162353e+01   2.8000000e+01   1.4764007e+02   4.7000000e+01  -2.2000000e+02   4.4206337e+01
  -5.8014781e+00   8.6027815e+00   2.8000000e+01   1.4995974e+02   4.7000000e+01  -2.2000000e+02   3.4275605e+01
   1.2724546e+00   4.1877549e+00   2.8000000e+01   1.5916035e+02   4.7000000e+01  -2.2000000e+02   2.4713990e+01
   8.0107747e+00  -2.9482672e+00   2.8000000e+01   1.7012772e+02   4.7000000e+01  -2.2000000e+02   1.8774270e+01
   1.3957457e+01  -7.3651445e+00   2.8000000e+01   1.8138801e+02   4.7000000e+01  -2.2000000e+02   1.6848678e+01
   1.8956449e+01  -8.8117861e+00   2.8000000e+01   1.9283325e+02   4.7000000e+01  -2.2000000e+02   1.0805077e+01
   2.3970584e+01  -1.0778197e+01   2.8000000e+01   2.0456635e+02   4.7000000e+01  -2.2000000e+02   4.7205770e+00
   2.4970799e+01  -9.9944740e+00   2.8000000e+01   2.1635217e+02   4.7000000e+01  -2.2000000e+02  -9.6137798e-01
   2.2019410e+01  -7.7687212e+00   2.8000000e+01   2.2797721e+02   4.7000000e+01  -2.2000000e+02  -7.5790091e+00
   1.7797898e+01  -3.8089117e+00   2.8000000e+01   2.3929683e+02   4.7000000e+01  -2.2000000e+02  -1.3492437e+01
   1.6329115e+01  -2.4756724e+00   2.8000000e+01   2.4779439e+02   4.7000000e+01  -2.2000000e+02  -1.6231335e+01
   1.4321165e+01  -1.2182067e+00   2.8000000e+01   2.4580886e+02   4.7000000e+01  -2.2000000e+02  -1.3125961e+01
   1.1126050e+01   3.9553185e-01   2.8000000e+01   2.4098032e+02   4.7000000e+01  -2.2000000e+02  -7.7351154e+00
   8.7238532e+00   1.4499124e+00   2.8000000e+01   2.3678587e+02   4.7000000e+01  -2.2000000e+02  -3.5279572e+00
   6.1725551e+00   2.5574246e+00   2.8000000e+01   2.3222116e+02   4.7000000e+01  -2.2000000e+02   1.4431747e+00
   3.3005174e+00   4.3940349e+00   2.8000000e+01   2.2676689e+02   4.7000000e+01  -2.2000000e+02   6.7063027e+00
   6.3786200e-01   6.7315411e+00   2.8000000e+01   2.1996484e+02   4.7000000e+01  -2.2000000e+02   1.1330466e+01
  -1.9007430e+00   8.4349438e+00   2.8000000e+01   2.1387140e+02   4.7000000e+01  -2.2000000e+02   1.4727330e+01
  -5.1325205e+00   9.6868156e+00   2.8000000e+01   2.0836701e+02   4.7000000e+01  -2.2000000e+02   1.8214775e+01
  -8.5452627e+00   1.0751195e+01   2.8000000e+01   2.0308110e+02   4.7000000e+01  -2.2000000e+02   2.1185975e+01
  -1.2661244e+01   1.2117509e+01   2.8000000e+01   1.9807863e+02   4.7000000e+01  -2.2000000e+02   2.4272520e+01
  -1.4562813e+01   1.1533691e+01   2.8000000e+01   1.9378478e+02   4.7000000e+01  -2.2000000e+02   2.7816534e+01
