  -2.8333310e+01   1.6922373e+01   1.0885435e+01   1.9696534e+02   6.8792511e+01  -2.5713896e+02   5.8900790e+01
  -3.0623750e+01   6.5256152e+00   1.4218208e+00   1.9471028e+02   7.7793303e+01  -2.4319478e+02   6.1629757e+01
  -3.2898986e+01  -3.8454827e+00  -1.2571380e+01   1.9244099e+02   8.6680714e+01  -2.2920186e+02   6.4349254e+01
  -3.0186291e+01   1.0000000e+00  -2.0081323e+01   1.8162714e+02   9.3679144e+01  -2.2000000e+02   6.8855713e+01
  -2.8977701e+01   1.0000000e+00  -2.0999691e+01   1.7412466e+02   9.9210154e+01  -2.2000000e+02   6.9609112e+01
  -2.6192999e+01   1.0000000e+00  -2.8989545e+01   1.6816290e+02   1.0641397e+02  -2.2000000e+02   6.9051396e+01
  -2.2849114e+01   1.0000000e+00  -3.6357862e+01   1.6168525e+02   1.1427205e+02  -2.2000000e+02   5.7523673e+01
  -1.9166216e+01   1.0000000e+00  -3.7148139e+01   1.5804683e+02   1.1775482e+02  -2.2000000e+02   4.8210553e+01
  -1.3927478e+01   1.0000000e+00  -2.9725360e+01   1.5607643e+02   1.1519432e+02  -2.2000000e+02   4.1165492e+01
  -8.9862581e+00   1.0000000e+00  -2.2204293e+01   1.5869694e+02   1.0842359e+02  -2.2000000e+02   3.5099488e+01
  -2.5570210e+00   1.0000000e+00  -1.2788159e+01   1.6299380e+02   1.0066638e+02  -2.2000000e+02   3.1054131e+01
   2.8357137e+00   1.0000000e+00  -1.7971541e+00   1.7031588e+02   9.2825575e+01  -2.2000000e+02   2.6830292e+01
   8.4487359e+00   1.0000000e+00   9.1825716e+00   1.8043177e+02   8.3159447e+01  -2.2000000e+02   1.9726938e+01
   1.3596489e+01   1.0000000e+00   1.9639257e+01   1.9114915e+02   7.3891381e+01  -2.2000000e+02   1.1920467e+01
   1.7980596e+01   1.0000000e+00   2.6968843e+01   2.0206970e+02   6.4957631e+01  -2.2000000e+02   2.7534028e+00
   1.9735263e+01   1.0000000e+00   3.1083420e+01   2.1260430e+02   5.7430941e+01  -2.2000000e+02  -6.2778449e+00
   1.7394520e+01   1.0000000e+00   3.4677444e+01   2.2312025e+02   5.0282119e+01  -2.2000000e+02  -1.5051784e+01
   1.2535124e+01   1.0000000e+00   3.8779797e+01   2.3374199e+02   4.2489657e+01  -2.2000000e+02  -2.2638895e+01
   1.0777688e+01   1.0000000e+00   4.3247620e+01   2.3647122e+02   3.9680587e+01  -2.2000000e+02  -2.6915678e+01
   8.9201686e+00   1.0000000e+00   4.6439974e+01   2.3356322e+02   3.7844289e+01  -2.2000000e+02  -2.5231669e+01
   8.0295273e+00   1.0000000e+00   4.8478503e+01   2.2809674e+02   3.4073338e+01  -2.2000000e+02  -1.8792345e+01
   6.0275637e+00   1.0000000e+00   4.9892644e+01   2.2195630e+02   3.0395459e+01  -2.2000000e+02  -1.2560079e+01
   4.3366306e+00   1.0000000e+00   5.1713067e+01   2.1592055e+02   2.7014478e+01  -2.2000000e+02  -4.7885741e+00
   3.2138034e+00   1.0000000e+00   5.3654732e+01   2.1057972e+02   2.3665941e+01  -2.2000000e+02   4.2182724e+00
   1.6300072e+00   1.0000000e+00   5.3500355e+01   2.0527650e+02   2.2516663e+01  -2.2000000e+02   1.1315280e+01
  -8.5840776e-01   1.0000000e+00   5.3025733e+01   2.0184215e+02   2.3770513e+01  -2.2000000e+02   1.7301494e+01
  -4.1508302e+00   1.0000000e+00   4.9233367e+01   1.9872003e+02   2.7988215e+01  -2.2000000e+02   2.4493323e+01
  -8.8295312e+00   1.0000000e+00   4.4848701e+01   1.9632709e+02   3.4644580e+01  -2.2000000e+02   2.9693291e+01
  -1.3363024e+01   1.0000000e+00   3.5651937e+01   1.9246709e+02   4.2639632e+01  -2.2000000e+02   3.5698377e+01
  -1.7945350e+01   1.0000000e+00   2.3296916e+01   1.8857339e+02   5.0091318e+01  -2.2000000e+02   4.0962107e+01
  -2.4302150e+01   1.0000000e+00   1.0470652e+01   1.8321442e+02   5.9167310e+01  -2.2000000e+02   4.5622984e+01
  -3.0456588e+01   1.0000000e+00  -2.7455104e+00   1.7619033e+02   6.9326190e+01  -2.2000000e+02   5.0584524e+01
  -3.4284085e+01   1.0000000e+00  -9.8486136e+00   1.6799022e+02   7.9989308e+01  -2.2000000e+02   5.3214837e+01
  -3.6208406e+01   1.0000000e+00  -1.4455955e+01   1.6457152e+02   8.7761462e+01  -2.2000000e+02   5.5307365e+01
  -3.7001595e+01   1.0000000e+00  -1.4961036e+01   1.6558961e+02   9.0029703e+01  -2.2000000e+02   5.8712931e+01
  -3.6325035e+01   1.0000000e+00  -1.1348299e+01   1.6653477e+02   9.2125445e+01  -2.2000000e+02   6.3697807e+01
  -3.6970408e+01   1.0000000e+00  -1.2392963e+01   1.6691273e+02   9.1922214e+01  -2.2000000e+02   6.6131698e+01
  -3.6375977e+01   1.0000000e+00  -7.2195077e+00   1.6874580e+02   9.0951221e+01  -2.2000000e+02   6.9021237e+01
  -3.6228858e+01   1.0000000e+00  -1.2461733e+01   1.6870478e+02   9.1851781e+01  -2.2000000e+02   6.9809889e+01
  -3.5632084e+01   1.0000000e+00  -1.4159682e+01   1.6922122e+02   9.4674787e+01  -2.2000000e+02   7.0557931e+01
  -3.3006721e+01   1.0000000e+00  -1.4800130e+01   1.6879342e+02   9.6814420e+01  -2.2000000e+02   7.0257903e+01
  -2.9929285e+01   1.0000000e+00  -1.6201508e+01   1.6860550e+02   9.7615555e+01  -2.2000000e+02   6.8926371e+01
  -2.6227823e+01   1.0000000e+00  -1.9312289e+01   1.6820404e+02   1.0026633e+02  -2.2000000e+02   6.0842482e+01
  -2.1032251e+01   1.0000000e+00  -1.5088014e+01   1.7074363e+02   1.0247830e+02  -2.2000000e+02   4.9955801e+01
  -1.7744774e+01   1.0000000e+00  -2.1197243e+01   1.6861209e+02   1.0975743e+02  -2.2000000e+02   3.8704824e+01
  -1.3649152e+01   1.0000000e+00  -2.1760002e+01   1.6487693e+02   1.0955223e+02  -2.2000000e+02   3.3068234e+01
  -8.6866867e+00   1.0000000e+00  -1.2090623e+01   1.6881257e+02   1.0207215e+02  -2.2000000e+02   2.6224713e+01
  -2.1840306e+00   1.0000000e+00  -7.5529448e-01   1.7560923e+02   9.2996134e+01  -2.2000000e+02   2.2286148e+01
   4.4550213e+00   1.0000000e+00   1.0499645e+01   1.8537556e+02   8.3252061e+01  -2.2000000e+02   1.6394968e+01
   8.6505542e+00   1.0000000e+00   1.8139389e+01   1.9446537e+02   7.5138230e+01  -2.2000000e+02   7.0296977e+00
   1.2189501e+01   1.0000000e+00   2.3397426e+01   2.0328658e+02   6.8523999e+01  -2.2000000e+02  -1.7183836e+00
   1.5145726e+01   1.0000000e+00   2.5994363e+01   2.1267117e+02   6.2949556e+01  -2.2000000e+02  -1.1123853e+01
   1.5334037e+01   1.0000000e+00   2.8862437e+01   2.2178491e+02   5.8489282e+01  -2.2000000e+02  -1.9233548e+01
   1.2779005e+01   1.0000000e+00   3.2730889e+01   2.3126548e+02   5.2957157e+01  -2.2000000e+02  -2.6322217e+01
   9.4255082e+00   1.0000000e+00   3.7694561e+01   2.3947477e+02   4.7287740e+01  -2.2000000e+02  -2.9588982e+01
   7.7160017e+00   1.0000000e+00   4.1008922e+01   2.3773359e+02   4.3770594e+01  -2.2000000e+02  -2.7266835e+01
   6.3399663e+00   1.0000000e+00   4.3515025e+01   2.3228414e+02   3.8722354e+01  -2.2000000e+02  -2.1482119e+01
   3.9300463e+00   1.0000000e+00   4.6107111e+01   2.2534768e+02   3.3314617e+01  -2.2000000e+02  -1.4089664e+01
   2.8079725e+00   1.0000000e+00   4.9288583e+01   2.1891897e+02   2.7831656e+01  -2.2000000e+02  -5.5764997e+00
   3.5737076e+00   1.0000000e+00   5.2251180e+01   2.1342520e+02   2.2460923e+01  -2.2000000e+02   2.9754009e+00
   2.2670411e+00   1.0000000e+00   5.4165644e+01   2.0927992e+02   2.0392855e+01  -2.2000000e+02   9.4940023e+00
   9.1408547e-01   1.0000000e+00   5.4829612e+01   2.0544500e+02   2.0652417e+01  -2.2000000e+02   1.5470584e+01
  -9.9586108e-01   1.0000000e+00   5.4301949e+01   2.0325139e+02   2.0694553e+01  -2.2000000e+02   2.1056538e+01
  -4.0113249e+00   1.0000000e+00   5.1816272e+01   2.0087190e+02   2.4737878e+01  -2.2000000e+02   2.6156916e+01
  -6.5227463e+00   1.0000000e+00   4.2887401e+01   1.9910040e+02   2.9753554e+01  -2.2000000e+02   3.2136977e+01
  -1.1598187e+01   1.0000000e+00   3.4758019e+01   1.9737360e+02   3.7330543e+01  -2.2000000e+02   3.7362326e+01
  -1.8729705e+01   1.0000000e+00   2.3026795e+01   1.9352991e+02   4.6082284e+01  -2.2000000e+02   4.0525763e+01
  -2.6216720e+01   1.0000000e+00   9.8901772e+00   1.8877512e+02   5.4479413e+01  -2.2000000e+02   4.3643130e+01
  -3.1193079e+01   1.0000000e+00  -3.1340714e+00   1.8159254e+02   6.4691264e+01  -2.2000000e+02   4.7198631e+01
  -3.3594404e+01   1.0000000e+00  -5.7558596e+00   1.7477205e+02   7.4971954e+01  -2.2000000e+02   4.9621863e+01
  -3.5999103e+01   1.0000000e+00  -1.0211744e+01   1.7093150e+02   8.2479726e+01  -2.2000000e+02   5.1246327e+01
  -3.7140361e+01   1.0000000e+00  -1.8312371e+01   1.6950508e+02   8.7593483e+01  -2.2000000e+02   5.3672519e+01
  -3.7658354e+01   1.0000000e+00  -1.5519452e+01   1.6721669e+02   9.0438140e+01  -2.2000000e+02   5.6520304e+01
  -3.8020503e+01   1.0000000e+00  -1.6886842e+01   1.6677165e+02   9.1089324e+01  -2.2000000e+02   6.0328764e+01
  -3.6279173e+01   1.0000000e+00  -1.4572562e+01   1.6394988e+02   9.1669556e+01  -2.2000000e+02   6.3545322e+01
  -3.4766123e+01   1.0000000e+00  -7.7645202e+00   1.6625335e+02   8.8937014e+01  -2.2000000e+02   6.6485170e+01
  -3.2832584e+01   1.0000000e+00  -4.5515639e+00   1.6707887e+02   8.5708877e+01  -2.2000000e+02   6.8231462e+01
  -3.1242243e+01   1.0000000e+00  -1.2091038e+01   1.6526938e+02   8.4870319e+01  -2.2000000e+02   6.7753858e+01
  -2.8024935e+01   1.0000000e+00  -9.0191822e+00   1.6647184e+02   8.2745509e+01  -2.2000000e+02   6.7543906e+01
  -2.3976687e+01   1.0000000e+00  -1.4562837e+01   1.6751924e+02   8.7233781e+01  -2.2000000e+02   6.0521019e+01
  -2.0972947e+01   1.0000000e+00  -2.2359796e+01   1.6398812e+02   9.6807014e+01  -2.2000000e+02   5.1661519e+01
  -1.6326730e+01   1.0000000e+00  -2.1165516e+01   1.6318365e+02   1.0486694e+02  -2.2000000e+02   4.1551065e+01
  -1.1816371e+01   1.0000000e+00  -1.3224018e+01   1.6470832e+02   1.0221090e+02  -2.2000000e+02   3.4628622e+01
  -4.3128856e+00   1.0000000e+00  -2.8968215e+00   1.7067945e+02   9.3552913e+01  -2.2000000e+02   3.0618254e+01
   9.6544744e-01   1.0000000e+00   8.3364216e+00   1.7955199e+02   8.4734990e+01  -2.2000000e+02   2.5501959e+01
   6.5887754e+00   1.0000000e+00   1.8945180e+01   1.8981858e+02   7.5178418e+01  -2.2000000e+02   1.7627264e+01
   1.1708793e+01   1.0000000e+00   2.5799551e+01   1.9876331e+02   6.7323932e+01  -2.2000000e+02   8.0466937e+00
   1.5997650e+01   1.0000000e+00   3.0953984e+01   2.0668852e+02   6.2615941e+01  -2.2000000e+02  -1.0553682e+00
   1.8529920e+01   1.0000000e+00   3.3140496e+01   2.1551439e+02   5.7920606e+01  -2.2000000e+02  -9.1881439e+00
   2.0455012e+01   1.0000000e+00   3.4860637e+01   2.2468472e+02   5.3734958e+01  -2.2000000e+02  -1.6958801e+01
   1.6971914e+01   1.0000000e+00   3.7414456e+01   2.3401146e+02   4.8126444e+01  -2.2000000e+02  -2.2728230e+01
   1.3918697e+01   1.0000000e+00   4.0830735e+01   2.4021994e+02   4.3924323e+01  -2.2000000e+02  -2.2961833e+01
   1.2446374e+01   1.0000000e+00   4.2540407e+01   2.3776982e+02   4.1526098e+01  -2.2000000e+02  -2.0270899e+01
   9.8804767e+00   1.0000000e+00   4.5820546e+01   2.3219658e+02   3.9299851e+01  -2.2000000e+02  -1.3653815e+01
   7.5622866e+00   1.0000000e+00   4.8197263e+01   2.2439959e+02   3.5710887e+01  -2.2000000e+02  -6.3461724e+00
   5.7439960e+00   1.0000000e+00   5.2131124e+01   2.1589707e+02   3.0243376e+01  -2.2000000e+02   3.3978071e+00
   4.2050336e+00   1.0000000e+00   5.4536067e+01   2.0790352e+02   2.4778910e+01  -2.2000000e+02   1.1616944e+01
   3.1629564e+00   1.0000000e+00   5.6222854e+01   2.0263883e+02   2.1751080e+01  -2.2000000e+02   1.8411426e+01
   1.3689965e+00   1.0000000e+00   5.7052448e+01   1.9928665e+02   2.1168533e+01  -2.2000000e+02   2.4758615e+01
  -1.7946010e+00   1.0000000e+00   5.4478755e+01   1.9617312e+02   2.3498598e+01  -2.2000000e+02   3.0506610e+01
  -5.5916477e+00   1.0000000e+00   4.8988726e+01   1.9337177e+02   2.9297765e+01  -2.2000000e+02   3.6602573e+01
  -1.1052297e+01   1.0000000e+00   4.0663482e+01   1.9020699e+02   3.7113228e+01  -2.2000000e+02   4.0845666e+01
  -1.4974184e+01   1.0000000e+00   3.0770451e+01   1.8723264e+02   4.5055551e+01  -2.2000000e+02   4.5287409e+01
  -1.8944442e+01   1.0000000e+00   1.9414906e+01   1.8412055e+02   5.3756467e+01  -2.2000000e+02   4.9506766e+01
  -2.5229941e+01   1.0000000e+00   7.2369399e+00   1.7967090e+02   6.3141966e+01  -2.2000000e+02   5.2355713e+01
  -2.8928747e+01   1.0000000e+00  -5.2365065e+00   1.7356442e+02   7.2877565e+01  -2.2000000e+02   5.5356424e+01
  -3.1048369e+01   1.0000000e+00  -1.0791491e+01   1.6818859e+02   8.1080255e+01  -2.2000000e+02   5.7199782e+01
  -3.2184639e+01   1.0000000e+00  -1.1250088e+01   1.6490810e+02   8.6147228e+01  -2.2000000e+02   6.0661887e+01
  -3.4058844e+01   1.0000000e+00  -1.1916702e+01   1.6366455e+02   8.7031442e+01  -2.2000000e+02   6.3371178e+01
  -3.2800185e+01   1.0000000e+00  -7.9860809e+00   1.6580919e+02   8.7553978e+01  -2.2000000e+02   6.7106310e+01
  -3.2619358e+01   1.0000000e+00  -9.1963056e+00   1.6784033e+02   8.6111810e+01  -2.2000000e+02   6.8741157e+01
  -3.2271020e+01   1.0000000e+00  -1.5454446e+01   1.6699365e+02   8.9417857e+01  -2.2000000e+02   6.9876082e+01
  -2.9898430e+01   1.0000000e+00  -2.0939102e+01   1.6725224e+02   9.3877489e+01  -2.2000000e+02   6.8644096e+01
  -2.5443660e+01   1.0000000e+00  -1.5522383e+01   1.6910905e+02   9.7058925e+01  -2.2000000e+02   6.8914912e+01
  -2.0723855e+01   1.0000000e+00  -2.1734271e+01   1.6848721e+02   1.0294671e+02  -2.2000000e+02   5.9788627e+01
  -2.0119454e+01   1.0000000e+00  -3.3242890e+01   1.6351975e+02   1.0901614e+02  -2.2000000e+02   5.0940067e+01
  -1.5413820e+01   1.0000000e+00  -2.7536532e+01   1.6062778e+02   1.0971224e+02  -2.2000000e+02   4.2768389e+01
  -1.1473489e+01   1.0000000e+00  -1.9171386e+01   1.6156478e+02   1.0590659e+02  -2.2000000e+02   3.7588691e+01
  -7.3073720e+00   1.0000000e+00  -8.7889422e+00   1.6772166e+02   9.8757606e+01  -2.2000000e+02   3.1710064e+01
  -1.2356052e+00   1.0000000e+00   2.0288180e+00   1.7468626e+02   9.0586998e+01  -2.2000000e+02   2.4867562e+01
   3.7317342e+00   1.0000000e+00   1.0586202e+01   1.8229145e+02   8.2627995e+01  -2.2000000e+02   1.6014363e+01
   7.3538242e+00   1.0000000e+00   1.8673666e+01   1.9085130e+02   7.5171499e+01  -2.2000000e+02   6.7796862e+00
   1.0858358e+01   1.0000000e+00   2.4232149e+01   1.9897819e+02   6.9237648e+01  -2.2000000e+02  -1.6311735e+00
   1.4278469e+01   1.0000000e+00   2.8726108e+01   2.0862016e+02   6.2852272e+01  -2.2000000e+02  -1.0045291e+01
   1.6262274e+01   1.0000000e+00   3.0353540e+01   2.1855288e+02   5.6977178e+01  -2.2000000e+02  -1.8608845e+01
   1.5119887e+01   1.0000000e+00   3.2508777e+01   2.2855167e+02   5.1407671e+01  -2.2000000e+02  -2.6485909e+01
   1.1147030e+01   1.0000000e+00   3.6253292e+01   2.3794071e+02   4.5563779e+01  -2.2000000e+02  -3.1095546e+01
   1.0362455e+01   1.0000000e+00   3.8892312e+01   2.3970459e+02   4.3691187e+01  -2.2000000e+02  -3.2891395e+01
   7.6133737e+00   1.0000000e+00   4.1305296e+01   2.3628659e+02   4.1871801e+01  -2.2000000e+02  -2.9764702e+01
   5.0975990e+00   1.0000000e+00   4.3492830e+01   2.3071852e+02   3.8570191e+01  -2.2000000e+02  -2.3034518e+01
   2.5883986e+00   1.0000000e+00   4.5064072e+01   2.2434378e+02   3.4205442e+01  -2.2000000e+02  -1.5340455e+01
   1.7454298e+00   1.0000000e+00   4.7365972e+01   2.1775973e+02   2.9027389e+01  -2.2000000e+02  -5.4185629e+00
   3.5350804e-01   1.0000000e+00   4.9077083e+01   2.1187787e+02   2.4321839e+01  -2.2000000e+02   3.7746434e+00
  -1.2904171e+00   1.0000000e+00   5.0078237e+01   2.0766453e+02   2.2630084e+01  -2.2000000e+02   1.1602098e+01
  -3.8873361e+00   1.0000000e+00   4.9507644e+01   2.0479878e+02   2.3620615e+01  -2.2000000e+02   1.6903430e+01
  -7.6740598e+00   1.0000000e+00   4.5077598e+01   2.0202063e+02   2.8539641e+01  -2.2000000e+02   2.2130180e+01
  -1.1419430e+01   1.0000000e+00   3.7659171e+01   1.9899704e+02   3.5328360e+01  -2.2000000e+02   2.7595440e+01
  -1.5842288e+01   1.0000000e+00   2.8217066e+01   1.9623132e+02   4.3564567e+01  -2.2000000e+02   3.2980422e+01
  -2.1076047e+01   1.0000000e+00   1.8837675e+01   1.9238970e+02   5.2429111e+01  -2.2000000e+02   3.5415056e+01
  -2.4048169e+01   1.0000000e+00   1.0637768e+01   1.8832008e+02   6.0194304e+01  -2.2000000e+02   3.7794483e+01
  -2.8107584e+01   1.0000000e+00   1.6865091e+00   1.8276071e+02   6.7846657e+01  -2.2000000e+02   4.0830829e+01
  -3.0889854e+01   1.0000000e+00   8.7448281e-01   1.7796157e+02   7.1513358e+01  -2.2000000e+02   4.3547503e+01
  -3.3019919e+01   1.0000000e+00  -4.1552474e+00   1.7336107e+02   7.5042449e+01  -2.2000000e+02   4.5627012e+01
  -3.5490510e+01   1.0000000e+00  -9.8351717e+00   1.7004181e+02   7.7657335e+01  -2.2000000e+02   4.7044614e+01
  -3.7078674e+01   1.0000000e+00  -1.4772861e+01   1.6702399e+02   8.1024815e+01  -2.2000000e+02   4.9813975e+01
  -3.7480132e+01   1.0000000e+00  -1.3871357e+01   1.6683637e+02   8.1457080e+01  -2.2000000e+02   5.2496524e+01
  -3.8299120e+01   1.0000000e+00  -1.0139474e+01   1.6884675e+02   7.9514148e+01  -2.2000000e+02   5.2889388e+01
  -3.8187343e+01   1.0000000e+00  -1.1807918e+01   1.6997918e+02   7.9524456e+01  -2.2000000e+02   5.4134659e+01
  -3.5934843e+01   1.0000000e+00  -8.7913916e+00   1.6758477e+02   7.9265731e+01  -2.2000000e+02   5.7060120e+01
  -3.1861604e+01   1.0000000e+00  -5.7975386e+00   1.6716043e+02   7.8541647e+01  -2.2000000e+02   5.7129239e+01
  -2.7021502e+01   1.0000000e+00  -3.5665181e+00   1.6662426e+02   7.8457385e+01  -2.2000000e+02   5.0683040e+01
  -2.0990412e+01   1.0000000e+00  -1.0688511e+01   1.6518615e+02   8.8360477e+01  -2.2000000e+02   4.2447785e+01
  -1.7899361e+01   1.0000000e+00  -8.4935707e+00   1.6661209e+02   9.4295541e+01  -2.2000000e+02   3.2859400e+01
  -1.1155321e+01   1.0000000e+00   1.8319101e+00   1.7321435e+02   8.8066978e+01  -2.2000000e+02   2.6838805e+01
  -5.0055506e+00   1.0000000e+00   1.3380937e+01   1.8207175e+02   8.0153849e+01  -2.2000000e+02   2.3746634e+01
   2.1031102e+00   1.0000000e+00   2.3859516e+01   1.9246064e+02   7.0193511e+01  -2.2000000e+02   1.5203910e+01
   7.9483649e+00   1.0000000e+00   3.1658380e+01   2.0134445e+02   6.1744800e+01  -2.2000000e+02   6.8200495e+00
   1.2388875e+01   1.0000000e+00   3.5463043e+01   2.0908731e+02   5.6161539e+01  -2.2000000e+02  -2.6951974e+00
   1.5394004e+01   1.0000000e+00   3.7121934e+01   2.1485413e+02   5.4351446e+01  -2.2000000e+02  -1.0837290e+01
   1.5994091e+01   1.0000000e+00   3.8679182e+01   2.2103444e+02   5.2662367e+01  -2.2000000e+02  -1.7530945e+01
   1.3897040e+01   1.0000000e+00   4.0182461e+01   2.2809307e+02   4.8889183e+01  -2.2000000e+02  -2.4036988e+01
   9.0926331e+00   1.0000000e+00   4.4271079e+01   2.3611384e+02   4.3109990e+01  -2.2000000e+02  -2.6383660e+01
   8.3876288e+00   1.0000000e+00   4.7210882e+01   2.3440339e+02   3.9682733e+01  -2.2000000e+02  -2.2717911e+01
   6.9679895e+00   1.0000000e+00   4.8219681e+01   2.2816239e+02   3.4912063e+01  -2.2000000e+02  -1.5514140e+01
   4.8100211e+00   1.0000000e+00   5.0800328e+01   2.2128158e+02   3.1047010e+01  -2.2000000e+02  -6.6146011e+00
   4.7677746e+00   1.0000000e+00   5.2234087e+01   2.1360179e+02   2.4679404e+01  -2.2000000e+02   3.8657244e+00
   3.8640959e+00   1.0000000e+00   5.4375543e+01   2.0698328e+02   2.0557360e+01  -2.2000000e+02   1.3701348e+01
   3.8538768e+00   1.0000000e+00   5.6020669e+01   2.0265479e+02   1.6365476e+01  -2.2000000e+02   2.0351743e+01
   3.3776544e+00   1.0000000e+00   5.6929295e+01   1.9918485e+02   1.4124706e+01  -2.2000000e+02   2.7229647e+01
   5.0751237e-02   1.0000000e+00   5.7107702e+01   1.9705524e+02   1.6397035e+01  -2.2000000e+02   3.2374498e+01
  -3.6938790e+00   1.0000000e+00   5.2864139e+01   1.9538150e+02   2.0750665e+01  -2.2000000e+02   3.6572015e+01
  -7.6392924e+00   1.0000000e+00   4.4088216e+01   1.9284010e+02   2.6912614e+01  -2.2000000e+02   4.1018741e+01
  -1.3315374e+01   1.0000000e+00   3.2942976e+01   1.9051680e+02   3.4697668e+01  -2.2000000e+02   4.4875807e+01
  -1.9279077e+01   1.0000000e+00   2.1645860e+01   1.8753761e+02   4.4139596e+01  -2.2000000e+02   4.7826727e+01
  -2.4971334e+01   1.0000000e+00   9.5237736e+00   1.8363915e+02   5.3943839e+01  -2.2000000e+02   5.0384209e+01
  -3.0229086e+01   1.0000000e+00  -3.0659106e+00   1.7767712e+02   6.4081309e+01  -2.2000000e+02   5.1461560e+01
  -3.2697130e+01   1.0000000e+00  -9.3032899e+00   1.7122603e+02   7.3982659e+01  -2.2000000e+02   5.3616100e+01
  -3.4497992e+01   1.0000000e+00  -1.1232748e+01   1.6785066e+02   8.1301654e+01  -2.2000000e+02   5.5576733e+01
  -3.6249100e+01   1.0000000e+00  -1.6419495e+01   1.6478080e+02   8.5982689e+01  -2.2000000e+02   5.6885805e+01
  -3.7138938e+01   1.0000000e+00  -2.0879628e+01   1.6410375e+02   8.7312240e+01  -2.2000000e+02   5.8164050e+01
  -3.7218000e+01   1.0000000e+00  -1.7775348e+01   1.6476817e+02   8.7932792e+01  -2.2000000e+02   6.1280493e+01
  -3.7146442e+01   1.0000000e+00  -1.3883586e+01   1.6384336e+02   8.7191225e+01  -2.2000000e+02   6.3650066e+01
  -3.6818300e+01   1.0000000e+00  -1.3689331e+01   1.6500358e+02   8.5146257e+01  -2.2000000e+02   6.5838577e+01
  -3.6357695e+01   1.0000000e+00  -1.1471495e+01   1.6611947e+02   8.3101182e+01  -2.2000000e+02   6.8019784e+01
  -3.6110613e+01   1.0000000e+00  -1.0186718e+01   1.6704472e+02   8.1012984e+01  -2.2000000e+02   6.8304186e+01
  -3.5606734e+01   1.0000000e+00  -8.5717625e+00   1.6687424e+02   7.9906172e+01  -2.2000000e+02   6.8738422e+01
  -3.3893769e+01   1.0000000e+00  -1.2541614e+01   1.6505479e+02   7.9441351e+01  -2.2000000e+02   6.7628935e+01
  -3.0006821e+01   1.0000000e+00  -6.6629449e+00   1.6615962e+02   7.7377511e+01  -2.2000000e+02   6.7145780e+01
  -2.4967601e+01   1.0000000e+00  -1.1697392e+01   1.6575938e+02   8.4111632e+01  -2.2000000e+02   6.1133595e+01
  -2.2856862e+01   1.0000000e+00  -2.1143268e+01   1.6384878e+02   9.2751871e+01  -2.2000000e+02   5.1587034e+01
  -1.8363683e+01   1.0000000e+00  -2.0350058e+01   1.6090981e+02   9.8790906e+01  -2.2000000e+02   4.1106524e+01
  -1.2623055e+01   1.0000000e+00  -1.0328485e+01   1.6530829e+02   9.4830619e+01  -2.2000000e+02   3.3618768e+01
  -6.2439913e+00   1.0000000e+00   4.9150586e-01   1.7305259e+02   8.6659864e+01  -2.2000000e+02   2.8239336e+01
   4.0131912e-01   1.0000000e+00   1.1581725e+01   1.8299907e+02   7.7699595e+01  -2.2000000e+02   2.2737053e+01
   7.2484529e+00   1.0000000e+00   2.2385447e+01   1.9374641e+02   6.8064650e+01  -2.2000000e+02   1.5615937e+01
   1.2641129e+01   1.0000000e+00   3.0559238e+01   2.0413670e+02   5.9510585e+01  -2.2000000e+02   6.2640194e+00
   1.6183031e+01   1.0000000e+00   3.3625645e+01   2.1340149e+02   5.3438837e+01  -2.2000000e+02  -3.6064851e+00
   1.8385054e+01   1.0000000e+00   3.4881906e+01   2.2264407e+02   4.8807897e+01  -2.2000000e+02  -1.2822007e+01
   1.8738618e+01   1.0000000e+00   3.5739574e+01   2.2979481e+02   4.7651131e+01  -2.2000000e+02  -2.1687445e+01
   1.3919764e+01   1.0000000e+00   3.7543086e+01   2.3697756e+02   4.4650248e+01  -2.2000000e+02  -2.9600480e+01
   1.0328828e+01   1.0000000e+00   4.1924320e+01   2.4000853e+02   4.2447506e+01  -2.2000000e+02  -3.2300605e+01
   8.5537869e+00   1.0000000e+00   4.5245584e+01   2.3713998e+02   3.9957070e+01  -2.2000000e+02  -2.9231806e+01
   6.6267950e+00   1.0000000e+00   4.7379852e+01   2.3136386e+02   3.5906185e+01  -2.2000000e+02  -2.2659965e+01
   5.6590283e+00   1.0000000e+00   4.8796656e+01   2.2539884e+02   3.1112071e+01  -2.2000000e+02  -1.5731620e+01
   4.0566302e+00   1.0000000e+00   5.1015753e+01   2.1885239e+02   2.6460208e+01  -2.2000000e+02  -6.5843491e+00
   3.1822777e+00   1.0000000e+00   5.3001962e+01   2.1254418e+02   2.1718375e+01  -2.2000000e+02   2.6222347e+00
   2.5325985e+00   1.0000000e+00   5.3881132e+01   2.0734312e+02   1.8650028e+01  -2.2000000e+02   1.0185133e+01
  -6.1439573e-01   1.0000000e+00   5.4644915e+01   2.0472623e+02   1.8880910e+01  -2.2000000e+02   1.4557998e+01
  -3.2473090e+00   1.0000000e+00   5.2446352e+01   2.0200923e+02   2.0737017e+01  -2.2000000e+02   1.9833614e+01
  -6.5257240e+00   1.0000000e+00   4.8226349e+01   1.9961293e+02   2.6024137e+01  -2.2000000e+02   2.5861122e+01
  -1.1460933e+01   1.0000000e+00   4.1866549e+01   1.9695823e+02   3.3101016e+01  -2.2000000e+02   3.0075575e+01
  -1.4319493e+01   1.0000000e+00   3.1801114e+01   1.9435756e+02   4.0574859e+01  -2.2000000e+02   3.5820652e+01
  -1.9289720e+01   1.0000000e+00   2.0529379e+01   1.9020105e+02   4.9192105e+01  -2.2000000e+02   4.0015916e+01
  -2.4375143e+01   1.0000000e+00   1.0272737e+01   1.8584755e+02   5.8557406e+01  -2.2000000e+02   4.2829846e+01
  -2.9561795e+01   1.0000000e+00   1.3366666e+00   1.7952773e+02   6.8297212e+01  -2.2000000e+02   4.5898640e+01
  -3.2855761e+01   1.0000000e+00  -7.6678392e+00   1.7290494e+02   7.5939840e+01  -2.2000000e+02   4.6936108e+01
  -3.5218803e+01   1.0000000e+00  -9.4490339e+00   1.6927768e+02   8.0271775e+01  -2.2000000e+02   5.0904272e+01
  -3.7087465e+01   1.0000000e+00  -1.4048434e+01   1.6777625e+02   8.3208867e+01  -2.2000000e+02   5.2385246e+01
  -3.8176194e+01   1.0000000e+00  -1.6739366e+01   1.6809357e+02   8.5172950e+01  -2.2000000e+02   5.4617462e+01
  -3.8176406e+01   1.0000000e+00  -1.4859110e+01   1.6773990e+02   8.4711691e+01  -2.2000000e+02   5.6080129e+01
  -3.5713501e+01   1.0000000e+00  -1.1903327e+01   1.6692215e+02   8.4934146e+01  -2.2000000e+02   5.9071898e+01
  -3.2053055e+01   1.0000000e+00  -1.5554727e+01   1.6586669e+02   8.6119250e+01  -2.2000000e+02   5.7610936e+01
  -2.7464688e+01   1.0000000e+00  -2.2295878e+01   1.6352117e+02   9.2119912e+01  -2.2000000e+02   5.3882455e+01
  -2.1936414e+01   1.0000000e+00  -1.5857738e+01   1.6456172e+02   9.8186883e+01  -2.2000000e+02   4.4640502e+01
  -1.8998821e+01   1.0000000e+00  -1.4844480e+01   1.6553922e+02   1.0056094e+02  -2.2000000e+02   3.3727770e+01
  -1.2710720e+01   1.0000000e+00  -4.5264591e+00   1.6978294e+02   9.5125769e+01  -2.2000000e+02   2.9044908e+01
  -5.3589487e+00   1.0000000e+00   6.7425090e+00   1.7755299e+02   8.6874268e+01  -2.2000000e+02   2.6181185e+01
   2.3449149e+00   1.0000000e+00   1.8151380e+01   1.8767759e+02   7.7196701e+01  -2.2000000e+02   1.9986076e+01
   8.3258906e+00   1.0000000e+00   2.7857720e+01   1.9800482e+02   6.7248113e+01  -2.2000000e+02   1.1855696e+01
   1.3121925e+01   1.0000000e+00   3.3759041e+01   2.0786276e+02   5.8890281e+01  -2.2000000e+02   1.3013756e+00
   1.4466230e+01   1.0000000e+00   3.6746022e+01   2.1649675e+02   5.3201744e+01  -2.2000000e+02  -7.9654863e+00
   1.5574753e+01   1.0000000e+00   3.8154974e+01   2.2415740e+02   4.9068606e+01  -2.2000000e+02  -1.6812892e+01
   1.3421353e+01   1.0000000e+00   4.0855386e+01   2.3181405e+02   4.5057964e+01  -2.2000000e+02  -2.4122977e+01
   1.0417582e+01   1.0000000e+00   4.5331677e+01   2.3817516e+02   4.1695275e+01  -2.2000000e+02  -2.8604559e+01
   8.9347499e+00   1.0000000e+00   4.8166544e+01   2.3509713e+02   3.9286123e+01  -2.2000000e+02  -2.6291923e+01
   7.0345464e+00   1.0000000e+00   5.0329889e+01   2.2950111e+02   3.5259281e+01  -2.2000000e+02  -1.8887667e+01
   5.3566270e+00   1.0000000e+00   5.1966034e+01   2.2334615e+02   3.0678873e+01  -2.2000000e+02  -1.0626206e+01
   5.1416723e+00   1.0000000e+00   5.3952266e+01   2.1735372e+02   2.5001427e+01  -2.2000000e+02  -1.7309965e+00
   5.5635797e+00   1.0000000e+00   5.5599307e+01   2.1087844e+02   1.9205396e+01  -2.2000000e+02   7.9710304e+00
   5.2572276e+00   1.0000000e+00   5.7817382e+01   2.0662739e+02   1.5375015e+01  -2.2000000e+02   1.5094813e+01
   4.7694528e+00   1.0000000e+00   5.8996898e+01   2.0277891e+02   1.2590007e+01  -2.2000000e+02   1.9801030e+01
   5.1721705e+00   1.0000000e+00   6.0195953e+01   1.9993103e+02   1.0087510e+01  -2.2000000e+02   2.4138781e+01
   3.3393612e+00   1.0000000e+00   6.1444949e+01   1.9705620e+02   9.3713800e+00  -2.2000000e+02   2.9287079e+01
   1.3053665e+00   1.0000000e+00   6.1797891e+01   1.9522205e+02   9.8093697e+00  -2.2000000e+02   3.3272264e+01
  -1.2356162e+00   1.0000000e+00   5.9368361e+01   1.9371148e+02   1.2984189e+01  -2.2000000e+02   3.6989646e+01
  -4.9710378e+00   1.0000000e+00   5.3330338e+01   1.9218110e+02   1.8815628e+01  -2.2000000e+02   4.0863687e+01
  -9.5037274e+00   1.0000000e+00   4.1737527e+01   1.9099736e+02   2.3949081e+01  -2.2000000e+02   4.4880009e+01
  -1.5694386e+01   1.0000000e+00   2.9752515e+01   1.8909481e+02   3.2207779e+01  -2.2000000e+02   4.8390194e+01
  -2.1935329e+01   1.0000000e+00   1.7170606e+01   1.8560468e+02   4.1583869e+01  -2.2000000e+02   5.1617566e+01
  -2.8609491e+01   1.0000000e+00   4.1488272e+00   1.8019329e+02   5.1817653e+01  -2.2000000e+02   5.3765947e+01
  -3.2530661e+01   1.0000000e+00  -7.9807187e+00   1.7249004e+02   6.2892078e+01  -2.2000000e+02   5.4573897e+01
  -3.4381704e+01   1.0000000e+00  -4.7880210e+00   1.6848543e+02   7.3462740e+01  -2.2000000e+02   5.4259559e+01
  -3.7604560e+01   1.0000000e+00  -1.2170817e+01   1.6636122e+02   8.1872282e+01  -2.2000000e+02   5.5780453e+01
  -3.8303662e+01   1.0000000e+00  -1.6926299e+01   1.6750941e+02   8.7078809e+01  -2.2000000e+02   5.7737188e+01
  -3.7691169e+01   1.0000000e+00  -1.4429444e+01   1.6889915e+02   8.9595254e+01  -2.2000000e+02   6.0583465e+01
  -3.7430046e+01   1.0000000e+00  -1.4280954e+01   1.6946755e+02   9.0544992e+01  -2.2000000e+02   6.3431814e+01
  -3.7257802e+01   1.0000000e+00  -1.5376922e+01   1.6923601e+02   8.9683819e+01  -2.2000000e+02   6.5780712e+01
  -3.7406174e+01   1.0000000e+00  -1.2994407e+01   1.6761645e+02   8.8650710e+01  -2.2000000e+02   6.7936665e+01
  -3.7122363e+01   1.0000000e+00  -1.0734792e+01   1.6762899e+02   8.6520230e+01  -2.2000000e+02   6.8825978e+01
  -3.7049810e+01   1.0000000e+00  -1.2397310e+01   1.6749893e+02   8.5855095e+01  -2.2000000e+02   6.9224318e+01
  -3.6384441e+01   1.0000000e+00  -7.8895743e+00   1.6756209e+02   8.5199705e+01  -2.2000000e+02   6.9757751e+01
  -3.5798576e+01   1.0000000e+00  -9.4795869e+00   1.6658391e+02   8.5582127e+01  -2.2000000e+02   6.9170231e+01
  -3.2259748e+01   1.0000000e+00  -1.2686076e+01   1.6630076e+02   8.6749049e+01  -2.2000000e+02   6.7600589e+01
  -2.8691017e+01   1.0000000e+00  -1.4813325e+01   1.6678444e+02   8.9026446e+01  -2.2000000e+02   6.6280373e+01
  -2.6023721e+01   1.0000000e+00  -1.9179440e+01   1.6544227e+02   9.3721588e+01  -2.2000000e+02   6.0621832e+01
  -2.2182982e+01   1.0000000e+00  -1.8576492e+01   1.6616160e+02   9.6614555e+01  -2.2000000e+02   5.0252388e+01
  -1.7704809e+01   1.0000000e+00  -1.5799019e+01   1.6519405e+02   1.0211804e+02  -2.2000000e+02   3.9420964e+01
  -1.1872148e+01   1.0000000e+00  -5.5296061e+00   1.6979947e+02   9.6291150e+01  -2.2000000e+02   3.2700490e+01
  -4.5133187e+00   1.0000000e+00   5.2352752e+00   1.7743299e+02   8.7031919e+01  -2.2000000e+02   2.6179112e+01
   1.1985927e+00   1.0000000e+00   1.5178336e+01   1.8700063e+02   7.7652907e+01  -2.2000000e+02   1.7724200e+01
   7.0071943e+00   1.0000000e+00   2.4065580e+01   1.9693466e+02   6.8436411e+01  -2.2000000e+02   9.5329584e+00
   1.1564801e+01   1.0000000e+00   3.1332300e+01   2.0711648e+02   5.9829877e+01  -2.2000000e+02   6.5053842e-01
   1.4382830e+01   1.0000000e+00   3.4689726e+01   2.1667237e+02   5.2917066e+01  -2.2000000e+02  -8.4764699e+00
   1.2852721e+01   1.0000000e+00   3.7658168e+01   2.2607540e+02   4.6662991e+01  -2.2000000e+02  -1.7138710e+01
   8.7547262e+00   1.0000000e+00   4.2041355e+01   2.3447457e+02   4.0741166e+01  -2.2000000e+02  -2.2889266e+01
   7.5680192e+00   1.0000000e+00   4.6246466e+01   2.3433636e+02   3.7844993e+01  -2.2000000e+02  -2.2467597e+01
   6.0160623e+00   1.0000000e+00   4.8368157e+01   2.2945095e+02   3.4444533e+01  -2.2000000e+02  -1.7652535e+01
   5.1494357e+00   1.0000000e+00   5.0087623e+01   2.2279420e+02   3.0431040e+01  -2.2000000e+02  -8.9567515e+00
   4.3743753e+00   1.0000000e+00   5.2349915e+01   2.1636748e+02   2.5581044e+01  -2.2000000e+02  -1.6017358e-01
   4.3985574e+00   1.0000000e+00   5.4445866e+01   2.1012732e+02   2.0642125e+01  -2.2000000e+02   8.7925075e+00
   3.6650271e+00   1.0000000e+00   5.6226118e+01   2.0552591e+02   1.7486622e+01  -2.2000000e+02   1.6415799e+01
   2.1697699e+00   1.0000000e+00   5.6878067e+01   2.0255532e+02   1.6514727e+01  -2.2000000e+02   2.2935385e+01
   2.7625993e-01   1.0000000e+00   5.6392771e+01   1.9984295e+02   1.7737771e+01  -2.2000000e+02   2.7808758e+01
  -3.7146433e+00   1.0000000e+00   5.3583872e+01   1.9800879e+02   2.1860614e+01  -2.2000000e+02   3.2365968e+01
  -8.1129380e+00   1.0000000e+00   4.7250989e+01   1.9489539e+02   2.7922229e+01  -2.2000000e+02   3.6442886e+01
  -1.2783089e+01   1.0000000e+00   3.6966897e+01   1.9291839e+02   3.5085240e+01  -2.2000000e+02   4.1355324e+01
  -1.8200504e+01   1.0000000e+00   2.6498242e+01   1.8985465e+02   4.3986340e+01  -2.2000000e+02   4.4905514e+01
  -2.4756100e+01   1.0000000e+00   1.3839967e+01   1.8608715e+02   5.2740612e+01  -2.2000000e+02   4.8036942e+01
  -3.1258566e+01   1.0000000e+00   3.0588018e-01   1.8119390e+02   6.1593811e+01  -2.2000000e+02   5.0047022e+01
  -3.4267931e+01   1.0000000e+00  -6.4813466e+00   1.7346878e+02   7.1990250e+01  -2.2000000e+02   5.2308527e+01
  -3.6756626e+01   1.0000000e+00  -1.0569556e+01   1.6860227e+02   8.0155461e+01  -2.2000000e+02   5.4265557e+01
  -3.8533434e+01   1.0000000e+00  -1.2794260e+01   1.6921244e+02   8.3764869e+01  -2.2000000e+02   5.5221259e+01
  -3.7990627e+01   1.0000000e+00  -1.4739327e+01   1.7051569e+02   8.5359407e+01  -2.2000000e+02   5.8119851e+01
  -3.7989082e+01   1.0000000e+00  -1.6203562e+01   1.6650952e+02   8.5436444e+01  -2.2000000e+02   6.1436212e+01
  -3.8067858e+01   1.0000000e+00  -9.5305347e+00   1.6983110e+02   8.3265674e+01  -2.2000000e+02   6.3412935e+01
  -3.7876176e+01   1.0000000e+00  -1.0356086e+01   1.7127204e+02   8.2664539e+01  -2.2000000e+02   6.6290400e+01
  -3.7494327e+01   1.0000000e+00  -9.8086545e+00   1.6928247e+02   8.1958573e+01  -2.2000000e+02   6.8764307e+01
  -3.7609970e+01   1.0000000e+00  -6.3886878e+00   1.6921764e+02   7.9838635e+01  -2.2000000e+02   6.9826033e+01
  -3.6546086e+01   1.0000000e+00  -9.5987555e+00   1.6609195e+02   7.9489939e+01  -2.2000000e+02   7.0574791e+01
  -3.5093141e+01   1.0000000e+00  -9.7521658e+00   1.6597335e+02   7.9866241e+01  -2.2000000e+02   7.0524728e+01
  -3.2616156e+01   1.0000000e+00  -6.0966743e+00   1.6489130e+02   7.9840517e+01  -2.2000000e+02   7.0223593e+01
  -2.9238454e+01   1.0000000e+00  -8.8650099e+00   1.6549018e+02   8.1522525e+01  -2.2000000e+02   6.4245859e+01
  -2.5214357e+01   1.0000000e+00  -1.2406006e+01   1.6387203e+02   8.6194164e+01  -2.2000000e+02   5.3655410e+01
  -1.9718697e+01   1.0000000e+00  -1.1403305e+01   1.6238091e+02   9.5867116e+01  -2.2000000e+02   4.3441956e+01
  -1.6946415e+01   1.0000000e+00  -1.4576771e+01   1.6150344e+02   1.0279310e+02  -2.2000000e+02   3.6730248e+01
  -9.5976586e+00   1.0000000e+00  -4.6298165e+00   1.6695720e+02   9.5624622e+01  -2.2000000e+02   3.0020954e+01
  -2.4428115e+00   1.0000000e+00   6.4068952e+00   1.7501513e+02   8.7380800e+01  -2.2000000e+02   2.6710153e+01
   3.9370929e+00   1.0000000e+00   1.7289765e+01   1.8575998e+02   7.7008463e+01  -2.2000000e+02   1.9954447e+01
   9.1545777e+00   1.0000000e+00   2.6215441e+01   1.9647346e+02   6.6968277e+01  -2.2000000e+02   1.1530299e+01
   1.3909441e+01   1.0000000e+00   3.1425377e+01   2.0641342e+02   5.9186870e+01  -2.2000000e+02   1.1667383e+00
   1.6705524e+01   1.0000000e+00   3.3557751e+01   2.1544652e+02   5.3951613e+01  -2.2000000e+02  -8.3682137e+00
   1.7769510e+01   1.0000000e+00   3.4965489e+01   2.2447756e+02   4.9377633e+01  -2.2000000e+02  -1.7446867e+01
   1.4294937e+01   1.0000000e+00   3.8211393e+01   2.3331535e+02   4.4824093e+01  -2.2000000e+02  -2.5021701e+01
   1.1944837e+01   1.0000000e+00   4.2299949e+01   2.3939167e+02   4.0829328e+01  -2.2000000e+02  -2.8603725e+01
   9.8463153e+00   1.0000000e+00   4.5373398e+01   2.3718172e+02   3.9022726e+01  -2.2000000e+02  -2.7212274e+01
   9.0353998e+00   1.0000000e+00   4.6891859e+01   2.3226915e+02   3.5709459e+01  -2.2000000e+02  -2.1013181e+01
   7.5043268e+00   1.0000000e+00   4.8502097e+01   2.2603992e+02   3.1108916e+01  -2.2000000e+02  -1.3440589e+01
   6.3312862e+00   1.0000000e+00   5.1545892e+01   2.1986213e+02   2.6945168e+01  -2.2000000e+02  -4.3896728e+00
   5.2098811e+00   1.0000000e+00   5.3847584e+01   2.1322528e+02   2.2376279e+01  -2.2000000e+02   4.6641081e+00
   5.0953439e+00   1.0000000e+00   5.5642904e+01   2.0720816e+02   1.7880909e+01  -2.2000000e+02   1.2775508e+01
   3.0791439e+00   1.0000000e+00   5.6664254e+01   2.0372486e+02   1.6351337e+01  -2.2000000e+02   1.7210068e+01
   1.2577242e+00   1.0000000e+00   5.6787058e+01   2.0136938e+02   1.5800988e+01  -2.2000000e+02   2.2574339e+01
  -3.3836698e+00   1.0000000e+00   5.4693914e+01   1.9942956e+02   2.0416331e+01  -2.2000000e+02   2.7726770e+01
  -7.3232380e+00   1.0000000e+00   4.8713238e+01   1.9663751e+02   2.6156976e+01  -2.2000000e+02   3.2527952e+01
  -1.2117340e+01   1.0000000e+00   3.8381307e+01   1.9408496e+02   3.3522598e+01  -2.2000000e+02   3.7339361e+01
  -1.7749123e+01   1.0000000e+00   2.6849624e+01   1.9080988e+02   4.2172128e+01  -2.2000000e+02   4.1921897e+01
  -2.4418448e+01   1.0000000e+00   1.3893243e+01   1.8681089e+02   5.0717460e+01  -2.2000000e+02   4.5367436e+01
  -2.9455082e+01   1.0000000e+00   8.7626774e-01   1.7989850e+02   6.0778415e+01  -2.2000000e+02   4.9132990e+01
  -3.3932624e+01   1.0000000e+00  -9.4506625e+00   1.7145617e+02   7.1584588e+01  -2.2000000e+02   5.0272393e+01
  -3.5887062e+01   1.0000000e+00  -1.4333327e+01   1.6627597e+02   8.0602594e+01  -2.2000000e+02   5.2124158e+01
  -3.7197706e+01   1.0000000e+00  -1.5739112e+01   1.6631623e+02   8.5572276e+01  -2.2000000e+02   5.4030351e+01
  -3.7417219e+01   1.0000000e+00  -1.6544847e+01   1.6814539e+02   8.7532148e+01  -2.2000000e+02   5.6276135e+01
  -3.6905316e+01   1.0000000e+00  -1.4278980e+01   1.6622821e+02   8.9433441e+01  -2.2000000e+02   6.0479621e+01
  -3.6870785e+01   1.0000000e+00  -1.6044961e+01   1.6411577e+02   8.9876904e+01  -2.2000000e+02   6.3430719e+01
  -3.6801064e+01   1.0000000e+00  -1.1126989e+01   1.6387041e+02   8.8813020e+01  -2.2000000e+02   6.4834235e+01
  -3.4648548e+01   1.0000000e+00  -7.9218457e+00   1.6459248e+02   8.5858013e+01  -2.2000000e+02   6.6311423e+01
  -3.2052560e+01   1.0000000e+00  -9.9994962e+00   1.6631298e+02   8.5094915e+01  -2.2000000e+02   6.6450624e+01
  -2.9735312e+01   1.0000000e+00  -1.1734163e+01   1.6682246e+02   8.5255066e+01  -2.2000000e+02   6.5688400e+01
  -2.6802346e+01   1.0000000e+00  -1.5358789e+01   1.6600197e+02   8.8319433e+01  -2.2000000e+02   6.0276251e+01
  -2.3478188e+01   1.0000000e+00  -1.6114464e+01   1.6631139e+02   9.0961809e+01  -2.2000000e+02   5.3489610e+01
  -1.8398485e+01   1.0000000e+00  -8.2867310e+00   1.6777170e+02   9.6213006e+01  -2.2000000e+02   4.3732999e+01
  -1.2437991e+01   1.0000000e+00  -1.1383460e+00   1.7125315e+02   9.2478441e+01  -2.2000000e+02   3.7080139e+01
  -4.9226916e+00   1.0000000e+00   9.6944223e+00   1.7870814e+02   8.4668037e+01  -2.2000000e+02   3.1243443e+01
   2.9690502e+00   1.0000000e+00   2.0812669e+01   1.8852928e+02   7.4892984e+01  -2.2000000e+02   2.4362960e+01
   8.7700152e+00   1.0000000e+00   2.9931192e+01   1.9883337e+02   6.4761738e+01  -2.2000000e+02   1.4911699e+01
   1.3723390e+01   1.0000000e+00   3.5011120e+01   2.0806514e+02   5.6991380e+01  -2.2000000e+02   4.9927146e+00
   1.7409754e+01   1.0000000e+00   3.6924697e+01   2.1596055e+02   5.3214724e+01  -2.2000000e+02  -4.6963510e+00
   1.9407013e+01   1.0000000e+00   3.6782777e+01   2.2298703e+02   5.1748963e+01  -2.2000000e+02  -1.3279735e+01
   1.7910828e+01   1.0000000e+00   3.8087011e+01   2.3033361e+02   4.8669827e+01  -2.2000000e+02  -2.0299671e+01
   1.2839971e+01   1.0000000e+00   4.2634433e+01   2.3815611e+02   4.4069882e+01  -2.2000000e+02  -2.3550360e+01
   1.1469472e+01   1.0000000e+00   4.4929946e+01   2.3829423e+02   4.1585892e+01  -2.2000000e+02  -2.3263931e+01
   9.5501184e+00   1.0000000e+00   4.7549130e+01   2.3386583e+02   3.8675536e+01  -2.2000000e+02  -1.7749583e+01
   8.1646514e+00   1.0000000e+00   4.9412907e+01   2.2684249e+02   3.4685897e+01  -2.2000000e+02  -1.0133162e+01
   6.8079042e+00   1.0000000e+00   5.1756234e+01   2.1938135e+02   2.9359371e+01  -2.2000000e+02  -1.0569800e+00
   5.9296486e+00   1.0000000e+00   5.5256752e+01   2.1244539e+02   2.4556071e+01  -2.2000000e+02   8.1681698e+00
   6.0920027e+00   1.0000000e+00   5.7383524e+01   2.0620382e+02   1.9137920e+01  -2.2000000e+02   1.7188003e+01
   6.0390211e+00   1.0000000e+00   6.0256124e+01   2.0258289e+02   1.5456481e+01  -2.2000000e+02   2.3132281e+01
   4.8650885e+00   1.0000000e+00   6.2439284e+01   1.9958514e+02   1.3003175e+01  -2.2000000e+02   2.9114157e+01
   1.6174504e+00   1.0000000e+00   6.2011144e+01   1.9672989e+02   1.3852660e+01  -2.2000000e+02   3.3559803e+01
  -2.1128728e+00   1.0000000e+00   5.8806442e+01   1.9412698e+02   1.8124439e+01  -2.2000000e+02   3.8585820e+01
  -6.8178661e+00   1.0000000e+00   5.0837689e+01   1.9141893e+02   2.4299194e+01  -2.2000000e+02   4.2973115e+01
  -1.0392892e+01   1.0000000e+00   4.0536484e+01   1.8943593e+02   3.1299167e+01  -2.2000000e+02   4.7460089e+01
  -1.6071350e+01   1.0000000e+00   2.9317915e+01   1.8674032e+02   3.9832762e+01  -2.2000000e+02   5.1084417e+01
  -2.2426318e+01   1.0000000e+00   1.7053769e+01   1.8373318e+02   4.8872968e+01  -2.2000000e+02   5.4053490e+01
  -2.9122755e+01   1.0000000e+00   4.0134398e+00   1.7950863e+02   5.8425252e+01  -2.2000000e+02   5.5785389e+01
  -3.4008025e+01   1.0000000e+00  -7.5105679e+00   1.7180275e+02   6.9092376e+01  -2.2000000e+02   5.6536063e+01
  -3.6599407e+01   1.0000000e+00  -1.4422986e+01   1.6562249e+02   7.8656832e+01  -2.2000000e+02   5.8828618e+01
  -3.7021664e+01   1.0000000e+00  -1.0417136e+01   1.6703978e+02   8.3773655e+01  -2.2000000e+02   6.0387289e+01
  -3.7224893e+01   1.0000000e+00  -8.8471142e+00   1.6882783e+02   8.5897545e+01  -2.2000000e+02   6.3939432e+01
  -3.6831257e+01   1.0000000e+00  -1.1261847e+01   1.7037651e+02   8.5632626e+01  -2.2000000e+02   6.7304031e+01
  -3.6994216e+01   1.0000000e+00  -1.2401762e+01   1.6978820e+02   8.6779593e+01  -2.2000000e+02   6.9329469e+01
  -3.7398068e+01   1.0000000e+00  -1.3692896e+01   1.7030622e+02   8.7618399e+01  -2.2000000e+02   6.9833487e+01
  -3.6245285e+01   1.0000000e+00  -6.8244840e+00   1.6794983e+02   8.8430516e+01  -2.2000000e+02   7.0261234e+01
  -3.5720304e+01   1.0000000e+00  -5.5244717e+00   1.6781423e+02   8.5049379e+01  -2.2000000e+02   6.9863400e+01
  -3.2190645e+01   1.0000000e+00  -9.2944965e+00   1.6663916e+02   8.0886807e+01  -2.2000000e+02   6.7926025e+01
  -2.7518423e+01   1.0000000e+00  -1.8203930e+01   1.6272238e+02   8.7056964e+01  -2.2000000e+02   5.8500534e+01
  -1.9970764e+01   1.0000000e+00  -1.0574458e+01   1.6514293e+02   9.0790912e+01  -2.2000000e+02   4.7033086e+01
  -1.6169738e+01   1.0000000e+00  -9.7266656e+00   1.6709188e+02   9.6521597e+01  -2.2000000e+02   3.5953917e+01
  -1.1923906e+01   1.0000000e+00  -3.3447652e+00   1.7063036e+02   9.4612875e+01  -2.2000000e+02   2.8372757e+01
  -3.5268239e+00   1.0000000e+00   7.0905247e+00   1.7722953e+02   8.5955783e+01  -2.2000000e+02   2.2808727e+01
   1.3392835e+00   1.0000000e+00   1.7285537e+01   1.8559675e+02   7.7298611e+01  -2.2000000e+02   1.4546727e+01
   6.2122983e+00   1.0000000e+00   2.5089598e+01   1.9338212e+02   7.0092314e+01  -2.2000000e+02   6.6773087e+00
   1.0134886e+01   1.0000000e+00   2.9444891e+01   1.9998056e+02   6.5198956e+01  -2.2000000e+02  -9.7839882e-01
   1.3759987e+01   1.0000000e+00   3.2166706e+01   2.0766820e+02   6.1119345e+01  -2.2000000e+02  -9.6056975e+00
   1.5764701e+01   1.0000000e+00   3.3824962e+01   2.1600923e+02   5.7720215e+01  -2.2000000e+02  -1.7870918e+01
   1.4748005e+01   1.0000000e+00   3.6416290e+01   2.2497971e+02   5.3422730e+01  -2.2000000e+02  -2.4876668e+01
   1.1558450e+01   1.0000000e+00   3.9338110e+01   2.3413010e+02   4.8511583e+01  -2.2000000e+02  -3.1535678e+01
   8.8962373e+00   1.0000000e+00   4.2385280e+01   2.3958382e+02   4.4716015e+01  -2.2000000e+02  -3.4936784e+01
   6.8196612e+00   1.0000000e+00   4.5006632e+01   2.3624526e+02   4.2796982e+01  -2.2000000e+02  -3.1018630e+01
   4.7841941e+00   1.0000000e+00   4.6064897e+01   2.3036315e+02   3.9088120e+01  -2.2000000e+02  -2.3917691e+01
   3.1461637e+00   1.0000000e+00   4.7826675e+01   2.2433611e+02   3.4408053e+01  -2.2000000e+02  -1.6554389e+01
   3.1846497e+00   1.0000000e+00   4.9942921e+01   2.1949510e+02   2.9342660e+01  -2.2000000e+02  -8.9088170e+00
   2.7928197e+00   1.0000000e+00   5.1805450e+01   2.1450807e+02   2.4100034e+01  -2.2000000e+02  -6.9965863e-01
   2.4015392e+00   1.0000000e+00   5.4042255e+01   2.1094417e+02   2.1101914e+01  -2.2000000e+02   4.5863612e+00
   2.2768292e+00   1.0000000e+00   5.6035783e+01   2.0819327e+02   1.9293690e+01  -2.2000000e+02   8.9131391e+00
   3.0622388e+00   1.0000000e+00   5.7193991e+01   2.0532000e+02   1.7765009e+01  -2.2000000e+02   1.3665573e+01
   3.2651660e+00   1.0000000e+00   5.8304933e+01   2.0270427e+02   1.5996793e+01  -2.2000000e+02   1.8847054e+01
   4.0480279e+00   1.0000000e+00   5.9138586e+01   2.0130958e+02   1.3598584e+01  -2.2000000e+02   2.1866132e+01
   2.8687662e+00   1.0000000e+00   6.1533771e+01   1.9858899e+02   1.2885143e+01  -2.2000000e+02   2.7645731e+01
   1.8241135e+00   1.0000000e+00   6.3442646e+01   1.9624115e+02   1.1856528e+01  -2.2000000e+02   3.2724173e+01
  -1.9162117e+00   1.0000000e+00   6.0195532e+01   1.9452715e+02   1.5953642e+01  -2.2000000e+02   3.6896544e+01
  -4.8778562e+00   1.0000000e+00   5.3987410e+01   1.9196589e+02   2.1942261e+01  -2.2000000e+02   4.1388928e+01
  -9.2611759e+00   1.0000000e+00   4.4053170e+01   1.9009915e+02   2.9072221e+01  -2.2000000e+02   4.5789988e+01
  -1.4494200e+01   1.0000000e+00   3.1893954e+01   1.8793484e+02   3.6258963e+01  -2.2000000e+02   4.9041681e+01
  -1.9870552e+01   1.0000000e+00   1.9584989e+01   1.8539255e+02   4.5298020e+01  -2.2000000e+02   5.2550160e+01
  -2.6809888e+01   1.0000000e+00   6.4923979e+00   1.8192056e+02   5.4457735e+01  -2.2000000e+02   5.5504526e+01
  -3.2817954e+01   1.0000000e+00  -7.2525537e+00   1.7808347e+02   6.2234689e+01  -2.2000000e+02   5.7480577e+01
  -3.5049628e+01   1.0000000e+00  -1.1321062e+01   1.7048166e+02   7.3093707e+01  -2.2000000e+02   5.7581913e+01
  -3.6993717e+01   1.0000000e+00  -1.3073901e+01   1.6718111e+02   8.2346415e+01  -2.2000000e+02   5.9004928e+01
  -3.7364731e+01   1.0000000e+00  -1.0524202e+01   1.6857694e+02   8.7632445e+01  -2.2000000e+02   6.0754620e+01
  -3.7233883e+01   1.0000000e+00  -1.1143249e+01   1.6794930e+02   9.0574245e+01  -2.2000000e+02   6.2386229e+01
  -3.5816506e+01   1.0000000e+00  -7.0407541e+00   1.6853823e+02   8.9821512e+01  -2.2000000e+02   6.4741565e+01
  -3.4062986e+01   1.0000000e+00  -7.4680747e+00   1.6832118e+02   8.8544193e+01  -2.2000000e+02   6.7784157e+01
  -3.2566436e+01   1.0000000e+00  -1.0258778e+01   1.6825878e+02   8.7423002e+01  -2.2000000e+02   6.9051654e+01
  -3.0001126e+01   1.0000000e+00  -1.1933366e+01   1.6879578e+02   8.8099041e+01  -2.2000000e+02   6.8781907e+01
  -2.6257194e+01   1.0000000e+00  -1.3441062e+01   1.7015869e+02   8.7720727e+01  -2.2000000e+02   6.6299895e+01
  -2.1477811e+01   1.0000000e+00  -2.0735367e+01   1.6754608e+02   9.4099752e+01  -2.2000000e+02   5.5830811e+01
  -1.8720030e+01   1.0000000e+00  -2.5451969e+01   1.6294627e+02   1.0451957e+02  -2.2000000e+02   4.6002843e+01
  -1.3444817e+01   1.0000000e+00  -1.5946870e+01   1.6581216e+02   1.0336546e+02  -2.2000000e+02   3.7189013e+01
  -7.6093554e+00   1.0000000e+00  -5.6623668e+00   1.7049125e+02   9.6030158e+01  -2.2000000e+02   3.0004382e+01
  -8.9619673e-01   1.0000000e+00   5.4126828e+00   1.7860704e+02   8.6613827e+01  -2.2000000e+02   2.5450120e+01
   3.9761816e+00   1.0000000e+00   1.5034766e+01   1.8824348e+02   7.7048569e+01  -2.2000000e+02   1.7480372e+01
   9.5230862e+00   1.0000000e+00   2.2947662e+01   1.9746434e+02   6.8866225e+01  -2.2000000e+02   8.5282276e+00
   1.4381928e+01   1.0000000e+00   2.8973938e+01   2.0712833e+02   6.1553461e+01  -2.2000000e+02  -3.1546394e-03
   1.7020744e+01   1.0000000e+00   3.2403421e+01   2.1672988e+02   5.5653364e+01  -2.2000000e+02  -8.5883067e+00
   1.6846682e+01   1.0000000e+00   3.5608105e+01   2.2663037e+02   4.9319274e+01  -2.2000000e+02  -1.6063797e+01
   1.3851463e+01   1.0000000e+00   3.9870516e+01   2.3601609e+02   4.3296457e+01  -2.2000000e+02  -1.9349433e+01
   1.2369615e+01   1.0000000e+00   4.2546855e+01   2.3824636e+02   4.1089149e+01  -2.2000000e+02  -2.0600331e+01
   1.1177402e+01   1.0000000e+00   4.3793913e+01   2.3656811e+02   3.9487382e+01  -2.2000000e+02  -1.8077975e+01
   1.0183457e+01   1.0000000e+00   4.5624725e+01   2.3211071e+02   3.7353696e+01  -2.2000000e+02  -1.2470183e+01
   8.8260072e+00   1.0000000e+00   4.7635591e+01   2.2704727e+02   3.5153983e+01  -2.2000000e+02  -6.7011641e+00
   7.9045735e+00   1.0000000e+00   5.0741904e+01   2.2158506e+02   3.1037586e+01  -2.2000000e+02  -9.5842596e-01
   7.8700358e+00   1.0000000e+00   5.3550558e+01   2.1685066e+02   2.6582772e+01  -2.2000000e+02   4.5748913e+00
   7.1460554e+00   1.0000000e+00   5.5839570e+01   2.1371463e+02   2.2716282e+01  -2.2000000e+02   6.4479298e+00
   8.0998912e+00   1.0000000e+00   5.7400066e+01   2.1027600e+02   1.8634653e+01  -2.2000000e+02   1.1107879e+01
   7.5625069e+00   1.0000000e+00   5.9647145e+01   2.0851521e+02   1.6758767e+01  -2.2000000e+02   1.3204871e+01
   6.5614361e+00   1.0000000e+00   5.9902939e+01   2.0765813e+02   1.5824321e+01  -2.2000000e+02   1.3212799e+01
   5.8939725e+00   1.0000000e+00   6.1260115e+01   2.0663720e+02   1.5329868e+01  -2.2000000e+02   1.6695732e+01
   6.3784580e+00   1.0000000e+00   6.1462942e+01   2.0495014e+02   1.3199433e+01  -2.2000000e+02   2.0042265e+01
   5.7376113e+00   1.0000000e+00   6.2555828e+01   2.0370206e+02   1.1360208e+01  -2.2000000e+02   2.1717474e+01
   5.7536551e+00   1.0000000e+00   6.4279788e+01   2.0264151e+02   8.3439961e+00  -2.2000000e+02   2.3293521e+01
   5.3032713e+00   1.0000000e+00   6.6204094e+01   2.0062929e+02   7.5760926e+00  -2.2000000e+02   2.7055606e+01
   4.0090722e+00   1.0000000e+00   6.6145158e+01   1.9856709e+02   7.9654548e+00  -2.2000000e+02   2.9530541e+01
   4.2792737e+00   1.0000000e+00   6.5564432e+01   1.9662013e+02   7.5337899e+00  -2.2000000e+02   3.3368695e+01
   1.9393570e+00   1.0000000e+00   6.4726348e+01   1.9435727e+02   9.6441474e+00  -2.2000000e+02   3.7243166e+01
  -1.5342782e+00   1.0000000e+00   6.1847363e+01   1.9140836e+02   1.4684999e+01  -2.2000000e+02   4.0228985e+01
  -4.4135617e+00   1.0000000e+00   5.6427604e+01   1.8926250e+02   1.9962489e+01  -2.2000000e+02   4.3895092e+01
  -8.6778443e+00   1.0000000e+00   4.8221517e+01   1.8769227e+02   2.7010883e+01  -2.2000000e+02   4.8336735e+01
  -1.3613625e+01   1.0000000e+00   3.7583368e+01   1.8646777e+02   3.4796108e+01  -2.2000000e+02   5.3360728e+01
  -2.1010050e+01   1.0000000e+00   2.5260580e+01   1.8488871e+02   4.2531381e+01  -2.2000000e+02   5.6947475e+01
  -2.8432493e+01   1.0000000e+00   1.2257522e+01   1.8106290e+02   5.1130813e+01  -2.2000000e+02   5.9116647e+01
  -3.3621797e+01   1.0000000e+00  -8.1641551e-01   1.7504274e+02   6.0931796e+01  -2.2000000e+02   6.0404882e+01
  -3.6515197e+01   1.0000000e+00  -1.4411200e+01   1.6849194e+02   7.1058323e+01  -2.2000000e+02   6.1657840e+01
  -3.7928033e+01   1.0000000e+00  -1.6176252e+01   1.6537777e+02   7.9639290e+01  -2.2000000e+02   6.2740638e+01
  -3.6329169e+01   1.0000000e+00  -1.1580656e+01   1.6509224e+02   8.4970662e+01  -2.2000000e+02   6.4250217e+01
  -3.3815553e+01   1.0000000e+00  -1.4311457e+01   1.6479361e+02   8.9083162e+01  -2.2000000e+02   6.5494874e+01
  -3.0990884e+01   1.0000000e+00  -1.8296844e+01   1.6529224e+02   9.2594660e+01  -2.2000000e+02   6.5806182e+01
  -2.9594367e+01   1.0000000e+00  -1.7281771e+01   1.6706668e+02   9.5761605e+01  -2.2000000e+02   6.6813265e+01
  -2.5587854e+01   1.0000000e+00  -2.0399124e+01   1.6663703e+02   1.0014882e+02  -2.2000000e+02   6.0857061e+01
  -2.3531113e+01   1.0000000e+00  -2.2270933e+01   1.6607183e+02   1.0430103e+02  -2.2000000e+02   5.0888510e+01
  -1.8395509e+01   1.0000000e+00  -1.1824983e+01   1.6802654e+02   9.9630989e+01  -2.2000000e+02   3.9606955e+01
  -1.2407991e+01   1.0000000e+00  -3.0219419e+00   1.7138431e+02   9.4964947e+01  -2.2000000e+02   3.1829605e+01
  -5.8206924e+00   1.0000000e+00   5.7333139e+00   1.7745249e+02   8.7343133e+01  -2.2000000e+02   2.3149446e+01
   4.9798271e-02   1.0000000e+00   1.6386085e+01   1.8501525e+02   7.8664671e+01  -2.2000000e+02   1.6783422e+01
   4.1258741e+00   1.0000000e+00   2.2578433e+01   1.9267792e+02   7.1227470e+01  -2.2000000e+02   8.0779112e+00
   9.2793229e+00   1.0000000e+00   2.8039989e+01   2.0126619e+02   6.4066084e+01  -2.2000000e+02  -1.3264949e-01
   1.1931435e+01   1.0000000e+00   3.2113310e+01   2.1088118e+02   5.7254641e+01  -2.2000000e+02  -9.0716369e+00
   1.0879992e+01   1.0000000e+00   3.6835545e+01   2.2188498e+02   4.8999901e+01  -2.2000000e+02  -1.7261190e+01
   8.1315588e+00   1.0000000e+00   4.1552568e+01   2.3245595e+02   4.1311041e+01  -2.2000000e+02  -2.3296056e+01
   6.9173879e+00   1.0000000e+00   4.4022318e+01   2.3500265e+02   3.8397425e+01  -2.2000000e+02  -2.8306969e+01
   5.1152934e+00   1.0000000e+00   4.6679847e+01   2.3251088e+02   3.6166923e+01  -2.2000000e+02  -2.7342742e+01
   3.4055501e+00   1.0000000e+00   4.8469158e+01   2.2821480e+02   3.3350552e+01  -2.2000000e+02  -2.3768202e+01
   2.1499711e+00   1.0000000e+00   4.8857826e+01   2.2283551e+02   2.9900701e+01  -2.2000000e+02  -1.7370341e+01
   1.3449303e+00   1.0000000e+00   4.8743870e+01   2.1719889e+02   2.5897843e+01  -2.2000000e+02  -8.9024872e+00
  -6.4329931e-01   1.0000000e+00   5.0259612e+01   2.1173497e+02   2.2935431e+01  -2.2000000e+02  -6.4544000e-01
  -3.1012276e+00   1.0000000e+00   5.0193417e+01   2.0787826e+02   2.1598186e+01  -2.2000000e+02   5.2707778e+00
  -6.4646512e+00   1.0000000e+00   4.9453868e+01   2.0499535e+02   2.3703902e+01  -2.2000000e+02   1.1638555e+01
  -1.0021196e+01   1.0000000e+00   4.5474916e+01   2.0199415e+02   2.7619060e+01  -2.2000000e+02   1.7503617e+01
  -1.1634794e+01   1.0000000e+00   3.8858590e+01   1.9934273e+02   3.3478413e+01  -2.2000000e+02   2.4106484e+01
  -1.5840514e+01   1.0000000e+00   3.0850038e+01   1.9717195e+02   4.1235354e+01  -2.2000000e+02   3.0047110e+01
  -2.0388743e+01   1.0000000e+00   2.1275813e+01   1.9401732e+02   4.9527043e+01  -2.2000000e+02   3.4161033e+01
  -2.4349607e+01   1.0000000e+00   1.4446330e+01   1.8986941e+02   5.7273167e+01  -2.2000000e+02   3.5661891e+01
  -2.8357734e+01   1.0000000e+00   9.4883091e+00   1.8594401e+02   6.3354276e+01  -2.2000000e+02   3.6981578e+01
  -3.1081325e+01   1.0000000e+00   4.8264788e+00   1.8293174e+02   6.8607498e+01  -2.2000000e+02   4.0015351e+01
  -3.3475845e+01   1.0000000e+00  -2.2999901e+00   1.7784593e+02   7.3705267e+01  -2.2000000e+02   4.3684828e+01
  -3.5003508e+01   1.0000000e+00  -5.4420100e+00   1.7470987e+02   7.5544748e+01  -2.2000000e+02   4.5552831e+01
  -3.6594398e+01   1.0000000e+00  -8.0268252e+00   1.7201420e+02   7.6287753e+01  -2.2000000e+02   4.8636452e+01
  -3.8540769e+01   1.0000000e+00  -1.2404573e+01   1.6874046e+02   7.8337728e+01  -2.2000000e+02   5.0360246e+01
  -3.8384635e+01   1.0000000e+00  -1.4094233e+01   1.7064590e+02   8.0267671e+01  -2.2000000e+02   5.3286632e+01
  -3.7747527e+01   1.0000000e+00  -1.2218536e+01   1.7044658e+02   8.1188978e+01  -2.2000000e+02   5.6689077e+01
  -3.6047676e+01   1.0000000e+00  -5.4000759e+00   1.6854260e+02   7.9057861e+01  -2.2000000e+02   5.9786284e+01
  -3.2161766e+01   1.0000000e+00  -5.6260790e+00   1.6730911e+02   7.6939235e+01  -2.2000000e+02   6.2161140e+01
  -2.9690497e+01   1.0000000e+00  -1.0237999e+01   1.6579435e+02   7.8133351e+01  -2.2000000e+02   6.0470778e+01
  -2.4767517e+01   1.0000000e+00  -1.6079515e+01   1.6399808e+02   8.5988729e+01  -2.2000000e+02   5.0584253e+01
  -2.0023371e+01   1.0000000e+00  -1.3285868e+01   1.6392185e+02   9.4459270e+01  -2.2000000e+02   4.1296596e+01
  -1.6472793e+01   1.0000000e+00  -1.1207936e+01   1.6416323e+02   9.6134587e+01  -2.2000000e+02   3.3663006e+01
  -1.0681525e+01   1.0000000e+00  -3.5550613e-01   1.6995271e+02   9.0250302e+01  -2.2000000e+02   2.8354323e+01
  -3.3460617e+00   1.0000000e+00   1.0872983e+01   1.7936270e+02   8.1353166e+01  -2.2000000e+02   2.5339011e+01
   4.1608901e+00   1.0000000e+00   2.1854969e+01   1.9046050e+02   7.0902996e+01  -2.2000000e+02   1.8030581e+01
   8.9522765e+00   1.0000000e+00   3.0676331e+01   2.0118729e+02   6.1071576e+01  -2.2000000e+02   9.0808108e+00
   1.3964153e+01   1.0000000e+00   3.4186245e+01   2.0986005e+02   5.5088462e+01  -2.2000000e+02  -1.0374984e+00
   1.7008986e+01   1.0000000e+00   3.6224594e+01   2.1732409e+02   5.2284115e+01  -2.2000000e+02  -1.0552810e+01
   1.7745621e+01   1.0000000e+00   3.7701396e+01   2.2486467e+02   4.9524900e+01  -2.2000000e+02  -1.9167306e+01
   1.3502999e+01   1.0000000e+00   4.0527594e+01   2.3233005e+02   4.6352300e+01  -2.2000000e+02  -2.7302386e+01
   9.2815433e+00   1.0000000e+00   4.5185563e+01   2.3863237e+02   4.2161469e+01  -2.2000000e+02  -3.1316498e+01
   8.7621519e+00   1.0000000e+00   4.8500311e+01   2.3547404e+02   3.8044468e+01  -2.2000000e+02  -2.7276429e+01
   7.8049976e+00   1.0000000e+00   5.0265745e+01   2.3075779e+02   3.3146713e+01  -2.2000000e+02  -2.1618703e+01
   5.7731741e+00   1.0000000e+00   5.2215314e+01   2.2391297e+02   2.8017524e+01  -2.2000000e+02  -1.3250458e+01
   5.3489933e+00   1.0000000e+00   5.4571291e+01   2.1735758e+02   2.3087943e+01  -2.2000000e+02  -3.6952857e+00
   4.3553143e+00   1.0000000e+00   5.6953297e+01   2.1140480e+02   1.8306337e+01  -2.2000000e+02   4.6218213e+00
   3.4163680e+00   1.0000000e+00   5.9023194e+01   2.0714676e+02   1.5908672e+01  -2.2000000e+02   1.2460056e+01
   2.8632482e+00   1.0000000e+00   5.9541391e+01   2.0383962e+02   1.3062554e+01  -2.2000000e+02   1.8868982e+01
   1.7923165e+00   1.0000000e+00   6.0630020e+01   2.0116921e+02   1.2191334e+01  -2.2000000e+02   2.4879079e+01
  -7.7155347e-01   1.0000000e+00   5.8284643e+01   1.9865896e+02   1.4123961e+01  -2.2000000e+02   3.0488167e+01
  -4.6705105e+00   1.0000000e+00   5.1796005e+01   1.9694632e+02   1.8861097e+01  -2.2000000e+02   3.5517271e+01
  -1.0900253e+01   1.0000000e+00   4.1779733e+01   1.9390124e+02   2.6350943e+01  -2.2000000e+02   3.9521760e+01
  -1.7429282e+01   1.0000000e+00   2.9513480e+01   1.9108428e+02   3.4610098e+01  -2.2000000e+02   4.3164622e+01
  -2.5519105e+01   1.0000000e+00   1.6421143e+01   1.8777251e+02   4.3638121e+01  -2.2000000e+02   4.6585757e+01
  -3.2127208e+01   1.0000000e+00   2.7261209e+00   1.8430169e+02   5.1102638e+01  -2.2000000e+02   4.9373123e+01
  -3.5078029e+01   1.0000000e+00  -8.9805373e+00   1.7643738e+02   6.2389128e+01  -2.2000000e+02   5.0704375e+01
  -3.7317101e+01   1.0000000e+00  -1.4577931e+01   1.7019469e+02   7.3026758e+01  -2.2000000e+02   5.1533660e+01
  -3.8404522e+01   1.0000000e+00  -1.6281373e+01   1.6815563e+02   8.1545659e+01  -2.2000000e+02   5.3375348e+01
  -3.7408609e+01   1.0000000e+00  -1.5184891e+01   1.6834961e+02   8.5436252e+01  -2.2000000e+02   5.6542264e+01
  -3.7778541e+01   1.0000000e+00  -1.2478438e+01   1.6825484e+02   8.7042975e+01  -2.2000000e+02   5.9583216e+01
  -3.7130178e+01   1.0000000e+00  -1.1861814e+01   1.6651746e+02   8.7482772e+01  -2.2000000e+02   6.1956623e+01
  -3.7295566e+01   1.0000000e+00  -1.7361896e+01   1.6743883e+02   8.7786218e+01  -2.2000000e+02   6.4603479e+01
  -3.6990094e+01   1.0000000e+00  -1.6515194e+01   1.6719681e+02   8.8357528e+01  -2.2000000e+02   6.7715092e+01
  -3.6877444e+01   1.0000000e+00  -1.4944831e+01   1.6732730e+02   8.8022649e+01  -2.2000000e+02   6.8246275e+01
  -3.6506445e+01   1.0000000e+00  -1.2777912e+01   1.6607380e+02   8.7200603e+01  -2.2000000e+02   6.8729787e+01
  -3.5422425e+01   1.0000000e+00  -1.4854330e+01   1.6519473e+02   8.6336212e+01  -2.2000000e+02   6.8594088e+01
  -3.1821244e+01   1.0000000e+00  -1.2113545e+01   1.6645950e+02   8.4664391e+01  -2.2000000e+02   6.7849640e+01
  -2.9185371e+01   1.0000000e+00  -1.6248108e+01   1.6573266e+02   8.8272222e+01  -2.2000000e+02   6.3040546e+01
  -2.5426542e+01   1.0000000e+00  -1.9307377e+01   1.6497121e+02   9.1935985e+01  -2.2000000e+02   5.4645899e+01
  -2.0573375e+01   1.0000000e+00  -1.5478275e+01   1.6495779e+02   9.9063760e+01  -2.2000000e+02   4.4310337e+01
  -1.6300961e+01   1.0000000e+00  -8.8284346e+00   1.6642713e+02   9.6867498e+01  -2.2000000e+02   3.7991716e+01
  -8.6179975e+00   1.0000000e+00   1.3079574e+00   1.7310067e+02   8.8853080e+01  -2.2000000e+02   3.1669111e+01
  -2.5647199e+00   1.0000000e+00   1.2658956e+01   1.8220853e+02   7.9726153e+01  -2.2000000e+02   2.7480039e+01
   4.5223248e+00   1.0000000e+00   2.2529361e+01   1.9267566e+02   6.9559427e+01  -2.2000000e+02   1.9076690e+01
   9.8746095e+00   1.0000000e+00   3.0468397e+01   2.0315812e+02   5.9957964e+01  -2.2000000e+02   8.9326630e+00
   1.3489621e+01   1.0000000e+00   3.4424370e+01   2.1108067e+02   5.4331143e+01  -2.2000000e+02  -1.0496842e+00
   1.4477235e+01   1.0000000e+00   3.6285969e+01   2.1920196e+02   4.8939326e+01  -2.2000000e+02  -1.0570298e+01
   1.0734852e+01   1.0000000e+00   4.0059807e+01   2.2733384e+02   4.3327176e+01  -2.2000000e+02  -1.8009088e+01
   8.3530434e+00   1.0000000e+00   4.3673025e+01   2.3210286e+02   3.8884635e+01  -2.2000000e+02  -2.1679638e+01
   7.3169709e+00   1.0000000e+00   4.6870474e+01   2.2910670e+02   3.4547030e+01  -2.2000000e+02  -1.8864331e+01
   6.1852664e+00   1.0000000e+00   4.9174457e+01   2.2456460e+02   2.9739281e+01  -2.2000000e+02  -1.2818127e+01
   5.7163780e+00   1.0000000e+00   5.2404778e+01   2.1863551e+02   2.4462531e+01  -2.2000000e+02  -3.5534320e+00
   4.0713625e+00   1.0000000e+00   5.3438351e+01   2.1250668e+02   1.9832172e+01  -2.2000000e+02   3.5717408e+00
   3.4334244e+00   1.0000000e+00   5.5748894e+01   2.0769798e+02   1.6273645e+01  -2.2000000e+02   1.1090600e+01
   2.7491433e+00   1.0000000e+00   5.7123629e+01   2.0438882e+02   1.4699425e+01  -2.2000000e+02   1.6602753e+01
   1.8660366e+00   1.0000000e+00   5.7522003e+01   2.0201668e+02   1.3153637e+01  -2.2000000e+02   2.1512552e+01
  -5.6261624e-02   1.0000000e+00   5.7324651e+01   1.9962631e+02   1.4750327e+01  -2.2000000e+02   2.6993181e+01
  -4.0708622e+00   1.0000000e+00   5.3488024e+01   1.9725047e+02   1.9833432e+01  -2.2000000e+02   3.1339417e+01
  -7.6806384e+00   1.0000000e+00   4.6358698e+01   1.9570003e+02   2.5992872e+01  -2.2000000e+02   3.6477676e+01
  -1.3760430e+01   1.0000000e+00   3.5169129e+01   1.9342740e+02   3.3628460e+01  -2.2000000e+02   4.0486735e+01
  -1.9949817e+01   1.0000000e+00   2.3188877e+01   1.9046026e+02   4.2776529e+01  -2.2000000e+02   4.4386598e+01
  -2.5724231e+01   1.0000000e+00   1.0328398e+01   1.8586295e+02   5.1968660e+01  -2.2000000e+02   4.7770861e+01
  -3.1314426e+01   1.0000000e+00  -3.1199705e+00   1.7998734e+02   6.1381702e+01  -2.2000000e+02   5.0770297e+01
  -3.4895898e+01   1.0000000e+00  -1.1592983e+01   1.7184513e+02   7.1827393e+01  -2.2000000e+02   5.2818523e+01
  -3.7479436e+01   1.0000000e+00  -1.7694281e+01   1.6836104e+02   8.0492339e+01  -2.2000000e+02   5.4279009e+01
  -3.7836384e+01   1.0000000e+00  -1.6945522e+01   1.6898192e+02   8.5420852e+01  -2.2000000e+02   5.5956281e+01
  -3.7117259e+01   1.0000000e+00  -1.4160997e+01   1.6975966e+02   8.6107808e+01  -2.2000000e+02   5.7562809e+01
  -3.7817660e+01   1.0000000e+00  -1.5625283e+01   1.6764265e+02   8.7683067e+01  -2.2000000e+02   6.1576778e+01
  -3.7527969e+01   1.0000000e+00  -1.6227558e+01   1.6279659e+02   8.6541236e+01  -2.2000000e+02   6.4724523e+01
  -3.7099932e+01   1.0000000e+00  -1.2939000e+01   1.6522228e+02   8.4538680e+01  -2.2000000e+02   6.7728155e+01
  -3.6688505e+01   1.0000000e+00  -1.3188331e+01   1.6614486e+02   8.4246360e+01  -2.2000000e+02   6.8700777e+01
  -3.6693694e+01   1.0000000e+00  -1.1554292e+01   1.6692813e+02   8.3871218e+01  -2.2000000e+02   6.9053137e+01
  -3.5445288e+01   1.0000000e+00  -8.4187543e+00   1.6695581e+02   8.3361643e+01  -2.2000000e+02   6.9529542e+01
  -3.2186431e+01   1.0000000e+00  -6.5124231e+00   1.6694473e+02   7.8954700e+01  -2.2000000e+02   6.8794924e+01
  -2.9170172e+01   1.0000000e+00  -1.9895321e+01   1.6422097e+02   8.5233478e+01  -2.2000000e+02   6.1876609e+01
  -2.4405826e+01   1.0000000e+00  -1.8477381e+01   1.6363656e+02   8.9316225e+01  -2.2000000e+02   5.2804623e+01
  -1.7727994e+01   1.0000000e+00  -1.0007027e+01   1.6642617e+02   9.4639609e+01  -2.2000000e+02   4.1405619e+01
  -1.3195725e+01   1.0000000e+00  -2.4130318e+00   1.6975778e+02   9.1783351e+01  -2.2000000e+02   3.1314991e+01
  -5.8040568e+00   1.0000000e+00   7.8950452e+00   1.7651278e+02   8.4224877e+01  -2.2000000e+02   2.4919704e+01
   1.1010611e+00   1.0000000e+00   1.9078848e+01   1.8562838e+02   7.5675561e+01  -2.2000000e+02   1.8822672e+01
   8.0829393e+00   1.0000000e+00   2.7468185e+01   1.9503208e+02   6.6643760e+01  -2.2000000e+02   1.0596675e+01
   1.2189419e+01   1.0000000e+00   3.2679758e+01   2.0257858e+02   5.9860209e+01  -2.2000000e+02   2.1946515e+00
   1.4240030e+01   1.0000000e+00   3.5546590e+01   2.1071333e+02   5.5315740e+01  -2.2000000e+02  -6.5674492e+00
   1.4949023e+01   1.0000000e+00   3.7189357e+01   2.1885226e+02   5.0708416e+01  -2.2000000e+02  -1.4883161e+01
   1.2587223e+01   1.0000000e+00   3.8446831e+01   2.2722504e+02   4.5973174e+01  -2.2000000e+02  -2.3588262e+01
   8.5245979e+00   1.0000000e+00   4.3882297e+01   2.3602860e+02   4.0804544e+01  -2.2000000e+02  -2.7887099e+01
   7.1084887e+00   1.0000000e+00   4.8195283e+01   2.3600816e+02   3.7729262e+01  -2.2000000e+02  -2.7380876e+01
   5.1156382e+00   1.0000000e+00   5.0950575e+01   2.3141016e+02   3.4517040e+01  -2.2000000e+02  -2.2100056e+01
   4.7519208e+00   1.0000000e+00   5.2194759e+01   2.2599202e+02   3.0006619e+01  -2.2000000e+02  -1.5186639e+01
   4.1541614e+00   1.0000000e+00   5.3964693e+01   2.1977966e+02   2.5374146e+01  -2.2000000e+02  -5.6353171e+00
   4.7584139e+00   1.0000000e+00   5.5581457e+01   2.1375521e+02   1.9365886e+01  -2.2000000e+02   3.5015183e+00
   3.2436735e+00   1.0000000e+00   5.7592065e+01   2.0899400e+02   1.7250622e+01  -2.2000000e+02   1.1924468e+01
   3.5227879e+00   1.0000000e+00   5.8363770e+01   2.0484847e+02   1.4870406e+01  -2.2000000e+02   1.7586027e+01
   2.1845405e+00   1.0000000e+00   5.8378527e+01   2.0219603e+02   1.3547561e+01  -2.2000000e+02   2.2666237e+01
  -6.7464298e-01   1.0000000e+00   5.7545869e+01   1.9917335e+02   1.5795496e+01  -2.2000000e+02   2.7591701e+01
  -1.8885486e+00   1.0000000e+00   5.4907238e+01   1.9737464e+02   1.8261570e+01  -2.2000000e+02   3.1915364e+01
  -6.6001829e+00   1.0000000e+00   4.8845843e+01   1.9587417e+02   2.4073558e+01  -2.2000000e+02   3.7088938e+01
  -1.1593224e+01   1.0000000e+00   3.8275416e+01   1.9434374e+02   3.1207820e+01  -2.2000000e+02   4.1446648e+01
  -1.7875503e+01   1.0000000e+00   2.6494747e+01   1.9171288e+02   3.9876684e+01  -2.2000000e+02   4.4432226e+01
  -2.4063226e+01   1.0000000e+00   1.3924634e+01   1.8774446e+02   4.9100703e+01  -2.2000000e+02   4.7141246e+01
  -3.0436468e+01   1.0000000e+00   8.9575459e-01   1.8217716e+02   5.9220732e+01  -2.2000000e+02   4.9492042e+01
  -3.3897503e+01   1.0000000e+00  -7.4314777e+00   1.7500430e+02   6.9853388e+01  -2.2000000e+02   5.0575498e+01
  -3.5591891e+01   1.0000000e+00  -9.7129651e+00   1.7048211e+02   7.8562940e+01  -2.2000000e+02   5.1486732e+01
  -3.7066014e+01   1.0000000e+00  -1.3019707e+01   1.6862338e+02   8.3643009e+01  -2.2000000e+02   5.3579473e+01
  -3.7964232e+01   1.0000000e+00  -1.3927048e+01   1.6804222e+02   8.6178611e+01  -2.2000000e+02   5.5983302e+01
  -3.7979469e+01   1.0000000e+00  -1.3125774e+01   1.6796764e+02   8.5737752e+01  -2.2000000e+02   5.8212720e+01
  -3.7659282e+01   1.0000000e+00  -1.5667957e+01   1.6548454e+02   8.5753283e+01  -2.2000000e+02   6.0614252e+01
  -3.7675055e+01   1.0000000e+00  -1.0259939e+01   1.6478739e+02   8.6184024e+01  -2.2000000e+02   6.3548058e+01
  -3.7104914e+01   1.0000000e+00  -1.5754656e+01   1.6498960e+02   8.7516986e+01  -2.2000000e+02   6.5272095e+01
  -3.4147759e+01   1.0000000e+00  -4.9015439e+00   1.6573097e+02   8.2986594e+01  -2.2000000e+02   6.7542838e+01
  -3.1779119e+01   1.0000000e+00  -1.2749299e+01   1.6458068e+02   8.1790592e+01  -2.2000000e+02   6.8016389e+01
  -2.8646198e+01   1.0000000e+00  -1.3453355e+01   1.6592130e+02   8.2456500e+01  -2.2000000e+02   6.7483098e+01
  -2.3521104e+01   1.0000000e+00  -1.0515644e+01   1.6736212e+02   8.5760807e+01  -2.2000000e+02   5.8425302e+01
  -1.7996823e+01   1.0000000e+00  -1.4409740e+01   1.6549691e+02   9.5732175e+01  -2.2000000e+02   4.7594949e+01
  -1.5458356e+01   1.0000000e+00  -1.6622019e+01   1.6244293e+02   1.0292625e+02  -2.2000000e+02   3.8945024e+01
  -8.5985940e+00   1.0000000e+00  -6.6327100e+00   1.6670633e+02   9.6595242e+01  -2.2000000e+02   3.2122017e+01
  -2.1101945e+00   1.0000000e+00   4.2331447e+00   1.7545446e+02   8.7349193e+01  -2.2000000e+02   2.7493989e+01
   3.1115337e+00   1.0000000e+00   1.3718984e+01   1.8576605e+02   7.7483864e+01  -2.2000000e+02   1.8500416e+01
   8.4339353e+00   1.0000000e+00   2.1745433e+01   1.9595270e+02   6.8312710e+01  -2.2000000e+02   9.0250626e+00
   1.2970485e+01   1.0000000e+00   2.4825924e+01   2.0390580e+02   6.2811971e+01  -2.2000000e+02  -4.2157874e-01
   1.7797571e+01   1.0000000e+00   2.7286320e+01   2.1180212e+02   6.0342376e+01  -2.2000000e+02  -9.7411262e+00
   2.0716383e+01   1.0000000e+00   2.8469664e+01   2.1990168e+02   5.8605491e+01  -2.2000000e+02  -1.7982715e+01
   2.0348724e+01   1.0000000e+00   2.9238351e+01   2.2845052e+02   5.6436953e+01  -2.2000000e+02  -2.5687970e+01
   1.5884062e+01   1.0000000e+00   3.0423062e+01   2.3728768e+02   5.2757401e+01  -2.2000000e+02  -3.3367921e+01
   1.0797070e+01   1.0000000e+00   3.4500150e+01   2.4585906e+02   4.8634116e+01  -2.2000000e+02  -3.8494091e+01
   7.9880519e+00   1.0000000e+00   3.9055595e+01   2.4635202e+02   4.7702958e+01  -2.2000000e+02  -4.1911382e+01
   4.7434912e+00   1.0000000e+00   4.3301004e+01   2.4259534e+02   4.5413564e+01  -2.2000000e+02  -3.9696849e+01
   2.2367075e+00   1.0000000e+00   4.6318160e+01   2.3675440e+02   4.0908088e+01  -2.2000000e+02  -3.2875432e+01
   1.7146139e+00   1.0000000e+00   4.6014428e+01   2.2977636e+02   3.5096565e+01  -2.2000000e+02  -2.3721930e+01
   2.9341673e-01   1.0000000e+00   4.7078469e+01   2.2336669e+02   2.9694652e+01  -2.2000000e+02  -1.4242209e+01
   6.7113992e-02   1.0000000e+00   4.8161055e+01   2.1733674e+02   2.4668434e+01  -2.2000000e+02  -5.7866913e+00
  -8.5653645e-01   1.0000000e+00   4.8350489e+01   2.1188913e+02   2.2192903e+01  -2.2000000e+02   1.9395371e+00
  -3.8386668e+00   1.0000000e+00   4.7806171e+01   2.0800940e+02   2.4016504e+01  -2.2000000e+02   8.6616580e+00
  -8.0756933e+00   1.0000000e+00   4.4727141e+01   2.0495381e+02   2.8909919e+01  -2.2000000e+02   1.2670141e+01
  -1.1574843e+01   1.0000000e+00   3.7778588e+01   2.0186864e+02   3.5758656e+01  -2.2000000e+02   1.7705577e+01
  -1.5256792e+01   1.0000000e+00   3.0532866e+01   1.9945376e+02   4.3180375e+01  -2.2000000e+02   2.3106837e+01
  -1.9896540e+01   1.0000000e+00   2.2390300e+01   1.9575294e+02   5.1671018e+01  -2.2000000e+02   2.7499162e+01
  -2.4465992e+01   1.0000000e+00   1.5879831e+01   1.9181621e+02   5.9319939e+01  -2.2000000e+02   2.8765372e+01
  -2.6982913e+01   1.0000000e+00   1.1981214e+01   1.8777942e+02   6.3678025e+01  -2.2000000e+02   3.0780899e+01
  -2.8934828e+01   1.0000000e+00   9.2809169e+00   1.8518542e+02   6.6138215e+01  -2.2000000e+02   3.3157505e+01
  -3.2235770e+01   1.0000000e+00   2.7556100e+00   1.8091004e+02   7.1122055e+01  -2.2000000e+02   3.6768858e+01
  -3.4032074e+01   1.0000000e+00  -2.8863215e+00   1.7655021e+02   7.5165648e+01  -2.2000000e+02   3.9883217e+01
  -3.4193424e+01   1.0000000e+00  -8.3339663e+00   1.7369765e+02   7.8206080e+01  -2.2000000e+02   4.4296186e+01
  -3.5607060e+01   1.0000000e+00  -1.1029695e+01   1.7135224e+02   7.9773086e+01  -2.2000000e+02   4.5437931e+01
  -3.5873865e+01   1.0000000e+00  -1.6314699e+01   1.6777827e+02   8.3763774e+01  -2.2000000e+02   4.8461657e+01
  -3.3798336e+01   1.0000000e+00  -1.1912640e+01   1.6653595e+02   8.5074253e+01  -2.2000000e+02   4.7319506e+01
  -3.0020487e+01   1.0000000e+00  -9.8570878e+00   1.6767549e+02   8.5383287e+01  -2.2000000e+02   4.4779992e+01
  -2.3322777e+01   1.0000000e+00  -3.8350802e+00   1.6822347e+02   8.7218429e+01  -2.2000000e+02   3.7898391e+01
  -1.8836642e+01   1.0000000e+00  -6.8023863e+00   1.6622861e+02   9.4838789e+01  -2.2000000e+02   3.3718949e+01
  -1.5214591e+01   1.0000000e+00  -6.5386074e+00   1.6691376e+02   9.6888882e+01  -2.2000000e+02   2.7740007e+01
  -8.7039579e+00   1.0000000e+00   4.3591389e+00   1.7356140e+02   8.9525343e+01  -2.2000000e+02   2.0954837e+01
  -8.2588599e-01   1.0000000e+00   1.6038328e+01   1.8207146e+02   8.1353583e+01  -2.2000000e+02   1.8007110e+01
   6.4154021e+00   1.0000000e+00   2.4607713e+01   1.9188998e+02   7.2199820e+01  -2.2000000e+02   7.5382277e+00
   1.0963268e+01   1.0000000e+00   3.0812875e+01   1.9992538e+02   6.5037505e+01  -2.2000000e+02  -1.6026728e+00
   1.4184924e+01   1.0000000e+00   3.5997609e+01   2.0560726e+02   6.0478525e+01  -2.2000000e+02  -8.7911027e+00
   1.6046390e+01   1.0000000e+00   3.8352788e+01   2.1123537e+02   5.8108558e+01  -2.2000000e+02  -1.6869239e+01
   1.7241411e+01   1.0000000e+00   4.0148888e+01   2.1820282e+02   5.5647009e+01  -2.2000000e+02  -2.2972302e+01
   1.8751829e+01   1.0000000e+00   4.1437732e+01   2.2636081e+02   5.3113194e+01  -2.2000000e+02  -2.8759016e+01
   1.6460771e+01   1.0000000e+00   4.1365212e+01   2.3421379e+02   4.9702088e+01  -2.2000000e+02  -3.3263600e+01
   1.2416754e+01   1.0000000e+00   4.4746582e+01   2.4103655e+02   4.4621471e+01  -2.2000000e+02  -2.9821459e+01
   1.0798808e+01   1.0000000e+00   4.6702585e+01   2.3896448e+02   4.1978076e+01  -2.2000000e+02  -2.6417272e+01
   1.0141156e+01   1.0000000e+00   4.7421665e+01   2.3350324e+02   3.7773005e+01  -2.2000000e+02  -1.9115023e+01
   9.4761023e+00   1.0000000e+00   4.9657913e+01   2.2603181e+02   3.2189039e+01  -2.2000000e+02  -9.7895399e+00
   8.1460309e+00   1.0000000e+00   5.1949903e+01   2.1884831e+02   2.6900953e+01  -2.2000000e+02  -1.3239255e+00
   7.9433202e+00   1.0000000e+00   5.5532696e+01   2.1193296e+02   2.0849197e+01  -2.2000000e+02   7.8483235e+00
   7.6738892e+00   1.0000000e+00   5.8907457e+01   2.0698649e+02   1.4948830e+01  -2.2000000e+02   1.5089371e+01
   6.8991229e+00   1.0000000e+00   6.1999603e+01   2.0324753e+02   1.1779289e+01  -2.2000000e+02   1.9517546e+01
   6.3731964e+00   1.0000000e+00   6.4613460e+01   2.0038446e+02   9.9650797e+00  -2.2000000e+02   2.3867759e+01
   4.1927463e+00   1.0000000e+00   6.4912288e+01   1.9786444e+02   9.4318932e+00  -2.2000000e+02   2.9208728e+01
   3.3022577e+00   1.0000000e+00   6.5579773e+01   1.9530877e+02   8.9245253e+00  -2.2000000e+02   3.2944437e+01
   2.2746520e+00   1.0000000e+00   6.5859309e+01   1.9266892e+02   8.4143700e+00  -2.2000000e+02   3.6497636e+01
   1.2323837e+00   1.0000000e+00   6.6134709e+01   1.9098404e+02   1.0116871e+01  -2.2000000e+02   3.9919280e+01
   1.2769717e+00   1.0000000e+00   6.5379935e+01   1.8952733e+02   1.0539617e+01  -2.2000000e+02   4.5492844e+01
   2.7972374e-01   1.0000000e+00   6.4286947e+01   1.8824464e+02   1.0762869e+01  -2.2000000e+02   4.9320302e+01
  -2.1234201e+00   1.0000000e+00   5.8879920e+01   1.8920189e+02   1.1723707e+01  -2.2000000e+02   5.3777863e+01
  -8.7873583e+00   1.0000000e+00   4.8113536e+01   1.8741296e+02   1.7229677e+01  -2.2000000e+02   5.6945096e+01
  -1.5524023e+01   1.0000000e+00   3.5701735e+01   1.8622829e+02   2.3435083e+01  -2.2000000e+02   5.9796993e+01
  -2.2536448e+01   1.0000000e+00   2.2662704e+01   1.8502567e+02   2.9710375e+01  -2.2000000e+02   6.2698291e+01
  -2.7969894e+01   1.0000000e+00   9.0741357e+00   1.8322618e+02   3.5072596e+01  -2.2000000e+02   6.5602203e+01
  -3.1250117e+01   1.0000000e+00  -4.1948065e+00   1.7730600e+02   4.3807457e+01  -2.2000000e+02   6.7023438e+01
  -3.3668789e+01   1.0000000e+00  -1.5001615e+01   1.6972656e+02   5.4157943e+01  -2.2000000e+02   6.6726539e+01
  -3.4729123e+01   1.0000000e+00  -1.6255391e+01   1.6382347e+02   6.4268511e+01  -2.2000000e+02   6.5362687e+01
  -3.5673696e+01   1.0000000e+00  -1.7316872e+01   1.6183888e+02   7.3072842e+01  -2.2000000e+02   6.5879662e+01
  -3.5738040e+01   1.0000000e+00  -1.1211473e+01   1.6285025e+02   7.9052086e+01  -2.2000000e+02   6.6727114e+01
  -3.5244497e+01   1.0000000e+00  -1.1905337e+01   1.6440408e+02   8.2824928e+01  -2.2000000e+02   6.8154465e+01
  -3.5894846e+01   1.0000000e+00  -1.0865618e+01   1.6539670e+02   8.4357475e+01  -2.2000000e+02   6.8703876e+01
  -3.5966804e+01   1.0000000e+00  -1.3647784e+01   1.6577049e+02   8.6207325e+01  -2.2000000e+02   6.7972407e+01
  -3.4353708e+01   1.0000000e+00  -1.6634889e+01   1.6599007e+02   8.8496194e+01  -2.2000000e+02   6.8761307e+01
  -3.3025733e+01   1.0000000e+00  -1.9077712e+01   1.6607634e+02   9.1028482e+01  -2.2000000e+02   6.7993000e+01
  -3.0113585e+01   1.0000000e+00  -2.1686281e+01   1.6595282e+02   9.3698118e+01  -2.2000000e+02   6.8100212e+01
  -2.6091530e+01   1.0000000e+00  -2.5441318e+01   1.6353841e+02   1.0065920e+02  -2.2000000e+02   6.0546184e+01
  -2.2529054e+01   1.0000000e+00  -2.8497018e+01   1.6313652e+02   1.0443689e+02  -2.2000000e+02   5.5733419e+01
  -1.9825401e+01   1.0000000e+00  -2.1102664e+01   1.6299585e+02   1.0232867e+02  -2.2000000e+02   4.8805849e+01
  -1.6455865e+01   1.0000000e+00  -1.1898767e+01   1.6893615e+02   9.1638758e+01  -2.2000000e+02   4.6809139e+01
  -9.7729674e+00   1.0000000e+00  -1.2156686e+00   1.7357561e+02   8.4980891e+01  -2.2000000e+02   3.9511326e+01
  -4.2752084e+00   1.0000000e+00   7.6056373e+00   1.7558277e+02   8.3390474e+01  -2.2000000e+02   3.0566814e+01
  -4.7804212e-01   1.0000000e+00   1.0093886e+01   1.7581362e+02   8.5177225e+01  -2.2000000e+02   2.2232449e+01
   3.6772758e+00   1.0000000e+00   1.6396295e+01   1.7756596e+02   8.1958678e+01  -2.2000000e+02   1.3906526e+01
   9.5892323e+00   1.0000000e+00   2.5227479e+01   1.8361087e+02   7.4940471e+01  -2.2000000e+02   4.9820563e+00
   1.2858135e+01   1.0000000e+00   3.1385900e+01   1.9051810e+02   6.9389750e+01  -2.2000000e+02   1.1917017e+00
   1.6790477e+01   1.0000000e+00   3.4874506e+01   1.9916092e+02   6.4282371e+01  -2.2000000e+02  -6.6696870e+00
   1.8498676e+01   1.0000000e+00   3.8237734e+01   2.0909296e+02   5.8790856e+01  -2.2000000e+02  -1.3986921e+01
   1.6959117e+01   1.0000000e+00   4.2348894e+01   2.1999535e+02   5.1390979e+01  -2.2000000e+02  -1.9330454e+01
   1.2169579e+01   1.0000000e+00   4.7251519e+01   2.3133587e+02   4.3075075e+01  -2.2000000e+02  -2.5420768e+01
   1.1876690e+01   1.0000000e+00   5.0364029e+01   2.3599488e+02   3.9779912e+01  -2.2000000e+02  -2.6961111e+01
   1.0831347e+01   1.0000000e+00   5.0986108e+01   2.3382026e+02   3.7664905e+01  -2.2000000e+02  -2.4320954e+01
   1.0152079e+01   1.0000000e+00   5.2414082e+01   2.2926700e+02   3.4931966e+01  -2.2000000e+02  -1.6916690e+01
   8.4569064e+00   1.0000000e+00   5.3606423e+01   2.2361982e+02   3.2133248e+01  -2.2000000e+02  -9.4703407e+00
   8.3801086e+00   1.0000000e+00   5.5097837e+01   2.1873416e+02   2.8159126e+01  -2.2000000e+02  -3.1772651e+00
   8.1414964e+00   1.0000000e+00   5.6524104e+01   2.1539490e+02   2.5062930e+01  -2.2000000e+02   1.7930733e+00
   8.1317148e+00   1.0000000e+00   5.8395775e+01   2.1304711e+02   2.1736565e+01  -2.2000000e+02   5.2687127e+00
   8.6863305e+00   1.0000000e+00   5.9895668e+01   2.0873789e+02   1.8106629e+01  -2.2000000e+02   1.0816299e+01
   7.2620670e+00   1.0000000e+00   6.2524971e+01   2.0484308e+02   1.6633109e+01  -2.2000000e+02   1.4470023e+01
   7.7129189e+00   1.0000000e+00   6.4779110e+01   2.0104110e+02   1.3270600e+01  -2.2000000e+02   2.0172717e+01
   7.1942961e+00   1.0000000e+00   6.7772793e+01   1.9850966e+02   9.3715503e+00  -2.2000000e+02   2.4122592e+01
   7.3468025e+00   1.0000000e+00   7.4140971e+01   1.9498098e+02   4.5591645e+00  -2.2000000e+02   2.9427486e+01
   9.9576544e+00   1.0000000e+00   8.2607838e+01   1.9178861e+02  -2.3302352e+00  -2.2000000e+02   3.4232814e+01
   1.1159031e+01   1.0000000e+00   9.0076473e+01   1.8792583e+02  -1.0083756e+01  -2.2000000e+02   3.9106713e+01
   9.4118516e+00   1.0000000e+00   9.5607925e+01   1.8413732e+02  -1.5992101e+01  -2.2000000e+02   4.4674860e+01
   1.4979234e+01   1.0000000e+00   1.0627903e+02   1.7949836e+02  -2.3576781e+01  -2.2000000e+02   4.8356378e+01
   2.0601373e+01   1.0000000e+00   1.1811383e+02   1.7411503e+02  -3.2403403e+01  -2.2000000e+02   5.2358535e+01
   2.5701589e+01   1.0000000e+00   1.3062305e+02   1.6744415e+02  -4.1724629e+01  -2.2000000e+02   5.5710363e+01
   2.9389216e+01   1.0000000e+00   1.4346108e+02   1.5972218e+02  -5.0762955e+01  -2.2000000e+02   5.7544287e+01
   3.2196493e+01   1.0000000e+00   1.5470303e+02   1.5008744e+02  -6.0670191e+01  -2.2000000e+02   6.0020184e+01
   3.3882566e+01   1.0000000e+00   1.5642458e+02   1.4065577e+02  -6.9273242e+01  -2.2000000e+02   6.0998637e+01
   3.1717450e+01   1.0000000e+00   1.5316085e+02   1.3259274e+02  -7.6198280e+01  -2.2000000e+02   6.2445862e+01
   2.9493825e+01   1.0000000e+00   1.5270598e+02   1.2548740e+02  -8.0517335e+01  -2.2000000e+02   6.4123838e+01
   2.6553061e+01   1.0000000e+00   1.4708486e+02   1.2107269e+02  -7.7415553e+01  -2.2000000e+02   6.3709601e+01
   2.1503176e+01   1.0000000e+00   1.3866355e+02   1.1897838e+02  -7.0178927e+01  -2.2000000e+02   5.4776763e+01
   1.8643908e+01   1.0000000e+00   1.3241919e+02   1.1980629e+02  -6.2413417e+01  -2.2000000e+02   4.4648092e+01
   1.5598379e+01   1.0000000e+00   1.2967820e+02   1.2386218e+02  -5.6428506e+01  -2.2000000e+02   3.5684239e+01
   1.2572599e+01   1.0000000e+00   1.2287710e+02   1.3181575e+02  -5.0982981e+01  -2.2000000e+02   2.9478624e+01
   9.1890334e+00   1.0000000e+00   1.1611625e+02   1.4163612e+02  -4.6476541e+01  -2.2000000e+02   2.2035219e+01
   6.1376104e+00   1.0000000e+00   1.0997688e+02   1.5226990e+02  -4.1243880e+01  -2.2000000e+02   1.4131323e+01
   4.6196243e+00   1.0000000e+00   1.0230198e+02   1.6252235e+02  -3.6244754e+01  -2.2000000e+02   6.1838341e+00
   4.9911164e+00   1.0000000e+00   9.4643463e+01   1.7289469e+02  -3.1120787e+01  -2.2000000e+02  -3.1386956e+00
   3.3144165e+00   1.0000000e+00   8.9941460e+01   1.8256178e+02  -2.5741603e+01  -2.2000000e+02  -1.2681427e+01
   4.0199777e+00   1.0000000e+00   8.5948881e+01   1.9247218e+02  -2.0456319e+01  -2.2000000e+02  -2.1643070e+01
   4.4240225e+00   1.0000000e+00   8.1391417e+01   2.0357876e+02  -1.5353199e+01  -2.2000000e+02  -2.8335909e+01
   5.3651747e+00   1.0000000e+00   7.7572905e+01   2.1504791e+02  -1.0205981e+01  -2.2000000e+02  -3.1663669e+01
   8.5584991e+00   1.0000000e+00   7.3781863e+01   2.2498171e+02  -5.1679998e+00  -2.2000000e+02  -3.2931731e+01
   8.5123473e+00   1.0000000e+00   7.0287190e+01   2.2588771e+02  -1.0002053e-01  -2.2000000e+02  -3.1138562e+01
   7.9911771e+00   1.0000000e+00   6.7417253e+01   2.2324741e+02   4.8236990e+00  -2.2000000e+02  -2.4854819e+01
   7.7378640e+00   1.0000000e+00   6.4130422e+01   2.1994114e+02   8.8417643e+00  -2.2000000e+02  -1.6333358e+01
   6.3329800e+00   1.0000000e+00   6.2569460e+01   2.1647208e+02   1.1871504e+01  -2.2000000e+02  -7.9077604e+00
   6.0551443e+00   1.0000000e+00   6.1465043e+01   2.1304746e+02   1.2807231e+01  -2.2000000e+02  -1.7516689e-01
   6.4502317e+00   1.0000000e+00   6.2079579e+01   2.0859433e+02   1.1000599e+01  -2.2000000e+02   7.9928477e+00
   5.5765480e+00   1.0000000e+00   6.3078700e+01   2.0545707e+02   9.6988079e+00  -2.2000000e+02   1.3686600e+01
   5.9625898e+00   1.0000000e+00   6.3406340e+01   2.0236347e+02   8.5493565e+00  -2.2000000e+02   1.8334272e+01
   3.7597526e+00   1.0000000e+00   6.2316951e+01   2.0015830e+02   1.0196611e+01  -2.2000000e+02   2.1583361e+01
   5.7285101e-01   1.0000000e+00   6.1290903e+01   1.9784426e+02   1.3706612e+01  -2.2000000e+02   2.6018048e+01
  -1.8416855e+00   1.0000000e+00   5.9393013e+01   1.9636911e+02   1.7144983e+01  -2.2000000e+02   3.0807833e+01
  -4.7900743e+00   1.0000000e+00   5.4849501e+01   1.9474125e+02   2.2518991e+01  -2.2000000e+02   3.3552622e+01
  -8.0492954e+00   1.0000000e+00   4.6395244e+01   1.9302797e+02   2.8994397e+01  -2.2000000e+02   3.8985513e+01
  -1.2232462e+01   1.0000000e+00   3.5310565e+01   1.9056115e+02   3.6051689e+01  -2.2000000e+02   4.3519594e+01
  -1.7981915e+01   1.0000000e+00   2.2747285e+01   1.8775414e+02   4.3710887e+01  -2.2000000e+02   4.7159635e+01
  -2.3629832e+01   1.0000000e+00   9.9316465e+00   1.8291820e+02   5.3131425e+01  -2.2000000e+02   5.0229051e+01
  -2.8285147e+01   1.0000000e+00  -3.1124527e+00   1.7674070e+02   6.3133851e+01  -2.2000000e+02   5.2807779e+01
  -3.1788807e+01   1.0000000e+00  -9.2351590e+00   1.6997827e+02   7.3455595e+01  -2.2000000e+02   5.4374098e+01
  -3.3615798e+01   1.0000000e+00  -7.8318810e+00   1.6653866e+02   8.2176309e+01  -2.2000000e+02   5.5748937e+01
  -3.4826714e+01   1.0000000e+00  -1.0815555e+01   1.6432548e+02   8.7149491e+01  -2.2000000e+02   5.7716188e+01
  -3.6251920e+01   1.0000000e+00  -1.5496696e+01   1.6115333e+02   9.1011562e+01  -2.2000000e+02   6.0144308e+01
  -3.6903127e+01   1.0000000e+00  -1.6158922e+01   1.6383909e+02   9.3347617e+01  -2.2000000e+02   6.2776841e+01
  -3.6472844e+01   1.0000000e+00  -1.2485038e+01   1.6607450e+02   9.4291477e+01  -2.2000000e+02   6.5260789e+01
  -3.6688594e+01   1.0000000e+00  -9.0084901e+00   1.6638296e+02   9.4223576e+01  -2.2000000e+02   6.7472900e+01
  -3.6682049e+01   1.0000000e+00  -1.0661122e+01   1.6816447e+02   9.4283507e+01  -2.2000000e+02   6.9945884e+01
  -3.7245403e+01   1.0000000e+00  -1.1416428e+01   1.6978177e+02   9.4224277e+01  -2.2000000e+02   7.0449413e+01
  -3.7220413e+01   1.0000000e+00  -1.2953446e+01   1.6867096e+02   9.4294909e+01  -2.2000000e+02   7.1221477e+01
  -3.6789875e+01   1.0000000e+00  -1.1367010e+01   1.6896913e+02   9.4186802e+01  -2.2000000e+02   7.0771079e+01
  -3.5543815e+01   1.0000000e+00  -1.1588672e+01   1.6882654e+02   9.1997462e+01  -2.2000000e+02   6.9579330e+01
  -3.2874318e+01   1.0000000e+00  -1.2676718e+01   1.6863564e+02   8.9883205e+01  -2.2000000e+02   6.9440377e+01
  -3.0095085e+01   1.0000000e+00  -1.9552835e+01   1.6710820e+02   9.0726850e+01  -2.2000000e+02   6.8018694e+01
  -2.6494596e+01   1.0000000e+00  -1.9856976e+01   1.6662981e+02   9.4929890e+01  -2.2000000e+02   6.4181779e+01
  -2.2630127e+01   1.0000000e+00  -2.0906643e+01   1.6700946e+02   9.4637259e+01  -2.2000000e+02   5.3305502e+01
  -1.7064195e+01   1.0000000e+00  -1.2592390e+01   1.6746365e+02   9.8599043e+01  -2.2000000e+02   4.3589213e+01
  -1.3042286e+01   1.0000000e+00  -4.8974159e+00   1.7005067e+02   9.4886207e+01  -2.2000000e+02   3.4033208e+01
  -7.2760243e+00   1.0000000e+00   4.1079850e+00   1.7549780e+02   8.7808797e+01  -2.2000000e+02   2.6791880e+01
  -5.3431837e-01   1.0000000e+00   1.1641426e+01   1.8123310e+02   7.8447865e+01  -2.2000000e+02   1.8025957e+01
   3.5091464e+00   1.0000000e+00   1.8354138e+01   1.8725198e+02   7.2151808e+01  -2.2000000e+02   1.0580093e+01
   5.6493904e+00   1.0000000e+00   2.3993278e+01   1.9407119e+02   6.6919941e+01  -2.2000000e+02   4.1439142e+00
   1.0155901e+01   1.0000000e+00   2.7942997e+01   2.0154534e+02   6.2187088e+01  -2.2000000e+02  -2.8913882e+00
   1.3179064e+01   1.0000000e+00   3.0037699e+01   2.0946667e+02   5.8613977e+01  -2.2000000e+02  -1.0677918e+01
   1.6720814e+01   1.0000000e+00   3.0822680e+01   2.1666784e+02   5.6838710e+01  -2.2000000e+02  -1.7670580e+01
   1.6300706e+01   1.0000000e+00   3.3550832e+01   2.2396239e+02   5.5196392e+01  -2.2000000e+02  -2.1965530e+01
   1.4033333e+01   1.0000000e+00   3.5533404e+01   2.3214344e+02   5.1616718e+01  -2.2000000e+02  -2.7524091e+01
   1.0521116e+01   1.0000000e+00   3.9312949e+01   2.3964170e+02   4.6919600e+01  -2.2000000e+02  -2.9735329e+01
   8.6860085e+00   1.0000000e+00   4.2505764e+01   2.3926417e+02   4.4365587e+01  -2.2000000e+02  -2.7970374e+01
   6.8095610e+00   1.0000000e+00   4.4493703e+01   2.3508500e+02   4.1309521e+01  -2.2000000e+02  -2.3483101e+01
   5.1574299e+00   1.0000000e+00   4.6937083e+01   2.2980339e+02   3.7258624e+01  -2.2000000e+02  -1.6716424e+01
   4.0877012e+00   1.0000000e+00   4.8926323e+01   2.2423251e+02   3.3063080e+01  -2.2000000e+02  -1.0190669e+01
   2.9080677e+00   1.0000000e+00   5.1176776e+01   2.1941789e+02   2.8639666e+01  -2.2000000e+02  -3.1737965e+00
   2.7460655e+00   1.0000000e+00   5.2243703e+01   2.1474212e+02   2.3616926e+01  -2.2000000e+02   3.6017529e+00
   1.9944187e+00   1.0000000e+00   5.4211206e+01   2.1149972e+02   2.1225376e+01  -2.2000000e+02   7.9142975e+00
   2.0707638e+00   1.0000000e+00   5.5184306e+01   2.0819564e+02   1.8745586e+01  -2.2000000e+02   1.3575514e+01
   9.7755559e-01   1.0000000e+00   5.5512616e+01   2.0540156e+02   1.7994443e+01  -2.2000000e+02   1.7844698e+01
  -1.0794650e+00   1.0000000e+00   5.4678956e+01   2.0304654e+02   1.8820670e+01  -2.2000000e+02   2.1001453e+01
  -3.1819444e+00   1.0000000e+00   5.2406510e+01   2.0104034e+02   2.1681522e+01  -2.2000000e+02   2.5576803e+01
  -5.2906466e+00   1.0000000e+00   5.0145868e+01   1.9965348e+02   2.6013043e+01  -2.2000000e+02   2.8648862e+01
  -9.3797878e+00   1.0000000e+00   4.5891740e+01   1.9751449e+02   3.2406726e+01  -2.2000000e+02   3.1452057e+01
  -1.2004634e+01   1.0000000e+00   3.6906216e+01   1.9495093e+02   3.9347220e+01  -2.2000000e+02   3.7342805e+01
  -1.7143945e+01   1.0000000e+00   2.5536834e+01   1.9192836e+02   4.7437787e+01  -2.2000000e+02   4.1857527e+01
  -2.2544541e+01   1.0000000e+00   1.2867788e+01   1.8761791e+02   5.6112970e+01  -2.2000000e+02   4.5336200e+01
  -2.5407578e+01   1.0000000e+00   6.9806014e+00   1.8290498e+02   6.5456743e+01  -2.2000000e+02   4.7499058e+01
  -2.9756522e+01   1.0000000e+00  -2.6661311e+00   1.7662502e+02   7.4618569e+01  -2.2000000e+02   5.0711692e+01
  -3.2182347e+01   1.0000000e+00  -8.7739295e+00   1.7173562e+02   8.1534323e+01  -2.2000000e+02   5.3509072e+01
  -3.3444240e+01   1.0000000e+00  -9.7097634e+00   1.6762814e+02   8.5590237e+01  -2.2000000e+02   5.6209428e+01
  -3.6136432e+01   1.0000000e+00  -1.3217027e+01   1.6344687e+02   8.7873244e+01  -2.2000000e+02   5.7949261e+01
  -3.7729954e+01   1.0000000e+00  -1.6486559e+01   1.5872431e+02   8.9200456e+01  -2.2000000e+02   6.0611491e+01
  -3.5808174e+01   1.0000000e+00  -9.5001127e+00   1.6365612e+02   8.8592027e+01  -2.2000000e+02   6.3954110e+01
  -3.3699458e+01   1.0000000e+00  -1.0164876e+01   1.6522931e+02   8.8482928e+01  -2.2000000e+02   6.5957373e+01
  -3.2364478e+01   1.0000000e+00  -1.0481269e+01   1.6637669e+02   8.5193753e+01  -2.2000000e+02   6.7571881e+01
  -3.2123943e+01   1.0000000e+00  -1.6979661e+01   1.6537010e+02   8.6070437e+01  -2.2000000e+02   6.7678159e+01
  -2.8511572e+01   1.0000000e+00  -1.2497888e+01   1.6637190e+02   8.6253791e+01  -2.2000000e+02   6.6847781e+01
  -2.2607886e+01   1.0000000e+00  -1.5160118e+01   1.6537663e+02   9.2820467e+01  -2.2000000e+02   6.0186671e+01
  -2.0553342e+01   1.0000000e+00  -1.3676744e+01   1.6708974e+02   9.6732399e+01  -2.2000000e+02   5.2806801e+01
  -1.5399438e+01   1.0000000e+00  -1.2647467e+01   1.6677902e+02   1.0229464e+02  -2.2000000e+02   4.1816601e+01
  -9.5232811e+00   1.0000000e+00  -5.4945914e+00   1.6916423e+02   9.9473121e+01  -2.2000000e+02   3.5227972e+01
  -2.7283052e+00   1.0000000e+00   4.5618628e+00   1.7561916e+02   8.9946600e+01  -2.2000000e+02   2.7995297e+01
   2.6368356e+00   1.0000000e+00   1.4571613e+01   1.8490067e+02   8.0437666e+01  -2.2000000e+02   1.9498381e+01
   7.4977470e+00   1.0000000e+00   2.2794459e+01   1.9377550e+02   7.1827761e+01  -2.2000000e+02   1.1732264e+01
   1.2897014e+01   1.0000000e+00   2.7480963e+01   2.0234214e+02   6.5004348e+01  -2.2000000e+02   2.4348661e+00
   1.7648937e+01   1.0000000e+00   3.0247641e+01   2.1096178e+02   6.0643800e+01  -2.2000000e+02  -6.7343735e+00
   1.9112013e+01   1.0000000e+00   3.2306285e+01   2.1977449e+02   5.6802737e+01  -2.2000000e+02  -1.4921847e+01
   1.7045521e+01   1.0000000e+00   3.4095625e+01   2.2871816e+02   5.2392961e+01  -2.2000000e+02  -2.2554015e+01
   1.3595132e+01   1.0000000e+00   3.7787691e+01   2.3755026e+02   4.7800062e+01  -2.2000000e+02  -2.8541007e+01
   1.1630561e+01   1.0000000e+00   4.1571832e+01   2.4122128e+02   4.4939315e+01  -2.2000000e+02  -2.9921029e+01
   9.6679001e+00   1.0000000e+00   4.3906812e+01   2.3711259e+02   4.2615646e+01  -2.2000000e+02  -2.5848167e+01
   7.4299098e+00   1.0000000e+00   4.6143063e+01   2.3157798e+02   3.9097694e+01  -2.2000000e+02  -1.8989541e+01
   5.8100276e+00   1.0000000e+00   4.8063046e+01   2.2625075e+02   3.4647301e+01  -2.2000000e+02  -1.2976217e+01
   4.2399386e+00   1.0000000e+00   5.1108941e+01   2.2028631e+02   3.0617981e+01  -2.2000000e+02  -6.3059391e+00
   3.6785557e+00   1.0000000e+00   5.4355268e+01   2.1446201e+02   2.6091630e+01  -2.2000000e+02   1.2889869e+00
   4.4454308e+00   1.0000000e+00   5.6121273e+01   2.0886337e+02   2.0773928e+01  -2.2000000e+02   8.6721360e+00
   4.6360621e+00   1.0000000e+00   5.8237476e+01   2.0451825e+02   1.7317531e+01  -2.2000000e+02   1.3791988e+01
   3.8294587e+00   1.0000000e+00   5.9819895e+01   2.0152075e+02   1.5157744e+01  -2.2000000e+02   1.8818545e+01
   2.5311796e+00   1.0000000e+00   6.1111481e+01   1.9912441e+02   1.3820673e+01  -2.2000000e+02   2.2969875e+01
   3.0280704e-01   1.0000000e+00   6.1079082e+01   1.9792698e+02   1.5164496e+01  -2.2000000e+02   2.7218063e+01
  -1.9856991e+00   1.0000000e+00   5.8685134e+01   1.9560577e+02   1.8888655e+01  -2.2000000e+02   3.1374463e+01
