   1.6981394e+01  -1.8725483e+01  -1.6776337e+02  -1.6129307e+01   9.8481290e+01  -5.3916257e+01   1.1916326e+02
   1.4489517e+01  -1.9129628e+01  -1.8170758e+02  -1.0757369e+01   1.0102438e+02  -5.8938217e+01   1.2297919e+02
   1.1997640e+01  -1.9533774e+01  -1.9565178e+02  -5.3854312e+00   1.0356747e+02  -6.3960177e+01   1.2679512e+02
   9.5057635e+00  -1.9937919e+01  -2.0959599e+02  -1.3493469e-02   1.0611056e+02  -6.8982137e+01   1.3061105e+02
   7.2863411e+00  -1.7844084e+01  -2.1000000e+02   2.6532882e+00   1.1710091e+02  -6.6470225e+01   1.4256334e+02
   1.2203900e+00  -1.6989079e+01  -2.1000000e+02   5.5737878e+00   1.2614341e+02  -6.3729595e+01   1.5505730e+02
  -2.3491853e+00  -1.6226111e+01  -2.1000000e+02   1.4299906e+01   1.2234762e+02  -5.5560632e+01   1.6586945e+02
  -7.0890690e+00  -1.3799161e+01  -2.1000000e+02   2.2577091e+01   1.2399540e+02  -4.7938007e+01   1.7558495e+02
  -1.0050712e+01  -9.4960287e+00  -2.1000000e+02   2.9664948e+01   1.2664951e+02  -4.0861655e+01   1.8502263e+02
  -1.3299452e+01  -5.7663040e+00  -2.1000000e+02   3.6463791e+01   1.3002925e+02  -3.4624285e+01   1.9310989e+02
  -1.5233492e+01  -2.3353056e+00  -2.1000000e+02   4.1894676e+01   1.3315885e+02  -2.9888774e+01   2.0125769e+02
  -1.6344620e+01  -6.6564336e-01  -2.1000000e+02   4.5760157e+01   1.3800400e+02  -2.6843186e+01   2.0983145e+02
  -1.8017936e+01   9.5970776e-01  -2.1000000e+02   4.7669266e+01   1.3809982e+02  -2.5435123e+01   2.1381321e+02
  -1.8121306e+01   1.2373079e+00  -2.1000000e+02   4.8960277e+01   1.3621851e+02  -2.5527087e+01   2.1859131e+02
  -1.7293118e+01   2.1705492e+00  -2.1000000e+02   4.9630246e+01   1.3250685e+02  -2.5312726e+01   2.1817397e+02
  -1.5279393e+01  -1.9491907e-01  -2.1000000e+02   4.8703037e+01   1.2896647e+02  -2.6295844e+01   2.1583409e+02
  -1.2442816e+01  -2.7899073e+00  -2.1000000e+02   4.6760439e+01   1.2745190e+02  -2.7303882e+01   2.1197419e+02
  -1.1086193e+01  -4.7685807e+00  -2.1000000e+02   4.4845081e+01   1.2712220e+02  -2.8231242e+01   2.1100567e+02
  -1.0932372e+01  -5.3967144e+00  -2.1000000e+02   4.3305902e+01   1.2894462e+02  -2.8082185e+01   2.0610262e+02
  -1.0742609e+01  -4.9114932e+00  -2.1000000e+02   4.1800008e+01   1.3076961e+02  -2.7660273e+01   2.0046944e+02
  -1.0428204e+01  -6.2159197e+00  -2.1000000e+02   3.9630063e+01   1.3228815e+02  -2.8165669e+01   1.9605068e+02
  -9.7311253e+00  -6.2522974e+00  -2.1000000e+02   3.8564656e+01   1.3220225e+02  -2.8050646e+01   1.9247116e+02
  -8.4050922e+00  -7.6417675e+00  -2.1000000e+02   3.6564076e+01   1.3211238e+02  -2.8943916e+01   1.8907577e+02
  -7.7664352e+00  -8.4536507e+00  -2.1000000e+02   3.4707042e+01   1.3189871e+02  -2.9395721e+01   1.8770058e+02
  -6.8715198e+00  -9.4397516e+00  -2.1000000e+02   3.3207478e+01   1.3151398e+02  -2.9543972e+01   1.8580184e+02
  -6.0790329e+00  -9.2966562e+00  -2.1000000e+02   3.2433198e+01   1.3112546e+02  -2.8952227e+01   1.8400368e+02
  -4.0327030e+00  -1.1145680e+01  -2.1000000e+02   3.0457178e+01   1.3016306e+02  -2.9626095e+01   1.8197049e+02
  -1.7800590e+00  -1.2876551e+01  -2.1000000e+02   2.7982592e+01   1.2975501e+02  -3.0739839e+01   1.7877616e+02
  -3.0693380e-02  -1.3930174e+01  -2.1000000e+02   2.5829534e+01   1.2983379e+02  -3.1620169e+01   1.7616671e+02
   2.2991944e+00  -1.6026446e+01  -2.1000000e+02   2.2871110e+01   1.3051184e+02  -3.3965874e+01   1.7222999e+02
   4.4656982e+00  -1.7699192e+01  -2.1000000e+02   2.1465802e+01   1.3216068e+02  -3.7122863e+01   1.6997892e+02
   7.9050766e+00  -2.0541438e+01  -2.1000000e+02   1.8581025e+01   1.3357478e+02  -4.0832085e+01   1.6616448e+02
   1.0101506e+01  -2.1086473e+01  -2.1000000e+02   1.7780144e+01   1.3457700e+02  -4.3476210e+01   1.6219857e+02
   1.2203286e+01  -2.3275913e+01  -2.1000000e+02   1.6367287e+01   1.3610352e+02  -4.7391247e+01   1.5756966e+02
   1.4637493e+01  -2.5136331e+01  -2.1000000e+02   1.5399605e+01   1.3717105e+02  -5.1290434e+01   1.5359821e+02
   1.5653092e+01  -2.5536808e+01  -2.1000000e+02   1.6481192e+01   1.3768944e+02  -5.5539960e+01   1.4995704e+02
   1.7439782e+01  -2.6668226e+01  -2.1000000e+02   1.7870306e+01   1.3769363e+02  -5.9357082e+01   1.4841861e+02
   1.7376097e+01  -2.8245062e+01  -2.1000000e+02   2.0551519e+01   1.3926547e+02  -6.4428356e+01   1.4657733e+02
   1.8692626e+01  -2.8985917e+01  -2.1000000e+02   2.3081885e+01   1.4037500e+02  -6.9301781e+01   1.4519348e+02
   1.9114017e+01  -2.8054971e+01  -2.1000000e+02   2.6154373e+01   1.4055277e+02  -7.3081150e+01   1.4318233e+02
   2.1298020e+01  -2.8555473e+01  -2.1000000e+02   2.5795657e+01   1.3945348e+02  -7.4918750e+01   1.4177595e+02
   2.1647456e+01  -2.9556135e+01  -2.1000000e+02   2.5082945e+01   1.3959950e+02  -7.6792550e+01   1.3944013e+02
   2.4340281e+01  -3.3345068e+01  -2.1000000e+02   2.9083008e+01   1.4072270e+02  -8.3448383e+01   1.3796505e+02
   2.6177282e+01  -3.3640425e+01  -2.1000000e+02   3.3590508e+01   1.4199698e+02  -8.9218069e+01   1.3770145e+02
   2.8264292e+01  -3.5728741e+01  -2.1000000e+02   3.2179605e+01   1.4196855e+02  -9.0584209e+01   1.3548872e+02
   2.8154462e+01  -3.6837898e+01  -2.1000000e+02   3.5569434e+01   1.4395633e+02  -9.5310214e+01   1.3636323e+02
   2.9939980e+01  -3.8942750e+01  -2.1000000e+02   3.1834427e+01   1.4640529e+02  -9.4765854e+01   1.3484728e+02
   3.1970169e+01  -4.1231744e+01  -2.1000000e+02   2.7071326e+01   1.4929243e+02  -9.2499597e+01   1.3405144e+02
   3.2944069e+01  -4.2172144e+01  -2.1000000e+02   2.3957974e+01   1.5136107e+02  -9.1717293e+01   1.3246877e+02
   3.3624266e+01  -4.1221656e+01  -2.1000000e+02   2.5593643e+01   1.5066283e+02  -9.4172462e+01   1.2988586e+02
   3.5003952e+01  -4.2735053e+01  -2.1000000e+02   2.4810056e+01   1.5117809e+02  -9.4030139e+01   1.2982609e+02
   3.5778471e+01  -4.3507288e+01  -2.1000000e+02   2.7577473e+01   1.5271016e+02  -9.7915432e+01   1.2869265e+02
   3.5966633e+01  -4.6792297e+01  -2.1000000e+02   2.8326965e+01   1.5358555e+02  -1.0108120e+02   1.2676025e+02
   3.6605114e+01  -4.7237294e+01  -2.1000000e+02   2.9734265e+01   1.5619741e+02  -1.0327118e+02   1.2569680e+02
   3.7831582e+01  -4.9673310e+01  -2.1000000e+02   3.1038166e+01   1.5785994e+02  -1.0599343e+02   1.2589210e+02
   4.0658227e+01  -4.9397011e+01  -2.1000000e+02   2.5667944e+01   1.5495677e+02  -1.0301676e+02   1.2755959e+02
   4.0584513e+01  -5.0748753e+01  -2.1000000e+02   1.8680433e+01   1.5526468e+02  -9.9115183e+01   1.2767938e+02
   4.0737924e+01  -4.9371045e+01  -2.1000000e+02   1.4259151e+01   1.5338578e+02  -9.3154110e+01   1.2779965e+02
   4.0882929e+01  -4.9840030e+01  -2.1000000e+02   1.2613441e+01   1.5344311e+02  -8.6910956e+01   1.1781893e+02
   4.1588815e+01  -5.7166895e+01  -2.1000000e+02   9.3627681e+00   1.5515986e+02  -8.8252367e+01   1.0964950e+02
   4.3324051e+01  -5.0997345e+01  -2.1000000e+02   1.5679420e+01   1.5550107e+02  -8.5547462e+01   1.1206139e+02
   4.4724168e+01  -5.2959982e+01  -2.1000000e+02   1.5135462e+01   1.5946021e+02  -9.3284604e+01   1.2256221e+02
   4.4939938e+01  -5.1375592e+01  -2.1000000e+02   1.9297626e+01   1.6305219e+02  -9.7809081e+01   1.2621969e+02
   4.4842297e+01  -5.4255107e+01  -2.1000000e+02   2.2070088e+01   1.6525046e+02  -1.0325377e+02   1.2477902e+02
   4.5821969e+01  -5.3477939e+01  -2.1000000e+02   2.5355260e+01   1.6590573e+02  -1.0778120e+02   1.2274815e+02
   4.7102229e+01  -5.1082142e+01  -2.1000000e+02   2.0821202e+01   1.6263985e+02  -1.0711060e+02   1.2070533e+02
   4.9077799e+01  -5.2998969e+01  -2.1000000e+02   1.6106477e+01   1.6456258e+02  -1.0556186e+02   1.2005505e+02
   4.9940836e+01  -5.5860739e+01  -2.1000000e+02   1.1274270e+01   1.6451496e+02  -1.0462561e+02   1.1805488e+02
   4.3282723e+01  -5.2147722e+01  -2.1000000e+02   9.7757282e+00   1.6963314e+02  -1.0077178e+02   1.1699618e+02
   3.6482387e+01  -4.8862663e+01  -2.1000000e+02   9.7808590e+00   1.7335077e+02  -9.7802653e+01   1.1587836e+02
   3.2728995e+01  -4.8545964e+01  -2.1000000e+02   5.1357259e+00   1.7186448e+02  -9.7247265e+01   1.1528768e+02
   3.0082415e+01  -4.5577530e+01  -2.1000000e+02   1.5949388e+00   1.6666025e+02  -9.5779437e+01   1.1440019e+02
   2.8226285e+01  -4.1227134e+01  -2.1000000e+02   1.5619812e+00   1.6061656e+02  -9.2209908e+01   1.1847454e+02
   2.8202710e+01  -4.0487255e+01  -2.1000000e+02  -2.2844556e-01   1.5543394e+02  -8.8282528e+01   1.2389602e+02
   2.7014141e+01  -3.6189675e+01  -2.1000000e+02  -1.8254102e+00   1.5271888e+02  -8.4585816e+01   1.3213592e+02
   2.3539651e+01  -3.5026109e+01  -2.1000000e+02  -6.4124044e+00   1.4936294e+02  -8.3632297e+01   1.3915257e+02
   1.9925567e+01  -3.1504851e+01  -2.1000000e+02  -8.3791676e+00   1.4949471e+02  -8.0623835e+01   1.4772394e+02
   1.6905373e+01  -2.5769308e+01  -2.1000000e+02  -5.9336859e+00   1.4740510e+02  -7.6134293e+01   1.5492548e+02
   1.4195527e+01  -2.0476094e+01  -2.1000000e+02   7.4314368e-01   1.4434229e+02  -7.0502104e+01   1.6502684e+02
   1.0939491e+01  -1.9182083e+01  -2.1000000e+02   1.0406902e+01   1.3526219e+02  -6.4196104e+01   1.7578789e+02
   4.3848842e+00  -1.8200990e+01  -2.1000000e+02   1.9190445e+01   1.3192994e+02  -5.6870817e+01   1.8596783e+02
   1.7518829e-01  -1.4873490e+01  -2.1000000e+02   2.5445759e+01   1.2837781e+02  -4.9410793e+01   1.9032916e+02
  -5.7324514e+00  -1.0030527e+01  -2.1000000e+02   3.1067973e+01   1.2752334e+02  -4.2077706e+01   1.9368236e+02
  -9.7396459e+00  -6.2636121e+00  -2.1000000e+02   3.6869432e+01   1.2560167e+02  -3.5487655e+01   1.9849260e+02
  -1.4348524e+01  -2.4417328e+00  -2.1000000e+02   4.0779917e+01   1.2486703e+02  -3.0796246e+01   2.0407719e+02
  -1.7673701e+01   1.6040929e+00  -2.1000000e+02   4.4632860e+01   1.2440419e+02  -2.6959259e+01   2.0916760e+02
  -1.8968261e+01   2.1864732e+00  -2.1000000e+02   4.7800031e+01   1.2332587e+02  -2.4681097e+01   2.1268070e+02
  -1.9120195e+01   2.9213190e+00  -2.1000000e+02   5.0459717e+01   1.2292570e+02  -2.2861062e+01   2.1735830e+02
  -1.7645597e+01   1.0124247e+00  -2.1000000e+02   5.1471821e+01   1.2327144e+02  -2.1843294e+01   2.1925726e+02
  -1.6878599e+01   9.0109374e-01  -2.1000000e+02   5.1724065e+01   1.2197172e+02  -2.0995147e+01   2.1895580e+02
  -1.4260381e+01  -1.4537784e+00  -2.1000000e+02   5.0045175e+01   1.2033792e+02  -2.2338662e+01   2.1642806e+02
  -1.2249724e+01  -2.0599239e+00  -2.1000000e+02   4.8998095e+01   1.1925719e+02  -2.2641772e+01   2.1351242e+02
  -9.8909786e+00  -4.3384955e+00  -2.1000000e+02   4.6950861e+01   1.1975838e+02  -2.3897836e+01   2.1001964e+02
  -7.6776212e+00  -6.3854612e+00  -2.1000000e+02   4.4479535e+01   1.2040708e+02  -2.5400399e+01   2.0707027e+02
  -5.7826793e+00  -8.6631697e+00  -2.1000000e+02   4.1989950e+01   1.2098248e+02  -2.6935055e+01   2.0404269e+02
  -3.9063308e+00  -1.0051214e+01  -2.1000000e+02   3.9528200e+01   1.2171109e+02  -2.8245902e+01   2.0086073e+02
  -3.3014312e+00  -9.9945796e+00  -2.1000000e+02   3.7790812e+01   1.2262077e+02  -2.8465855e+01   1.9795661e+02
  -2.0540174e+00  -1.0614884e+01  -2.1000000e+02   3.5754481e+01   1.2351265e+02  -2.8959984e+01   1.9495661e+02
  -9.8516462e-01  -1.1401084e+01  -2.1000000e+02   3.3588434e+01   1.2460155e+02  -2.9604082e+01   1.9297289e+02
  -1.3088806e-01  -1.3087609e+01  -2.1000000e+02   3.1284211e+01   1.2536539e+02  -3.0424184e+01   1.9093907e+02
   7.6359170e-01  -1.3477025e+01  -2.1000000e+02   2.9540708e+01   1.2635591e+02  -3.0526158e+01   1.8897875e+02
   2.5691348e+00  -1.4852274e+01  -2.1000000e+02   2.8183492e+01   1.2638103e+02  -3.2053898e+01   1.8608969e+02
   4.0045178e+00  -1.4930457e+01  -2.1000000e+02   2.7753837e+01   1.2659796e+02  -3.3211373e+01   1.8494502e+02
   5.2060013e+00  -1.6494273e+01  -2.1000000e+02   2.6757988e+01   1.2663483e+02  -3.4994742e+01   1.8275498e+02
   6.7605762e+00  -1.7885303e+01  -2.1000000e+02   2.5397475e+01   1.2754532e+02  -3.6778715e+01   1.8117437e+02
   7.2767314e+00  -1.8767614e+01  -2.1000000e+02   2.5131082e+01   1.2797150e+02  -3.7471959e+01   1.8038666e+02
   8.1111842e+00  -1.9281677e+01  -2.1000000e+02   2.3761134e+01   1.2857274e+02  -3.7616474e+01   1.8010584e+02
   9.7491442e+00  -2.0458123e+01  -2.1000000e+02   2.2000438e+01   1.2818583e+02  -3.7908691e+01   1.7817659e+02
   1.0588440e+01  -2.0723330e+01  -2.1000000e+02   2.1542286e+01   1.2835467e+02  -3.7341613e+01   1.7775539e+02
   1.1717590e+01  -2.1438586e+01  -2.1000000e+02   2.0504256e+01   1.2822085e+02  -3.7416858e+01   1.7716634e+02
   1.2604791e+01  -2.2617743e+01  -2.1000000e+02   1.8994965e+01   1.2971327e+02  -3.8289573e+01   1.7667491e+02
   1.3599302e+01  -2.2821670e+01  -2.1000000e+02   1.7627883e+01   1.3113791e+02  -3.9249226e+01   1.7419066e+02
   1.4110052e+01  -2.3406308e+01  -2.1000000e+02   1.6504420e+01   1.3290096e+02  -4.0096580e+01   1.7322508e+02
   1.5738023e+01  -2.4651278e+01  -2.1000000e+02   1.6422177e+01   1.3386542e+02  -4.2214236e+01   1.7245493e+02
   1.6914669e+01  -2.4740097e+01  -2.1000000e+02   1.6679694e+01   1.3446414e+02  -4.3737172e+01   1.7057950e+02
   1.6684316e+01  -2.6089224e+01  -2.1000000e+02   1.6992703e+01   1.3615843e+02  -4.5266997e+01   1.7032756e+02
   1.7498180e+01  -2.5991508e+01  -2.1000000e+02   1.5803060e+01   1.3654728e+02  -4.6059277e+01   1.6883509e+02
   1.7315595e+01  -2.6460199e+01  -2.1000000e+02   1.6607386e+01   1.3725212e+02  -4.7270263e+01   1.6781007e+02
   1.7420518e+01  -2.6696902e+01  -2.1000000e+02   1.7417133e+01   1.3692780e+02  -4.8290844e+01   1.6653909e+02
   1.7677927e+01  -2.6532333e+01  -2.1000000e+02   1.7942612e+01   1.3670730e+02  -4.9293542e+01   1.6627372e+02
   1.9146545e+01  -2.8472683e+01  -2.1000000e+02   1.6146343e+01   1.3882896e+02  -5.1451158e+01   1.6415049e+02
   1.9712835e+01  -2.8443937e+01  -2.1000000e+02   1.4368369e+01   1.3911774e+02  -5.1727715e+01   1.6171927e+02
   2.0585743e+01  -2.9261879e+01  -2.1000000e+02   1.3023149e+01   1.3945264e+02  -5.1874327e+01   1.5980646e+02
   2.0943813e+01  -2.9471490e+01  -2.1000000e+02   1.2324864e+01   1.3928224e+02  -5.1678294e+01   1.5858024e+02
   2.0224867e+01  -2.9882958e+01  -2.1000000e+02   1.2359455e+01   1.3986690e+02  -5.2849130e+01   1.5546644e+02
   2.0995552e+01  -2.9420216e+01  -2.1000000e+02   1.2187200e+01   1.3982163e+02  -5.4127237e+01   1.5287388e+02
   2.0430716e+01  -2.9592094e+01  -2.1000000e+02   1.5380640e+01   1.4118894e+02  -5.7513534e+01   1.5142308e+02
   2.1108714e+01  -3.0027792e+01  -2.1000000e+02   1.6479121e+01   1.4198800e+02  -6.0239352e+01   1.5049375e+02
   2.1648379e+01  -3.0676211e+01  -2.1000000e+02   1.8999119e+01   1.4260554e+02  -6.3756237e+01   1.4910582e+02
   2.1881863e+01  -3.0534244e+01  -2.1000000e+02   2.1687057e+01   1.4279730e+02  -6.7303602e+01   1.4792126e+02
   2.2458298e+01  -3.1169980e+01  -2.1000000e+02   2.4030053e+01   1.4253265e+02  -7.1130773e+01   1.4701829e+02
   2.4248001e+01  -3.0621297e+01  -2.1000000e+02   2.3835307e+01   1.4208460e+02  -7.2969343e+01   1.4590569e+02
   2.5223998e+01  -3.0442660e+01  -2.1000000e+02   2.3817924e+01   1.4203838e+02  -7.4604778e+01   1.4331630e+02
   2.5981926e+01  -3.0915954e+01  -2.1000000e+02   2.2181494e+01   1.4294194e+02  -7.3371294e+01   1.4331231e+02
   2.7770186e+01  -3.3507880e+01  -2.1000000e+02   1.8432262e+01   1.4376608e+02  -7.2757293e+01   1.4166787e+02
   2.9670025e+01  -3.6341468e+01  -2.1000000e+02   1.2980280e+01   1.4695473e+02  -7.1640668e+01   1.4040553e+02
   3.0343609e+01  -3.7285894e+01  -2.1000000e+02   1.1712198e+01   1.4889633e+02  -7.2117334e+01   1.3953972e+02
   3.1317297e+01  -3.7490763e+01  -2.1000000e+02   7.9741753e+00   1.4829964e+02  -6.8572278e+01   1.3946815e+02
   3.2425207e+01  -3.8227863e+01  -2.1000000e+02   2.7553487e+00   1.5017777e+02  -6.5679433e+01   1.3811374e+02
   3.2453906e+01  -3.9561437e+01  -2.1000000e+02  -1.3580177e+00   1.5187244e+02  -6.2826059e+01   1.3739603e+02
   3.3516900e+01  -4.2193740e+01  -2.1000000e+02   2.8895538e-01   1.5368061e+02  -6.6096797e+01   1.3640674e+02
   3.4003134e+01  -4.2524332e+01  -2.1000000e+02   6.9206089e-01   1.5547374e+02  -6.7824820e+01   1.3594744e+02
   3.4970010e+01  -4.1569204e+01  -2.1000000e+02  -7.5871956e-01   1.5452815e+02  -6.6922266e+01   1.3603144e+02
   3.5402290e+01  -4.1043942e+01  -2.1000000e+02  -3.1454119e+00   1.5488135e+02  -6.4116171e+01   1.3537224e+02
   3.4994605e+01  -4.2668328e+01  -2.1000000e+02  -5.6193742e+00   1.5723797e+02  -6.2774468e+01   1.3409499e+02
   3.5680517e+01  -4.2904450e+01  -2.1000000e+02  -5.6470502e+00   1.5913035e+02  -6.2738815e+01   1.3365371e+02
   3.6892846e+01  -4.2187734e+01  -2.1000000e+02  -4.5076374e+00   1.5894353e+02  -6.4007951e+01   1.3269865e+02
   3.7444464e+01  -4.0761859e+01  -2.1000000e+02  -4.1306323e+00   1.5679679e+02  -6.4513538e+01   1.3129178e+02
   3.8276093e+01  -4.2168780e+01  -2.1000000e+02   1.7289246e+00   1.5623741e+02  -7.0028473e+01   1.3056259e+02
   3.9538854e+01  -4.2313596e+01  -2.1000000e+02   4.9107467e+00   1.5860522e+02  -7.4395451e+01   1.3018468e+02
   3.9632793e+01  -4.3007336e+01  -2.1000000e+02   5.6618663e+00   1.5973630e+02  -7.6317216e+01   1.2993027e+02
   4.0761797e+01  -4.2841262e+01  -2.1000000e+02   8.1627987e+00   1.6165903e+02  -7.9024681e+01   1.2919156e+02
   4.1394569e+01  -4.3823244e+01  -2.1000000e+02   9.1823882e+00   1.6372420e+02  -8.0959679e+01   1.2936916e+02
   4.3263664e+01  -4.5190421e+01  -2.1000000e+02   9.4247594e+00   1.6655322e+02  -8.2840977e+01   1.2710750e+02
   4.4679304e+01  -4.6174421e+01  -2.1000000e+02   7.5821965e+00   1.6833661e+02  -8.3056625e+01   1.2596687e+02
   4.4368604e+01  -4.5874288e+01  -2.1000000e+02   8.9056424e+00   1.6889380e+02  -8.3921004e+01   1.2510208e+02
   4.5835300e+01  -4.7239154e+01  -2.1000000e+02   5.4084214e+00   1.6995802e+02  -8.2677920e+01   1.2464641e+02
   4.6036734e+01  -4.7469342e+01  -2.1000000e+02   4.0454613e+00   1.7364305e+02  -8.1570610e+01   1.2418568e+02
   4.6988456e+01  -4.8302850e+01  -2.1000000e+02   1.6218551e+00   1.7324245e+02  -8.1279506e+01   1.2323312e+02
   4.7043335e+01  -4.8973619e+01  -2.1000000e+02  -1.6048413e-01   1.7506619e+02  -8.0158037e+01   1.2328305e+02
   4.7274641e+01  -4.9791268e+01  -2.1000000e+02  -8.3217107e-01   1.7747894e+02  -7.9725666e+01   1.2178703e+02
   4.5435820e+01  -4.9661589e+01  -2.1000000e+02   3.4914618e+00   1.7936101e+02  -8.2622790e+01   1.1949574e+02
   4.3939975e+01  -4.9282146e+01  -2.1000000e+02   5.9440187e+00   1.8148162e+02  -8.5852493e+01   1.1827486e+02
   4.0147916e+01  -4.6413437e+01  -2.1000000e+02   7.1431277e+00   1.8125462e+02  -8.7461546e+01   1.1629200e+02
   3.6423144e+01  -4.6143136e+01  -2.1000000e+02   5.8200087e+00   1.7917319e+02  -8.8895632e+01   1.1704373e+02
   3.5278488e+01  -4.3207355e+01  -2.1000000e+02   1.5845164e+00   1.7525610e+02  -8.8317878e+01   1.2048620e+02
   3.5606337e+01  -4.1693880e+01  -2.1000000e+02  -2.5126593e+00   1.7122589e+02  -8.6998919e+01   1.3000128e+02
   3.1127248e+01  -3.5829386e+01  -2.1000000e+02  -3.5628406e+00   1.6036476e+02  -8.3371113e+01   1.3821631e+02
   2.2848735e+01  -2.8928814e+01  -2.1000000e+02   1.5456012e+00   1.4835833e+02  -7.8782376e+01   1.4304015e+02
   1.6298809e+01  -2.6296966e+01  -2.1000000e+02   8.6581972e+00   1.3635379e+02  -7.1978674e+01   1.5037418e+02
   7.8640560e+00  -2.4615653e+01  -2.1000000e+02   1.6337258e+01   1.2599962e+02  -6.4908860e+01   1.5636232e+02
   2.2107256e+00  -2.4161560e+01  -2.1000000e+02   2.2192411e+01   1.2139432e+02  -5.9949808e+01   1.6204900e+02
  -3.6382471e+00  -1.9486471e+01  -2.1000000e+02   2.8591665e+01   1.1915101e+02  -5.3638576e+01   1.6862352e+02
  -8.4243845e+00  -1.5942650e+01  -2.1000000e+02   3.4818989e+01   1.1688052e+02  -4.7722596e+01   1.7306102e+02
  -1.3704039e+01  -1.3010864e+01  -2.1000000e+02   4.0179302e+01   1.1548519e+02  -4.2698247e+01   1.7939758e+02
  -1.7074192e+01  -8.6032799e+00  -2.1000000e+02   4.5062962e+01   1.1578283e+02  -3.8131386e+01   1.8469169e+02
  -2.0234394e+01  -4.3898570e+00  -2.1000000e+02   4.7659295e+01   1.1476595e+02  -3.5860049e+01   1.8995936e+02
  -2.2460338e+01  -2.3837715e+00  -2.1000000e+02   5.1283864e+01   1.1425566e+02  -3.2952674e+01   1.9532258e+02
  -2.2897854e+01  -1.0912600e+00  -2.1000000e+02   5.3813370e+01   1.1425225e+02  -3.1408878e+01   2.0123822e+02
  -2.2276532e+01  -6.1714304e-01  -2.1000000e+02   5.6832712e+01   1.1525120e+02  -2.9615408e+01   2.0909340e+02
  -1.7717718e+01  -2.7514218e+00  -2.1000000e+02   5.9102044e+01   1.1612012e+02  -2.9206885e+01   2.1556856e+02
  -1.6544126e+01  -3.0481767e+00  -2.1000000e+02   5.9846113e+01   1.1532883e+02  -2.9692098e+01   2.1697854e+02
  -1.4427176e+01  -4.6594329e+00  -2.1000000e+02   5.9085831e+01   1.1522572e+02  -3.0835849e+01   2.1375014e+02
  -1.1236619e+01  -7.1428126e+00  -2.1000000e+02   5.7328488e+01   1.1580061e+02  -3.2267556e+01   2.0791976e+02
  -7.0673995e+00  -1.0112793e+01  -2.1000000e+02   5.4510637e+01   1.1594581e+02  -3.4666160e+01   2.0136491e+02
  -4.7150764e+00  -1.2181735e+01  -2.1000000e+02   5.1357335e+01   1.1689266e+02  -3.6706000e+01   1.9701484e+02
  -4.4146087e+00  -1.1237859e+01  -2.1000000e+02   4.9622207e+01   1.1873643e+02  -3.6835495e+01   1.9343655e+02
  -4.1297100e+00  -1.1201304e+01  -2.1000000e+02   4.7736470e+01   1.2046021e+02  -3.7103665e+01   1.8987914e+02
  -2.8824704e+00  -1.1944423e+01  -2.1000000e+02   4.5005875e+01   1.2187887e+02  -3.8178194e+01   1.8694309e+02
  -1.6403183e+00  -1.2648812e+01  -2.1000000e+02   4.2589360e+01   1.2232560e+02  -3.8223086e+01   1.8538436e+02
  -2.4608108e-01  -1.3746862e+01  -2.1000000e+02   3.9640178e+01   1.2389585e+02  -3.8885726e+01   1.8297969e+02
   1.5802773e+00  -1.4361775e+01  -2.1000000e+02   3.7288053e+01   1.2418387e+02  -3.9456275e+01   1.8153074e+02
   3.1151754e+00  -1.6218712e+01  -2.1000000e+02   3.4617882e+01   1.2543325e+02  -4.0663536e+01   1.7999104e+02
   4.4335955e+00  -1.6799969e+01  -2.1000000e+02   3.2979473e+01   1.2631127e+02  -4.1214089e+01   1.7977961e+02
   6.0265657e+00  -1.6710027e+01  -2.1000000e+02   3.1509885e+01   1.2705720e+02  -4.2179188e+01   1.7805893e+02
   7.7036480e+00  -1.7269105e+01  -2.1000000e+02   2.9598690e+01   1.2793687e+02  -4.3327964e+01   1.7661625e+02
   9.5795415e+00  -1.7419390e+01  -2.1000000e+02   2.7300572e+01   1.2877428e+02  -4.2969547e+01   1.7656550e+02
   1.1185780e+01  -1.8582319e+01  -2.1000000e+02   2.4902753e+01   1.2979178e+02  -4.2706137e+01   1.7537356e+02
   1.2479121e+01  -1.8736555e+01  -2.1000000e+02   2.3375629e+01   1.3123713e+02  -4.2025648e+01   1.7575285e+02
   1.4672495e+01  -2.0354354e+01  -2.1000000e+02   2.0548078e+01   1.3301153e+02  -4.2971090e+01   1.7510695e+02
   1.6215162e+01  -2.1272770e+01  -2.1000000e+02   1.9369655e+01   1.3445325e+02  -4.3804462e+01   1.7436523e+02
   1.7024404e+01  -2.2628550e+01  -2.1000000e+02   1.7296299e+01   1.3723303e+02  -4.5351837e+01   1.7309460e+02
   1.8067415e+01  -2.3600712e+01  -2.1000000e+02   1.5545564e+01   1.3905371e+02  -4.6165724e+01   1.7167514e+02
   1.8654531e+01  -2.4881056e+01  -2.1000000e+02   1.3807013e+01   1.4098825e+02  -4.6899029e+01   1.6993740e+02
   1.9686102e+01  -2.5113414e+01  -2.1000000e+02   1.4423280e+01   1.4405268e+02  -5.0477170e+01   1.6599287e+02
   2.2122451e+01  -2.6570537e+01  -2.1000000e+02   1.1373654e+01   1.4627109e+02  -5.1378077e+01   1.6496160e+02
   2.4540156e+01  -2.8777370e+01  -2.1000000e+02   7.7858035e+00   1.4869179e+02  -5.1231651e+01   1.6370297e+02
   2.4116803e+01  -2.6152298e+01  -2.1000000e+02   1.1244005e+01   1.4865635e+02  -5.4105652e+01   1.6115263e+02
   2.5395748e+01  -2.6202911e+01  -2.1000000e+02   1.6095009e+01   1.4840501e+02  -6.0997745e+01   1.5849823e+02
   2.4992993e+01  -2.5904915e+01  -2.1000000e+02   2.1174176e+01   1.4952909e+02  -6.6535580e+01   1.5672791e+02
   2.6659398e+01  -2.5309243e+01  -2.1000000e+02   2.1094497e+01   1.4925177e+02  -6.6813323e+01   1.5719777e+02
   2.8326778e+01  -2.7090792e+01  -2.1000000e+02   2.0859344e+01   1.5085970e+02  -6.8730687e+01   1.5508485e+02
   2.9245394e+01  -2.9585018e+01  -2.1000000e+02   1.6626406e+01   1.5350446e+02  -6.5993576e+01   1.5498293e+02
   3.1669840e+01  -2.9145425e+01  -2.1000000e+02   1.2852367e+01   1.5353894e+02  -6.2968799e+01   1.5339842e+02
   3.3120290e+01  -2.9125881e+01  -2.1000000e+02   8.6136739e+00   1.5340392e+02  -6.0283617e+01   1.5134692e+02
   3.5483724e+01  -3.1512072e+01  -2.1000000e+02   5.0909473e+00   1.5531159e+02  -5.9510893e+01   1.4878964e+02
   3.6881049e+01  -3.4618475e+01  -2.1000000e+02   2.3863554e+00   1.5864894e+02  -5.8524043e+01   1.4980081e+02
   3.8600585e+01  -3.7017360e+01  -2.1000000e+02   1.1327846e+00   1.6230941e+02  -5.8967610e+01   1.5059158e+02
   3.8692425e+01  -3.7290575e+01  -2.1000000e+02  -4.6544670e-01   1.6402061e+02  -5.7900355e+01   1.4976238e+02
   3.8244667e+01  -3.7812118e+01  -2.1000000e+02  -8.1356746e-01   1.6563728e+02  -5.8073899e+01   1.4770151e+02
   3.9741041e+01  -3.7879856e+01  -2.1000000e+02  -2.4848831e+00   1.6673991e+02  -5.6092557e+01   1.4791535e+02
   3.7586320e+01  -3.8671546e+01  -2.1000000e+02   6.6392776e-01   1.6926691e+02  -5.8221118e+01   1.4670432e+02
   3.9052607e+01  -3.7712144e+01  -2.1000000e+02   1.3242471e+00   1.6853505e+02  -5.8654551e+01   1.4525418e+02
   3.9002564e+01  -3.9758573e+01  -2.1000000e+02   1.3789991e+00   1.7213075e+02  -6.0152917e+01   1.4353835e+02
   3.9519664e+01  -4.0505942e+01  -2.1000000e+02  -8.2189993e-01   1.7387815e+02  -5.9043371e+01   1.4267284e+02
   4.0727971e+01  -4.0958177e+01  -2.1000000e+02  -4.5378168e+00   1.7439858e+02  -5.7464209e+01   1.4107783e+02
   4.1176641e+01  -4.3194435e+01  -2.1000000e+02  -4.6886669e+00   1.7734223e+02  -5.8108561e+01   1.3941038e+02
   4.2962550e+01  -4.5599124e+01  -2.1000000e+02  -5.4897385e+00   1.8039152e+02  -5.9061182e+01   1.3875802e+02
   4.3905850e+01  -4.7040537e+01  -2.1000000e+02  -6.9774308e+00   1.8355241e+02  -5.8500718e+01   1.3784859e+02
   4.5432327e+01  -4.7723118e+01  -2.1000000e+02  -7.5786819e+00   1.8666013e+02  -5.7351291e+01   1.3737033e+02
   4.8031526e+01  -4.9859397e+01  -2.1000000e+02  -9.0852967e+00   1.8783266e+02  -5.7015943e+01   1.3580010e+02
   4.8862441e+01  -5.0763842e+01  -2.1000000e+02  -1.0074596e+01   1.8896625e+02  -5.6319337e+01   1.3421685e+02
   4.9693172e+01  -5.2105248e+01  -2.1000000e+02  -1.1352902e+01   1.9147568e+02  -5.5702991e+01   1.3291759e+02
   4.9908207e+01  -5.1414715e+01  -2.1000000e+02  -1.0558915e+01   1.9256139e+02  -5.6433800e+01   1.3167669e+02
   5.1305021e+01  -5.3074304e+01  -2.1000000e+02  -1.0821145e+01   1.9484334e+02  -5.7367574e+01   1.3066482e+02
   5.1529566e+01  -5.2088910e+01  -2.1000000e+02  -1.0328564e+01   1.9525576e+02  -5.7777067e+01   1.3026626e+02
   5.3131763e+01  -5.3294828e+01  -2.1000000e+02  -7.9975489e+00   1.9578655e+02  -6.0649811e+01   1.2942676e+02
   4.9043617e+01  -4.7218398e+01  -2.1000000e+02  -5.9099711e+00   1.9216668e+02  -6.2809101e+01   1.2766260e+02
   4.7056775e+01  -4.4135212e+01  -2.1000000e+02  -5.1392876e+00   1.8845589e+02  -6.6600892e+01   1.2782262e+02
   4.2793621e+01  -4.1328691e+01  -2.1000000e+02  -5.7509655e+00   1.8290681e+02  -7.1042728e+01   1.3222333e+02
   3.9600052e+01  -3.7621752e+01  -2.1000000e+02  -3.7642204e+00   1.8071428e+02  -7.3665361e+01   1.3893122e+02
   3.6594016e+01  -3.4987388e+01  -2.1000000e+02  -2.0749313e+00   1.7152466e+02  -7.6055406e+01   1.4568023e+02
   3.1982754e+01  -3.0841585e+01  -2.1000000e+02   4.0161501e-02   1.6155966e+02  -7.4850482e+01   1.5317483e+02
   2.5531929e+01  -2.5879742e+01  -2.1000000e+02   5.5477038e+00   1.5247160e+02  -7.2841012e+01   1.6345955e+02
   1.9772308e+01  -2.3762385e+01  -2.1000000e+02   1.3010642e+01   1.4088189e+02  -7.0219337e+01   1.7001774e+02
   1.0975639e+01  -2.2728406e+01  -2.1000000e+02   1.8327447e+01   1.3050629e+02  -6.3640334e+01   1.7474913e+02
   3.8290897e+00  -2.3865000e+01  -2.1000000e+02   2.4837457e+01   1.2335869e+02  -5.7533245e+01   1.7740571e+02
  -8.0205578e-02  -2.0169941e+01  -2.1000000e+02   3.0582393e+01   1.1861862e+02  -5.1519835e+01   1.8167418e+02
  -5.1276471e+00  -1.5563906e+01  -2.1000000e+02   3.6358060e+01   1.1532762e+02  -4.5364414e+01   1.8540788e+02
  -1.0237908e+01  -1.1300344e+01  -2.1000000e+02   4.1617335e+01   1.1420699e+02  -3.9813010e+01   1.8952997e+02
  -1.4267197e+01  -7.8450353e+00  -2.1000000e+02   4.6594627e+01   1.1447831e+02  -3.4880707e+01   1.9496523e+02
  -1.5110154e+01  -4.5657756e+00  -2.1000000e+02   5.0837778e+01   1.1525867e+02  -3.0924291e+01   2.0125009e+02
  -1.5002572e+01  -3.7238679e+00  -2.1000000e+02   5.3817900e+01   1.1729422e+02  -2.8552419e+01   2.0846963e+02
  -1.3590440e+01  -2.7564791e+00  -2.1000000e+02   5.4455632e+01   1.1800039e+02  -2.7798256e+01   2.1163067e+02
  -1.1834412e+01  -3.8959828e+00  -2.1000000e+02   5.3249199e+01   1.1744193e+02  -2.8651679e+01   2.1265916e+02
  -1.0026359e+01  -5.2944005e+00  -2.1000000e+02   5.1733661e+01   1.1758710e+02  -2.9283337e+01   2.1124771e+02
  -7.9296713e+00  -8.0579013e+00  -2.1000000e+02   4.9710615e+01   1.1755716e+02  -3.0541782e+01   2.0954631e+02
  -5.2584345e+00  -9.8148655e+00  -2.1000000e+02   4.7397801e+01   1.1736728e+02  -3.1794469e+01   2.0526474e+02
  -2.6682142e+00  -1.1068117e+01  -2.1000000e+02   4.4827116e+01   1.1766377e+02  -3.3106460e+01   2.0172360e+02
  -3.8115869e-01  -1.2065621e+01  -2.1000000e+02   4.2069387e+01   1.1894338e+02  -3.4423864e+01   1.9888410e+02
   1.1987712e+00  -1.2565104e+01  -2.1000000e+02   3.9298945e+01   1.2044732e+02  -3.5509872e+01   1.9626601e+02
   3.4553551e+00  -1.3901291e+01  -2.1000000e+02   3.7398899e+01   1.2085443e+02  -3.6517083e+01   1.9401886e+02
   5.6183289e+00  -1.5770222e+01  -2.1000000e+02   3.4165513e+01   1.2294977e+02  -3.8170119e+01   1.9081517e+02
   7.4823122e+00  -1.7631940e+01  -2.1000000e+02   3.1388760e+01   1.2581772e+02  -3.9630125e+01   1.8909213e+02
   1.0015580e+01  -1.9154894e+01  -2.1000000e+02   2.8134880e+01   1.2819236e+02  -4.0998784e+01   1.8637540e+02
   1.2137376e+01  -2.0526393e+01  -2.1000000e+02   2.5165716e+01   1.3061823e+02  -4.1905691e+01   1.8330524e+02
   1.4937362e+01  -2.2339160e+01  -2.1000000e+02   2.2462882e+01   1.3227191e+02  -4.2785212e+01   1.8186855e+02
   1.7767272e+01  -2.5128122e+01  -2.1000000e+02   1.9273793e+01   1.3383582e+02  -4.3464529e+01   1.8049815e+02
   2.0002515e+01  -2.7278102e+01  -2.1000000e+02   1.5236968e+01   1.3666697e+02  -4.4450853e+01   1.7842879e+02
   2.2022130e+01  -2.9170114e+01  -2.1000000e+02   1.1032689e+01   1.4099456e+02  -4.5323652e+01   1.7616539e+02
   2.3275848e+01  -3.0525486e+01  -2.1000000e+02   7.7320502e+00   1.4371471e+02  -4.5348981e+01   1.7287647e+02
   2.5124289e+01  -2.9887281e+01  -2.1000000e+02   6.0906014e+00   1.4557171e+02  -4.6204177e+01   1.6825834e+02
   2.4935420e+01  -2.9606620e+01  -2.1000000e+02   7.3076689e+00   1.4786330e+02  -4.8418427e+01   1.6653972e+02
   2.7441961e+01  -3.3848178e+01  -2.1000000e+02   3.3948920e+00   1.5277760e+02  -5.1565264e+01   1.6312480e+02
   3.0870608e+01  -3.0832468e+01  -2.1000000e+02   9.9922596e+00   1.4860109e+02  -5.6597996e+01   1.5988100e+02
   3.1840991e+01  -2.6874053e+01  -2.1000000e+02   1.6125947e+01   1.4664959e+02  -6.1910384e+01   1.5693482e+02
   3.0414756e+01  -2.6229157e+01  -2.1000000e+02   1.9760431e+01   1.4841975e+02  -6.7598461e+01   1.5400847e+02
   3.1157995e+01  -2.8835887e+01  -2.1000000e+02   1.5558619e+01   1.5274690e+02  -6.7162299e+01   1.5199740e+02
   3.4001220e+01  -3.1942224e+01  -2.1000000e+02   1.1698847e+01   1.5566591e+02  -6.6235145e+01   1.5013015e+02
   3.7366120e+01  -3.8098426e+01  -2.1000000e+02   8.2413366e+00   1.6112247e+02  -6.6769922e+01   1.5276128e+02
   3.9495469e+01  -3.9656826e+01  -2.1000000e+02   5.0597818e+00   1.6312263e+02  -6.5298448e+01   1.5337746e+02
   3.9014572e+01  -3.8217321e+01  -2.1000000e+02   5.2869006e+00   1.6353370e+02  -6.4480705e+01   1.5158704e+02
   3.9343274e+01  -4.0198883e+01  -2.1000000e+02   3.5925875e+00   1.6635005e+02  -6.5399539e+01   1.4922081e+02
   3.9264650e+01  -3.9882867e+01  -2.1000000e+02   5.4250925e+00   1.6702464e+02  -6.6712155e+01   1.4840036e+02
   4.0443361e+01  -3.8477880e+01  -2.1000000e+02   5.5277502e+00   1.6609049e+02  -6.6535210e+01   1.4722597e+02
   4.1521054e+01  -4.0419189e+01  -2.1000000e+02   4.5470077e+00   1.6826472e+02  -6.7581249e+01   1.4425960e+02
   4.4078391e+01  -4.3478771e+01  -2.1000000e+02   1.0842166e+00   1.7160571e+02  -6.7587770e+01   1.4232836e+02
   4.7246098e+01  -4.5410100e+01  -2.1000000e+02  -1.6685896e+00   1.7360895e+02  -6.6790210e+01   1.3996728e+02
   4.7302726e+01  -4.9209430e+01  -2.1000000e+02  -5.5282361e+00   1.7779073e+02  -6.5273732e+01   1.3740828e+02
   4.7841133e+01  -4.7422845e+01  -2.1000000e+02  -5.7516773e+00   1.7728953e+02  -6.4387339e+01   1.3504713e+02
   4.8987248e+01  -5.0239887e+01  -2.1000000e+02  -9.5040889e+00   1.8102771e+02  -6.3000144e+01   1.3335416e+02
   4.7709447e+01  -5.0764797e+01  -2.1000000e+02  -1.2001552e+01   1.8414040e+02  -6.0761980e+01   1.3192392e+02
   4.9548176e+01  -4.9677205e+01  -2.1000000e+02  -1.2433073e+01   1.8564980e+02  -5.9949149e+01   1.2914489e+02
   5.1089944e+01  -5.1076738e+01  -2.1000000e+02  -1.4258567e+01   1.8699842e+02  -6.0164896e+01   1.2851528e+02
   5.0125873e+01  -5.0418355e+01  -2.1000000e+02  -1.5250482e+01   1.8861498e+02  -5.9698175e+01   1.2659460e+02
   4.9703146e+01  -4.8281969e+01  -2.1000000e+02  -1.1846058e+01   1.8844912e+02  -6.1212372e+01   1.2479506e+02
   4.5800718e+01  -4.7550235e+01  -2.1000000e+02  -6.6252308e+00   1.8816862e+02  -6.6780932e+01   1.2385371e+02
   4.5676490e+01  -4.8596856e+01  -2.1000000e+02  -7.9180141e+00   1.8436800e+02  -7.1148534e+01   1.2502720e+02
   4.1242819e+01  -4.5657571e+01  -2.1000000e+02  -9.2530969e+00   1.7999905e+02  -7.3598504e+01   1.3095930e+02
   3.9519483e+01  -4.5360109e+01  -2.1000000e+02  -1.1963594e+01   1.7752555e+02  -7.4174263e+01   1.4017227e+02
   3.8179053e+01  -3.9543732e+01  -2.1000000e+02  -1.0358421e+01   1.6718478e+02  -7.3162313e+01   1.4923729e+02
   3.1654777e+01  -3.2609325e+01  -2.1000000e+02  -6.0087844e+00   1.5564572e+02  -6.9089532e+01   1.5554732e+02
   2.4425538e+01  -3.0899792e+01  -2.1000000e+02   3.1761587e-01   1.4355508e+02  -6.3436950e+01   1.6389399e+02
   1.7668076e+01  -2.6205665e+01  -2.1000000e+02   9.1181175e+00   1.3278410e+02  -5.9182733e+01   1.6649898e+02
   9.6247133e+00  -2.4851525e+01  -2.1000000e+02   1.5966088e+01   1.2636908e+02  -5.3270998e+01   1.7252329e+02
   4.5885904e+00  -2.2493466e+01  -2.1000000e+02   2.2026641e+01   1.2220178e+02  -4.7169144e+01   1.7710980e+02
   1.1189722e-01  -1.9737744e+01  -2.1000000e+02   2.7457626e+01   1.1826360e+02  -4.0896591e+01   1.8172543e+02
  -4.4080070e+00  -1.5650540e+01  -2.1000000e+02   3.2575267e+01   1.1684868e+02  -3.5206721e+01   1.8605274e+02
  -8.6123682e+00  -1.1807827e+01  -2.1000000e+02   3.6730198e+01   1.1651354e+02  -3.0146181e+01   1.9113720e+02
  -9.6672240e+00  -9.2810549e+00  -2.1000000e+02   3.8573568e+01   1.1524114e+02  -2.7682454e+01   1.9537072e+02
  -8.4123400e+00  -9.4373265e+00  -2.1000000e+02   3.9154690e+01   1.1498179e+02  -2.7021556e+01   1.9979325e+02
  -5.1812257e+00  -1.0356481e+01  -2.1000000e+02   3.9645180e+01   1.1654618e+02  -2.5295982e+01   2.0420236e+02
  -2.2575824e+00  -1.2608692e+01  -2.1000000e+02   3.7668078e+01   1.1658038e+02  -2.5568735e+01   2.0467859e+02
   3.6195192e-01  -1.4866707e+01  -2.1000000e+02   3.4832585e+01   1.1669699e+02  -2.6362786e+01   2.0342800e+02
   3.0394421e+00  -1.7517451e+01  -2.1000000e+02   3.2201222e+01   1.1713221e+02  -2.6720931e+01   2.0042204e+02
   4.7689162e+00  -1.8214394e+01  -2.1000000e+02   2.9967156e+01   1.1869478e+02  -2.7429787e+01   1.9770333e+02
