   1.6981394e+01  -1.8725483e+01  -1.6776337e+02  -1.6129307e+01   9.8481290e+01  -5.3916257e+01   1.1916326e+02
   1.4488788e+01  -1.9129743e+01  -1.7060491e+02  -1.0755586e+01   1.0102512e+02  -5.8939850e+01   1.2298036e+02
   1.1300490e+01  -1.4400360e+01  -1.7814268e+02   3.2444125e+00   9.7042940e+01  -6.6130845e+01   1.3698036e+02
   8.2191045e+00  -1.7440549e+01  -1.8112599e+02   1.7244411e+01   9.7588483e+01  -7.8103091e+01   1.4565999e+02
   6.1061968e+00  -1.6471852e+01  -1.9079348e+02   1.1012899e+01   1.0542106e+02  -6.9510394e+01   1.5835676e+02
   2.0953210e+00  -1.8303743e+01  -2.0479348e+02   1.1898236e+01   1.1756377e+02  -6.3142043e+01   1.7024249e+02
  -9.9406623e-01  -1.6049412e+01  -2.1879348e+02   1.6146487e+01   1.2963056e+02  -5.6633560e+01   1.7554986e+02
  -6.3463725e+00  -1.1304091e+01  -2.2486570e+02   3.0146484e+01   1.4363056e+02  -6.0334829e+01   1.8612138e+02
  -8.7321300e+00  -6.1307122e+00  -2.3007744e+02   2.7351059e+01   1.5763056e+02  -4.6334829e+01   1.9737064e+02
  -1.3559887e+01   1.3813394e-01  -2.3004257e+02   4.0451416e+01   1.6003099e+02  -4.6621384e+01   2.0331322e+02
  -1.6030239e+01   4.1423503e+00  -2.2977150e+02   4.3484201e+01   1.6411025e+02  -3.8841455e+01   2.1038114e+02
  -1.7276648e+01   5.5305422e+00  -2.2914056e+02   4.4081378e+01   1.6995353e+02  -3.0842048e+01   2.1841441e+02
  -1.7985044e+01   7.1750747e+00  -2.2949502e+02   4.2714399e+01   1.6801858e+02  -2.6953054e+01   2.2120679e+02
  -1.8659118e+01   8.3169836e+00  -2.3083221e+02   4.7908696e+01   1.7264903e+02  -3.0203675e+01   2.2868974e+02
  -1.4313218e+01   7.4120820e+00  -2.3566671e+02   3.5965415e+01   1.7178744e+02  -1.9889806e+01   2.3077565e+02
  -9.9101840e+00   2.4919339e+00  -2.3757747e+02   3.0641010e+01   1.7335998e+02  -1.9141037e+01   2.2800650e+02
  -6.2638889e+00  -1.7892219e+00  -2.3622307e+02   2.9751798e+01   1.6879562e+02  -2.2980119e+01   2.2076310e+02
  -6.6257508e+00  -3.2043976e+00  -2.3477270e+02   3.1257491e+01   1.7118810e+02  -2.6329056e+01   2.1903629e+02
  -7.7772640e+00  -2.6295822e+00  -2.3351651e+02   3.1335634e+01   1.6646443e+02  -2.8595088e+01   2.0989102e+02
  -7.7331986e+00  -2.0940928e+00  -2.3287325e+02   2.9271181e+01   1.6348496e+02  -2.7818381e+01   2.0298532e+02
  -7.1587362e+00  -3.6957999e+00  -2.3320366e+02   2.7985481e+01   1.6334959e+02  -2.8905812e+01   1.9969558e+02
  -7.0374625e+00  -3.0983230e+00  -2.3360318e+02   3.2240638e+01   1.6166068e+02  -3.4165225e+01   1.9648481e+02
  -4.9951711e+00  -5.9365229e+00  -2.3260613e+02   2.6575695e+01   1.6009015e+02  -3.1443507e+01   1.9300821e+02
  -3.6951596e+00  -7.2639682e+00  -2.3315003e+02   2.3252010e+01   1.6059953e+02  -2.9968273e+01   1.9292966e+02
  -3.4329651e+00  -8.0475967e+00  -2.3276075e+02   2.5829706e+01   1.6021815e+02  -3.4319334e+01   1.9029451e+02
  -2.0024663e+00  -8.1907219e+00  -2.3389072e+02   2.6177521e+01   1.5991498e+02  -3.5197703e+01   1.8892128e+02
   2.0323948e+00  -1.2277520e+01  -2.3456138e+02   1.9703683e+01   1.6018092e+02  -3.2106620e+01   1.8725189e+02
   3.7691729e+00  -1.4331573e+01  -2.3271880e+02   2.1482857e+01   1.5823230e+02  -3.7280469e+01   1.8233404e+02
   5.4231552e+00  -1.5720586e+01  -2.3273282e+02   2.2338088e+01   1.5956991e+02  -4.0845152e+01   1.7905687e+02
   7.8537215e+00  -1.8490591e+01  -2.3194274e+02   2.3015210e+01   1.5944382e+02  -4.6453608e+01   1.7386953e+02
   9.4011034e+00  -2.0331219e+01  -2.3129677e+02   2.8770418e+01   1.6144568e+02  -5.5645389e+01   1.7109086e+02
   1.4153580e+01  -2.5341693e+01  -2.2990772e+02   1.8925787e+01   1.6099969e+02  -5.1151182e+01   1.6705379e+02
   1.4822174e+01  -2.4899524e+01  -2.2719701e+02   2.5024694e+01   1.5765738e+02  -5.9272606e+01   1.6229142e+02
   1.6820773e+01  -2.7345183e+01  -2.2602140e+02   2.6133573e+01   1.5764623e+02  -6.4896187e+01   1.5723444e+02
   1.8817720e+01  -2.9276420e+01  -2.2372695e+02   2.4084898e+01   1.5574783e+02  -6.6368117e+01   1.5335796e+02
   1.9183172e+01  -2.9268718e+01  -2.2232108e+02   2.7268293e+01   1.5386870e+02  -7.1840843e+01   1.4981128e+02
   2.1030592e+01  -3.0927689e+01  -2.2151256e+02   2.6226388e+01   1.5298473e+02  -7.2623249e+01   1.4865194e+02
   2.0343328e+01  -3.1862286e+01  -2.2119338e+02   3.6258069e+01   1.5416960e+02  -8.4743956e+01   1.4661857e+02
   2.1664282e+01  -3.2818487e+01  -2.2014612e+02   3.3520729e+01   1.5365253e+02  -8.3601540e+01   1.4526773e+02
   2.1729212e+01  -3.1462848e+01  -2.1914405e+02   3.5313027e+01   1.5240400e+02  -8.5542165e+01   1.4322438e+02
   2.3930566e+01  -3.2097077e+01  -2.1754963e+02   2.7245916e+01   1.4928213e+02  -7.9033380e+01   1.4193828e+02
   2.3374515e+01  -3.2003040e+01  -2.1512544e+02   2.4807507e+01   1.4626197e+02  -7.8283971e+01   1.3950560e+02
   2.4926231e+01  -3.4145993e+01  -2.1240670e+02   3.6819314e+01   1.4388059e+02  -9.2283971e+01   1.3796187e+02
   2.6499975e+01  -3.4059656e+01  -2.1191137e+02   4.3941828e+01   1.4442792e+02  -1.0039237e+02   1.3771369e+02
   2.8398987e+01  -3.5945832e+01  -2.1034673e+02   3.2144615e+01   1.4244477e+02  -9.0672821e+01   1.3548316e+02
   2.8221254e+01  -3.6939791e+01  -2.1029871e+02   3.7038288e+01   1.4435785e+02  -9.6909683e+01   1.3637395e+02
   2.9099086e+01  -3.7513799e+01  -2.0763187e+02   3.0368897e+01   1.4331602e+02  -9.2699452e+01   1.3477619e+02
   3.0767457e+01  -3.9130601e+01  -2.0674366e+02   2.3931404e+01   1.4494897e+02  -8.8541524e+01   1.3397835e+02
   3.1351137e+01  -3.9381051e+01  -2.0594709e+02   2.2405151e+01   1.4583986e+02  -8.9303830e+01   1.3238687e+02
   3.0065773e+01  -3.4213027e+01  -1.9992556e+02   2.9682539e+01   1.3663981e+02  -9.6070564e+01   1.2967828e+02
   3.1246681e+01  -3.5276752e+01  -1.9948018e+02   2.3995253e+01   1.3631863e+02  -9.0655799e+01   1.2973983e+02
   3.1018923e+01  -3.3344327e+01  -1.9620401e+02   3.7134039e+01   1.3341350e+02  -1.0465570e+02   1.2858426e+02
   3.0749249e+01  -3.5187665e+01  -1.9373377e+02   3.3793235e+01   1.3116311e+02  -1.0338141e+02   1.2658657e+02
   3.0889432e+01  -3.3405211e+01  -1.9055907e+02   3.4806903e+01   1.2922933e+02  -1.0443107e+02   1.2563140e+02
   3.1592372e+01  -3.2397942e+01  -1.8621325e+02   4.0447063e+01   1.2449090e+02  -1.1053154e+02   1.2590755e+02
   3.3539045e+01  -3.0848722e+01  -1.8634371e+02   2.6447063e+01   1.1949298e+02  -9.6921704e+01   1.2764662e+02
   3.2882698e+01  -3.1114357e+01  -1.8416370e+02   1.2447064e+01   1.1857541e+02  -8.5114374e+01   1.2752860e+02
   3.3835486e+01  -3.1173841e+01  -1.8685861e+02  -1.5529234e+00   1.2121380e+02  -7.1114376e+01   1.2749194e+02
   3.2736637e+01  -2.7002346e+01  -1.7963531e+02  -4.5107372e+00   1.0997068e+02  -5.7114376e+01   1.1349194e+02
   3.2054914e+01  -3.7448187e+01  -1.6776283e+02  -8.6901052e+00   1.0378724e+02  -6.3213946e+01   1.1240697e+02
   3.5826027e+01  -2.4076332e+01  -1.7725663e+02   5.3098946e+00   1.0482596e+02  -6.0944808e+01   1.1295585e+02
   3.6114644e+01  -2.2476060e+01  -1.7313543e+02   9.8828938e+00   1.0655926e+02  -7.4944807e+01   1.2644719e+02
   3.7002669e+01  -2.0843549e+01  -1.7421718e+02   2.1420011e+01   1.1030924e+02  -8.8944806e+01   1.2661436e+02
   3.5727375e+01  -2.1671542e+01  -1.7065680e+02   3.1819582e+01   1.0806429e+02  -1.0294481e+02   1.2465548e+02
   3.7910965e+01  -1.5419026e+01  -1.6594543e+02   4.5819582e+01   1.0114621e+02  -1.1694481e+02   1.2258669e+02
   3.8123817e+01  -1.0688890e+01  -1.6389096e+02   3.1819582e+01   9.2407336e+01  -1.0294481e+02   1.2033371e+02
   3.9482800e+01  -7.5072751e+00  -1.5922028e+02   1.7819582e+01   8.8809735e+01  -8.8944807e+01   1.2004762e+02
   3.8611793e+01  -7.9500190e+00  -1.5562223e+02   3.8195821e+00   8.2448378e+01  -7.4944808e+01   1.1757734e+02
   3.6810775e+01  -7.7579414e+00  -1.5185182e+02  -7.8689746e+00   8.9368624e+01  -6.1924904e+01   1.1671711e+02
   3.3911616e+01  -9.2914757e+00  -1.4865005e+02   2.4603453e+00   9.0429929e+01  -7.1468211e+01   1.1562421e+02
   2.9074186e+01  -1.2529273e+01  -1.4457097e+02  -1.1539655e+01   8.0395714e+01  -5.8409771e+01   1.1503928e+02
   2.6067646e+01  -1.3236940e+01  -1.4507050e+02  -1.3655521e+01   7.1231202e+01  -5.5929632e+01   1.1433869e+02
   2.3579278e+01  -1.5467867e+01  -1.5428941e+02  -7.0245699e+00   7.7529592e+01  -6.1163498e+01   1.1952266e+02
   2.2137073e+01  -1.9148563e+01  -1.6350379e+02  -1.5224073e+01   8.7236799e+01  -5.4415911e+01   1.2470702e+02
   2.0082427e+01  -1.8279839e+01  -1.6866172e+02  -1.4454024e+01   9.2187586e+01  -5.1869502e+01   1.3382193e+02
   1.6240012e+01  -1.9151050e+01  -1.6623636e+02  -2.1937964e+01   8.7121026e+01  -4.6250407e+01   1.3964147e+02
   1.3826156e+01  -1.8518088e+01  -1.6751872e+02  -2.1287752e+01   8.5933667e+01  -4.4014791e+01   1.4917789e+02
   1.2290342e+01  -1.6676929e+01  -1.7598983e+02  -1.1831314e+01   9.4809827e+01  -5.0782879e+01   1.5552717e+02
   1.1109670e+01  -1.5619157e+01  -1.8939632e+02   2.1686860e+00   1.0880983e+02  -5.7329400e+01   1.6761597e+02
   9.9411712e+00  -1.7796087e+01  -2.0339632e+02   1.6168686e+01   1.1977727e+02  -6.2059621e+01   1.7932844e+02
   4.9769857e+00  -1.8058633e+01  -2.1445366e+02   3.0168686e+01   1.3377727e+02  -6.5585483e+01   1.9332844e+02
   3.3209112e+00  -1.5360116e+01  -2.2449535e+02   2.3927339e+01   1.4777727e+02  -5.1585483e+01   1.9944068e+02
  -3.1198832e+00  -8.8693475e+00  -2.2920459e+02   1.9536756e+01   1.5790357e+02  -3.7585483e+01   2.0290385e+02
  -6.0721630e+00  -3.8797661e+00  -2.3373614e+02   2.6524730e+01   1.6221890e+02  -3.3803602e+01   2.1292523e+02
  -1.1305699e+01   2.2728198e+00  -2.3569270e+02   2.9671141e+01   1.6502061e+02  -2.9648104e+01   2.1982401e+02
  -1.8394192e+01   1.0688706e+01  -2.3570375e+02   4.2415117e+01   1.6551649e+02  -3.4437464e+01   2.2471487e+02
  -2.1090796e+01   1.2566640e+01  -2.3547052e+02   4.9024871e+01   1.6662522e+02  -3.6381255e+01   2.2657824e+02
  -2.0319903e+01   1.2994237e+01  -2.3805219e+02   4.4129927e+01   1.7319595e+02  -2.6858448e+01   2.3291004e+02
  -1.5934348e+01   7.3259579e+00  -2.3733500e+02   3.6818302e+01   1.7025951e+02  -1.8358874e+01   2.3298147e+02
  -1.2757767e+01   5.7801342e+00  -2.3998924e+02   3.2033819e+01   1.6925950e+02  -1.2690212e+01   2.3653650e+02
  -9.0915464e+00   1.0851152e+00  -2.3806937e+02   3.3763666e+01   1.6677898e+02  -2.0233252e+01   2.2867723e+02
  -5.9697309e+00  -4.0375159e-01  -2.3966771e+02   3.2994745e+01   1.6725134e+02  -2.2241688e+01   2.2474159e+02
  -3.5603169e+00  -3.8186566e+00  -2.3869261e+02   3.3371919e+01   1.6679297e+02  -2.6669161e+01   2.1893300e+02
  -4.3772969e-01  -7.5134040e+00  -2.3800276e+02   2.9237825e+01   1.6663797e+02  -2.6324171e+01   2.1547974e+02
   1.1990563e+00  -1.0128074e+01  -2.3652070e+02   3.2072282e+01   1.6525005e+02  -3.2828900e+01   2.1137240e+02
   3.1428811e+00  -1.2225291e+01  -2.3512405e+02   2.8461760e+01   1.6336479e+02  -3.2530581e+01   2.0714416e+02
   5.0258739e+00  -1.2896429e+01  -2.3591246e+02   2.5163505e+01   1.6239480e+02  -3.0805424e+01   2.0535411e+02
   5.4184765e+00  -1.3471965e+01  -2.3486759e+02   2.4461031e+01   1.6166624e+02  -3.2455373e+01   2.0094305e+02
   6.7477122e+00  -1.4661197e+01  -2.3425593e+02   2.4682950e+01   1.6119846e+02  -3.4898118e+01   1.9898469e+02
   7.3131016e+00  -1.6493026e+01  -2.3440439e+02   2.2861604e+01   1.6250506e+02  -3.5763223e+01   1.9663490e+02
   8.8434717e+00  -1.7299968e+01  -2.3463618e+02   2.1151344e+01   1.6228305e+02  -3.5582187e+01   1.9424222e+02
   8.9251634e+00  -1.7846502e+01  -2.3303214e+02   3.0321629e+01   1.6037441e+02  -4.7577886e+01   1.8964661e+02
   9.9094683e+00  -1.7845930e+01  -2.3315899e+02   3.5870000e+01   1.6080301e+02  -5.4088034e+01   1.8868020e+02
   1.1624821e+01  -2.0374642e+01  -2.3248570e+02   3.1775029e+01   1.6035055e+02  -5.2842667e+01   1.8598690e+02
   1.3506337e+01  -2.2574832e+01  -2.3141333e+02   2.6373916e+01   1.6005546e+02  -4.9742688e+01   1.8410128e+02
   1.4203084e+01  -2.3635448e+01  -2.3184323e+02   2.8258144e+01   1.6105626e+02  -5.2211494e+01   1.8360757e+02
   1.6270551e+01  -2.5420997e+01  -2.3178219e+02   1.9352139e+01   1.6147570e+02  -4.4388997e+01   1.8361497e+02
   1.8230052e+01  -2.7175538e+01  -2.3099647e+02   1.6354779e+01   1.5953937e+02  -4.3237936e+01   1.8140772e+02
   1.8843251e+01  -2.7477417e+01  -2.3147501e+02   2.1132897e+01   1.6043221e+02  -4.7831374e+01   1.8096778e+02
   1.9957939e+01  -2.8722433e+01  -2.3095795e+02   1.9493235e+01   1.6074927e+02  -4.7334802e+01   1.8008829e+02
   2.0444706e+01  -2.9966561e+01  -2.3029485e+02   1.9192858e+01   1.6224067e+02  -4.8944365e+01   1.7870744e+02
   2.0220323e+01  -2.9269133e+01  -2.2830125e+02   1.8978154e+01   1.5977524e+02  -5.0009297e+01   1.7547526e+02
   2.0723671e+01  -2.9851027e+01  -2.2759332e+02   1.6989637e+01   1.6045518e+02  -4.9101344e+01   1.7464802e+02
   2.2431268e+01  -3.1409913e+01  -2.2745647e+02   2.3776051e+01   1.6101379e+02  -5.8044438e+01   1.7362255e+02
   2.3325364e+01  -3.1406207e+01  -2.2634509e+02   2.1196990e+01   1.5961227e+02  -5.6003265e+01   1.7145778e+02
   2.3077387e+01  -3.2843825e+01  -2.2662252e+02   2.2386094e+01   1.6268991e+02  -5.8048439e+01   1.7112843e+02
   2.4253969e+01  -3.3033142e+01  -2.2608817e+02   1.5443618e+01   1.6132281e+02  -5.2538702e+01   1.6954511e+02
   2.3495925e+01  -3.3090317e+01  -2.2612042e+02   2.2411662e+01   1.6203868e+02  -5.9896740e+01   1.6844442e+02
   2.3740955e+01  -3.3593067e+01  -2.2621598e+02   2.1521988e+01   1.6119995e+02  -5.9163622e+01   1.6747852e+02
   2.4525308e+01  -3.3970729e+01  -2.2686085e+02   2.0812861e+01   1.6152405e+02  -5.8953510e+01   1.6736124e+02
   2.5247492e+01  -3.5349868e+01  -2.2422794e+02   1.5505806e+01   1.6059475e+02  -5.6671928e+01   1.6469619e+02
   2.5181408e+01  -3.4470845e+01  -2.2286131e+02   1.2054041e+01   1.5776648e+02  -5.4359389e+01   1.6208113e+02
   2.5460679e+01  -3.4682781e+01  -2.2157598e+02   1.3113932e+01   1.5616631e+02  -5.6536525e+01   1.6009917e+02
   2.6262389e+01  -3.5314380e+01  -2.2222495e+02   1.2381773e+01   1.5653210e+02  -5.6356530e+01   1.5894410e+02
   2.5182681e+01  -3.5443452e+01  -2.2231416e+02   1.4610182e+01   1.5693954e+02  -5.9787142e+01   1.5546162e+02
   2.5312859e+01  -3.4176537e+01  -2.2060858e+02   1.3664318e+01   1.5393537e+02  -5.9620959e+01   1.5288954e+02
   2.4097502e+01  -3.3886064e+01  -2.2080885e+02   2.6862791e+01   1.5586072e+02  -7.3337547e+01   1.5141894e+02
   2.4920907e+01  -3.4543918e+01  -2.2011313e+02   2.2049653e+01   1.5575808e+02  -6.9612540e+01   1.5060648e+02
   2.5440702e+01  -3.5392137e+01  -2.2062066e+02   2.9150552e+01   1.5724884e+02  -7.7816753e+01   1.4911374e+02
   2.5690675e+01  -3.5274593e+01  -2.2110921e+02   3.4987147e+01   1.5786044e+02  -8.4442098e+01   1.4795509e+02
   2.6092082e+01  -3.5898567e+01  -2.2020221e+02   3.3732372e+01   1.5605485e+02  -8.4322558e+01   1.4714822e+02
   2.7402235e+01  -3.4846259e+01  -2.1783797e+02   2.5680574e+01   1.5269717e+02  -7.7514077e+01   1.4604410e+02
   2.7719444e+01  -3.3884068e+01  -2.1625821e+02   2.5256690e+01   1.5042512e+02  -7.8183371e+01   1.4335314e+02
   2.8798368e+01  -3.4867130e+01  -2.1642001e+02   1.9636538e+01   1.5198037e+02  -7.2768405e+01   1.4348978e+02
   2.9346254e+01  -3.5835619e+01  -2.1356068e+02   1.6137442e+01   1.4884397e+02  -7.1549083e+01   1.4172274e+02
   2.9314054e+01  -3.5813212e+01  -2.0902978e+02   1.1297186e+01   1.4571644e+02  -6.9626302e+01   1.4037126e+02
   2.9418306e+01  -3.5833716e+01  -2.0770063e+02   1.1514984e+01   1.4569457e+02  -7.1287252e+01   1.3948893e+02
   3.0390780e+01  -3.6041178e+01  -2.0773060e+02   5.6963918e+00   1.4504864e+02  -6.5429415e+01   1.3943312e+02
   3.0919081e+01  -3.5913110e+01  -2.0646431e+02  -8.9701157e-01   1.4529978e+02  -6.0770243e+01   1.3803715e+02
   3.0766474e+01  -3.6903644e+01  -2.0604333e+02  -4.2020787e+00   1.4640172e+02  -5.8732086e+01   1.3733052e+02
   3.0979332e+01  -3.7849265e+01  -2.0376030e+02   3.2077098e+00   1.4483368e+02  -6.7832676e+01   1.3637636e+02
   3.1124159e+01  -3.7413593e+01  -2.0275045e+02   2.0413622e+00   1.4514835e+02  -6.7708290e+01   1.3587195e+02
   3.1646422e+01  -3.5367245e+01  -2.0142444e+02  -2.0487307e+00   1.4235289e+02  -6.3509718e+01   1.3590270e+02
   3.1447418e+01  -3.3428789e+01  -1.9944316e+02  -7.4231110e+00   1.4007794e+02  -5.6811544e+01   1.3517379e+02
   3.0667138e+01  -3.3893217e+01  -1.9745550e+02  -8.8716673e+00   1.4003945e+02  -5.6473168e+01   1.3386278e+02
   3.1053252e+01  -3.3207807e+01  -1.9634217e+02  -5.4503679e+00   1.4008461e+02  -5.9907314e+01   1.3348452e+02
   3.1802433e+01  -3.1370025e+01  -1.9525005e+02  -1.7097954e+00   1.3789617e+02  -6.3510848e+01   1.3249526e+02
   3.2177022e+01  -2.9331262e+01  -1.9466611e+02  -2.8768488e+00   1.3488221e+02  -6.1920129e+01   1.3099328e+02
   3.2668614e+01  -2.9125568e+01  -1.9286096e+02   1.1123151e+01   1.3208047e+02  -7.5920128e+01   1.3017790e+02
   3.3396772e+01  -2.7712380e+01  -1.9146839e+02   1.7284063e+01   1.3247640e+02  -8.3048930e+01   1.2996512e+02
   3.3477791e+01  -2.8173673e+01  -1.9107243e+02   9.2210305e+00   1.3284961e+02  -7.5681519e+01   1.2967236e+02
   3.4195651e+01  -2.5610949e+01  -1.8856792e+02   1.6421104e+01   1.3106477e+02  -8.2629036e+01   1.2894428e+02
   3.4650624e+01  -2.5734964e+01  -1.8781176e+02   1.3430003e+01   1.3203405e+02  -8.0468617e+01   1.2920771e+02
   3.5314619e+01  -2.3784364e+01  -1.8447431e+02   1.1739504e+01   1.2981529e+02  -7.9728840e+01   1.2677446e+02
   3.6236560e+01  -2.1903460e+01  -1.8186409e+02   4.7630917e+00   1.2744829e+02  -7.3895506e+01   1.2572444e+02
   3.6054448e+01  -2.1017438e+01  -1.8092409e+02   1.2817460e+01   1.2648021e+02  -8.1374030e+01   1.2490995e+02
   3.6689624e+01  -2.0344313e+01  -1.7932151e+02  -1.1825345e+00   1.2546592e+02  -6.8674545e+01   1.2448248e+02
   3.6754535e+01  -1.8750824e+01  -1.7710361e+02  -6.5191313e-01   1.2640274e+02  -6.9490454e+01   1.2407024e+02
   3.7073068e+01  -1.7355807e+01  -1.7504854e+02  -4.0772748e+00   1.2196145e+02  -6.7299216e+01   1.2299908e+02
   3.7775774e+01  -1.6110769e+01  -1.7309172e+02  -6.1350331e+00   1.2178649e+02  -6.6001688e+01   1.2321804e+02
   3.7798290e+01  -1.5930985e+01  -1.7194832e+02  -2.3184731e+00   1.2245648e+02  -7.0562026e+01   1.2158824e+02
   3.7285801e+01  -1.4662163e+01  -1.6866792e+02   1.1681527e+01   1.1978053e+02  -8.3187010e+01   1.1925422e+02
   3.6461210e+01  -1.3370326e+01  -1.6549111e+02   1.8481572e+01   1.1749089e+02  -9.0351185e+01   1.1828684e+02
   3.3653798e+01  -1.3391511e+01  -1.6395573e+02   1.2924556e+01   1.1536090e+02  -8.4290453e+01   1.1615607e+02
   2.9859429e+01  -1.5731757e+01  -1.6110692e+02   6.1689383e+00   1.0939873e+02  -7.9441506e+01   1.1729422e+02
   2.7392477e+01  -1.3764790e+01  -1.5935960e+02  -7.7437355e+00   1.0141300e+02  -6.5441506e+01   1.2090583e+02
   2.5876222e+01  -1.4118381e+01  -1.6168663e+02  -2.0055883e+01   1.0002207e+02  -5.1441507e+01   1.3275068e+02
   2.1874890e+01  -1.6877105e+01  -1.7568663e+02  -1.4409785e+01   1.0121948e+02  -5.3830973e+01   1.3978201e+02
   1.7936183e+01  -1.9659486e+01  -1.8968663e+02  -4.0978490e-01   1.0518133e+02  -6.0451328e+01   1.4433613e+02
   1.4849105e+01  -2.3423487e+01  -2.0368663e+02   1.1243947e+01   1.1559701e+02  -6.2880071e+01   1.5339865e+02
   8.9172104e+00  -2.4904861e+01  -2.1768663e+02   2.2794325e+01   1.2842990e+02  -6.8889164e+01   1.6092924e+02
   4.5635195e+00  -2.4362458e+01  -2.2800750e+02   2.8447169e+01   1.4242990e+02  -7.2273172e+01   1.6796667e+02
  -1.6111024e+00  -1.7155377e+01  -2.3542249e+02   2.8885144e+01   1.5321006e+02  -6.4043915e+01   1.7845566e+02
  -8.2360789e+00  -9.7029691e+00  -2.3863097e+02   3.8618429e+01   1.5623654e+02  -6.5462646e+01   1.8473380e+02
  -1.5415274e+01  -2.7247980e+00  -2.4193972e+02   3.8897420e+01   1.6182012e+02  -5.8249304e+01   1.9531354e+02
  -2.1129089e+01   5.6284797e+00  -2.4313233e+02   4.3949758e+01   1.5982014e+02  -5.4922448e+01   2.0320342e+02
  -2.3450318e+01   9.5067889e+00  -2.4257059e+02   3.7192596e+01   1.6069910e+02  -4.4268653e+01   2.1007107e+02
  -2.9218840e+01   1.5186605e+01  -2.4198539e+02   4.7794791e+01   1.6280636e+02  -4.7585498e+01   2.1636192e+02
  -2.9289152e+01   1.5014874e+01  -2.4016173e+02   4.6373467e+01   1.6333316e+02  -4.0697153e+01   2.2156819e+02
  -2.8990982e+01   1.5683804e+01  -2.4065180e+02   5.3289654e+01   1.7172786e+02  -3.9903937e+01   2.3068139e+02
  -1.8963219e+01   6.4089400e+00  -2.3908795e+02   5.6103332e+01   1.7171996e+02  -3.9112003e+01   2.3379217e+02
  -1.6023546e+01   4.6335724e+00  -2.4054179e+02   5.0639341e+01   1.7241516e+02  -3.4426193e+01   2.3395624e+02
  -1.0560577e+01  -7.4264467e-01  -2.4086029e+02   4.2739492e+01   1.7014819e+02  -3.1864892e+01   2.2586961e+02
  -5.3649067e+00  -6.1789207e+00  -2.4074397e+02   3.6873186e+01   1.6638189e+02  -3.1657897e+01   2.1633712e+02
   6.6144387e-01  -1.2233739e+01  -2.4006457e+02   3.5100383e+01   1.6404368e+02  -3.6269402e+01   2.0808824e+02
   5.2630363e+00  -1.6976618e+01  -2.3975016e+02   2.7268108e+01   1.6328036e+02  -3.2800137e+01   2.0523768e+02
   2.9762981e+00  -1.3482420e+01  -2.3968769e+02   3.3468786e+01   1.6257240e+02  -3.9547908e+01   2.0093070e+02
   3.1398825e+00  -1.3703205e+01  -2.3904452e+02   2.8197982e+01   1.6167570e+02  -3.6036487e+01   1.9663584e+02
   5.8682589e+00  -1.6133727e+01  -2.3816498e+02   2.3087388e+01   1.6064275e+02  -3.3887236e+01   1.9417259e+02
   8.6666732e+00  -1.8195259e+01  -2.3841168e+02   1.9615154e+01   1.6126513e+02  -3.2216315e+01   1.9323545e+02
   7.8754951e+00  -1.8085325e+01  -2.3605847e+02   2.3921500e+01   1.5975757e+02  -3.9164345e+01   1.8842539e+02
   9.3120206e+00  -1.8698740e+01  -2.3511537e+02   2.8122668e+01   1.5927978e+02  -4.5295704e+01   1.8681743e+02
   1.0452044e+01  -2.0766274e+01  -2.3383983e+02   2.7462019e+01   1.5938665e+02  -4.7713294e+01   1.8404235e+02
   1.1136403e+01  -2.1179955e+01  -2.3318844e+02   2.9959453e+01   1.6008554e+02  -5.1138327e+01   1.8387193e+02
   1.1832562e+01  -2.0633076e+01  -2.3161150e+02   3.4965022e+01   1.5864726e+02  -5.8024022e+01   1.8087709e+02
   1.4471690e+01  -2.2392521e+01  -2.3016513e+02   2.5617878e+01   1.5678039e+02  -5.0717133e+01   1.7960835e+02
   1.7505459e+01  -2.3906309e+01  -2.2960217e+02   1.7058704e+01   1.5748972e+02  -4.3113660e+01   1.8011161e+02
   1.8951514e+01  -2.5140462e+01  -2.2865544e+02   1.6587011e+01   1.5743343e+02  -4.4227117e+01   1.7811061e+02
   1.9616880e+01  -2.5120183e+01  -2.2821843e+02   1.9732236e+01   1.5914350e+02  -4.7496214e+01   1.7816340e+02
   2.1317459e+01  -2.6649177e+01  -2.2598557e+02   1.7283342e+01   1.5823251e+02  -4.7897092e+01   1.7664752e+02
   2.1685080e+01  -2.6797614e+01  -2.2416663e+02   2.0256727e+01   1.5740646e+02  -5.1943895e+01   1.7537061e+02
   2.2315402e+01  -2.8054543e+01  -2.2318557e+02   1.6389580e+01   1.5847879e+02  -5.0707458e+01   1.7373400e+02
   2.3488462e+01  -2.9214575e+01  -2.2279943e+02   1.2821781e+01   1.5931119e+02  -4.8856517e+01   1.7239737e+02
   2.3303078e+01  -2.9967232e+01  -2.2145277e+02   1.2049241e+01   1.5921795e+02  -4.9925013e+01   1.7032125e+02
   2.2585536e+01  -2.8379903e+01  -2.1847371e+02   2.0517730e+01   1.5712699e+02  -6.0342423e+01   1.6572217e+02
   2.4714255e+01  -2.9504394e+01  -2.1594747e+02   9.6045963e+00   1.5537716e+02  -5.1850076e+01   1.6514821e+02
   2.6013940e+01  -3.0615694e+01  -2.1334138e+02   5.9314504e+00   1.5400302e+02  -5.0548354e+01   1.6382382e+02
   2.4804998e+01  -2.6984706e+01  -2.1201562e+02   1.3603827e+01   1.5161220e+02  -5.7334370e+01   1.6108012e+02
   2.5477258e+01  -2.6192661e+01  -2.1080107e+02   2.2576147e+01   1.4943198e+02  -6.8088656e+01   1.5831792e+02
   2.5327476e+01  -2.6300840e+01  -2.1138774e+02   2.5894667e+01   1.5146543e+02  -7.1883034e+01   1.5664592e+02
   2.6660676e+01  -2.5307099e+01  -2.0999763e+02   2.1110305e+01   1.4924337e+02  -6.6828431e+01   1.5720119e+02
   2.7714141e+01  -2.6189833e+01  -2.0843858e+02   2.1094449e+01   1.4863769e+02  -6.8469778e+01   1.5499573e+02
   2.8447549e+01  -2.8379672e+01  -2.0780418e+02   1.4006060e+01   1.5042671e+02  -6.2596218e+01   1.5494185e+02
   3.0134140e+01  -2.6776858e+01  -2.0610489e+02   8.6599048e+00   1.4794497e+02  -5.7240477e+01   1.5327955e+02
   3.0791715e+01  -2.5616560e+01  -2.0433412e+02   1.8029343e+00   1.4536775e+02  -5.1022429e+01   1.5120739e+02
   3.1334434e+01  -2.4825251e+01  -1.9977933e+02  -9.5832043e-01   1.4086216e+02  -4.9558198e+01   1.4843077e+02
   3.2642771e+01  -2.7505078e+01  -1.9993184e+02  -1.1238861e+00   1.4384433e+02  -5.1623841e+01   1.4983697e+02
   3.3770313e+01  -2.8878140e+01  -1.9904363e+02  -1.2110569e-01   1.4577013e+02  -5.4636788e+01   1.5068697e+02
   3.3825208e+01  -2.9317042e+01  -1.9944792e+02  -3.6744279e+00   1.4790400e+02  -5.1639002e+01   1.4975167e+02
   3.3188496e+01  -2.8872330e+01  -1.9823649e+02  -1.0015782e+00   1.4798292e+02  -5.5010881e+01   1.4744786e+02
   3.3881153e+01  -2.7615282e+01  -1.9669526e+02  -7.9525495e+00   1.4611864e+02  -4.6470534e+01   1.4803565e+02
   3.2505065e+01  -2.8722232e+01  -1.9681985e+02   5.6845457e+00   1.4929344e+02  -6.0470533e+01   1.4648262e+02
   3.3491985e+01  -2.6312707e+01  -1.9546559e+02   2.7602364e+00   1.4615893e+02  -5.6371390e+01   1.4494161e+02
   3.3369454e+01  -2.7371301e+01  -1.9410834e+02   5.0578305e+00   1.4816483e+02  -6.0732446e+01   1.4314969e+02
   3.3743648e+01  -2.7861484e+01  -1.9402559e+02  -5.6834333e+00   1.4959223e+02  -5.0751020e+01   1.4250671e+02
   3.4381654e+01  -2.7136985e+01  -1.9310506e+02  -1.3076165e+01   1.4907585e+02  -4.5111190e+01   1.4085034e+02
   3.4551898e+01  -2.7987425e+01  -1.9139495e+02  -3.9238590e+00   1.4955752e+02  -5.5794110e+01   1.3919883e+02
   3.5763113e+01  -2.8369060e+01  -1.8990059e+02  -7.5550467e+00   1.4997313e+02  -5.3856596e+01   1.3865548e+02
   3.6297216e+01  -2.9079944e+01  -1.8955872e+02  -1.0275433e+01   1.5223077e+02  -5.2337183e+01   1.3781691e+02
   3.7407544e+01  -2.7535763e+01  -1.8791569e+02  -8.9252163e+00   1.5224891e+02  -5.3139912e+01   1.3738678e+02
   3.8695619e+01  -2.7705913e+01  -1.8711885e+02  -1.2730894e+01   1.5125161e+02  -5.0145385e+01   1.3579067e+02
   3.9049671e+01  -2.6197682e+01  -1.8498339e+02  -1.2430085e+01   1.4857804e+02  -5.0197375e+01   1.3413360e+02
   3.9104339e+01  -2.5043811e+01  -1.8247796e+02  -1.6677678e+01   1.4764169e+02  -4.5960124e+01   1.3299921e+02
   3.9625262e+01  -2.3631416e+01  -1.8212001e+02  -7.5040000e+00   1.4808819e+02  -5.5920807e+01   1.3168621e+02
   4.0690923e+01  -2.1809635e+01  -1.7957092e+02  -1.2058890e+01   1.4608117e+02  -5.1768564e+01   1.3074990e+02
   4.0836150e+01  -1.9189845e+01  -1.7799322e+02  -8.2142099e+00   1.4404573e+02  -5.4962644e+01   1.3044845e+02
   4.1794794e+01  -1.7662272e+01  -1.7651344e+02   5.0740334e+00   1.4067625e+02  -6.8962644e+01   1.2951722e+02
   3.9430915e+01  -1.4355179e+01  -1.7571910e+02   3.1088970e+00   1.3704982e+02  -6.5627840e+01   1.2738178e+02
   3.8161639e+01  -8.8163173e+00  -1.7028588e+02   1.1850566e+01   1.2456400e+02  -7.4888964e+01   1.2779153e+02
   3.4271451e+01  -9.6625623e+00  -1.6896466e+02   3.4208476e+00   1.2089258e+02  -7.1256116e+01   1.3287235e+02
   3.1090009e+01  -9.5233142e+00  -1.6950453e+02   1.0511470e+01   1.1993684e+02  -7.8604416e+01   1.4044201e+02
   2.8478282e+01  -1.2003701e+01  -1.7415114e+02   7.8497174e+00   1.1399582e+02  -7.4196146e+01   1.4692395e+02
   2.5206004e+01  -1.5747658e+01  -1.8359798e+02   2.7916574e+00   1.1725387e+02  -6.6031574e+01   1.5445556e+02
   2.1550361e+01  -1.8761370e+01  -1.9539030e+02   1.4097957e+01   1.2627982e+02  -7.3492305e+01   1.6621873e+02
   1.8583430e+01  -2.1744695e+01  -2.0657612e+02   2.2140788e+01   1.3125768e+02  -7.5542343e+01   1.7135076e+02
   1.3605439e+01  -2.4810643e+01  -2.2057612e+02   1.5959494e+01   1.4259160e+02  -6.2722967e+01   1.7897458e+02
   7.2898873e+00  -2.5406081e+01  -2.2993245e+02   2.9959494e+01   1.5179669e+02  -6.9384653e+01   1.8478808e+02
   4.7182069e+00  -2.1402929e+01  -2.3549923e+02   2.7754598e+01   1.5699715e+02  -5.8565319e+01   1.9370766e+02
  -1.5501573e+00  -1.3711788e+01  -2.3899645e+02   3.3313378e+01   1.5947890e+02  -5.4662011e+01   2.0204202e+02
  -7.7032967e+00  -6.1931799e+00  -2.4105451e+02   3.6649939e+01   1.6068384e+02  -4.9771391e+01   2.0864845e+02
  -1.3974331e+01   7.4358274e-01  -2.4186458e+02   4.2824403e+01   1.6338308e+02  -4.7279995e+01   2.1463820e+02
  -1.5453673e+01   4.3817983e+00  -2.4091307e+02   4.7511310e+01   1.6449781e+02  -4.3275355e+01   2.1966107e+02
  -1.5315894e+01   4.4569969e+00  -2.4108399e+02   4.7850933e+01   1.7114535e+02  -3.6314596e+01   2.2686728e+02
  -8.5943835e+00  -1.9958860e-01  -2.4051397e+02   3.4203814e+01   1.6784503e+02  -2.2314597e+01   2.2810658e+02
  -4.4058229e+00  -4.3929703e+00  -2.3978291e+02   2.9651603e+01   1.6863931e+02  -1.9673531e+01   2.2950953e+02
  -2.6565200e+00  -6.0597102e+00  -2.3867926e+02   3.2436978e+01   1.6724405e+02  -2.5541327e+01   2.2393902e+02
  -3.3438710e-01  -9.9927800e+00  -2.3774046e+02   3.1075073e+01   1.6788061e+02  -2.7711453e+01   2.2068555e+02
   1.8201953e+00  -1.2113287e+01  -2.3572408e+02   3.2025310e+01   1.6364685e+02  -3.3072724e+01   2.1287050e+02
   4.9034818e+00  -1.4410693e+01  -2.3536546e+02   3.1205355e+01   1.6272759e+02  -3.5735443e+01   2.0946447e+02
   6.8876753e+00  -1.5858737e+01  -2.3444989e+02   3.0283610e+01   1.6250771e+02  -3.8395171e+01   2.0510280e+02
   9.6711016e+00  -1.7640970e+01  -2.3398987e+02   2.5304304e+01   1.6128913e+02  -3.6683377e+01   2.0264614e+02
   1.1299352e+01  -1.8710680e+01  -2.3370052e+02   3.4781946e+01   1.6036404e+02  -4.8508511e+01   2.0015143e+02
   1.3589648e+01  -2.1608709e+01  -2.3182772e+02   2.4858000e+01   1.5942930e+02  -4.2677669e+01   1.9509813e+02
   1.4446007e+01  -2.3122864e+01  -2.3063373e+02   2.8005718e+01   1.6074689e+02  -4.8451699e+01   1.9250008e+02
   1.7321566e+01  -2.5433945e+01  -2.2830726e+02   1.8886811e+01   1.5898927e+02  -4.2363505e+01   1.8915114e+02
   1.8566011e+01  -2.6530951e+01  -2.2671012e+02   1.7257824e+01   1.5837508e+02  -4.3288599e+01   1.8496920e+02
   2.0843841e+01  -2.8423320e+01  -2.2505682e+02   1.8572619e+01   1.5740316e+02  -4.6942593e+01   1.8379617e+02
   2.4133537e+01  -3.1816438e+01  -2.2393471e+02   1.2056659e+01   1.5782375e+02  -4.3303321e+01   1.8203639e+02
   2.5698353e+01  -3.3469090e+01  -2.2196329e+02   7.8848496e+00   1.5738652e+02  -4.2798003e+01   1.7940002e+02
   2.6710688e+01  -3.4632100e+01  -2.2005853e+02   4.6913866e+00   1.5821223e+02  -4.3216421e+01   1.7657195e+02
   2.7370257e+01  -3.5292523e+01  -2.1883045e+02   4.0470829e+00   1.5816058e+02  -4.5010551e+01   1.7305911e+02
   2.7786971e+01  -3.3045060e+01  -2.1601849e+02   5.8043584e+00   1.5496870e+02  -4.8320038e+01   1.6808032e+02
   2.7496161e+01  -3.2708536e+01  -2.1607955e+02   1.0490554e+01   1.5724267e+02  -5.3954868e+01   1.6650413e+02
   2.8441254e+01  -3.5192017e+01  -2.1215615e+02   3.0539371e+00   1.5639946e+02  -5.2036271e+01   1.6306591e+02
   3.1173158e+01  -3.1099151e+01  -2.1109076e+02   1.7053937e+01   1.4985294e+02  -6.4344508e+01   1.5967181e+02
   3.1125123e+01  -2.5633468e+01  -2.0946382e+02   2.6192182e+01   1.4529142e+02  -7.1964074e+01   1.5650857e+02
   2.9389095e+01  -2.4668311e+01  -2.0796689e+02   2.4260318e+01   1.4552894e+02  -7.1567291e+01   1.5371414e+02
   2.9534921e+01  -2.6439386e+01  -2.0584241e+02   1.2386551e+01   1.4733469e+02  -6.2656465e+01   1.5181868e+02
   3.0794053e+01  -2.6656611e+01  -2.0169494e+02   4.4817687e+00   1.4409761e+02  -5.6079341e+01   1.4983300e+02
   3.3129426e+01  -3.0477991e+01  -1.9946871e+02   4.0945970e+00   1.4563563e+02  -5.9629049e+01   1.5285176e+02
   3.4580922e+01  -3.0634021e+01  -1.9860691e+02  -9.7705645e-01   1.4539034e+02  -5.5724935e+01   1.5328413e+02
   3.4181220e+01  -2.9024783e+01  -1.9852710e+02   4.5108739e+00   1.4576156e+02  -6.0446963e+01   1.5120525e+02
   3.3932629e+01  -2.9460719e+01  -1.9643064e+02   1.5743791e+00   1.4596822e+02  -6.0103652e+01   1.4883377e+02
   3.4003604e+01  -2.8801001e+01  -1.9619633e+02   9.2783483e+00   1.4608208e+02  -6.7420594e+01   1.4807058e+02
   3.4948374e+01  -2.6840296e+01  -1.9598491e+02   5.3195907e+00   1.4470515e+02  -6.2654284e+01   1.4686135e+02
   3.5137511e+01  -2.5988612e+01  -1.9274910e+02   5.1571719e+00   1.4241593e+02  -6.4096812e+01   1.4364891e+02
   3.6279380e+01  -2.5769871e+01  -1.8973805e+02  -5.3539323e+00   1.4122143e+02  -5.6237124e+01   1.4194252e+02
   3.7873747e+01  -2.4388541e+01  -1.8751788e+02  -9.8039037e+00   1.3851111e+02  -5.2544997e+01   1.3966007e+02
   3.7549023e+01  -2.5406118e+01  -1.8433460e+02  -1.7562691e+01   1.3862005e+02  -4.6896483e+01   1.3709802e+02
   3.7938595e+01  -2.2566584e+01  -1.8368578e+02  -8.1282504e+00   1.3606350e+02  -5.5420737e+01   1.3464122e+02
   3.8399991e+01  -2.2081697e+01  -1.8057595e+02  -2.2128250e+01   1.3581415e+02  -4.2852107e+01   1.3332256e+02
   3.7589984e+01  -2.2076804e+01  -1.7891573e+02  -2.2524541e+01   1.3691850e+02  -4.3146016e+01   1.3171464e+02
   3.8956345e+01  -1.6505226e+01  -1.7525346e+02  -1.5838786e+01   1.3170192e+02  -4.7979355e+01   1.2877402e+02
   3.9882362e+01  -1.5945464e+01  -1.7450958e+02  -1.9627328e+01   1.3206244e+02  -4.6549834e+01   1.2854696e+02
   3.9792808e+01  -1.4539600e+01  -1.7297519e+02  -1.9132563e+01   1.3181563e+02  -4.7779580e+01   1.2641066e+02
   4.0579797e+01  -1.1576746e+01  -1.7216549e+02  -5.1325671e+00   1.2900541e+02  -5.9838473e+01   1.2453136e+02
   3.8868089e+01  -1.0608906e+01  -1.6751628e+02   8.8674311e+00   1.2314725e+02  -7.3838471e+01   1.2365361e+02
   3.6961752e+01  -1.0235259e+01  -1.6374951e+02   1.7298710e+00   1.1126732e+02  -6.9157590e+01   1.2535950e+02
   3.4282100e+01  -9.2374432e+00  -1.6000759e+02  -7.7027480e+00   1.0343331e+02  -6.0733063e+01   1.3205636e+02
   3.0998615e+01  -1.2020079e+01  -1.6003238e+02  -1.6410926e+01   1.0164954e+02  -5.3960003e+01   1.4272910e+02
   2.8706238e+01  -1.5455402e+01  -1.7403238e+02  -7.8517002e+00   1.0801388e+02  -6.2032217e+01   1.5128143e+02
   2.4734664e+01  -1.9259582e+01  -1.8803238e+02  -6.0645668e+00   1.1474663e+02  -5.5921056e+01   1.5619674e+02
   2.1843456e+01  -2.6628876e+01  -2.0203238e+02   3.4722340e+00   1.2509306e+02  -5.9419665e+01   1.6546889e+02
   1.8771639e+01  -2.7281697e+01  -2.1486286e+02   1.7472233e+01   1.3675041e+02  -6.7865183e+01   1.6820989e+02
   1.3579328e+01  -2.8081745e+01  -2.2677057e+02   2.2088721e+01   1.4907012e+02  -6.4642488e+01   1.7825465e+02
   9.8195999e+00  -2.5757325e+01  -2.3277157e+02   2.0719121e+01   1.5366354e+02  -5.4103968e+01   1.8654129e+02
   8.5370349e+00  -2.3075251e+01  -2.3817961e+02   1.7635399e+01   1.5800863e+02  -4.2110578e+01   1.9694105e+02
   1.4485497e+00  -1.5230405e+01  -2.4050620e+02   2.8181174e+01   1.6052804e+02  -4.4696525e+01   2.0210001e+02
  -2.2319527e+00  -1.0212604e+01  -2.4188111e+02   2.4450316e+01   1.6219937e+02  -3.3258388e+01   2.0959078e+02
  -3.3722292e+00  -7.5766789e+00  -2.4149534e+02   2.8400245e+01   1.6220039e+02  -3.4294056e+01   2.1338253e+02
  -8.4508823e-01  -9.6963925e+00  -2.4011530e+02   3.2700720e+01   1.6401515e+02  -3.7185721e+01   2.1696462e+02
   6.1046210e+00  -1.5424605e+01  -2.3816924e+02   2.2679102e+01   1.6442124e+02  -2.3185722e+01   2.2120042e+02
   1.0905050e+01  -2.0075227e+01  -2.3674397e+02   1.9482827e+01   1.6282204e+02  -2.2801490e+01   2.1927369e+02
   1.1589766e+01  -2.1560515e+01  -2.3399753e+02   2.0345343e+01   1.6072422e+02  -2.6908570e+01   2.1453160e+02
   1.5396478e+01  -2.5497935e+01  -2.3465288e+02   1.8893639e+01   1.6148447e+02  -2.9027832e+01   2.0975064e+02
   1.3788413e+01  -2.4031497e+01  -2.3334096e+02   2.5896173e+01   1.6023632e+02  -3.8186226e+01   2.0430730e+02
