   1.6981394e+01  -1.8725483e+01  -1.6776337e+02  -1.6129307e+01   9.8481290e+01  -5.3916257e+01   1.1916326e+02
   1.5478348e+01  -1.9129628e+01  -1.8170758e+02  -1.0757369e+01   1.0102438e+02  -5.8111315e+01   1.2297919e+02
   1.3975303e+01  -1.9533774e+01  -1.9565178e+02  -5.3854312e+00   1.0356747e+02  -6.2306372e+01   1.2679512e+02
   1.3112730e+01  -2.1473762e+01  -2.0964280e+02   4.9400176e-02   1.0627377e+02  -6.5284680e+01   1.3075731e+02
   1.8000000e+01  -2.3020344e+01  -2.1000000e+02  -7.7261368e-01   1.0918285e+02  -5.6000000e+01   1.4249070e+02
   1.8000000e+01  -2.4076061e+01  -2.1000000e+02  -5.0757911e+00   1.1739224e+02  -5.6000000e+01   1.5431980e+02
   1.8000000e+01  -2.5840549e+01  -2.1000000e+02  -1.3747951e+00   1.2059559e+02  -5.6000000e+01   1.6526975e+02
   1.8000000e+01  -2.6675758e+01  -2.1000000e+02   5.7854149e+00   1.2372740e+02  -5.6000000e+01   1.7519398e+02
   1.8000000e+01  -2.5562667e+01  -2.1000000e+02   1.4460626e+01   1.2534239e+02  -5.6000000e+01   1.8393402e+02
   1.8000000e+01  -2.5398886e+01  -2.1000000e+02   2.2868062e+01   1.2528859e+02  -5.6000000e+01   1.9040274e+02
   1.8000000e+01  -2.4587339e+01  -2.1000000e+02   3.0901559e+01   1.2461182e+02  -5.6000000e+01   1.9572856e+02
   1.8000000e+01  -2.4259993e+01  -2.1000000e+02   3.8087270e+01   1.2371656e+02  -5.6000000e+01   2.0101357e+02
   1.8000000e+01  -2.4270900e+01  -2.1000000e+02   4.1470450e+01   1.2075327e+02  -5.6000000e+01   2.0543837e+02
   1.8000000e+01  -2.3372289e+01  -2.1000000e+02   4.3699287e+01   1.1810622e+02  -5.6000000e+01   2.0850257e+02
   1.8000000e+01  -2.2685821e+01  -2.1000000e+02   4.4864656e+01   1.1542130e+02  -5.6000000e+01   2.0981714e+02
   1.8000000e+01  -2.3594483e+01  -2.1000000e+02   4.5633667e+01   1.1275508e+02  -5.6000000e+01   2.1035976e+02
   1.8000000e+01  -2.3942155e+01  -2.1000000e+02   4.6289277e+01   1.1188084e+02  -5.6000000e+01   2.0937680e+02
   1.8000000e+01  -2.4074837e+01  -2.1000000e+02   4.6482537e+01   1.1145887e+02  -5.6000000e+01   2.0954789e+02
   1.8000000e+01  -2.4506631e+01  -2.1000000e+02   4.6101041e+01   1.1134231e+02  -5.6000000e+01   2.0732429e+02
   1.8000000e+01  -2.4190377e+01  -2.1000000e+02   4.5917552e+01   1.1168901e+02  -5.6000000e+01   2.0464497e+02
   1.8000000e+01  -2.4699850e+01  -2.1000000e+02   4.4913107e+01   1.1169401e+02  -5.6000000e+01   2.0195211e+02
   1.8000000e+01  -2.4152537e+01  -2.1000000e+02   4.4402071e+01   1.1225812e+02  -5.6000000e+01   1.9938382e+02
   1.8000000e+01  -2.4203391e+01  -2.1000000e+02   4.3409005e+01   1.1274029e+02  -5.6000000e+01   1.9681436e+02
   1.8000000e+01  -2.4286438e+01  -2.1000000e+02   4.1936566e+01   1.1325379e+02  -5.6000000e+01   1.9556125e+02
   1.8000000e+01  -2.4432071e+01  -2.1000000e+02   4.1005586e+01   1.1403123e+02  -5.6000000e+01   1.9413836e+02
   1.8000000e+01  -2.4002336e+01  -2.1000000e+02   4.0667291e+01   1.1493845e+02  -5.6000000e+01   1.9250630e+02
   1.8000000e+01  -2.4453766e+01  -2.1000000e+02   3.9854073e+01   1.1539084e+02  -5.6000000e+01   1.9073101e+02
   1.8000000e+01  -2.4457090e+01  -2.1000000e+02   3.8900829e+01   1.1622681e+02  -5.6000000e+01   1.8803779e+02
   1.8000000e+01  -2.4143797e+01  -2.1000000e+02   3.7750333e+01   1.1707898e+02  -5.6000000e+01   1.8549439e+02
   1.8000000e+01  -2.4563528e+01  -2.1000000e+02   3.5182210e+01   1.1886615e+02  -5.6000000e+01   1.8185003e+02
   1.8000000e+01  -2.4794857e+01  -2.1000000e+02   3.2917989e+01   1.2171471e+02  -5.6000000e+01   1.7911268e+02
   1.8000000e+01  -2.5523538e+01  -2.1000000e+02   2.9302056e+01   1.2504662e+02  -5.6000000e+01   1.7419061e+02
   1.8000000e+01  -2.5034263e+01  -2.1000000e+02   2.6426298e+01   1.2864319e+02  -5.6000000e+01   1.6854062e+02
   1.8000000e+01  -2.6054239e+01  -2.1000000e+02   2.2478312e+01   1.3176162e+02  -5.6000000e+01   1.6232079e+02
   1.8000000e+01  -2.6770501e+01  -2.1000000e+02   1.8663672e+01   1.3491883e+02  -5.6000000e+01   1.5634626e+02
   1.8000000e+01  -2.6771552e+01  -2.1000000e+02   1.6161086e+01   1.3630804e+02  -5.6000000e+01   1.5175998e+02
   1.8000000e+01  -2.7032206e+01  -2.1000000e+02   1.4890823e+01   1.3717997e+02  -5.6000000e+01   1.4901780e+02
   1.8000000e+01  -2.8707695e+01  -2.1000000e+02   1.3181315e+01   1.3863281e+02  -5.6000000e+01   1.4723503e+02
   1.8000000e+01  -2.8840935e+01  -2.1000000e+02   1.1887852e+01   1.4028251e+02  -5.6000000e+01   1.4512048e+02
   1.8000000e+01  -2.7789990e+01  -2.1000000e+02   1.1693206e+01   1.4063424e+02  -5.6000000e+01   1.4279355e+02
   1.8000000e+01  -2.7155458e+01  -2.1000000e+02   1.0855416e+01   1.4043229e+02  -5.6000000e+01   1.4034540e+02
   1.8000000e+01  -2.7880134e+01  -2.1000000e+02   8.9795429e+00   1.4033228e+02  -5.6000000e+01   1.3769867e+02
   1.8000000e+01  -3.0173976e+01  -2.1000000e+02   8.8212679e+00   1.4125710e+02  -5.6000000e+01   1.3492859e+02
   1.8000000e+01  -2.9586097e+01  -2.1000000e+02   8.6990651e+00   1.4265727e+02  -5.6000000e+01   1.3363310e+02
   1.8000000e+01  -3.0371961e+01  -2.1000000e+02   7.6697759e+00   1.4351320e+02  -5.6000000e+01   1.3084005e+02
   1.8000000e+01  -3.1532460e+01  -2.1000000e+02   6.2725960e+00   1.4454792e+02  -5.6000000e+01   1.3061339e+02
   1.8000000e+01  -3.2389071e+01  -2.1000000e+02   4.4612949e+00   1.4609270e+02  -5.6000000e+01   1.2889886e+02
   1.8000000e+01  -3.3155305e+01  -2.1000000e+02   2.5691909e+00   1.4771281e+02  -5.6000000e+01   1.2718782e+02
   1.8000000e+01  -3.3442259e+01  -2.1000000e+02   6.0373459e-01   1.4939531e+02  -5.6000000e+01   1.2545849e+02
   1.8000000e+01  -3.2286605e+01  -2.1000000e+02  -1.3752309e+00   1.5108537e+02  -5.6000000e+01   1.2370110e+02
   1.8000000e+01  -3.2830574e+01  -2.1000000e+02  -3.2798630e+00   1.5270080e+02  -5.6000000e+01   1.2191226e+02
   1.8000000e+01  -3.3125288e+01  -2.1000000e+02  -4.2971307e+00   1.5392227e+02  -5.6000000e+01   1.2060615e+02
   1.8000000e+01  -3.6131479e+01  -2.1000000e+02  -5.3470537e+00   1.5508332e+02  -5.6000000e+01   1.1919971e+02
   1.8000000e+01  -3.6251954e+01  -2.1000000e+02  -6.4797727e+00   1.5626193e+02  -5.6000000e+01   1.1783142e+02
   1.8000000e+01  -3.7747789e+01  -2.1000000e+02  -8.9582208e+00   1.5703289e+02  -5.6000000e+01   1.1731310e+02
   1.8000000e+01  -3.5598824e+01  -2.1000000e+02  -1.1496691e+01   1.5781218e+02  -5.6000000e+01   1.1684572e+02
   1.8000000e+01  -3.6650036e+01  -2.1000000e+02  -1.5662829e+01   1.5835919e+02  -5.6000000e+01   1.1625113e+02
   1.8000000e+01  -3.5239079e+01  -2.1000000e+02  -1.9025987e+01   1.5858006e+02  -5.6000000e+01   1.1598340e+02
   1.8000000e+01  -3.5611312e+01  -2.1000000e+02  -2.0181702e+01   1.5890441e+02  -5.6000000e+01   1.1125440e+02
   1.8000000e+01  -4.3928156e+01  -2.1000000e+02  -1.6029362e+01   1.6035198e+02  -5.6000000e+01   1.0397999e+02
   1.8000000e+01  -3.5294528e+01  -2.1000000e+02  -1.9291814e+01   1.6049534e+02  -5.6000000e+01   1.0430008e+02
   1.8000000e+01  -3.5593506e+01  -2.1000000e+02  -2.1920956e+01   1.6098861e+02  -5.6000000e+01   1.0758190e+02
   1.8000000e+01  -3.3978819e+01  -2.1000000e+02  -2.5616571e+01   1.6162948e+02  -5.6000000e+01   1.0892949e+02
   1.8000000e+01  -3.6505287e+01  -2.1000000e+02  -2.6023346e+01   1.6308552e+02  -5.6000000e+01   1.0997537e+02
   1.8000000e+01  -3.5351783e+01  -2.1000000e+02  -2.8528157e+01   1.6418102e+02  -5.6000000e+01   1.0977792e+02
   1.8000000e+01  -3.2015895e+01  -2.1000000e+02  -3.0905637e+01   1.6508994e+02  -5.6000000e+01   1.0838615e+02
   1.8000000e+01  -3.1747102e+01  -2.1000000e+02  -3.3271000e+01   1.6599329e+02  -5.6000000e+01   1.0689883e+02
   1.8000000e+01  -3.3348939e+01  -2.1000000e+02  -3.3857434e+01   1.6707323e+02  -5.6000000e+01   1.0492880e+02
   1.8000000e+01  -3.5132143e+01  -2.1000000e+02  -3.5073218e+01   1.6837520e+02  -5.6000000e+01   1.0638749e+02
   1.8000000e+01  -3.7248848e+01  -2.1000000e+02  -3.6333519e+01   1.6968190e+02  -5.6000000e+01   1.0783371e+02
   1.8000000e+01  -3.9137599e+01  -2.1000000e+02  -3.5936295e+01   1.7088218e+02  -5.6000000e+01   1.0911623e+02
   1.8000000e+01  -3.7974159e+01  -2.1000000e+02  -3.5837517e+01   1.6965275e+02  -5.6000000e+01   1.0904790e+02
   1.8000000e+01  -3.5036728e+01  -2.1000000e+02  -3.3993923e+01   1.6706813e+02  -5.6000000e+01   1.1229554e+02
   1.8000000e+01  -3.4361912e+01  -2.1000000e+02  -3.1620906e+01   1.6369587e+02  -5.6000000e+01   1.1691580e+02
   1.8000000e+01  -3.0924614e+01  -2.1000000e+02  -2.7970119e+01   1.5815231e+02  -5.6000000e+01   1.2478873e+02
   1.8000000e+01  -3.1423701e+01  -2.1000000e+02  -3.0395364e+01   1.5111226e+02  -5.6000000e+01   1.3356400e+02
   1.8000000e+01  -2.9810000e+01  -2.1000000e+02  -3.0753131e+01   1.4912711e+02  -5.6000000e+01   1.4387482e+02
   1.8000000e+01  -2.6014703e+01  -2.1000000e+02  -2.5581613e+01   1.4735085e+02  -5.6000000e+01   1.5331794e+02
   1.8000000e+01  -2.2418902e+01  -2.1000000e+02  -1.6727897e+01   1.4577843e+02  -5.6000000e+01   1.6346656e+02
   1.8000000e+01  -2.3118947e+01  -2.1000000e+02  -6.8279247e+00   1.4001034e+02  -5.6000000e+01   1.7293851e+02
   1.8000000e+01  -2.5555335e+01  -2.1000000e+02   2.7951199e+00   1.3799783e+02  -5.6000000e+01   1.8236938e+02
   1.8000000e+01  -2.5477528e+01  -2.1000000e+02   1.1576376e+01   1.3327602e+02  -5.6000000e+01   1.8921681e+02
   1.8000000e+01  -2.4365860e+01  -2.1000000e+02   1.9254242e+01   1.2928729e+02  -5.6000000e+01   1.9381229e+02
   1.8000000e+01  -2.4101523e+01  -2.1000000e+02   2.6624241e+01   1.2504599e+02  -5.6000000e+01   1.9800851e+02
   1.8000000e+01  -2.3847950e+01  -2.1000000e+02   3.1089706e+01   1.2084162e+02  -5.6000000e+01   2.0179705e+02
   1.8000000e+01  -2.2394062e+01  -2.1000000e+02   3.4797575e+01   1.1754243e+02  -5.6000000e+01   2.0406833e+02
   1.8000000e+01  -2.2906527e+01  -2.1000000e+02   3.8278293e+01   1.1512430e+02  -5.6000000e+01   2.0498344e+02
   1.8000000e+01  -2.3140532e+01  -2.1000000e+02   4.2185304e+01   1.1342582e+02  -5.6000000e+01   2.0660392e+02
   1.8000000e+01  -2.4688742e+01  -2.1000000e+02   4.5646102e+01   1.1207775e+02  -5.6000000e+01   2.0810119e+02
   1.8000000e+01  -2.4825903e+01  -2.1000000e+02   4.7635847e+01   1.1089012e+02  -5.6000000e+01   2.0899646e+02
   1.8000000e+01  -2.4910693e+01  -2.1000000e+02   4.8414711e+01   1.0956619e+02  -5.6000000e+01   2.0932764e+02
   1.8000000e+01  -2.4008841e+01  -2.1000000e+02   4.9125374e+01   1.0923992e+02  -5.6000000e+01   2.0836853e+02
   1.8000000e+01  -2.3935089e+01  -2.1000000e+02   4.9560710e+01   1.0904382e+02  -5.6000000e+01   2.0710108e+02
   1.8000000e+01  -2.3885345e+01  -2.1000000e+02   4.9192664e+01   1.0927851e+02  -5.6000000e+01   2.0603152e+02
   1.8000000e+01  -2.4173050e+01  -2.1000000e+02   4.8827282e+01   1.0952720e+02  -5.6000000e+01   2.0486586e+02
   1.8000000e+01  -2.4099357e+01  -2.1000000e+02   4.7704520e+01   1.0995956e+02  -5.6000000e+01   2.0345342e+02
   1.8000000e+01  -2.3650166e+01  -2.1000000e+02   4.6775044e+01   1.1064880e+02  -5.6000000e+01   2.0199748e+02
   1.8000000e+01  -2.3119133e+01  -2.1000000e+02   4.6065621e+01   1.1169679e+02  -5.6000000e+01   2.0001697e+02
   1.8000000e+01  -2.2865812e+01  -2.1000000e+02   4.4848021e+01   1.1254972e+02  -5.6000000e+01   1.9824810e+02
   1.8000000e+01  -2.3594976e+01  -2.1000000e+02   4.3256839e+01   1.1330635e+02  -5.6000000e+01   1.9672737e+02
   1.8000000e+01  -2.3465906e+01  -2.1000000e+02   4.2266674e+01   1.1472689e+02  -5.6000000e+01   1.9534045e+02
   1.8000000e+01  -2.3656310e+01  -2.1000000e+02   4.1042037e+01   1.1586443e+02  -5.6000000e+01   1.9298543e+02
   1.8000000e+01  -2.2689804e+01  -2.1000000e+02   4.0414585e+01   1.1750268e+02  -5.6000000e+01   1.9094057e+02
   1.8000000e+01  -2.3421905e+01  -2.1000000e+02   3.8922787e+01   1.1834964e+02  -5.6000000e+01   1.8884233e+02
   1.8000000e+01  -2.3859410e+01  -2.1000000e+02   3.7336619e+01   1.2001892e+02  -5.6000000e+01   1.8726164e+02
   1.8000000e+01  -2.4499042e+01  -2.1000000e+02   3.6414469e+01   1.2133178e+02  -5.6000000e+01   1.8618397e+02
   1.8000000e+01  -2.4518190e+01  -2.1000000e+02   3.5238198e+01   1.2261544e+02  -5.6000000e+01   1.8528792e+02
   1.8000000e+01  -2.4774505e+01  -2.1000000e+02   3.4125431e+01   1.2336203e+02  -5.6000000e+01   1.8304351e+02
   1.8000000e+01  -2.4553925e+01  -2.1000000e+02   3.4307513e+01   1.2449017e+02  -5.6000000e+01   1.8177815e+02
   1.8000000e+01  -2.4611085e+01  -2.1000000e+02   3.3907375e+01   1.2515839e+02  -5.6000000e+01   1.8058905e+02
   1.8000000e+01  -2.5163662e+01  -2.1000000e+02   3.2647663e+01   1.2668324e+02  -5.6000000e+01   1.7984121e+02
   1.8000000e+01  -2.4750528e+01  -2.1000000e+02   3.1264385e+01   1.2828166e+02  -5.6000000e+01   1.7700051e+02
   1.8000000e+01  -2.5032117e+01  -2.1000000e+02   2.9587680e+01   1.3041843e+02  -5.6000000e+01   1.7563732e+02
   1.8000000e+01  -2.5506458e+01  -2.1000000e+02   2.8237471e+01   1.3261873e+02  -5.6000000e+01   1.7402220e+02
   1.8000000e+01  -2.4974760e+01  -2.1000000e+02   2.7438557e+01   1.3394020e+02  -5.6000000e+01   1.7110976e+02
   1.8000000e+01  -2.6464109e+01  -2.1000000e+02   2.6299765e+01   1.3558241e+02  -5.6000000e+01   1.7093944e+02
   1.8000000e+01  -2.5942442e+01  -2.1000000e+02   2.4705179e+01   1.3635478e+02  -5.6000000e+01   1.6900118e+02
   1.8000000e+01  -2.6553483e+01  -2.1000000e+02   2.4357873e+01   1.3696302e+02  -5.6000000e+01   1.6807783e+02
   1.8000000e+01  -2.6784089e+01  -2.1000000e+02   2.4209901e+01   1.3669910e+02  -5.6000000e+01   1.6675561e+02
   1.8000000e+01  -2.6492668e+01  -2.1000000e+02   2.3972455e+01   1.3656487e+02  -5.6000000e+01   1.6635561e+02
   1.8000000e+01  -2.7671046e+01  -2.1000000e+02   2.1091074e+01   1.3908109e+02  -5.6000000e+01   1.6364982e+02
   1.8000000e+01  -2.7316138e+01  -2.1000000e+02   1.9226441e+01   1.3962486e+02  -5.6000000e+01   1.6070797e+02
   1.8000000e+01  -2.7653616e+01  -2.1000000e+02   1.8156539e+01   1.4027642e+02  -5.6000000e+01   1.5828411e+02
   1.8000000e+01  -2.7654211e+01  -2.1000000e+02   1.7735984e+01   1.4025936e+02  -5.6000000e+01   1.5676443e+02
   1.8000000e+01  -2.8475086e+01  -2.1000000e+02   1.6483806e+01   1.4055958e+02  -5.6000000e+01   1.5408011e+02
   1.8000000e+01  -2.7635372e+01  -2.1000000e+02   1.5507059e+01   1.4076058e+02  -5.6000000e+01   1.5109612e+02
   1.8000000e+01  -2.8171470e+01  -2.1000000e+02   1.5653058e+01   1.4183189e+02  -5.6000000e+01   1.5006369e+02
   1.8000000e+01  -2.8284754e+01  -2.1000000e+02   1.4655571e+01   1.4273347e+02  -5.6000000e+01   1.4878948e+02
   1.8000000e+01  -2.8747046e+01  -2.1000000e+02   1.4250280e+01   1.4373613e+02  -5.6000000e+01   1.4719774e+02
   1.8000000e+01  -2.8550003e+01  -2.1000000e+02   1.4002100e+01   1.4388480e+02  -5.6000000e+01   1.4593936e+02
   1.8000000e+01  -2.8928765e+01  -2.1000000e+02   1.3254851e+01   1.4374829e+02  -5.6000000e+01   1.4479340e+02
   1.8000000e+01  -2.7477796e+01  -2.1000000e+02   1.2226403e+01   1.4393691e+02  -5.6000000e+01   1.4279069e+02
   1.8000000e+01  -2.6743122e+01  -2.1000000e+02   1.1498988e+01   1.4415435e+02  -5.6000000e+01   1.3997913e+02
   1.8000000e+01  -2.6667736e+01  -2.1000000e+02   1.0952314e+01   1.4476144e+02  -5.6000000e+01   1.3905339e+02
   1.8000000e+01  -2.7982555e+01  -2.1000000e+02   9.3361489e+00   1.4525032e+02  -5.6000000e+01   1.3693357e+02
   1.8000000e+01  -2.9413765e+01  -2.1000000e+02   6.3351610e+00   1.4727154e+02  -5.6000000e+01   1.3484101e+02
   1.8000000e+01  -3.0018014e+01  -2.1000000e+02   4.2040707e+00   1.4942468e+02  -5.6000000e+01   1.3340151e+02
   1.8000000e+01  -2.9753339e+01  -2.1000000e+02   3.1548383e+00   1.5064062e+02  -5.6000000e+01   1.3259294e+02
   1.8000000e+01  -2.9658888e+01  -2.1000000e+02   1.1298052e+00   1.5188659e+02  -5.6000000e+01   1.3095118e+02
   1.8000000e+01  -3.0830305e+01  -2.1000000e+02  -8.7104580e-01   1.5328254e+02  -5.6000000e+01   1.3008891e+02
   1.8000000e+01  -3.2792288e+01  -2.1000000e+02  -2.2351458e+00   1.5477372e+02  -5.6000000e+01   1.2886573e+02
   1.8000000e+01  -3.2918048e+01  -2.1000000e+02  -3.7164601e+00   1.5629512e+02  -5.6000000e+01   1.2818508e+02
   1.8000000e+01  -3.1482652e+01  -2.1000000e+02  -5.2339320e+00   1.5779143e+02  -5.6000000e+01   1.2758994e+02
   1.8000000e+01  -3.0667208e+01  -2.1000000e+02  -5.9286344e+00   1.5849493e+02  -5.6000000e+01   1.2691541e+02
   1.8000000e+01  -3.2385381e+01  -2.1000000e+02  -6.6432349e+00   1.5917196e+02  -5.6000000e+01   1.2618206e+02
   1.8000000e+01  -3.2235164e+01  -2.1000000e+02  -7.4151221e+00   1.5991551e+02  -5.6000000e+01   1.2550859e+02
   1.8000000e+01  -3.0801032e+01  -2.1000000e+02  -8.1999128e+00   1.6070649e+02  -5.6000000e+01   1.2483718e+02
   1.8000000e+01  -2.9057934e+01  -2.1000000e+02  -8.9832752e+00   1.6147976e+02  -5.6000000e+01   1.2409184e+02
   1.8000000e+01  -2.9778044e+01  -2.1000000e+02  -9.5305124e+00   1.6184808e+02  -5.6000000e+01   1.2263599e+02
   1.8000000e+01  -2.9058561e+01  -2.1000000e+02  -1.0110455e+01   1.6224967e+02  -5.6000000e+01   1.2123392e+02
   1.8000000e+01  -2.9608401e+01  -2.1000000e+02  -1.1556608e+01   1.6290802e+02  -5.6000000e+01   1.2066645e+02
   1.8000000e+01  -2.8688333e+01  -2.1000000e+02  -1.3032398e+01   1.6357778e+02  -5.6000000e+01   1.2010633e+02
   1.8000000e+01  -2.9140591e+01  -2.1000000e+02  -1.4554532e+01   1.6424971e+02  -5.6000000e+01   1.1954195e+02
   1.8000000e+01  -2.9063361e+01  -2.1000000e+02  -1.6116208e+01   1.6564583e+02  -5.6000000e+01   1.1807376e+02
   1.8000000e+01  -2.8838250e+01  -2.1000000e+02  -1.7791587e+01   1.6704341e+02  -5.6000000e+01   1.1664998e+02
   1.8000000e+01  -2.8852836e+01  -2.1000000e+02  -1.9524508e+01   1.6842306e+02  -5.6000000e+01   1.1527810e+02
   1.8000000e+01  -2.8867422e+01  -2.1000000e+02  -2.1257429e+01   1.6980270e+02  -5.6000000e+01   1.1390621e+02
   1.8000000e+01  -2.8946828e+01  -2.1000000e+02  -2.3419806e+01   1.7141414e+02  -5.6000000e+01   1.1368068e+02
   1.8000000e+01  -2.8838422e+01  -2.1000000e+02  -2.5551417e+01   1.7303567e+02  -5.6000000e+01   1.1329981e+02
   1.8000000e+01  -2.9511211e+01  -2.1000000e+02  -2.7792750e+01   1.7463087e+02  -5.6000000e+01   1.1290128e+02
   1.8000000e+01  -3.0027209e+01  -2.1000000e+02  -3.0101714e+01   1.7623116e+02  -5.6000000e+01   1.1244999e+02
   1.8000000e+01  -3.1519329e+01  -2.1000000e+02  -3.2477408e+01   1.7780639e+02  -5.6000000e+01   1.1196555e+02
   1.8000000e+01  -3.2326416e+01  -2.1000000e+02  -3.4861519e+01   1.7936903e+02  -5.6000000e+01   1.1148897e+02
   1.8000000e+01  -3.2361074e+01  -2.1000000e+02  -3.7208639e+01   1.8091062e+02  -5.6000000e+01   1.1101899e+02
   1.8000000e+01  -3.4514135e+01  -2.1000000e+02  -3.5073541e+01   1.8180036e+02  -5.6000000e+01   1.1157519e+02
   1.8000000e+01  -3.2593018e+01  -2.1000000e+02  -3.1438946e+01   1.8175080e+02  -5.6000000e+01   1.1397405e+02
   1.8000000e+01  -3.1039451e+01  -2.1000000e+02  -2.8933075e+01   1.7730451e+02  -5.6000000e+01   1.2114999e+02
   1.8000000e+01  -2.8020455e+01  -2.1000000e+02  -2.5938921e+01   1.6723482e+02  -5.6000000e+01   1.2853687e+02
   1.8000000e+01  -2.6137079e+01  -2.1000000e+02  -2.0005661e+01   1.5560834e+02  -5.6000000e+01   1.3586841e+02
   1.8000000e+01  -2.7665721e+01  -2.1000000e+02  -1.1842140e+01   1.4378083e+02  -5.6000000e+01   1.4575433e+02
   1.8000000e+01  -3.0491293e+01  -2.1000000e+02  -5.2908029e+00   1.3374995e+02  -5.6000000e+01   1.5497190e+02
   1.8000000e+01  -3.3041716e+01  -2.1000000e+02   7.2691354e-01   1.2692847e+02  -5.6000000e+01   1.6372741e+02
   1.8000000e+01  -3.1765019e+01  -2.1000000e+02   7.1087741e+00   1.2275649e+02  -5.6000000e+01   1.7208606e+02
   1.8000000e+01  -3.1391391e+01  -2.1000000e+02   1.3231655e+01   1.1859633e+02  -5.6000000e+01   1.7850169e+02
   1.8000000e+01  -3.1962814e+01  -2.1000000e+02   1.7794231e+01   1.1525801e+02  -5.6000000e+01   1.8471164e+02
   1.8000000e+01  -3.0663740e+01  -2.1000000e+02   2.2126246e+01   1.1256276e+02  -5.6000000e+01   1.8863095e+02
   1.8000000e+01  -2.9115227e+01  -2.1000000e+02   2.4417720e+01   1.0978615e+02  -5.6000000e+01   1.9260126e+02
   1.8000000e+01  -2.8760851e+01  -2.1000000e+02   2.7847851e+01   1.0847491e+02  -5.6000000e+01   1.9535412e+02
   1.8000000e+01  -2.8129866e+01  -2.1000000e+02   3.1113698e+01   1.0822899e+02  -5.6000000e+01   1.9764114e+02
   1.8000000e+01  -2.8439833e+01  -2.1000000e+02   3.6050963e+01   1.0909786e+02  -5.6000000e+01   2.0081222e+02
   1.8000000e+01  -2.9133446e+01  -2.1000000e+02   4.2764262e+01   1.1091570e+02  -5.6000000e+01   2.0444541e+02
   1.8000000e+01  -2.8465311e+01  -2.1000000e+02   4.5513057e+01   1.1034292e+02  -5.6000000e+01   2.0669049e+02
   1.8000000e+01  -2.8679505e+01  -2.1000000e+02   4.6854983e+01   1.0935902e+02  -5.6000000e+01   2.0678059e+02
   1.8000000e+01  -2.8521737e+01  -2.1000000e+02   4.7701935e+01   1.0894606e+02  -5.6000000e+01   2.0466801e+02
   1.8000000e+01  -2.8072247e+01  -2.1000000e+02   4.7919798e+01   1.0881100e+02  -5.6000000e+01   2.0154706e+02
   1.8000000e+01  -2.8095439e+01  -2.1000000e+02   4.6963493e+01   1.0913583e+02  -5.6000000e+01   1.9962382e+02
   1.8000000e+01  -2.6638822e+01  -2.1000000e+02   4.6360395e+01   1.0984741e+02  -5.6000000e+01   1.9759066e+02
   1.8000000e+01  -2.6079541e+01  -2.1000000e+02   4.5418671e+01   1.1031313e+02  -5.6000000e+01   1.9514544e+02
   1.8000000e+01  -2.5810182e+01  -2.1000000e+02   4.4049301e+01   1.1112390e+02  -5.6000000e+01   1.9321463e+02
   1.8000000e+01  -2.5435905e+01  -2.1000000e+02   4.3025404e+01   1.1220431e+02  -5.6000000e+01   1.9163272e+02
   1.8000000e+01  -2.5220224e+01  -2.1000000e+02   4.1978511e+01   1.1333189e+02  -5.6000000e+01   1.8999307e+02
   1.8000000e+01  -2.4460658e+01  -2.1000000e+02   4.0815923e+01   1.1449420e+02  -5.6000000e+01   1.8849665e+02
   1.8000000e+01  -2.4938234e+01  -2.1000000e+02   3.9374149e+01   1.1574963e+02  -5.6000000e+01   1.8698513e+02
   1.8000000e+01  -2.4456092e+01  -2.1000000e+02   3.8446473e+01   1.1764921e+02  -5.6000000e+01   1.8601506e+02
   1.8000000e+01  -2.3468194e+01  -2.1000000e+02   3.7355726e+01   1.1942037e+02  -5.6000000e+01   1.8441439e+02
   1.8000000e+01  -2.2971734e+01  -2.1000000e+02   3.5864485e+01   1.2101109e+02  -5.6000000e+01   1.8269425e+02
   1.8000000e+01  -2.2046689e+01  -2.1000000e+02   3.4770497e+01   1.2344919e+02  -5.6000000e+01   1.8164358e+02
   1.8000000e+01  -2.2175471e+01  -2.1000000e+02   3.3585667e+01   1.2552708e+02  -5.6000000e+01   1.7967755e+02
   1.8000000e+01  -2.1529918e+01  -2.1000000e+02   3.3304967e+01   1.2803085e+02  -5.6000000e+01   1.7901958e+02
   1.8000000e+01  -2.1675765e+01  -2.1000000e+02   3.1303276e+01   1.3053992e+02  -5.6000000e+01   1.7710301e+02
   1.8000000e+01  -2.1836063e+01  -2.1000000e+02   2.9943361e+01   1.3328859e+02  -5.6000000e+01   1.7543619e+02
   1.8000000e+01  -2.2743266e+01  -2.1000000e+02   2.6912204e+01   1.3642072e+02  -5.6000000e+01   1.7372798e+02
   1.8000000e+01  -2.3178687e+01  -2.1000000e+02   2.4687487e+01   1.3890951e+02  -5.6000000e+01   1.7151781e+02
   1.8000000e+01  -2.4204169e+01  -2.1000000e+02   2.2451946e+01   1.4119305e+02  -5.6000000e+01   1.6931034e+02
   1.8000000e+01  -2.3929118e+01  -2.1000000e+02   2.0536729e+01   1.4447139e+02  -5.6000000e+01   1.6502895e+02
   1.8000000e+01  -2.3972038e+01  -2.1000000e+02   1.7740961e+01   1.4727506e+02  -5.6000000e+01   1.6266009e+02
   1.8000000e+01  -2.4743830e+01  -2.1000000e+02   1.5556130e+01   1.4987759e+02  -5.6000000e+01   1.6026931e+02
   1.8000000e+01  -2.2632479e+01  -2.1000000e+02   1.5898843e+01   1.5051685e+02  -5.6000000e+01   1.5794700e+02
   1.8000000e+01  -2.2043238e+01  -2.1000000e+02   1.5435001e+01   1.5048866e+02  -5.6000000e+01   1.5506025e+02
   1.8000000e+01  -2.2057196e+01  -2.1000000e+02   1.5316516e+01   1.5130200e+02  -5.6000000e+01   1.5345679e+02
   1.8000000e+01  -2.0639249e+01  -2.1000000e+02   1.5367161e+01   1.5207209e+02  -5.6000000e+01   1.5287318e+02
   1.8000000e+01  -2.1212288e+01  -2.1000000e+02   1.4707413e+01   1.5302750e+02  -5.6000000e+01   1.5053453e+02
   1.8000000e+01  -2.2890636e+01  -2.1000000e+02   1.3460917e+01   1.5526443e+02  -5.6000000e+01   1.4971013e+02
   1.8000000e+01  -2.1211818e+01  -2.1000000e+02   1.3000422e+01   1.5678742e+02  -5.6000000e+01   1.4742986e+02
   1.8000000e+01  -2.0306009e+01  -2.1000000e+02   1.1850691e+01   1.5756477e+02  -5.6000000e+01   1.4489286e+02
   1.8000000e+01  -2.0898731e+01  -2.1000000e+02   1.0289137e+01   1.5887109e+02  -5.6000000e+01   1.4155460e+02
   1.8000000e+01  -2.2716055e+01  -2.1000000e+02   8.6159026e+00   1.6075489e+02  -5.6000000e+01   1.4093121e+02
   1.8000000e+01  -2.3788451e+01  -2.1000000e+02   7.3615012e+00   1.6374233e+02  -5.6000000e+01   1.4062655e+02
   1.8000000e+01  -2.4289533e+01  -2.1000000e+02   6.0008209e+00   1.6673535e+02  -5.6000000e+01   1.4032820e+02
   1.8000000e+01  -2.5171011e+01  -2.1000000e+02   5.0930937e+00   1.6889672e+02  -5.6000000e+01   1.3900541e+02
   1.8000000e+01  -2.4493003e+01  -2.1000000e+02   4.9407859e+00   1.7086961e+02  -5.6000000e+01   1.3836358e+02
   1.8000000e+01  -2.6473146e+01  -2.1000000e+02   5.0073168e+00   1.7271501e+02  -5.6000000e+01   1.3762574e+02
   1.8000000e+01  -2.4857077e+01  -2.1000000e+02   5.3259880e+00   1.7369786e+02  -5.6000000e+01   1.3675474e+02
   1.8000000e+01  -2.6680747e+01  -2.1000000e+02   4.3596315e+00   1.7513959e+02  -5.6000000e+01   1.3603149e+02
   1.8000000e+01  -2.7101432e+01  -2.1000000e+02   3.3021074e+00   1.7663457e+02  -5.6000000e+01   1.3533874e+02
   1.8000000e+01  -2.6732746e+01  -2.1000000e+02   1.2569370e+00   1.7836496e+02  -5.6000000e+01   1.3383590e+02
   1.8000000e+01  -2.8535749e+01  -2.1000000e+02  -6.8838925e-01   1.8007154e+02  -5.6000000e+01   1.3227858e+02
   1.8000000e+01  -2.9578277e+01  -2.1000000e+02  -2.6791411e+00   1.8182655e+02  -5.6000000e+01   1.3080407e+02
   1.8000000e+01  -3.0298733e+01  -2.1000000e+02  -4.7500247e+00   1.8432488e+02  -5.6000000e+01   1.3011117e+02
   1.8000000e+01  -2.9906199e+01  -2.1000000e+02  -6.8181240e+00   1.8682779e+02  -5.6000000e+01   1.2945791e+02
   1.8000000e+01  -2.9937418e+01  -2.1000000e+02  -7.7705755e+00   1.8968560e+02  -5.6000000e+01   1.2793432e+02
   1.8000000e+01  -3.0163849e+01  -2.1000000e+02  -8.7456833e+00   1.9244261e+02  -5.6000000e+01   1.2646097e+02
   1.8000000e+01  -3.0755475e+01  -2.1000000e+02  -9.7313773e+00   1.9515621e+02  -5.6000000e+01   1.2510335e+02
   1.8000000e+01  -2.9946470e+01  -2.1000000e+02  -1.1269419e+01   1.9717748e+02  -5.6000000e+01   1.2458473e+02
   1.8000000e+01  -3.0226561e+01  -2.1000000e+02  -1.2901148e+01   1.9915401e+02  -5.6000000e+01   1.2401540e+02
   1.8000000e+01  -2.9133371e+01  -2.1000000e+02  -1.4630914e+01   2.0108158e+02  -5.6000000e+01   1.2351114e+02
   1.8000000e+01  -2.8863333e+01  -2.1000000e+02  -1.6363490e+01   2.0291494e+02  -5.6000000e+01   1.2293086e+02
   1.8000000e+01  -2.6519419e+01  -2.1000000e+02  -1.8740174e+01   2.0314057e+02  -5.6000000e+01   1.2182244e+02
   1.8000000e+01  -2.5069825e+01  -2.1000000e+02  -2.1090884e+01   2.0330223e+02  -5.6000000e+01   1.2072608e+02
   1.8000000e+01  -2.5493790e+01  -2.1000000e+02  -2.2105352e+01   2.0088194e+02  -5.6000000e+01   1.2219080e+02
   1.8000000e+01  -2.4312295e+01  -2.1000000e+02  -2.0632817e+01   1.9620322e+02  -5.6000000e+01   1.2682295e+02
   1.8000000e+01  -2.3784498e+01  -2.1000000e+02  -1.9546832e+01   1.8808832e+02  -5.6000000e+01   1.3139379e+02
   1.8000000e+01  -2.2949159e+01  -2.1000000e+02  -1.7886668e+01   1.7802509e+02  -5.6000000e+01   1.3850250e+02
   1.8000000e+01  -2.2052226e+01  -2.1000000e+02  -1.3684264e+01   1.6684603e+02  -5.6000000e+01   1.4882110e+02
   1.8000000e+01  -2.3655943e+01  -2.1000000e+02  -7.0046898e+00   1.5486688e+02  -5.6000000e+01   1.5916895e+02
   1.8000000e+01  -2.7516863e+01  -2.1000000e+02  -1.1648506e+00   1.4345656e+02  -5.6000000e+01   1.6908744e+02
   1.8000000e+01  -3.2160669e+01  -2.1000000e+02   5.4755579e+00   1.3398163e+02  -5.6000000e+01   1.7670565e+02
   1.8000000e+01  -3.1073986e+01  -2.1000000e+02   1.2611378e+01   1.2673243e+02  -5.6000000e+01   1.8315224e+02
   1.8000000e+01  -2.9571736e+01  -2.1000000e+02   1.8893355e+01   1.2111340e+02  -5.6000000e+01   1.8815860e+02
   1.8000000e+01  -2.8978960e+01  -2.1000000e+02   2.4062808e+01   1.1679121e+02  -5.6000000e+01   1.9209617e+02
   1.8000000e+01  -2.8898419e+01  -2.1000000e+02   2.9364854e+01   1.1410691e+02  -5.6000000e+01   1.9542202e+02
   1.8000000e+01  -2.7846650e+01  -2.1000000e+02   3.5250995e+01   1.1337655e+02  -5.6000000e+01   1.9843740e+02
   1.8000000e+01  -2.7639133e+01  -2.1000000e+02   4.1085721e+01   1.1332787e+02  -5.6000000e+01   2.0202445e+02
   1.8000000e+01  -2.6276341e+01  -2.1000000e+02   4.4860739e+01   1.1273458e+02  -5.6000000e+01   2.0474262e+02
   1.8000000e+01  -2.5573305e+01  -2.1000000e+02   4.6726217e+01   1.1126864e+02  -5.6000000e+01   2.0699254e+02
   1.8000000e+01  -2.5273164e+01  -2.1000000e+02   4.7743154e+01   1.1047606e+02  -5.6000000e+01   2.0731312e+02
   1.8000000e+01  -2.5856929e+01  -2.1000000e+02   4.8172884e+01   1.0960132e+02  -5.6000000e+01   2.0731464e+02
   1.8000000e+01  -2.5508521e+01  -2.1000000e+02   4.8106574e+01   1.0950626e+02  -5.6000000e+01   2.0550646e+02
   1.8000000e+01  -2.4662502e+01  -2.1000000e+02   4.7847690e+01   1.0943630e+02  -5.6000000e+01   2.0382209e+02
   1.8000000e+01  -2.3710233e+01  -2.1000000e+02   4.7113348e+01   1.1063499e+02  -5.6000000e+01   2.0210620e+02
   1.8000000e+01  -2.2988619e+01  -2.1000000e+02   4.5747279e+01   1.1163493e+02  -5.6000000e+01   2.0044273e+02
   1.8000000e+01  -2.2682962e+01  -2.1000000e+02   4.5044547e+01   1.1295320e+02  -5.6000000e+01   1.9856270e+02
   1.8000000e+01  -2.2876153e+01  -2.1000000e+02   4.3133469e+01   1.1509163e+02  -5.6000000e+01   1.9585616e+02
   1.8000000e+01  -2.3318355e+01  -2.1000000e+02   4.1389597e+01   1.1803280e+02  -5.6000000e+01   1.9426532e+02
   1.8000000e+01  -2.3268436e+01  -2.1000000e+02   3.8982428e+01   1.2141366e+02  -5.6000000e+01   1.9137179e+02
   1.8000000e+01  -2.3248065e+01  -2.1000000e+02   3.6577284e+01   1.2521808e+02  -5.6000000e+01   1.8734832e+02
   1.8000000e+01  -2.3529136e+01  -2.1000000e+02   3.4133496e+01   1.2935484e+02  -5.6000000e+01   1.8420371e+02
   1.8000000e+01  -2.4719461e+01  -2.1000000e+02   3.1311892e+01   1.3295035e+02  -5.6000000e+01   1.8094025e+02
   1.8000000e+01  -2.5558803e+01  -2.1000000e+02   2.7334625e+01   1.3682462e+02  -5.6000000e+01   1.7735939e+02
   1.8000000e+01  -2.6339149e+01  -2.1000000e+02   2.3309613e+01   1.4160186e+02  -5.6000000e+01   1.7396436e+02
   1.8000000e+01  -2.7052122e+01  -2.1000000e+02   2.0262149e+01   1.4478080e+02  -5.6000000e+01   1.6984611e+02
   1.8000000e+01  -2.5486400e+01  -2.1000000e+02   1.8640160e+01   1.4729109e+02  -5.6000000e+01   1.6457897e+02
   1.8000000e+01  -2.5306097e+01  -2.1000000e+02   1.7650681e+01   1.4966313e+02  -5.6000000e+01   1.6259427e+02
   1.8000000e+01  -2.7717523e+01  -2.1000000e+02   1.2908378e+01   1.5315136e+02  -5.6000000e+01   1.5857061e+02
   1.8000000e+01  -2.3757690e+01  -2.1000000e+02   1.5191302e+01   1.5246498e+02  -5.6000000e+01   1.5434429e+02
   1.8000000e+01  -1.9405915e+01  -2.1000000e+02   1.7076245e+01   1.5161993e+02  -5.6000000e+01   1.5088429e+02
   1.8000000e+01  -1.9095976e+01  -2.1000000e+02   1.6117615e+01   1.5201547e+02  -5.6000000e+01   1.4870567e+02
   1.8000000e+01  -2.0796821e+01  -2.1000000e+02   1.3169192e+01   1.5473691e+02  -5.6000000e+01   1.4652355e+02
   1.8000000e+01  -2.2148397e+01  -2.1000000e+02   1.0898325e+01   1.5750626e+02  -5.6000000e+01   1.4392101e+02
   1.8000000e+01  -2.5616923e+01  -2.1000000e+02   7.6887093e+00   1.6049489e+02  -5.6000000e+01   1.4374553e+02
   1.8000000e+01  -2.6015983e+01  -2.1000000e+02   5.4177344e+00   1.6355354e+02  -5.6000000e+01   1.4327244e+02
   1.8000000e+01  -2.5234316e+01  -2.1000000e+02   4.9674717e+00   1.6582721e+02  -5.6000000e+01   1.4207167e+02
   1.8000000e+01  -2.6774460e+01  -2.1000000e+02   3.1245384e+00   1.6775899e+02  -5.6000000e+01   1.4094397e+02
   1.8000000e+01  -2.6734862e+01  -2.1000000e+02   2.3053458e+00   1.6923281e+02  -5.6000000e+01   1.3988779e+02
   1.8000000e+01  -2.4697682e+01  -2.1000000e+02   1.9930038e+00   1.7021093e+02  -5.6000000e+01   1.3846931e+02
   1.8000000e+01  -2.5614133e+01  -2.1000000e+02   7.7879512e-01   1.7141026e+02  -5.6000000e+01   1.3660760e+02
   1.8000000e+01  -2.6627520e+01  -2.1000000e+02  -1.5356859e+00   1.7342730e+02  -5.6000000e+01   1.3433426e+02
   1.8000000e+01  -2.6249359e+01  -2.1000000e+02  -3.4550459e+00   1.7571099e+02  -5.6000000e+01   1.3136517e+02
   1.8000000e+01  -2.9399277e+01  -2.1000000e+02  -6.3597563e+00   1.7812275e+02  -5.6000000e+01   1.2921533e+02
   1.8000000e+01  -2.7792535e+01  -2.1000000e+02  -8.1000174e+00   1.8008906e+02  -5.6000000e+01   1.2679538e+02
   1.8000000e+01  -2.9277376e+01  -2.1000000e+02  -1.0801891e+01   1.8239128e+02  -5.6000000e+01   1.2514827e+02
   1.8000000e+01  -3.0762216e+01  -2.1000000e+02  -1.3503765e+01   1.8469350e+02  -5.6000000e+01   1.2350117e+02
   1.8000000e+01  -2.8634004e+01  -2.1000000e+02  -1.6201158e+01   1.8702750e+02  -5.6000000e+01   1.2203147e+02
   1.8000000e+01  -2.8411422e+01  -2.1000000e+02  -1.8820424e+01   1.8929937e+02  -5.6000000e+01   1.2048825e+02
   1.8000000e+01  -2.8549332e+01  -2.1000000e+02  -2.1496891e+01   1.9149776e+02  -5.6000000e+01   1.1902589e+02
   1.8000000e+01  -2.6890852e+01  -2.1000000e+02  -2.5505647e+01   1.9238327e+02  -5.6000000e+01   1.1842208e+02
   1.8000000e+01  -2.9394949e+01  -2.1000000e+02  -2.9560389e+01   1.9325281e+02  -5.6000000e+01   1.1781834e+02
   1.8000000e+01  -3.0343512e+01  -2.1000000e+02  -2.9632779e+01   1.9299266e+02  -5.6000000e+01   1.1727989e+02
   1.8000000e+01  -3.0820636e+01  -2.1000000e+02  -2.9954323e+01   1.9150719e+02  -5.6000000e+01   1.2013576e+02
   1.8000000e+01  -3.1672347e+01  -2.1000000e+02  -2.8396752e+01   1.8608896e+02  -5.6000000e+01   1.2700584e+02
   1.8000000e+01  -2.7466875e+01  -2.1000000e+02  -2.6017469e+01   1.7745052e+02  -5.6000000e+01   1.3342026e+02
   1.8000000e+01  -2.4988121e+01  -2.1000000e+02  -1.9850055e+01   1.6690836e+02  -5.6000000e+01   1.4065643e+02
   1.8000000e+01  -2.7820008e+01  -2.1000000e+02  -1.1744920e+01   1.5544960e+02  -5.6000000e+01   1.5065205e+02
   1.8000000e+01  -2.7211338e+01  -2.1000000e+02  -1.8576227e+00   1.4373607e+02  -5.6000000e+01   1.5992060e+02
   1.8000000e+01  -2.9805187e+01  -2.1000000e+02   5.7540516e+00   1.3451906e+02  -5.6000000e+01   1.6935536e+02
   1.8000000e+01  -3.0198813e+01  -2.1000000e+02   1.2935905e+01   1.2789651e+02  -5.6000000e+01   1.7666348e+02
   1.8000000e+01  -3.0265809e+01  -2.1000000e+02   2.0238340e+01   1.2225113e+02  -5.6000000e+01   1.8349133e+02
   1.8000000e+01  -2.9240877e+01  -2.1000000e+02   2.6079430e+01   1.1828581e+02  -5.6000000e+01   1.8817588e+02
   1.8000000e+01  -2.8745033e+01  -2.1000000e+02   3.0882205e+01   1.1529149e+02  -5.6000000e+01   1.9268680e+02
   1.8000000e+01  -2.7193387e+01  -2.1000000e+02   3.4454024e+01   1.1294401e+02  -5.6000000e+01   1.9591612e+02
   1.8000000e+01  -2.6786538e+01  -2.1000000e+02   3.7920531e+01   1.1207428e+02  -5.6000000e+01   1.9970830e+02
   1.8000000e+01  -2.6324606e+01  -2.1000000e+02   4.3392580e+01   1.1318319e+02  -5.6000000e+01   2.0318697e+02
   1.8000000e+01  -2.6258148e+01  -2.1000000e+02   4.5600547e+01   1.1276870e+02  -5.6000000e+01   2.0486170e+02
   1.8000000e+01  -2.6174456e+01  -2.1000000e+02   4.6223838e+01   1.1225243e+02  -5.6000000e+01   2.0495087e+02
   1.8000000e+01  -2.6783855e+01  -2.1000000e+02   4.6491382e+01   1.1224037e+02  -5.6000000e+01   2.0308581e+02
   1.8000000e+01  -2.5870214e+01  -2.1000000e+02   4.6228075e+01   1.1311219e+02  -5.6000000e+01   2.0072819e+02
