   1.6981394e+01  -1.8725483e+01  -1.6776337e+02  -1.6129307e+01   9.8481290e+01  -5.3916257e+01   1.1916326e+02
   1.4489459e+01  -1.9355325e+01  -1.7060413e+02  -1.0757226e+01   1.1242401e+02  -5.8177800e+01   1.2297929e+02
   1.1997523e+01  -1.9985168e+01  -1.7344490e+02  -5.3851451e+00   1.2636673e+02  -6.2439343e+01   1.2679531e+02
   9.1377744e+00  -2.0611549e+01  -1.7651863e+02  -9.9864886e-02   1.4033585e+02  -6.6640654e+01   1.3063076e+02
   5.0549955e+00  -2.0000000e+01  -1.8889629e+02  -1.0850708e+01   1.4500000e+02  -5.6000000e+01   1.4058417e+02
   4.0385582e-01  -2.0000000e+01  -2.0137526e+02  -1.1177834e+01   1.4500000e+02  -5.6000000e+01   1.5130945e+02
  -9.2179797e-01  -2.0000000e+01  -2.1381818e+02  -6.0657119e-01   1.4500000e+02  -5.6000000e+01   1.6082403e+02
  -1.5691525e+00  -2.0000000e+01  -2.2080085e+02   1.0983002e+01   1.4500000e+02  -5.6000000e+01   1.7175652e+02
  -1.0767359e+00  -2.0000000e+01  -2.2043683e+02   2.1800184e+01   1.4500000e+02  -5.6000000e+01   1.8235500e+02
  -1.7502247e+00  -2.0000000e+01  -2.1994969e+02   3.1663465e+01   1.4500000e+02  -5.6000000e+01   1.9176355e+02
  -2.1842650e+00  -2.0000000e+01  -2.1873218e+02   4.0168756e+01   1.4500000e+02  -5.6000000e+01   2.0033932e+02
  -4.0971382e+00  -2.0000000e+01  -2.1563737e+02   4.7535526e+01   1.4500000e+02  -5.6000000e+01   2.0826783e+02
  -5.3844481e+00  -2.0000000e+01  -2.1580451e+02   5.0799997e+01   1.4500000e+02  -5.6000000e+01   2.1492405e+02
  -5.4373279e+00  -2.0000000e+01  -2.1627569e+02   5.2256881e+01   1.4500000e+02  -5.6000000e+01   2.2072852e+02
  -5.8716809e-01  -2.0000000e+01  -2.2149599e+02   5.2081826e+01   1.4500000e+02  -5.6000000e+01   2.2596881e+02
   4.1850962e+00  -2.0000000e+01  -2.2696723e+02   5.3071903e+01   1.4500000e+02  -5.6000000e+01   2.3058395e+02
   7.7071001e+00  -2.0000000e+01  -2.3042423e+02   5.4031843e+01   1.4500000e+02  -5.6000000e+01   2.3186688e+02
   7.1584187e+00  -2.0000000e+01  -2.2995539e+02   5.4317595e+01   1.4500000e+02  -5.6000000e+01   2.3293075e+02
   6.8623988e+00  -2.0000000e+01  -2.3063567e+02   5.3832805e+01   1.4500000e+02  -5.6000000e+01   2.2962760e+02
   7.9992915e+00  -2.0000000e+01  -2.3153053e+02   5.2679693e+01   1.4500000e+02  -5.6000000e+01   2.2519138e+02
   7.2043651e+00  -2.0000000e+01  -2.3107264e+02   5.1209708e+01   1.4500000e+02  -5.6000000e+01   2.2052677e+02
   7.7102732e+00  -2.0000000e+01  -2.3137844e+02   4.9519056e+01   1.4500000e+02  -5.6000000e+01   2.1541560e+02
   7.3950966e+00  -2.0000000e+01  -2.3030916e+02   4.7465986e+01   1.4500000e+02  -5.6000000e+01   2.1000451e+02
   7.0675586e+00  -2.0000000e+01  -2.2915375e+02   4.5177921e+01   1.4500000e+02  -5.6000000e+01   2.0595919e+02
   6.4873974e+00  -2.0000000e+01  -2.2828086e+02   4.3611497e+01   1.4500000e+02  -5.6000000e+01   2.0167283e+02
   7.7464024e+00  -2.0000000e+01  -2.2891959e+02   4.2765362e+01   1.4500000e+02  -5.6000000e+01   1.9898752e+02
   8.4459988e+00  -2.0000000e+01  -2.2871309e+02   4.1433033e+01   1.4500000e+02  -5.6000000e+01   1.9537820e+02
   8.5390200e+00  -2.0000000e+01  -2.2744766e+02   3.9245390e+01   1.4500000e+02  -5.6000000e+01   1.8959341e+02
   8.8827882e+00  -2.0000000e+01  -2.2623943e+02   3.7245895e+01   1.4500000e+02  -5.6000000e+01   1.8476054e+02
   8.9600840e+00  -2.0000000e+01  -2.2477734e+02   3.4180896e+01   1.4500000e+02  -5.6000000e+01   1.7796415e+02
   8.8062579e+00  -2.0000000e+01  -2.2235736e+02   3.2338475e+01   1.4500000e+02  -5.6000000e+01   1.7326667e+02
   9.6740072e+00  -2.0000000e+01  -2.2075093e+02   2.9314123e+01   1.4500000e+02  -5.6000000e+01   1.6676075e+02
   1.0760811e+01  -2.0000000e+01  -2.1936599e+02   2.7344453e+01   1.4500000e+02  -5.6000000e+01   1.6149081e+02
   1.0985487e+01  -2.0000000e+01  -2.1778162e+02   2.5084306e+01   1.4500000e+02  -5.6000000e+01   1.5554036e+02
   1.1677831e+01  -2.0000000e+01  -2.1592427e+02   2.2894202e+01   1.4500000e+02  -5.6000000e+01   1.5043198e+02
   1.2151522e+01  -2.0000000e+01  -2.1412880e+02   2.0720340e+01   1.4500000e+02  -5.6000000e+01   1.4645074e+02
   1.3009323e+01  -2.0000000e+01  -2.1122372e+02   1.9312659e+01   1.4500000e+02  -5.6000000e+01   1.4383257e+02
   1.2206596e+01  -2.0000000e+01  -2.0794236e+02   1.8866352e+01   1.4500000e+02  -5.6000000e+01   1.4127650e+02
   1.3150432e+01  -2.0000000e+01  -2.0474894e+02   1.7658623e+01   1.4500000e+02  -5.6000000e+01   1.3946905e+02
   1.3985595e+01  -2.0000000e+01  -2.0417900e+02   1.6165128e+01   1.4500000e+02  -5.6000000e+01   1.3772527e+02
   1.5622926e+01  -2.0000000e+01  -2.0402829e+02   1.4290923e+01   1.4500000e+02  -5.6000000e+01   1.3608771e+02
   1.5739501e+01  -2.0000000e+01  -2.0109191e+02   1.2151531e+01   1.4500000e+02  -5.6000000e+01   1.3350309e+02
   1.7012334e+01  -2.0000000e+01  -1.9528201e+02   1.1488007e+01   1.4500000e+02  -5.6000000e+01   1.3023727e+02
   1.9082295e+01  -2.0000000e+01  -1.9070955e+02   9.8199157e+00   1.4500000e+02  -5.6000000e+01   1.2908019e+02
   2.0504344e+01  -2.0000000e+01  -1.8739352e+02   7.5656263e+00   1.4500000e+02  -5.6000000e+01   1.2658110e+02
   2.0837066e+01  -2.0000000e+01  -1.8242557e+02   5.2224845e+00   1.4500000e+02  -5.6000000e+01   1.2515144e+02
   2.2302232e+01  -2.0000000e+01  -1.7867216e+02   1.5824996e+00   1.4500000e+02  -5.6000000e+01   1.2379952e+02
   2.4295928e+01  -2.0000000e+01  -1.7527850e+02  -2.5087611e+00   1.4500000e+02  -5.6000000e+01   1.2264904e+02
   2.4887693e+01  -2.0000000e+01  -1.7420938e+02  -6.6130220e+00   1.4500000e+02  -5.6000000e+01   1.2157443e+02
   2.6110544e+01  -2.0000000e+01  -1.7518006e+02  -8.2323120e+00   1.4500000e+02  -5.6000000e+01   1.2096348e+02
   2.7310522e+01  -2.0000000e+01  -1.7434263e+02  -9.8481246e+00   1.4500000e+02  -5.6000000e+01   1.2042226e+02
   2.8153267e+01  -2.0000000e+01  -1.7346569e+02  -1.0434875e+01   1.4500000e+02  -5.6000000e+01   1.1988273e+02
   2.8718660e+01  -2.0000000e+01  -1.6804460e+02  -1.1892107e+01   1.4500000e+02  -5.6000000e+01   1.1699197e+02
   2.9777472e+01  -2.0000000e+01  -1.6767162e+02  -1.3248991e+01   1.4500000e+02  -5.6000000e+01   1.1657211e+02
   3.1669059e+01  -2.0000000e+01  -1.6573903e+02  -1.4620549e+01   1.4500000e+02  -5.6000000e+01   1.1618219e+02
   3.2648365e+01  -2.0000000e+01  -1.6995374e+02  -1.7778668e+01   1.4500000e+02  -5.6000000e+01   1.1716951e+02
   3.1966063e+01  -2.0000000e+01  -1.6828604e+02  -2.2275973e+01   1.4500000e+02  -5.6000000e+01   1.1685959e+02
   3.3180624e+01  -2.0000000e+01  -1.7050441e+02  -2.1951288e+01   1.4500000e+02  -5.6000000e+01   1.1765851e+02
   3.2542319e+01  -2.0000000e+01  -1.6938351e+02  -1.5809816e+01   1.4500000e+02  -5.6000000e+01   1.0986806e+02
   2.9501662e+01  -2.0000000e+01  -1.6559050e+02  -1.3732053e+01   1.4500000e+02  -5.6000000e+01   1.0311527e+02
   3.6045450e+01  -2.0000000e+01  -1.7166391e+02  -6.6570080e+00   1.4500000e+02  -5.6000000e+01   1.0630091e+02
   3.5830314e+01  -2.0000000e+01  -1.7033480e+02  -1.0795961e+01   1.4500000e+02  -5.6000000e+01   1.1388817e+02
   3.6949666e+01  -2.0000000e+01  -1.7310742e+02  -1.3943199e+01   1.4500000e+02  -5.6000000e+01   1.1890468e+02
   3.5267263e+01  -2.0000000e+01  -1.6865549e+02  -1.5586901e+01   1.4500000e+02  -5.6000000e+01   1.1753321e+02
   3.6901955e+01  -2.0000000e+01  -1.7085913e+02  -1.5503631e+01   1.4500000e+02  -5.6000000e+01   1.1675913e+02
   3.6618070e+01  -2.0000000e+01  -1.7518832e+02  -1.8234716e+01   1.4500000e+02  -5.6000000e+01   1.1499953e+02
   3.7159123e+01  -2.0000000e+01  -1.7485440e+02  -2.1081931e+01   1.4500000e+02  -5.6000000e+01   1.1477721e+02
   3.5488761e+01  -2.0000000e+01  -1.7202898e+02  -2.2312517e+01   1.4500000e+02  -5.6000000e+01   1.1144793e+02
   3.3503759e+01  -2.0000000e+01  -1.6916955e+02  -2.2866523e+01   1.4500000e+02  -5.6000000e+01   1.1272450e+02
   3.0187292e+01  -2.0000000e+01  -1.6491459e+02  -2.1442627e+01   1.4500000e+02  -5.6000000e+01   1.1218113e+02
   2.5996884e+01  -2.0000000e+01  -1.5924256e+02  -2.4350697e+01   1.4500000e+02  -5.6000000e+01   1.0916219e+02
   2.3278067e+01  -2.0000000e+01  -1.5958974e+02  -2.5705541e+01   1.4500000e+02  -5.6000000e+01   1.0625608e+02
   2.2162800e+01  -2.0000000e+01  -1.6556312e+02  -2.6195135e+01   1.4500000e+02  -5.6000000e+01   1.0956458e+02
   2.1489228e+01  -2.0000000e+01  -1.6903825e+02  -2.8927418e+01   1.4500000e+02  -5.6000000e+01   1.1427042e+02
   1.9316028e+01  -2.0000000e+01  -1.7854979e+02  -2.8925790e+01   1.4500000e+02  -5.6000000e+01   1.2262979e+02
   1.5885375e+01  -2.0000000e+01  -1.8703762e+02  -3.2461587e+01   1.4500000e+02  -5.6000000e+01   1.2969873e+02
   1.4209254e+01  -2.0000000e+01  -1.9319158e+02  -3.3195682e+01   1.4500000e+02  -5.6000000e+01   1.3894404e+02
   1.3663127e+01  -2.0000000e+01  -1.9990992e+02  -2.7507543e+01   1.4500000e+02  -5.6000000e+01   1.4829153e+02
   1.3637556e+01  -2.0000000e+01  -2.0765837e+02  -1.7065283e+01   1.4500000e+02  -5.6000000e+01   1.5939979e+02
   1.1732226e+01  -2.0000000e+01  -2.1429797e+02  -5.2396107e+00   1.4500000e+02  -5.6000000e+01   1.6966341e+02
   6.5361539e+00  -2.0000000e+01  -2.1634665e+02   7.2531582e+00   1.4500000e+02  -5.6000000e+01   1.7973355e+02
   5.9530685e+00  -2.0000000e+01  -2.2048642e+02   1.8897167e+01   1.4500000e+02  -5.6000000e+01   1.8954606e+02
   3.9432649e+00  -2.0000000e+01  -2.2207788e+02   2.7885230e+01   1.4500000e+02  -5.6000000e+01   1.9805946e+02
   4.5476489e+00  -2.0000000e+01  -2.2506294e+02   3.5540260e+01   1.4500000e+02  -5.6000000e+01   2.0658886e+02
   4.3424575e+00  -2.0000000e+01  -2.2732638e+02   3.9829257e+01   1.4500000e+02  -5.6000000e+01   2.1474426e+02
   4.4972922e+00  -2.0000000e+01  -2.2939363e+02   4.3285758e+01   1.4500000e+02  -5.6000000e+01   2.2164779e+02
   4.1792186e+00  -2.0000000e+01  -2.3095793e+02   4.7637471e+01   1.4500000e+02  -5.6000000e+01   2.2672476e+02
   5.5050914e+00  -2.0000000e+01  -2.3186945e+02   5.1796177e+01   1.4500000e+02  -5.6000000e+01   2.3184768e+02
   6.5534558e+00  -2.0000000e+01  -2.3307631e+02   5.6276214e+01   1.4500000e+02  -5.6000000e+01   2.3555431e+02
   9.3780625e+00  -2.0000000e+01  -2.3621345e+02   5.8679993e+01   1.4500000e+02  -5.6000000e+01   2.3902501e+02
   1.0599255e+01  -2.0000000e+01  -2.3738826e+02   5.9656478e+01   1.4500000e+02  -5.6000000e+01   2.4094427e+02
   1.3081668e+01  -2.0000000e+01  -2.3945518e+02   6.0523056e+01   1.4500000e+02  -5.6000000e+01   2.4188275e+02
   1.2762601e+01  -2.0000000e+01  -2.3892365e+02   6.0332678e+01   1.4500000e+02  -5.6000000e+01   2.3997899e+02
   1.2136119e+01  -2.0000000e+01  -2.3716621e+02   5.8788564e+01   1.4500000e+02  -5.6000000e+01   2.3652414e+02
   1.0910011e+01  -2.0000000e+01  -2.3478368e+02   5.6546353e+01   1.4500000e+02  -5.6000000e+01   2.3128116e+02
   1.0627248e+01  -2.0000000e+01  -2.3267575e+02   5.3568171e+01   1.4500000e+02  -5.6000000e+01   2.2481243e+02
   1.1719830e+01  -2.0000000e+01  -2.3241900e+02   5.0773593e+01   1.4500000e+02  -5.6000000e+01   2.1915649e+02
   1.1622147e+01  -2.0000000e+01  -2.3110157e+02   4.8409790e+01   1.4500000e+02  -5.6000000e+01   2.1350353e+02
   1.1631825e+01  -2.0000000e+01  -2.2955475e+02   4.5901983e+01   1.4500000e+02  -5.6000000e+01   2.0851782e+02
   1.0347722e+01  -2.0000000e+01  -2.2816725e+02   4.3814724e+01   1.4500000e+02  -5.6000000e+01   2.0372549e+02
   1.1076107e+01  -2.0000000e+01  -2.2783975e+02   4.2184148e+01   1.4500000e+02  -5.6000000e+01   2.0003523e+02
   1.0677132e+01  -2.0000000e+01  -2.2663291e+02   4.0417111e+01   1.4500000e+02  -5.6000000e+01   1.9478076e+02
   1.1507654e+01  -2.0000000e+01  -2.2615179e+02   3.9430169e+01   1.4500000e+02  -5.6000000e+01   1.9273698e+02
   1.1125864e+01  -2.0000000e+01  -2.2522442e+02   3.7768729e+01   1.4500000e+02  -5.6000000e+01   1.8855885e+02
   1.1195853e+01  -2.0000000e+01  -2.2394872e+02   3.6168025e+01   1.4500000e+02  -5.6000000e+01   1.8499330e+02
   1.0940484e+01  -2.0000000e+01  -2.2358504e+02   3.6208075e+01   1.4500000e+02  -5.6000000e+01   1.8353049e+02
   1.1563159e+01  -2.0000000e+01  -2.2337418e+02   3.5272639e+01   1.4500000e+02  -5.6000000e+01   1.8250214e+02
   1.2142534e+01  -2.0000000e+01  -2.2344093e+02   3.4141215e+01   1.4500000e+02  -5.6000000e+01   1.7936144e+02
   1.2474149e+01  -2.0000000e+01  -2.2320067e+02   3.4734659e+01   1.4500000e+02  -5.6000000e+01   1.7853462e+02
   1.2633905e+01  -2.0000000e+01  -2.2243177e+02   3.4308185e+01   1.4500000e+02  -5.6000000e+01   1.7701321e+02
   1.2262964e+01  -2.0000000e+01  -2.2081863e+02   3.3424666e+01   1.4500000e+02  -5.6000000e+01   1.7511255e+02
   1.2715514e+01  -2.0000000e+01  -2.1967764e+02   3.2045152e+01   1.4500000e+02  -5.6000000e+01   1.7214337e+02
   1.2809709e+01  -2.0000000e+01  -2.1864281e+02   3.1059490e+01   1.4500000e+02  -5.6000000e+01   1.7066983e+02
   1.3321776e+01  -2.0000000e+01  -2.1764974e+02   3.0425489e+01   1.4500000e+02  -5.6000000e+01   1.6896237e+02
   1.4258745e+01  -2.0000000e+01  -2.1708979e+02   2.9645400e+01   1.4500000e+02  -5.6000000e+01   1.6675586e+02
   1.3148611e+01  -2.0000000e+01  -2.1587252e+02   2.9798570e+01   1.4500000e+02  -5.6000000e+01   1.6543518e+02
   1.4006283e+01  -2.0000000e+01  -2.1616422e+02   2.8133514e+01   1.4500000e+02  -5.6000000e+01   1.6410091e+02
   1.3421172e+01  -2.0000000e+01  -2.1517262e+02   2.8248061e+01   1.4500000e+02  -5.6000000e+01   1.6269804e+02
   1.3274579e+01  -2.0000000e+01  -2.1501689e+02   2.8300577e+01   1.4500000e+02  -5.6000000e+01   1.6129741e+02
   1.3602664e+01  -2.0000000e+01  -2.1535026e+02   2.7840830e+01   1.4500000e+02  -5.6000000e+01   1.6102203e+02
   1.3735685e+01  -2.0000000e+01  -2.1389041e+02   2.6149947e+01   1.4500000e+02  -5.6000000e+01   1.5824963e+02
   1.4204957e+01  -2.0000000e+01  -2.1390319e+02   2.4079442e+01   1.4500000e+02  -5.6000000e+01   1.5563456e+02
   1.4405555e+01  -2.0000000e+01  -2.1342674e+02   2.3235486e+01   1.4500000e+02  -5.6000000e+01   1.5302072e+02
   1.4643507e+01  -2.0000000e+01  -2.1375621e+02   2.2699745e+01   1.4500000e+02  -5.6000000e+01   1.5166071e+02
   1.3737859e+01  -2.0000000e+01  -2.1294654e+02   2.2484764e+01   1.4500000e+02  -5.6000000e+01   1.4887188e+02
   1.4521252e+01  -2.0000000e+01  -2.1281963e+02   2.1038196e+01   1.4500000e+02  -5.6000000e+01   1.4665416e+02
   1.4146996e+01  -2.0000000e+01  -2.1006239e+02   2.1350293e+01   1.4500000e+02  -5.6000000e+01   1.4516020e+02
   1.4398608e+01  -2.0000000e+01  -2.0931562e+02   2.0508948e+01   1.4500000e+02  -5.6000000e+01   1.4394539e+02
   1.4767748e+01  -2.0000000e+01  -2.0685611e+02   2.0277795e+01   1.4500000e+02  -5.6000000e+01   1.4237161e+02
   1.5070125e+01  -2.0000000e+01  -2.0578755e+02   1.9535827e+01   1.4500000e+02  -5.6000000e+01   1.4111424e+02
   1.5437775e+01  -2.0000000e+01  -2.0338880e+02   1.8688802e+01   1.4500000e+02  -5.6000000e+01   1.3989384e+02
   1.7103572e+01  -2.0000000e+01  -2.0358368e+02   1.6200321e+01   1.4500000e+02  -5.6000000e+01   1.3898829e+02
   1.8292394e+01  -2.0000000e+01  -2.0249770e+02   1.4062105e+01   1.4500000e+02  -5.6000000e+01   1.3720650e+02
   1.8939403e+01  -2.0000000e+01  -2.0158827e+02   1.2506616e+01   1.4500000e+02  -5.6000000e+01   1.3660649e+02
   1.9817034e+01  -2.0000000e+01  -1.9764103e+02   1.0304189e+01   1.4500000e+02  -5.6000000e+01   1.3423096e+02
   2.0783892e+01  -2.0000000e+01  -1.9308801e+02   6.7734235e+00   1.4500000e+02  -5.6000000e+01   1.3225995e+02
   2.1479916e+01  -2.0000000e+01  -1.8990893e+02   3.3099976e+00   1.4500000e+02  -5.6000000e+01   1.3069340e+02
   2.2137701e+01  -2.0000000e+01  -1.8947919e+02   1.3976826e+00   1.4500000e+02  -5.6000000e+01   1.3028013e+02
   2.2508350e+01  -2.0000000e+01  -1.8996325e+02  -7.1896231e-01   1.4500000e+02  -5.6000000e+01   1.2943532e+02
   2.2703753e+01  -2.0000000e+01  -1.8703997e+02  -2.5979796e+00   1.4500000e+02  -5.6000000e+01   1.2852571e+02
   2.4391476e+01  -2.0000000e+01  -1.8057655e+02  -5.6939382e+00   1.4500000e+02  -5.6000000e+01   1.2676929e+02
   2.5429723e+01  -2.0000000e+01  -1.7741993e+02  -8.9832889e+00   1.4500000e+02  -5.6000000e+01   1.2651188e+02
   2.6834217e+01  -2.0000000e+01  -1.7803370e+02  -1.1234353e+01   1.4500000e+02  -5.6000000e+01   1.2726825e+02
   2.7370804e+01  -2.0000000e+01  -1.7896968e+02  -1.1659030e+01   1.4500000e+02  -5.6000000e+01   1.2724173e+02
   2.7510306e+01  -2.0000000e+01  -1.7517978e+02  -1.2852582e+01   1.4500000e+02  -5.6000000e+01   1.2626685e+02
   2.8294531e+01  -2.0000000e+01  -1.7503898e+02  -1.3486410e+01   1.4500000e+02  -5.6000000e+01   1.2655060e+02
   2.9172949e+01  -2.0000000e+01  -1.7762314e+02  -1.2796542e+01   1.4500000e+02  -5.6000000e+01   1.2642691e+02
   2.9872359e+01  -2.0000000e+01  -1.8046755e+02  -1.2113843e+01   1.4500000e+02  -5.6000000e+01   1.2621585e+02
   3.0921926e+01  -2.0000000e+01  -1.7888962e+02  -1.0511796e+01   1.4500000e+02  -5.6000000e+01   1.2489076e+02
   3.1889366e+01  -2.0000000e+01  -1.7996804e+02  -1.0612309e+01   1.4500000e+02  -5.6000000e+01   1.2539534e+02
   3.2054086e+01  -2.0000000e+01  -1.7899978e+02  -1.1564300e+01   1.4500000e+02  -5.6000000e+01   1.2511845e+02
   3.3390848e+01  -2.0000000e+01  -1.8036526e+02  -1.1558954e+01   1.4500000e+02  -5.6000000e+01   1.2569973e+02
   3.3938547e+01  -2.0000000e+01  -1.7960354e+02  -1.1884678e+01   1.4500000e+02  -5.6000000e+01   1.2594827e+02
   3.4726607e+01  -2.0000000e+01  -1.7948021e+02  -1.2313297e+01   1.4500000e+02  -5.6000000e+01   1.2444372e+02
   3.5930361e+01  -2.0000000e+01  -1.7962879e+02  -1.4026949e+01   1.4500000e+02  -5.6000000e+01   1.2367750e+02
   3.5866913e+01  -2.0000000e+01  -1.7971331e+02  -1.3272369e+01   1.4500000e+02  -5.6000000e+01   1.2304254e+02
   3.6461704e+01  -2.0000000e+01  -1.7933874e+02  -1.5343473e+01   1.4500000e+02  -5.6000000e+01   1.2272019e+02
   3.6652419e+01  -2.0000000e+01  -1.7916978e+02  -1.5667757e+01   1.4500000e+02  -5.6000000e+01   1.2288635e+02
   3.6926056e+01  -2.0000000e+01  -1.7907927e+02  -1.7122837e+01   1.4500000e+02  -5.6000000e+01   1.2162033e+02
   3.7619024e+01  -2.0000000e+01  -1.7843126e+02  -1.8445247e+01   1.4500000e+02  -5.6000000e+01   1.2201700e+02
   3.7587864e+01  -2.0000000e+01  -1.7753344e+02  -1.8331422e+01   1.4500000e+02  -5.6000000e+01   1.2068925e+02
   3.6776442e+01  -2.0000000e+01  -1.7578875e+02  -1.5644029e+01   1.4500000e+02  -5.6000000e+01   1.1850839e+02
   3.5598044e+01  -2.0000000e+01  -1.7447353e+02  -1.5529063e+01   1.4500000e+02  -5.6000000e+01   1.1718882e+02
   3.2708867e+01  -2.0000000e+01  -1.7398092e+02  -1.5716041e+01   1.4500000e+02  -5.6000000e+01   1.1507566e+02
   2.9010008e+01  -2.0000000e+01  -1.6934464e+02  -1.8995750e+01   1.4500000e+02  -5.6000000e+01   1.1457536e+02
   2.6470136e+01  -2.0000000e+01  -1.7340179e+02  -2.3069866e+01   1.4500000e+02  -5.6000000e+01   1.1722697e+02
   2.5134190e+01  -2.0000000e+01  -1.8000989e+02  -2.6354497e+01   1.4500000e+02  -5.6000000e+01   1.2583599e+02
   2.1598255e+01  -2.0000000e+01  -1.9053139e+02  -2.5495381e+01   1.4500000e+02  -5.6000000e+01   1.3227712e+02
   1.7559800e+01  -2.0000000e+01  -2.0038743e+02  -1.9750766e+01   1.4500000e+02  -5.6000000e+01   1.3641773e+02
   1.2496549e+01  -2.0000000e+01  -2.1087378e+02  -1.0486781e+01   1.4500000e+02  -5.6000000e+01   1.4234172e+02
   5.4923461e+00  -2.0000000e+01  -2.2165420e+02   3.3656057e-01   1.4500000e+02  -5.6000000e+01   1.4981253e+02
   1.1491571e+00  -2.0000000e+01  -2.2829588e+02   1.0984801e+01   1.4500000e+02  -5.6000000e+01   1.5964156e+02
  -2.4970875e-01  -2.0000000e+01  -2.2945363e+02   1.9212222e+01   1.4500000e+02  -5.6000000e+01   1.7160564e+02
  -9.2677050e-01  -2.0000000e+01  -2.3161603e+02   2.5457557e+01   1.4500000e+02  -5.6000000e+01   1.8176123e+02
  -2.7778632e+00  -2.0000000e+01  -2.3261594e+02   3.0202622e+01   1.4500000e+02  -5.6000000e+01   1.9137468e+02
  -1.5470995e+00  -2.0000000e+01  -2.3504988e+02   3.3846480e+01   1.4500000e+02  -5.6000000e+01   1.9937136e+02
  -4.0778025e-01  -2.0000000e+01  -2.3604389e+02   3.5211449e+01   1.4500000e+02  -5.6000000e+01   2.0725079e+02
  -1.1334720e+00  -2.0000000e+01  -2.3653619e+02   3.9334969e+01   1.4500000e+02  -5.6000000e+01   2.1401423e+02
  -1.7744755e+00  -2.0000000e+01  -2.3526003e+02   4.2842774e+01   1.4500000e+02  -5.6000000e+01   2.1909952e+02
  -1.8949118e+00  -2.0000000e+01  -2.3295654e+02   4.8615176e+01   1.4500000e+02  -5.6000000e+01   2.2434804e+02
   7.2150639e-01  -2.0000000e+01  -2.3107575e+02   5.5727364e+01   1.4500000e+02  -5.6000000e+01   2.2888784e+02
   2.8850053e+00  -2.0000000e+01  -2.3299424e+02   5.7866933e+01   1.4500000e+02  -5.6000000e+01   2.3321716e+02
   5.2029897e+00  -2.0000000e+01  -2.3535974e+02   5.9000770e+01   1.4500000e+02  -5.6000000e+01   2.3476392e+02
   6.8187668e+00  -2.0000000e+01  -2.3707282e+02   5.8913263e+01   1.4500000e+02  -5.6000000e+01   2.3152309e+02
   7.8864026e+00  -2.0000000e+01  -2.3662256e+02   5.6961562e+01   1.4500000e+02  -5.6000000e+01   2.2435817e+02
   8.2088864e+00  -2.0000000e+01  -2.3503570e+02   5.3454584e+01   1.4500000e+02  -5.6000000e+01   2.1663308e+02
   8.8660529e+00  -2.0000000e+01  -2.3452765e+02   5.0789738e+01   1.4500000e+02  -5.6000000e+01   2.1117316e+02
   8.8625946e+00  -2.0000000e+01  -2.3376441e+02   4.8407589e+01   1.4500000e+02  -5.6000000e+01   2.0582110e+02
   9.3996665e+00  -2.0000000e+01  -2.3254511e+02   4.5641324e+01   1.4500000e+02  -5.6000000e+01   2.0075940e+02
   1.0257701e+01  -2.0000000e+01  -2.3191068e+02   4.4001630e+01   1.4500000e+02  -5.6000000e+01   1.9765401e+02
   9.6196565e+00  -2.0000000e+01  -2.2994707e+02   4.1887802e+01   1.4500000e+02  -5.6000000e+01   1.9293910e+02
   1.0338722e+01  -2.0000000e+01  -2.2878317e+02   4.0241304e+01   1.4500000e+02  -5.6000000e+01   1.9014586e+02
   9.6939354e+00  -2.0000000e+01  -2.2692632e+02   3.8413668e+01   1.4500000e+02  -5.6000000e+01   1.8607686e+02
   9.9133603e+00  -2.0000000e+01  -2.2566720e+02   3.7742317e+01   1.4500000e+02  -5.6000000e+01   1.8508350e+02
   1.1073726e+01  -2.0000000e+01  -2.2464794e+02   3.5921942e+01   1.4500000e+02  -5.6000000e+01   1.8245675e+02
   1.2363447e+01  -2.0000000e+01  -2.2406692e+02   3.3869799e+01   1.4500000e+02  -5.6000000e+01   1.7994021e+02
   1.4204168e+01  -2.0000000e+01  -2.2331960e+02   3.2815977e+01   1.4500000e+02  -5.6000000e+01   1.7957592e+02
   1.4715168e+01  -2.0000000e+01  -2.2233889e+02   3.1999687e+01   1.4500000e+02  -5.6000000e+01   1.7706948e+02
   1.5378617e+01  -2.0000000e+01  -2.2094020e+02   3.2130555e+01   1.4500000e+02  -5.6000000e+01   1.7707162e+02
   1.5995913e+01  -2.0000000e+01  -2.1912224e+02   3.0232881e+01   1.4500000e+02  -5.6000000e+01   1.7470753e+02
   1.6294886e+01  -2.0000000e+01  -2.1735574e+02   2.9484538e+01   1.4500000e+02  -5.6000000e+01   1.7292093e+02
   1.6093186e+01  -2.0000000e+01  -2.1584672e+02   2.7614706e+01   1.4500000e+02  -5.6000000e+01   1.7071488e+02
   1.6398814e+01  -2.0000000e+01  -2.1489760e+02   2.6268849e+01   1.4500000e+02  -5.6000000e+01   1.6871766e+02
   1.5894029e+01  -2.0000000e+01  -2.1317416e+02   2.5116313e+01   1.4500000e+02  -5.6000000e+01   1.6620481e+02
   1.6528653e+01  -2.0000000e+01  -2.1075980e+02   2.3339434e+01   1.4500000e+02  -5.6000000e+01   1.6254054e+02
   1.7916707e+01  -2.0000000e+01  -2.0979231e+02   2.0509074e+01   1.4500000e+02  -5.6000000e+01   1.6050999e+02
   1.8821382e+01  -2.0000000e+01  -2.0749923e+02   1.8556746e+01   1.4500000e+02  -5.6000000e+01   1.5825209e+02
   1.9969554e+01  -2.0000000e+01  -2.0682667e+02   1.7385559e+01   1.4500000e+02  -5.6000000e+01   1.5731657e+02
   2.1107493e+01  -2.0000000e+01  -2.0619312e+02   1.5942254e+01   1.4500000e+02  -5.6000000e+01   1.5514709e+02
   2.1047402e+01  -2.0000000e+01  -2.0500847e+02   1.5593250e+01   1.4500000e+02  -5.6000000e+01   1.5375985e+02
   2.2889089e+01  -2.0000000e+01  -2.0530384e+02   1.4668121e+01   1.4500000e+02  -5.6000000e+01   1.5442169e+02
   2.3624582e+01  -2.0000000e+01  -2.0313102e+02   1.3524745e+01   1.4500000e+02  -5.6000000e+01   1.5205855e+02
   2.3554698e+01  -2.0000000e+01  -1.9941325e+02   1.2206444e+01   1.4500000e+02  -5.6000000e+01   1.5078681e+02
   2.5900317e+01  -2.0000000e+01  -2.0010774e+02   1.0769590e+01   1.4500000e+02  -5.6000000e+01   1.4971086e+02
   2.7107901e+01  -2.0000000e+01  -2.0082959e+02   8.9927446e+00   1.4500000e+02  -5.6000000e+01   1.4804193e+02
   2.8242567e+01  -2.0000000e+01  -1.9826110e+02   6.7514522e+00   1.4500000e+02  -5.6000000e+01   1.4528709e+02
   2.8551507e+01  -2.0000000e+01  -1.9494661e+02   5.2174937e+00   1.4500000e+02  -5.6000000e+01   1.4509675e+02
   2.9087866e+01  -2.0000000e+01  -1.9303788e+02   4.2425196e+00   1.4500000e+02  -5.6000000e+01   1.4517837e+02
   2.8874980e+01  -2.0000000e+01  -1.9280643e+02   3.7430857e+00   1.4500000e+02  -5.6000000e+01   1.4454116e+02
   2.9200984e+01  -2.0000000e+01  -1.8973918e+02   2.5710333e+00   1.4500000e+02  -5.6000000e+01   1.4337802e+02
   3.0052138e+01  -2.0000000e+01  -1.9080561e+02   2.7444471e+00   1.4500000e+02  -5.6000000e+01   1.4348917e+02
   2.9529821e+01  -2.0000000e+01  -1.8568704e+02   3.0664325e+00   1.4500000e+02  -5.6000000e+01   1.4295425e+02
   3.1278571e+01  -2.0000000e+01  -1.8737834e+02   3.0025933e+00   1.4500000e+02  -5.6000000e+01   1.4237714e+02
   3.1475968e+01  -2.0000000e+01  -1.8370285e+02   1.4022337e+00   1.4500000e+02  -5.6000000e+01   1.4114557e+02
   3.1749929e+01  -2.0000000e+01  -1.8295267e+02  -1.1460312e-01   1.4500000e+02  -5.6000000e+01   1.4025928e+02
   3.2478384e+01  -2.0000000e+01  -1.8331721e+02  -2.4291025e+00   1.4500000e+02  -5.6000000e+01   1.3893050e+02
   3.2915112e+01  -2.0000000e+01  -1.8033965e+02  -3.3092925e+00   1.4500000e+02  -5.6000000e+01   1.3721353e+02
   3.4354116e+01  -2.0000000e+01  -1.7862162e+02  -5.1734968e+00   1.4500000e+02  -5.6000000e+01   1.3683073e+02
   3.4800226e+01  -2.0000000e+01  -1.7754140e+02  -6.4216582e+00   1.4500000e+02  -5.6000000e+01   1.3606870e+02
   3.6388314e+01  -2.0000000e+01  -1.7816335e+02  -5.7684631e+00   1.4500000e+02  -5.6000000e+01   1.3620983e+02
   3.7340149e+01  -2.0000000e+01  -1.7790813e+02  -6.6524381e+00   1.4500000e+02  -5.6000000e+01   1.3458032e+02
   3.8136017e+01  -2.0000000e+01  -1.7764963e+02  -6.9731291e+00   1.4500000e+02  -5.6000000e+01   1.3321257e+02
   3.8422368e+01  -2.0000000e+01  -1.7655490e+02  -7.5810378e+00   1.4500000e+02  -5.6000000e+01   1.3224513e+02
   3.9246546e+01  -2.0000000e+01  -1.7785168e+02  -7.0854063e+00   1.4500000e+02  -5.6000000e+01   1.3138212e+02
   4.0572141e+01  -2.0000000e+01  -1.7747920e+02  -8.1999274e+00   1.4500000e+02  -5.6000000e+01   1.3060089e+02
   4.0878497e+01  -2.0000000e+01  -1.7890815e+02  -7.4581535e+00   1.4500000e+02  -5.6000000e+01   1.3048354e+02
   4.1868719e+01  -2.0000000e+01  -1.7910436e+02  -7.0719145e+00   1.4500000e+02  -5.6000000e+01   1.2965451e+02
   3.9671918e+01  -2.0000000e+01  -1.8251745e+02  -6.8005979e+00   1.4500000e+02  -5.6000000e+01   1.2771063e+02
   3.8309045e+01  -2.0000000e+01  -1.8442182e+02  -8.8328228e+00   1.4500000e+02  -5.6000000e+01   1.2795530e+02
   3.4538606e+01  -2.0000000e+01  -1.8426691e+02  -1.4269812e+01   1.4500000e+02  -5.6000000e+01   1.3257779e+02
   3.1955596e+01  -2.0000000e+01  -1.8649531e+02  -1.5335317e+01   1.4500000e+02  -5.6000000e+01   1.3944632e+02
   2.9638013e+01  -2.0000000e+01  -1.8979243e+02  -1.6887435e+01   1.4500000e+02  -5.6000000e+01   1.4496268e+02
   2.6402496e+01  -2.0000000e+01  -1.9518745e+02  -1.5215826e+01   1.4500000e+02  -5.6000000e+01   1.5094487e+02
   2.2091614e+01  -2.0000000e+01  -2.0208918e+02  -9.3032157e+00   1.4500000e+02  -5.6000000e+01   1.5997586e+02
   1.7563036e+01  -2.0000000e+01  -2.1007035e+02  -1.2778533e+00   1.4500000e+02  -5.6000000e+01   1.6476026e+02
   1.0147404e+01  -2.0000000e+01  -2.1969418e+02   8.5996907e+00   1.4500000e+02  -5.6000000e+01   1.7146906e+02
   3.0943851e+00  -2.0000000e+01  -2.2548028e+02   1.8844704e+01   1.4500000e+02  -5.6000000e+01   1.7766359e+02
   2.9372091e+00  -2.0000000e+01  -2.2895239e+02   2.6589315e+01   1.4500000e+02  -5.6000000e+01   1.8880065e+02
   2.7742309e+00  -2.0000000e+01  -2.3178556e+02   3.2066925e+01   1.4500000e+02  -5.6000000e+01   1.9855257e+02
   2.9201746e+00  -2.0000000e+01  -2.3407118e+02   3.6547604e+01   1.4500000e+02  -5.6000000e+01   2.0674146e+02
   2.5819841e+00  -2.0000000e+01  -2.3506008e+02   4.1845162e+01   1.4500000e+02  -5.6000000e+01   2.1399914e+02
   4.5213266e+00  -2.0000000e+01  -2.3521430e+02   4.7495914e+01   1.4500000e+02  -5.6000000e+01   2.2027411e+02
   4.8038607e+00  -2.0000000e+01  -2.3414000e+02   5.3533479e+01   1.4500000e+02  -5.6000000e+01   2.2642000e+02
   8.0717953e+00  -2.0000000e+01  -2.3523322e+02   5.6306597e+01   1.4500000e+02  -5.6000000e+01   2.3123711e+02
   9.4089499e+00  -2.0000000e+01  -2.3575911e+02   5.7794597e+01   1.4500000e+02  -5.6000000e+01   2.3588755e+02
   1.0229000e+01  -2.0000000e+01  -2.3604222e+02   5.8345455e+01   1.4500000e+02  -5.6000000e+01   2.3663929e+02
   8.9753562e+00  -2.0000000e+01  -2.3461974e+02   5.8088043e+01   1.4500000e+02  -5.6000000e+01   2.3495695e+02
   9.1546756e+00  -2.0000000e+01  -2.3341766e+02   5.6144826e+01   1.4500000e+02  -5.6000000e+01   2.2948590e+02
   1.0047031e+01  -2.0000000e+01  -2.3216599e+02   5.3373167e+01   1.4500000e+02  -5.6000000e+01   2.2333446e+02
   1.0641555e+01  -2.0000000e+01  -2.3032159e+02   5.0298531e+01   1.4500000e+02  -5.6000000e+01   2.1708179e+02
   1.1837013e+01  -2.0000000e+01  -2.2919208e+02   4.6565636e+01   1.4500000e+02  -5.6000000e+01   2.1092883e+02
   1.2400250e+01  -2.0000000e+01  -2.2829807e+02   4.4561771e+01   1.4500000e+02  -5.6000000e+01   2.0557220e+02
   1.2295997e+01  -2.0000000e+01  -2.2613979e+02   4.1345800e+01   1.4500000e+02  -5.6000000e+01   1.9848574e+02
   1.1774324e+01  -2.0000000e+01  -2.2349329e+02   3.9508313e+01   1.4500000e+02  -5.6000000e+01   1.9359260e+02
   1.2885990e+01  -2.0000000e+01  -2.2175842e+02   3.6975274e+01   1.4500000e+02  -5.6000000e+01   1.8855508e+02
   1.3347600e+01  -2.0000000e+01  -2.1995125e+02   3.5001802e+01   1.4500000e+02  -5.6000000e+01   1.8333375e+02
   1.4227649e+01  -2.0000000e+01  -2.1810369e+02   3.3690752e+01   1.4500000e+02  -5.6000000e+01   1.8022221e+02
   1.5008635e+01  -2.0000000e+01  -2.1704926e+02   3.2458579e+01   1.4500000e+02  -5.6000000e+01   1.7658909e+02
   1.5488271e+01  -2.0000000e+01  -2.1538986e+02   2.9808393e+01   1.4500000e+02  -5.6000000e+01   1.7291062e+02
   1.6140502e+01  -2.0000000e+01  -2.1266298e+02   2.6875032e+01   1.4500000e+02  -5.6000000e+01   1.6948816e+02
   1.6415461e+01  -2.0000000e+01  -2.1101608e+02   2.4843283e+01   1.4500000e+02  -5.6000000e+01   1.6546882e+02
   1.8431585e+01  -2.0000000e+01  -2.0943233e+02   2.2143878e+01   1.4500000e+02  -5.6000000e+01   1.6177989e+02
   1.8658523e+01  -2.0000000e+01  -2.0771682e+02   2.1012933e+01   1.4500000e+02  -5.6000000e+01   1.6013759e+02
   1.8833085e+01  -2.0000000e+01  -2.0432652e+02   1.7427105e+01   1.4500000e+02  -5.6000000e+01   1.5569708e+02
   2.3408347e+01  -2.0000000e+01  -2.0408909e+02   1.6075277e+01   1.4500000e+02  -5.6000000e+01   1.5367400e+02
   2.6619526e+01  -2.0000000e+01  -2.0594938e+02   1.4897129e+01   1.4500000e+02  -5.6000000e+01   1.5306425e+02
   2.6014529e+01  -2.0000000e+01  -2.0444207e+02   1.2864232e+01   1.4500000e+02  -5.6000000e+01   1.5132415e+02
   2.5527191e+01  -2.0000000e+01  -2.0066226e+02   1.0071210e+01   1.4500000e+02  -5.6000000e+01   1.4904553e+02
   2.7054238e+01  -2.0000000e+01  -1.9683781e+02   7.3817718e+00   1.4500000e+02  -5.6000000e+01   1.4649501e+02
   2.8513348e+01  -2.0000000e+01  -1.9019814e+02   3.7744155e+00   1.4500000e+02  -5.6000000e+01   1.4645911e+02
   2.9972837e+01  -2.0000000e+01  -1.8866616e+02   1.0235509e+00   1.4500000e+02  -5.6000000e+01   1.4643583e+02
   3.0569937e+01  -2.0000000e+01  -1.8835949e+02   9.6316858e-01   1.4500000e+02  -5.6000000e+01   1.4616275e+02
   3.0746619e+01  -2.0000000e+01  -1.8517531e+02  -1.4777720e+00   1.4500000e+02  -5.6000000e+01   1.4449289e+02
   3.1428078e+01  -2.0000000e+01  -1.8430524e+02  -1.6602814e+00   1.4500000e+02  -5.6000000e+01   1.4379947e+02
   3.2749521e+01  -2.0000000e+01  -1.8709031e+02  -1.3277205e+00   1.4500000e+02  -5.6000000e+01   1.4372711e+02
   3.3542412e+01  -2.0000000e+01  -1.8502125e+02  -2.8912255e+00   1.4500000e+02  -5.6000000e+01   1.4139210e+02
   3.4727936e+01  -2.0000000e+01  -1.8317698e+02  -5.9502605e+00   1.4500000e+02  -5.6000000e+01   1.3969875e+02
   3.6379032e+01  -2.0000000e+01  -1.8355863e+02  -7.8208200e+00   1.4500000e+02  -5.6000000e+01   1.3727047e+02
   3.6453123e+01  -2.0000000e+01  -1.7872324e+02  -1.0664342e+01   1.4500000e+02  -5.6000000e+01   1.3494775e+02
   3.7251296e+01  -2.0000000e+01  -1.8115188e+02  -9.7493450e+00   1.4500000e+02  -5.6000000e+01   1.3310273e+02
   3.7872891e+01  -2.0000000e+01  -1.7855412e+02  -1.2385904e+01   1.4500000e+02  -5.6000000e+01   1.3189663e+02
   3.7281401e+01  -2.0000000e+01  -1.7653866e+02  -1.3151971e+01   1.4500000e+02  -5.6000000e+01   1.3062585e+02
   3.8991496e+01  -2.0000000e+01  -1.7960697e+02  -1.1599591e+01   1.4500000e+02  -5.6000000e+01   1.2859578e+02
   3.9919612e+01  -2.0000000e+01  -1.7934860e+02  -1.3630326e+01   1.4500000e+02  -5.6000000e+01   1.2832769e+02
   3.9790377e+01  -2.0000000e+01  -1.7944617e+02  -1.4142064e+01   1.4500000e+02  -5.6000000e+01   1.2649163e+02
   4.0479289e+01  -2.0000000e+01  -1.8205210e+02  -1.0940969e+01   1.4500000e+02  -5.6000000e+01   1.2477660e+02
   3.7952948e+01  -2.0000000e+01  -1.7933527e+02  -9.7720828e+00   1.4500000e+02  -5.6000000e+01   1.2393327e+02
   3.6022888e+01  -2.0000000e+01  -1.7732023e+02  -1.5444208e+01   1.4500000e+02  -5.6000000e+01   1.2418911e+02
   3.2826012e+01  -2.0000000e+01  -1.7684440e+02  -2.1272426e+01   1.4500000e+02  -5.6000000e+01   1.2960710e+02
   3.0148765e+01  -2.0000000e+01  -1.7727252e+02  -2.6329676e+01   1.4500000e+02  -5.6000000e+01   1.3751243e+02
   2.9026512e+01  -2.0000000e+01  -1.8675779e+02  -2.5552233e+01   1.4500000e+02  -5.6000000e+01   1.4460757e+02
   2.4851017e+01  -2.0000000e+01  -1.9643815e+02  -1.8750197e+01   1.4500000e+02  -5.6000000e+01   1.4901757e+02
   1.8672317e+01  -2.0000000e+01  -2.0409331e+02  -9.9665404e+00   1.4500000e+02  -5.6000000e+01   1.5276952e+02
   1.4037160e+01  -2.0000000e+01  -2.1234327e+02   4.4630342e-01   1.4500000e+02  -5.6000000e+01   1.5671309e+02
   7.4114531e+00  -2.0000000e+01  -2.2100444e+02   1.1772616e+01   1.4500000e+02  -5.6000000e+01   1.6501748e+02
   4.7780628e+00  -2.0000000e+01  -2.2623069e+02   2.2505357e+01   1.4500000e+02  -5.6000000e+01   1.7554002e+02
   4.9505259e+00  -2.0000000e+01  -2.3035771e+02   3.0661061e+01   1.4500000e+02  -5.6000000e+01   1.8697887e+02
   4.5459272e+00  -2.0000000e+01  -2.3238882e+02   3.6454103e+01   1.4500000e+02  -5.6000000e+01   1.9707797e+02
   5.2127612e+00  -2.0000000e+01  -2.3404275e+02   4.1035647e+01   1.4500000e+02  -5.6000000e+01   2.0596085e+02
   6.6428842e+00  -2.0000000e+01  -2.3501194e+02   4.3622768e+01   1.4500000e+02  -5.6000000e+01   2.1331531e+02
   7.6224992e+00  -2.0000000e+01  -2.3410892e+02   4.6878285e+01   1.4500000e+02  -5.6000000e+01   2.1935365e+02
   9.9431347e+00  -2.0000000e+01  -2.3267619e+02   5.2248577e+01   1.4500000e+02  -5.6000000e+01   2.2320095e+02
   1.0963349e+01  -2.0000000e+01  -2.3208461e+02   5.2920163e+01   1.4500000e+02  -5.6000000e+01   2.2272168e+02
   1.0532108e+01  -2.0000000e+01  -2.2993857e+02   5.1406961e+01   1.4500000e+02  -5.6000000e+01   2.1855947e+02
   1.0755290e+01  -2.0000000e+01  -2.2935034e+02   4.9880360e+01   1.4500000e+02  -5.6000000e+01   2.1156774e+02
   1.0380810e+01  -2.0000000e+01  -2.2760645e+02   4.7536726e+01   1.4500000e+02  -5.6000000e+01   2.0545807e+02
