   2.1091269e+01   1.8284800e+01  -1.6709973e+02  -1.6118895e+01   9.8476780e+01  -5.3923538e+01   1.1916372e+02
   1.7728961e+01   1.8864902e+01  -1.7006919e+02  -1.0744678e+01   1.0102366e+02  -5.8945413e+01   1.2298080e+02
   1.1788019e+01   1.4398139e+01  -1.7808325e+02   3.2553220e+00   9.7040375e+01  -6.6142405e+01   1.3698080e+02
   8.0004276e+00   1.7369387e+01  -1.8066349e+02   1.7255322e+01   9.7161839e+01  -7.8146030e+01   1.4558213e+02
   2.9348366e+00   1.6172882e+01  -1.9125346e+02   1.1014293e+01   1.0542434e+02  -6.9505288e+01   1.5836075e+02
  -5.6564847e+00   1.6574565e+01  -2.0525346e+02   1.1830736e+01   1.1942434e+02  -6.6294312e+01   1.6864741e+02
  -1.1129850e+01   1.2484511e+01  -2.1925346e+02   1.6434378e+01   1.3085653e+02  -5.9424896e+01   1.7366125e+02
  -1.4497594e+01   7.3296891e+00  -2.2790367e+02   3.0434377e+01   1.4485653e+02  -6.2165770e+01   1.8609419e+02
  -1.3431894e+01   3.7469098e+00  -2.3059930e+02   2.8868973e+01   1.5855315e+02  -4.8165771e+01   1.9712579e+02
  -1.3450849e+01  -9.5291190e-02  -2.3007327e+02   4.0451969e+01   1.6008969e+02  -4.6636550e+01   2.0331047e+02
  -1.2861555e+01  -2.6793428e+00  -2.2987221e+02   4.3483391e+01   1.6416209e+02  -3.8849208e+01   2.1038134e+02
  -1.3081692e+01  -3.6229297e+00  -2.2931276e+02   4.4078639e+01   1.7003097e+02  -3.0842667e+01   2.1842326e+02
  -1.2507218e+01  -4.6629506e+00  -2.2977093e+02   4.2709276e+01   1.6812391e+02  -2.6952559e+01   2.2122253e+02
  -1.2184300e+01  -5.2505072e+00  -2.3117458e+02   4.7905545e+01   1.7275699e+02  -3.0194794e+01   2.2871423e+02
  -8.1612580e+00  -4.1843756e+00  -2.3599328e+02   3.5959357e+01   1.7203669e+02  -1.9868793e+01   2.3083745e+02
  -7.7876591e+00  -1.3483266e+00  -2.3771819e+02   3.0635460e+01   1.7364008e+02  -1.9119327e+01   2.2806951e+02
  -7.7383840e+00   9.8451775e-01  -2.3634257e+02   2.9746052e+01   1.6901975e+02  -2.2979366e+01   2.2080068e+02
  -9.2365849e+00   1.8370666e+00  -2.3489531e+02   3.1254809e+01   1.7136147e+02  -2.6329330e+01   2.1905854e+02
  -9.8846908e+00   1.5530392e+00  -2.3361916e+02   3.1333137e+01   1.6659690e+02  -2.8608750e+01   2.0989958e+02
  -9.3954452e+00   1.2546365e+00  -2.3296254e+02   2.9269134e+01   1.6360067e+02  -2.7841213e+01   2.0298551e+02
  -1.0113520e+01   2.2028628e+00  -2.3332854e+02   2.7984374e+01   1.6345773e+02  -2.8930350e+01   1.9969333e+02
  -9.5279568e+00   1.8307552e+00  -2.3369407e+02   3.2240268e+01   1.6173973e+02  -3.4187460e+01   1.9648070e+02
  -9.7146363e+00   3.5933658e+00  -2.3280740e+02   2.6575781e+01   1.6017095e+02  -3.1470732e+01   1.9300150e+02
  -9.5161144e+00   4.3404912e+00  -2.3342941e+02   2.3252406e+01   1.6069130e+02  -2.9997745e+01   1.9292239e+02
  -9.8536811e+00   4.8523862e+00  -2.3308123e+02   2.5830359e+01   1.6029273e+02  -3.4344921e+01   1.9028760e+02
  -8.6337594e+00   4.8098018e+00  -2.3421823e+02   2.6178259e+01   1.5998965e+02  -3.5224341e+01   1.8891399e+02
  -8.0216272e+00   7.0739199e+00  -2.3525791e+02   1.9705469e+01   1.6029257e+02  -3.2146768e+01   1.8724182e+02
  -7.7230630e+00   8.6154905e+00  -2.3365439e+02   2.1484972e+01   1.5833286e+02  -3.7322723e+01   1.8232256e+02
  -7.2055665e+00   9.4360587e+00  -2.3384138e+02   2.2340023e+01   1.5966249e+02  -4.0881837e+01   1.7904688e+02
  -6.9032212e+00   1.1266951e+01  -2.3347281e+02   2.3017346e+01   1.5953994e+02  -4.6492960e+01   1.7385926e+02
  -6.7320595e+00   1.2542286e+01  -2.3313024e+02   2.8771432e+01   1.6151540e+02  -5.5669854e+01   1.7108465e+02
  -5.7740120e+00   1.5993481e+01  -2.3281191e+02   1.8927219e+01   1.6110662e+02  -5.1189534e+01   1.6704466e+02
  -3.9932516e+00   1.6620190e+01  -2.3001613e+02   2.5024368e+01   1.5772158e+02  -5.9298132e+01   1.6228572e+02
  -3.6040594e+00   1.8596724e+01  -2.2945990e+02   2.6132388e+01   1.5772695e+02  -6.4926611e+01   1.5722839e+02
  -2.3786255e+00   2.0692382e+01  -2.2769320e+02   2.4082732e+01   1.5582046e+02  -6.6395494e+01   1.5335307e+02
  -1.5023999e+00   2.1190474e+01  -2.2627293e+02   2.7265819e+01   1.5392424e+02  -7.1862071e+01   1.4980792e+02
  -6.3825583e-01   2.2634322e+01  -2.2593215e+02   2.6224397e+01   1.5302899e+02  -7.2640035e+01   1.4864947e+02
  -1.9248680e+00   2.3404137e+01  -2.2588122e+02   3.6256789e+01   1.5419475e+02  -8.4752210e+01   1.4661749e+02
  -9.2039863e-01   2.4474333e+01  -2.2512446e+02   3.3519485e+01   1.5367671e+02  -8.3609480e+01   1.4526676e+02
   6.0151294e-01   2.3878828e+01  -2.2367964e+02   3.5311488e+01   1.5242903e+02  -8.5550558e+01   1.4322344e+02
   2.9983432e+00   2.4916525e+01  -2.2225574e+02   2.7242763e+01   1.4932499e+02  -7.9049412e+01   1.4193649e+02
   3.5854970e+00   2.5688768e+01  -2.1970992e+02   2.4804080e+01   1.4630123e+02  -7.8299642e+01   1.3950402e+02
   4.8442997e+00   2.8315147e+01  -2.1774669e+02   3.6725045e+01   1.4417440e+02  -9.2299642e+01   1.3796331e+02
   6.8304566e+00   2.8387519e+01  -2.1694288e+02   4.3940208e+01   1.4444197e+02  -1.0039728e+02   1.3771325e+02
   8.2672693e+00   3.0440172e+01  -2.1589905e+02   3.2141121e+01   1.4247481e+02  -9.0683823e+01   1.3548228e+02
   7.4375844e+00   3.1259913e+01  -2.1619021e+02   3.7036038e+01   1.4438091e+02  -9.6917321e+01   1.3637334e+02
   9.4903244e+00   3.2652484e+01  -2.1344469e+02   3.0366718e+01   1.4333894e+02  -9.2706859e+01   1.3477567e+02
   1.0639974e+01   3.4309756e+01  -2.1304587e+02   2.3928405e+01   1.4498983e+02  -8.8553429e+01   1.3397763e+02
   1.1566725e+01   3.4795582e+01  -2.1224608e+02   2.2400872e+01   1.4589721e+02  -8.9318175e+01   1.3238610e+02
   1.7010604e+01   3.1916461e+01  -2.0368879e+02   2.9680141e+01   1.3666093e+02  -9.6077478e+01   1.2967798e+02
   1.7961837e+01   3.2994062e+01  -2.0344817e+02   2.3992520e+01   1.3634389e+02  -9.0664363e+01   1.2973949e+02
   2.0585409e+01   3.1879040e+01  -1.9924044e+02   3.7110361e+01   1.3348564e+02  -1.0466436e+02   1.2858352e+02
   2.1236849e+01   3.4046424e+01  -1.9666672e+02   3.3790365e+01   1.3118389e+02  -1.0338778e+02   1.2658638e+02
   2.3993998e+01   3.2770925e+01  -1.9259599e+02   3.4805493e+01   1.2924035e+02  -1.0443478e+02   1.2563132e+02
   2.7664372e+01   3.2183897e+01  -1.8734544e+02   4.0447104e+01   1.2448876e+02  -1.1053023e+02   1.2590754e+02
   2.9302193e+01   3.1112630e+01  -1.8835247e+02   2.6447104e+01   1.2038349e+02  -9.6712376e+01   1.2768837e+02
   2.8944855e+01   3.2486463e+01  -1.8788703e+02   1.2447104e+01   1.2135222e+02  -8.4519948e+01   1.2767796e+02
   3.0290483e+01   3.0310438e+01  -1.8676460e+02  -1.2670672e+00   1.1968984e+02  -7.0519949e+01   1.2751125e+02
   3.3061912e+01   2.6778386e+01  -1.7921283e+02  -2.8290476e+00   1.0859810e+02  -5.6519949e+01   1.1351126e+02
   4.1091939e+01   3.6641753e+01  -1.6524782e+02  -9.5830615e+00   1.0433565e+02  -6.2396497e+01   1.1233074e+02
   3.7148051e+01   2.3875203e+01  -1.7674410e+02   4.4169376e+00   1.0460195e+02  -6.0093991e+01   1.1296105e+02
   3.8215025e+01   2.3930947e+01  -1.7472234e+02   5.0617437e+00   1.1094378e+02  -7.4093991e+01   1.2635280e+02
   3.8542974e+01   2.2213305e+01  -1.7574715e+02   1.8562803e+01   1.1370289e+02  -8.8093991e+01   1.2660102e+02
   3.9358465e+01   2.1620810e+01  -1.7016689e+02   2.9661545e+01   1.0904609e+02  -1.0209399e+02   1.2459758e+02
   4.1790568e+01   1.4852911e+01  -1.6523270e+02   4.3661545e+01   1.0124811e+02  -1.1542877e+02   1.2255418e+02
   4.0929810e+01   1.1720156e+01  -1.6519715e+02   2.9661545e+01   9.4710133e+01  -1.0142877e+02   1.2035454e+02
   4.2083668e+01   8.9713201e+00  -1.6110872e+02   1.5661545e+01   9.1811262e+01  -8.7428774e+01   1.2004544e+02
   4.1939758e+01   8.5634363e+00  -1.5677499e+02   1.6615453e+00   8.4575357e+01  -7.3428774e+01   1.1754422e+02
   4.0488115e+01   6.8350388e+00  -1.5163124e+02  -7.8677597e+00   8.9367624e+01  -6.1926206e+01   1.1671716e+02
   3.8776767e+01   7.9251992e+00  -1.4831246e+02   2.4606151e+00   9.0429483e+01  -7.1468474e+01   1.1562423e+02
   3.6403255e+01   1.0272320e+01  -1.4404016e+02  -1.1539385e+01   8.0539630e+01  -5.8426803e+01   1.1503462e+02
   3.3740731e+01   1.0805993e+01  -1.4432027e+02  -1.3644965e+01   7.1214501e+01  -5.5950255e+01   1.1433932e+02
   3.0425045e+01   1.3903178e+01  -1.5345234e+02  -7.0220663e+00   7.7529895e+01  -6.1168660e+01   1.1952272e+02
   2.7767853e+01   1.8332096e+01  -1.6259531e+02  -1.5223300e+01   8.7237710e+01  -5.4416891e+01   1.2470705e+02
   2.3798531e+01   1.7910069e+01  -1.6807426e+02  -1.4454972e+01   9.2186089e+01  -5.1868671e+01   1.3382174e+02
   2.0961638e+01   1.8583947e+01  -1.6547116e+02  -2.1933702e+01   8.7128722e+01  -4.6256026e+01   1.3964285e+02
   1.7959317e+01   1.8076101e+01  -1.6689333e+02  -2.1278765e+01   8.5965353e+01  -4.4029357e+01   1.4918546e+02
   1.3487761e+01   1.6637979e+01  -1.7582727e+02  -1.1829467e+01   9.4819476e+01  -5.0782702e+01   1.5553088e+02
   8.4682840e+00   1.5420108e+01  -1.8982727e+02   2.1705327e+00   1.0881948e+02  -5.8744213e+01   1.6727269e+02
   2.8158786e+00   1.6239672e+01  -2.0382726e+02   1.6170533e+01   1.2232664e+02  -6.5865929e+01   1.7705696e+02
  -5.8833011e+00   1.4676763e+01  -2.1782726e+02   3.0170533e+01   1.3632664e+02  -6.9376659e+01   1.9105696e+02
  -7.7979816e+00   1.0426972e+01  -2.2802973e+02   2.5854889e+01   1.5032664e+02  -5.5376659e+01   1.9873175e+02
  -9.8552318e+00   5.6304820e+00  -2.2944760e+02   2.2893266e+01   1.5803247e+02  -4.1376660e+01   2.0225573e+02
  -9.1975369e+00   2.2861246e+00  -2.3385515e+02   2.6525402e+01   1.6234396e+02  -3.3824100e+01   2.1292626e+02
  -9.4174584e+00  -1.2898092e+00  -2.3578261e+02   2.9669673e+01   1.6517786e+02  -2.9660851e+01   2.1983698e+02
  -9.5230175e+00  -6.0042224e+00  -2.3620924e+02   4.2412976e+01   1.6560847e+02  -3.4441036e+01   2.2472566e+02
  -1.0677638e+01  -7.0894002e+00  -2.3614986e+02   4.9022466e+01   1.6670252e+02  -3.6380564e+01   2.2659140e+02
  -9.2263618e+00  -6.8425539e+00  -2.3878156e+02   4.4126955e+01   1.7336581e+02  -2.6842210e+01   2.3295315e+02
  -9.7418628e+00  -3.9581281e+00  -2.3762859e+02   3.6813310e+01   1.7046347e+02  -1.8348530e+01   2.3302109e+02
  -7.7261222e+00  -2.9012009e+00  -2.4023680e+02   3.2027828e+01   1.6959429e+02  -1.2668633e+01   2.3661445e+02
  -8.1579363e+00  -5.8364132e-01  -2.3816581e+02   3.3756686e+01   1.6699626e+02  -2.0228208e+01   2.2871939e+02
  -6.3068548e+00   1.9732971e-01  -2.3975997e+02   3.2988359e+01   1.6745367e+02  -2.2239460e+01   2.2477820e+02
  -6.8175454e+00   1.9769112e+00  -2.3882565e+02   3.3367958e+01   1.6694930e+02  -2.6674846e+01   2.1895307e+02
  -6.8154978e+00   3.9663139e+00  -2.3830193e+02   2.9235302e+01   1.6679238e+02  -2.6335234e+01   2.1549335e+02
  -7.2739745e+00   5.5605439e+00  -2.3699758e+02   3.2071410e+01   1.6537606e+02  -3.2844029e+01   2.1137831e+02
  -6.9363264e+00   6.9485076e+00  -2.3580457e+02   2.8461741e+01   1.6349112e+02  -3.2552679e+01   2.0714523e+02
  -5.7108068e+00   7.1804218e+00  -2.3667259e+02   2.5163862e+01   1.6255040e+02  -3.0835902e+01   2.0535550e+02
  -5.6669836e+00   7.6995013e+00  -2.3568893e+02   2.4462062e+01   1.6179530e+02  -3.2486547e+01   2.0093910e+02
  -5.2418328e+00   8.4978849e+00  -2.3522411e+02   2.4684658e+01   1.6132819e+02  -3.4932303e+01   1.9897922e+02
  -6.2264578e+00   9.5055137e+00  -2.3560516e+02   2.2863566e+01   1.6262469e+02  -3.5793878e+01   1.9662901e+02
  -5.4112078e+00   9.9051353e+00  -2.3595282e+02   2.1153676e+01   1.6240723e+02  -3.5616567e+01   1.9423508e+02
  -5.5037750e+00   1.0616829e+01  -2.3442165e+02   3.0323029e+01   1.6044281e+02  -4.7600211e+01   1.8964033e+02
  -4.5415031e+00   1.0586249e+01  -2.3453461e+02   3.5870973e+01   1.6085167e+02  -5.4103522e+01   1.8867566e+02
  -4.7939277e+00   1.2237402e+01  -2.3429772e+02   3.1776412e+01   1.6041512e+02  -5.2864082e+01   1.8598073e+02
  -4.5031160e+00   1.3849402e+01  -2.3367012e+02   2.6375775e+01   1.6013807e+02  -4.9770828e+01   1.8409331e+02
  -4.7931620e+00   1.4337193e+01  -2.3430472e+02   2.8259949e+01   1.6113706e+02  -5.2237464e+01   1.8360024e+02
  -4.2156692e+00   1.5396349e+01  -2.3464887e+02   1.9354543e+01   1.6158405e+02  -4.4423136e+01   1.8360560e+02
  -3.5325357e+00   1.6701164e+01  -2.3430474e+02   1.6357700e+01   1.5965973e+02  -4.3280575e+01   1.8139602e+02
  -3.3066974e+00   1.6698580e+01  -2.3482349e+02   2.1134661e+01   1.6052282e+02  -4.7861603e+01   1.8095924e+02
  -3.1090297e+00   1.7617346e+01  -2.3463853e+02   1.9494913e+01   1.6084168e+02  -4.7364623e+01   1.8007984e+02
  -3.4892634e+00   1.8605010e+01  -2.3433004e+02   1.9194321e+01   1.6233204e+02  -4.8971186e+01   1.7869995e+02
  -2.4990482e+00   1.8977621e+01  -2.3219700e+02   1.8979038e+01   1.5985130e+02  -5.0035006e+01   1.7546812e+02
  -2.2545542e+00   1.9611501e+01  -2.3167480e+02   1.6990698e+01   1.6054406e+02  -4.9130276e+01   1.7464013e+02
  -1.8044388e+00   2.0631540e+01  -2.3198143e+02   2.3776754e+01   1.6108762e+02  -5.8067346e+01   1.7361642e+02
  -5.2079155e-01   2.1082829e+01  -2.3089395e+02   2.1197436e+01   1.5968584e+02  -5.6027771e+01   1.7145133e+02
  -2.0740181e+00   2.1867293e+01  -2.3161068e+02   2.2386667e+01   1.6276979e+02  -5.8070514e+01   1.7112276e+02
  -8.6738664e-01   2.2213236e+01  -2.3117398e+02   1.5444695e+01   1.6143662e+02  -5.2573968e+01   1.6953631e+02
  -1.6798299e+00   2.2234914e+01  -2.3119952e+02   2.2411976e+01   1.6211799e+02  -5.9919436e+01   1.6843884e+02
  -1.8946607e+00   2.2508320e+01  -2.3145323e+02   2.1522213e+01   1.6127702e+02  -5.9186850e+01   1.6747289e+02
  -1.6732453e+00   2.2460357e+01  -2.3221056e+02   2.0813179e+01   1.6160888e+02  -5.8978955e+01   1.6735511e+02
  -1.1060221e+00   2.4491553e+01  -2.3013180e+02   1.5506155e+01   1.6071744e+02  -5.6710378e+01   1.6468733e+02
   1.1944224e-01   2.4511212e+01  -2.2848184e+02   1.2053635e+01   1.5789693e+02  -5.4406872e+01   1.6207048e+02
   7.6500664e-01   2.5194695e+01  -2.2726915e+02   1.3112669e+01   1.5629668e+02  -5.6586501e+01   1.6008827e+02
   7.6963106e-01   2.5345769e+01  -2.2815212e+02   1.2380303e+01   1.5667593e+02  -5.6411496e+01   1.5893239e+02
  -4.5002769e-01   2.5391431e+01  -2.2826927e+02   1.4607762e+01   1.5705727e+02  -5.9829359e+01   1.5545343e+02
   1.4402573e+00   2.5244919e+01  -2.2611862e+02   1.3660089e+01   1.5405530e+02  -5.9669638e+01   1.5288033e+02
   3.8178835e-01   2.4961178e+01  -2.2617983e+02   2.6860378e+01   1.5592653e+02  -7.3360042e+01   1.5141519e+02
   9.7652222e-01   2.5700695e+01  -2.2572081e+02   2.2046175e+01   1.5584987e+02  -6.9644042e+01   1.5060125e+02
   5.9964855e-01   2.6079448e+01  -2.2650785e+02   2.9148144e+01   1.5731155e+02  -7.7835389e+01   1.4911099e+02
   7.3281472e-01   2.5793280e+01  -2.2694868e+02   3.4984996e+01   1.5791020e+02  -8.4455643e+01   1.4795320e+02
   1.0343780e+00   2.6605689e+01  -2.2625184e+02   3.3730259e+01   1.5609918e+02  -8.4335530e+01   1.4714645e+02
   4.2557406e+00   2.6827015e+01  -2.2347877e+02   2.5676820e+01   1.5276167e+02  -7.7536026e+01   1.4604104e+02
   6.0391348e+00   2.6719834e+01  -2.2151005e+02   2.5252472e+01   1.5048374e+02  -7.8204235e+01   1.4335051e+02
   6.3027189e+00   2.7394060e+01  -2.2202282e+02   1.9632242e+01   1.5205204e+02  -7.2792690e+01   1.4348683e+02
   7.5606654e+00   2.9206564e+01  -2.1934870e+02   1.6132960e+01   1.4890859e+02  -7.1572537e+01   1.4172008e+02
   9.9907073e+00   3.0781298e+01  -2.1444648e+02   1.1291308e+01   1.4578708e+02  -6.9652933e+01   1.4036831e+02
   1.0834064e+01   3.1231169e+01  -2.1299209e+02   1.1508681e+01   1.4577190e+02  -7.1315051e+01   1.3948608e+02
   1.1659571e+01   3.1395412e+01  -2.1308857e+02   5.6902630e+00   1.4511915e+02  -6.5455499e+01   1.3943033e+02
   1.2999488e+01   3.1688762e+01  -2.1165187e+02  -9.0563566e-01   1.4538706e+02  -6.0799776e+01   1.3803394e+02
   1.2483697e+01   3.2663922e+01  -2.1150849e+02  -4.2098056e+00   1.4649016e+02  -5.8759909e+01   1.3732774e+02
   1.3562085e+01   3.4178070e+01  -2.0920658e+02   3.2018797e+00   1.4490910e+02  -6.7856488e+01   1.3637445e+02
   1.4618011e+01   3.4087859e+01  -2.0788702e+02   2.0372374e+00   1.4521028e+02  -6.7727080e+01   1.3587061e+02
   1.7099856e+01   3.2609347e+01  -2.0571987e+02  -2.0505275e+00   1.4237963e+02  -6.3518857e+01   1.3590202e+02
   1.9045122e+01   3.1303723e+01  -2.0294811e+02  -7.4250092e+00   1.4010245e+02  -5.6820969e+01   1.3517309e+02
   1.9264484e+01   3.2144041e+01  -2.0076636e+02  -8.8731553e+00   1.4006144e+02  -5.6481302e+01   1.3386227e+02
   2.0610078e+01   3.1710174e+01  -1.9932846e+02  -5.4514684e+00   1.4010285e+02  -5.9914030e+01   1.3348415e+02
   2.2684976e+01   3.0153104e+01  -1.9772343e+02  -1.7111249e+00   1.3791445e+02  -6.3518014e+01   1.3249488e+02
   2.4074815e+01   2.8292593e+01  -1.9672245e+02  -2.8781657e+00   1.3489836e+02  -6.1927056e+01   1.3099295e+02
   2.5452284e+01   2.8466119e+01  -1.9498094e+02   1.1121832e+01   1.3242209e+02  -7.5927055e+01   1.3019444e+02
   2.7432798e+01   2.7114816e+01  -1.9291097e+02   1.7283623e+01   1.3248134e+02  -8.3051081e+01   1.2996504e+02
   2.7601990e+01   2.7607036e+01  -1.9252308e+02   9.2203676e+00   1.3285843e+02  -7.5685291e+01   1.2967223e+02
   3.0109893e+01   2.5306024e+01  -1.8948757e+02   1.6420901e+01   1.3106797e+02  -8.2630509e+01   1.2894423e+02
   3.0900983e+01   2.5480598e+01  -1.8866256e+02   1.3429915e+01   1.3203824e+02  -8.0470693e+01   1.2920763e+02
   3.3342712e+01   2.3712057e+01  -1.8489536e+02   1.1738399e+01   1.2982631e+02  -7.9733261e+01   1.2677433e+02
   3.5483151e+01   2.1899530e+01  -1.8202154e+02   4.7611104e+00   1.2746686e+02  -7.3902969e+01   1.2572427e+02
   3.5696568e+01   2.1020589e+01  -1.8099892e+02   1.2816091e+01   1.2649357e+02  -8.1379495e+01   1.2490986e+02
   3.6904637e+01   2.0431245e+01  -1.7940208e+02  -1.1839077e+00   1.2560804e+02  -6.8649248e+01   1.2448908e+02
   3.7733718e+01   1.8735776e+01  -1.7695503e+02  -6.5463492e-01   1.2642351e+02  -6.9497736e+01   1.2407012e+02
   3.8615206e+01   1.7299190e+01  -1.7482714e+02  -4.0812378e+00   1.2198197e+02  -6.7305436e+01   1.2299896e+02
   3.9763488e+01   1.5997912e+01  -1.7282135e+02  -6.1370564e+00   1.2180081e+02  -6.6006611e+01   1.2321798e+02
   4.0085408e+01   1.5778885e+01  -1.7164245e+02  -2.3209796e+00   1.2247392e+02  -7.0566907e+01   1.2158820e+02
   4.0292454e+01   1.4114329e+01  -1.6798530e+02   1.1679020e+01   1.1941259e+02  -8.3269788e+01   1.1925285e+02
   3.9867842e+01   1.2941652e+01  -1.6511109e+02   1.8479970e+01   1.1750186e+02  -9.0354169e+01   1.1828681e+02
   3.7417519e+01   1.2864438e+01  -1.6353623e+02   1.2923434e+01   1.1536908e+02  -8.4292332e+01   1.1615601e+02
   3.5069998e+01   1.4867499e+01  -1.6043177e+02   6.1655632e+00   1.0940832e+02  -7.9442832e+01   1.1729411e+02
   3.2316003e+01   1.2925967e+01  -1.5889845e+02  -7.4608567e+00   1.0130456e+02  -6.5442832e+01   1.2090761e+02
   3.0394518e+01   1.3393496e+01  -1.6116205e+02  -2.0037050e+01   1.0001569e+02  -5.1442832e+01   1.3275239e+02
   2.3210487e+01   1.6595257e+01  -1.7516205e+02  -1.5280106e+01   1.0122772e+02  -5.3579479e+01   1.3959402e+02
   1.4761356e+01   1.8997861e+01  -1.8916205e+02  -1.2801066e+00   1.0524688e+02  -6.2404229e+01   1.4364055e+02
   5.6613937e+00   2.1005513e+01  -2.0316205e+02   1.0656418e+01   1.1583960e+02  -6.7039683e+01   1.5137727e+02
  -6.0772600e+00   1.9688637e+01  -2.1716205e+02   2.3229266e+01   1.2722802e+02  -7.2741784e+01   1.5831626e+02
  -1.4153580e+01   1.5869639e+01  -2.3116205e+02   2.8549205e+01   1.4122802e+02  -7.3230862e+01   1.6757875e+02
  -1.5873372e+01   9.6306982e+00  -2.3665181e+02   2.8885426e+01   1.5324887e+02  -6.4059461e+01   1.7845073e+02
  -1.6542169e+01   5.0290918e+00  -2.3901076e+02   3.8618835e+01   1.5626368e+02  -6.5472402e+01   1.8473051e+02
  -1.7818896e+01   1.2759387e+00  -2.4198390e+02   3.8898046e+01   1.6185483e+02  -5.8258300e+01   1.9531059e+02
  -1.6101974e+01  -2.5462922e+00  -2.4326537e+02   4.3950630e+01   1.5986339e+02  -5.4934011e+01   2.0320082e+02
  -1.4987602e+01  -4.3745363e+00  -2.4293946e+02   3.7193666e+01   1.6079779e+02  -4.4287336e+01   2.1007252e+02
  -1.5736660e+01  -7.0752093e+00  -2.4285113e+02   4.7794548e+01   1.6287241e+02  -4.7592557e+01   2.1636729e+02
  -1.6184520e+01  -7.4143334e+00  -2.4104495e+02   4.6372191e+01   1.6340679e+02  -4.0701183e+01   2.2157765e+02
  -1.5232718e+01  -7.6203557e+00  -2.4159846e+02   5.3288313e+01   1.7179931e+02  -3.9898728e+01   2.3069756e+02
  -1.3454491e+01  -3.2937978e+00  -2.3927592e+02   5.6101678e+01   1.7180289e+02  -3.9103535e+01   2.3381551e+02
  -1.1981406e+01  -2.2850580e+00  -2.4066472e+02   5.0637412e+01   1.7253444e+02  -3.4414467e+01   2.3398833e+02
  -1.1202859e+01   3.5115651e-01  -2.4092628e+02   4.2735466e+01   1.7029890e+02  -3.1856235e+01   2.2590356e+02
  -1.0757535e+01   3.0067619e+00  -2.4094030e+02   3.6870907e+01   1.6649225e+02  -3.1665141e+01   2.1634712e+02
  -9.9801663e+00   6.0629197e+00  -2.4067806e+02   3.5099977e+01   1.6413401e+02  -3.6283714e+01   2.0808956e+02
  -9.5122901e+00   8.4487093e+00  -2.4092038e+02   2.7268528e+01   1.6341262e+02  -3.2824525e+01   2.0523905e+02
  -8.7180590e+00   6.7510592e+00  -2.4043302e+02   3.3469490e+01   1.6266471e+02  -3.9568742e+01   2.0092865e+02
  -8.6712768e+00   6.9912050e+00  -2.3982949e+02   2.8198991e+01   1.6177669e+02  -3.6063487e+01   1.9663118e+02
  -7.9406967e+00   8.4203559e+00  -2.3925842e+02   2.3089102e+01   1.6076036e+02  -3.3922803e+01   1.9416527e+02
  -6.9778315e+00   9.4060009e+00  -2.3978794e+02   1.9617361e+01   1.6139940e+02  -3.2255774e+01   1.9322712e+02
  -7.2866481e+00   9.9745443e+00  -2.3745336e+02   2.3923628e+01   1.5985879e+02  -3.9199927e+01   1.8841618e+02
  -6.2082956e+00   1.0560446e+01  -2.3660950e+02   2.8124475e+01   1.5936219e+02  -4.5325177e+01   1.8680916e+02
  -6.5745069e+00   1.2070689e+01  -2.3570218e+02   2.7463705e+01   1.5946349e+02  -4.7741332e+01   1.8403442e+02
  -6.1022381e+00   1.2499191e+01  -2.3512554e+02   2.9960431e+01   1.6014134e+02  -5.1157344e+01   1.8386629e+02
  -4.6137721e+00   1.2638143e+01  -2.3347070e+02   3.4965630e+01   1.5868746e+02  -5.8038865e+01   1.8087266e+02
  -3.0913826e+00   1.4122119e+01  -2.3240592e+02   2.5619404e+01   1.5685641e+02  -5.0748633e+01   1.7959931e+02
  -1.1579928e+00   1.5225673e+01  -2.3219004e+02   1.7061348e+01   1.5760336e+02  -4.3159264e+01   1.8009885e+02
  -4.6915583e-01   1.6298639e+01  -2.3154114e+02   1.6590017e+01   1.5755718e+02  -4.4277492e+01   1.7809678e+02
   3.3560199e-01   1.6431259e+01  -2.3108830e+02   1.9733968e+01   1.5923927e+02  -4.7530673e+01   1.7815368e+02
   1.4590769e+00   1.8161064e+01  -2.2926078e+02   1.7285434e+01   1.5834428e+02  -4.7938987e+01   1.7663590e+02
   2.2859440e+00   1.8870539e+01  -2.2747200e+02   2.0257732e+01   1.5749011e+02  -5.1975141e+01   1.7536174e+02
   2.2636419e+00   2.0057578e+01  -2.2682721e+02   1.6390569e+01   1.5857337e+02  -5.0741138e+01   1.7372480e+02
   2.6665127e+00   2.0988511e+01  -2.2677061e+02   1.2822989e+01   1.5942331e+02  -4.8895096e+01   1.7238719e+02
   2.3935748e+00   2.1988681e+01  -2.2562332e+02   1.2049780e+01   1.5931660e+02  -4.9957973e+01   1.7031271e+02
   3.9947716e+00   2.1849518e+01  -2.2213701e+02   2.0517272e+01   1.5719351e+02  -6.0366242e+01   1.6571639e+02
   6.3148326e+00   2.3505798e+01  -2.1989062e+02   9.6040102e+00   1.5550199e+02  -5.1900007e+01   1.6513596e+02
   7.9774883e+00   2.5187531e+01  -2.1746201e+02   5.9301491e+00   1.5409407e+02  -5.0584203e+01   1.6381510e+02
   9.6873744e+00   2.2633729e+01  -2.1509557e+02   1.3602365e+01   1.5167029e+02  -5.7359526e+01   1.6107429e+02
   1.1333445e+01   2.2284060e+01  -2.1362127e+02   2.2574769e+01   1.4946401e+02  -6.8103041e+01   1.5831474e+02
   1.0886365e+01   2.2228407e+01  -2.1425727e+02   2.5893607e+01   1.5149239e+02  -7.1894014e+01   1.5664370e+02
   1.3353463e+01   2.1733640e+01  -2.1258540e+02   2.1108834e+01   1.4927639e+02  -6.6843651e+01   1.5719794e+02
   1.4524833e+01   2.2841276e+01  -2.1113634e+02   2.1092866e+01   1.4867101e+02  -6.8484940e+01   1.5499273e+02
   1.4295802e+01   2.4867536e+01  -2.1096088e+02   1.4004951e+01   1.5045826e+02  -6.2609468e+01   1.5493936e+02
   1.7603542e+01   2.3874312e+01  -2.0879827e+02   8.6575611e+00   1.4799614e+02  -5.7264825e+01   1.5327496e+02
   1.9602251e+01   2.3215216e+01  -2.0668451e+02   1.7984985e+00   1.4543592e+02  -5.1058249e+01   1.5120053e+02
   2.2425346e+01   2.3287219e+01  -2.0165955e+02  -9.6446687e-01   1.4092803e+02  -4.9597484e+01   1.4842341e+02
   2.2564340e+01   2.5746899e+01  -2.0227719e+02  -1.1279511e+00   1.4390246e+02  -5.1653244e+01   1.4983162e+02
   2.3551015e+01   2.7182191e+01  -2.0156614e+02  -1.2585660e-01   1.4584313e+02  -5.4669596e+01   1.5068085e+02
   2.3213749e+01   2.7520217e+01  -2.0210830e+02  -3.6799418e+00   1.4798851e+02  -5.1673473e+01   1.4974539e+02
   2.3381911e+01   2.7314393e+01  -2.0066461e+02  -1.0050448e+00   1.4804327e+02  -5.5034793e+01   1.4744418e+02
   2.5316425e+01   2.6381741e+01  -1.9875563e+02  -7.9581089e+00   1.4619735e+02  -4.6505493e+01   1.4802966e+02
   2.3402196e+01   2.7480074e+01  -1.9925502e+02   5.6872294e+00   1.4957344e+02  -6.0505492e+01   1.4650098e+02
   2.5977603e+01   2.5294152e+01  -1.9715997e+02   2.7597691e+00   1.4616821e+02  -5.6375416e+01   1.4494111e+02
   2.6175696e+01   2.6481509e+01  -1.9580590e+02   5.0576743e+00   1.4816917e+02  -6.0734086e+01   1.4314953e+02
   2.6441066e+01   2.6964507e+01  -1.9578312e+02  -5.6836635e+00   1.4959908e+02  -5.0753431e+01   1.4250648e+02
   2.7747174e+01   2.6381725e+01  -1.9467482e+02  -1.3076993e+01   1.4909522e+02  -4.5117896e+01   1.4084970e+02
   2.8552593e+01   2.7395370e+01  -1.9287018e+02  -3.9244621e+00   1.4957514e+02  -5.5799814e+01   1.3919838e+02
   3.0451375e+01   2.7918149e+01  -1.9123671e+02  -7.5558002e+00   1.4999567e+02  -5.3863405e+01   1.3865496e+02
   3.1007601e+01   2.8654905e+01  -1.9093767e+02  -1.0276789e+01   1.5227150e+02  -5.2347969e+01   1.3781614e+02
   3.3293280e+01   2.7262141e+01  -1.8892983e+02  -8.9259050e+00   1.5227364e+02  -5.3146537e+01   1.3738636e+02
   3.4955399e+01   2.7500787e+01  -1.8807256e+02  -1.2733844e+01   1.5131026e+02  -5.0160871e+01   1.3578957e+02
   3.6589507e+01   2.6114309e+01  -1.8558548e+02  -1.2432828e+01   1.4862754e+02  -5.0211788e+01   1.3413273e+02
   3.7934004e+01   2.5045601e+01  -1.8277313e+02  -1.6681577e+01   1.4769769e+02  -4.5976445e+01   1.3299823e+02
   3.8688531e+01   2.3634977e+01  -1.8234224e+02  -7.5061930e+00   1.4812949e+02  -5.5932349e+01   1.3168568e+02
   4.0856472e+01   2.1824867e+01  -1.7955771e+02  -1.2060514e+01   1.4611145e+02  -5.1777466e+01   1.3074955e+02
   4.1530149e+01   1.9190878e+01  -1.7789118e+02  -8.2155859e+00   1.4407043e+02  -5.4970645e+01   1.3044814e+02
   4.2875673e+01   1.7736871e+01  -1.7646266e+02   5.0158906e+00   1.4087181e+02  -6.8970644e+01   1.2951659e+02
   4.0524019e+01   1.4319703e+01  -1.7558824e+02   3.1082225e+00   1.3706048e+02  -6.5632073e+01   1.2738168e+02
   3.9660180e+01   8.6933992e+00  -1.7017747e+02   1.1849012e+01   1.2457549e+02  -7.4896013e+01   1.2779129e+02
   3.6137723e+01   9.4847196e+00  -1.6881336e+02   3.4186652e+00   1.2090134e+02  -7.1262782e+01   1.3287173e+02
   3.2840327e+01   9.3627587e+00  -1.6936160e+02   1.0509345e+01   1.1994258e+02  -7.8610766e+01   1.4044092e+02
   2.9720287e+01   1.1936914e+01  -1.7401543e+02   7.8465741e+00   1.1399742e+02  -7.4205658e+01   1.4692083e+02
   2.4192842e+01   1.5714250e+01  -1.8373448e+02   2.7895385e+00   1.1725898e+02  -6.6042315e+01   1.5445153e+02
   1.6398870e+01   1.8065294e+01  -1.9621119e+02   1.4097516e+01   1.2628627e+02  -7.3498170e+01   1.6621648e+02
   8.4641464e+00   1.9350419e+01  -2.0831285e+02   2.2140132e+01   1.3127925e+02  -7.5558416e+01   1.7134457e+02
  -2.9140708e+00   1.8631336e+01  -2.2231285e+02   1.5980881e+01   1.4129803e+02  -6.2744830e+01   1.7852233e+02
  -1.2689107e+01   1.6028045e+01  -2.3279314e+02   2.9980881e+01   1.5183055e+02  -6.9415597e+01   1.8479043e+02
  -1.3186958e+01   1.1921215e+01  -2.3741952e+02   2.7756229e+01   1.5706809e+02  -5.8587057e+01   1.9370023e+02
  -1.3363213e+01   7.0070419e+00  -2.3974947e+02   3.3314615e+01   1.5953770e+02  -5.4676917e+01   2.0203722e+02
  -1.3126412e+01   2.9865043e+00  -2.4122577e+02   3.6651099e+01   1.6075047e+02  -4.9785744e+01   2.0864555e+02
  -1.3315109e+01  -3.5797389e-01  -2.4190125e+02   4.2824890e+01   1.6346165e+02  -4.7290534e+01   2.1464112e+02
  -1.1618786e+01  -2.1339816e+00  -2.4101555e+02   4.7510259e+01   1.6456861e+02  -4.3280273e+01   2.1966809e+02
  -1.1407976e+01  -2.1599181e+00  -2.4119439e+02   4.7849045e+01   1.7123509e+02  -3.6310786e+01   2.2688361e+02
  -8.7619415e+00   1.0967660e-01  -2.4056817e+02   3.4180111e+01   1.6796796e+02  -2.2310787e+01   2.2813841e+02
  -8.1952488e+00   2.1983964e+00  -2.3995094e+02   2.9646903e+01   1.6888244e+02  -1.9666905e+01   2.2955439e+02
  -7.8325954e+00   3.1373807e+00  -2.3890381e+02   3.2432884e+01   1.6743356e+02  -2.5542871e+01   2.2396850e+02
  -8.8069812e+00   5.3052720e+00  -2.3820771e+02   3.1072840e+01   1.6804603e+02  -2.7716652e+01   2.2070521e+02
  -8.2369698e+00   6.7806006e+00  -2.3637892e+02   3.2024615e+01   1.6376510e+02  -3.3088393e+01   2.1287494e+02
  -7.0360703e+00   8.1259119e+00  -2.3627378e+02   3.1205615e+01   1.6284321e+02  -3.5754536e+01   2.0946602e+02
  -6.1291754e+00   9.1374970e+00  -2.3554751e+02   3.0284561e+01   1.6260983e+02  -3.8415757e+01   2.0510085e+02
  -4.7584549e+00   1.0259594e+01  -2.3535606e+02   2.5305966e+01   1.6140854e+02  -3.6711868e+01   2.0264194e+02
  -3.9712995e+00   1.0945622e+01  -2.3520739e+02   3.4783198e+01   1.6042974e+02  -4.8526336e+01   2.0014699e+02
  -3.7128820e+00   1.3153174e+01  -2.3389064e+02   2.4860039e+01   1.5952270e+02  -4.2706592e+01   1.9509060e+02
  -3.8290338e+00   1.4420962e+01  -2.3300574e+02   2.8007152e+01   1.6081628e+02  -4.8472324e+01   1.9249419e+02
  -2.2387416e+00   1.6596498e+01  -2.3124588e+02   1.8889040e+01   1.5908833e+02  -4.2396776e+01   1.8914159e+02
  -1.4152088e+00   1.7834626e+01  -2.2992605e+02   1.7259313e+01   1.5845706e+02  -4.3317469e+01   1.8496054e+02
  -1.2811685e-01   1.9647866e+01  -2.2877332e+02   1.8573938e+01   1.5747880e+02  -4.6969958e+01   1.8378785e+02
   8.2600593e-01   2.2313407e+01  -2.2865406e+02   1.2058480e+01   1.5792621e+02  -4.3339414e+01   1.8202561e+02
   1.8259946e+00   2.4212350e+01  -2.2723571e+02   7.8874483e+00   1.5751806e+02  -4.2846167e+01   1.7938633e+02
   2.7162426e+00   2.5788017e+01  -2.2571464e+02   4.6935966e+00   1.5834729e+02  -4.3263678e+01   1.7655903e+02
   3.4027274e+00   2.6754236e+01  -2.2470675e+02   4.0490204e+00   1.5830829e+02  -4.5062624e+01   1.7304542e+02
   6.8270692e+00   2.6180042e+01  -2.2102034e+02   5.8042859e+00   1.5508357e+02  -4.8366400e+01   1.6806846e+02
   6.7576446e+00   2.5902411e+01  -2.2096218e+02   1.0490060e+01   1.5733640e+02  -5.3987808e+01   1.6649601e+02
   7.8284782e+00   2.9216334e+01  -2.1767907e+02   3.0525403e+00   1.5654228e+02  -5.2084798e+01   1.6305454e+02
   1.3855702e+01   2.6264217e+01  -2.1520153e+02   1.7052540e+01   1.4992747e+02  -6.4395833e+01   1.5965604e+02
   1.7838793e+01   2.2134141e+01  -2.1209611e+02   2.6189960e+01   1.4532638e+02  -7.1982780e+01   1.5650443e+02
   1.7229910e+01   2.1635378e+01  -2.1031360e+02   2.4258741e+01   1.4555106e+02  -7.1578656e+01   1.5371186e+02
   1.7298102e+01   2.3629961e+01  -2.0843264e+02   1.2384701e+01   1.4736479e+02  -6.2670443e+01   1.5181612e+02
   2.0271023e+01   2.4647254e+01  -2.0402902e+02   4.4789091e+00   1.4414181e+02  -5.6102169e+01   1.4982901e+02
   2.2017899e+01   2.8580676e+01  -2.0233757e+02   4.0924116e+00   1.4568344e+02  -5.9650503e+01   1.5284777e+02
   2.3865297e+01   2.8891101e+01  -2.0140835e+02  -9.7953378e-01   1.4544414e+02  -5.5748809e+01   1.5327955e+02
   2.4172904e+01   2.7399137e+01  -2.0099306e+02   4.5094990e+00   1.4579365e+02  -6.0461075e+01   1.5120285e+02
   2.4845674e+01   2.8156714e+01  -1.9873375e+02   1.5730570e+00   1.4599864e+02  -6.0116053e+01   1.4883187e+02
   2.5281728e+01   2.7561715e+01  -1.9834685e+02   9.2779688e+00   1.4609344e+02  -6.7425218e+01   1.4806993e+02
   2.7010434e+01   2.5730553e+01  -1.9781190e+02   5.3188890e+00   1.4472246e+02  -6.2661885e+01   1.4686031e+02
   2.8996117e+01   2.5303513e+01  -1.9413166e+02   5.1569571e+00   1.4242017e+02  -6.4098702e+01   1.4364869e+02
   3.1603526e+01   2.5383618e+01  -1.9081055e+02  -5.3558950e+00   1.4125118e+02  -5.6250126e+01   1.4194099e+02
   3.4471654e+01   2.4179927e+01  -1.8826837e+02  -9.8077119e+00   1.3854654e+02  -5.2560872e+01   1.3965817e+02
   3.5484676e+01   2.5343668e+01  -1.8482087e+02  -1.7566202e+01   1.3865610e+02  -4.6911270e+01   1.3709659e+02
   3.6404372e+01   2.2526025e+01  -1.8400336e+02  -8.1303928e+00   1.3608314e+02  -5.5429415e+01   1.3464055e+02
   3.8158665e+01   2.2099260e+01  -1.8064767e+02  -2.2130375e+01   1.3585037e+02  -4.2859300e+01   1.3332313e+02
   3.8024810e+01   2.2084086e+01  -1.7884599e+02  -2.2527080e+01   1.3694326e+02  -4.3155378e+01   1.3171409e+02
   4.0359281e+01   1.6453264e+01  -1.7505826e+02  -1.5840507e+01   1.3171512e+02  -4.7985230e+01   1.2877376e+02
   4.1445643e+01   1.5881737e+01  -1.7430494e+02  -1.9630565e+01   1.3208476e+02  -4.6558448e+01   1.2854654e+02
   4.1607848e+01   1.4435861e+01  -1.7275435e+02  -1.9134267e+01   1.3183084e+02  -4.7785243e+01   1.2641050e+02
   4.2195460e+01   1.1379304e+01  -1.7190592e+02  -5.1342709e+00   1.2888926e+02  -5.9886504e+01   1.2452549e+02
   4.0945243e+01   1.1534384e+01  -1.6868502e+02   8.8657215e+00   1.2504643e+02  -7.3886503e+01   1.2367523e+02
   3.9854253e+01   9.8228882e+00  -1.6350194e+02   1.7245202e+00   1.1127533e+02  -6.9163876e+01   1.2535920e+02
   3.7465325e+01   8.6710003e+00  -1.5975917e+02  -7.7054355e+00   1.0342859e+02  -6.0735703e+01   1.3205582e+02
   3.5158070e+01   1.1281933e+01  -1.5961315e+02  -1.6413540e+01   1.0164284e+02  -5.3960979e+01   1.4272775e+02
   3.0375669e+01   1.5236769e+01  -1.7361315e+02  -8.1186974e+00   1.0823987e+02  -6.2430676e+01   1.5111145e+02
   2.2141348e+01   1.8692511e+01  -1.8761315e+02  -6.3987413e+00   1.1486456e+02  -5.7251675e+01   1.5549912e+02
   1.2102524e+01   2.4005058e+01  -2.0161315e+02   3.3512598e+00   1.2434892e+02  -6.2348331e+01   1.6327735e+02
   3.0834378e+00   2.1999557e+01  -2.1561315e+02   1.7351260e+01   1.3401151e+02  -6.7709820e+01   1.6737397e+02
  -7.5002959e+00   1.8891437e+01  -2.2961315e+02   2.2124848e+01   1.4801151e+02  -6.4646857e+01   1.7799732e+02
  -1.1200305e+01   1.5238061e+01  -2.3563913e+02   2.0719766e+01   1.5370756e+02  -5.4120792e+01   1.8653561e+02
  -1.1368067e+01   1.1915848e+01  -2.4033628e+02   1.7638212e+01   1.5812487e+02  -4.2144820e+01   1.9693088e+02
  -1.1884560e+01   7.4225745e+00  -2.4142040e+02   2.8183001e+01   1.6061885e+02  -4.4718919e+01   2.0209486e+02
  -1.1258136e+01   4.7831519e+00  -2.4231865e+02   2.4451294e+01   1.6232534e+02  -3.3281184e+01   2.0959015e+02
  -1.0035942e+01   3.5985278e+00  -2.4176730e+02   2.8400777e+01   1.6233602e+02  -3.4314533e+01   2.1338681e+02
  -9.2699084e+00   4.8054745e+00  -2.4053459e+02   3.2701029e+01   1.6416176e+02  -3.7201081e+01   2.1697531e+02
  -7.0883076e+00   8.0568999e+00  -2.3920019e+02   2.2673417e+01   1.6465159e+02  -2.3201095e+01   2.2122194e+02
  -6.0931089e+00   1.0842822e+01  -2.3848248e+02   1.9481157e+01   1.6307944e+02  -2.2825810e+01   2.1929934e+02
  -6.1441230e+00   1.2469038e+01  -2.3604157e+02   2.0345670e+01   1.6092634e+02  -2.6940659e+01   2.1453929e+02
  -5.8704927e+00   1.4414989e+01  -2.3746521e+02   1.8895459e+01   1.6167449e+02  -2.9063049e+01   2.0975317e+02
  -5.8998135e+00   1.4068040e+01  -2.3584520e+02   2.5897619e+01   1.6033582e+02  -3.8210736e+01   2.0430258e+02
