  -2.4311285e+01   3.3288478e+01   5.1659272e+01   3.5326604e+00   1.9097603e+01  -4.2018872e+01   2.4835773e+01
  -2.4979248e+01   3.3921282e+01   5.1048862e+01   6.6840142e+00   2.0078711e+01  -4.7356679e+01   2.7211418e+01
  -2.1000000e+01   2.9121946e+01   4.3570932e+01   6.6234835e+00   2.7840591e+01  -4.7000000e+01   3.1739688e+01
  -2.1000000e+01   2.9988385e+01   3.7839059e+01   6.5586000e+00   3.3911472e+01  -4.7000000e+01   3.3550317e+01
  -2.1000000e+01   3.0717817e+01   3.3675679e+01   4.9345536e+00   3.8321642e+01  -4.7000000e+01   3.4654083e+01
  -2.1000000e+01   3.1198317e+01   3.0153697e+01   1.1098042e+00   4.0990945e+01  -4.7000000e+01   3.7353695e+01
  -2.1000000e+01   2.9029304e+01   2.6528627e+01  -2.3201370e-01   4.4506132e+01  -4.7000000e+01   4.0542965e+01
  -2.1000000e+01   2.9255188e+01   2.3796030e+01  -1.4383917e+00   4.7223748e+01  -4.7000000e+01   4.2424750e+01
  -2.1000000e+01   2.7913210e+01   2.1032289e+01  -3.1989040e+00   4.9059280e+01  -4.7000000e+01   4.4783273e+01
  -2.1000000e+01   2.7231846e+01   1.7911741e+01  -4.5126559e+00   5.1517263e+01  -4.7000000e+01   4.7453378e+01
  -2.1000000e+01   2.3819753e+01   1.3991268e+01  -4.8455790e+00   5.4020826e+01  -4.7000000e+01   5.0405940e+01
  -2.1000000e+01   2.1611341e+01   9.7322619e+00  -6.5831908e+00   5.6596775e+01  -4.7000000e+01   5.2227872e+01
  -2.1000000e+01   1.8200313e+01   5.9244849e+00  -8.6372573e+00   5.9510522e+01  -4.7000000e+01   5.5837747e+01
  -2.1000000e+01   1.3796458e+01   1.2088353e+00  -1.1398451e+01   6.2673302e+01  -4.7000000e+01   5.8376925e+01
  -2.1000000e+01   9.7886913e+00  -2.1924486e+00  -1.3358319e+01   6.7014675e+01  -4.7000000e+01   5.9762103e+01
  -2.1000000e+01   1.1815635e+01  -4.5133961e+00  -1.7175467e+01   7.2310610e+01  -4.7000000e+01   5.3936808e+01
  -2.1000000e+01   1.0913354e+01  -4.9954799e+00  -1.5800639e+01   7.6154257e+01  -4.7000000e+01   4.5343818e+01
  -2.1000000e+01   1.2502369e+01  -2.5090076e+00  -1.7043344e+01   8.0377084e+01  -4.7000000e+01   3.7446674e+01
  -2.1000000e+01   1.3769967e+01   3.7291937e+00  -1.6506291e+01   7.7414484e+01  -4.7000000e+01   2.6931577e+01
  -2.1000000e+01   1.6898240e+01   1.3109965e+01  -1.2944483e+01   7.2333044e+01  -4.7000000e+01   1.7456968e+01
  -2.1000000e+01   2.0832805e+01   2.2483392e+01  -1.1685885e+01   6.7222263e+01  -4.7000000e+01   7.9172273e+00
  -2.1000000e+01   2.0871681e+01   2.8336237e+01  -1.3308607e+01   6.0292061e+01  -4.7000000e+01  -3.0364587e+00
  -2.1000000e+01   2.1302302e+01   3.2292620e+01  -1.5062683e+01   5.2817138e+01  -4.7000000e+01  -1.3578039e+01
  -2.1000000e+01   2.1601209e+01   3.8686516e+01  -1.1511648e+01   4.5339924e+01  -4.7000000e+01  -2.3187399e+01
  -2.1000000e+01   2.1428627e+01   4.6356514e+01  -5.3983976e+00   3.7741188e+01  -4.7000000e+01  -3.2071874e+01
  -2.1000000e+01   2.1531880e+01   5.4506016e+01   1.3176789e+00   2.9923206e+01  -4.7000000e+01  -3.8853780e+01
  -2.1000000e+01   2.2406311e+01   6.2134140e+01   1.1706662e+01   2.1980789e+01  -4.7000000e+01  -4.2206837e+01
  -2.1000000e+01   2.1157625e+01   6.8176578e+01   2.2486523e+01   1.3954887e+01  -4.7000000e+01  -4.2928725e+01
  -2.1000000e+01   1.9024548e+01   7.3508258e+01   3.3389409e+01   7.1482692e+00  -4.7000000e+01  -4.0486345e+01
  -2.1000000e+01   1.7792632e+01   7.8119995e+01   4.3215563e+01   1.0047645e+00  -4.7000000e+01  -3.6136913e+01
  -2.1000000e+01   1.6833233e+01   8.1703112e+01   4.4975835e+01  -4.7296742e+00  -4.7000000e+01  -3.2941021e+01
  -2.1000000e+01   1.7709193e+01   8.4225093e+01   4.4864038e+01  -1.0412445e+01  -4.7000000e+01  -2.8906463e+01
  -2.1000000e+01   1.7554613e+01   8.4385276e+01   4.3462215e+01  -1.1717907e+01  -4.7000000e+01  -2.4104514e+01
  -2.1000000e+01   1.9281245e+01   8.3098420e+01   4.0691299e+01  -1.1684548e+01  -4.7000000e+01  -1.8813136e+01
  -2.1000000e+01   1.9944214e+01   7.9951722e+01   3.7045588e+01  -7.1984089e+00  -4.7000000e+01  -1.3056632e+01
  -2.1000000e+01   2.1470347e+01   7.7682305e+01   3.4028214e+01  -4.0289239e+00  -4.7000000e+01  -7.8687944e+00
  -2.1000000e+01   2.2792871e+01   7.4472630e+01   3.0760546e+01  -1.2931582e+00  -4.7000000e+01  -2.1814650e+00
  -2.1000000e+01   2.4703469e+01   7.0372237e+01   2.7610750e+01   8.2185485e-01  -4.7000000e+01   2.0957059e+00
  -2.1000000e+01   2.5056726e+01   6.5172824e+01   2.3306270e+01   7.9948870e+00  -4.7000000e+01   8.2475015e+00
  -2.1000000e+01   2.5715785e+01   6.0452892e+01   2.0220073e+01   1.3357736e+01  -4.7000000e+01   1.2307161e+01
  -2.1000000e+01   2.7004377e+01   5.3799299e+01   1.6334439e+01   2.0014874e+01  -4.7000000e+01   1.5726104e+01
  -2.1000000e+01   2.6644423e+01   5.1721067e+01   1.4346209e+01   2.2088593e+01  -4.7000000e+01   1.9201986e+01
  -2.1000000e+01   2.7768911e+01   4.8672168e+01   1.2050996e+01   2.4192099e+01  -4.7000000e+01   2.2536538e+01
  -2.1000000e+01   2.5685866e+01   4.5990801e+01   1.0963987e+01   2.9406333e+01  -4.7000000e+01   2.6962315e+01
  -2.1000000e+01   2.6574430e+01   3.8647034e+01   9.1882554e+00   3.4738647e+01  -4.7000000e+01   2.9018694e+01
  -2.1000000e+01   2.5818810e+01   3.3213148e+01   8.6741505e+00   3.9641116e+01  -4.7000000e+01   3.2094998e+01
  -2.1000000e+01   2.4898488e+01   2.9014374e+01   6.0713777e+00   4.3440878e+01  -4.7000000e+01   3.5946269e+01
  -2.1000000e+01   2.3839067e+01   2.4318665e+01   4.2468536e+00   4.6387082e+01  -4.7000000e+01   3.7045383e+01
  -2.1000000e+01   2.2950629e+01   2.0441999e+01   2.7010844e+00   4.9581338e+01  -4.7000000e+01   4.1011526e+01
  -2.1000000e+01   2.2862129e+01   1.6284530e+01   1.4695108e-01   5.1093497e+01  -4.7000000e+01   4.1710255e+01
  -2.1000000e+01   2.1491063e+01   1.3449278e+01  -2.2751144e+00   5.3103740e+01  -4.7000000e+01   4.4893556e+01
  -2.1000000e+01   1.9630452e+01   1.0221989e+01  -4.0315242e+00   5.5172723e+01  -4.7000000e+01   4.8589690e+01
  -2.1000000e+01   1.6885527e+01   6.7913898e+00  -5.9058991e+00   5.7171215e+01  -4.7000000e+01   5.2233443e+01
  -2.1000000e+01   1.2090257e+01   1.9225324e+00  -7.5904669e+00   5.9075648e+01  -4.7000000e+01   5.5026125e+01
  -2.1000000e+01   7.4396260e+00  -2.2053803e+00  -1.0444012e+01   6.2358921e+01  -4.7000000e+01   5.6707149e+01
  -2.1000000e+01   9.1850792e+00  -5.6091391e+00  -1.5404583e+01   6.6349025e+01  -4.7000000e+01   5.3696836e+01
  -2.1000000e+01   9.7380580e+00  -6.0588022e+00  -1.8220739e+01   7.2897264e+01  -4.7000000e+01   5.0326372e+01
  -2.1000000e+01   1.1708388e+01  -1.0863165e+00  -1.6826096e+01   7.5614518e+01  -4.7000000e+01   3.8491377e+01
  -2.1000000e+01   1.3462821e+01   5.5959958e+00  -1.6636725e+01   7.4444947e+01  -4.7000000e+01   2.7416763e+01
  -2.1000000e+01   1.5961610e+01   1.4762668e+01  -1.3435016e+01   7.0991812e+01  -4.7000000e+01   1.7854661e+01
  -2.1000000e+01   2.0078395e+01   2.5401620e+01  -8.9829427e+00   6.5436181e+01  -4.7000000e+01   7.9193041e+00
  -2.1000000e+01   2.1882065e+01   3.6946644e+01  -2.0758498e+00   5.8545540e+01  -4.7000000e+01  -9.3260808e-01
  -2.1000000e+01   2.2936192e+01   4.7616081e+01   4.6665128e+00   4.9428325e+01  -4.7000000e+01  -9.8188356e+00
  -2.1000000e+01   2.2113265e+01   5.6795092e+01   1.1592596e+01   3.9804880e+01  -4.7000000e+01  -1.8746258e+01
  -2.1000000e+01   2.0495101e+01   6.4350633e+01   1.7698860e+01   3.0213601e+01  -4.7000000e+01  -2.7380514e+01
  -2.1000000e+01   2.0806932e+01   6.9926377e+01   2.4033926e+01   2.0863431e+01  -4.7000000e+01  -3.3749040e+01
  -2.1000000e+01   1.8686164e+01   7.2564767e+01   3.1842999e+01   1.2316164e+01  -4.7000000e+01  -3.7065717e+01
  -2.1000000e+01   1.8540062e+01   7.6383566e+01   4.1096176e+01   6.5628922e+00  -4.7000000e+01  -3.0258680e+01
  -2.1000000e+01   1.9644029e+01   7.7521611e+01   3.9785983e+01   2.0944139e+00  -4.7000000e+01  -2.4602219e+01
  -2.1000000e+01   1.8843197e+01   7.5919375e+01   3.7311444e+01   1.9452010e+00  -4.7000000e+01  -1.9020731e+01
  -2.1000000e+01   2.0133100e+01   7.4603951e+01   3.4535045e+01   9.0061170e-01  -4.7000000e+01  -1.2815333e+01
  -2.1000000e+01   2.1440430e+01   7.2076585e+01   3.0803695e+01   2.4169446e+00  -4.7000000e+01  -6.4273684e+00
  -2.1000000e+01   2.2522250e+01   6.7686615e+01   2.7276861e+01   6.1891741e+00  -4.7000000e+01  -1.1584830e+00
  -2.1000000e+01   2.2835388e+01   6.4085404e+01   2.4361363e+01   1.0087638e+01  -4.7000000e+01   3.0594586e+00
  -2.1000000e+01   2.4756111e+01   6.0257653e+01   2.0908642e+01   1.2381517e+01  -4.7000000e+01   7.7838337e+00
  -2.1000000e+01   2.3965229e+01   5.4658226e+01   1.8060467e+01   1.9639808e+01  -4.7000000e+01   1.2331724e+01
  -2.1000000e+01   2.4690090e+01   5.0777019e+01   1.6029459e+01   2.1428376e+01  -4.7000000e+01   1.5100259e+01
  -2.1000000e+01   2.5603007e+01   4.8255989e+01   1.4434307e+01   2.3015248e+01  -4.7000000e+01   1.8176656e+01
  -2.1000000e+01   2.5329863e+01   4.5755939e+01   1.2303532e+01   2.6624410e+01  -4.7000000e+01   2.2061180e+01
  -2.1000000e+01   2.6059862e+01   4.1922907e+01   1.0501648e+01   3.0298407e+01  -4.7000000e+01   2.4988066e+01
  -2.1000000e+01   2.6501106e+01   3.8791831e+01   9.5161321e+00   3.4182146e+01  -4.7000000e+01   2.7408951e+01
  -2.1000000e+01   2.5040902e+01   3.6260139e+01   8.1320115e+00   3.6783668e+01  -4.7000000e+01   3.0296760e+01
  -2.1000000e+01   2.4511789e+01   3.4219337e+01   6.9433849e+00   3.8285568e+01  -4.7000000e+01   3.2232302e+01
  -2.1000000e+01   2.4787398e+01   3.0991295e+01   4.6341915e+00   4.1578374e+01  -4.7000000e+01   3.6583463e+01
  -2.1000000e+01   2.5039866e+01   2.8146178e+01   2.8803180e+00   4.3630094e+01  -4.7000000e+01   3.9382219e+01
  -2.1000000e+01   2.4473124e+01   2.6596618e+01   2.5823078e+00   4.5685702e+01  -4.7000000e+01   4.1919259e+01
  -2.1000000e+01   2.4012067e+01   2.3599774e+01   1.7779281e+00   4.7042695e+01  -4.7000000e+01   4.3877560e+01
  -2.1000000e+01   2.3247402e+01   2.1138240e+01   6.1065932e-01   4.9123367e+01  -4.7000000e+01   4.6186151e+01
  -2.1000000e+01   2.2039733e+01   1.7411000e+01  -1.1219375e+00   5.0950511e+01  -4.7000000e+01   4.7602829e+01
  -2.1000000e+01   2.1091647e+01   1.2989665e+01  -3.5089917e+00   5.3087071e+01  -4.7000000e+01   4.9915936e+01
  -2.1000000e+01   1.9246181e+01   9.6425962e+00  -4.9038492e+00   5.5046709e+01  -4.7000000e+01   5.2391747e+01
  -2.1000000e+01   1.7360988e+01   6.6442055e+00  -6.4760671e+00   5.7087388e+01  -4.7000000e+01   5.4462399e+01
  -2.1000000e+01   1.6658043e+01   3.7099063e+00  -8.9883276e+00   5.9083789e+01  -4.7000000e+01   5.7596322e+01
  -2.1000000e+01   1.3335323e+01   6.2245075e-01  -9.8247051e+00   6.0242395e+01  -4.7000000e+01   5.9373318e+01
  -2.1000000e+01   1.2783229e+01  -3.0975161e+00  -1.1413327e+01   6.1633096e+01  -4.7000000e+01   6.2037557e+01
  -2.1000000e+01   8.3504097e+00  -6.1428128e+00  -1.2154650e+01   6.2477087e+01  -4.7000000e+01   6.3936792e+01
  -2.1000000e+01   8.3838829e+00  -8.5294621e+00  -1.3376037e+01   6.2428013e+01  -4.7000000e+01   6.5541768e+01
  -2.1000000e+01   7.4784459e+00  -9.1830361e+00  -1.4588769e+01   6.2226924e+01  -4.7000000e+01   6.6970037e+01
  -2.1000000e+01   5.6881652e+00  -1.2383519e+01  -1.6728734e+01   6.2287614e+01  -4.7000000e+01   6.8627677e+01
  -2.1000000e+01   4.8755047e+00  -1.3818920e+01  -1.8651736e+01   6.5679731e+01  -4.7000000e+01   7.0001396e+01
  -2.1000000e+01   4.8846192e+00  -1.1900219e+01  -1.8704893e+01   7.2037451e+01  -4.7000000e+01   6.6215340e+01
  -2.1000000e+01   1.0110329e+01  -7.5340275e+00  -1.9129270e+01   7.7121174e+01  -4.7000000e+01   5.3755418e+01
  -2.1000000e+01   1.1536721e+01   1.4868286e+00  -1.5146931e+01   7.4635004e+01  -4.7000000e+01   4.1643489e+01
  -2.1000000e+01   1.3068031e+01   1.1621189e+01  -1.1971030e+01   7.1229832e+01  -4.7000000e+01   3.0039343e+01
  -2.1000000e+01   1.8866610e+01   2.2998804e+01  -6.0179770e+00   6.6133997e+01  -4.7000000e+01   1.9976311e+01
  -2.1000000e+01   2.2511620e+01   3.4505624e+01   3.6488204e-01   5.8889447e+01  -4.7000000e+01   9.5823516e+00
  -2.1000000e+01   2.3046206e+01   4.5415667e+01   6.7394355e+00   5.0276087e+01  -4.7000000e+01  -6.0570224e-02
  -2.1000000e+01   2.0908583e+01   5.4367821e+01   1.2586608e+01   4.0667779e+01  -4.7000000e+01  -9.7130665e+00
  -2.1000000e+01   2.0404213e+01   6.2371906e+01   1.8150521e+01   3.0908401e+01  -4.7000000e+01  -1.8003726e+01
  -2.1000000e+01   2.0366769e+01   6.8599265e+01   2.5172732e+01   2.1083119e+01  -4.7000000e+01  -2.4514943e+01
  -2.1000000e+01   1.8450739e+01   7.3488392e+01   3.3590027e+01   1.2445484e+01  -4.7000000e+01  -2.6109228e+01
  -2.1000000e+01   1.8829284e+01   7.7100988e+01   3.9540830e+01   6.2821028e+00  -4.7000000e+01  -2.2370708e+01
  -2.1000000e+01   2.0209780e+01   7.6870426e+01   3.7640946e+01   2.0180413e+00  -4.7000000e+01  -1.7781959e+01
  -2.1000000e+01   2.1169157e+01   7.5177236e+01   3.4889350e+01   6.3435980e-01  -4.7000000e+01  -1.3588983e+01
  -2.1000000e+01   2.3044989e+01   7.4338966e+01   3.2738419e+01  -5.3550421e-01  -4.7000000e+01  -8.5144216e+00
  -2.1000000e+01   2.3988456e+01   7.1574580e+01   2.9876905e+01   1.9560648e+00  -4.7000000e+01  -2.8114680e+00
  -2.1000000e+01   2.4038437e+01   6.8426228e+01   2.7226449e+01   4.0470004e+00  -4.7000000e+01   6.1820857e-01
  -2.1000000e+01   2.3161287e+01   6.4996866e+01   2.5626435e+01   9.1390459e+00  -4.7000000e+01   4.2910217e+00
  -2.1000000e+01   2.3749528e+01   6.1516510e+01   2.2741233e+01   1.2085739e+01  -4.7000000e+01   8.4085987e+00
  -2.1000000e+01   2.5273990e+01   5.7355614e+01   2.0028651e+01   1.5151160e+01  -4.7000000e+01   1.1183806e+01
  -2.1000000e+01   2.5515590e+01   5.1023569e+01   1.6420837e+01   2.1462547e+01  -4.7000000e+01   1.4911926e+01
  -2.1000000e+01   2.4699399e+01   4.8008587e+01   1.5778040e+01   2.4585575e+01  -4.7000000e+01   1.7902260e+01
  -2.1000000e+01   2.3371640e+01   4.2638011e+01   1.4958755e+01   3.0868553e+01  -4.7000000e+01   2.1515911e+01
  -2.1000000e+01   2.3242443e+01   3.7553131e+01   1.2060208e+01   3.5799644e+01  -4.7000000e+01   2.5429950e+01
  -2.1000000e+01   2.2239161e+01   3.3346762e+01   1.1713646e+01   4.0771830e+01  -4.7000000e+01   2.9590628e+01
  -2.1000000e+01   2.3449678e+01   2.9144820e+01   7.8101155e+00   4.2036454e+01  -4.7000000e+01   3.2367146e+01
  -2.1000000e+01   2.3684418e+01   2.6159311e+01   6.1133510e+00   4.3712299e+01  -4.7000000e+01   3.5126287e+01
  -2.1000000e+01   2.2064979e+01   2.2994286e+01   4.8473944e+00   4.6114337e+01  -4.7000000e+01   3.7529311e+01
  -2.1000000e+01   2.2769942e+01   1.8789291e+01   2.3425605e+00   4.8453593e+01  -4.7000000e+01   3.9382063e+01
  -2.1000000e+01   2.1682582e+01   1.5266972e+01   6.6576185e-01   5.0276710e+01  -4.7000000e+01   4.2802678e+01
  -2.1000000e+01   1.9931990e+01   1.3013449e+01  -4.2359222e-01   5.1862231e+01  -4.7000000e+01   4.4439127e+01
  -2.1000000e+01   1.8615058e+01   1.1012727e+01  -1.9673195e+00   5.3632316e+01  -4.7000000e+01   4.7647385e+01
  -2.1000000e+01   1.7700208e+01   7.3727434e+00  -3.4472641e+00   5.4036866e+01  -4.7000000e+01   4.9986444e+01
  -2.1000000e+01   1.6376472e+01   4.5052275e+00  -5.4398230e+00   5.5071320e+01  -4.7000000e+01   5.3166010e+01
  -2.1000000e+01   1.3810767e+01   1.4647433e+00  -5.8091993e+00   5.6055592e+01  -4.7000000e+01   5.6103105e+01
  -2.1000000e+01   1.0869418e+01  -2.3629108e+00  -6.5011173e+00   5.6421939e+01  -4.7000000e+01   5.8493515e+01
  -2.1000000e+01   7.7116514e+00  -5.5043213e+00  -7.1729901e+00   5.6690851e+01  -4.7000000e+01   6.0750125e+01
  -2.1000000e+01   8.1464509e+00  -8.2741884e+00  -8.8796361e+00   5.6731083e+01  -4.7000000e+01   6.2760051e+01
  -2.1000000e+01   6.1940129e+00  -9.7963399e+00  -1.0626903e+01   5.6674837e+01  -4.7000000e+01   6.3949656e+01
  -2.1000000e+01   6.8039297e+00  -1.0841004e+01  -1.3815907e+01   5.8866541e+01  -4.7000000e+01   6.5106822e+01
  -2.1000000e+01   6.9395074e+00  -9.8407033e+00  -1.6645789e+01   6.3670187e+01  -4.7000000e+01   5.9145687e+01
  -2.1000000e+01   6.2595608e+00  -1.0572036e+01  -1.9250850e+01   6.8719324e+01  -4.7000000e+01   4.7247728e+01
  -2.1000000e+01   1.0473966e+01  -6.6917601e+00  -2.1186237e+01   7.3284380e+01  -4.7000000e+01   3.5162928e+01
  -2.1000000e+01   1.3939018e+01   3.4027210e+00  -1.7239495e+01   7.3484487e+01  -4.7000000e+01   2.4269192e+01
  -2.1000000e+01   1.6185483e+01   1.5116628e+01  -1.0317974e+01   7.1176665e+01  -4.7000000e+01   1.5131333e+01
  -2.1000000e+01   2.1832893e+01   2.7183660e+01  -3.5783270e+00   6.7699869e+01  -4.7000000e+01   6.9678574e+00
  -2.1000000e+01   2.4539343e+01   3.8836920e+01   2.6728736e+00   6.0303219e+01  -4.7000000e+01  -2.2373928e+00
  -2.1000000e+01   2.4109263e+01   4.8299638e+01   9.3577719e+00   5.0683938e+01  -4.7000000e+01  -1.1991286e+01
  -2.1000000e+01   2.1711819e+01   5.7362163e+01   1.5755557e+01   4.1199834e+01  -4.7000000e+01  -2.1335811e+01
  -2.1000000e+01   2.1417596e+01   6.4985582e+01   2.2070144e+01   3.1843492e+01  -4.7000000e+01  -2.9854436e+01
  -2.1000000e+01   1.9450854e+01   7.1221649e+01   2.9725839e+01   2.2892438e+01  -4.7000000e+01  -3.6424565e+01
  -2.1000000e+01   1.8887994e+01   7.4927109e+01   3.7950979e+01   1.4125363e+01  -4.7000000e+01  -3.8291204e+01
  -2.1000000e+01   1.7455600e+01   7.8675068e+01   4.5674478e+01   6.9783364e+00  -4.7000000e+01  -3.4513050e+01
  -2.1000000e+01   1.9838127e+01   8.0251524e+01   4.5176791e+01   2.0439648e-01  -4.7000000e+01  -3.0156213e+01
  -2.1000000e+01   1.9539948e+01   8.0283658e+01   4.3179357e+01  -1.7145951e+00  -4.7000000e+01  -2.4079083e+01
  -2.1000000e+01   2.0297807e+01   7.8293500e+01   4.0042206e+01  -1.2406735e+00  -4.7000000e+01  -1.9304665e+01
  -2.1000000e+01   2.1630496e+01   7.6972566e+01   3.7780760e+01  -2.4848977e-02  -4.7000000e+01  -1.3467276e+01
  -2.1000000e+01   2.2980995e+01   7.3195966e+01   3.4082452e+01   1.2849999e+00  -4.7000000e+01  -8.6424698e+00
  -2.1000000e+01   2.3469393e+01   6.8917153e+01   3.0091291e+01   5.4470231e+00  -4.7000000e+01  -4.4802956e+00
  -2.1000000e+01   2.4422259e+01   6.3873943e+01   2.6888381e+01   1.0363790e+01  -4.7000000e+01  -5.6699050e-01
  -2.1000000e+01   2.4747353e+01   5.9481797e+01   2.4195462e+01   1.4865506e+01  -4.7000000e+01   3.7698587e+00
  -2.1000000e+01   2.5657129e+01   5.4817537e+01   2.1295336e+01   2.0102369e+01  -4.7000000e+01   7.8337726e+00
  -2.1000000e+01   2.5670238e+01   4.9373471e+01   1.9451665e+01   2.4627988e+01  -4.7000000e+01   1.0455328e+01
  -2.1000000e+01   2.5812165e+01   4.5784914e+01   1.8480180e+01   2.8065734e+01  -4.7000000e+01   1.3221967e+01
  -2.1000000e+01   2.5505275e+01   4.3909255e+01   1.7489682e+01   2.9773665e+01  -4.7000000e+01   1.5354057e+01
  -2.1000000e+01   2.4775515e+01   4.1681293e+01   1.5972187e+01   3.2486791e+01  -4.7000000e+01   1.9948317e+01
  -2.1000000e+01   2.4287117e+01   3.7275769e+01   1.4255882e+01   3.6420399e+01  -4.7000000e+01   2.3914293e+01
  -2.1000000e+01   2.4587999e+01   3.3513454e+01   1.2884402e+01   3.9291764e+01  -4.7000000e+01   2.6023604e+01
  -2.1000000e+01   2.4743117e+01   3.0819055e+01   1.1661504e+01   4.1522148e+01  -4.7000000e+01   2.8184460e+01
  -2.1000000e+01   2.5974951e+01   2.7380484e+01   8.5939344e+00   4.2947762e+01  -4.7000000e+01   3.1503893e+01
  -2.1000000e+01   2.4391687e+01   2.5112517e+01   7.7878505e+00   4.4739056e+01  -4.7000000e+01   3.3373682e+01
  -2.1000000e+01   2.4229137e+01   2.2549673e+01   5.7018131e+00   4.5958620e+01  -4.7000000e+01   3.5177573e+01
  -2.1000000e+01   2.3645388e+01   2.0026553e+01   4.6458680e+00   4.7227788e+01  -4.7000000e+01   3.7257000e+01
  -2.1000000e+01   2.2799636e+01   1.7638656e+01   3.4703396e+00   4.8380810e+01  -4.7000000e+01   3.8623898e+01
  -2.1000000e+01   2.2244956e+01   1.5709267e+01   1.7759739e+00   4.9461146e+01  -4.7000000e+01   4.0728842e+01
  -2.1000000e+01   2.1562890e+01   1.3983872e+01   6.1073387e-02   5.0485639e+01  -4.7000000e+01   4.2174128e+01
  -2.1000000e+01   1.9561861e+01   1.1880476e+01  -9.5796955e-01   5.0930260e+01  -4.7000000e+01   4.4134031e+01
  -2.1000000e+01   2.0463028e+01   9.8218413e+00  -3.5610532e+00   5.0565161e+01  -4.7000000e+01   4.6218726e+01
  -2.1000000e+01   1.9178235e+01   7.8776597e+00  -4.9311812e+00   5.0031938e+01  -4.7000000e+01   4.8116257e+01
  -2.1000000e+01   1.7134481e+01   5.5269705e+00  -5.7372606e+00   5.0693789e+01  -4.7000000e+01   5.0230020e+01
  -2.1000000e+01   1.4707511e+01   2.4422003e+00  -6.2171804e+00   5.1198571e+01  -4.7000000e+01   5.2157018e+01
  -2.1000000e+01   1.3382260e+01  -9.9350591e-02  -6.8529774e+00   5.2318398e+01  -4.7000000e+01   5.4529600e+01
  -2.1000000e+01   1.0630441e+01  -4.1147739e+00  -7.6023203e+00   5.2677671e+01  -4.7000000e+01   5.6031677e+01
  -2.1000000e+01   9.9926891e+00  -7.1609765e+00  -8.7711881e+00   5.3210647e+01  -4.7000000e+01   5.7086547e+01
  -2.1000000e+01   1.0131776e+01  -8.1756531e+00  -1.0933359e+01   5.2882600e+01  -4.7000000e+01   5.8579059e+01
  -2.1000000e+01   1.1286413e+01  -8.5566109e+00  -1.3149779e+01   5.2559217e+01  -4.7000000e+01   5.9073498e+01
  -2.1000000e+01   1.0464380e+01  -8.8172340e+00  -1.6280619e+01   5.3592975e+01  -4.7000000e+01   5.7297116e+01
  -2.1000000e+01   9.7968600e+00  -9.0690642e+00  -1.9615264e+01   5.8422732e+01  -4.7000000e+01   5.0809985e+01
  -2.1000000e+01   1.1001413e+01  -9.1613169e+00  -2.3472833e+01   6.4948857e+01  -4.7000000e+01   4.0829333e+01
  -2.1000000e+01   1.2276724e+01  -6.3217650e+00  -2.2196181e+01   7.2086948e+01  -4.7000000e+01   2.9791996e+01
  -2.1000000e+01   1.3440252e+01   4.5778910e+00  -1.3738531e+01   7.3841644e+01  -4.7000000e+01   2.1756746e+01
  -2.1000000e+01   1.7119226e+01   1.6691368e+01  -5.1860536e+00   6.8627182e+01  -4.7000000e+01   1.6011482e+01
  -2.1000000e+01   2.1157989e+01   2.8481265e+01   2.9714993e+00   6.0758522e+01  -4.7000000e+01   7.3540522e+00
  -2.1000000e+01   2.4621286e+01   3.6875002e+01   6.8727719e+00   5.0746338e+01  -4.7000000e+01  -5.9791039e-01
  -2.1000000e+01   2.4770817e+01   4.6231917e+01   1.3845124e+01   4.0661486e+01  -4.7000000e+01  -8.4645225e+00
  -2.1000000e+01   2.3684520e+01   5.4951417e+01   1.9843377e+01   3.0963206e+01  -4.7000000e+01  -1.6055865e+01
  -2.1000000e+01   2.2416414e+01   6.1876835e+01   2.6369363e+01   2.1501447e+01  -4.7000000e+01  -2.3434448e+01
  -2.1000000e+01   2.2071435e+01   6.8096721e+01   3.5378927e+01   1.3572109e+01  -4.7000000e+01  -2.3782485e+01
  -2.1000000e+01   2.2751373e+01   7.0829137e+01   3.7407699e+01   7.8105944e+00  -4.7000000e+01  -2.1926526e+01
  -2.1000000e+01   2.3122990e+01   7.1042055e+01   3.6165903e+01   6.2270923e+00  -4.7000000e+01  -1.7927043e+01
  -2.1000000e+01   2.3753362e+01   6.8935188e+01   3.4097249e+01   6.3395384e+00  -4.7000000e+01  -1.5347526e+01
  -2.1000000e+01   2.3701351e+01   6.7586919e+01   3.2468446e+01   8.4020961e+00  -4.7000000e+01  -1.2956370e+01
  -2.1000000e+01   2.3939167e+01   6.4365271e+01   3.0947450e+01   1.2254616e+01  -4.7000000e+01  -1.1828903e+01
  -2.1000000e+01   2.4718024e+01   6.1436405e+01   2.8733081e+01   1.4212742e+01  -4.7000000e+01  -9.1944660e+00
  -2.1000000e+01   2.5275599e+01   5.9268664e+01   2.7964253e+01   1.7858822e+01  -4.7000000e+01  -6.9591323e+00
  -2.1000000e+01   2.5248409e+01   5.7193213e+01   2.6920155e+01   1.9625211e+01  -4.7000000e+01  -5.0513519e+00
  -2.1000000e+01   2.5553382e+01   5.4659283e+01   2.5616811e+01   2.3683780e+01  -4.7000000e+01  -8.9793594e-01
  -2.1000000e+01   2.5192989e+01   5.2800433e+01   2.4017539e+01   2.5899777e+01  -4.7000000e+01   2.2731749e+00
  -2.1000000e+01   2.5913301e+01   5.0034612e+01   2.1899508e+01   2.6824349e+01  -4.7000000e+01   4.6553398e+00
  -2.1000000e+01   2.6219390e+01   4.7931568e+01   1.9866391e+01   2.8549997e+01  -4.7000000e+01   7.7974809e+00
  -2.1000000e+01   2.5632105e+01   4.6111282e+01   1.8625697e+01   3.1142481e+01  -4.7000000e+01   1.0940048e+01
  -2.1000000e+01   2.6588025e+01   4.3237217e+01   1.6660261e+01   3.2356111e+01  -4.7000000e+01   1.3422401e+01
  -2.1000000e+01   2.6284002e+01   4.0365559e+01   1.5035617e+01   3.4375711e+01  -4.7000000e+01   1.6201314e+01
  -2.1000000e+01   2.5704502e+01   3.8290555e+01   1.3503062e+01   3.6906557e+01  -4.7000000e+01   2.0185523e+01
  -2.1000000e+01   2.7293826e+01   3.6827987e+01   1.2034088e+01   3.7322881e+01  -4.7000000e+01   2.3223943e+01
  -2.1000000e+01   2.7412063e+01   3.4873028e+01   1.0136104e+01   3.8872322e+01  -4.7000000e+01   2.6674913e+01
  -2.1000000e+01   2.7537728e+01   3.3197965e+01   8.8928187e+00   3.9351129e+01  -4.7000000e+01   2.9481655e+01
  -2.1000000e+01   2.6249107e+01   3.2541496e+01   8.6842903e+00   4.0348358e+01  -4.7000000e+01   3.1503721e+01
  -2.1000000e+01   2.6284554e+01   3.0172334e+01   7.3958788e+00   4.0757039e+01  -4.7000000e+01   3.2196868e+01
  -2.1000000e+01   2.4215351e+01   2.8985615e+01   6.5622917e+00   4.2853315e+01  -4.7000000e+01   3.5305827e+01
  -2.1000000e+01   2.3947739e+01   2.5999385e+01   6.2816579e+00   4.5271401e+01  -4.7000000e+01   3.6897917e+01
  -2.1000000e+01   2.3422600e+01   2.1811646e+01   6.0860740e+00   4.8438844e+01  -4.7000000e+01   3.9416162e+01
  -2.1000000e+01   2.3826079e+01   1.8421153e+01   4.5438382e+00   5.0093516e+01  -4.7000000e+01   4.0040348e+01
  -2.1000000e+01   2.3006898e+01   1.5347552e+01   2.3349684e+00   5.1840943e+01  -4.7000000e+01   4.2061291e+01
  -2.1000000e+01   2.2523909e+01   1.3644416e+01   4.4021961e-01   5.2674525e+01  -4.7000000e+01   4.4192650e+01
  -2.1000000e+01   2.1279904e+01   1.2223787e+01  -1.5895763e+00   5.3635988e+01  -4.7000000e+01   4.5598526e+01
  -2.1000000e+01   2.0749899e+01   9.2405876e+00  -3.1346961e+00   5.4849579e+01  -4.7000000e+01   4.7919042e+01
  -2.1000000e+01   1.8504045e+01   6.8617847e+00  -4.8290636e+00   5.6302266e+01  -4.7000000e+01   5.1069367e+01
  -2.1000000e+01   1.6445321e+01   3.6064182e+00  -6.5198681e+00   5.7588860e+01  -4.7000000e+01   5.3499319e+01
  -2.1000000e+01   1.3867441e+01  -2.7403628e-01  -7.8369026e+00   5.8733095e+01  -4.7000000e+01   5.5821512e+01
  -2.1000000e+01   1.1123042e+01  -3.4041576e+00  -8.8572574e+00   6.0300345e+01  -4.7000000e+01   5.8621146e+01
  -2.1000000e+01   8.7611179e+00  -5.9872321e+00  -1.0185523e+01   6.1745563e+01  -4.7000000e+01   6.0190365e+01
  -2.1000000e+01   8.1705290e+00  -7.4997587e+00  -1.2244864e+01   6.2126685e+01  -4.7000000e+01   6.1296971e+01
  -2.1000000e+01   7.6167328e+00  -9.9230069e+00  -1.4427624e+01   6.1970050e+01  -4.7000000e+01   6.2873051e+01
  -2.1000000e+01   7.7953382e+00  -1.2169171e+01  -1.9330593e+01   6.6776774e+01  -4.7000000e+01   6.3104325e+01
  -2.1000000e+01   1.3419907e+01  -1.5007572e+01  -2.5895231e+01   7.4798313e+01  -4.7000000e+01   5.2692916e+01
  -2.1000000e+01   8.7578496e+00  -1.4555589e+01  -2.3152725e+01   8.2906080e+01  -4.7000000e+01   4.1847271e+01
  -2.1000000e+01   9.1355223e+00  -9.8145473e+00  -2.0603273e+01   8.6243291e+01  -4.7000000e+01   3.0456834e+01
  -2.1000000e+01   1.1982627e+01   3.0548892e-01  -1.6065406e+01   8.2626406e+01  -4.7000000e+01   1.9646721e+01
  -2.1000000e+01   1.2766551e+01   1.1943556e+01  -9.2795891e+00   7.7899057e+01  -4.7000000e+01   1.0656705e+01
  -2.1000000e+01   1.6257597e+01   2.3647964e+01  -1.0778348e+00   7.1285688e+01  -4.7000000e+01   1.0745153e+00
  -2.1000000e+01   1.8969094e+01   3.4836900e+01   6.7746377e+00   6.3037547e+01  -4.7000000e+01  -8.2983613e+00
  -2.1000000e+01   1.8973715e+01   4.4858519e+01   1.4490128e+01   5.4012338e+01  -4.7000000e+01  -1.8016542e+01
  -2.1000000e+01   1.6805051e+01   5.3526784e+01   2.0509002e+01   4.4920700e+01  -4.7000000e+01  -2.7549111e+01
  -2.1000000e+01   1.5721016e+01   6.0700050e+01   2.7344598e+01   3.5919340e+01  -4.7000000e+01  -3.5959952e+01
  -2.1000000e+01   1.3687520e+01   6.5034137e+01   3.5398337e+01   2.7073990e+01  -4.7000000e+01  -4.1202138e+01
  -2.1000000e+01   1.2963737e+01   6.9218137e+01   4.5674479e+01   1.8662639e+01  -4.7000000e+01  -3.9355701e+01
  -2.1000000e+01   1.3101797e+01   7.2129489e+01   4.8079654e+01   1.1026714e+01  -4.7000000e+01  -3.7617383e+01
  -2.1000000e+01   1.4420663e+01   7.1085355e+01   4.4545129e+01   5.0919318e+00  -4.7000000e+01  -3.3048625e+01
  -2.1000000e+01   1.6774361e+01   6.9744850e+01   4.0585181e+01   1.7102893e+00  -4.7000000e+01  -2.7067733e+01
  -2.1000000e+01   1.7355436e+01   6.8593181e+01   3.7270135e+01   1.2792152e+00  -4.7000000e+01  -2.1310438e+01
  -2.1000000e+01   1.7223750e+01   6.5993766e+01   3.4462185e+01   5.3654995e+00  -4.7000000e+01  -1.6896006e+01
  -2.1000000e+01   1.9113806e+01   6.2414002e+01   3.0597584e+01   9.5332163e+00  -4.7000000e+01  -1.1086480e+01
  -2.1000000e+01   2.1020821e+01   5.8291248e+01   2.6531886e+01   1.2038946e+01  -4.7000000e+01  -6.2729630e+00
  -2.1000000e+01   2.1751551e+01   5.4093953e+01   2.3332405e+01   1.5900987e+01  -4.7000000e+01  -1.4840778e+00
  -2.1000000e+01   2.2304853e+01   5.0542657e+01   1.9977804e+01   1.9106804e+01  -4.7000000e+01   3.5602433e+00
  -2.1000000e+01   2.1678301e+01   4.7295303e+01   1.8490196e+01   2.3457731e+01  -4.7000000e+01   7.0371747e+00
  -2.1000000e+01   2.0835050e+01   4.4167279e+01   1.8108661e+01   2.8598206e+01  -4.7000000e+01   9.9987172e+00
  -2.1000000e+01   2.1776496e+01   3.9945814e+01   1.6255454e+01   3.1597830e+01  -4.7000000e+01   1.2698523e+01
  -2.1000000e+01   2.2218181e+01   3.6586318e+01   1.5134653e+01   3.4457683e+01  -4.7000000e+01   1.4902025e+01
