  -2.4311285e+01   3.3288478e+01   5.1659272e+01   3.5326604e+00   1.9097603e+01  -4.2018872e+01   2.4835773e+01
  -2.2571453e+01   3.3381671e+01   5.0466491e+01   6.8352439e+00   3.3090962e+01  -4.7140857e+01   2.7229182e+01
  -2.1000000e+01   2.7563825e+01   4.0370750e+01   1.0149715e+01   3.8000000e+01  -4.7000000e+01   3.0833771e+01
  -2.1000000e+01   2.9419672e+01   3.6144813e+01   7.6117802e+00   3.8000000e+01  -4.7000000e+01   3.3101142e+01
  -2.1000000e+01   3.0732122e+01   3.3687424e+01   4.9843632e+00   3.8000000e+01  -4.7000000e+01   3.4610096e+01
  -2.1000000e+01   3.1608713e+01   3.1271005e+01   5.6549463e-01   3.8000000e+01  -4.7000000e+01   3.7490634e+01
  -2.1000000e+01   2.9961694e+01   2.9006830e+01  -1.5001570e+00   3.8000000e+01  -4.7000000e+01   4.0902101e+01
  -2.1000000e+01   3.0571576e+01   2.7302391e+01  -3.3008805e+00   3.8000000e+01  -4.7000000e+01   4.2920224e+01
  -2.1000000e+01   2.9575439e+01   2.5363601e+01  -5.3759357e+00   3.8000000e+01  -4.7000000e+01   4.5404619e+01
  -2.1000000e+01   2.9288320e+01   2.3012436e+01  -7.1685934e+00   3.8000000e+01  -4.7000000e+01   4.8085087e+01
  -2.1000000e+01   2.6245800e+01   1.9888412e+01  -7.9711187e+00   3.8000000e+01  -4.7000000e+01   5.1142035e+01
  -2.1000000e+01   2.4452926e+01   1.6465805e+01  -1.0118051e+01   3.8000000e+01  -4.7000000e+01   5.3101112e+01
  -2.1000000e+01   2.1480468e+01   1.3240405e+01  -1.2444639e+01   3.8000000e+01  -4.7000000e+01   5.6762124e+01
  -2.1000000e+01   1.7580960e+01   9.5881555e+00  -1.5297920e+01   3.8000000e+01  -4.7000000e+01   5.9405337e+01
  -2.1000000e+01   1.4229123e+01   7.6587484e+00  -1.8197853e+01   3.8000000e+01  -4.7000000e+01   6.1247737e+01
  -2.1000000e+01   1.7774948e+01   1.0733238e+01  -2.3784344e+01   3.8000000e+01  -4.7000000e+01   5.6476623e+01
  -2.1000000e+01   1.7808990e+01   1.3636625e+01  -2.5716637e+01   3.8000000e+01  -4.7000000e+01   4.8807873e+01
  -2.1000000e+01   2.0074956e+01   1.9112259e+01  -2.9008478e+01   3.8000000e+01  -4.7000000e+01   4.1538111e+01
  -2.1000000e+01   2.0785632e+01   2.5384363e+01  -2.8099640e+01   3.8000000e+01  -4.7000000e+01   3.1018893e+01
  -2.1000000e+01   2.2324802e+01   3.1962261e+01  -2.2229044e+01   3.8000000e+01  -4.7000000e+01   2.0754293e+01
  -2.1000000e+01   2.4803453e+01   3.7972038e+01  -1.8811910e+01   3.8000000e+01  -4.7000000e+01   1.0629649e+01
  -2.1000000e+01   2.3560084e+01   3.9534265e+01  -1.8455565e+01   3.8000000e+01  -4.7000000e+01  -5.2352195e-01
  -2.1000000e+01   2.2933406e+01   3.9383350e+01  -1.8291873e+01   3.8000000e+01  -4.7000000e+01  -1.1215628e+01
  -2.1000000e+01   2.2231489e+01   4.1910791e+01  -1.3168208e+01   3.8000000e+01  -4.7000000e+01  -2.1154150e+01
  -2.1000000e+01   2.1399889e+01   4.6435177e+01  -5.9751676e+00   3.8000000e+01  -4.7000000e+01  -3.0525417e+01
  -2.1000000e+01   2.1147602e+01   5.2228371e+01   1.7391204e+00   3.8000000e+01  -4.7000000e+01  -3.8412868e+01
  -2.1000000e+01   2.2081986e+01   5.7783321e+01   1.2545253e+01   3.8000000e+01  -4.7000000e+01  -4.3463916e+01
  -2.1000000e+01   2.0954620e+01   6.1851420e+01   2.3769397e+01   3.8000000e+01  -4.7000000e+01  -4.6563441e+01
  -2.1000000e+01   1.8728882e+01   6.4999310e+01   3.5049240e+01   3.8000000e+01  -4.7000000e+01  -4.6441466e+01
  -2.1000000e+01   1.6957087e+01   6.7493882e+01   4.5420843e+01   3.8000000e+01  -4.7000000e+01  -4.4939800e+01
  -2.1000000e+01   1.5460753e+01   6.9432569e+01   4.8566082e+01   3.8000000e+01  -4.7000000e+01  -4.5822687e+01
  -2.1000000e+01   1.6020794e+01   6.9903266e+01   4.8913086e+01   3.8000000e+01  -4.7000000e+01  -4.5770729e+01
  -2.1000000e+01   1.5540815e+01   6.8656165e+01   4.7709320e+01   3.8000000e+01  -4.7000000e+01  -4.2253101e+01
  -2.1000000e+01   1.6931984e+01   6.6396059e+01   4.5107979e+01   3.8000000e+01  -4.7000000e+01  -3.7286032e+01
  -2.1000000e+01   1.7393163e+01   6.3619836e+01   4.1909174e+01   3.8000000e+01  -4.7000000e+01  -2.9886997e+01
  -2.1000000e+01   1.8766698e+01   6.1944624e+01   3.8978024e+01   3.8000000e+01  -4.7000000e+01  -2.2736131e+01
  -2.1000000e+01   1.9937109e+01   5.9276159e+01   3.5748039e+01   3.8000000e+01  -4.7000000e+01  -1.5392642e+01
  -2.1000000e+01   2.1729178e+01   5.5953469e+01   3.2404979e+01   3.8000000e+01  -4.7000000e+01  -8.9220467e+00
  -2.1000000e+01   2.2364803e+01   5.3208081e+01   2.8218333e+01   3.8000000e+01  -4.7000000e+01  -5.3089417e-01
  -2.1000000e+01   2.3360952e+01   5.0999039e+01   2.4777789e+01   3.8000000e+01  -4.7000000e+01   6.2118224e+00
  -2.1000000e+01   2.4929713e+01   4.6672332e+01   2.0153869e+01   3.8000000e+01  -4.7000000e+01   1.1999216e+01
  -2.1000000e+01   2.4750270e+01   4.5093150e+01   1.7440313e+01   3.8000000e+01  -4.7000000e+01   1.6473828e+01
  -2.1000000e+01   2.6112061e+01   4.3093938e+01   1.4840788e+01   3.8000000e+01  -4.7000000e+01   2.0446860e+01
  -2.1000000e+01   2.4648016e+01   4.2547175e+01   1.2805780e+01   3.8000000e+01  -4.7000000e+01   2.5751816e+01
  -2.1000000e+01   2.6139130e+01   3.7204945e+01   9.9518565e+00   3.8000000e+01  -4.7000000e+01   2.8626838e+01
  -2.1000000e+01   2.6023948e+01   3.3715730e+01   8.3479085e+00   3.8000000e+01  -4.7000000e+01   3.2142262e+01
  -2.1000000e+01   2.5696252e+01   3.1093417e+01   4.9178032e+00   3.8000000e+01  -4.7000000e+01   3.6210591e+01
  -2.1000000e+01   2.5068657e+01   2.7557851e+01   2.3234716e+00   3.8000000e+01  -4.7000000e+01   3.7468743e+01
  -2.1000000e+01   2.4706514e+01   2.4843651e+01   3.4672014e-02   3.8000000e+01  -4.7000000e+01   4.1498304e+01
  -2.1000000e+01   2.4928024e+01   2.1456427e+01  -2.8646152e+00   3.8000000e+01  -4.7000000e+01   4.2297479e+01
  -2.1000000e+01   2.3948399e+01   1.9314266e+01  -5.5651097e+00   3.8000000e+01  -4.7000000e+01   4.5485999e+01
  -2.1000000e+01   2.2461443e+01   1.6661437e+01  -7.5997872e+00   3.8000000e+01  -4.7000000e+01   4.9149519e+01
  -2.1000000e+01   2.0133781e+01   1.3835081e+01  -9.6902576e+00   3.8000000e+01  -4.7000000e+01   5.2842651e+01
  -2.1000000e+01   1.5524569e+01   9.3504647e+00  -1.1565572e+01   3.8000000e+01  -4.7000000e+01   5.5724123e+01
  -2.1000000e+01   1.0907949e+01   5.4035177e+00  -1.4603342e+01   3.8000000e+01  -4.7000000e+01   5.7739534e+01
  -2.1000000e+01   1.4128466e+01   6.4446801e+00  -2.0613731e+01   3.8000000e+01  -4.7000000e+01   5.5165412e+01
  -2.1000000e+01   1.6290174e+01   1.0435751e+01  -2.5725608e+01   3.8000000e+01  -4.7000000e+01   5.2412685e+01
  -2.1000000e+01   1.8327427e+01   1.7620502e+01  -2.7350974e+01   3.8000000e+01  -4.7000000e+01   4.2078761e+01
  -2.1000000e+01   1.9736200e+01   2.4796988e+01  -2.7164603e+01   3.8000000e+01  -4.7000000e+01   3.1383516e+01
  -2.1000000e+01   2.1075820e+01   3.2102440e+01  -2.2814089e+01   3.8000000e+01  -4.7000000e+01   2.1703521e+01
  -2.1000000e+01   2.3578313e+01   4.0192632e+01  -1.5584048e+01   3.8000000e+01  -4.7000000e+01   1.0707143e+01
  -2.1000000e+01   2.3926479e+01   4.9465248e+01  -6.1421076e+00   3.8000000e+01  -4.7000000e+01   9.2026285e-01
  -2.1000000e+01   2.3687740e+01   5.4551254e+01   2.5201008e+00   3.8000000e+01  -4.7000000e+01  -8.2607221e+00
  -2.1000000e+01   2.2058108e+01   5.8381731e+01   1.0911231e+01   3.8000000e+01  -4.7000000e+01  -1.7515672e+01
  -2.1000000e+01   2.0048676e+01   6.2174766e+01   1.8160742e+01   3.8000000e+01  -4.7000000e+01  -2.6787362e+01
  -2.1000000e+01   2.0149221e+01   6.4960806e+01   2.5373871e+01   3.8000000e+01  -4.7000000e+01  -3.4842369e+01
  -2.1000000e+01   1.7939253e+01   6.5318019e+01   3.3899665e+01   3.8000000e+01  -4.7000000e+01  -4.0964370e+01
  -2.1000000e+01   1.7244014e+01   6.6665987e+01   4.3652014e+01   3.8000000e+01  -4.7000000e+01  -3.6902961e+01
  -2.1000000e+01   1.7740255e+01   6.6090316e+01   4.3767300e+01   3.8000000e+01  -4.7000000e+01  -3.4337379e+01
  -2.1000000e+01   1.6609582e+01   6.3664680e+01   4.1761017e+01   3.8000000e+01  -4.7000000e+01  -2.9533722e+01
  -2.1000000e+01   1.7643978e+01   6.1359151e+01   3.9275039e+01   3.8000000e+01  -4.7000000e+01  -2.4162288e+01
  -2.1000000e+01   1.8783381e+01   5.8746237e+01   3.5856646e+01   3.8000000e+01  -4.7000000e+01  -1.7500540e+01
  -2.1000000e+01   1.9830518e+01   5.5314915e+01   3.2359790e+01   3.8000000e+01  -4.7000000e+01  -1.0663889e+01
  -2.1000000e+01   2.0234756e+01   5.2963369e+01   2.9131913e+01   3.8000000e+01  -4.7000000e+01  -4.3485142e+00
  -2.1000000e+01   2.2166393e+01   5.0019958e+01   2.5497853e+01   3.8000000e+01  -4.7000000e+01   1.6731056e+00
  -2.1000000e+01   2.1883154e+01   4.7112661e+01   2.1914046e+01   3.8000000e+01  -4.7000000e+01   8.2643375e+00
  -2.1000000e+01   2.2648586e+01   4.3921550e+01   1.9361294e+01   3.8000000e+01  -4.7000000e+01   1.2284912e+01
  -2.1000000e+01   2.3760583e+01   4.2059607e+01   1.7453125e+01   3.8000000e+01  -4.7000000e+01   1.5893893e+01
  -2.1000000e+01   2.3825751e+01   4.0877717e+01   1.4685925e+01   3.8000000e+01  -4.7000000e+01   2.0457405e+01
  -2.1000000e+01   2.4953394e+01   3.8517916e+01   1.2155178e+01   3.8000000e+01  -4.7000000e+01   2.4093438e+01
  -2.1000000e+01   2.5941509e+01   3.7068939e+01   1.0392586e+01   3.8000000e+01  -4.7000000e+01   2.6990030e+01
  -2.1000000e+01   2.4849392e+01   3.5702370e+01   8.5079393e+00   3.8000000e+01  -4.7000000e+01   3.0084665e+01
  -2.1000000e+01   2.4549188e+01   3.4272771e+01   6.8911711e+00   3.8000000e+01  -4.7000000e+01   3.2211270e+01
  -2.1000000e+01   2.5329092e+01   3.2379752e+01   3.9534845e+00   3.8000000e+01  -4.7000000e+01   3.6748520e+01
  -2.1000000e+01   2.5954667e+01   3.0345200e+01   1.6333043e+00   3.8000000e+01  -4.7000000e+01   3.9655419e+01
  -2.1000000e+01   2.5638121e+01   2.9560773e+01   9.8051298e-01   3.8000000e+01  -4.7000000e+01   4.2316296e+01
  -2.1000000e+01   2.5357439e+01   2.7089218e+01  -1.3676029e-01   3.8000000e+01  -4.7000000e+01   4.4370966e+01
  -2.1000000e+01   2.4925292e+01   2.5359632e+01  -1.6104916e+00   3.8000000e+01  -4.7000000e+01   4.6564214e+01
  -2.1000000e+01   2.4005041e+01   2.2233483e+01  -3.7337022e+00   3.8000000e+01  -4.7000000e+01   4.8204207e+01
  -2.1000000e+01   2.3346537e+01   1.8498132e+01  -6.3935227e+00   3.8000000e+01  -4.7000000e+01   5.0521556e+01
  -2.1000000e+01   2.1836507e+01   1.5796503e+01  -8.1161412e+00   3.8000000e+01  -4.7000000e+01   5.3051457e+01
  -2.1000000e+01   2.0348751e+01   1.3453699e+01  -9.9022592e+00   3.8000000e+01  -4.7000000e+01   5.5186565e+01
  -2.1000000e+01   2.0125552e+01   1.1266692e+01  -1.2423942e+01   3.8000000e+01  -4.7000000e+01   5.8403369e+01
  -2.1000000e+01   1.6874738e+01   8.2259171e+00  -1.3310256e+01   3.8000000e+01  -4.7000000e+01   6.0188245e+01
  -2.1000000e+01   1.6307134e+01   4.3843587e+00  -1.4841576e+01   3.8000000e+01  -4.7000000e+01   6.2888741e+01
  -2.1000000e+01   1.1365855e+01   2.0546084e-01  -1.5224476e+01   3.8000000e+01  -4.7000000e+01   6.4929001e+01
  -2.1000000e+01   1.0424372e+01  -4.1544096e+00  -1.6402426e+01   3.8000000e+01  -4.7000000e+01   6.6498656e+01
  -2.1000000e+01   8.8723354e+00  -6.1628874e+00  -1.7707898e+01   3.8000000e+01  -4.7000000e+01   6.7843717e+01
  -2.1000000e+01   7.6197936e+00  -8.2540568e+00  -1.9987476e+01   3.8000000e+01  -4.7000000e+01   6.9670226e+01
  -2.1000000e+01   7.3640590e+00  -8.2940722e+00  -2.2200093e+01   3.8000000e+01  -4.7000000e+01   7.1793580e+01
  -2.1000000e+01   8.2602270e+00  -3.9612471e+00  -2.3426201e+01   3.8000000e+01  -4.7000000e+01   6.9745259e+01
  -2.1000000e+01   1.5362129e+01   6.3208168e+00  -2.7781936e+01   3.8000000e+01  -4.7000000e+01   5.8323473e+01
  -2.1000000e+01   1.7377517e+01   1.7629923e+01  -2.5440140e+01   3.8000000e+01  -4.7000000e+01   4.6297135e+01
  -2.1000000e+01   1.8399219e+01   2.8746285e+01  -2.1502994e+01   3.8000000e+01  -4.7000000e+01   3.4216091e+01
  -2.1000000e+01   2.2802101e+01   3.9360080e+01  -1.2596515e+01   3.8000000e+01  -4.7000000e+01   2.2700814e+01
  -2.1000000e+01   2.4647027e+01   4.7927591e+01  -3.6461757e+00   3.8000000e+01  -4.7000000e+01   1.1381856e+01
  -2.1000000e+01   2.3666435e+01   5.3348955e+01   4.7364202e+00   3.8000000e+01  -4.7000000e+01   1.2713036e+00
  -2.1000000e+01   2.0814247e+01   5.6591933e+01   1.1997019e+01   3.8000000e+01  -4.7000000e+01  -8.6329422e+00
  -2.1000000e+01   1.9803599e+01   6.0434664e+01   1.8805701e+01   3.8000000e+01  -4.7000000e+01  -1.7559994e+01
  -2.1000000e+01   1.9482848e+01   6.3292270e+01   2.6617394e+01   3.8000000e+01  -4.7000000e+01  -2.5629423e+01
  -2.1000000e+01   1.7333525e+01   6.5152654e+01   3.5650945e+01   3.8000000e+01  -4.7000000e+01  -3.0112942e+01
  -2.1000000e+01   1.7140484e+01   6.6400238e+01   4.2435829e+01   3.8000000e+01  -4.7000000e+01  -2.9328636e+01
  -2.1000000e+01   1.7942658e+01   6.4432201e+01   4.1449771e+01   3.8000000e+01  -4.7000000e+01  -2.7114472e+01
  -2.1000000e+01   1.8562901e+01   6.1633958e+01   3.8988714e+01   3.8000000e+01  -4.7000000e+01  -2.3710643e+01
  -2.1000000e+01   2.0276894e+01   5.9810871e+01   3.6862575e+01   3.8000000e+01  -4.7000000e+01  -1.9193474e+01
  -2.1000000e+01   2.1162064e+01   5.7486161e+01   3.4289210e+01   3.8000000e+01  -4.7000000e+01  -1.2908703e+01
  -2.1000000e+01   2.1105414e+01   5.4797943e+01   3.1503449e+01   3.8000000e+01  -4.7000000e+01  -7.9399457e+00
  -2.1000000e+01   2.0426605e+01   5.3124468e+01   2.9801598e+01   3.8000000e+01  -4.7000000e+01  -2.4157153e+00
  -2.1000000e+01   2.1127032e+01   5.0989998e+01   2.6952206e+01   3.8000000e+01  -4.7000000e+01   2.7012280e+00
  -2.1000000e+01   2.2792456e+01   4.8155291e+01   2.4075640e+01   3.8000000e+01  -4.7000000e+01   6.7479392e+00
  -2.1000000e+01   2.3409639e+01   4.4129970e+01   1.9890049e+01   3.8000000e+01  -4.7000000e+01   1.1934921e+01
  -2.1000000e+01   2.2979183e+01   4.2326717e+01   1.8506439e+01   3.8000000e+01  -4.7000000e+01   1.5911553e+01
  -2.1000000e+01   2.2447120e+01   3.9661375e+01   1.6608196e+01   3.8000000e+01  -4.7000000e+01   2.0626964e+01
  -2.1000000e+01   2.2924236e+01   3.6536276e+01   1.2661183e+01   3.8000000e+01  -4.7000000e+01   2.5128590e+01
  -2.1000000e+01   2.2603852e+01   3.4298686e+01   1.1131176e+01   3.8000000e+01  -4.7000000e+01   2.9652090e+01
  -2.1000000e+01   2.4059261e+01   3.0767952e+01   6.9117846e+00   3.8000000e+01  -4.7000000e+01   3.2532872e+01
  -2.1000000e+01   2.4555532e+01   2.8450916e+01   4.7725450e+00   3.8000000e+01  -4.7000000e+01   3.5480398e+01
  -2.1000000e+01   2.3337115e+01   2.6198904e+01   2.9570836e+00   3.8000000e+01  -4.7000000e+01   3.7930819e+01
  -2.1000000e+01   2.4397493e+01   2.2936274e+01  -1.4709832e-02   3.8000000e+01  -4.7000000e+01   3.9728367e+01
  -2.1000000e+01   2.3660698e+01   2.0076957e+01  -2.0982190e+00   3.8000000e+01  -4.7000000e+01   4.3204043e+01
  -2.1000000e+01   2.2251707e+01   1.8461004e+01  -3.5169709e+00   3.8000000e+01  -4.7000000e+01   4.4953213e+01
  -2.1000000e+01   2.1297786e+01   1.6943689e+01  -5.2663115e+00   3.8000000e+01  -4.7000000e+01   4.8138712e+01
  -2.1000000e+01   2.0370048e+01   1.3441464e+01  -6.6345086e+00   3.8000000e+01  -4.7000000e+01   5.0537826e+01
  -2.1000000e+01   1.9233289e+01   1.0629657e+01  -8.5550002e+00   3.8000000e+01  -4.7000000e+01   5.3661266e+01
  -2.1000000e+01   1.6623532e+01   7.4120268e+00  -8.9287409e+00   3.8000000e+01  -4.7000000e+01   5.6591103e+01
  -2.1000000e+01   1.3637016e+01   3.4002544e+00  -9.5951613e+00   3.8000000e+01  -4.7000000e+01   5.8893546e+01
  -2.1000000e+01   9.9152642e+00  -9.2914216e-01  -1.0118904e+01   3.8000000e+01  -4.7000000e+01   6.1128716e+01
  -2.1000000e+01   1.0063050e+01  -4.2672804e+00  -1.1608016e+01   3.8000000e+01  -4.7000000e+01   6.3175294e+01
  -2.1000000e+01   8.0160671e+00  -6.0049410e+00  -1.3254763e+01   3.8000000e+01  -4.7000000e+01   6.4380733e+01
  -2.1000000e+01   9.0889630e+00  -5.8489592e+00  -1.6503004e+01   3.8000000e+01  -4.7000000e+01   6.6014793e+01
  -2.1000000e+01   1.0195525e+01  -2.1003856e+00  -2.0844836e+01   3.8000000e+01  -4.7000000e+01   6.0808965e+01
  -2.1000000e+01   1.1739173e+01   3.8210893e+00  -2.6725103e+01   3.8000000e+01  -4.7000000e+01   4.9481126e+01
  -2.1000000e+01   1.7412983e+01   1.2843835e+01  -3.0338341e+01   3.8000000e+01  -4.7000000e+01   3.7833171e+01
  -2.1000000e+01   2.0498975e+01   2.3266977e+01  -2.6483908e+01   3.8000000e+01  -4.7000000e+01   2.6716141e+01
  -2.1000000e+01   2.1184723e+01   3.4243954e+01  -1.7549130e+01   3.8000000e+01  -4.7000000e+01   1.6522597e+01
  -2.1000000e+01   2.5743637e+01   4.5882859e+01  -8.3722362e+00   3.8000000e+01  -4.7000000e+01   6.7545492e+00
  -2.1000000e+01   2.6559954e+01   5.3034868e+01  -2.6736671e-01   3.8000000e+01  -4.7000000e+01  -2.8840447e+00
  -2.1000000e+01   2.4871505e+01   5.4986120e+01   7.6720627e+00   3.8000000e+01  -4.7000000e+01  -1.2376027e+01
  -2.1000000e+01   2.1700102e+01   5.9630884e+01   1.5511818e+01   3.8000000e+01  -4.7000000e+01  -2.1550077e+01
  -2.1000000e+01   2.1007020e+01   6.3677159e+01   2.2937185e+01   3.8000000e+01  -4.7000000e+01  -3.0394644e+01
  -2.1000000e+01   1.8882305e+01   6.7235831e+01   3.1233116e+01   3.8000000e+01  -4.7000000e+01  -3.8112089e+01
  -2.1000000e+01   1.8219741e+01   6.8602504e+01   4.0228241e+01   3.8000000e+01  -4.7000000e+01  -4.2927810e+01
  -2.1000000e+01   1.6347289e+01   6.9927824e+01   4.8714585e+01   3.8000000e+01  -4.7000000e+01  -4.2220710e+01
  -2.1000000e+01   1.8131043e+01   6.9450199e+01   4.9559921e+01   3.8000000e+01  -4.7000000e+01  -4.1896335e+01
  -2.1000000e+01   1.7453057e+01   6.7908295e+01   4.8019994e+01   3.8000000e+01  -4.7000000e+01  -3.7406915e+01
  -2.1000000e+01   1.7909596e+01   6.5260318e+01   4.4989842e+01   3.8000000e+01  -4.7000000e+01  -3.2414984e+01
  -2.1000000e+01   1.9080170e+01   6.3569100e+01   4.2940091e+01   3.8000000e+01  -4.7000000e+01  -2.6395695e+01
  -2.1000000e+01   2.0249677e+01   5.9798682e+01   3.9139059e+01   3.8000000e+01  -4.7000000e+01  -2.0270446e+01
  -2.1000000e+01   2.0739870e+01   5.6514357e+01   3.5144136e+01   3.8000000e+01  -4.7000000e+01  -1.4066321e+01
  -2.1000000e+01   2.1882909e+01   5.3299722e+01   3.1746309e+01   3.8000000e+01  -4.7000000e+01  -8.0043161e+00
  -2.1000000e+01   2.2429189e+01   5.0487606e+01   2.8677178e+01   3.8000000e+01  -4.7000000e+01  -1.8862108e+00
  -2.1000000e+01   2.3664708e+01   4.7804802e+01   2.5309109e+01   3.8000000e+01  -4.7000000e+01   3.7517841e+00
  -2.1000000e+01   2.4071958e+01   4.4045414e+01   2.2476432e+01   3.8000000e+01  -4.7000000e+01   8.1463333e+00
  -2.1000000e+01   2.4572139e+01   4.1761615e+01   2.0778679e+01   3.8000000e+01  -4.7000000e+01   1.1812674e+01
  -2.1000000e+01   2.4473783e+01   4.0612863e+01   1.9394918e+01   3.8000000e+01  -4.7000000e+01   1.4315411e+01
  -2.1000000e+01   2.4060917e+01   3.9462170e+01   1.7332718e+01   3.8000000e+01  -4.7000000e+01   1.9274995e+01
  -2.1000000e+01   2.4057470e+01   3.6557916e+01   1.4741617e+01   3.8000000e+01  -4.7000000e+01   2.3667000e+01
  -2.1000000e+01   2.4758512e+01   3.3960557e+01   1.2634049e+01   3.8000000e+01  -4.7000000e+01   2.6043694e+01
  -2.1000000e+01   2.5263716e+01   3.2180143e+01   1.0787194e+01   3.8000000e+01  -4.7000000e+01   2.8433828e+01
  -2.1000000e+01   2.6777944e+01   2.9356775e+01   7.3562585e+00   3.8000000e+01  -4.7000000e+01   3.1671011e+01
  -2.1000000e+01   2.5461683e+01   2.7851910e+01   6.0993863e+00   3.8000000e+01  -4.7000000e+01   3.3731349e+01
  -2.1000000e+01   2.5525144e+01   2.5820188e+01   3.7738309e+00   3.8000000e+01  -4.7000000e+01   3.5475865e+01
  -2.1000000e+01   2.5137037e+01   2.3676342e+01   2.3757486e+00   3.8000000e+01  -4.7000000e+01   3.7610956e+01
  -2.1000000e+01   2.4507329e+01   2.1792729e+01   9.3979225e-01   3.8000000e+01  -4.7000000e+01   3.9041813e+01
  -2.1000000e+01   2.4200877e+01   2.0386020e+01  -9.6959495e-01   3.8000000e+01  -4.7000000e+01   4.1099090e+01
  -2.1000000e+01   2.3710617e+01   1.9042382e+01  -2.8045379e+00   3.8000000e+01  -4.7000000e+01   4.2599206e+01
  -2.1000000e+01   2.1831018e+01   1.7113985e+01  -3.8720733e+00   3.8000000e+01  -4.7000000e+01   4.4534943e+01
  -2.1000000e+01   2.2770524e+01   1.5060133e+01  -6.3122207e+00   3.8000000e+01  -4.7000000e+01   4.6648333e+01
  -2.1000000e+01   2.1421216e+01   1.2855743e+01  -7.4661892e+00   3.8000000e+01  -4.7000000e+01   4.8455497e+01
  -2.1000000e+01   1.9448439e+01   1.0466853e+01  -8.3027843e+00   3.8000000e+01  -4.7000000e+01   5.0470359e+01
  -2.1000000e+01   1.6982267e+01   7.3507611e+00  -8.7500556e+00   3.8000000e+01  -4.7000000e+01   5.2369461e+01
  -2.1000000e+01   1.5703998e+01   4.8738887e+00  -9.3557119e+00   3.8000000e+01  -4.7000000e+01   5.4821669e+01
  -2.1000000e+01   1.2775810e+01   4.6380167e-01  -1.0189356e+01   3.8000000e+01  -4.7000000e+01   5.6222718e+01
  -2.1000000e+01   1.1987576e+01  -2.9061705e+00  -1.1393718e+01   3.8000000e+01  -4.7000000e+01   5.7348185e+01
  -2.1000000e+01   1.1472162e+01  -5.3018227e+00  -1.3176390e+01   3.8000000e+01  -4.7000000e+01   5.8744324e+01
  -2.1000000e+01   1.2267806e+01  -6.4703863e+00  -1.5549344e+01   3.8000000e+01  -4.7000000e+01   5.9048287e+01
  -2.1000000e+01   1.1721038e+01  -6.0127128e+00  -1.9009818e+01   3.8000000e+01  -4.7000000e+01   5.7669850e+01
  -2.1000000e+01   1.2658364e+01  -2.2331647e+00  -2.3825206e+01   3.8000000e+01  -4.7000000e+01   5.1690720e+01
  -2.1000000e+01   1.5899780e+01   3.4427252e+00  -2.9863018e+01   3.8000000e+01  -4.7000000e+01   4.2360666e+01
  -2.1000000e+01   1.8632526e+01   1.0874182e+01  -3.1423200e+01   3.8000000e+01  -4.7000000e+01   3.2507853e+01
  -2.1000000e+01   1.9397632e+01   2.1066393e+01  -2.4802259e+01   3.8000000e+01  -4.7000000e+01   2.5049914e+01
  -2.1000000e+01   2.1733479e+01   3.1936701e+01  -1.4288741e+01   3.8000000e+01  -4.7000000e+01   1.8365304e+01
  -2.1000000e+01   2.3992109e+01   4.0078393e+01  -2.5421580e+00   3.8000000e+01  -4.7000000e+01   8.0404097e+00
  -2.1000000e+01   2.6053876e+01   4.2605454e+01   4.0222847e+00   3.8000000e+01  -4.7000000e+01  -4.8454466e-02
  -2.1000000e+01   2.4998594e+01   4.7763447e+01   1.3044331e+01   3.8000000e+01  -4.7000000e+01  -7.9312236e+00
  -2.1000000e+01   2.3100347e+01   5.2631656e+01   2.0636013e+01   3.8000000e+01  -4.7000000e+01  -1.6021275e+01
  -2.1000000e+01   2.1358075e+01   5.6326504e+01   2.7980119e+01   3.8000000e+01  -4.7000000e+01  -2.4341164e+01
  -2.1000000e+01   2.0714425e+01   5.9726935e+01   3.7449441e+01   3.8000000e+01  -4.7000000e+01  -2.7072633e+01
  -2.1000000e+01   2.0860382e+01   6.0714369e+01   4.0754289e+01   3.8000000e+01  -4.7000000e+01  -2.8096058e+01
  -2.1000000e+01   2.0989012e+01   6.0225402e+01   4.0217442e+01   3.8000000e+01  -4.7000000e+01  -2.5734852e+01
  -2.1000000e+01   2.1434698e+01   5.7923143e+01   3.8450485e+01   3.8000000e+01  -4.7000000e+01  -2.3264289e+01
  -2.1000000e+01   2.1478933e+01   5.7094099e+01   3.6870567e+01   3.8000000e+01  -4.7000000e+01  -2.0401549e+01
  -2.1000000e+01   2.1842949e+01   5.5243451e+01   3.5143933e+01   3.8000000e+01  -4.7000000e+01  -1.7814132e+01
  -2.1000000e+01   2.2625529e+01   5.2891451e+01   3.2967047e+01   3.8000000e+01  -4.7000000e+01  -1.4671729e+01
  -2.1000000e+01   2.3401552e+01   5.1877990e+01   3.1827738e+01   3.8000000e+01  -4.7000000e+01  -1.1394967e+01
  -2.1000000e+01   2.3432647e+01   5.0342900e+01   3.0588396e+01   3.8000000e+01  -4.7000000e+01  -8.7908240e+00
  -2.1000000e+01   2.4074474e+01   4.9296424e+01   2.8836261e+01   3.8000000e+01  -4.7000000e+01  -3.9062673e+00
  -2.1000000e+01   2.3834000e+01   4.8116576e+01   2.6806390e+01   3.8000000e+01  -4.7000000e+01   4.2703750e-02
  -2.1000000e+01   2.4585049e+01   4.5654948e+01   2.4444682e+01   3.8000000e+01  -4.7000000e+01   2.8742180e+00
  -2.1000000e+01   2.5039003e+01   4.4101771e+01   2.2062374e+01   3.8000000e+01  -4.7000000e+01   6.3994023e+00
  -2.1000000e+01   2.4737401e+01   4.3272944e+01   2.0251408e+01   3.8000000e+01  -4.7000000e+01   1.0065192e+01
  -2.1000000e+01   2.5826842e+01   4.0893575e+01   1.8021266e+01   3.8000000e+01  -4.7000000e+01   1.2733985e+01
  -2.1000000e+01   2.5780592e+01   3.8845126e+01   1.6011346e+01   3.8000000e+01  -4.7000000e+01   1.5669261e+01
  -2.1000000e+01   2.5539118e+01   3.7769093e+01   1.3852633e+01   3.8000000e+01  -4.7000000e+01   1.9972609e+01
  -2.1000000e+01   2.7192842e+01   3.6529431e+01   1.2220138e+01   3.8000000e+01  -4.7000000e+01   2.3132678e+01
  -2.1000000e+01   2.7523087e+01   3.5235280e+01   1.0035591e+01   3.8000000e+01  -4.7000000e+01   2.6691569e+01
  -2.1000000e+01   2.7744873e+01   3.3753123e+01   8.6016894e+00   3.8000000e+01  -4.7000000e+01   2.9559235e+01
  -2.1000000e+01   2.6590545e+01   3.3498540e+01   8.1573606e+00   3.8000000e+01  -4.7000000e+01   3.1752925e+01
  -2.1000000e+01   2.6709181e+01   3.1318249e+01   6.7310512e+00   3.8000000e+01  -4.7000000e+01   3.2427416e+01
  -2.1000000e+01   2.4939576e+01   3.0907383e+01   5.6417674e+00   3.8000000e+01  -4.7000000e+01   3.5491493e+01
  -2.1000000e+01   2.5020823e+01   2.8723210e+01   4.5849325e+00   3.8000000e+01  -4.7000000e+01   3.7263647e+01
  -2.1000000e+01   2.4930780e+01   2.5590240e+01   3.7302571e+00   3.8000000e+01  -4.7000000e+01   3.9865290e+01
  -2.1000000e+01   2.5647131e+01   2.2954962e+01   1.6226999e+00   3.8000000e+01  -4.7000000e+01   4.0562687e+01
  -2.1000000e+01   2.5137539e+01   2.0584765e+01  -8.5695022e-01   3.8000000e+01  -4.7000000e+01   4.2577350e+01
  -2.1000000e+01   2.4903484e+01   1.9316887e+01  -2.8932504e+00   3.8000000e+01  -4.7000000e+01   4.4769953e+01
  -2.1000000e+01   2.3830850e+01   1.8183928e+01  -4.9648998e+00   3.8000000e+01  -4.7000000e+01   4.6155035e+01
  -2.1000000e+01   2.3452767e+01   1.5481038e+01  -6.5399436e+00   3.8000000e+01  -4.7000000e+01   4.8299307e+01
  -2.1000000e+01   2.1459210e+01   1.3439872e+01  -8.3424872e+00   3.8000000e+01  -4.7000000e+01   5.1570723e+01
  -2.1000000e+01   1.9599869e+01   1.0472988e+01  -1.0136697e+01   3.8000000e+01  -4.7000000e+01   5.4083907e+01
  -2.1000000e+01   1.6956225e+01   6.3773857e+00  -1.1493077e+01   3.8000000e+01  -4.7000000e+01   5.6414613e+01
  -2.1000000e+01   1.3978557e+01   2.6224639e+00  -1.2422246e+01   3.8000000e+01  -4.7000000e+01   5.9439203e+01
  -2.1000000e+01   1.1426032e+01  -3.2547265e-01  -1.3734656e+01   3.8000000e+01  -4.7000000e+01   6.1182094e+01
  -2.1000000e+01   9.9977801e+00  -3.5444865e+00  -1.5835720e+01   3.8000000e+01  -4.7000000e+01   6.2448495e+01
  -2.1000000e+01   9.5702855e+00  -5.6924944e+00  -1.8254237e+01   3.8000000e+01  -4.7000000e+01   6.3824810e+01
  -2.1000000e+01   1.1340113e+01  -4.2906059e+00  -2.3804916e+01   3.8000000e+01  -4.7000000e+01   6.5035651e+01
  -2.1000000e+01   1.9785386e+01   2.6530663e+00  -3.2361725e+01   3.8000000e+01  -4.7000000e+01   5.5962524e+01
  -2.1000000e+01   1.7761168e+01   9.5111251e+00  -3.5625590e+01   3.8000000e+01  -4.7000000e+01   4.5979071e+01
  -2.1000000e+01   1.8754083e+01   1.7970577e+01  -3.4855239e+01   3.8000000e+01  -4.7000000e+01   3.4751157e+01
  -2.1000000e+01   2.0116869e+01   2.6238795e+01  -2.8087779e+01   3.8000000e+01  -4.7000000e+01   2.3015010e+01
  -2.1000000e+01   1.8513226e+01   3.6320198e+01  -1.7966732e+01   3.8000000e+01  -4.7000000e+01   1.2025722e+01
  -2.1000000e+01   1.9965778e+01   4.3968327e+01  -7.3139749e+00   3.8000000e+01  -4.7000000e+01   1.1016654e+00
  -2.1000000e+01   2.0954454e+01   4.8940707e+01   2.4404740e+00   3.8000000e+01  -4.7000000e+01  -8.7178546e+00
  -2.1000000e+01   1.9795520e+01   5.2633626e+01   1.1846901e+01   3.8000000e+01  -4.7000000e+01  -1.8245582e+01
  -2.1000000e+01   1.6956475e+01   5.6806444e+01   1.9583840e+01   3.8000000e+01  -4.7000000e+01  -2.7563964e+01
  -2.1000000e+01   1.5496164e+01   6.0651309e+01   2.7567094e+01   3.8000000e+01  -4.7000000e+01  -3.6043233e+01
  -2.1000000e+01   1.3262624e+01   6.2453093e+01   3.6485510e+01   3.8000000e+01  -4.7000000e+01  -4.2313860e+01
  -2.1000000e+01   1.2351104e+01   6.4045900e+01   4.7317841e+01   3.8000000e+01  -4.7000000e+01  -4.2491085e+01
  -2.1000000e+01   1.1890356e+01   6.5190575e+01   5.1515598e+01   3.8000000e+01  -4.7000000e+01  -4.4131321e+01
  -2.1000000e+01   1.2565928e+01   6.2363000e+01   4.9344399e+01   3.8000000e+01  -4.7000000e+01  -4.2658804e+01
  -2.1000000e+01   1.4497003e+01   5.9222224e+01   4.6060766e+01   3.8000000e+01  -4.7000000e+01  -3.8583918e+01
  -2.1000000e+01   1.4911349e+01   5.6886100e+01   4.2919673e+01   3.8000000e+01  -4.7000000e+01  -3.3238428e+01
  -2.1000000e+01   1.4808480e+01   5.4882797e+01   3.9897879e+01   3.8000000e+01  -4.7000000e+01  -2.7033286e+01
  -2.1000000e+01   1.6659516e+01   5.2250921e+01   3.6071115e+01   3.8000000e+01  -4.7000000e+01  -1.9821816e+01
  -2.1000000e+01   1.8514884e+01   4.8686052e+01   3.1712851e+01   3.8000000e+01  -4.7000000e+01  -1.3394720e+01
  -2.1000000e+01   1.9425072e+01   4.5590088e+01   2.8055472e+01   3.8000000e+01  -4.7000000e+01  -7.0503919e+00
  -2.1000000e+01   2.0103978e+01   4.2935654e+01   2.4160622e+01   3.8000000e+01  -4.7000000e+01  -6.8639818e-01
  -2.1000000e+01   1.9894690e+01   4.1280379e+01   2.1716419e+01   3.8000000e+01  -4.7000000e+01   4.4662888e+00
  -2.1000000e+01   1.9624343e+01   4.0258649e+01   2.0338911e+01   3.8000000e+01  -4.7000000e+01   8.6545125e+00
  -2.1000000e+01   2.0902186e+01   3.7251505e+01   1.7834038e+01   3.8000000e+01  -4.7000000e+01   1.1920055e+01
  -2.1000000e+01   2.1715277e+01   3.5069716e+01   1.6065651e+01   3.8000000e+01  -4.7000000e+01   1.4510143e+01
