   2.9498884e+00   1.9902861e+01   5.6587630e+01   3.5317825e+00   1.9026822e+01  -4.2042523e+01   3.8484013e+02
   1.6972593e+00   2.0761779e+01   5.6714734e+01   6.6389575e+00   2.0140174e+01  -4.7529599e+01   3.8717551e+02
   5.3144498e-01   2.1461124e+01   5.6788165e+01   9.7118993e+00   2.1249404e+01  -5.2890689e+01   3.8950935e+02
   9.4000658e-03   2.1462329e+01   5.6630549e+01   1.2820119e+01   2.2348482e+01  -5.7289174e+01   3.9183323e+02
   3.1683053e-01   2.0816999e+01   5.6181620e+01   1.5915469e+01   2.3428401e+01  -6.0415327e+01   3.9413258e+02
   8.9712254e-01   1.9992878e+01   5.5606483e+01   1.8794327e+01   2.4479884e+01  -6.3062280e+01   3.9640175e+02
   7.4050345e-02   1.7341992e+01   5.5158100e+01   2.0973904e+01   2.5472813e+01  -5.9096931e+01   3.9861622e+02
  -7.5928464e-01   1.4658263e+01   5.4612697e+01   2.2881794e+01   2.6450675e+01  -5.4745161e+01   4.0080965e+02
  -5.3505744e+00   1.4000000e+01   4.6796524e+01   1.3652919e+01   2.6953197e+01  -4.7000000e+01   4.0228989e+02
  -1.0149658e+01   1.4000000e+01   3.7401428e+01   6.0756799e+00   2.7665634e+01  -4.7000000e+01   4.0382330e+02
  -1.6497758e+01   1.4000000e+01   2.6457074e+01  -6.4451162e-02   2.9036925e+01  -4.7000000e+01   4.0564157e+02
  -2.2861732e+01   1.4000000e+01   1.5277804e+01  -6.7561039e+00   3.1686841e+01  -4.7000000e+01   4.0785785e+02
  -2.8278195e+01   1.4000000e+01   6.0902712e+00  -1.1892472e+01   3.6435478e+01  -4.7000000e+01   4.1094774e+02
  -2.9655892e+01   1.4000000e+01   3.8532613e+00  -1.4294985e+01   4.3024996e+01  -4.7000000e+01   4.1391376e+02
  -2.9585570e+01   1.4000000e+01   5.5132220e+00  -1.4701929e+01   4.7929435e+01  -4.7000000e+01   4.1507420e+02
  -2.5296849e+01   1.4000000e+01   1.9824719e-01  -1.8350243e+01   5.3268056e+01  -4.7000000e+01   4.1356344e+02
  -2.2605490e+01   1.4000000e+01   6.9896410e-01  -1.7036009e+01   5.7716769e+01  -4.7000000e+01   4.0934584e+02
  -1.9978942e+01   1.4000000e+01   2.0346150e-01  -1.7541540e+01   6.4085015e+01  -4.7000000e+01   4.0385537e+02
  -1.5594482e+01   1.4000000e+01   4.3834546e+00  -1.6806969e+01   6.8474592e+01  -4.7000000e+01   3.9636866e+02
  -1.0245606e+01   1.4000000e+01   1.2937224e+01  -1.1964307e+01   6.8935126e+01  -4.7000000e+01   3.8945214e+02
  -4.9238758e+00   1.4000000e+01   2.1091774e+01  -8.5394683e+00   6.8329176e+01  -4.7000000e+01   3.8341959e+02
  -1.8683265e+00   1.4000000e+01   2.6918688e+01  -7.9733631e+00   6.6045123e+01  -4.7000000e+01   3.7463941e+02
  -2.9126176e-01   1.4000000e+01   2.7710808e+01  -7.3414651e+00   6.4870769e+01  -4.7000000e+01   3.6545828e+02
   1.2308698e+00   1.4000000e+01   3.1441758e+01  -4.8455428e+00   6.3794161e+01  -4.7000000e+01   3.5811642e+02
   4.2744708e+00   1.4000000e+01   3.5503900e+01  -1.2145573e+00   6.2346083e+01  -4.7000000e+01   3.5301993e+02
   7.4790250e+00   1.4000000e+01   3.6248806e+01   2.6599139e+00   6.0843168e+01  -4.7000000e+01   3.4901114e+02
   1.0696578e+01   1.4000000e+01   4.0085219e+01   1.0026333e+01   5.9175410e+01  -4.7000000e+01   3.4636837e+02
   1.1608323e+01   1.4000000e+01   4.2133671e+01   1.7480458e+01   5.7084489e+01  -4.7000000e+01   3.4440293e+02
   1.1338465e+01   1.4000000e+01   4.3689638e+01   2.4948841e+01   5.4851322e+01  -4.7000000e+01   3.4257790e+02
   1.0138395e+01   1.4000000e+01   4.4258041e+01   3.0659464e+01   5.2283159e+01  -4.7000000e+01   3.4126658e+02
   9.5332834e+00   1.4000000e+01   4.4267281e+01   3.1774026e+01   4.9893494e+01  -4.7000000e+01   3.4024471e+02
   9.1830161e+00   1.4000000e+01   4.3614241e+01   3.1517607e+01   4.7707404e+01  -4.7000000e+01   3.3980521e+02
   6.1671257e+00   1.4000000e+01   4.7233313e+01   3.0159723e+01   4.5839175e+01  -4.7000000e+01   3.4013874e+02
   4.9554660e+00   1.4000000e+01   4.9877625e+01   2.8453219e+01   4.3749281e+01  -4.7000000e+01   3.4058377e+02
   2.9732187e+00   1.4000000e+01   5.2960884e+01   2.7302342e+01   4.1457680e+01  -4.7000000e+01   3.4138633e+02
   2.5713143e+00   1.4000000e+01   5.4356345e+01   2.6221784e+01   3.9008458e+01  -4.7000000e+01   3.4252289e+02
   2.3602970e+00   1.4000000e+01   5.4514959e+01   2.5349424e+01   3.6459847e+01  -4.7000000e+01   3.4428977e+02
   2.4237513e+00   1.4000000e+01   5.4829986e+01   2.5093115e+01   3.3792538e+01  -4.7000000e+01   3.4675733e+02
   1.2504968e+00   1.4000000e+01   5.5851972e+01   2.3018515e+01   3.0937295e+01  -4.7000000e+01   3.5194201e+02
   9.3271205e-01   1.4000000e+01   5.5682155e+01   2.1446189e+01   2.7960504e+01  -4.7000000e+01   3.5851443e+02
   1.1433708e+00   1.4000000e+01   5.6194690e+01   1.9088457e+01   2.5142696e+01  -4.7000000e+01   3.6540933e+02
   4.9036051e-01   1.4000000e+01   5.5680683e+01   1.6816688e+01   2.3594850e+01  -4.7000000e+01   3.7120340e+02
   1.0127557e+00   1.4000000e+01   5.5248586e+01   1.5852689e+01   2.2910997e+01  -4.7000000e+01   3.7494470e+02
  -1.4439873e+00   1.4000000e+01   5.2771099e+01   1.4066575e+01   2.3044437e+01  -4.7000000e+01   3.7874255e+02
  -2.9600626e+00   1.4000000e+01   4.8622588e+01   1.3495141e+01   2.3533411e+01  -4.7000000e+01   3.8180789e+02
  -6.1453656e+00   1.4000000e+01   4.2482707e+01   1.2084909e+01   2.4594644e+01  -4.7000000e+01   3.8444251e+02
  -1.0051057e+01   1.4000000e+01   3.7021476e+01   8.2835942e+00   2.6309222e+01  -4.7000000e+01   3.8724234e+02
  -1.3548405e+01   1.4000000e+01   2.8421929e+01   4.7238278e+00   2.8311840e+01  -4.7000000e+01   3.8994018e+02
  -1.7757457e+01   1.4000000e+01   2.0823603e+01   4.9449682e-01   3.0968995e+01  -4.7000000e+01   3.9290659e+02
  -2.1440533e+01   1.4000000e+01   1.3496294e+01  -4.5268330e+00   3.4073023e+01  -4.7000000e+01   3.9581190e+02
  -2.4605815e+01   1.4000000e+01   9.2108729e+00  -8.6864092e+00   3.7873170e+01  -4.7000000e+01   3.9879930e+02
  -2.7176466e+01   1.4000000e+01   6.8817726e+00  -1.0980762e+01   4.1916210e+01  -4.7000000e+01   4.0180589e+02
  -3.0027249e+01   1.4000000e+01   6.8073499e+00  -1.1854404e+01   4.6257841e+01  -4.7000000e+01   4.0478230e+02
  -3.1688478e+01   1.4000000e+01   6.8909707e+00  -1.1581791e+01   5.2516828e+01  -4.7000000e+01   4.0810003e+02
  -3.2285600e+01   1.4000000e+01   9.1682873e+00  -1.3870821e+01   5.5606202e+01  -4.7000000e+01   4.0870151e+02
  -2.8376531e+01   1.4000000e+01   3.1532863e+00  -1.8265450e+01   5.7964103e+01  -4.7000000e+01   4.0914797e+02
  -2.5351622e+01   1.4000000e+01   1.6326397e+00  -1.8959200e+01   6.0470324e+01  -4.7000000e+01   4.0827884e+02
  -1.9708718e+01   1.4000000e+01   3.3245346e+00  -1.6929083e+01   6.3746858e+01  -4.7000000e+01   4.0253444e+02
  -1.6288694e+01   1.4000000e+01   6.6862250e+00  -1.6242275e+01   6.7454842e+01  -4.7000000e+01   3.9491955e+02
  -1.2189833e+01   1.4000000e+01   1.4499559e+01  -1.2151472e+01   6.9153114e+01  -4.7000000e+01   3.8709751e+02
  -5.4735323e+00   1.4000000e+01   2.4621288e+01  -6.9082990e+00   6.6988848e+01  -4.7000000e+01   3.8157926e+02
   1.5796595e+00   1.4000000e+01   3.4014927e+01   2.6859627e-01   6.4146227e+01  -4.7000000e+01   3.7677010e+02
   4.4602224e+00   1.4000000e+01   3.9067841e+01   5.1046931e+00   6.1111044e+01  -4.7000000e+01   3.7213127e+02
   5.3239721e+00   1.4000000e+01   4.3297601e+01   9.2732370e+00   5.8257980e+01  -4.7000000e+01   3.6791746e+02
   6.7891263e+00   1.4000000e+01   4.5091193e+01   1.2539924e+01   5.5776923e+01  -4.7000000e+01   3.6405224e+02
   8.6305360e+00   1.4000000e+01   4.4758599e+01   1.7158847e+01   5.3480542e+01  -4.7000000e+01   3.6069956e+02
   7.4184222e+00   1.4000000e+01   4.7569042e+01   2.2098625e+01   5.1281207e+01  -4.7000000e+01   3.5759210e+02
   3.5790759e+00   1.4000000e+01   5.1930849e+01   2.7424327e+01   4.8605944e+01  -4.7000000e+01   3.5513403e+02
   3.3188060e+00   1.4000000e+01   5.3907288e+01   2.8012216e+01   4.5686704e+01  -4.7000000e+01   3.5291663e+02
   1.3385517e+00   1.4000000e+01   5.5678738e+01   2.6953629e+01   4.2712733e+01  -4.7000000e+01   3.5085680e+02
   1.1938712e+00   1.4000000e+01   5.5601607e+01   2.6089860e+01   3.9653392e+01  -4.7000000e+01   3.4953563e+02
   7.7095046e-01   1.4000000e+01   5.5740779e+01   2.4442704e+01   3.6814688e+01  -4.7000000e+01   3.4934120e+02
   2.0805109e-01   1.4000000e+01   5.6309327e+01   2.3655487e+01   3.3622546e+01  -4.7000000e+01   3.5102955e+02
  -3.5844128e-01   1.4000000e+01   5.6317996e+01   2.2311296e+01   3.0445493e+01  -4.7000000e+01   3.5297806e+02
   4.0022038e-01   1.4000000e+01   5.4588156e+01   2.1211895e+01   2.7385463e+01  -4.7000000e+01   3.5802436e+02
  -1.4158684e+00   1.4000000e+01   5.4706668e+01   1.8602206e+01   2.4754654e+01  -4.7000000e+01   3.6571016e+02
  -1.4895857e+00   1.4000000e+01   5.3629647e+01   1.7454441e+01   2.2864744e+01  -4.7000000e+01   3.7109739e+02
  -1.2362108e+00   1.4000000e+01   5.2475506e+01   1.7104068e+01   2.2436685e+01  -4.7000000e+01   3.7432490e+02
  -2.2555697e+00   1.4000000e+01   5.1885467e+01   1.4759123e+01   2.2310350e+01  -4.7000000e+01   3.7747218e+02
  -3.1119387e+00   1.4000000e+01   5.1584623e+01   1.3050404e+01   2.3025577e+01  -4.7000000e+01   3.8019188e+02
  -3.8134246e+00   1.4000000e+01   5.0238521e+01   1.2238727e+01   2.3792204e+01  -4.7000000e+01   3.8277868e+02
  -5.7679740e+00   1.4000000e+01   4.7357111e+01   9.8606320e+00   2.4712162e+01  -4.7000000e+01   3.8523503e+02
  -6.8587348e+00   1.4000000e+01   4.4202749e+01   7.5761189e+00   2.5668056e+01  -4.7000000e+01   3.8767979e+02
  -9.9048245e+00   1.4000000e+01   4.0094984e+01   5.2890695e+00   2.7288191e+01  -4.7000000e+01   3.9037405e+02
  -1.1739692e+01   1.4000000e+01   3.5660469e+01   2.9236269e+00   2.8997343e+01  -4.7000000e+01   3.9306959e+02
  -1.3045090e+01   1.4000000e+01   3.0580005e+01   1.2796335e+00   3.1028022e+01  -4.7000000e+01   3.9580448e+02
  -1.5110368e+01   1.4000000e+01   2.4051398e+01  -6.6320629e-01   3.3215153e+01  -4.7000000e+01   3.9844934e+02
  -1.7668145e+01   1.4000000e+01   1.7753546e+01  -2.6957752e+00   3.5456289e+01  -4.7000000e+01   4.0109957e+02
  -2.1220457e+01   1.4000000e+01   1.2978876e+01  -6.4448337e+00   3.8035225e+01  -4.7000000e+01   4.0362867e+02
  -2.3603083e+01   1.4000000e+01   6.4675462e+00  -1.0015528e+01   4.0776215e+01  -4.7000000e+01   4.0605630e+02
  -2.5569147e+01   1.4000000e+01   4.9364319e+00  -1.1747367e+01   4.3828498e+01  -4.7000000e+01   4.0828454e+02
  -2.7709221e+01   1.4000000e+01   5.1817339e+00  -1.2949569e+01   4.7039779e+01  -4.7000000e+01   4.1020248e+02
  -2.9858496e+01   1.4000000e+01   4.4766137e+00  -1.3751085e+01   5.0337580e+01  -4.7000000e+01   4.1213667e+02
  -3.1365567e+01   1.4000000e+01   5.2056655e+00  -1.3633989e+01   5.3781971e+01  -4.7000000e+01   4.1384843e+02
  -3.3293374e+01   1.4000000e+01   2.0764055e+00  -1.5122181e+01   5.7191337e+01  -4.7000000e+01   4.1555802e+02
  -3.5018337e+01   1.4000000e+01   5.1647454e+00  -1.3883583e+01   5.9918631e+01  -4.7000000e+01   4.1635418e+02
  -3.6418834e+01   1.4000000e+01   2.4322093e+00  -1.5093585e+01   6.0947102e+01  -4.7000000e+01   4.1769922e+02
  -3.5544704e+01   1.4000000e+01   3.2346319e+00  -1.6297104e+01   6.1920582e+01  -4.7000000e+01   4.1901433e+02
  -3.3787149e+01   1.4000000e+01   2.6596028e+00  -1.8750016e+01   6.2425522e+01  -4.7000000e+01   4.2042651e+02
  -3.1315288e+01   1.4000000e+01   2.3569825e+00  -1.9296216e+01   6.2797903e+01  -4.7000000e+01   4.2182125e+02
  -2.8195715e+01   1.4000000e+01   4.4962375e+00  -1.8168542e+01   6.3246001e+01  -4.7000000e+01   4.2178345e+02
  -2.2716552e+01   1.4000000e+01  -1.1581289e+00  -1.8824262e+01   6.4665895e+01  -4.7000000e+01   4.1564579e+02
  -1.6920048e+01   1.4000000e+01   5.9684770e+00  -1.5313885e+01   6.5831725e+01  -4.7000000e+01   4.0746939e+02
  -1.1376178e+01   1.4000000e+01   1.5325356e+01  -1.1171472e+01   6.5157684e+01  -4.7000000e+01   3.9938585e+02
  -5.0587198e+00   1.4000000e+01   2.6058018e+01  -4.9793328e+00   6.2859408e+01  -4.7000000e+01   3.9330966e+02
   1.1871891e+00   1.4000000e+01   3.6590107e+01   1.9164539e+00   5.8849461e+01  -4.7000000e+01   3.8701919e+02
   4.3546518e+00   1.4000000e+01   4.2904618e+01   7.2878492e+00   5.5110559e+01  -4.7000000e+01   3.8152568e+02
   5.0513022e+00   1.4000000e+01   4.4769964e+01   1.0739719e+01   5.2140447e+01  -4.7000000e+01   3.7669654e+02
   6.3128111e+00   1.4000000e+01   4.5258772e+01   1.3338993e+01   4.9744035e+01  -4.7000000e+01   3.7244735e+02
   8.0648004e+00   1.4000000e+01   4.4890426e+01   1.7913694e+01   4.7556356e+01  -4.7000000e+01   3.6878240e+02
   6.2309099e+00   1.4000000e+01   4.8215506e+01   2.2856039e+01   4.5543047e+01  -4.7000000e+01   3.6564758e+02
   4.3401354e+00   1.4000000e+01   5.2118805e+01   2.6559717e+01   4.3308150e+01  -4.7000000e+01   3.6267731e+02
   3.7988976e+00   1.4000000e+01   5.4105078e+01   2.6820835e+01   4.0934923e+01  -4.7000000e+01   3.5970082e+02
   3.2522167e+00   1.4000000e+01   5.5238019e+01   2.6038006e+01   3.8339726e+01  -4.7000000e+01   3.5690698e+02
   3.9444102e+00   1.4000000e+01   5.4341473e+01   2.6021078e+01   3.5537501e+01  -4.7000000e+01   3.5508430e+02
   2.8922575e+00   1.4000000e+01   5.5030025e+01   2.5431895e+01   3.3031320e+01  -4.7000000e+01   3.5534122e+02
   2.0079205e+00   1.4000000e+01   5.5830903e+01   2.3962251e+01   3.0452725e+01  -4.7000000e+01   3.5574018e+02
   2.2098098e-01   1.4000000e+01   5.6928247e+01   2.3317120e+01   2.7849991e+01  -4.7000000e+01   3.5659409e+02
  -4.8728550e-02   1.4000000e+01   5.6386645e+01   2.1782712e+01   2.5494786e+01  -4.7000000e+01   3.5992865e+02
   3.5161904e-01   1.4000000e+01   5.5938259e+01   2.0763500e+01   2.2621591e+01  -4.7000000e+01   3.6571448e+02
  -9.4906784e-01   1.4000000e+01   5.5185884e+01   1.8106597e+01   2.1828182e+01  -4.7000000e+01   3.7019722e+02
  -2.1839394e+00   1.4000000e+01   5.3932108e+01   1.7389699e+01   2.1687779e+01  -4.7000000e+01   3.7385477e+02
  -4.8224522e+00   1.4000000e+01   5.0560583e+01   1.6355825e+01   2.2922594e+01  -4.7000000e+01   3.7650919e+02
  -6.6229847e+00   1.4000000e+01   4.6361262e+01   1.3706384e+01   2.4353806e+01  -4.7000000e+01   3.7911767e+02
  -9.2662995e+00   1.4000000e+01   4.0576178e+01   1.2478418e+01   2.6060094e+01  -4.7000000e+01   3.8188041e+02
  -1.0857590e+01   1.4000000e+01   3.5874109e+01   8.6803287e+00   2.8101214e+01  -4.7000000e+01   3.8468363e+02
  -1.3365556e+01   1.4000000e+01   3.0873778e+01   5.8078408e+00   3.0314883e+01  -4.7000000e+01   3.8761303e+02
  -1.7074578e+01   1.4000000e+01   2.5414589e+01   2.0611797e+00   3.2930398e+01  -4.7000000e+01   3.9052023e+02
  -1.9422274e+01   1.4000000e+01   1.7135334e+01  -1.8946259e+00   3.5611818e+01  -4.7000000e+01   3.9330283e+02
  -2.2786263e+01   1.4000000e+01   1.1539402e+01  -5.8266562e+00   3.8609144e+01  -4.7000000e+01   3.9619176e+02
  -2.5479128e+01   1.4000000e+01   1.0420204e+01  -8.2702759e+00   4.1975911e+01  -4.7000000e+01   3.9883036e+02
  -2.7669744e+01   1.4000000e+01   1.0107716e+01  -1.0488059e+01   4.5381678e+01  -4.7000000e+01   4.0134865e+02
  -2.9217912e+01   1.4000000e+01   7.0337540e+00  -1.1603766e+01   4.8567946e+01  -4.7000000e+01   4.0372264e+02
  -3.2238660e+01   1.4000000e+01   5.8212808e+00  -1.3216022e+01   5.1723298e+01  -4.7000000e+01   4.0598238e+02
  -3.3529432e+01   1.4000000e+01   5.6031257e+00  -1.1987339e+01   5.4697302e+01  -4.7000000e+01   4.0810319e+02
  -3.5455587e+01   1.4000000e+01   5.5990699e+00  -1.1907760e+01   5.6695774e+01  -4.7000000e+01   4.1004631e+02
  -3.6529964e+01   1.4000000e+01   6.2547709e+00  -1.0735129e+01   5.7864484e+01  -4.7000000e+01   4.1263890e+02
  -3.6307228e+01   1.4000000e+01   3.2422574e+00  -1.2645413e+01   5.7978174e+01  -4.7000000e+01   4.1543819e+02
  -3.6010024e+01   1.4000000e+01   4.7734754e+00  -1.4148756e+01   5.7278599e+01  -4.7000000e+01   4.1628994e+02
  -3.3029151e+01   1.4000000e+01   3.0483173e+00  -1.6837207e+01   5.6735472e+01  -4.7000000e+01   4.1735825e+02
  -2.9445472e+01   1.4000000e+01   3.6530201e+00  -1.8263692e+01   5.6857969e+01  -4.7000000e+01   4.1566487e+02
  -2.3849289e+01   1.4000000e+01   4.4149883e+00  -1.9022939e+01   5.6513705e+01  -4.7000000e+01   4.1090187e+02
  -1.9286797e+01   1.4000000e+01  -3.3853852e-01  -1.9671989e+01   5.9863119e+01  -4.7000000e+01   4.0348911e+02
  -1.5535207e+01   1.4000000e+01   5.2473498e+00  -1.6300829e+01   6.3994504e+01  -4.7000000e+01   3.9539859e+02
  -1.0071311e+01   1.4000000e+01   1.6382471e+01  -9.8726839e+00   6.5163811e+01  -4.7000000e+01   3.8875340e+02
  -7.3786689e-01   1.4000000e+01   2.7531653e+01  -1.9173109e+00   6.4180300e+01  -4.7000000e+01   3.8453315e+02
   4.8505454e+00   1.4000000e+01   3.6972708e+01   4.7035012e+00   6.0989065e+01  -4.7000000e+01   3.7900668e+02
   6.1974813e+00   1.4000000e+01   4.2476930e+01   8.8598835e+00   5.7597399e+01  -4.7000000e+01   3.7349730e+02
   7.6754554e+00   1.4000000e+01   4.4674529e+01   1.2672654e+01   5.4859868e+01  -4.7000000e+01   3.6916915e+02
   1.0046377e+01   1.4000000e+01   4.5342427e+01   1.6717974e+01   5.2544829e+01  -4.7000000e+01   3.6524654e+02
   1.0509316e+01   1.4000000e+01   4.6741480e+01   2.1254946e+01   5.0507271e+01  -4.7000000e+01   3.6172969e+02
   9.7775655e+00   1.4000000e+01   4.7758820e+01   2.5958069e+01   4.8384669e+01  -4.7000000e+01   3.5829475e+02
   5.4700308e+00   1.4000000e+01   5.2095091e+01   3.0166818e+01   4.5990508e+01  -4.7000000e+01   3.5557848e+02
   5.2092728e+00   1.4000000e+01   5.3493279e+01   3.0925520e+01   4.3404657e+01  -4.7000000e+01   3.5313299e+02
   3.6303060e+00   1.4000000e+01   5.4784169e+01   3.0091772e+01   4.0930132e+01  -4.7000000e+01   3.5096841e+02
   3.0201939e+00   1.4000000e+01   5.6479289e+01   2.9150894e+01   3.8461569e+01  -4.7000000e+01   3.4890614e+02
   2.8593140e+00   1.4000000e+01   5.6442625e+01   2.8843032e+01   3.5939964e+01  -4.7000000e+01   3.4792468e+02
   2.4450315e+00   1.4000000e+01   5.7097655e+01   2.7811387e+01   3.3377177e+01  -4.7000000e+01   3.4834020e+02
   1.4816559e+00   1.4000000e+01   5.7457694e+01   2.6147317e+01   3.0745237e+01  -4.7000000e+01   3.4901295e+02
   8.9164857e-01   1.4000000e+01   5.7591901e+01   2.5177790e+01   2.7663617e+01  -4.7000000e+01   3.5185890e+02
   3.4917955e-01   1.4000000e+01   5.7085101e+01   2.3952579e+01   2.4677848e+01  -4.7000000e+01   3.5660827e+02
   3.1204446e-01   1.4000000e+01   5.6504816e+01   2.2371416e+01   2.2556782e+01  -4.7000000e+01   3.6441059e+02
  -8.9747772e-01   1.4000000e+01   5.6191726e+01   2.1329281e+01   2.1710110e+01  -4.7000000e+01   3.6699217e+02
  -1.4505123e+00   1.4000000e+01   5.5614869e+01   2.0919017e+01   2.1108875e+01  -4.7000000e+01   3.6948486e+02
  -1.9162551e+00   1.4000000e+01   5.4952520e+01   1.9816925e+01   2.0757986e+01  -4.7000000e+01   3.7179365e+02
  -3.1437992e+00   1.4000000e+01   5.2287197e+01   1.8239063e+01   2.0851371e+01  -4.7000000e+01   3.7414584e+02
  -5.4407372e+00   1.4000000e+01   4.8164457e+01   1.6355758e+01   2.1751922e+01  -4.7000000e+01   3.7659043e+02
  -7.0659791e+00   1.4000000e+01   4.3816435e+01   1.4528776e+01   2.2726471e+01  -4.7000000e+01   3.7903743e+02
  -9.4903138e+00   1.4000000e+01   4.0753823e+01   1.2307595e+01   2.4530721e+01  -4.7000000e+01   3.8159017e+02
  -1.0571398e+01   1.4000000e+01   3.7110695e+01   1.0018558e+01   2.6392754e+01  -4.7000000e+01   3.8416019e+02
  -1.3696180e+01   1.4000000e+01   3.1486728e+01   7.7640066e+00   2.8538121e+01  -4.7000000e+01   3.8676328e+02
  -1.5796738e+01   1.4000000e+01   2.5987759e+01   4.1783361e+00   3.1002978e+01  -4.7000000e+01   3.8935922e+02
  -1.9016985e+01   1.4000000e+01   1.9802228e+01   8.8379008e-01   3.3700822e+01  -4.7000000e+01   3.9196651e+02
  -2.1516149e+01   1.4000000e+01   1.5315186e+01  -2.7274364e+00   3.6679381e+01  -4.7000000e+01   3.9450504e+02
  -2.3251717e+01   1.4000000e+01   1.2623128e+01  -5.7640493e+00   3.9826405e+01  -4.7000000e+01   3.9692920e+02
  -2.5034314e+01   1.4000000e+01   1.0601097e+01  -8.2707759e+00   4.2938724e+01  -4.7000000e+01   3.9903713e+02
  -2.6921171e+01   1.4000000e+01   1.0232018e+01  -9.7939275e+00   4.5930429e+01  -4.7000000e+01   4.0084864e+02
  -2.8197296e+01   1.4000000e+01   8.8128048e+00  -1.1546661e+01   4.8561324e+01  -4.7000000e+01   4.0246252e+02
  -2.9638649e+01   1.4000000e+01   7.6820729e+00  -1.2386714e+01   5.0909712e+01  -4.7000000e+01   4.0390602e+02
  -3.1246385e+01   1.4000000e+01   6.5953131e+00  -1.3155876e+01   5.3202652e+01  -4.7000000e+01   4.0530927e+02
  -3.3246606e+01   1.4000000e+01   5.5869589e+00  -1.3153095e+01   5.5231981e+01  -4.7000000e+01   4.0648977e+02
  -3.4451444e+01   1.4000000e+01   4.8701024e+00  -1.3350644e+01   5.7133963e+01  -4.7000000e+01   4.0762288e+02
  -3.6255830e+01   1.4000000e+01   3.7263090e+00  -1.3344425e+01   5.7172913e+01  -4.7000000e+01   4.0819272e+02
  -3.7315430e+01   1.4000000e+01   1.8153590e+00  -1.4061511e+01   5.7149523e+01  -4.7000000e+01   4.0882302e+02
  -3.8249025e+01   1.4000000e+01   3.6681292e-01  -1.5289263e+01   5.6760515e+01  -4.7000000e+01   4.1138322e+02
  -3.7687708e+01   1.4000000e+01  -1.5867368e+00  -1.7489551e+01   5.6210348e+01  -4.7000000e+01   4.1154645e+02
  -3.5033383e+01   1.4000000e+01  -7.2821788e-01  -1.9134407e+01   5.5797041e+01  -4.7000000e+01   4.1048292e+02
  -3.1100419e+01   1.4000000e+01  -8.4746435e-01  -1.9758742e+01   5.6135451e+01  -4.7000000e+01   4.0764833e+02
  -2.7325884e+01   1.4000000e+01  -3.6284738e+00  -2.1290355e+01   5.8249253e+01  -4.7000000e+01   4.0220306e+02
  -2.4597414e+01   1.4000000e+01  -3.0337526e+00  -2.0126552e+01   6.3380353e+01  -4.7000000e+01   3.9457368e+02
  -2.1458336e+01   1.4000000e+01   6.9458044e+00  -1.4944996e+01   6.7509071e+01  -4.7000000e+01   3.8705520e+02
  -1.4680564e+01   1.4000000e+01   1.6936115e+01  -8.3946355e+00   6.7038120e+01  -4.7000000e+01   3.8435320e+02
  -7.9490128e+00   1.4000000e+01   2.6522306e+01  -3.5893401e-01   6.4019797e+01  -4.7000000e+01   3.8142283e+02
  -2.7122312e+00   1.4000000e+01   3.5890942e+01   5.5641052e+00   5.9158555e+01  -4.7000000e+01   3.7789152e+02
   1.0736347e+00   1.4000000e+01   4.4812153e+01   1.3515583e+01   5.2194385e+01  -4.7000000e+01   3.7156921e+02
   1.7973443e+00   1.4000000e+01   5.0634780e+01   1.7631474e+01   4.6718749e+01  -4.7000000e+01   3.6560273e+02
   2.8624869e+00   1.4000000e+01   5.3504264e+01   2.1543257e+01   4.2542276e+01  -4.7000000e+01   3.6052156e+02
   2.4633828e+00   1.4000000e+01   5.6675789e+01   2.7149664e+01   3.8611696e+01  -4.7000000e+01   3.5612670e+02
   2.8523806e+00   1.4000000e+01   5.7724335e+01   2.9358621e+01   3.5356421e+01  -4.7000000e+01   3.5282864e+02
   2.4370879e+00   1.4000000e+01   5.8477786e+01   2.9226539e+01   3.2401969e+01  -4.7000000e+01   3.4982631e+02
   2.1659460e+00   1.4000000e+01   5.8350076e+01   2.8844921e+01   2.9884395e+01  -4.7000000e+01   3.4861401e+02
   1.4715079e+00   1.4000000e+01   5.8894474e+01   2.7992756e+01   2.7622087e+01  -4.7000000e+01   3.4763681e+02
   7.8839975e-01   1.4000000e+01   6.0293233e+01   2.7562660e+01   2.5384086e+01  -4.7000000e+01   3.4712796e+02
   9.4876221e-01   1.4000000e+01   5.9513820e+01   2.6905068e+01   2.3060384e+01  -4.7000000e+01   3.4837475e+02
   1.0122543e+00   1.4000000e+01   6.0488318e+01   2.6811827e+01   2.0994849e+01  -4.7000000e+01   3.5072545e+02
   5.9015385e-01   1.4000000e+01   6.0594970e+01   2.6142202e+01   1.9057393e+01  -4.7000000e+01   3.5366211e+02
   3.2431532e-01   1.4000000e+01   6.0036021e+01   2.5638766e+01   2.0205620e+01  -4.7000000e+01   3.5715945e+02
  -4.8997424e-01   1.4000000e+01   5.8948492e+01   2.4163160e+01   2.1300612e+01  -4.7000000e+01   3.6037687e+02
  -5.1142200e-01   1.4000000e+01   5.8309184e+01   2.2982791e+01   2.1413080e+01  -4.7000000e+01   3.6246796e+02
  -8.5329595e-01   1.4000000e+01   5.7720379e+01   2.1722890e+01   2.1523784e+01  -4.7000000e+01   3.6456229e+02
  -1.9807300e+00   1.4000000e+01   5.7217374e+01   1.9907076e+01   2.1774998e+01  -4.7000000e+01   3.6669940e+02
  -1.9266484e+00   1.4000000e+01   5.6532463e+01   1.8624471e+01   2.2033632e+01  -4.7000000e+01   3.6890287e+02
  -3.1033883e+00   1.4000000e+01   5.4511403e+01   1.7237439e+01   2.2271761e+01  -4.7000000e+01   3.7108623e+02
  -4.9355073e+00   1.4000000e+01   5.2553632e+01   1.4994523e+01   2.2948841e+01  -4.7000000e+01   3.7344253e+02
  -3.5914250e+00   1.4000000e+01   5.1774039e+01   1.4450552e+01   2.3870926e+01  -4.7000000e+01   3.7609299e+02
  -5.0073930e+00   1.4000000e+01   5.0969498e+01   1.2240208e+01   2.4805353e+01  -4.7000000e+01   3.7873979e+02
  -5.2345828e+00   1.4000000e+01   4.8988610e+01   1.1126296e+01   2.5684976e+01  -4.7000000e+01   3.8148749e+02
  -7.1422604e+00   1.4000000e+01   4.6279821e+01   1.0021769e+01   2.6732424e+01  -4.7000000e+01   3.8422191e+02
  -7.9271149e+00   1.4000000e+01   4.3113266e+01   8.7804785e+00   2.7800115e+01  -4.7000000e+01   3.8690007e+02
  -1.1214946e+01   1.4000000e+01   3.8398838e+01   5.9850776e+00   2.9220801e+01  -4.7000000e+01   3.8936817e+02
  -1.3817587e+01   1.4000000e+01   3.1167125e+01   3.9709323e+00   3.0906925e+01  -4.7000000e+01   3.9172858e+02
  -1.8180674e+01   1.4000000e+01   2.2292878e+01   1.2467249e+00   3.3460513e+01  -4.7000000e+01   3.9411094e+02
  -2.0869753e+01   1.4000000e+01   1.4395310e+01  -2.4902843e+00   3.6205856e+01  -4.7000000e+01   3.9642802e+02
  -2.3855057e+01   1.4000000e+01   8.0359823e+00  -7.0941188e+00   3.9168107e+01  -4.7000000e+01   3.9872710e+02
  -2.5538754e+01   1.4000000e+01   6.2760912e+00  -1.0284165e+01   4.2388083e+01  -4.7000000e+01   4.0092597e+02
  -2.6730887e+01   1.4000000e+01   5.9876850e+00  -1.2528631e+01   4.5604559e+01  -4.7000000e+01   4.0284207e+02
  -2.8405169e+01   1.4000000e+01   2.8840679e+00  -1.3816961e+01   4.8670608e+01  -4.7000000e+01   4.0462381e+02
  -3.0166008e+01   1.4000000e+01   3.8762610e+00  -1.4100162e+01   5.1700890e+01  -4.7000000e+01   4.0621819e+02
  -3.2218674e+01   1.4000000e+01   3.7313410e+00  -1.4382831e+01   5.4676462e+01  -4.7000000e+01   4.0773850e+02
  -3.4102433e+01   1.4000000e+01   3.0055838e+00  -1.4062044e+01   5.7571857e+01  -4.7000000e+01   4.0906783e+02
  -3.5699049e+01   1.4000000e+01   3.5388866e+00  -1.2359572e+01   6.0520999e+01  -4.7000000e+01   4.1044219e+02
  -3.6171879e+01   1.4000000e+01   4.3638289e+00  -1.3561787e+01   6.2672009e+01  -4.7000000e+01   4.1194412e+02
  -3.6450834e+01   1.4000000e+01   3.4266624e+00  -1.5019245e+01   6.3016707e+01  -4.7000000e+01   4.1283927e+02
  -3.4986685e+01   1.4000000e+01   2.5297822e+00  -1.7780410e+01   6.1891177e+01  -4.7000000e+01   4.1505328e+02
  -3.2817500e+01   1.4000000e+01  -7.5658946e-01  -2.0972843e+01   6.2364357e+01  -4.7000000e+01   4.1568696e+02
  -2.6464079e+01   1.4000000e+01  -1.1768114e+01  -2.4238823e+01   6.5205322e+01  -4.7000000e+01   4.1290514e+02
  -2.3770404e+01   1.4000000e+01  -5.4562294e+00  -2.1647601e+01   6.7365390e+01  -4.7000000e+01   4.0844915e+02
  -1.8362623e+01   1.4000000e+01  -1.3720662e+00  -1.9620600e+01   7.0005151e+01  -4.7000000e+01   4.0135189e+02
  -1.4718166e+01   1.4000000e+01   6.6513416e+00  -1.6403814e+01   7.1645194e+01  -4.7000000e+01   3.9255946e+02
  -8.2631588e+00   1.4000000e+01   1.7280615e+01  -9.6671265e+00   7.0293173e+01  -4.7000000e+01   3.8675080e+02
  -2.5062004e+00   1.4000000e+01   2.7603920e+01  -2.0818688e+00   6.7106541e+01  -4.7000000e+01   3.8128125e+02
   2.5643616e+00   1.4000000e+01   3.5355530e+01   4.8578432e+00   6.3553641e+01  -4.7000000e+01   3.7588067e+02
   4.6263601e+00   1.4000000e+01   4.0263604e+01   1.0503468e+01   5.9839284e+01  -4.7000000e+01   3.7069666e+02
   5.4880921e+00   1.4000000e+01   4.2390460e+01   1.3849692e+01   5.6603758e+01  -4.7000000e+01   3.6591250e+02
   6.6815142e+00   1.4000000e+01   4.3982232e+01   1.8318877e+01   5.3659893e+01  -4.7000000e+01   3.6162978e+02
   5.2887285e+00   1.4000000e+01   4.4881030e+01   2.2638495e+01   5.0731451e+01  -4.7000000e+01   3.5747770e+02
   9.6594467e-01   1.4000000e+01   4.9764798e+01   2.8619530e+01   4.7656366e+01  -4.7000000e+01   3.5423551e+02
  -1.5825758e+00   1.4000000e+01   5.4487452e+01   3.0628637e+01   4.4629977e+01  -4.7000000e+01   3.5082107e+02
  -2.8255100e+00   1.4000000e+01   5.6438391e+01   2.9815554e+01   4.1090441e+01  -4.7000000e+01   3.4754707e+02
  -2.7130124e+00   1.4000000e+01   5.6734443e+01   2.8919342e+01   3.7383222e+01  -4.7000000e+01   3.4477129e+02
  -3.1963710e+00   1.4000000e+01   5.6695040e+01   2.7366564e+01   3.3985977e+01  -4.7000000e+01   3.4300933e+02
  -4.5588064e+00   1.4000000e+01   5.7784280e+01   2.6971490e+01   3.0669995e+01  -4.7000000e+01   3.4180796e+02
  -3.7938373e+00   1.4000000e+01   5.6961579e+01   2.6088289e+01   2.7632221e+01  -4.7000000e+01   3.4282009e+02
  -2.8684103e+00   1.4000000e+01   5.4973633e+01   2.4500839e+01   2.4649029e+01  -4.7000000e+01   3.4581616e+02
  -3.1988225e+00   1.4000000e+01   5.4075418e+01   2.2755592e+01   2.1675629e+01  -4.7000000e+01   3.5125532e+02
  -3.6076825e+00   1.4000000e+01   5.2785457e+01   2.0129205e+01   2.0100925e+01  -4.7000000e+01   3.5855684e+02
  -5.0929549e+00   1.4000000e+01   5.1516272e+01   1.8613014e+01   2.0736927e+01  -4.7000000e+01   3.6308806e+02
  -6.7653802e+00   1.4000000e+01   4.9890613e+01   1.7844809e+01   2.2838340e+01  -4.7000000e+01   3.6634332e+02
  -7.3650564e+00   1.4000000e+01   4.7277120e+01   1.6822388e+01   2.4607466e+01  -4.7000000e+01   3.6928988e+02
  -8.2823295e+00   1.4000000e+01   4.4763827e+01   1.5792028e+01   2.6343623e+01  -4.7000000e+01   3.7218315e+02
