  -2.4311285e+01   3.3288478e+01   5.1659272e+01   3.5326604e+00   1.9097603e+01  -4.2018872e+01   2.4835773e+01
  -2.6692211e+01   3.4672260e+01   3.7727676e+01   6.6406829e+00   2.0210349e+01  -4.7057486e+01   2.7171758e+01
  -2.1183323e+01   2.8837010e+01   3.6000000e+01   5.2229812e+00   3.1650912e+01  -4.7000000e+01   3.0696896e+01
  -2.3438042e+01   3.1152134e+01   3.6000000e+01   5.5368042e+00   3.7489053e+01  -4.7000000e+01   3.1940708e+01
  -2.5341342e+01   3.3863742e+01   3.6000000e+01   2.6765322e+00   3.7219928e+01  -4.7000000e+01   3.2534923e+01
  -2.7130597e+01   3.6276907e+01   3.6000000e+01  -2.6408068e+00   3.4931139e+01  -4.7000000e+01   3.5077360e+01
  -3.0138290e+01   3.6698722e+01   3.6000000e+01  -5.5268487e+00   3.4398311e+01  -4.7000000e+01   3.7550182e+01
  -3.0387966e+01   3.8034958e+01   3.6000000e+01  -7.2348233e+00   3.2979255e+01  -4.7000000e+01   3.9468412e+01
  -3.2779352e+01   3.8702876e+01   3.6000000e+01  -1.0082130e+01   3.0965377e+01  -4.7000000e+01   4.1499527e+01
  -3.4792561e+01   4.0232832e+01   3.6000000e+01  -1.2168889e+01   3.0364073e+01  -4.7000000e+01   4.3674684e+01
  -3.6527627e+01   3.9173016e+01   3.6000000e+01  -1.3214802e+01   2.8893771e+01  -4.7000000e+01   4.6639729e+01
  -3.9755377e+01   4.0488548e+01   3.6000000e+01  -1.6247275e+01   2.6037728e+01  -4.7000000e+01   4.7781962e+01
  -4.3026758e+01   4.0625952e+01   3.6000000e+01  -1.9299719e+01   2.5971886e+01  -4.7000000e+01   5.0833638e+01
  -4.3646561e+01   3.8852513e+01   3.6000000e+01  -2.3042807e+01   2.4124931e+01  -4.7000000e+01   5.3439373e+01
  -4.3583846e+01   3.6283299e+01   3.6000000e+01  -2.6370645e+01   2.2771613e+01  -4.7000000e+01   5.5346165e+01
  -3.8132848e+01   3.4785925e+01   3.6000000e+01  -2.9861490e+01   1.8201113e+01  -4.7000000e+01   5.3000686e+01
  -3.3862940e+01   3.1686473e+01   3.6000000e+01  -3.0441450e+01   1.4887460e+01  -4.7000000e+01   4.6712966e+01
  -3.0184650e+01   3.0132429e+01   3.6000000e+01  -3.2587577e+01   1.8585896e+01  -4.7000000e+01   4.0174325e+01
  -2.5088747e+01   2.6218033e+01   3.6000000e+01  -3.0436607e+01   2.3924273e+01  -4.7000000e+01   3.0544861e+01
  -1.9987744e+01   2.3190758e+01   3.6000000e+01  -2.2951399e+01   3.1268206e+01  -4.7000000e+01   2.1433667e+01
  -1.4895993e+01   2.1569607e+01   3.6000000e+01  -1.6452509e+01   4.0214127e+01  -4.7000000e+01   1.2262173e+01
  -1.0958736e+01   1.7871849e+01   3.6000000e+01  -1.3258061e+01   4.4436558e+01  -4.7000000e+01   1.0227791e+00
  -8.6744621e+00   1.5845251e+01   3.6000000e+01  -1.1852279e+01   4.5598888e+01  -4.7000000e+01  -9.4268054e+00
  -6.3122793e+00   1.3056881e+01   3.6000000e+01  -3.7742332e+00   5.2518306e+01  -4.7000000e+01  -1.8720063e+01
  -7.4585034e-01   8.5118841e+00   3.6000000e+01   5.8175838e+00   5.8028698e+01  -4.7000000e+01  -2.1880018e+01
   5.3030335e+00   3.9909622e+00   3.6000000e+01   1.5306672e+01   6.0336865e+01  -4.7000000e+01  -2.1375132e+01
   1.0461820e+01   2.6639569e+00   3.6000000e+01   2.6800901e+01   5.7945739e+01  -4.7000000e+01  -1.9057695e+01
   1.3595887e+01   4.0785324e-01   3.6000000e+01   3.8644753e+01   5.3339082e+01  -4.7000000e+01  -1.9072544e+01
   1.5048585e+01  -1.8997747e+00   3.6000000e+01   5.0488051e+01   4.7176561e+01  -4.7000000e+01  -1.9391437e+01
   1.4925430e+01  -4.3811907e+00   3.6000000e+01   6.1566917e+01   4.2252023e+01  -4.7000000e+01  -1.8612747e+01
   1.5807842e+01  -7.1251937e+00   3.6000000e+01   6.5371328e+01   4.3012536e+01  -4.7000000e+01  -1.7090681e+01
   1.4755085e+01  -6.6218556e+00   3.6000000e+01   6.5071976e+01   4.4510867e+01  -4.7000000e+01  -1.4993208e+01
   1.2166547e+01  -5.7166244e+00   3.6000000e+01   6.3187900e+01   4.6728957e+01  -4.7000000e+01  -1.1522568e+01
   9.3997561e+00  -2.8514768e+00   3.6000000e+01   5.9382116e+01   4.7498819e+01  -4.7000000e+01  -7.8855548e+00
   6.5474754e+00  -5.5800572e-01   3.6000000e+01   5.5639158e+01   4.8093541e+01  -4.7000000e+01  -3.6067967e+00
   3.6197808e+00   2.3381489e+00   3.6000000e+01   5.1992420e+01   4.8347436e+01  -4.7000000e+01   4.7172616e-03
   6.2624993e-01   5.2446309e+00   3.6000000e+01   4.7416091e+01   4.7650692e+01  -4.7000000e+01   3.9390444e+00
  -2.9379860e+00   9.0818836e+00   3.6000000e+01   4.2331034e+01   4.6969194e+01  -4.7000000e+01   6.4843186e+00
  -6.5747960e+00   1.1949317e+01   3.6000000e+01   3.6908641e+01   4.7576700e+01  -4.7000000e+01   1.1247902e+01
  -9.7652808e+00   1.4646460e+01   3.6000000e+01   3.1940187e+01   4.6840117e+01  -4.7000000e+01   1.4454437e+01
  -1.2841113e+01   1.8807686e+01   3.6000000e+01   2.5524237e+01   4.5032214e+01  -4.7000000e+01   1.6833641e+01
  -1.4268561e+01   1.9965308e+01   3.6000000e+01   2.1348301e+01   4.3342587e+01  -4.7000000e+01   1.9834992e+01
  -1.6026682e+01   2.2307570e+01   3.6000000e+01   1.7468129e+01   4.1599865e+01  -4.7000000e+01   2.2911287e+01
  -1.7709901e+01   2.1773368e+01   3.6000000e+01   1.4862360e+01   4.2502108e+01  -4.7000000e+01   2.6997861e+01
  -2.1965647e+01   2.6452774e+01   3.6000000e+01   9.8364732e+00   4.0149391e+01  -4.7000000e+01   2.8007347e+01
  -2.5331287e+01   2.8975072e+01   3.6000000e+01   6.3453519e+00   3.8280342e+01  -4.7000000e+01   3.0230488e+01
  -2.9503866e+01   3.1485718e+01   3.6000000e+01   7.0483233e-01   3.6788704e+01  -4.7000000e+01   3.2916826e+01
  -3.0822392e+01   3.2793001e+01   3.6000000e+01  -2.4692664e+00   3.3230747e+01  -4.7000000e+01   3.3392025e+01
  -3.3998814e+01   3.4745352e+01   3.6000000e+01  -5.7884216e+00   3.1917608e+01  -4.7000000e+01   3.7126569e+01
  -3.6796832e+01   3.7815582e+01   3.6000000e+01  -9.5728794e+00   2.6812445e+01  -4.7000000e+01   3.6613987e+01
  -3.9457597e+01   3.8812466e+01   3.6000000e+01  -1.2647900e+01   2.6305301e+01  -4.7000000e+01   3.9568548e+01
  -4.1852277e+01   3.9548012e+01   3.6000000e+01  -1.4928255e+01   2.5538580e+01  -4.7000000e+01   4.2895119e+01
  -4.5266146e+01   3.9877176e+01   3.6000000e+01  -1.7564707e+01   2.4546934e+01  -4.7000000e+01   4.6187581e+01
  -4.6656730e+01   3.8610829e+01   3.6000000e+01  -2.0148969e+01   2.1291214e+01  -4.7000000e+01   4.9163425e+01
  -4.6926002e+01   3.7264900e+01   3.6000000e+01  -2.4470697e+01   2.0305927e+01  -4.7000000e+01   4.9847887e+01
  -4.2417688e+01   3.5898309e+01   3.6000000e+01  -2.8551986e+01   1.4218641e+01  -4.7000000e+01   5.0212519e+01
  -3.8001072e+01   3.4138464e+01   3.6000000e+01  -3.2093736e+01   1.4900612e+01  -4.7000000e+01   4.8501472e+01
  -2.9763777e+01   2.9190599e+01   3.6000000e+01  -3.0955329e+01   1.7139970e+01  -4.7000000e+01   3.9647088e+01
  -2.5876030e+01   2.5803790e+01   3.6000000e+01  -2.9551177e+01   2.3294562e+01  -4.7000000e+01   3.0129741e+01
  -2.2163720e+01   2.3026906e+01   3.6000000e+01  -2.4021035e+01   3.1940988e+01  -4.7000000e+01   2.1457321e+01
  -1.5688330e+01   2.0637895e+01   3.6000000e+01  -1.3606825e+01   4.2312493e+01  -4.7000000e+01   1.1536555e+01
  -7.2194595e+00   1.5078468e+01   3.6000000e+01  -1.6442404e+00   4.8972667e+01  -4.7000000e+01   6.8128373e+00
  -2.1443905e+00   1.1405946e+01   3.6000000e+01   9.9649299e+00   5.2218838e+01  -4.7000000e+01   2.5385028e+00
   1.7107814e+00   8.0202802e+00   3.6000000e+01   2.0808297e+01   5.5349166e+01  -4.7000000e+01  -1.4306958e+00
   7.2388967e+00   3.1919366e+00   3.6000000e+01   3.1393105e+01   5.6515545e+01  -4.7000000e+01  -6.0522563e+00
   1.0876362e+01   6.1648060e-01   3.6000000e+01   4.1596012e+01   5.6603932e+01  -4.7000000e+01  -1.0194385e+01
   1.2241428e+01  -2.1050332e+00   3.6000000e+01   5.1236743e+01   5.4572040e+01  -4.7000000e+01  -1.4934838e+01
   8.4934612e+00  -1.6173799e+00   3.6000000e+01   6.0352368e+01   5.1597624e+01  -4.7000000e+01  -1.2418052e+01
   7.7406622e+00  -9.0432336e-01   3.6000000e+01   6.0321276e+01   5.1884458e+01  -4.7000000e+01  -1.0172542e+01
   6.1335688e+00  -8.7112389e-01   3.6000000e+01   5.7632051e+01   5.1128576e+01  -4.7000000e+01  -7.4009141e+00
   3.3463725e+00   1.3580474e+00   3.6000000e+01   5.3631080e+01   5.0378203e+01  -4.7000000e+01  -3.8418340e+00
  -2.5389940e-02   4.3372878e+00   3.6000000e+01   4.8304414e+01   4.9706338e+01  -4.7000000e+01   3.9872283e-01
  -3.4509836e+00   7.6022687e+00   3.6000000e+01   4.2929983e+01   4.8627585e+01  -4.7000000e+01   3.7411616e+00
  -6.2035585e+00   9.8647922e+00   3.6000000e+01   3.7976258e+01   4.7273311e+01  -4.7000000e+01   6.8324013e+00
  -8.8105585e+00   1.3436744e+01   3.6000000e+01   3.2491667e+01   4.5361108e+01  -4.7000000e+01   1.0400652e+01
  -1.2200463e+01   1.5579704e+01   3.6000000e+01   2.7229686e+01   4.4703944e+01  -4.7000000e+01   1.3837343e+01
  -1.4457002e+01   1.8188044e+01   3.6000000e+01   2.2823658e+01   4.2111458e+01  -4.7000000e+01   1.5874619e+01
  -1.6052002e+01   2.0302115e+01   3.6000000e+01   1.9627845e+01   4.0079282e+01  -4.7000000e+01   1.8623200e+01
  -1.7957134e+01   2.1778254e+01   3.6000000e+01   1.5835030e+01   3.9851066e+01  -4.7000000e+01   2.1902911e+01
  -2.1354878e+01   2.5156462e+01   3.6000000e+01   1.1689809e+01   3.9428315e+01  -4.7000000e+01   2.3733015e+01
  -2.3779837e+01   2.7649353e+01   3.6000000e+01   8.8828273e+00   3.9688062e+01  -4.7000000e+01   2.5373568e+01
  -2.5103464e+01   2.7487990e+01   3.6000000e+01   6.3156183e+00   3.8917071e+01  -4.7000000e+01   2.7939888e+01
  -2.5557188e+01   2.7710535e+01   3.6000000e+01   4.4454251e+00   3.7478145e+01  -4.7000000e+01   2.9938025e+01
  -2.9909121e+01   3.1078751e+01   3.6000000e+01  -3.4658492e-01   3.7847173e+01  -4.7000000e+01   3.3107667e+01
  -3.1669377e+01   3.3117946e+01   3.6000000e+01  -3.2380377e+00   3.6064410e+01  -4.7000000e+01   3.5299421e+01
  -3.0924708e+01   3.2583580e+01   3.6000000e+01  -3.2255768e+00   3.6337029e+01  -4.7000000e+01   3.8281075e+01
  -3.1310075e+01   3.3309543e+01   3.6000000e+01  -4.7148502e+00   3.3138315e+01  -4.7000000e+01   4.0731303e+01
  -3.2320373e+01   3.3834952e+01   3.6000000e+01  -6.3652712e+00   3.3141772e+01  -4.7000000e+01   4.2782739e+01
  -3.5682843e+01   3.5776316e+01   3.6000000e+01  -9.5585170e+00   3.0295187e+01  -4.7000000e+01   4.3308369e+01
  -3.6404777e+01   3.7093288e+01   3.6000000e+01  -1.2397803e+01   2.7229400e+01  -4.7000000e+01   4.5831823e+01
  -3.8542198e+01   3.7579703e+01   3.6000000e+01  -1.4237152e+01   2.4916779e+01  -4.7000000e+01   4.8265409e+01
  -4.1507253e+01   3.8544100e+01   3.6000000e+01  -1.6578927e+01   2.4151236e+01  -4.7000000e+01   4.9569850e+01
  -4.4471502e+01   4.0128109e+01   3.6000000e+01  -1.9518945e+01   2.3195592e+01  -4.7000000e+01   5.2931103e+01
  -4.6335662e+01   3.9940138e+01   3.6000000e+01  -2.0763347e+01   2.1352711e+01  -4.7000000e+01   5.4053858e+01
  -4.8271368e+01   4.2766210e+01   3.6000000e+01  -2.2948286e+01   1.8768980e+01  -4.7000000e+01   5.6685475e+01
  -5.0553032e+01   4.2871490e+01   3.6000000e+01  -2.4107875e+01   1.7342796e+01  -4.7000000e+01   5.7295182e+01
  -5.1347409e+01   4.6103223e+01   3.6000000e+01  -2.6273970e+01   1.3177567e+01  -4.7000000e+01   5.8861180e+01
  -4.9982141e+01   4.4632450e+01   3.6000000e+01  -2.7903364e+01   8.0558564e+00  -4.7000000e+01   6.1274574e+01
  -4.8986501e+01   4.2263909e+01   3.6000000e+01  -3.1257054e+01   4.2636322e+00  -4.7000000e+01   6.4022168e+01
  -4.5945651e+01   3.9529983e+01   3.6000000e+01  -3.4553391e+01   5.0756992e+00  -4.7000000e+01   6.5951970e+01
  -4.1335801e+01   3.5335399e+01   3.6000000e+01  -3.5258230e+01   9.9150433e+00  -4.7000000e+01   6.2894553e+01
  -3.3634864e+01   3.2721698e+01   3.6000000e+01  -3.3672997e+01   1.2498439e+01  -4.7000000e+01   5.2356930e+01
  -2.6800521e+01   2.6404461e+01   3.6000000e+01  -2.7933354e+01   1.8463293e+01  -4.7000000e+01   4.1535737e+01
  -2.0325607e+01   2.0649556e+01   3.6000000e+01  -2.1491210e+01   2.7881755e+01  -4.7000000e+01   3.0492041e+01
  -1.5120625e+01   2.0295692e+01   3.6000000e+01  -1.0405612e+01   3.9074528e+01  -4.7000000e+01   2.1830121e+01
  -8.8868393e+00   1.7706632e+01   3.6000000e+01   1.1725972e+00   4.6291159e+01  -4.7000000e+01   1.3346631e+01
  -3.4335784e+00   1.3704607e+01   3.6000000e+01   1.2451786e+01   5.0484574e+01  -4.7000000e+01   8.6096878e+00
   1.6167358e+00   7.8881645e+00   3.6000000e+01   2.3260100e+01   5.2016546e+01  -4.7000000e+01   2.6445780e+00
   6.1197709e+00   3.6799815e+00   3.6000000e+01   3.3422036e+01   5.2980674e+01  -4.7000000e+01  -1.7219871e+00
   9.7571689e+00   9.1703269e-01   3.6000000e+01   4.3702095e+01   5.2000843e+01  -4.7000000e+01  -6.6563841e+00
   1.0431850e+01  -1.5171792e+00   3.6000000e+01   5.3382778e+01   5.0235654e+01  -4.7000000e+01  -8.6883506e+00
   9.2388874e+00  -1.6517741e+00   3.6000000e+01   6.0176864e+01   4.9060045e+01  -4.7000000e+01  -7.5517253e+00
   7.6645034e+00  -2.6130829e-01   3.6000000e+01   5.8281496e+01   4.9175396e+01  -4.7000000e+01  -5.6262375e+00
   5.7870171e+00   1.6647333e+00   3.6000000e+01   5.4321291e+01   4.8172432e+01  -4.7000000e+01  -3.8079903e+00
   3.2850357e+00   4.5357223e+00   3.6000000e+01   5.0611374e+01   4.7582975e+01  -4.7000000e+01  -6.0343948e-01
  -3.8661913e-01   7.3331402e+00   3.6000000e+01   4.6258093e+01   4.7688294e+01  -4.7000000e+01   3.3416270e+00
  -2.7849679e+00   9.1001681e+00   3.6000000e+01   4.1820581e+01   4.6451342e+01  -4.7000000e+01   5.3643556e+00
  -5.3702970e+00   1.0050324e+01   3.6000000e+01   3.8892388e+01   4.5914154e+01  -4.7000000e+01   8.2218579e+00
  -7.9024234e+00   1.2102120e+01   3.6000000e+01   3.4711744e+01   4.5517680e+01  -4.7000000e+01   1.1287364e+01
  -1.0762553e+01   1.5473501e+01   3.6000000e+01   3.0013524e+01   4.4159117e+01  -4.7000000e+01   1.3228849e+01
  -1.4572588e+01   1.9022721e+01   3.6000000e+01   2.3571555e+01   4.2520177e+01  -4.7000000e+01   1.5440902e+01
  -1.6743865e+01   2.0168307e+01   3.6000000e+01   2.0527983e+01   4.1170558e+01  -4.7000000e+01   1.7965132e+01
  -2.0556335e+01   2.1694125e+01   3.6000000e+01   1.7219740e+01   4.1695487e+01  -4.7000000e+01   2.0666219e+01
  -2.3537469e+01   2.4350470e+01   3.6000000e+01   1.1615390e+01   4.0101864e+01  -4.7000000e+01   2.3776470e+01
  -2.5791859e+01   2.5676458e+01   3.6000000e+01   9.0383773e+00   3.9784685e+01  -4.7000000e+01   2.7415188e+01
  -2.8746435e+01   2.9776091e+01   3.6000000e+01   2.5194334e+00   3.4720331e+01  -4.7000000e+01   2.9478440e+01
  -3.1363558e+01   3.2288184e+01   3.6000000e+01  -6.0115068e-01   3.2753647e+01  -4.7000000e+01   3.1551816e+01
  -3.4121722e+01   3.3133974e+01   3.6000000e+01  -3.1810000e+00   3.2222063e+01  -4.7000000e+01   3.2822664e+01
  -3.4745152e+01   3.5909905e+01   3.6000000e+01  -6.5858982e+00   2.8206422e+01  -4.7000000e+01   3.4721290e+01
  -3.7480716e+01   3.7338432e+01   3.6000000e+01  -9.1047701e+00   2.5937474e+01  -4.7000000e+01   3.8094598e+01
  -4.0658861e+01   3.8118591e+01   3.6000000e+01  -1.0916002e+01   2.5949570e+01  -4.7000000e+01   3.8160826e+01
  -4.3456718e+01   3.9149916e+01   3.6000000e+01  -1.3263024e+01   2.6726297e+01  -4.7000000e+01   4.0699994e+01
  -4.4548820e+01   4.0577042e+01   3.6000000e+01  -1.4686332e+01   2.2247180e+01  -4.7000000e+01   4.3361723e+01
  -4.8278179e+01   4.2657937e+01   3.6000000e+01  -1.7314735e+01   2.1035819e+01  -4.7000000e+01   4.6088396e+01
  -4.9665567e+01   4.2934546e+01   3.6000000e+01  -1.7692356e+01   1.8993240e+01  -4.7000000e+01   4.8988525e+01
  -5.1981507e+01   4.3617384e+01   3.6000000e+01  -1.8880007e+01   1.4883916e+01  -4.7000000e+01   5.1517832e+01
  -5.2901822e+01   4.4368945e+01   3.6000000e+01  -1.9607566e+01   1.1219889e+01  -4.7000000e+01   5.3483672e+01
  -5.2207763e+01   4.5856222e+01   3.6000000e+01  -2.1640591e+01   7.2199025e+00  -4.7000000e+01   5.6431919e+01
  -5.2187745e+01   4.4512652e+01   3.6000000e+01  -2.3558922e+01   4.0455823e+00  -4.7000000e+01   5.7691480e+01
  -4.8617306e+01   4.2259021e+01   3.6000000e+01  -2.7048269e+01   3.8972331e+00  -4.7000000e+01   6.0066944e+01
  -4.2830256e+01   3.7688464e+01   3.6000000e+01  -3.0647168e+01   5.5191176e+00  -4.7000000e+01   5.4271952e+01
  -3.4668693e+01   3.1338778e+01   3.6000000e+01  -3.3012458e+01   3.7283888e+00  -4.7000000e+01   4.3843107e+01
  -2.8497341e+01   2.9512051e+01   3.6000000e+01  -3.3482538e+01   8.6770737e+00  -4.7000000e+01   3.4296287e+01
  -2.4944985e+01   2.6855116e+01   3.6000000e+01  -2.8851008e+01   1.8759421e+01  -4.7000000e+01   2.5154931e+01
  -2.0349488e+01   2.2501243e+01   3.6000000e+01  -1.9581009e+01   3.0270660e+01  -4.7000000e+01   1.7153142e+01
  -1.0931434e+01   1.9705383e+01   3.6000000e+01  -8.1940964e+00   4.1474032e+01  -4.7000000e+01   1.2359818e+01
  -4.4829465e+00   1.6053980e+01   3.6000000e+01   3.5772102e+00   4.9088903e+01  -4.7000000e+01   7.1233740e+00
  -9.7493737e-01   1.2791228e+01   3.6000000e+01   1.4772808e+01   5.1610698e+01  -4.7000000e+01   1.0546898e+00
   5.1746825e+00   7.1009859e+00   3.6000000e+01   2.5798987e+01   5.2752458e+01  -4.7000000e+01  -3.2560174e+00
   1.0913490e+01   3.2196913e+00   3.6000000e+01   3.6792355e+01   5.3138500e+01  -4.7000000e+01  -7.4218532e+00
   1.4841042e+01  -9.9266636e-01   3.6000000e+01   4.7643603e+01   5.1716269e+01  -4.7000000e+01  -1.1802608e+01
   1.4949067e+01  -2.9150773e+00   3.6000000e+01   5.7730496e+01   4.9049305e+01  -4.7000000e+01  -1.5996024e+01
   1.2386408e+01  -4.1757417e+00   3.6000000e+01   6.6004593e+01   4.8207149e+01  -4.7000000e+01  -1.5851887e+01
   1.0206213e+01  -2.1719198e+00   3.6000000e+01   6.6077151e+01   4.9948050e+01  -4.7000000e+01  -1.4731425e+01
   8.6560756e+00  -1.9936237e+00   3.6000000e+01   6.4263135e+01   5.0366070e+01  -4.7000000e+01  -1.1060091e+01
   7.0405109e+00  -2.0079943e-01   3.6000000e+01   6.0674837e+01   5.0041380e+01  -4.7000000e+01  -8.5141162e+00
   4.4447889e+00   2.1220039e+00   3.6000000e+01   5.7470446e+01   4.9329793e+01  -4.7000000e+01  -4.4806293e+00
   1.1483362e+00   5.2630840e+00   3.6000000e+01   5.2204592e+01   4.9385595e+01  -4.7000000e+01  -1.5699399e+00
  -2.0922937e+00   7.8512216e+00   3.6000000e+01   4.6712938e+01   4.8966098e+01  -4.7000000e+01   9.3130601e-01
  -6.1421855e+00   1.1309371e+01   3.6000000e+01   4.1274248e+01   4.8658328e+01  -4.7000000e+01   3.5175807e+00
  -9.1815412e+00   1.3836822e+01   3.6000000e+01   3.6456303e+01   4.7522001e+01  -4.7000000e+01   6.5257695e+00
  -1.2070844e+01   1.6981398e+01   3.6000000e+01   3.1315953e+01   4.6033471e+01  -4.7000000e+01   9.5298871e+00
  -1.5993356e+01   2.0097938e+01   3.6000000e+01   2.6112633e+01   4.4494222e+01  -4.7000000e+01   1.1101996e+01
  -1.8588057e+01   2.2455033e+01   3.6000000e+01   2.2614002e+01   4.3007058e+01  -4.7000000e+01   1.3057605e+01
  -1.9655895e+01   2.3207370e+01   3.6000000e+01   2.0301416e+01   4.1870122e+01  -4.7000000e+01   1.4867567e+01
  -2.0711893e+01   2.3466188e+01   3.6000000e+01   1.7748801e+01   4.1274662e+01  -4.7000000e+01   1.9150461e+01
  -2.3832836e+01   2.5692006e+01   3.6000000e+01   1.3462036e+01   4.0208606e+01  -4.7000000e+01   2.2248838e+01
  -2.6181516e+01   2.8313847e+01   3.6000000e+01   9.9212044e+00   3.8180376e+01  -4.7000000e+01   2.3494781e+01
  -2.9830713e+01   3.1279772e+01   3.6000000e+01   6.2996863e+00   3.7255628e+01  -4.7000000e+01   2.4218195e+01
  -3.1902842e+01   3.4657513e+01   3.6000000e+01   1.4379003e+00   3.3249832e+01  -4.7000000e+01   2.7341429e+01
  -3.3172244e+01   3.4337323e+01   3.6000000e+01   1.5436459e-01   3.2967174e+01  -4.7000000e+01   2.8590949e+01
  -3.4059636e+01   3.5568776e+01   3.6000000e+01  -2.6990032e+00   3.0432506e+01  -4.7000000e+01   3.0351952e+01
  -3.6070496e+01   3.6930966e+01   3.6000000e+01  -4.5334443e+00   2.8792728e+01  -4.7000000e+01   3.1892419e+01
  -3.7651219e+01   3.7756909e+01   3.6000000e+01  -6.3662528e+00   2.6598437e+01  -4.7000000e+01   3.2898264e+01
  -3.8997687e+01   3.8587883e+01   3.6000000e+01  -8.5828973e+00   2.5315394e+01  -4.7000000e+01   3.4941824e+01
  -4.0759535e+01   3.9548341e+01   3.6000000e+01  -1.0562282e+01   2.4661939e+01  -4.7000000e+01   3.5679368e+01
  -4.2771328e+01   3.9372939e+01   3.6000000e+01  -1.1846210e+01   2.3046058e+01  -4.7000000e+01   3.7416036e+01
  -4.4653432e+01   4.1695980e+01   3.6000000e+01  -1.4458587e+01   1.9320845e+01  -4.7000000e+01   4.0105323e+01
  -4.6183005e+01   4.2108730e+01   3.6000000e+01  -1.5541691e+01   1.6958148e+01  -4.7000000e+01   4.1953446e+01
  -4.7599541e+01   4.2406466e+01   3.6000000e+01  -1.6543903e+01   1.6007696e+01  -4.7000000e+01   4.3542374e+01
  -4.9560579e+01   4.3167074e+01   3.6000000e+01  -1.7254803e+01   1.3421268e+01  -4.7000000e+01   4.5070533e+01
  -5.1009739e+01   4.4324762e+01   3.6000000e+01  -1.8319340e+01   1.1742182e+01  -4.7000000e+01   4.7574411e+01
  -5.2570601e+01   4.5852213e+01   3.6000000e+01  -1.9692625e+01   7.0401859e+00  -4.7000000e+01   4.8641264e+01
  -5.3643063e+01   4.8103115e+01   3.6000000e+01  -2.1272771e+01   2.1230165e+00  -4.7000000e+01   4.9794477e+01
  -5.3498134e+01   5.0260169e+01   3.6000000e+01  -2.3805677e+01  -1.3888728e+00  -4.7000000e+01   5.1502137e+01
  -5.1937151e+01   5.0385516e+01   3.6000000e+01  -2.5951971e+01  -4.6077491e+00  -4.7000000e+01   5.1763369e+01
  -4.8771358e+01   4.6481721e+01   3.6000000e+01  -2.9398866e+01  -4.9403458e+00  -4.7000000e+01   5.0224497e+01
  -4.4404885e+01   4.1793950e+01   3.6000000e+01  -3.2538856e+01  -3.2011904e+00  -4.7000000e+01   4.4673799e+01
  -3.8589716e+01   3.8376671e+01   3.6000000e+01  -3.5610721e+01  -6.4193328e-02  -4.7000000e+01   3.6602209e+01
  -3.4907546e+01   3.5528716e+01   3.6000000e+01  -3.5066688e+01   7.0719359e+00  -4.7000000e+01   2.7684349e+01
  -3.3956769e+01   3.1658513e+01   3.6000000e+01  -2.8616338e+01   1.7505713e+01  -4.7000000e+01   1.9964635e+01
  -2.7239379e+01   2.7396384e+01   3.6000000e+01  -1.8127474e+01   2.8997318e+01  -4.7000000e+01   1.5239224e+01
  -2.0047668e+01   2.3735747e+01   3.6000000e+01  -5.9450960e+00   3.8462139e+01  -4.7000000e+01   1.0014474e+01
  -1.5789667e+01   2.2972883e+01   3.6000000e+01   4.7645066e+00   4.3613267e+01  -4.7000000e+01   4.0312366e+00
  -1.0414907e+01   1.8243653e+01   3.6000000e+01   1.6069884e+01   4.6199579e+01  -4.7000000e+01   4.4292099e-02
  -6.1917082e+00   1.4370578e+01   3.6000000e+01   2.5987123e+01   5.0022929e+01  -4.7000000e+01  -3.7407073e+00
  -1.1454203e+00   1.0100953e+01   3.6000000e+01   3.5908624e+01   5.0633132e+01  -4.7000000e+01  -8.4316058e+00
   6.2297066e-01   8.3324150e+00   3.6000000e+01   4.6307949e+01   4.9156206e+01  -4.7000000e+01  -8.8321349e+00
   1.7552093e+00   6.8226296e+00   3.6000000e+01   5.2228353e+01   5.0099611e+01  -4.7000000e+01  -9.1603156e+00
   9.5098199e-01   6.7137765e+00   3.6000000e+01   5.2979693e+01   5.1761213e+01  -4.7000000e+01  -7.4531355e+00
  -9.3687522e-01   7.9754915e+00   3.6000000e+01   5.0767299e+01   5.1944952e+01  -4.7000000e+01  -6.8262414e+00
  -2.7669352e+00   8.9423595e+00   3.6000000e+01   4.8594376e+01   5.2594030e+01  -4.7000000e+01  -5.3202563e+00
  -4.8873098e+00   1.0683622e+01   3.6000000e+01   4.6136295e+01   5.3079013e+01  -4.7000000e+01  -4.9028528e+00
  -7.0650817e+00   1.2792304e+01   3.6000000e+01   4.2703620e+01   5.2271408e+01  -4.7000000e+01  -3.9170655e+00
  -8.7528939e+00   1.4762866e+01   3.6000000e+01   4.0593010e+01   5.1728618e+01  -4.7000000e+01  -2.3729111e+00
  -1.0419512e+01   1.5900586e+01   3.6000000e+01   3.8285263e+01   5.0674145e+01  -4.7000000e+01  -1.3759268e+00
  -1.2509245e+01   1.7650710e+01   3.6000000e+01   3.5778955e+01   5.0781649e+01  -4.7000000e+01   1.7094165e+00
  -1.3847866e+01   1.8474888e+01   3.6000000e+01   3.2815472e+01   4.9804011e+01  -4.7000000e+01   4.2339749e+00
  -1.5795922e+01   2.0569477e+01   3.6000000e+01   2.8958641e+01   4.8038682e+01  -4.7000000e+01   5.6774631e+00
  -1.7587586e+01   2.2312965e+01   3.6000000e+01   2.5144086e+01   4.6461064e+01  -4.7000000e+01   7.9373227e+00
  -1.9488439e+01   2.3276217e+01   3.6000000e+01   2.2125075e+01   4.6165043e+01  -4.7000000e+01   1.0405393e+01
  -2.1591483e+01   2.5816821e+01   3.6000000e+01   1.8429092e+01   4.4185267e+01  -4.7000000e+01   1.1932744e+01
  -2.3759839e+01   2.7266151e+01   3.6000000e+01   1.4975513e+01   4.2440313e+01  -4.7000000e+01   1.3862942e+01
  -2.6192768e+01   2.8575797e+01   3.6000000e+01   1.1536069e+01   4.2228298e+01  -4.7000000e+01   1.6957660e+01
  -2.5948516e+01   3.0361866e+01   3.6000000e+01   9.6901556e+00   4.0156653e+01  -4.7000000e+01   2.0193510e+01
  -2.8881218e+01   3.2490570e+01   3.6000000e+01   6.1572345e+00   3.9872469e+01  -4.7000000e+01   2.2544219e+01
  -2.8983234e+01   3.3109285e+01   3.6000000e+01   4.4638687e+00   3.7833619e+01  -4.7000000e+01   2.5465265e+01
  -2.9633682e+01   3.2291548e+01   3.6000000e+01   3.8796175e+00   3.8170131e+01  -4.7000000e+01   2.7276967e+01
  -3.0052935e+01   3.3175587e+01   3.6000000e+01   2.1259775e+00   3.5253385e+01  -4.7000000e+01   2.7960837e+01
  -3.1300891e+01   3.1997121e+01   3.6000000e+01   7.0734037e-01   3.6736911e+01  -4.7000000e+01   3.0853695e+01
  -3.2199898e+01   3.3235016e+01   3.6000000e+01  -4.8317696e-01   3.5610063e+01  -4.7000000e+01   3.2168338e+01
  -3.5072675e+01   3.5708984e+01   3.6000000e+01  -2.5049918e+00   3.4220906e+01  -4.7000000e+01   3.4066246e+01
  -3.6168797e+01   3.8033482e+01   3.6000000e+01  -5.2649863e+00   2.9870925e+01  -4.7000000e+01   3.4327210e+01
  -3.7818830e+01   3.9295279e+01   3.6000000e+01  -8.3631470e+00   2.8031985e+01  -4.7000000e+01   3.6351904e+01
  -3.9780651e+01   4.0320934e+01   3.6000000e+01  -1.0410233e+01   2.7034880e+01  -4.7000000e+01   3.8172126e+01
  -4.1138639e+01   4.0352874e+01   3.6000000e+01  -1.2431164e+01   2.6072042e+01  -4.7000000e+01   3.8926868e+01
  -4.2250786e+01   4.1930696e+01   3.6000000e+01  -1.4096467e+01   2.4088189e+01  -4.7000000e+01   4.1306834e+01
  -4.4894266e+01   4.1971858e+01   3.6000000e+01  -1.6317521e+01   2.3409166e+01  -4.7000000e+01   4.4508963e+01
  -4.7540680e+01   4.3107051e+01   3.6000000e+01  -1.8640453e+01   2.1125475e+01  -4.7000000e+01   4.6500977e+01
  -4.9495951e+01   4.4303213e+01   3.6000000e+01  -2.0230676e+01   1.8095575e+01  -4.7000000e+01   4.8599701e+01
  -5.1465161e+01   4.5231333e+01   3.6000000e+01  -2.1943421e+01   1.6904415e+01  -4.7000000e+01   5.1022970e+01
  -5.2210348e+01   4.5075241e+01   3.6000000e+01  -2.3966275e+01   1.4065593e+01  -4.7000000e+01   5.2489182e+01
  -5.1317248e+01   4.5819199e+01   3.6000000e+01  -2.6845687e+01   1.0731566e+01  -4.7000000e+01   5.3794047e+01
  -4.9705962e+01   4.4435462e+01   3.6000000e+01  -2.8964394e+01   5.4780273e+00  -4.7000000e+01   5.6952456e+01
  -4.8067052e+01   4.3142264e+01   3.6000000e+01  -3.5178066e+01   6.2810622e+00  -4.7000000e+01   5.8176649e+01
  -3.8083230e+01   4.2004299e+01   3.6000000e+01  -3.9676431e+01   4.5779531e+00  -4.7000000e+01   5.1394396e+01
  -3.3718298e+01   3.4519996e+01   3.6000000e+01  -4.0226742e+01   8.8588377e+00  -4.7000000e+01   4.2488036e+01
  -2.7425795e+01   2.8519332e+01   3.6000000e+01  -3.7521147e+01   1.5188281e+01  -4.7000000e+01   3.2487823e+01
  -2.3479036e+01   2.4666577e+01   3.6000000e+01  -2.9834870e+01   2.3238720e+01  -4.7000000e+01   2.1657188e+01
  -1.7186639e+01   1.7808132e+01   3.6000000e+01  -1.8559506e+01   3.3764376e+01  -4.7000000e+01   1.2584966e+01
  -1.0805686e+01   1.4920313e+01   3.6000000e+01  -6.3680326e+00   4.1105214e+01  -4.7000000e+01   4.6179856e+00
  -4.4466589e+00   1.2209200e+01   3.6000000e+01   5.7981147e+00   4.4174178e+01  -4.7000000e+01  -1.0156788e-01
   5.5453749e-01   8.5558047e+00   3.6000000e+01   1.7718708e+01   4.5637761e+01  -4.7000000e+01  -5.2730480e+00
   6.1793968e+00   2.3510722e+00   3.6000000e+01   2.9185310e+01   4.7606244e+01  -4.7000000e+01  -1.0346150e+01
   1.0974670e+01  -2.0375657e+00   3.6000000e+01   4.0436123e+01   4.7785131e+01  -4.7000000e+01  -1.5002086e+01
   1.1974565e+01  -5.8888881e+00   3.6000000e+01   5.0992151e+01   4.6162021e+01  -4.7000000e+01  -1.9778441e+01
   9.4331959e+00  -6.1143266e+00   3.6000000e+01   6.1681958e+01   4.3982876e+01  -4.7000000e+01  -2.1040591e+01
   8.3038509e+00  -6.6339127e+00   3.6000000e+01   6.5252377e+01   4.5907666e+01  -4.7000000e+01  -2.1019279e+01
   5.6271681e+00  -4.6143101e+00   3.6000000e+01   6.1331901e+01   4.6987126e+01  -4.7000000e+01  -1.9387217e+01
   2.2275771e+00  -9.6710729e-01   3.6000000e+01   5.6357289e+01   4.7634406e+01  -4.7000000e+01  -1.6436309e+01
  -4.4669672e-01   9.7552671e-01   3.6000000e+01   5.1891824e+01   4.7266565e+01  -4.7000000e+01  -1.2935230e+01
  -2.7366124e+00   2.6505009e+00   3.6000000e+01   4.8438479e+01   4.7529688e+01  -4.7000000e+01  -1.0021163e+01
  -5.5570435e+00   6.2310235e+00   3.6000000e+01   4.3773632e+01   4.7018364e+01  -4.7000000e+01  -6.1583823e+00
  -8.5469184e+00   1.0036799e+01   3.6000000e+01   3.7865472e+01   4.5198210e+01  -4.7000000e+01  -2.9840142e+00
  -1.1709845e+01   1.3134980e+01   3.6000000e+01   3.2394133e+01   4.3011144e+01  -4.7000000e+01   2.3744363e-01
  -1.4204738e+01   1.5787496e+01   3.6000000e+01   2.6901339e+01   4.0889237e+01  -4.7000000e+01   4.2142240e+00
  -1.6918647e+01   1.7331312e+01   3.6000000e+01   2.3152063e+01   4.0283440e+01  -4.7000000e+01   7.2757890e+00
  -1.9521564e+01   1.8515811e+01   3.6000000e+01   2.0929407e+01   4.1140148e+01  -4.7000000e+01   9.6511067e+00
  -2.2358513e+01   2.1812231e+01   3.6000000e+01   1.6908523e+01   3.9042339e+01  -4.7000000e+01   1.1235094e+01
  -2.4738167e+01   2.4393467e+01   3.6000000e+01   1.3710867e+01   3.7213212e+01  -4.7000000e+01   1.2706438e+01
