  -2.4311285e+01   3.3288478e+01   5.1659272e+01   3.5326604e+00   1.9097603e+01  -4.2018872e+01   2.4835773e+01
  -2.4406180e+01   2.0697954e+01   3.7661835e+01   6.5953634e+00   2.0966103e+01  -4.7380860e+01   2.7339858e+01
  -1.4997238e+01   1.9000000e+01   3.6000000e+01   9.8251080e+00   2.5891691e+01  -5.1876304e+01   3.0957202e+01
  -1.5233513e+01   1.9000000e+01   3.6000000e+01   1.4958500e+01   3.4823272e+01  -4.9469350e+01   3.7255916e+01
  -1.5848972e+01   1.9000000e+01   3.6000000e+01   1.6870559e+01   4.0567446e+01  -5.0632813e+01   4.0103130e+01
  -1.6483090e+01   1.9000000e+01   3.6000000e+01   1.6774185e+01   4.3641745e+01  -5.3166625e+01   4.3102314e+01
  -1.9175518e+01   1.9000000e+01   3.6000000e+01   1.6477288e+01   4.5794827e+01  -5.5451227e+01   4.5443795e+01
  -1.9128630e+01   1.9000000e+01   3.6000000e+01   1.6938807e+01   4.6941906e+01  -5.7152392e+01   4.7775463e+01
  -2.1006200e+01   1.9000000e+01   3.6000000e+01   1.6540573e+01   4.7828541e+01  -5.9445691e+01   5.0125785e+01
  -2.2247595e+01   1.9000000e+01   3.6000000e+01   1.6496382e+01   4.8652123e+01  -6.1314781e+01   5.2447822e+01
  -2.4703905e+01   1.9000000e+01   3.6000000e+01   1.6643935e+01   4.8575461e+01  -6.3159809e+01   5.4440532e+01
  -2.7242749e+01   1.9000000e+01   3.6000000e+01   1.5958585e+01   4.8469254e+01  -6.5548050e+01   5.6179349e+01
  -3.0371767e+01   1.9000000e+01   3.6000000e+01   1.4548190e+01   4.8779365e+01  -6.8291802e+01   5.8440340e+01
  -3.2205084e+01   1.9000000e+01   3.6000000e+01   1.1973323e+01   4.7427819e+01  -7.1019567e+01   6.0243885e+01
  -3.3640480e+01   1.9000000e+01   3.6000000e+01   8.9566563e+00   4.5547907e+01  -7.3796935e+01   6.1263036e+01
  -2.9517272e+01   1.9000000e+01   3.6000000e+01   5.1308507e+00   4.0009192e+01  -7.5983929e+01   5.9471007e+01
  -2.6801387e+01   1.9000000e+01   3.6000000e+01   3.0264589e+00   3.2619038e+01  -7.6193091e+01   5.3318150e+01
  -2.3725194e+01   1.9000000e+01   3.6000000e+01  -3.2976097e-01   2.9343705e+01  -7.7230993e+01   4.5959353e+01
  -2.0527379e+01   1.9000000e+01   3.6000000e+01  -1.2808648e+00   2.8981822e+01  -7.6177365e+01   3.5535360e+01
  -1.7142304e+01   1.9000000e+01   3.6000000e+01   7.4631578e-01   3.3456642e+01  -7.1187176e+01   2.4899041e+01
  -1.3161380e+01   1.9000000e+01   3.6000000e+01   1.4198676e+00   4.0837809e+01  -6.5629501e+01   1.4460023e+01
  -1.1256171e+01   1.9000000e+01   3.6000000e+01  -1.6130278e+00   4.2934704e+01  -6.1462353e+01   2.6575948e+00
  -1.0286319e+01   1.9000000e+01   3.6000000e+01  -3.4689399e+00   4.3306983e+01  -5.9047984e+01  -8.6926055e+00
  -9.6167029e+00   1.9000000e+01   3.6000000e+01  -1.9737874e+00   4.7856595e+01  -5.4572919e+01  -1.8304906e+01
  -6.9276310e+00   1.9000000e+01   3.6000000e+01   5.1402271e-01   5.3577061e+01  -4.9398717e+01  -2.4634294e+01
  -3.6326070e+00   1.9000000e+01   3.6000000e+01   2.8519584e+00   5.8228461e+01  -4.3970998e+01  -2.6956855e+01
   1.0723329e+00   1.9000000e+01   3.6000000e+01   8.9519310e+00   6.1807681e+01  -3.5734540e+01  -2.6965676e+01
   3.6752039e+00   1.9000000e+01   3.6000000e+01   1.4297299e+01   6.2357064e+01  -2.7764759e+01  -2.9619066e+01
   3.9515328e+00   1.9000000e+01   3.6000000e+01   1.8092655e+01   6.0131516e+01  -2.0036460e+01  -3.3305628e+01
   1.8106448e+00   1.9000000e+01   3.6000000e+01   1.9136115e+01   5.6951218e+01  -1.3511824e+01  -3.5376973e+01
   1.1235092e+00   1.9000000e+01   3.6000000e+01   1.5953574e+01   5.5886318e+01  -1.0513283e+01  -3.4427756e+01
   2.4533658e-01   1.9000000e+01   3.6000000e+01   1.3169775e+01   5.5172087e+01  -8.6564069e+00  -3.2082258e+01
  -2.0983370e+00   1.9000000e+01   3.6000000e+01   1.0145529e+01   5.5022335e+01  -7.3440443e+00  -2.8388057e+01
  -3.6455947e+00   1.9000000e+01   3.6000000e+01   7.9395213e+00   5.4224514e+01  -7.1351121e+00  -2.3937836e+01
  -5.5312155e+00   1.9000000e+01   3.6000000e+01   5.8176097e+00   5.3334248e+01  -7.0770882e+00  -1.8650561e+01
  -6.9065260e+00   1.9000000e+01   3.6000000e+01   4.4789230e+00   5.2099666e+01  -7.8930115e+00  -1.3441081e+01
  -8.2232775e+00   1.9000000e+01   3.6000000e+01   3.1699723e+00   5.0092381e+01  -9.4392699e+00  -7.6777295e+00
  -9.3829555e+00   1.9000000e+01   3.6000000e+01   3.2651794e+00   4.8146293e+01  -1.2476707e+01  -2.3569597e+00
  -1.1177912e+01   1.9000000e+01   3.6000000e+01   2.9935248e+00   4.7458824e+01  -1.5995005e+01   4.8052268e+00
  -1.2559070e+01   1.9000000e+01   3.6000000e+01   3.8089002e+00   4.6299663e+01  -2.0384688e+01   1.0500382e+01
  -1.3052081e+01   1.9000000e+01   3.6000000e+01   4.7024473e+00   4.5040694e+01  -2.4593361e+01   1.5927794e+01
  -1.3673505e+01   1.9000000e+01   3.6000000e+01   4.9663979e+00   4.3827417e+01  -2.7894559e+01   1.9962556e+01
  -1.4006469e+01   1.9000000e+01   3.6000000e+01   6.3964636e+00   4.3030328e+01  -3.1685991e+01   2.4241869e+01
  -1.5966043e+01   1.9000000e+01   3.6000000e+01   7.2680841e+00   4.3872183e+01  -3.5787870e+01   2.8214066e+01
  -1.7418826e+01   1.9000000e+01   3.6000000e+01   8.8481922e+00   4.4097706e+01  -3.8941429e+01   3.1376663e+01
  -1.9242644e+01   1.9000000e+01   3.6000000e+01   1.0462396e+01   4.4273532e+01  -4.2051995e+01   3.4581511e+01
  -2.1736578e+01   1.9000000e+01   3.6000000e+01   9.7011112e+00   4.5378722e+01  -4.5047140e+01   3.8248900e+01
  -2.2621145e+01   1.9000000e+01   3.6000000e+01   9.2944522e+00   4.4226884e+01  -4.7430869e+01   3.9792444e+01
  -2.4570211e+01   1.9000000e+01   3.6000000e+01   8.7438126e+00   4.4590167e+01  -4.9440736e+01   4.3527869e+01
  -2.5776458e+01   1.9000000e+01   3.6000000e+01   7.8414790e+00   4.3526958e+01  -5.1141743e+01   4.5217309e+01
  -2.7685516e+01   1.9000000e+01   3.6000000e+01   6.3067804e+00   4.3869099e+01  -5.2675390e+01   4.8033534e+01
  -2.9720222e+01   1.9000000e+01   3.6000000e+01   4.9083970e+00   4.4322472e+01  -5.3914390e+01   5.0993148e+01
  -3.2924820e+01   1.9000000e+01   3.6000000e+01   3.0583095e+00   4.4751771e+01  -5.5410225e+01   5.3782875e+01
  -3.5358386e+01   1.9000000e+01   3.6000000e+01   9.2820587e-01   4.2578639e+01  -5.6875967e+01   5.5991212e+01
  -3.6425430e+01   1.9000000e+01   3.6000000e+01  -2.6442001e+00   4.0858947e+01  -5.9516571e+01   5.6652926e+01
  -3.3119049e+01   1.9000000e+01   3.6000000e+01  -6.5566889e+00   3.5009625e+01  -6.1741741e+01   5.7430688e+01
  -2.9440983e+01   1.9000000e+01   3.6000000e+01  -1.0487783e+01   3.1587231e+01  -6.3450121e+01   5.5336627e+01
  -2.3685057e+01   1.9000000e+01   3.6000000e+01  -1.1927204e+01   2.7234928e+01  -6.2724642e+01   4.6466090e+01
  -2.1520732e+01   1.9000000e+01   3.6000000e+01  -1.3076732e+01   2.8266868e+01  -6.2366052e+01   3.5931671e+01
  -1.9363182e+01   1.9000000e+01   3.6000000e+01  -1.0489295e+01   3.4561273e+01  -6.0240455e+01   2.5348354e+01
  -1.4273874e+01   1.9000000e+01   3.6000000e+01  -5.3244693e+00   4.3710259e+01  -5.4559729e+01   1.3640821e+01
  -8.9234815e+00   1.9000000e+01   3.6000000e+01   1.0886874e+00   5.0416643e+01  -4.7891053e+01   4.4060663e+00
  -6.3861051e+00   1.9000000e+01   3.6000000e+01   5.2014033e+00   5.4216880e+01  -4.2207069e+01  -2.7830491e+00
  -4.6664309e+00   1.9000000e+01   3.6000000e+01   8.0481580e+00   5.8151098e+01  -3.6299000e+01  -8.6930609e+00
  -1.9790938e+00   1.9000000e+01   3.6000000e+01   9.9821682e+00   6.0775638e+01  -3.1019635e+01  -1.4885105e+01
   1.4701007e-01   1.9000000e+01   3.6000000e+01   1.2115368e+01   6.2034666e+01  -2.5699441e+01  -1.9380982e+01
   1.3853455e-01   1.9000000e+01   3.6000000e+01   1.3985628e+01   6.1323354e+01  -2.0342655e+01  -2.4736335e+01
  -3.8641872e+00   1.9000000e+01   3.6000000e+01   1.6508971e+01   5.8537494e+01  -1.4233671e+01  -2.4653349e+01
  -4.3612751e+00   1.9000000e+01   3.6000000e+01   1.4170551e+01   5.7378567e+01  -1.2323026e+01  -2.2463157e+01
  -6.1452639e+00   1.9000000e+01   3.6000000e+01   1.0947254e+01   5.5868437e+01  -1.1580727e+01  -2.0129041e+01
  -7.7556085e+00   1.9000000e+01   3.6000000e+01   8.7551228e+00   5.3876583e+01  -1.2105966e+01  -1.6422092e+01
  -9.4354192e+00   1.9000000e+01   3.6000000e+01   6.6839110e+00   5.1834174e+01  -1.3340189e+01  -1.1151503e+01
  -1.0924490e+01   1.9000000e+01   3.6000000e+01   5.4110375e+00   4.9496646e+01  -1.5306271e+01  -5.6849556e+00
  -1.2216127e+01   1.9000000e+01   3.6000000e+01   4.3723136e+00   4.7478388e+01  -1.7658552e+01  -7.6747375e-01
  -1.2472183e+01   1.9000000e+01   3.6000000e+01   4.3790514e+00   4.5062182e+01  -2.0966717e+01   5.3877438e+00
  -1.4483384e+01   1.9000000e+01   3.6000000e+01   3.8748919e+00   4.4197554e+01  -2.4225279e+01   1.0794924e+01
  -1.5027571e+01   1.9000000e+01   3.6000000e+01   4.4563870e+00   4.2004236e+01  -2.7408329e+01   1.4828760e+01
  -1.5270319e+01   1.9000000e+01   3.6000000e+01   6.5552612e+00   4.0728979e+01  -3.1426889e+01   1.8938625e+01
  -1.6219060e+01   1.9000000e+01   3.6000000e+01   6.5402827e+00   4.1117693e+01  -3.3977854e+01   2.3071964e+01
  -1.7438100e+01   1.9000000e+01   3.6000000e+01   6.9560405e+00   4.2037797e+01  -3.6024747e+01   2.6604884e+01
  -1.8256385e+01   1.9000000e+01   3.6000000e+01   7.8247938e+00   4.3795854e+01  -3.7773510e+01   2.9609282e+01
  -1.9713993e+01   1.9000000e+01   3.6000000e+01   7.4372829e+00   4.3792338e+01  -4.0131597e+01   3.2135232e+01
  -2.0199842e+01   1.9000000e+01   3.6000000e+01   7.4267537e+00   4.3132574e+01  -4.2135310e+01   3.4155560e+01
  -2.2218221e+01   1.9000000e+01   3.6000000e+01   6.7563367e+00   4.5261158e+01  -4.4059966e+01   3.8288663e+01
  -2.2893571e+01   1.9000000e+01   3.6000000e+01   6.2815853e+00   4.5946350e+01  -4.5189509e+01   4.1470191e+01
  -2.2676020e+01   1.9000000e+01   3.6000000e+01   6.4629752e+00   4.6386668e+01  -4.5785629e+01   4.4218917e+01
  -2.2855817e+01   1.9000000e+01   3.6000000e+01   6.5952612e+00   4.5145068e+01  -4.6869517e+01   4.6689074e+01
  -2.3490181e+01   1.9000000e+01   3.6000000e+01   6.4244599e+00   4.5115112e+01  -4.8473655e+01   4.8916458e+01
  -2.5626830e+01   1.9000000e+01   3.6000000e+01   5.6332892e+00   4.4888766e+01  -5.0038362e+01   5.0484961e+01
  -2.5970570e+01   1.9000000e+01   3.6000000e+01   4.7257726e+00   4.4440169e+01  -5.1568632e+01   5.3112918e+01
  -2.7741512e+01   1.9000000e+01   3.6000000e+01   3.5993185e+00   4.3430769e+01  -5.2696960e+01   5.5681730e+01
  -3.0019961e+01   1.9000000e+01   3.6000000e+01   2.0604615e+00   4.2918263e+01  -5.4134586e+01   5.7227008e+01
  -3.2119223e+01   1.9000000e+01   3.6000000e+01   2.0975454e-01   4.3849700e+01  -5.5142746e+01   6.0226771e+01
  -3.4156175e+01   1.9000000e+01   3.6000000e+01  -1.1706274e+00   4.3340855e+01  -5.5383570e+01   6.1424091e+01
  -3.4831408e+01   1.9000000e+01   3.6000000e+01  -2.7159651e+00   4.3159545e+01  -5.5605281e+01   6.4126916e+01
  -3.7000892e+01   1.9000000e+01   3.6000000e+01  -4.2241952e+00   4.2882865e+01  -5.5656211e+01   6.4972405e+01
  -3.6619976e+01   1.9000000e+01   3.6000000e+01  -6.3085639e+00   4.2387087e+01  -5.5651557e+01   6.6993322e+01
  -3.6051292e+01   1.9000000e+01   3.6000000e+01  -9.1028372e+00   4.1095245e+01  -5.5641113e+01   6.9666617e+01
  -3.6053634e+01   1.9000000e+01   3.6000000e+01  -1.2639725e+01   3.8811003e+01  -5.6394222e+01   7.2604252e+01
  -3.4361033e+01   1.9000000e+01   3.6000000e+01  -1.6644289e+01   3.7349024e+01  -5.7282821e+01   7.3805370e+01
  -3.1911955e+01   1.9000000e+01   3.6000000e+01  -1.9278482e+01   3.6381197e+01  -5.7382955e+01   6.9811956e+01
  -2.5833147e+01   1.9000000e+01   3.6000000e+01  -1.9520203e+01   3.1327231e+01  -5.5469461e+01   6.0174278e+01
  -2.2094514e+01   1.9000000e+01   3.6000000e+01  -1.7679554e+01   2.7440863e+01  -5.3771658e+01   4.8774177e+01
  -1.8751067e+01   1.9000000e+01   3.6000000e+01  -1.4715985e+01   3.0907806e+01  -5.3850545e+01   3.6594726e+01
  -1.3901657e+01   1.9000000e+01   3.6000000e+01  -7.3774008e+00   4.1004020e+01  -4.8443999e+01   2.4634731e+01
  -9.1153688e+00   1.9000000e+01   3.6000000e+01  -7.3714385e-01   4.7851727e+01  -4.2282426e+01   1.3431988e+01
  -6.1779064e+00   1.9000000e+01   3.6000000e+01   3.8790533e+00   5.2257410e+01  -3.6967210e+01   5.0228093e+00
  -4.7586425e+00   1.9000000e+01   3.6000000e+01   6.1035127e+00   5.3923756e+01  -3.2830479e+01  -3.4048813e+00
  -2.9517411e+00   1.9000000e+01   3.6000000e+01   7.8855745e+00   5.5473891e+01  -2.8153319e+01  -9.8358525e+00
  -8.7074085e-01   1.9000000e+01   3.6000000e+01   1.0441269e+01   5.5924756e+01  -2.2819701e+01  -1.5958597e+01
  -1.5687037e+00   1.9000000e+01   3.6000000e+01   1.2713982e+01   5.5192000e+01  -1.7281478e+01  -1.9917883e+01
  -3.1179554e+00   1.9000000e+01   3.6000000e+01   1.3953442e+01   5.3881224e+01  -1.2851656e+01  -1.9864482e+01
  -4.0256384e+00   1.9000000e+01   3.6000000e+01   1.1798409e+01   5.3088877e+01  -1.1881838e+01  -1.7872912e+01
  -4.9392639e+00   1.9000000e+01   3.6000000e+01   9.3278418e+00   5.1404059e+01  -1.1664147e+01  -1.5550888e+01
  -5.8013799e+00   1.9000000e+01   3.6000000e+01   8.0123798e+00   4.9889463e+01  -1.2174318e+01  -1.1321081e+01
  -7.8632573e+00   1.9000000e+01   3.6000000e+01   7.0220719e+00   4.8916843e+01  -1.3767786e+01  -5.9061471e+00
  -9.2097795e+00   1.9000000e+01   3.6000000e+01   5.8492101e+00   4.6993308e+01  -1.5791332e+01  -2.4739848e+00
  -1.1227003e+01   1.9000000e+01   3.6000000e+01   5.5721140e+00   4.5872821e+01  -1.7911435e+01   1.2437021e+00
  -1.2406522e+01   1.9000000e+01   3.6000000e+01   5.3689246e+00   4.4872304e+01  -2.0903227e+01   5.8399962e+00
  -1.3071123e+01   1.9000000e+01   3.6000000e+01   6.6057081e+00   4.3500266e+01  -2.4716820e+01   1.0219336e+01
  -1.4641618e+01   1.9000000e+01   3.6000000e+01   6.1207964e+00   4.2520220e+01  -2.7836983e+01   1.4944856e+01
  -1.6005939e+01   1.9000000e+01   3.6000000e+01   7.4018256e+00   4.1726269e+01  -3.1250422e+01   1.8309051e+01
  -1.8850314e+01   1.9000000e+01   3.6000000e+01   9.2224455e+00   4.2954041e+01  -3.5743292e+01   2.1972638e+01
  -2.0217261e+01   1.9000000e+01   3.6000000e+01   9.7457699e+00   4.2981562e+01  -4.0021446e+01   2.6264561e+01
  -2.1666744e+01   1.9000000e+01   3.6000000e+01   1.1560253e+01   4.3705036e+01  -4.3544724e+01   3.0344844e+01
  -2.2243869e+01   1.9000000e+01   3.6000000e+01   1.0556918e+01   4.2450273e+01  -4.5732057e+01   3.4097247e+01
  -2.3264399e+01   1.9000000e+01   3.6000000e+01   1.0448166e+01   4.2362579e+01  -4.7257873e+01   3.7312715e+01
  -2.5366934e+01   1.9000000e+01   3.6000000e+01   9.8747208e+00   4.2617427e+01  -4.9260656e+01   3.9288721e+01
  -2.4888853e+01   1.9000000e+01   3.6000000e+01   9.6208662e+00   4.2132263e+01  -5.0961371e+01   4.2155576e+01
  -2.6674750e+01   1.9000000e+01   3.6000000e+01   9.2181807e+00   4.1580735e+01  -5.2572412e+01   4.5569337e+01
  -2.9072552e+01   1.9000000e+01   3.6000000e+01   8.4875636e+00   4.1947970e+01  -5.4038665e+01   4.6682108e+01
  -3.1216192e+01   1.9000000e+01   3.6000000e+01   7.3210258e+00   4.3697000e+01  -5.5519477e+01   4.8931313e+01
  -3.2065327e+01   1.9000000e+01   3.6000000e+01   6.9672332e+00   4.2785596e+01  -5.6094874e+01   5.1644951e+01
  -3.4462699e+01   1.9000000e+01   3.6000000e+01   5.7874356e+00   4.3539893e+01  -5.7201081e+01   5.4509052e+01
  -3.5959197e+01   1.9000000e+01   3.6000000e+01   5.7815970e+00   4.3593110e+01  -5.7274874e+01   5.7038801e+01
  -3.8071409e+01   1.9000000e+01   3.6000000e+01   5.1559202e+00   4.1904031e+01  -5.7730082e+01   5.9558564e+01
  -3.8858786e+01   1.9000000e+01   3.6000000e+01   4.8277221e+00   4.0221966e+01  -5.7909653e+01   6.1608864e+01
  -3.7632897e+01   1.9000000e+01   3.6000000e+01   3.9179910e+00   3.8594836e+01  -5.8503102e+01   6.4709096e+01
  -3.8137226e+01   1.9000000e+01   3.6000000e+01   2.3206570e+00   3.6706239e+01  -5.9717695e+01   6.6548416e+01
  -3.5740117e+01   1.9000000e+01   3.6000000e+01  -7.2242272e-01   3.5033123e+01  -6.2053036e+01   6.8757967e+01
  -3.2323929e+01   1.9000000e+01   3.6000000e+01  -4.4415272e+00   3.1612294e+01  -6.4667157e+01   6.3970454e+01
  -2.7616291e+01   1.9000000e+01   3.6000000e+01  -8.1761236e+00   2.3701508e+01  -6.6849066e+01   5.4242706e+01
  -2.2363301e+01   1.9000000e+01   3.6000000e+01  -1.0813950e+01   1.8861186e+01  -6.7474789e+01   4.3896698e+01
  -1.9947055e+01   1.9000000e+01   3.6000000e+01  -9.8094894e+00   2.4457139e+01  -6.5012332e+01   3.3105087e+01
  -1.7622538e+01   1.9000000e+01   3.6000000e+01  -5.6710989e+00   3.4478125e+01  -5.9735638e+01   2.1597999e+01
  -9.7921494e+00   1.9000000e+01   3.6000000e+01   1.9195145e+00   4.5738136e+01  -5.2480533e+01   1.1863755e+01
  -5.8141591e+00   1.9000000e+01   3.6000000e+01   6.8769602e+00   5.3080167e+01  -4.6003142e+01   3.2768440e+00
  -4.4119231e+00   1.9000000e+01   3.6000000e+01   9.2985475e+00   5.5648426e+01  -3.9506914e+01  -4.7722691e+00
  -1.4925820e+00   1.9000000e+01   3.6000000e+01   1.1215883e+01   5.7699779e+01  -3.3601386e+01  -1.1534664e+01
   1.9840481e+00   1.9000000e+01   3.6000000e+01   1.3505090e+01   5.9893627e+01  -2.7688277e+01  -1.7035948e+01
   3.7884937e+00   1.9000000e+01   3.6000000e+01   1.5471995e+01   6.0426832e+01  -2.1801782e+01  -2.2390814e+01
   2.6560384e+00   1.9000000e+01   3.6000000e+01   1.6830278e+01   5.8781879e+01  -1.6015498e+01  -2.7575761e+01
  -9.9215460e-01   1.9000000e+01   3.6000000e+01   1.7360951e+01   5.7074861e+01  -1.0839893e+01  -2.9052461e+01
  -2.2772986e+00   1.9000000e+01   3.6000000e+01   1.5194316e+01   5.6630954e+01  -8.5554840e+00  -2.7422355e+01
  -3.8311111e+00   1.9000000e+01   3.6000000e+01   1.2495139e+01   5.5834528e+01  -7.5320688e+00  -2.4160159e+01
  -4.5827704e+00   1.9000000e+01   3.6000000e+01   9.8535739e+00   5.4630185e+01  -6.8275317e+00  -2.1427504e+01
  -6.0249511e+00   1.9000000e+01   3.6000000e+01   8.2206967e+00   5.3025097e+01  -6.8723195e+00  -1.6680574e+01
  -7.6068827e+00   1.9000000e+01   3.6000000e+01   6.6789279e+00   5.1757530e+01  -8.6724794e+00  -1.2069652e+01
  -9.3169647e+00   1.9000000e+01   3.6000000e+01   5.1658368e+00   5.0067830e+01  -1.0866593e+01  -7.8574346e+00
  -1.1203738e+01   1.9000000e+01   3.6000000e+01   4.9478049e+00   4.9006979e+01  -1.3808062e+01  -3.1097104e+00
  -1.2572200e+01   1.9000000e+01   3.6000000e+01   5.1243794e+00   4.7303670e+01  -1.7243858e+01   2.0311861e+00
  -1.3436160e+01   1.9000000e+01   3.6000000e+01   6.0697007e+00   4.5947167e+01  -2.1172752e+01   7.3471940e+00
  -1.5352591e+01   1.9000000e+01   3.6000000e+01   7.1157892e+00   4.5079249e+01  -2.5174751e+01   1.1120867e+01
  -1.6434193e+01   1.9000000e+01   3.6000000e+01   8.9496657e+00   4.4584444e+01  -2.8687431e+01   1.4551538e+01
  -1.7009270e+01   1.9000000e+01   3.6000000e+01   1.0642925e+01   4.3927593e+01  -3.2296039e+01   1.7048640e+01
  -1.7928149e+01   1.9000000e+01   3.6000000e+01   1.1859268e+01   4.3573314e+01  -3.6118772e+01   2.1301531e+01
  -1.9687836e+01   1.9000000e+01   3.6000000e+01   1.2792347e+01   4.3864903e+01  -3.9712198e+01   2.5231545e+01
  -2.0461959e+01   1.9000000e+01   3.6000000e+01   1.3727319e+01   4.3749952e+01  -4.2188965e+01   2.7857903e+01
  -2.2074641e+01   1.9000000e+01   3.6000000e+01   1.4433923e+01   4.4726030e+01  -4.4528404e+01   3.0279572e+01
  -2.2387445e+01   1.9000000e+01   3.6000000e+01   1.4789081e+01   4.4516722e+01  -4.7263764e+01   3.4233661e+01
  -2.3724959e+01   1.9000000e+01   3.6000000e+01   1.5241363e+01   4.4076269e+01  -4.9812033e+01   3.5868399e+01
  -2.4142191e+01   1.9000000e+01   3.6000000e+01   1.5513664e+01   4.3462215e+01  -5.2400887e+01   3.7903715e+01
  -2.5274891e+01   1.9000000e+01   3.6000000e+01   1.6140903e+01   4.2940979e+01  -5.4578736e+01   4.0069616e+01
  -2.6487300e+01   1.9000000e+01   3.6000000e+01   1.6454526e+01   4.2310673e+01  -5.6918135e+01   4.1577491e+01
  -2.7347176e+01   1.9000000e+01   3.6000000e+01   1.6506316e+01   4.1945334e+01  -5.9183794e+01   4.3592778e+01
  -2.8461163e+01   1.9000000e+01   3.6000000e+01   1.6314706e+01   4.2081771e+01  -6.1215317e+01   4.4812436e+01
  -3.0606120e+01   1.9000000e+01   3.6000000e+01   1.6087213e+01   4.1458593e+01  -6.3154387e+01   4.6107525e+01
  -3.1452565e+01   1.9000000e+01   3.6000000e+01   1.5488538e+01   4.0806511e+01  -6.5030317e+01   4.9144750e+01
  -3.2727388e+01   1.9000000e+01   3.6000000e+01   1.5449434e+01   3.9666355e+01  -6.6295633e+01   5.1219400e+01
  -3.3990627e+01   1.9000000e+01   3.6000000e+01   1.5364597e+01   3.8730604e+01  -6.7614982e+01   5.2715778e+01
  -3.5674301e+01   1.9000000e+01   3.6000000e+01   1.5829141e+01   3.7619006e+01  -6.8480679e+01   5.4260735e+01
  -3.6583418e+01   1.9000000e+01   3.6000000e+01   1.6229740e+01   3.6933954e+01  -6.9637612e+01   5.6511248e+01
  -3.7710032e+01   1.9000000e+01   3.6000000e+01   1.7083357e+01   3.5354763e+01  -7.0617618e+01   5.7931129e+01
  -3.7874250e+01   1.9000000e+01   3.6000000e+01   1.7786011e+01   3.3467500e+01  -7.1961803e+01   5.9865609e+01
  -3.6954578e+01   1.9000000e+01   3.6000000e+01   1.8661716e+01   3.2277796e+01  -7.3025173e+01   6.1794888e+01
  -3.5428182e+01   1.9000000e+01   3.6000000e+01   1.9058056e+01   3.1016765e+01  -7.4784621e+01   6.3287950e+01
  -3.4000423e+01   1.9000000e+01   3.6000000e+01   1.7233941e+01   2.8787423e+01  -7.7769529e+01   6.2756412e+01
  -3.1805642e+01   1.9000000e+01   3.6000000e+01   1.3348659e+01   2.4465446e+01  -8.2221815e+01   5.7318653e+01
  -2.7721151e+01   1.9000000e+01   3.6000000e+01   9.0831183e+00   1.9462227e+01  -8.5844293e+01   4.9177686e+01
  -2.5160760e+01   1.9000000e+01   3.6000000e+01   7.2735906e+00   1.8946759e+01  -8.6376229e+01   3.9809212e+01
  -2.5691487e+01   1.9000000e+01   3.6000000e+01   9.0655371e+00   2.6038116e+01  -8.3180903e+01   2.9588500e+01
  -2.1594126e+01   1.9000000e+01   3.6000000e+01   1.3893005e+01   3.5834915e+01  -7.5932897e+01   2.0276855e+01
  -1.6817024e+01   1.9000000e+01   3.6000000e+01   2.0583368e+01   4.4287562e+01  -6.7724105e+01   1.0498342e+01
  -1.3292907e+01   1.9000000e+01   3.6000000e+01   2.1796735e+01   4.6540409e+01  -6.0750272e+01   5.0884285e+00
  -1.0713436e+01   1.9000000e+01   3.6000000e+01   2.4770404e+01   4.8524170e+01  -5.3433153e+01  -2.1279700e+00
  -8.9892154e+00   1.9000000e+01   3.6000000e+01   2.5411228e+01   5.1776229e+01  -4.7015104e+01  -7.9927147e+00
  -6.5957243e+00   1.9000000e+01   3.6000000e+01   2.6090499e+01   5.2776594e+01  -4.0724422e+01  -1.4606599e+01
  -6.0601386e+00   1.9000000e+01   3.6000000e+01   2.8728320e+01   5.2670120e+01  -3.3524148e+01  -1.6974049e+01
  -5.9041366e+00   1.9000000e+01   3.6000000e+01   2.7357290e+01   5.2862940e+01  -2.9023028e+01  -1.7299045e+01
  -6.7753658e+00   1.9000000e+01   3.6000000e+01   2.4491567e+01   5.3447265e+01  -2.6249721e+01  -1.5405056e+01
  -7.9179242e+00   1.9000000e+01   3.6000000e+01   2.1511924e+01   5.2860488e+01  -2.4683281e+01  -1.3977553e+01
  -9.1588079e+00   1.9000000e+01   3.6000000e+01   1.9133193e+01   5.3102812e+01  -2.3669538e+01  -1.2063989e+01
  -1.0270894e+01   1.9000000e+01   3.6000000e+01   1.7186513e+01   5.3251573e+01  -2.2754938e+01  -1.0679729e+01
  -1.1097998e+01   1.9000000e+01   3.6000000e+01   1.6003824e+01   5.2248046e+01  -2.3313946e+01  -8.4010197e+00
  -1.1546171e+01   1.9000000e+01   3.6000000e+01   1.6134597e+01   5.1848898e+01  -2.3852903e+01  -5.6150034e+00
  -1.2452174e+01   1.9000000e+01   3.6000000e+01   1.5966048e+01   5.0628550e+01  -2.5259140e+01  -3.6779080e+00
  -1.3430653e+01   1.9000000e+01   3.6000000e+01   1.6386734e+01   5.1052512e+01  -2.6811537e+01   3.9245054e-01
  -1.4208881e+01   1.9000000e+01   3.6000000e+01   1.5911101e+01   5.0132927e+01  -2.8635954e+01   3.5740866e+00
  -1.4809053e+01   1.9000000e+01   3.6000000e+01   1.5500154e+01   4.8849434e+01  -3.0513839e+01   6.2677568e+00
  -1.5475027e+01   1.9000000e+01   3.6000000e+01   1.5078997e+01   4.7906293e+01  -3.2563466e+01   9.5974816e+00
  -1.6701171e+01   1.9000000e+01   3.6000000e+01   1.4702309e+01   4.8137394e+01  -3.4362123e+01   1.2604649e+01
  -1.7240980e+01   1.9000000e+01   3.6000000e+01   1.4599671e+01   4.7507951e+01  -3.5950518e+01   1.5396967e+01
  -1.8477778e+01   1.9000000e+01   3.6000000e+01   1.4137087e+01   4.6875236e+01  -3.7865216e+01   1.8118853e+01
  -1.9969715e+01   1.9000000e+01   3.6000000e+01   1.3387597e+01   4.7505529e+01  -3.9582611e+01   2.1809120e+01
  -1.8860697e+01   1.9000000e+01   3.6000000e+01   1.3951721e+01   4.6654392e+01  -4.0691016e+01   2.5729724e+01
  -2.0168242e+01   1.9000000e+01   3.6000000e+01   1.3528064e+01   4.7504789e+01  -4.2371381e+01   2.9156645e+01
  -2.0193673e+01   1.9000000e+01   3.6000000e+01   1.3567551e+01   4.6944700e+01  -4.3471824e+01   3.2077498e+01
  -2.1146096e+01   1.9000000e+01   3.6000000e+01   1.3361237e+01   4.6697805e+01  -4.4759429e+01   3.3869664e+01
  -2.1380539e+01   1.9000000e+01   3.6000000e+01   1.3095421e+01   4.5338693e+01  -4.5939407e+01   3.4986255e+01
  -2.3129207e+01   1.9000000e+01   3.6000000e+01   1.1999524e+01   4.5840262e+01  -4.7337977e+01   3.7036349e+01
  -2.3553148e+01   1.9000000e+01   3.6000000e+01   1.2053806e+01   4.5897344e+01  -4.8060684e+01   3.8715997e+01
  -2.5011522e+01   1.9000000e+01   3.6000000e+01   1.2701176e+01   4.6759086e+01  -4.9118975e+01   4.1124009e+01
  -2.5039242e+01   1.9000000e+01   3.6000000e+01   1.3177975e+01   4.5900400e+01  -5.0863353e+01   4.2709286e+01
  -2.5971498e+01   1.9000000e+01   3.6000000e+01   1.2813650e+01   4.5391359e+01  -5.3179135e+01   4.4627838e+01
  -2.7185007e+01   1.9000000e+01   3.6000000e+01   1.2445788e+01   4.5283195e+01  -5.5187623e+01   4.6944282e+01
  -2.8518607e+01   1.9000000e+01   3.6000000e+01   1.1565852e+01   4.5225865e+01  -5.7284698e+01   4.8147379e+01
  -2.9043401e+01   1.9000000e+01   3.6000000e+01   1.1509658e+01   4.5106420e+01  -5.8477574e+01   5.0304803e+01
  -3.1455114e+01   1.9000000e+01   3.6000000e+01   1.0581651e+01   4.5267953e+01  -6.0371367e+01   5.2876695e+01
  -3.3631009e+01   1.9000000e+01   3.6000000e+01   9.7245339e+00   4.5215198e+01  -6.2034992e+01   5.4933767e+01
  -3.5240076e+01   1.9000000e+01   3.6000000e+01   9.4580026e+00   4.4673560e+01  -6.3069015e+01   5.6973328e+01
  -3.6768806e+01   1.9000000e+01   3.6000000e+01   9.1807443e+00   4.4191861e+01  -6.4113239e+01   5.8994283e+01
  -3.7731009e+01   1.9000000e+01   3.6000000e+01   8.2353421e+00   4.3361086e+01  -6.5480038e+01   6.0561669e+01
  -3.6834793e+01   1.9000000e+01   3.6000000e+01   6.9738050e+00   4.2176388e+01  -6.6404728e+01   6.2302633e+01
  -3.5912266e+01   1.9000000e+01   3.6000000e+01   4.7337549e+00   3.9596341e+01  -6.7700355e+01   6.5573001e+01
  -3.4647766e+01   1.9000000e+01   3.6000000e+01  -5.9082389e-01   3.8055952e+01  -7.1806394e+01   6.7027055e+01
  -2.6027987e+01   1.9000000e+01   3.6000000e+01  -5.4031837e+00   3.3262240e+01  -7.3341512e+01   6.2765087e+01
  -2.4553704e+01   1.9000000e+01   3.6000000e+01  -8.9645130e+00   2.7685837e+01  -7.3979966e+01   5.3451706e+01
  -2.1316563e+01   1.9000000e+01   3.6000000e+01  -1.0465065e+01   2.4060998e+01  -7.3027928e+01   4.2304792e+01
  -1.9568197e+01   1.9000000e+01   3.6000000e+01  -8.2749221e+00   2.6711508e+01  -6.8935553e+01   3.0491454e+01
  -1.6611653e+01   1.9000000e+01   3.6000000e+01  -4.1769007e+00   3.4327595e+01  -6.3310683e+01   1.8474413e+01
  -1.2017528e+01   1.9000000e+01   3.6000000e+01   2.2845782e+00   4.0679048e+01  -5.6233968e+01   6.9314035e+00
  -7.6382911e+00   1.9000000e+01   3.6000000e+01   7.5283875e+00   4.4927004e+01  -4.8772704e+01  -3.0103112e+00
  -5.0991425e+00   1.9000000e+01   3.6000000e+01   1.1059250e+01   4.7999384e+01  -4.1847469e+01  -1.1859729e+01
  -3.2394949e+00   1.9000000e+01   3.6000000e+01   1.2010743e+01   5.0979239e+01  -3.6204197e+01  -1.9500398e+01
  -1.0427417e+00   1.9000000e+01   3.6000000e+01   1.3752686e+01   5.3330934e+01  -3.0157273e+01  -2.5747648e+01
  -2.1465649e+00   1.9000000e+01   3.6000000e+01   1.4673470e+01   5.2923091e+01  -2.4394342e+01  -3.1763887e+01
  -5.3664841e+00   1.9000000e+01   3.6000000e+01   1.7676266e+01   5.1837147e+01  -1.7403684e+01  -3.5364451e+01
  -6.8651158e+00   1.9000000e+01   3.6000000e+01   1.5823286e+01   5.2026500e+01  -1.3724909e+01  -3.6089971e+01
  -8.5517521e+00   1.9000000e+01   3.6000000e+01   1.2418445e+01   5.1996696e+01  -1.2334968e+01  -3.4857868e+01
  -1.0094098e+01   1.9000000e+01   3.6000000e+01   9.8658608e+00   5.1710413e+01  -1.1642788e+01  -3.1388382e+01
  -1.1770866e+01   1.9000000e+01   3.6000000e+01   7.4923959e+00   5.0675702e+01  -1.1829050e+01  -2.7699277e+01
  -1.3358777e+01   1.9000000e+01   3.6000000e+01   5.7639464e+00   5.0195418e+01  -1.2212450e+01  -2.3746341e+01
  -1.4043378e+01   1.9000000e+01   3.6000000e+01   4.7192639e+00   4.8720772e+01  -1.3352593e+01  -1.7887849e+01
  -1.4575527e+01   1.9000000e+01   3.6000000e+01   3.5632748e+00   4.5888660e+01  -1.5796493e+01  -1.1730347e+01
  -1.5708590e+01   1.9000000e+01   3.6000000e+01   3.3371070e+00   4.3132796e+01  -1.9288142e+01  -5.6785343e+00
  -1.6432541e+01   1.9000000e+01   3.6000000e+01   2.9299568e+00   4.0691936e+01  -2.2861847e+01   8.2606319e-01
  -1.8066176e+01   1.9000000e+01   3.6000000e+01   3.0232728e+00   4.0193856e+01  -2.5880799e+01   5.4050148e+00
  -1.9865771e+01   1.9000000e+01   3.6000000e+01   3.7865506e+00   4.1372602e+01  -2.8215935e+01   8.7606823e+00
  -2.0614556e+01   1.9000000e+01   3.6000000e+01   5.1427492e+00   4.0600331e+01  -3.1453912e+01   1.2434793e+01
  -2.1365617e+01   1.9000000e+01   3.6000000e+01   6.6921921e+00   4.0215090e+01  -3.4501007e+01   1.5424440e+01
