  -2.4311285e+01   3.3288478e+01   5.1659272e+01   3.5326604e+00   1.9097603e+01  -4.2018872e+01   2.4835773e+01
  -2.6274948e+01   3.4148190e+01   4.0243013e+01   6.4283122e+00   3.3079714e+01  -4.7141180e+01   2.6975676e+01
  -2.1373855e+01   2.8116345e+01   3.6000000e+01   7.1004688e+00   3.8000000e+01  -4.7000000e+01   3.0197338e+01
  -2.3429661e+01   3.1070999e+01   3.6000000e+01   5.8307314e+00   3.8000000e+01  -4.7000000e+01   3.1854005e+01
  -2.5354411e+01   3.3776954e+01   3.6000000e+01   2.9310028e+00   3.8000000e+01  -4.7000000e+01   3.2493478e+01
  -2.7157076e+01   3.5861133e+01   3.6000000e+01  -1.7019138e+00   3.8000000e+01  -4.7000000e+01   3.4998725e+01
  -3.0093747e+01   3.6120797e+01   3.6000000e+01  -4.3994238e+00   3.8000000e+01  -4.7000000e+01   3.7525470e+01
  -3.0349808e+01   3.7336483e+01   3.6000000e+01  -5.7898850e+00   3.8000000e+01  -4.7000000e+01   3.9464940e+01
  -3.2592399e+01   3.7434947e+01   3.6000000e+01  -8.0265833e+00   3.8000000e+01  -4.7000000e+01   4.1698206e+01
  -3.4526637e+01   3.8826396e+01   3.6000000e+01  -1.0038424e+01   3.8000000e+01  -4.7000000e+01   4.3976057e+01
  -3.6251616e+01   3.7709342e+01   3.6000000e+01  -1.0916702e+01   3.8000000e+01  -4.7000000e+01   4.7036970e+01
  -3.9161011e+01   3.8275806e+01   3.6000000e+01  -1.3275875e+01   3.8000000e+01  -4.7000000e+01   4.8669262e+01
  -4.2294309e+01   3.8273524e+01   3.6000000e+01  -1.6407257e+01   3.8000000e+01  -4.7000000e+01   5.1702648e+01
  -4.2885557e+01   3.6439134e+01   3.6000000e+01  -2.0077522e+01   3.8000000e+01  -4.7000000e+01   5.4533198e+01
  -4.2736049e+01   3.3719081e+01   3.6000000e+01  -2.3206579e+01   3.8000000e+01  -4.7000000e+01   5.6645951e+01
  -3.7217543e+01   3.1073118e+01   3.6000000e+01  -2.5706156e+01   3.8000000e+01  -4.7000000e+01   5.5527121e+01
  -3.2559437e+01   2.7606706e+01   3.6000000e+01  -2.5506079e+01   3.8000000e+01  -4.7000000e+01   5.0511811e+01
  -2.8441983e+01   2.6013261e+01   3.6000000e+01  -2.7820688e+01   3.8000000e+01  -4.7000000e+01   4.3475318e+01
  -2.3342334e+01   2.2761641e+01   3.6000000e+01  -2.6548479e+01   3.8000000e+01  -4.7000000e+01   3.3342290e+01
  -1.8761521e+01   2.0988565e+01   3.6000000e+01  -2.0421138e+01   3.8000000e+01  -4.7000000e+01   2.2946788e+01
  -1.4592185e+01   2.1518220e+01   3.6000000e+01  -1.7144740e+01   3.8000000e+01  -4.7000000e+01   1.3347058e+01
  -1.1280007e+01   1.8644298e+01   3.6000000e+01  -1.6287354e+01   3.8000000e+01  -4.7000000e+01   3.1211163e+00
  -8.9935401e+00   1.6222399e+01   3.6000000e+01  -1.5479908e+01   3.8000000e+01  -4.7000000e+01  -6.1494302e+00
  -6.6785259e+00   1.3535228e+01   3.6000000e+01  -1.0778620e+01   3.8000000e+01  -4.7000000e+01  -1.1992504e+01
  -9.0284058e-01   9.3225753e+00   3.6000000e+01  -3.6750439e+00   3.8000000e+01  -4.7000000e+01  -1.4041513e+01
   6.1761407e+00   4.5647198e+00   3.6000000e+01   4.6584421e+00   3.8000000e+01  -4.7000000e+01  -1.2964813e+01
   1.1967936e+01   3.5740442e+00   3.6000000e+01   1.6217459e+01   3.8000000e+01  -4.7000000e+01  -1.0744729e+01
   1.4419983e+01   2.1669315e+00   3.6000000e+01   2.8307283e+01   3.8000000e+01  -4.7000000e+01  -1.1049906e+01
   1.4363608e+01   1.1629164e+00   3.6000000e+01   4.0550752e+01   3.8000000e+01  -4.7000000e+01  -1.2414826e+01
   1.3006003e+01  -5.5630298e-01   3.6000000e+01   5.2659850e+01   3.8000000e+01  -4.7000000e+01  -1.3420685e+01
   1.5613436e+01  -5.5062485e+00   3.6000000e+01   6.0929056e+01   3.8000000e+01  -4.7000000e+01  -1.4182365e+01
   1.5624005e+01  -6.2577373e+00   3.6000000e+01   6.2241023e+01   3.8000000e+01  -4.7000000e+01  -1.2828146e+01
   1.3732443e+01  -5.6216594e+00   3.6000000e+01   6.0146340e+01   3.8000000e+01  -4.7000000e+01  -9.2965083e+00
   1.1146083e+01  -2.7867805e+00   3.6000000e+01   5.6110540e+01   3.8000000e+01  -4.7000000e+01  -5.5602780e+00
   8.5335703e+00  -4.0642722e-01   3.6000000e+01   5.2163331e+01   3.8000000e+01  -4.7000000e+01  -1.2111247e+00
   5.4324137e+00   2.5314477e+00   3.6000000e+01   4.8256485e+01   3.8000000e+01  -4.7000000e+01   2.4781713e+00
   2.1642890e+00   5.5127982e+00   3.6000000e+01   4.3811078e+01   3.8000000e+01  -4.7000000e+01   6.2500100e+00
  -1.7395271e+00   9.3878727e+00   3.6000000e+01   3.8914404e+01   3.8000000e+01  -4.7000000e+01   8.6084824e+00
  -5.3345520e+00   1.2341803e+01   3.6000000e+01   3.3442640e+01   3.8000000e+01  -4.7000000e+01   1.3169122e+01
  -8.9788286e+00   1.5065979e+01   3.6000000e+01   2.8519711e+01   3.8000000e+01  -4.7000000e+01   1.6203129e+01
  -1.2150614e+01   1.9348246e+01   3.6000000e+01   2.2709976e+01   3.8000000e+01  -4.7000000e+01   1.8204997e+01
  -1.3741581e+01   2.0459103e+01   3.6000000e+01   1.9282715e+01   3.8000000e+01  -4.7000000e+01   2.0745262e+01
  -1.5785034e+01   2.2608096e+01   3.6000000e+01   1.6101049e+01   3.8000000e+01  -4.7000000e+01   2.3449323e+01
  -1.7433499e+01   2.2120097e+01   3.6000000e+01   1.3386441e+01   3.8000000e+01  -4.7000000e+01   2.7464695e+01
  -2.1889381e+01   2.6671415e+01   3.6000000e+01   9.0365863e+00   3.8000000e+01  -4.7000000e+01   2.8223253e+01
  -2.5331430e+01   2.9017480e+01   3.6000000e+01   6.2033089e+00   3.8000000e+01  -4.7000000e+01   3.0268832e+01
  -2.9503829e+01   3.1260510e+01   3.6000000e+01   1.1194011e+00   3.8000000e+01  -4.7000000e+01   3.2889783e+01
  -3.0782543e+01   3.2063703e+01   3.6000000e+01  -9.3123192e-01   3.8000000e+01  -4.7000000e+01   3.3322537e+01
  -3.3821155e+01   3.3598155e+01   3.6000000e+01  -3.8036772e+00   3.8000000e+01  -4.7000000e+01   3.7109600e+01
  -3.6222104e+01   3.5334243e+01   3.6000000e+01  -6.1877920e+00   3.8000000e+01  -4.7000000e+01   3.7301345e+01
  -3.8732868e+01   3.6012481e+01   3.6000000e+01  -9.1692534e+00   3.8000000e+01  -4.7000000e+01   4.0231356e+01
  -4.1011543e+01   3.6530840e+01   3.6000000e+01  -1.1446174e+01   3.8000000e+01  -4.7000000e+01   4.3662459e+01
  -4.4090399e+01   3.6179567e+01   3.6000000e+01  -1.3949142e+01   3.8000000e+01  -4.7000000e+01   4.7214771e+01
  -4.5398260e+01   3.4861112e+01   3.6000000e+01  -1.6170364e+01   3.8000000e+01  -4.7000000e+01   5.0555187e+01
  -4.5834958e+01   3.4432007e+01   3.6000000e+01  -2.0650623e+01   3.8000000e+01  -4.7000000e+01   5.1383076e+01
  -4.1188846e+01   3.1100871e+01   3.6000000e+01  -2.3713496e+01   3.8000000e+01  -4.7000000e+01   5.3316070e+01
  -3.6488246e+01   2.9532159e+01   3.6000000e+01  -2.7136179e+01   3.8000000e+01  -4.7000000e+01   5.1613434e+01
  -2.8672727e+01   2.6499606e+01   3.6000000e+01  -2.6415564e+01   3.8000000e+01  -4.7000000e+01   4.3059240e+01
  -2.4301913e+01   2.2658871e+01   3.6000000e+01  -2.5619480e+01   3.8000000e+01  -4.7000000e+01   3.2957297e+01
  -2.0898070e+01   2.0936175e+01   3.6000000e+01  -2.1662746e+01   3.8000000e+01  -4.7000000e+01   2.2845752e+01
  -1.5313973e+01   2.0842625e+01   3.6000000e+01  -1.4946756e+01   3.8000000e+01  -4.7000000e+01   1.3151642e+01
  -6.6660273e+00   1.5673119e+01   3.6000000e+01  -4.9568734e+00   3.8000000e+01  -4.7000000e+01   9.1633484e+00
  -9.5262909e-01   1.1797986e+01   3.6000000e+01   4.8725259e+00   3.8000000e+01  -4.7000000e+01   6.2059454e+00
   3.9140710e+00   8.3168042e+00   3.6000000e+01   1.4357017e+01   3.8000000e+01  -4.7000000e+01   3.4618814e+00
   9.9163357e+00   3.3438038e+00   3.6000000e+01   2.4137402e+01   3.8000000e+01  -4.7000000e+01  -2.8626231e-01
   1.3552652e+01   7.1317507e-01   3.6000000e+01   3.3851791e+01   3.8000000e+01  -4.7000000e+01  -4.0474104e+00
   1.4808418e+01  -1.6105877e+00   3.6000000e+01   4.3757950e+01   3.8000000e+01  -4.7000000e+01  -8.8827452e+00
   1.0348202e+01  -7.8355842e-01   3.6000000e+01   5.3582579e+01   3.8000000e+01  -4.7000000e+01  -7.6770610e+00
   9.9767155e+00  -4.7578350e-01   3.6000000e+01   5.4560929e+01   3.8000000e+01  -4.7000000e+01  -6.1041166e+00
   8.6439600e+00  -5.9406285e-01   3.6000000e+01   5.2587121e+01   3.8000000e+01  -4.7000000e+01  -3.7425623e+00
   5.5208392e+00   1.5924015e+00   3.6000000e+01   4.8906009e+01   3.8000000e+01  -4.7000000e+01  -4.7151961e-01
   1.8679405e+00   4.6488591e+00   3.6000000e+01   4.3791392e+01   3.8000000e+01  -4.7000000e+01   3.3998882e+00
  -1.8142758e+00   8.0423092e+00   3.6000000e+01   3.8727391e+01   3.8000000e+01  -4.7000000e+01   6.4195591e+00
  -4.8720283e+00   1.0292807e+01   3.6000000e+01   3.4309004e+01   3.8000000e+01  -4.7000000e+01   9.1659013e+00
  -7.9494235e+00   1.3858833e+01   3.6000000e+01   2.9508354e+01   3.8000000e+01  -4.7000000e+01   1.2146419e+01
  -1.1382586e+01   1.6099260e+01   3.6000000e+01   2.4633731e+01   3.8000000e+01  -4.7000000e+01   1.5172749e+01
  -1.3996176e+01   1.8590499e+01   3.6000000e+01   2.1149449e+01   3.8000000e+01  -4.7000000e+01   1.6730642e+01
  -1.5889197e+01   2.0505283e+01   3.6000000e+01   1.8756272e+01   3.8000000e+01  -4.7000000e+01   1.9031381e+01
  -1.7828754e+01   2.2024852e+01   3.6000000e+01   1.5116226e+01   3.8000000e+01  -4.7000000e+01   2.2105339e+01
  -2.1259304e+01   2.5380952e+01   3.6000000e+01   1.1110175e+01   3.8000000e+01  -4.7000000e+01   2.3921709e+01
  -2.3679825e+01   2.7905383e+01   3.6000000e+01   8.2774000e+00   3.8000000e+01  -4.7000000e+01   2.5522375e+01
  -2.5072114e+01   2.7645949e+01   3.6000000e+01   5.9656316e+00   3.8000000e+01  -4.7000000e+01   2.8007585e+01
  -2.5573041e+01   2.7640563e+01   3.6000000e+01   4.5849051e+00   3.8000000e+01  -4.7000000e+01   2.9954331e+01
  -2.9908422e+01   3.1043543e+01   3.6000000e+01  -2.8814238e-01   3.8000000e+01  -4.7000000e+01   3.3104256e+01
  -3.1659167e+01   3.2680701e+01   3.6000000e+01  -2.6088639e+00   3.8000000e+01  -4.7000000e+01   3.5305361e+01
  -3.0928554e+01   3.2292455e+01   3.6000000e+01  -2.7198339e+00   3.8000000e+01  -4.7000000e+01   3.8268838e+01
  -3.1305997e+01   3.2563965e+01   3.6000000e+01  -3.3352830e+00   3.8000000e+01  -4.7000000e+01   4.0730664e+01
  -3.2276311e+01   3.3085257e+01   3.6000000e+01  -4.9861568e+00   3.8000000e+01  -4.7000000e+01   4.2825014e+01
  -3.5408049e+01   3.4342547e+01   3.6000000e+01  -7.3928847e+00   3.8000000e+01  -4.7000000e+01   4.3675135e+01
  -3.6133428e+01   3.5496810e+01   3.6000000e+01  -9.6911946e+00   3.8000000e+01  -4.7000000e+01   4.6283866e+01
  -3.8099370e+01   3.5463782e+01   3.6000000e+01  -1.1137817e+01   3.8000000e+01  -4.7000000e+01   4.9068709e+01
  -4.0811837e+01   3.5859240e+01   3.6000000e+01  -1.3296721e+01   3.8000000e+01  -4.7000000e+01   5.0643361e+01
  -4.3508953e+01   3.6543389e+01   3.6000000e+01  -1.6073027e+01   3.8000000e+01  -4.7000000e+01   5.4138124e+01
  -4.5184503e+01   3.6301677e+01   3.6000000e+01  -1.7208474e+01   3.8000000e+01  -4.7000000e+01   5.5601667e+01
  -4.6881998e+01   3.8768679e+01   3.6000000e+01  -1.9165117e+01   3.8000000e+01  -4.7000000e+01   5.8636650e+01
  -4.9407643e+01   3.9953867e+01   3.6000000e+01  -2.0659429e+01   3.8000000e+01  -4.7000000e+01   5.9319285e+01
  -5.0547925e+01   4.4137529e+01   3.6000000e+01  -2.2633983e+01   3.8000000e+01  -4.7000000e+01   6.1744148e+01
  -4.9531697e+01   4.3340751e+01   3.6000000e+01  -2.4186655e+01   3.8000000e+01  -4.7000000e+01   6.5432637e+01
  -4.8251156e+01   3.9617628e+01   3.6000000e+01  -2.6804152e+01   3.8000000e+01  -4.7000000e+01   6.9000326e+01
  -4.5191553e+01   3.6758818e+01   3.6000000e+01  -2.9974332e+01   3.8000000e+01  -4.7000000e+01   6.9914267e+01
  -4.0626937e+01   3.3081116e+01   3.6000000e+01  -3.1280335e+01   3.8000000e+01  -4.7000000e+01   6.5496728e+01
  -3.2786481e+01   2.9428139e+01   3.6000000e+01  -2.9208698e+01   3.8000000e+01  -4.7000000e+01   5.5965176e+01
  -2.5815678e+01   2.3356211e+01   3.6000000e+01  -2.3838420e+01   3.8000000e+01  -4.7000000e+01   4.5247647e+01
  -1.9240424e+01   1.8249974e+01   3.6000000e+01  -1.8557109e+01   3.8000000e+01  -4.7000000e+01   3.3489652e+01
  -1.4217777e+01   1.9646707e+01   3.6000000e+01  -9.8166246e+00   3.8000000e+01  -4.7000000e+01   2.3243587e+01
  -7.7028152e+00   1.7863618e+01   3.6000000e+01  -4.4382004e-01   3.8000000e+01  -4.7000000e+01   1.5281215e+01
  -1.4828248e+00   1.4051632e+01   3.6000000e+01   8.9973475e+00   3.8000000e+01  -4.7000000e+01   1.1527229e+01
   3.9434624e+00   8.1784708e+00   3.6000000e+01   1.8529206e+01   3.8000000e+01  -4.7000000e+01   6.5194508e+00
   8.5350120e+00   3.8466878e+00   3.6000000e+01   2.7821224e+01   3.8000000e+01  -4.7000000e+01   2.7339092e+00
   1.1818240e+01   1.1261006e+00   3.6000000e+01   3.7865698e+01   3.8000000e+01  -4.7000000e+01  -1.8998222e+00
   1.2350879e+01  -9.5780986e-01   3.6000000e+01   4.7848114e+01   3.8000000e+01  -4.7000000e+01  -4.5933493e+00
   1.1043927e+01  -1.1170947e+00   3.6000000e+01   5.5389046e+01   3.8000000e+01  -4.7000000e+01  -4.3194548e+00
   9.7270837e+00   3.7973317e-02   3.6000000e+01   5.4060794e+01   3.8000000e+01  -4.7000000e+01  -2.7838723e+00
   7.8563725e+00   1.8889492e+00   3.6000000e+01   5.0617566e+01   3.8000000e+01  -4.7000000e+01  -1.1634357e+00
   5.0781448e+00   4.7127440e+00   3.6000000e+01   4.7157460e+01   3.8000000e+01  -4.7000000e+01   1.8828994e+00
   1.2753491e+00   7.5983030e+00   3.6000000e+01   4.2760213e+01   3.8000000e+01  -4.7000000e+01   5.6242536e+00
  -1.3371655e+00   9.4180682e+00   3.6000000e+01   3.8689336e+01   3.8000000e+01  -4.7000000e+01   7.4506642e+00
  -4.0723605e+00   1.0440106e+01   3.6000000e+01   3.5934635e+01   3.8000000e+01  -4.7000000e+01   1.0056069e+01
  -6.8583684e+00   1.2502237e+01   3.6000000e+01   3.1900724e+01   3.8000000e+01  -4.7000000e+01   1.2934275e+01
  -1.0059498e+01   1.5857321e+01   3.6000000e+01   2.7634947e+01   3.8000000e+01  -4.7000000e+01   1.4525756e+01
  -1.3963748e+01   1.9447994e+01   3.6000000e+01   2.1763901e+01   3.8000000e+01  -4.7000000e+01   1.6468500e+01
  -1.6391137e+01   2.0522707e+01   3.6000000e+01   1.9282854e+01   3.8000000e+01  -4.7000000e+01   1.8530630e+01
  -2.0317699e+01   2.2068058e+01   3.6000000e+01   1.5862956e+01   3.8000000e+01  -4.7000000e+01   2.1133341e+01
  -2.3456022e+01   2.4632066e+01   3.6000000e+01   1.0774017e+01   3.8000000e+01  -4.7000000e+01   2.4019436e+01
  -2.5744605e+01   2.5896498e+01   3.6000000e+01   8.3870712e+00   3.8000000e+01  -4.7000000e+01   2.7566817e+01
  -2.8763432e+01   2.9165456e+01   3.6000000e+01   3.6635947e+00   3.8000000e+01  -4.7000000e+01   2.9377329e+01
  -3.1265580e+01   3.1159503e+01   3.6000000e+01   1.2733208e+00   3.8000000e+01  -4.7000000e+01   3.1503816e+01
  -3.3917077e+01   3.1837359e+01   3.6000000e+01  -1.1430365e+00   3.8000000e+01  -4.7000000e+01   3.2861286e+01
  -3.4470653e+01   3.4092955e+01   3.6000000e+01  -3.5177022e+00   3.8000000e+01  -4.7000000e+01   3.4813483e+01
  -3.6991910e+01   3.4808320e+01   3.6000000e+01  -5.5426253e+00   3.8000000e+01  -4.7000000e+01   3.8453346e+01
  -3.9874146e+01   3.5037998e+01   3.6000000e+01  -7.3488218e+00   3.8000000e+01  -4.7000000e+01   3.8971818e+01
  -4.2533431e+01   3.5927323e+01   3.6000000e+01  -9.9272512e+00   3.8000000e+01  -4.7000000e+01   4.1444835e+01
  -4.3478881e+01   3.6625297e+01   3.6000000e+01  -1.0694716e+01   3.8000000e+01  -4.7000000e+01   4.4556992e+01
  -4.6659783e+01   3.7762135e+01   3.6000000e+01  -1.3034263e+01   3.8000000e+01  -4.7000000e+01   4.7636701e+01
  -4.8051623e+01   3.8299277e+01   3.6000000e+01  -1.3345748e+01   3.8000000e+01  -4.7000000e+01   5.0725363e+01
  -5.0049809e+01   3.8273754e+01   3.6000000e+01  -1.4099621e+01   3.8000000e+01  -4.7000000e+01   5.3955654e+01
  -5.1317052e+01   4.0398561e+01   3.6000000e+01  -1.4945921e+01   3.8000000e+01  -4.7000000e+01   5.6606148e+01
  -5.0824079e+01   4.2115621e+01   3.6000000e+01  -1.6807250e+01   3.8000000e+01  -4.7000000e+01   6.0399442e+01
  -5.0817103e+01   4.0632961e+01   3.6000000e+01  -1.8733067e+01   3.8000000e+01  -4.7000000e+01   6.2547676e+01
  -4.7357144e+01   3.8078034e+01   3.6000000e+01  -2.2026594e+01   3.8000000e+01  -4.7000000e+01   6.4672140e+01
  -4.1773233e+01   3.4404684e+01   3.6000000e+01  -2.5425284e+01   3.8000000e+01  -4.7000000e+01   5.9556281e+01
  -3.3909200e+01   2.8626951e+01   3.6000000e+01  -2.7537065e+01   3.8000000e+01  -4.7000000e+01   5.1046883e+01
  -2.6941347e+01   2.5457886e+01   3.6000000e+01  -2.8272254e+01   3.8000000e+01  -4.7000000e+01   4.1674788e+01
  -2.2824987e+01   2.2902551e+01   3.6000000e+01  -2.4655045e+01   3.8000000e+01  -4.7000000e+01   3.0802769e+01
  -1.8504874e+01   1.9545711e+01   3.6000000e+01  -1.6252823e+01   3.8000000e+01  -4.7000000e+01   1.9439195e+01
  -9.7389931e+00   1.9046236e+01   3.6000000e+01  -7.0360578e+00   3.8000000e+01  -4.7000000e+01   1.3319462e+01
  -3.0449849e+00   1.5932645e+01   3.6000000e+01   1.8819056e+00   3.8000000e+01  -4.7000000e+01   9.1667560e+00
   1.2088170e+00   1.2709998e+01   3.6000000e+01   1.1079101e+01   3.8000000e+01  -4.7000000e+01   4.5168860e+00
   7.9378008e+00   7.0174542e+00   3.6000000e+01   2.1169754e+01   3.8000000e+01  -4.7000000e+01   9.7837302e-01
   1.3817556e+01   2.9904685e+00   3.6000000e+01   3.1646653e+01   3.8000000e+01  -4.7000000e+01  -2.7797263e+00
   1.7434753e+01  -1.0049952e+00   3.6000000e+01   4.2346947e+01   3.8000000e+01  -4.7000000e+01  -7.1299568e+00
   1.6639050e+01  -2.5338962e+00   3.6000000e+01   5.2697650e+01   3.8000000e+01  -4.7000000e+01  -1.1764625e+01
   1.3898713e+01  -3.6526917e+00   3.6000000e+01   6.1461235e+01   3.8000000e+01  -4.7000000e+01  -1.2514148e+01
   1.2036976e+01  -1.9168436e+00   3.6000000e+01   6.1451327e+01   3.8000000e+01  -4.7000000e+01  -1.1500984e+01
   1.0731209e+01  -1.6861950e+00   3.6000000e+01   5.9497891e+01   3.8000000e+01  -4.7000000e+01  -7.9257634e+00
   9.3014973e+00   5.4788739e-02   3.6000000e+01   5.6168474e+01   3.8000000e+01  -4.7000000e+01  -5.4610753e+00
   6.4592480e+00   2.3491111e+00   3.6000000e+01   5.3168112e+01   3.8000000e+01  -4.7000000e+01  -1.5428410e+00
   3.1269893e+00   5.5369447e+00   3.6000000e+01   4.8003246e+01   3.8000000e+01  -4.7000000e+01   1.1556454e+00
  -2.0434098e-01   8.2269259e+00   3.6000000e+01   4.2522458e+01   3.8000000e+01  -4.7000000e+01   3.7063703e+00
  -4.5461684e+00   1.1745806e+01   3.6000000e+01   3.7180402e+01   3.8000000e+01  -4.7000000e+01   6.0702449e+00
  -7.9429276e+00   1.4374331e+01   3.6000000e+01   3.2656666e+01   3.8000000e+01  -4.7000000e+01   8.7351409e+00
  -1.1136834e+01   1.7533700e+01   3.6000000e+01   2.8018263e+01   3.8000000e+01  -4.7000000e+01   1.1381009e+01
  -1.5329191e+01   2.0661279e+01   3.6000000e+01   2.3438785e+01   3.8000000e+01  -4.7000000e+01   1.2496980e+01
  -1.8189041e+01   2.2973878e+01   3.6000000e+01   2.0560447e+01   3.8000000e+01  -4.7000000e+01   1.3966955e+01
  -1.9395383e+01   2.3616524e+01   3.6000000e+01   1.8718584e+01   3.8000000e+01  -4.7000000e+01   1.5550235e+01
  -2.0530773e+01   2.3800688e+01   3.6000000e+01   1.6448030e+01   3.8000000e+01  -4.7000000e+01   1.9653189e+01
  -2.3743528e+01   2.5948214e+01   3.6000000e+01   1.2593349e+01   3.8000000e+01  -4.7000000e+01   2.2538502e+01
  -2.6191109e+01   2.8354946e+01   3.6000000e+01   9.7885681e+00   3.8000000e+01  -4.7000000e+01   2.3545150e+01
  -2.9847932e+01   3.1141803e+01   3.6000000e+01   6.5593834e+00   3.8000000e+01  -4.7000000e+01   2.4182753e+01
  -3.1841368e+01   3.3507236e+01   3.6000000e+01   3.2196578e+00   3.8000000e+01  -4.7000000e+01   2.7242587e+01
  -3.3106010e+01   3.3228574e+01   3.6000000e+01   1.9568961e+00   3.8000000e+01  -4.7000000e+01   2.8488850e+01
  -3.3908355e+01   3.3869971e+01   3.6000000e+01  -7.3007702e-02   3.8000000e+01  -4.7000000e+01   3.0284192e+01
  -3.5698741e+01   3.4779973e+01   3.6000000e+01  -1.4375221e+00   3.8000000e+01  -4.7000000e+01   3.2047105e+01
  -3.7126449e+01   3.4932164e+01   3.6000000e+01  -2.7000753e+00   3.8000000e+01  -4.7000000e+01   3.3340667e+01
  -3.8303592e+01   3.5230171e+01   3.6000000e+01  -4.5746072e+00   3.8000000e+01  -4.7000000e+01   3.5556504e+01
  -3.9799815e+01   3.5745637e+01   3.6000000e+01  -6.4016721e+00   3.8000000e+01  -4.7000000e+01   3.6606876e+01
  -4.1632958e+01   3.5035737e+01   3.6000000e+01  -7.4350149e+00   3.8000000e+01  -4.7000000e+01   3.8515097e+01
  -4.3111186e+01   3.5368457e+01   3.6000000e+01  -9.1476951e+00   3.8000000e+01  -4.7000000e+01   4.1866748e+01
  -4.4297369e+01   3.5019620e+01   3.6000000e+01  -9.8924890e+00   3.8000000e+01  -4.7000000e+01   4.4277469e+01
  -4.5479629e+01   3.5416307e+01   3.6000000e+01  -1.0942284e+01   3.8000000e+01  -4.7000000e+01   4.6062619e+01
  -4.7197635e+01   3.6223285e+01   3.6000000e+01  -1.1566493e+01   3.8000000e+01  -4.7000000e+01   4.8088430e+01
  -4.8546733e+01   3.7294610e+01   3.6000000e+01  -1.2523595e+01   3.8000000e+01  -4.7000000e+01   5.0716602e+01
  -5.0124608e+01   3.9551186e+01   3.6000000e+01  -1.3933027e+01   3.8000000e+01  -4.7000000e+01   5.2875206e+01
  -5.1123481e+01   4.1666465e+01   3.6000000e+01  -1.5416404e+01   3.8000000e+01  -4.7000000e+01   5.5254497e+01
  -5.2023491e+01   4.6836448e+01   3.6000000e+01  -1.8552415e+01   3.8000000e+01  -4.7000000e+01   5.7976507e+01
  -5.0927877e+01   4.7743777e+01   3.6000000e+01  -2.1103584e+01   3.8000000e+01  -4.7000000e+01   5.9643416e+01
  -4.7747583e+01   4.3526716e+01   3.6000000e+01  -2.4074207e+01   3.8000000e+01  -4.7000000e+01   5.8877916e+01
  -4.2776707e+01   3.7049441e+01   3.6000000e+01  -2.6638899e+01   3.8000000e+01  -4.7000000e+01   5.4034421e+01
  -3.6351248e+01   3.2903965e+01   3.6000000e+01  -2.9596700e+01   3.8000000e+01  -4.7000000e+01   4.6498418e+01
  -3.1837543e+01   2.9899155e+01   3.6000000e+01  -2.9854876e+01   3.8000000e+01  -4.7000000e+01   3.6806510e+01
  -3.0050579e+01   2.5073431e+01   3.6000000e+01  -2.3739014e+01   3.8000000e+01  -4.7000000e+01   2.6254454e+01
  -2.5150505e+01   2.4062358e+01   3.6000000e+01  -1.3616987e+01   3.8000000e+01  -4.7000000e+01   1.6084771e+01
  -1.9049383e+01   2.2927403e+01   3.6000000e+01  -3.3947649e+00   3.8000000e+01  -4.7000000e+01   9.5130752e+00
  -1.5053592e+01   2.3379027e+01   3.6000000e+01   3.3508101e+00   3.8000000e+01  -4.7000000e+01   5.0519737e+00
  -9.6335646e+00   1.8690645e+01   3.6000000e+01   1.3299790e+01   3.8000000e+01  -4.7000000e+01   2.0088136e+00
  -4.5017391e+00   1.4966907e+01   3.6000000e+01   2.1686098e+01   3.8000000e+01  -4.7000000e+01  -6.6466829e-01
   8.5409336e-01   1.0624690e+01   3.6000000e+01   3.1019869e+01   3.8000000e+01  -4.7000000e+01  -4.7026921e+00
   2.3627557e+00   8.9560057e+00   3.6000000e+01   4.1423901e+01   3.8000000e+01  -4.7000000e+01  -5.3492005e+00
   3.7444684e+00   7.3093488e+00   3.6000000e+01   4.7425201e+01   3.8000000e+01  -4.7000000e+01  -5.8875010e+00
   3.2755029e+00   7.1334639e+00   3.6000000e+01   4.7808541e+01   3.8000000e+01  -4.7000000e+01  -4.1256702e+00
   1.4515348e+00   8.3726836e+00   3.6000000e+01   4.5530658e+01   3.8000000e+01  -4.7000000e+01  -3.3755370e+00
  -3.9482233e-01   9.3404032e+00   3.6000000e+01   4.3069574e+01   3.8000000e+01  -4.7000000e+01  -1.6815771e+00
  -2.4620401e+00   1.1215119e+01   3.6000000e+01   4.0291660e+01   3.8000000e+01  -4.7000000e+01  -1.0557718e+00
  -4.8335387e+00   1.3359789e+01   3.6000000e+01   3.7069294e+01   3.8000000e+01  -4.7000000e+01  -1.1062982e-01
  -6.6600024e+00   1.5461938e+01   3.6000000e+01   3.5074213e+01   3.8000000e+01  -4.7000000e+01   1.1912692e+00
  -8.5849148e+00   1.6697669e+01   3.6000000e+01   3.2989084e+01   3.8000000e+01  -4.7000000e+01   2.0043187e+00
  -1.0881765e+01   1.8522093e+01   3.6000000e+01   3.0481154e+01   3.8000000e+01  -4.7000000e+01   4.7669913e+00
  -1.2293795e+01   1.9454269e+01   3.6000000e+01   2.7901262e+01   3.8000000e+01  -4.7000000e+01   6.9417265e+00
  -1.4518389e+01   2.1517266e+01   3.6000000e+01   2.4756385e+01   3.8000000e+01  -4.7000000e+01   7.9862708e+00
  -1.6622530e+01   2.3282241e+01   3.6000000e+01   2.1546234e+01   3.8000000e+01  -4.7000000e+01   9.7850484e+00
  -1.8633750e+01   2.4303557e+01   3.6000000e+01   1.8783473e+01   3.8000000e+01  -4.7000000e+01   1.1868504e+01
  -2.1056037e+01   2.6727318e+01   3.6000000e+01   1.5794330e+01   3.8000000e+01  -4.7000000e+01   1.3040894e+01
  -2.3485645e+01   2.8000665e+01   3.6000000e+01   1.3083025e+01   3.8000000e+01  -4.7000000e+01   1.4533421e+01
  -2.5968845e+01   2.9383315e+01   3.6000000e+01   9.8320697e+00   3.8000000e+01  -4.7000000e+01   1.7407432e+01
  -2.5886820e+01   3.0797220e+01   3.6000000e+01   8.7505731e+00   3.8000000e+01  -4.7000000e+01   2.0417248e+01
  -2.8832446e+01   3.2918378e+01   3.6000000e+01   5.4071976e+00   3.8000000e+01  -4.7000000e+01   2.2672521e+01
  -2.9012216e+01   3.3103219e+01   3.6000000e+01   4.4635454e+00   3.8000000e+01  -4.7000000e+01   2.5466178e+01
  -2.9624869e+01   3.2323594e+01   3.6000000e+01   3.8325023e+00   3.8000000e+01  -4.7000000e+01   2.7275481e+01
  -3.0105791e+01   3.2652070e+01   3.6000000e+01   3.0289819e+00   3.8000000e+01  -4.7000000e+01   2.7882488e+01
  -3.1295174e+01   3.1739521e+01   3.6000000e+01   1.1672970e+00   3.8000000e+01  -4.7000000e+01   3.0818299e+01
  -3.2190737e+01   3.2841114e+01   3.6000000e+01   2.8262138e-01   3.8000000e+01  -4.7000000e+01   3.2114125e+01
  -3.4958391e+01   3.5037995e+01   3.6000000e+01  -1.2530023e+00   3.8000000e+01  -4.7000000e+01   3.4026080e+01
  -3.5902292e+01   3.6524110e+01   3.6000000e+01  -2.7548127e+00   3.8000000e+01  -4.7000000e+01   3.4482514e+01
  -3.7408554e+01   3.7432650e+01   3.6000000e+01  -5.3142299e+00   3.8000000e+01  -4.7000000e+01   3.6498454e+01
  -3.9191457e+01   3.7835597e+01   3.6000000e+01  -7.1716431e+00   3.8000000e+01  -4.7000000e+01   3.8580786e+01
  -4.0372357e+01   3.7489601e+01   3.6000000e+01  -9.0176938e+00   3.8000000e+01  -4.7000000e+01   3.9686648e+01
  -4.1413863e+01   3.8944855e+01   3.6000000e+01  -1.0475235e+01   3.8000000e+01  -4.7000000e+01   4.2143057e+01
  -4.3816209e+01   3.8529499e+01   3.6000000e+01  -1.2576797e+01   3.8000000e+01  -4.7000000e+01   4.5516061e+01
  -4.6046934e+01   3.8877868e+01   3.6000000e+01  -1.4474099e+01   3.8000000e+01  -4.7000000e+01   4.8000639e+01
  -4.7898136e+01   4.0120737e+01   3.6000000e+01  -1.5917192e+01   3.8000000e+01  -4.7000000e+01   5.0473173e+01
  -4.9948298e+01   4.1555000e+01   3.6000000e+01  -1.7606425e+01   3.8000000e+01  -4.7000000e+01   5.3022972e+01
  -5.0719864e+01   4.1432893e+01   3.6000000e+01  -1.9652786e+01   3.8000000e+01  -4.7000000e+01   5.5045777e+01
  -5.0512857e+01   4.3892209e+01   3.6000000e+01  -2.2679547e+01   3.8000000e+01  -4.7000000e+01   5.6977105e+01
  -4.8888423e+01   4.1991162e+01   3.6000000e+01  -2.4867704e+01   3.8000000e+01  -4.7000000e+01   6.1439637e+01
  -4.6507393e+01   3.8406044e+01   3.6000000e+01  -3.0267009e+01   3.8000000e+01  -4.7000000e+01   6.2487317e+01
  -3.6857431e+01   3.6986289e+01   3.6000000e+01  -3.3721002e+01   3.8000000e+01  -4.7000000e+01   5.7907060e+01
  -3.1909002e+01   3.0773769e+01   3.6000000e+01  -3.5101345e+01   3.8000000e+01  -4.7000000e+01   4.8894617e+01
  -2.5377800e+01   2.5005344e+01   3.6000000e+01  -3.3115000e+01   3.8000000e+01  -4.7000000e+01   3.8388164e+01
  -2.1486290e+01   2.1661544e+01   3.6000000e+01  -2.6575305e+01   3.8000000e+01  -4.7000000e+01   2.6870556e+01
  -1.5339181e+01   1.5453606e+01   3.6000000e+01  -1.6068631e+01   3.8000000e+01  -4.7000000e+01   1.5364356e+01
  -9.1704257e+00   1.3843070e+01   3.6000000e+01  -4.9464103e+00   3.8000000e+01  -4.7000000e+01   6.0623720e+00
  -2.6045366e+00   1.1444426e+01   3.6000000e+01   6.1837897e+00   3.8000000e+01  -4.7000000e+01   1.1471723e+00
   2.7959973e+00   7.7327285e+00   3.6000000e+01   1.7242582e+01   3.8000000e+01  -4.7000000e+01  -3.4175551e+00
   8.7092978e+00   1.5072276e+00   3.6000000e+01   2.7718603e+01   3.8000000e+01  -4.7000000e+01  -7.8815798e+00
   1.3393447e+01  -2.7779637e+00   3.6000000e+01   3.8308561e+01   3.8000000e+01  -4.7000000e+01  -1.2220933e+01
   1.3697236e+01  -6.2200879e+00   3.6000000e+01   4.8504363e+01   3.8000000e+01  -4.7000000e+01  -1.6972943e+01
   1.0412928e+01  -5.9652822e+00   3.6000000e+01   5.9235029e+01   3.8000000e+01  -4.7000000e+01  -1.8805613e+01
   9.6183466e+00  -6.4772072e+00   3.6000000e+01   6.2448094e+01   3.8000000e+01  -4.7000000e+01  -1.8868381e+01
   7.2445813e+00  -4.5204639e+00   3.6000000e+01   5.8207617e+01   3.8000000e+01  -4.7000000e+01  -1.6866930e+01
   3.9485765e+00  -8.4505228e-01   3.6000000e+01   5.2946633e+01   3.8000000e+01  -4.7000000e+01  -1.3723312e+01
   1.1138376e+00   1.2145709e+00   3.6000000e+01   4.8384829e+01   3.8000000e+01  -4.7000000e+01  -1.0248250e+01
  -1.0083048e+00   2.9740479e+00   3.6000000e+01   4.4872835e+01   3.8000000e+01  -4.7000000e+01  -7.4162463e+00
  -3.9211331e+00   6.5578358e+00   3.6000000e+01   4.0327882e+01   3.8000000e+01  -4.7000000e+01  -3.5537376e+00
  -7.3496539e+00   1.0405879e+01   3.6000000e+01   3.4970635e+01   3.8000000e+01  -4.7000000e+01  -7.9912019e-01
  -1.0980467e+01   1.3500227e+01   3.6000000e+01   3.0244244e+01   3.8000000e+01  -4.7000000e+01   1.8194254e+00
  -1.3807244e+01   1.6100123e+01   3.6000000e+01   2.5597338e+01   3.8000000e+01  -4.7000000e+01   5.0760823e+00
  -1.6663778e+01   1.7616792e+01   3.6000000e+01   2.2190155e+01   3.8000000e+01  -4.7000000e+01   7.7640157e+00
  -1.9223034e+01   1.8891087e+01   3.6000000e+01   1.9698143e+01   3.8000000e+01  -4.7000000e+01   1.0192040e+01
  -2.2301976e+01   2.1989132e+01   3.6000000e+01   1.6409225e+01   3.8000000e+01  -4.7000000e+01   1.1454938e+01
  -2.4810219e+01   2.4308215e+01   3.6000000e+01   1.3979834e+01   3.8000000e+01  -4.7000000e+01   1.2555078e+01
