  -2.4311285e+01   3.3288478e+01   5.1659272e+01   3.5326604e+00   1.9097603e+01  -4.2018872e+01   2.4835773e+01
  -2.1641332e+01   3.4672260e+01   3.7727676e+01   6.6406829e+00   2.0210349e+01  -4.7057486e+01   2.7171758e+01
  -2.1000000e+01   2.8713042e+01   3.6000000e+01   5.2189814e+00   3.1593031e+01  -4.7000000e+01   3.0991227e+01
  -2.1000000e+01   2.9612138e+01   3.6000000e+01   6.7430534e+00   3.6724944e+01  -4.7000000e+01   3.3241259e+01
  -2.1000000e+01   3.1022608e+01   3.6000000e+01   5.0659232e+00   3.6449652e+01  -4.7000000e+01   3.4907979e+01
  -2.1000000e+01   3.2175096e+01   3.6000000e+01   9.6974264e-01   3.4570044e+01  -4.7000000e+01   3.8150421e+01
  -2.1000000e+01   3.0736391e+01   3.6000000e+01  -6.7937986e-01   3.3669178e+01  -4.7000000e+01   4.1799691e+01
  -2.1000000e+01   3.1722766e+01   3.6000000e+01  -2.2712648e+00   3.2609119e+01  -4.7000000e+01   4.4215536e+01
  -2.1000000e+01   3.0837372e+01   3.6000000e+01  -4.2262338e+00   3.0920082e+01  -4.7000000e+01   4.7285595e+01
  -2.1000000e+01   3.0999431e+01   3.6000000e+01  -5.7760128e+00   2.9730984e+01  -4.7000000e+01   5.0180673e+01
  -2.1000000e+01   2.8834585e+01   3.6000000e+01  -6.6237348e+00   2.8192283e+01  -4.7000000e+01   5.3549012e+01
  -2.1000000e+01   2.7634943e+01   3.6000000e+01  -8.3679278e+00   2.6644916e+01  -4.7000000e+01   5.6052733e+01
  -2.1000000e+01   2.5513758e+01   3.6000000e+01  -1.0835518e+01   2.5791666e+01  -4.7000000e+01   5.9749269e+01
  -2.1000000e+01   2.3000753e+01   3.6000000e+01  -1.4412030e+01   2.4815158e+01  -4.7000000e+01   6.2351393e+01
  -2.1000000e+01   2.0413656e+01   3.6000000e+01  -1.8219507e+01   2.3912265e+01  -4.7000000e+01   6.4277430e+01
  -2.1000000e+01   2.2370466e+01   3.6000000e+01  -2.3125733e+01   2.1219149e+01  -4.7000000e+01   6.1067679e+01
  -2.1000000e+01   2.2438153e+01   3.6000000e+01  -2.5792076e+01   1.8297169e+01  -4.7000000e+01   5.3881027e+01
  -2.1000000e+01   2.3583791e+01   3.6000000e+01  -2.9427959e+01   2.0894827e+01  -4.7000000e+01   4.5932839e+01
  -2.1000000e+01   2.2970072e+01   3.6000000e+01  -2.9227084e+01   2.5263977e+01  -4.7000000e+01   3.5106777e+01
  -2.1000000e+01   2.3087366e+01   3.6000000e+01  -2.3632097e+01   3.1405715e+01  -4.7000000e+01   2.3939394e+01
  -2.1000000e+01   2.4633045e+01   3.6000000e+01  -2.0185195e+01   3.8135358e+01  -4.7000000e+01   1.2897063e+01
  -2.1000000e+01   2.3171782e+01   3.6000000e+01  -1.9866894e+01   3.9886509e+01  -4.7000000e+01   1.5407582e+00
  -2.1000000e+01   2.2424582e+01   3.6000000e+01  -1.9887858e+01   3.8911968e+01  -4.7000000e+01  -9.1567811e+00
  -2.1000000e+01   2.1474451e+01   3.6000000e+01  -1.5326210e+01   4.1175236e+01  -4.7000000e+01  -1.8498736e+01
  -2.1000000e+01   2.0574437e+01   3.6000000e+01  -9.4894993e+00   4.5773237e+01  -4.7000000e+01  -2.5853439e+01
  -2.1000000e+01   2.0216457e+01   3.6000000e+01  -4.2189875e+00   5.0534512e+01  -4.7000000e+01  -2.9423393e+01
  -2.1000000e+01   2.2511303e+01   3.6000000e+01   3.8348985e+00   5.5241634e+01  -4.7000000e+01  -2.8990655e+01
  -2.1000000e+01   2.3751390e+01   3.6000000e+01   1.2525718e+01   5.7937890e+01  -4.7000000e+01  -2.7880291e+01
  -2.1000000e+01   2.4835335e+01   3.6000000e+01   2.1530631e+01   5.8531760e+01  -4.7000000e+01  -2.6338944e+01
  -2.1000000e+01   2.4913856e+01   3.6000000e+01   3.0027911e+01   5.8067057e+01  -4.7000000e+01  -2.4604529e+01
  -2.1000000e+01   2.3741769e+01   3.6000000e+01   3.2967922e+01   5.9996650e+01  -4.7000000e+01  -2.3692962e+01
  -2.1000000e+01   2.2519854e+01   3.6000000e+01   3.4254992e+01   6.1799372e+01  -4.7000000e+01  -2.1990218e+01
  -2.1000000e+01   2.1476252e+01   3.6000000e+01   3.4881151e+01   6.2970404e+01  -4.7000000e+01  -1.9877391e+01
  -2.1000000e+01   2.1354532e+01   3.6000000e+01   3.4805980e+01   6.3250321e+01  -4.7000000e+01  -1.7700758e+01
  -2.1000000e+01   2.1280440e+01   3.6000000e+01   3.4489672e+01   6.2997953e+01  -4.7000000e+01  -1.4704191e+01
  -2.1000000e+01   2.1016221e+01   3.6000000e+01   3.3908788e+01   6.2173233e+01  -4.7000000e+01  -1.1269956e+01
  -2.1000000e+01   2.1052168e+01   3.6000000e+01   3.2770470e+01   6.0523459e+01  -4.7000000e+01  -7.5576866e+00
  -2.1000000e+01   2.1703543e+01   3.6000000e+01   3.1361365e+01   5.8355457e+01  -4.7000000e+01  -4.3326415e+00
  -2.1000000e+01   2.1907855e+01   3.6000000e+01   2.8733667e+01   5.6407458e+01  -4.7000000e+01   1.1221777e+00
  -2.1000000e+01   2.2131214e+01   3.6000000e+01   2.6080228e+01   5.3797566e+01  -4.7000000e+01   5.9716646e+00
  -2.1000000e+01   2.4153747e+01   3.6000000e+01   2.1612394e+01   4.9827012e+01  -4.7000000e+01   1.0608269e+01
  -2.1000000e+01   2.4336146e+01   3.6000000e+01   1.8021837e+01   4.6754011e+01  -4.7000000e+01   1.5038204e+01
  -2.1000000e+01   2.5536406e+01   3.6000000e+01   1.4961651e+01   4.3804110e+01  -4.7000000e+01   1.9297607e+01
  -2.1000000e+01   2.3952444e+01   3.6000000e+01   1.3062127e+01   4.3697243e+01  -4.7000000e+01   2.4583114e+01
  -2.1000000e+01   2.5867280e+01   3.6000000e+01   1.0333089e+01   4.0014253e+01  -4.7000000e+01   2.8336321e+01
  -2.1000000e+01   2.6111538e+01   3.6000000e+01   8.9758916e+00   3.7718785e+01  -4.7000000e+01   3.2247914e+01
  -2.1000000e+01   2.5778127e+01   3.6000000e+01   5.9631974e+00   3.6196447e+01  -4.7000000e+01   3.6793818e+01
  -2.1000000e+01   2.5996048e+01   3.6000000e+01   3.4170660e+00   3.3430222e+01  -4.7000000e+01   3.8465431e+01
  -2.1000000e+01   2.5928546e+01   3.6000000e+01   1.2546743e+00   3.1572377e+01  -4.7000000e+01   4.2941411e+01
  -2.1000000e+01   2.6631195e+01   3.6000000e+01  -1.3836622e+00   2.8255747e+01  -4.7000000e+01   4.4683190e+01
  -2.1000000e+01   2.6050414e+01   3.6000000e+01  -3.9873131e+00   2.6610961e+01  -4.7000000e+01   4.8139650e+01
  -2.1000000e+01   2.5189656e+01   3.6000000e+01  -5.9703582e+00   2.5113185e+01  -4.7000000e+01   5.2068666e+01
  -2.1000000e+01   2.3239462e+01   3.6000000e+01  -7.9891924e+00   2.3873022e+01  -4.7000000e+01   5.6148601e+01
  -2.1000000e+01   2.0481367e+01   3.6000000e+01  -1.0426294e+01   2.2246758e+01  -4.7000000e+01   5.9001457e+01
  -2.1000000e+01   1.8384184e+01   3.6000000e+01  -1.4796803e+01   2.1441969e+01  -4.7000000e+01   6.0545258e+01
  -2.1000000e+01   2.0046101e+01   3.6000000e+01  -2.0386477e+01   1.7854372e+01  -4.7000000e+01   5.9669718e+01
  -2.1000000e+01   2.1717669e+01   3.6000000e+01  -2.5802457e+01   1.7638064e+01  -4.7000000e+01   5.6732900e+01
  -2.1000000e+01   2.2837691e+01   3.6000000e+01  -2.8067262e+01   1.9104618e+01  -4.7000000e+01   4.6817755e+01
  -2.1000000e+01   2.2108965e+01   3.6000000e+01  -2.8281000e+01   2.4469778e+01  -4.7000000e+01   3.5882614e+01
  -2.1000000e+01   2.1698233e+01   3.6000000e+01  -2.4034922e+01   3.2387645e+01  -4.7000000e+01   2.4979649e+01
  -2.1000000e+01   2.3141520e+01   3.6000000e+01  -1.7313867e+01   4.0566191e+01  -4.7000000e+01   1.3498929e+01
  -2.1000000e+01   2.2876388e+01   3.6000000e+01  -9.7393506e+00   4.6738134e+01  -4.7000000e+01   4.4242284e+00
  -2.1000000e+01   2.2685171e+01   3.6000000e+01  -2.5877351e+00   5.0973509e+01  -4.7000000e+01  -2.8849777e+00
  -2.1000000e+01   2.2191860e+01   3.6000000e+01   4.3090445e+00   5.5658192e+01  -4.7000000e+01  -8.8663919e+00
  -2.1000000e+01   2.1293871e+01   3.6000000e+01   9.9511598e+00   5.9533459e+01  -4.7000000e+01  -1.4096096e+01
  -2.1000000e+01   2.1988504e+01   3.6000000e+01   1.5435014e+01   6.2143596e+01  -4.7000000e+01  -1.7381727e+01
  -2.1000000e+01   2.2440094e+01   3.6000000e+01   2.2190565e+01   6.2736007e+01  -4.7000000e+01  -2.0341802e+01
  -2.1000000e+01   2.2565853e+01   3.6000000e+01   3.0842858e+01   6.0681844e+01  -4.7000000e+01  -1.7714429e+01
  -2.1000000e+01   2.2440457e+01   3.6000000e+01   3.3389573e+01   6.1726858e+01  -4.7000000e+01  -1.6495756e+01
  -2.1000000e+01   2.1404144e+01   3.6000000e+01   3.3936906e+01   6.2034170e+01  -4.7000000e+01  -1.5586909e+01
  -2.1000000e+01   2.0376716e+01   3.6000000e+01   3.3972895e+01   6.1605081e+01  -4.7000000e+01  -1.3098337e+01
  -2.1000000e+01   1.9957578e+01   3.6000000e+01   3.3003001e+01   6.0640845e+01  -4.7000000e+01  -9.4599697e+00
  -2.1000000e+01   2.0303244e+01   3.6000000e+01   3.1556305e+01   5.8555157e+01  -4.7000000e+01  -6.1848417e+00
  -2.1000000e+01   2.0162411e+01   3.6000000e+01   2.9434725e+01   5.6213761e+01  -4.7000000e+01  -2.3872918e+00
  -2.1000000e+01   2.1576524e+01   3.6000000e+01   2.6400821e+01   5.3009744e+01  -4.7000000e+01   1.7951230e+00
  -2.1000000e+01   2.1474903e+01   3.6000000e+01   2.3020221e+01   4.9938395e+01  -4.7000000e+01   7.0993551e+00
  -2.1000000e+01   2.2450767e+01   3.6000000e+01   1.9835088e+01   4.5796689e+01  -4.7000000e+01   1.1018750e+01
  -2.1000000e+01   2.3514855e+01   3.6000000e+01   1.7247398e+01   4.2509161e+01  -4.7000000e+01   1.5099678e+01
  -2.1000000e+01   2.3806732e+01   3.6000000e+01   1.4253119e+01   4.1085414e+01  -4.7000000e+01   1.9723764e+01
  -2.1000000e+01   2.5023759e+01   3.6000000e+01   1.1767429e+01   3.9352778e+01  -4.7000000e+01   2.3700623e+01
  -2.1000000e+01   2.5873149e+01   3.6000000e+01   1.0389102e+01   3.9001784e+01  -4.7000000e+01   2.6813503e+01
  -2.1000000e+01   2.4805375e+01   3.6000000e+01   8.6215378e+00   3.8097628e+01  -4.7000000e+01   3.0134995e+01
  -2.1000000e+01   2.4684667e+01   3.6000000e+01   7.0943441e+00   3.6733848e+01  -4.7000000e+01   3.2407501e+01
  -2.1000000e+01   2.5281433e+01   3.6000000e+01   4.6549060e+00   3.6486519e+01  -4.7000000e+01   3.7253100e+01
  -2.1000000e+01   2.5978481e+01   3.6000000e+01   2.6854515e+00   3.5177253e+01  -4.7000000e+01   4.0599126e+01
  -2.1000000e+01   2.6045977e+01   3.6000000e+01   2.0107672e+00   3.4870334e+01  -4.7000000e+01   4.3230781e+01
  -2.1000000e+01   2.6325951e+01   3.6000000e+01   9.6148950e-01   3.2717077e+01  -4.7000000e+01   4.5718720e+01
  -2.1000000e+01   2.6251897e+01   3.6000000e+01  -4.2884533e-01   3.1920598e+01  -4.7000000e+01   4.8234593e+01
  -2.1000000e+01   2.5758584e+01   3.6000000e+01  -2.0992749e+00   3.0068066e+01  -4.7000000e+01   5.0315054e+01
  -2.1000000e+01   2.6307997e+01   3.6000000e+01  -4.6627447e+00   2.8007450e+01  -4.7000000e+01   5.3045617e+01
  -2.1000000e+01   2.5414968e+01   3.6000000e+01  -6.4469785e+00   2.5533078e+01  -4.7000000e+01   5.6036736e+01
  -2.1000000e+01   2.4359725e+01   3.6000000e+01  -8.3380883e+00   2.3636824e+01  -4.7000000e+01   5.8343725e+01
  -2.1000000e+01   2.3931102e+01   3.6000000e+01  -1.0632642e+01   2.2050997e+01  -4.7000000e+01   6.2132583e+01
  -2.1000000e+01   2.2160148e+01   3.6000000e+01  -1.2346128e+01   2.0479859e+01  -4.7000000e+01   6.3982192e+01
  -2.1000000e+01   2.2932814e+01   3.6000000e+01  -1.4411331e+01   1.8909199e+01  -4.7000000e+01   6.6705510e+01
  -2.1000000e+01   2.0902365e+01   3.6000000e+01  -1.6715633e+01   1.7549701e+01  -4.7000000e+01   6.8072107e+01
  -2.1000000e+01   2.2637408e+01   3.6000000e+01  -2.0366577e+01   1.6116486e+01  -4.7000000e+01   6.9336255e+01
  -2.1000000e+01   2.2435286e+01   3.6000000e+01  -2.4380659e+01   1.4245934e+01  -4.7000000e+01   7.0593689e+01
  -2.1000000e+01   2.1035971e+01   3.6000000e+01  -2.7980843e+01   1.1662794e+01  -4.7000000e+01   7.2664497e+01
  -2.1000000e+01   2.0705330e+01   3.6000000e+01  -3.1319360e+01   9.7286458e+00  -4.7000000e+01   7.3808218e+01
  -2.1000000e+01   2.0356128e+01   3.6000000e+01  -3.2629539e+01   1.0727782e+01  -4.7000000e+01   7.1102361e+01
  -2.1000000e+01   2.3441160e+01   3.6000000e+01  -3.0580788e+01   1.3052417e+01  -4.7000000e+01   6.0626835e+01
  -2.1000000e+01   2.1893668e+01   3.6000000e+01  -2.6175545e+01   1.8714130e+01  -4.7000000e+01   4.8979772e+01
  -2.1000000e+01   2.0162951e+01   3.6000000e+01  -2.2630499e+01   2.7288973e+01  -4.7000000e+01   3.6853417e+01
  -2.1000000e+01   2.3113593e+01   3.6000000e+01  -1.4914951e+01   3.7105682e+01  -4.7000000e+01   2.5236292e+01
  -2.1000000e+01   2.4400818e+01   3.6000000e+01  -7.4629905e+00   4.4139981e+01  -4.7000000e+01   1.4438575e+01
  -2.1000000e+01   2.4105502e+01   3.6000000e+01  -2.0521079e-01   4.9813583e+01  -4.7000000e+01   5.4647064e+00
  -2.1000000e+01   2.2041081e+01   3.6000000e+01   6.3506687e+00   5.3571971e+01  -4.7000000e+01  -2.6457648e+00
  -2.1000000e+01   2.1469683e+01   3.6000000e+01   1.1930178e+01   5.6942513e+01  -4.7000000e+01  -8.5689903e+00
  -2.1000000e+01   2.1984105e+01   3.6000000e+01   1.8079681e+01   5.9054636e+01  -4.7000000e+01  -1.2994386e+01
  -2.1000000e+01   2.2382747e+01   3.6000000e+01   2.5288917e+01   5.9962878e+01  -4.7000000e+01  -1.4945577e+01
  -2.1000000e+01   2.3038858e+01   3.6000000e+01   3.1726217e+01   6.0219763e+01  -4.7000000e+01  -1.4399074e+01
  -2.1000000e+01   2.3022817e+01   3.6000000e+01   3.3200560e+01   6.1100665e+01  -4.7000000e+01  -1.4107166e+01
  -2.1000000e+01   2.3140469e+01   3.6000000e+01   3.2977331e+01   6.0984073e+01  -4.7000000e+01  -1.3933668e+01
  -2.1000000e+01   2.3083038e+01   3.6000000e+01   3.2847220e+01   6.0604252e+01  -4.7000000e+01  -1.1619286e+01
  -2.1000000e+01   2.2639222e+01   3.6000000e+01   3.2180566e+01   5.9327177e+01  -4.7000000e+01  -7.8621051e+00
  -2.1000000e+01   2.2205733e+01   3.6000000e+01   3.0693819e+01   5.7402385e+01  -4.7000000e+01  -5.4550973e+00
  -2.1000000e+01   2.1179896e+01   3.6000000e+01   2.9643846e+01   5.5337383e+01  -4.7000000e+01  -1.7054270e+00
  -2.1000000e+01   2.1099286e+01   3.6000000e+01   2.7411994e+01   5.3272467e+01  -4.7000000e+01   2.4889698e+00
  -2.1000000e+01   2.2301392e+01   3.6000000e+01   2.4719446e+01   5.0182173e+01  -4.7000000e+01   6.0442810e+00
  -2.1000000e+01   2.3355174e+01   3.6000000e+01   2.0345179e+01   4.5996580e+01  -4.7000000e+01   1.0635358e+01
  -2.1000000e+01   2.3024387e+01   3.6000000e+01   1.8300337e+01   4.3147438e+01  -4.7000000e+01   1.4938741e+01
  -2.1000000e+01   2.2056438e+01   3.6000000e+01   1.6933363e+01   4.1969735e+01  -4.7000000e+01   2.0052296e+01
  -2.1000000e+01   2.2696046e+01   3.6000000e+01   1.3125113e+01   3.9619296e+01  -4.7000000e+01   2.4933395e+01
  -2.1000000e+01   2.2516807e+01   3.6000000e+01   1.1999940e+01   3.8832120e+01  -4.7000000e+01   2.9565527e+01
  -2.1000000e+01   2.4312965e+01   3.6000000e+01   7.6834701e+00   3.4843145e+01  -4.7000000e+01   3.3136374e+01
  -2.1000000e+01   2.5137241e+01   3.6000000e+01   5.5557273e+00   3.2415880e+01  -4.7000000e+01   3.6420532e+01
  -2.1000000e+01   2.4237366e+01   3.6000000e+01   3.9168456e+00   3.1157217e+01  -4.7000000e+01   3.9261365e+01
  -2.1000000e+01   2.6166209e+01   3.6000000e+01   1.0807667e+00   2.8640333e+01  -4.7000000e+01   4.1526051e+01
  -2.1000000e+01   2.5897410e+01   3.6000000e+01  -9.0047718e-01   2.6108885e+01  -4.7000000e+01   4.5390691e+01
  -2.1000000e+01   2.4606339e+01   3.6000000e+01  -2.1515049e+00   2.4771718e+01  -4.7000000e+01   4.7645964e+01
  -2.1000000e+01   2.3795651e+01   3.6000000e+01  -3.8152658e+00   2.4187445e+01  -4.7000000e+01   5.1076448e+01
  -2.1000000e+01   2.3851706e+01   3.6000000e+01  -5.0530459e+00   2.1869398e+01  -4.7000000e+01   5.3860488e+01
  -2.1000000e+01   2.3243145e+01   3.6000000e+01  -6.8904097e+00   2.0070602e+01  -4.7000000e+01   5.7402185e+01
  -2.1000000e+01   2.2192999e+01   3.6000000e+01  -7.7648727e+00   1.8367294e+01  -4.7000000e+01   6.0099557e+01
  -2.1000000e+01   2.0684174e+01   3.6000000e+01  -9.0389837e+00   1.5821394e+01  -4.7000000e+01   6.2814811e+01
  -2.1000000e+01   1.9897252e+01   3.6000000e+01  -1.0733627e+01   1.3634741e+01  -4.7000000e+01   6.4565943e+01
  -2.1000000e+01   2.1557551e+01   3.6000000e+01  -1.3496383e+01   1.1250296e+01  -4.7000000e+01   6.6624456e+01
  -2.1000000e+01   2.0418376e+01   3.6000000e+01  -1.6438897e+01   8.7370486e+00  -4.7000000e+01   6.7878077e+01
  -2.1000000e+01   2.1097039e+01   3.6000000e+01  -2.0135337e+01   6.6994452e+00  -4.7000000e+01   6.9263908e+01
  -2.1000000e+01   2.1469948e+01   3.6000000e+01  -2.4578872e+01   6.2464965e+00  -4.7000000e+01   6.4479305e+01
  -2.1000000e+01   2.1350941e+01   3.6000000e+01  -2.9193190e+01   5.6527098e+00  -4.7000000e+01   5.4356607e+01
  -2.1000000e+01   2.3755765e+01   3.6000000e+01  -3.1877389e+01   9.9004775e+00  -4.7000000e+01   4.3241032e+01
  -2.1000000e+01   2.3707940e+01   3.6000000e+01  -2.8600522e+01   1.9264796e+01  -4.7000000e+01   3.1973770e+01
  -2.1000000e+01   2.2131981e+01   3.6000000e+01  -2.0520860e+01   3.0327508e+01  -4.7000000e+01   2.0829170e+01
  -2.1000000e+01   2.5091013e+01   3.6000000e+01  -1.3103758e+01   4.0363496e+01  -4.7000000e+01   1.1313699e+01
  -2.1000000e+01   2.5635943e+01   3.6000000e+01  -6.2120473e+00   4.7371556e+01  -4.7000000e+01   2.8259425e+00
  -2.1000000e+01   2.4939671e+01   3.6000000e+01   1.2608625e+00   5.1568799e+01  -4.7000000e+01  -4.9399526e+00
  -2.1000000e+01   2.3442195e+01   3.6000000e+01   7.6637787e+00   5.5986731e+01  -4.7000000e+01  -1.1220232e+01
  -2.1000000e+01   2.4033442e+01   3.6000000e+01   1.3269958e+01   5.9875666e+01  -4.7000000e+01  -1.5881998e+01
  -2.1000000e+01   2.4224799e+01   3.6000000e+01   1.9244417e+01   6.2424332e+01  -4.7000000e+01  -1.9015806e+01
  -2.1000000e+01   2.4628044e+01   3.6000000e+01   2.6293490e+01   6.2251496e+01  -4.7000000e+01  -2.0891239e+01
  -2.1000000e+01   2.4021271e+01   3.6000000e+01   3.3684191e+01   6.1454690e+01  -4.7000000e+01  -2.0328438e+01
  -2.1000000e+01   2.3452216e+01   3.6000000e+01   3.6325402e+01   6.2395681e+01  -4.7000000e+01  -1.9310751e+01
  -2.1000000e+01   2.2527653e+01   3.6000000e+01   3.7079597e+01   6.3097834e+01  -4.7000000e+01  -1.7447960e+01
  -2.1000000e+01   2.2915262e+01   3.6000000e+01   3.6596718e+01   6.3249056e+01  -4.7000000e+01  -1.6831910e+01
  -2.1000000e+01   2.2329020e+01   3.6000000e+01   3.6770654e+01   6.2632757e+01  -4.7000000e+01  -1.3767925e+01
  -2.1000000e+01   2.2295848e+01   3.6000000e+01   3.5679066e+01   6.1579474e+01  -4.7000000e+01  -1.1521721e+01
  -2.1000000e+01   2.1993448e+01   3.6000000e+01   3.3736889e+01   5.9731067e+01  -4.7000000e+01  -8.7974092e+00
  -2.1000000e+01   2.2016066e+01   3.6000000e+01   3.2003339e+01   5.7468353e+01  -4.7000000e+01  -5.4339682e+00
  -2.1000000e+01   2.2105041e+01   3.6000000e+01   2.9767727e+01   5.4576352e+01  -4.7000000e+01  -1.3880469e+00
  -2.1000000e+01   2.3048423e+01   3.6000000e+01   2.6688113e+01   5.1367982e+01  -4.7000000e+01   3.2012864e+00
  -2.1000000e+01   2.3515877e+01   3.6000000e+01   2.3636905e+01   4.7382934e+01  -4.7000000e+01   7.1925527e+00
  -2.1000000e+01   2.4121772e+01   3.6000000e+01   2.1356624e+01   4.4217459e+01  -4.7000000e+01   1.1157942e+01
  -2.1000000e+01   2.4128975e+01   3.6000000e+01   1.9560959e+01   4.2428915e+01  -4.7000000e+01   1.3882215e+01
  -2.1000000e+01   2.3694606e+01   3.6000000e+01   1.7509727e+01   4.1326418e+01  -4.7000000e+01   1.8883144e+01
  -2.1000000e+01   2.3844269e+01   3.6000000e+01   1.5158423e+01   3.9563763e+01  -4.7000000e+01   2.3513985e+01
  -2.1000000e+01   2.4811367e+01   3.6000000e+01   1.3107861e+01   3.7325780e+01  -4.7000000e+01   2.6111448e+01
  -2.1000000e+01   2.5300926e+01   3.6000000e+01   1.1379097e+01   3.5952553e+01  -4.7000000e+01   2.8884270e+01
  -2.1000000e+01   2.6972250e+01   3.6000000e+01   8.1402496e+00   3.3102218e+01  -4.7000000e+01   3.2655874e+01
  -2.1000000e+01   2.6057522e+01   3.6000000e+01   6.8447471e+00   3.1822056e+01  -4.7000000e+01   3.4831786e+01
  -2.1000000e+01   2.6477077e+01   3.6000000e+01   4.5309053e+00   2.9891547e+01  -4.7000000e+01   3.6961457e+01
  -2.1000000e+01   2.6507572e+01   3.6000000e+01   3.2486312e+00   2.8134988e+01  -4.7000000e+01   3.9372102e+01
  -2.1000000e+01   2.6160811e+01   3.6000000e+01   1.8751199e+00   2.6200320e+01  -4.7000000e+01   4.1250228e+01
  -2.1000000e+01   2.6096683e+01   3.6000000e+01   2.3081516e-02   2.4601513e+01  -4.7000000e+01   4.3590078e+01
  -2.1000000e+01   2.5887615e+01   3.6000000e+01  -1.7694611e+00   2.3421799e+01  -4.7000000e+01   4.5352051e+01
  -2.1000000e+01   2.4373145e+01   3.6000000e+01  -2.7501004e+00   2.1806689e+01  -4.7000000e+01   4.7642960e+01
  -2.1000000e+01   2.5018433e+01   3.6000000e+01  -4.6186191e+00   1.9188700e+01  -4.7000000e+01   5.0629195e+01
  -2.1000000e+01   2.4359347e+01   3.6000000e+01  -5.7868386e+00   1.6471465e+01  -4.7000000e+01   5.2841447e+01
  -2.1000000e+01   2.3540018e+01   3.6000000e+01  -6.8795380e+00   1.4661516e+01  -4.7000000e+01   5.4673176e+01
  -2.1000000e+01   2.2471283e+01   3.6000000e+01  -7.6358114e+00   1.2677877e+01  -4.7000000e+01   5.6578441e+01
  -2.1000000e+01   2.2237401e+01   3.6000000e+01  -8.3571979e+00   1.0823029e+01  -4.7000000e+01   5.8713486e+01
  -2.1000000e+01   2.1803398e+01   3.6000000e+01  -1.0330065e+01   8.5794841e+00  -4.7000000e+01   5.9856821e+01
  -2.1000000e+01   2.2653330e+01   3.6000000e+01  -1.2778941e+01   5.8171805e+00  -4.7000000e+01   6.0860454e+01
  -2.1000000e+01   2.4501343e+01   3.6000000e+01  -1.6777302e+01   3.7431226e+00  -4.7000000e+01   6.1808433e+01
  -2.1000000e+01   2.6086581e+01   3.6000000e+01  -2.0919004e+01   1.6533781e+00  -4.7000000e+01   6.2006863e+01
  -2.1000000e+01   2.5316967e+01   3.6000000e+01  -2.4998183e+01  -1.6058523e-01  -4.7000000e+01   6.0566363e+01
  -2.1000000e+01   2.4385585e+01   3.6000000e+01  -2.8310268e+01  -2.8405931e-01  -4.7000000e+01   5.5407432e+01
  -2.1000000e+01   2.5495931e+01   3.6000000e+01  -3.2280558e+01   2.2225368e+00  -4.7000000e+01   4.7200722e+01
  -2.1000000e+01   2.5681177e+01   3.6000000e+01  -3.2989645e+01   8.5849063e+00  -4.7000000e+01   3.7904008e+01
  -2.1000000e+01   2.3051450e+01   3.6000000e+01  -2.6495437e+01   1.8315135e+01  -4.7000000e+01   2.9473645e+01
  -2.1000000e+01   2.2957961e+01   3.6000000e+01  -1.6448768e+01   2.9507351e+01  -4.7000000e+01   2.0950935e+01
  -2.1000000e+01   2.3810641e+01   3.6000000e+01  -5.2804652e+00   3.9219416e+01  -4.7000000e+01   1.0841146e+01
  -2.1000000e+01   2.5887794e+01   3.6000000e+01   2.2970229e+00   4.3999406e+01  -4.7000000e+01   2.2435231e+00
  -2.1000000e+01   2.4770344e+01   3.6000000e+01   1.0067152e+01   4.7518641e+01  -4.7000000e+01  -4.0151488e+00
  -2.1000000e+01   2.4042884e+01   3.6000000e+01   1.6166631e+01   5.2396982e+01  -4.7000000e+01  -9.3545739e+00
  -2.1000000e+01   2.3588783e+01   3.6000000e+01   2.1845194e+01   5.5612487e+01  -4.7000000e+01  -1.4696187e+01
  -2.1000000e+01   2.4310622e+01   3.6000000e+01   2.9416476e+01   5.6844286e+01  -4.7000000e+01  -1.5470482e+01
  -2.1000000e+01   2.4438105e+01   3.6000000e+01   3.3272680e+01   5.8740720e+01  -4.7000000e+01  -1.5831494e+01
  -2.1000000e+01   2.3908242e+01   3.6000000e+01   3.4691364e+01   6.0525194e+01  -4.7000000e+01  -1.4826525e+01
  -2.1000000e+01   2.3539854e+01   3.6000000e+01   3.4852238e+01   6.0561898e+01  -4.7000000e+01  -1.4424550e+01
  -2.1000000e+01   2.2791122e+01   3.6000000e+01   3.4667919e+01   6.0755593e+01  -4.7000000e+01  -1.3021508e+01
  -2.1000000e+01   2.2866423e+01   3.6000000e+01   3.4274676e+01   6.0463819e+01  -4.7000000e+01  -1.2328511e+01
  -2.1000000e+01   2.3085234e+01   3.6000000e+01   3.3203381e+01   5.8986449e+01  -4.7000000e+01  -1.0991117e+01
  -2.1000000e+01   2.3757732e+01   3.6000000e+01   3.2487626e+01   5.7634494e+01  -4.7000000e+01  -9.0336112e+00
  -2.1000000e+01   2.3627822e+01   3.6000000e+01   3.1505153e+01   5.5762410e+01  -4.7000000e+01  -7.4127084e+00
  -2.1000000e+01   2.3783897e+01   3.6000000e+01   3.0442246e+01   5.4800444e+01  -4.7000000e+01  -3.6111280e+00
  -2.1000000e+01   2.3588943e+01   3.6000000e+01   2.8472215e+01   5.3082147e+01  -4.7000000e+01  -3.3209564e-01
  -2.1000000e+01   2.4264892e+01   3.6000000e+01   2.5915707e+01   5.0298440e+01  -4.7000000e+01   2.1802129e+00
  -2.1000000e+01   2.4730706e+01   3.6000000e+01   2.3199910e+01   4.7860544e+01  -4.7000000e+01   5.5468062e+00
  -2.1000000e+01   2.4398656e+01   3.6000000e+01   2.1223687e+01   4.6737840e+01  -4.7000000e+01   9.1794856e+00
  -2.1000000e+01   2.5510044e+01   3.6000000e+01   1.8694618e+01   4.4024212e+01  -4.7000000e+01   1.2056556e+01
  -2.1000000e+01   2.5469860e+01   3.6000000e+01   1.6531277e+01   4.1831944e+01  -4.7000000e+01   1.5253763e+01
  -2.1000000e+01   2.5172997e+01   3.6000000e+01   1.4473662e+01   4.1112620e+01  -4.7000000e+01   1.9649590e+01
  -2.1000000e+01   2.7012230e+01   3.6000000e+01   1.2570044e+01   3.9156908e+01  -4.7000000e+01   2.2984651e+01
  -2.1000000e+01   2.7309049e+01   3.6000000e+01   1.0494052e+01   3.8381982e+01  -4.7000000e+01   2.6729845e+01
  -2.1000000e+01   2.7707332e+01   3.6000000e+01   9.0232603e+00   3.6696614e+01  -4.7000000e+01   2.9790670e+01
  -2.1000000e+01   2.6592697e+01   3.6000000e+01   8.5479291e+00   3.6503414e+01  -4.7000000e+01   3.2069360e+01
  -2.1000000e+01   2.7027991e+01   3.6000000e+01   7.0851885e+00   3.4135352e+01  -4.7000000e+01   3.3101283e+01
  -2.1000000e+01   2.5260398e+01   3.6000000e+01   6.1673485e+00   3.4711263e+01  -4.7000000e+01   3.6222562e+01
  -2.1000000e+01   2.5671072e+01   3.6000000e+01   5.6165693e+00   3.4069452e+01  -4.7000000e+01   3.8121690e+01
  -2.1000000e+01   2.6042585e+01   3.6000000e+01   5.2897755e+00   3.3175229e+01  -4.7000000e+01   4.0865949e+01
  -2.1000000e+01   2.7241959e+01   3.6000000e+01   3.3290489e+00   3.0526669e+01  -4.7000000e+01   4.2102552e+01
  -2.1000000e+01   2.7431262e+01   3.6000000e+01   6.7763596e-01   2.8404005e+01  -4.7000000e+01   4.4362045e+01
  -2.1000000e+01   2.7181844e+01   3.6000000e+01  -1.2304580e+00   2.6812800e+01  -4.7000000e+01   4.6933689e+01
  -2.1000000e+01   2.6343969e+01   3.6000000e+01  -3.3259742e+00   2.5488407e+01  -4.7000000e+01   4.8766212e+01
  -2.1000000e+01   2.6855055e+01   3.6000000e+01  -4.9402713e+00   2.4112639e+01  -4.7000000e+01   5.1152047e+01
  -2.1000000e+01   2.5279217e+01   3.6000000e+01  -6.6954459e+00   2.2779837e+01  -4.7000000e+01   5.4562430e+01
  -2.1000000e+01   2.4150855e+01   3.6000000e+01  -8.5539338e+00   2.1441628e+01  -4.7000000e+01   5.7354406e+01
  -2.1000000e+01   2.3341314e+01   3.6000000e+01  -1.0400865e+01   1.9868824e+01  -4.7000000e+01   5.9644131e+01
  -2.1000000e+01   2.2375641e+01   3.6000000e+01  -1.2523633e+01   1.8746822e+01  -4.7000000e+01   6.2059314e+01
  -2.1000000e+01   2.1325524e+01   3.6000000e+01  -1.5100856e+01   1.7368210e+01  -4.7000000e+01   6.3699481e+01
  -2.1000000e+01   2.2313678e+01   3.6000000e+01  -1.9264506e+01   1.6000875e+01  -4.7000000e+01   6.4649715e+01
  -2.1000000e+01   2.2428057e+01   3.6000000e+01  -2.3271545e+01   1.3167390e+01  -4.7000000e+01   6.6423051e+01
  -2.1000000e+01   2.2557154e+01   3.6000000e+01  -2.8715392e+01   1.1364286e+01  -4.7000000e+01   6.7741494e+01
  -2.1000000e+01   2.8578733e+01   3.6000000e+01  -3.4584263e+01   9.2283215e+00  -4.7000000e+01   6.0251676e+01
  -2.1000000e+01   2.5301620e+01   3.6000000e+01  -3.7398360e+01   1.1652676e+01  -4.7000000e+01   5.0845037e+01
  -2.1000000e+01   2.3612589e+01   3.6000000e+01  -3.6375668e+01   1.6912595e+01  -4.7000000e+01   3.9712162e+01
  -2.1000000e+01   2.2507173e+01   3.6000000e+01  -3.0106549e+01   2.3737787e+01  -4.7000000e+01   2.7912158e+01
  -2.1000000e+01   1.9048172e+01   3.6000000e+01  -2.0926094e+01   3.3053085e+01  -4.7000000e+01   1.6415697e+01
  -2.1000000e+01   1.9848438e+01   3.6000000e+01  -1.1467466e+01   3.9822277e+01  -4.7000000e+01   5.6201653e+00
  -2.1000000e+01   2.1126575e+01   3.6000000e+01  -2.8449655e+00   4.4429086e+01  -4.7000000e+01  -3.3914579e+00
  -2.1000000e+01   2.1069561e+01   3.6000000e+01   5.3680919e+00   4.8535756e+01  -4.7000000e+01  -1.1157925e+01
  -2.1000000e+01   1.9346230e+01   3.6000000e+01   1.1687736e+01   5.2921585e+01  -4.7000000e+01  -1.7587437e+01
  -2.1000000e+01   1.9421312e+01   3.6000000e+01   1.7692192e+01   5.6680986e+01  -4.7000000e+01  -2.2007641e+01
  -2.1000000e+01   1.8500329e+01   3.6000000e+01   2.4624547e+01   5.7947040e+01  -4.7000000e+01  -2.4748768e+01
  -2.1000000e+01   1.9006143e+01   3.6000000e+01   3.3704972e+01   5.6741081e+01  -4.7000000e+01  -2.4585733e+01
  -2.1000000e+01   1.8178931e+01   3.6000000e+01   3.7959389e+01   5.8133983e+01  -4.7000000e+01  -2.4641246e+01
  -2.1000000e+01   1.7561277e+01   3.6000000e+01   3.8313677e+01   5.9182948e+01  -4.7000000e+01  -2.4677055e+01
  -2.1000000e+01   1.7578047e+01   3.6000000e+01   3.8076706e+01   5.9554299e+01  -4.7000000e+01  -2.3123205e+01
  -2.1000000e+01   1.6791459e+01   3.6000000e+01   3.7310632e+01   5.8931753e+01  -4.7000000e+01  -2.0768326e+01
  -2.1000000e+01   1.6664473e+01   3.6000000e+01   3.6298615e+01   5.8187801e+01  -4.7000000e+01  -1.8534195e+01
  -2.1000000e+01   1.7707815e+01   3.6000000e+01   3.4533609e+01   5.6514448e+01  -4.7000000e+01  -1.4805371e+01
  -2.1000000e+01   1.8857752e+01   3.6000000e+01   3.1631733e+01   5.3394007e+01  -4.7000000e+01  -1.1208828e+01
  -2.1000000e+01   1.9492723e+01   3.6000000e+01   2.8404275e+01   4.9312309e+01  -4.7000000e+01  -6.6647090e+00
  -2.1000000e+01   2.0370916e+01   3.6000000e+01   2.4161900e+01   4.5066305e+01  -4.7000000e+01  -1.1861572e+00
  -2.1000000e+01   2.0129758e+01   3.6000000e+01   2.1373823e+01   4.2406985e+01  -4.7000000e+01   3.9683907e+00
  -2.1000000e+01   1.9570482e+01   3.6000000e+01   2.0200471e+01   4.1838547e+01  -4.7000000e+01   8.3864634e+00
  -2.1000000e+01   2.0959641e+01   3.6000000e+01   1.7637291e+01   3.8732178e+01  -4.7000000e+01   1.1800590e+01
  -2.1000000e+01   2.1909099e+01   3.6000000e+01   1.5803442e+01   3.6428748e+01  -4.7000000e+01   1.4563508e+01
