   2.9498884e+00   1.9902861e+01   5.6587630e+01   3.5317825e+00   1.9026822e+01  -4.2042523e+01   3.8484013e+02
   1.6959870e+00   2.0815555e+01   5.6714862e+01   6.6422452e+00   2.0141303e+01  -4.7533810e+01   3.8717793e+02
   3.2366941e-01   2.2059074e+01   5.5437018e+01   3.3736682e+00   2.1823869e+01  -4.6746145e+01   3.9024425e+02
   5.5583478e-01   2.4783133e+01   5.4312175e+01   6.5806087e+00   2.2467353e+01  -5.1854044e+01   3.9160547e+02
   6.7436939e-01   2.6927706e+01   5.3632689e+01   4.7714278e+00   2.2690170e+01  -5.3004487e+01   3.9238589e+02
  -2.5163211e-01   2.8782277e+01   5.1212557e+01  -4.5357939e+00   2.4406693e+01  -4.7499397e+01   3.9511407e+02
  -4.8360589e+00   2.9191246e+01   4.6453634e+01  -6.3830175e+00   2.9556295e+01  -4.7208216e+01   3.9759230e+02
  -4.4401457e+00   3.0104038e+01   4.5749550e+01  -5.2354847e+00   2.9449310e+01  -5.0120104e+01   3.9950950e+02
  -8.2193853e+00   3.0263969e+01   4.1327865e+01  -9.9088924e+00   3.2696930e+01  -4.6929665e+01   4.0150742e+02
  -1.0911779e+01   3.0874134e+01   3.7514653e+01  -8.7772314e+00   3.6850895e+01  -4.9771002e+01   4.0366494e+02
  -1.5946950e+01   2.8532674e+01   3.0650359e+01  -4.0627974e+00   4.2471443e+01  -5.4879421e+01   4.0669955e+02
  -2.0543091e+01   2.7633394e+01   2.5291100e+01  -1.0007280e+01   4.6261260e+01  -5.0447875e+01   4.0742484e+02
  -2.6177971e+01   2.3603724e+01   1.7367746e+01  -8.8609276e+00   5.6690510e+01  -5.2567116e+01   4.1061097e+02
  -2.9407124e+01   1.6404997e+01   6.7454850e+00  -9.3341817e+00   6.6628475e+01  -5.2879996e+01   4.1338957e+02
  -3.0181625e+01   9.6411328e+00  -9.2235979e-01  -7.7808352e+00   7.7084194e+01  -5.4018484e+01   4.1487466e+02
  -2.5815103e+01   1.1598117e+01  -4.7582339e+00  -1.2718490e+01   7.5590359e+01  -5.3239927e+01   4.1095715e+02
  -2.3232246e+01   1.0779604e+01  -5.3301606e+00  -1.0615434e+01   7.7063779e+01  -5.3223252e+01   4.0384871e+02
  -2.0531094e+01   1.2383071e+01  -3.6454847e+00  -1.2029436e+01   8.1087824e+01  -5.2549250e+01   3.9749213e+02
  -1.5583396e+01   1.4440437e+01   5.1824370e+00  -6.2569292e+00   7.3065636e+01  -5.8914515e+01   3.8616867e+02
  -9.4317581e+00   1.6054499e+01   1.8352506e+01  -8.0186481e+00   6.3938500e+01  -5.1504030e+01   3.7858164e+02
  -3.7566537e+00   1.6856912e+01   2.7567182e+01  -8.5692778e+00   6.0062850e+01  -4.7772883e+01   3.7026458e+02
  -1.5114739e+00   1.4902443e+01   3.0846719e+01  -9.0044190e+00   5.8583967e+01  -4.5995956e+01   3.5737279e+02
  -2.9258302e-01   1.3289514e+01   3.0052027e+01  -5.1828979e+00   6.1865833e+01  -4.8357449e+01   3.4811401e+02
   1.3183104e+00   1.0537899e+01   3.5850914e+01   9.4260761e-01   5.6176683e+01  -5.0362077e+01   3.3995698e+02
   4.0451965e+00   6.0344243e+00   4.3515801e+01   7.2387098e+00   4.6645832e+01  -4.9275895e+01   3.3164065e+02
   6.3652070e+00   1.8342347e+00   4.7446801e+01   8.6963421e+00   4.2254832e+01  -4.2074209e+01   3.2848121e+02
   7.7510824e+00  -1.5328798e+00   5.6624436e+01   1.1449021e+01   2.9165263e+01  -2.9799938e+01   3.1853483e+02
   6.9856209e+00  -4.3534743e+00   6.0641784e+01   2.3483604e+01   2.0750626e+01  -2.8818758e+01   3.1468126e+02
   5.6091254e+00  -5.5575456e+00   6.1402109e+01   2.5160170e+01   2.0346778e+01  -1.8964967e+01   3.1778502e+02
   4.6560275e+00  -5.1580230e+00   6.1178828e+01   2.9648586e+01   1.7476835e+01  -1.8513115e+01   3.2761286e+02
   4.3116264e+00  -4.8050668e+00   6.0346274e+01   2.8963435e+01   1.8197223e+01  -2.0879355e+01   3.3441143e+02
   4.8882726e+00  -5.0502096e+00   5.9000999e+01   3.9932334e+01   1.8862479e+01  -3.3849155e+01   3.3934365e+02
   2.4325854e+00  -2.9323815e+00   6.0449966e+01   3.3306875e+01   2.0325668e+01  -3.1109600e+01   3.4251230e+02
   2.9025149e+00  -1.2977686e+00   5.9816685e+01   3.6719793e+01   1.9396549e+01  -3.8868078e+01   3.4784356e+02
   1.8368192e+00   1.3865835e+00   5.9259608e+01   2.7725556e+01   2.1625467e+01  -3.3520705e+01   3.5191133e+02
   2.1498271e+00   2.8205181e+00   5.9267772e+01   3.0155626e+01   2.1014364e+01  -3.9133710e+01   3.5625846e+02
   2.2735844e+00   4.7578764e+00   5.8181400e+01   2.9480987e+01   2.0771222e+01  -4.2119212e+01   3.6145548e+02
   2.5759232e+00   7.1101186e+00   5.7987052e+01   3.6017850e+01   1.8875929e+01  -5.2918828e+01   3.6475056e+02
   1.4079712e+00   9.7346435e+00   5.7280092e+01   3.0402489e+01   2.1465618e+01  -5.2203291e+01   3.7023035e+02
   1.0551098e+00   1.1823266e+01   5.6237285e+01   3.0515955e+01   2.2034244e+01  -5.6023392e+01   3.7362921e+02
   1.2088220e+00   1.5555280e+01   5.6079232e+01   1.7125335e+01   2.1141175e+01  -4.7673785e+01   3.7584991e+02
   5.0140640e-01   1.6299589e+01   5.5427480e+01   1.1979980e+01   2.1461417e+01  -4.4755342e+01   3.7905064e+02
   8.3352443e-01   1.7948301e+01   5.4081773e+01   1.5975552e+01   2.1943512e+01  -5.2037635e+01   3.8257460e+02
  -1.5736815e+00   1.7872677e+01   5.2510674e+01   1.4225136e+01   2.5801471e+01  -5.2111375e+01   3.8676295e+02
  -2.8911525e+00   2.1766575e+01   4.9332866e+01   1.2292639e+01   2.7273940e+01  -5.4089584e+01   3.8780005e+02
  -5.1551063e+00   2.3553802e+01   4.6881299e+01   1.4409086e+01   2.9401573e+01  -5.8801473e+01   3.9038019e+02
  -8.6205766e+00   2.5455157e+01   4.3970775e+01   2.6181196e+00   3.2433667e+01  -5.0649809e+01   3.9297902e+02
  -9.6034652e+00   2.6196451e+01   4.2210085e+01   1.4814020e+00   3.1401210e+01  -5.2030813e+01   3.9345060e+02
  -1.3328532e+01   2.6812733e+01   3.7252223e+01  -2.9010269e+00   3.6647035e+01  -4.9330833e+01   3.9726177e+02
  -1.5094710e+01   2.8622954e+01   3.5298444e+01  -6.5533499e+00   3.4695006e+01  -4.9142172e+01   3.9647465e+02
  -1.8707831e+01   2.7918990e+01   3.1217276e+01  -1.1034158e+01   3.9743070e+01  -4.6241370e+01   3.9962240e+02
  -2.2659869e+01   2.6310246e+01   2.5626645e+01  -1.0205283e+01   4.5761606e+01  -4.8222922e+01   4.0294021e+02
  -2.7902604e+01   2.2995242e+01   1.8644125e+01  -9.7330222e+00   5.3454040e+01  -4.9886660e+01   4.0593765e+02
  -3.1449106e+01   1.5988177e+01   9.3190048e+00  -7.4839958e+00   6.1410699e+01  -5.1743898e+01   4.0907812e+02
  -3.2913473e+01   9.7117519e+00   2.9313795e+00  -5.6091363e+00   7.0033917e+01  -5.6135202e+01   4.0998752e+02
  -2.8835339e+01   9.5572888e+00  -4.1419730e+00  -1.2078507e+01   6.9571972e+01  -5.3969569e+01   4.0916387e+02
  -2.5928940e+01   8.8539416e+00  -7.1694287e+00  -1.2830590e+01   7.8364995e+01  -5.3101797e+01   4.0754666e+02
  -2.0362913e+01   1.1779725e+01  -1.8846901e+00  -9.2552464e+00   7.6357441e+01  -5.4822696e+01   3.9644311e+02
  -1.6467357e+01   1.3735808e+01   5.9981775e+00  -7.1925344e+00   7.2842168e+01  -5.6951825e+01   3.8596777e+02
  -1.1899312e+01   1.4887600e+01   1.7170038e+01  -6.3284286e+00   6.7455730e+01  -5.3503757e+01   3.7863258e+02
  -4.3619551e+00   1.5591803e+01   3.1170038e+01  -5.2920712e+00   5.7292366e+01  -4.8659919e+01   3.6896952e+02
   2.6811879e+00   9.8200002e+00   4.5170038e+01   8.3547065e+00   4.4504804e+01  -5.1032820e+01   3.5970150e+02
   4.7951494e+00   6.7667587e+00   5.0860770e+01   1.0046190e+01   3.7357356e+01  -4.4622902e+01   3.5208031e+02
   4.5700394e+00   3.7384687e+00   5.6549944e+01   9.1629819e+00   3.2892836e+01  -3.4941027e+01   3.4255099e+02
   4.5587965e+00  -7.3069968e-01   6.0858459e+01   2.0410966e+01   2.6433803e+01  -3.8091744e+01   3.3363306e+02
   5.7585967e+00  -2.6564676e+00   6.1588927e+01   3.1524668e+01   2.4129706e+01  -4.2393488e+01   3.3021196e+02
   3.5650279e+00  -3.1695601e+00   6.2565553e+01   3.4666968e+01   2.1727663e+01  -3.8026666e+01   3.2654677e+02
   1.0650696e+00  -7.5764381e-01   6.3403234e+01   3.4582439e+01   2.2980157e+01  -3.2482071e+01   3.3604796e+02
   2.0547730e+00   6.0995477e-01   6.2062720e+01   3.2455278e+01   2.1843652e+01  -3.4348578e+01   3.4238839e+02
   4.9997582e-01   1.7451428e+00   6.0805815e+01   2.6906795e+01   2.2463024e+01  -3.1561785e+01   3.4625290e+02
   1.0047599e+00   2.2319547e+00   5.9108929e+01   3.6142461e+01   2.1402054e+01  -4.4275144e+01   3.5272492e+02
   8.0000816e-01   4.6315884e+00   5.7970447e+01   3.1273638e+01   2.1899375e+01  -4.3930986e+01   3.5787357e+02
   3.6352513e-01   7.2816641e+00   5.7727177e+01   2.8467529e+01   2.1103378e+01  -4.5419801e+01   3.6133750e+02
  -2.3356886e-01   8.9031963e+00   5.6859750e+01   2.5521947e+01   2.1546921e+01  -4.5698681e+01   3.6476029e+02
   5.1603324e-01   1.1354946e+01   5.4787498e+01   2.3931779e+01   2.1964276e+01  -4.8031932e+01   3.6935054e+02
  -1.3864335e+00   1.3677794e+01   5.4646402e+01   1.3667147e+01   2.2990285e+01  -4.1612030e+01   3.7238220e+02
  -1.4353310e+00   1.5525782e+01   5.3803128e+01   1.3238530e+01   2.1094182e+01  -4.4224483e+01   3.7490630e+02
  -1.1855686e+00   1.6757009e+01   5.2675462e+01   1.8234209e+01   2.1259949e+01  -5.1690563e+01   3.7824188e+02
  -2.1928427e+00   1.8209363e+01   5.2552661e+01   7.6782402e+00   2.2759737e+01  -4.3775177e+01   3.8129733e+02
  -2.8482433e+00   2.1077522e+01   5.3262833e+01   4.5499085e+00   2.2644588e+01  -4.4513517e+01   3.8306631e+02
  -3.3535506e+00   2.2827599e+01   5.2618997e+01   5.5316565e+00   2.4264793e+01  -4.7912776e+01   3.8496889e+02
  -5.2085471e+00   2.2793810e+01   5.0621594e+01   1.1731469e+00   2.5834044e+01  -4.5010359e+01   3.8775726e+02
  -5.1646950e+00   2.3077928e+01   5.1108621e+01   2.5654419e+00   2.3615883e+01  -4.8510210e+01   3.8986173e+02
  -8.4357386e+00   2.5550809e+01   4.7189661e+01  -3.5318003e+00   3.0003660e+01  -4.5753237e+01   3.9309522e+02
  -9.1882678e+00   2.6790327e+01   4.5615065e+01  -7.0421202e+00   3.0700990e+01  -4.4012477e+01   3.9530919e+02
  -8.8358059e+00   2.6313057e+01   4.5323375e+01  -3.8848308e+00   3.1305905e+01  -4.7474245e+01   3.9837346e+02
  -9.5348792e+00   2.6648233e+01   4.2882929e+01  -9.9122158e-01   3.0782489e+01  -5.1944312e+01   4.0083134e+02
  -1.1659528e+01   2.6443396e+01   3.8771226e+01   4.2751190e-01   3.5636345e+01  -5.4443313e+01   4.0291730e+02
  -1.4907966e+01   2.7268457e+01   3.5895098e+01  -5.4041876e+00   3.6608094e+01  -5.0728841e+01   4.0324514e+02
  -1.6559883e+01   2.7113094e+01   3.1464065e+01  -4.2449309e+00   3.8653413e+01  -5.4417394e+01   4.0593801e+02
  -2.0125680e+01   2.5725712e+01   2.6470197e+01  -6.7419792e+00   4.2634003e+01  -5.2378029e+01   4.0822987e+02
  -2.4027907e+01   2.4278841e+01   2.1918850e+01  -6.1106070e+00   4.7749652e+01  -5.4827916e+01   4.0926928e+02
  -2.8080093e+01   2.2199637e+01   1.4910635e+01  -1.0631078e+01   5.5702512e+01  -5.1294909e+01   4.1225005e+02
  -3.0463144e+01   1.8798190e+01   1.1530443e+01  -1.0349262e+01   5.8498242e+01  -5.0979330e+01   4.1335272e+02
  -3.2705446e+01   1.7744068e+01   6.5789356e+00  -1.0406340e+01   6.2213682e+01  -5.2726666e+01   4.1594567e+02
  -3.5295400e+01   1.2520959e+01   3.1039449e+00  -5.4071403e+00   6.7680884e+01  -5.6494112e+01   4.1682558e+02
  -3.7097134e+01   1.0192095e+01  -2.7903079e+00  -3.9577213e+00   7.0232839e+01  -5.9510467e+01   4.1860536e+02
  -3.6663161e+01   5.4209548e+00  -8.4764144e+00  -2.3527120e+00   7.2818839e+01  -6.2157840e+01   4.2094325e+02
  -3.3819142e+01   1.4794427e-01  -1.6489632e+01  -6.7812230e+00   8.0919986e+01  -5.8835569e+01   4.2328675e+02
  -3.0653862e+01  -1.7842761e+00  -2.0677880e+01  -1.0688757e+01   9.3074606e+01  -5.3298547e+01   4.2497938e+02
  -2.8091310e+01  -1.7657344e-01  -1.8318011e+01  -2.6440726e+00   9.7463602e+01  -6.0799284e+01   4.2060607e+02
  -2.3492653e+01   1.0165900e+01  -9.5893016e+00  -8.2099818e+00   8.3463602e+01  -5.8524106e+01   4.0660607e+02
  -1.7112894e+01   1.3006490e+01   4.4106984e+00  -5.6462777e+00   6.9463602e+01  -5.7377619e+01   3.9586515e+02
  -1.0989373e+01   1.3310760e+01   1.8410698e+01  -7.3501487e-01   6.1248547e+01  -5.7697357e+01   3.8487612e+02
  -4.0526243e+00   1.4803186e+01   3.2410698e+01  -1.8391094e+00   5.2212421e+01  -4.9627800e+01   3.8008759e+02
   2.4197498e+00   1.2375132e+01   4.6410698e+01   3.6473688e+00   3.9728858e+01  -4.5768154e+01   3.6670468e+02
   4.5756772e+00   7.8554141e+00   5.2315609e+01   8.5342295e+00   3.4489670e+01  -4.1606476e+01   3.6036762e+02
   4.1989878e+00   3.4011161e+00   5.4891368e+01   1.5831164e+01   3.0773769e+01  -4.0617950e+01   3.5110870e+02
   4.6502000e+00   4.6453424e-01   5.8009222e+01   1.9104476e+01   2.6926217e+01  -3.6910704e+01   3.4495098e+02
   5.4737722e+00  -2.0187551e+00   6.0597305e+01   2.9448453e+01   2.0840217e+01  -3.8956664e+01   3.3908139e+02
   2.7389402e+00  -2.3259118e+00   6.2528938e+01   3.0914948e+01   2.1401407e+01  -3.2980604e+01   3.3821655e+02
   1.8939176e+00  -1.1918262e+00   6.3607149e+01   3.8111075e+01   2.0676186e+01  -3.7816231e+01   3.4378491e+02
   2.7123203e+00   9.4474660e-01   6.1026855e+01   3.3426994e+01   2.1032285e+01  -3.7015991e+01   3.4835797e+02
   2.6932524e+00   3.0538035e+00   6.0479193e+01   2.5544421e+01   1.9459973e+01  -3.2682548e+01   3.5059612e+02
   3.6112810e+00   4.0430610e+00   5.9141138e+01   3.0588540e+01   1.9260364e+01  -4.0430773e+01   3.5593460e+02
   2.7804563e+00   6.1868619e+00   5.8500594e+01   3.1311538e+01   2.0426597e+01  -4.5033318e+01   3.6070527e+02
   2.0468985e+00   7.6716394e+00   5.8573390e+01   2.7723526e+01   1.8574896e+01  -4.4657601e+01   3.6275462e+02
   2.8280364e-01   8.5230078e+00   5.8067306e+01   2.9868968e+01   2.0168365e+01  -4.8893999e+01   3.6602914e+02
   4.6971145e-02   1.0212899e+01   5.6636105e+01   2.7738625e+01   2.0627124e+01  -5.0206854e+01   3.6991471e+02
   4.2220792e-01   1.2705364e+01   5.6178237e+01   2.8359871e+01   1.9723376e+01  -5.4715731e+01   3.7216803e+02
  -9.4468536e-01   1.6279753e+01   5.5206326e+01   1.4359872e+01   2.0621550e+01  -4.5525992e+01   3.7434294e+02
  -2.1366500e+00   1.6901153e+01   5.4418577e+01   1.6468276e+01   2.0762233e+01  -4.9433704e+01   3.7732862e+02
  -4.5544411e+00   1.8461037e+01   5.2567151e+01   2.0696440e+01   2.3494993e+01  -5.6852542e+01   3.8041663e+02
  -6.0232778e+00   2.0610087e+01   4.9778584e+01   1.4531505e+01   2.6020375e+01  -5.5079740e+01   3.8384120e+02
  -7.8453505e+00   2.1304187e+01   4.7281447e+01   1.8855576e+01   2.9366505e+01  -6.1217527e+01   3.8772098e+02
  -8.6907362e+00   2.4311637e+01   4.4843924e+01   4.8555766e+00   2.8619352e+01  -5.1112134e+01   3.8945052e+02
  -1.0141715e+01   2.5991918e+01   4.3322721e+01  -1.0255382e+00   2.9559975e+01  -4.7389155e+01   3.9157301e+02
  -1.2949361e+01   2.6365829e+01   4.1524530e+01  -1.1977532e+00   3.1483227e+01  -4.9531001e+01   3.9286861e+02
  -1.2284957e+01   2.8139206e+01   4.0275829e+01  -1.9560182e+00   2.9740375e+01  -5.2124327e+01   3.9482603e+02
  -1.6438136e+01   2.7816991e+01   3.4187457e+01  -6.5110122e+00   3.5041812e+01  -4.8295780e+01   3.9822001e+02
  -1.9702320e+01   2.7647885e+01   3.2704378e+01  -7.6365415e+00   3.7259490e+01  -4.8613073e+01   3.9803971e+02
  -2.2837217e+01   2.7184721e+01   3.0003944e+01  -8.6625836e+00   4.1369402e+01  -4.9531644e+01   4.0070407e+02
  -2.4542410e+01   2.6731741e+01   2.6035109e+01  -9.3216243e+00   4.1069995e+01  -4.9869734e+01   4.0324717e+02
  -2.9116762e+01   2.5270593e+01   2.0849460e+01  -9.4818776e+00   4.7556796e+01  -5.1429751e+01   4.0566115e+02
  -3.1414336e+01   2.2244655e+01   1.6644329e+01  -6.8244029e+00   5.1484677e+01  -5.2728151e+01   4.0883428e+02
  -3.4551574e+01   1.8764877e+01   1.1495820e+01  -8.7965622e+00   5.3615519e+01  -5.0751930e+01   4.1099107e+02
  -3.6351313e+01   1.4985450e+01   7.4671162e+00  -4.9476217e+00   5.7117356e+01  -5.3630230e+01   4.1334141e+02
  -3.6385138e+01   1.3671741e+01   2.6862580e+00  -6.7333121e+00   5.8435831e+01  -5.3861072e+01   4.1630986e+02
  -3.6560460e+01   9.7201806e+00  -8.4092014e-01  -3.9016162e+00   6.0742140e+01  -5.8595774e+01   4.1732875e+02
  -3.3570896e+01   7.3089696e+00  -6.4152227e+00  -6.6064874e+00   6.8877776e+01  -5.8324945e+01   4.1988556e+02
  -3.0269801e+01   4.6426040e+00  -1.1539731e+01  -1.9387649e+00   7.6917923e+01  -6.4363926e+01   4.1214562e+02
  -2.5076879e+01   4.4383248e+00  -1.4771858e+01  -5.8386194e+00   7.7438499e+01  -5.9913488e+01   3.9814562e+02
  -2.0260954e+01   1.1181851e+01  -8.0170488e+00  -1.1135572e+01   7.5919886e+01  -5.5838348e+01   3.9004718e+02
  -1.5546098e+01   1.4737870e+01   5.9829511e+00  -7.9252832e+00   7.0117519e+01  -5.5797871e+01   3.8215714e+02
  -9.5988971e+00   1.4023189e+01   1.9982951e+01  -8.1449562e+00   6.4755554e+01  -4.6918395e+01   3.7648362e+02
   6.8946678e-01   1.3556924e+01   3.3982951e+01   5.8550413e+00   5.6815346e+01  -5.1843342e+01   3.7011985e+02
   5.9065942e+00   1.0221352e+01   4.7982951e+01   8.1999202e+00   4.2815346e+01  -4.6209152e+01   3.5789628e+02
   6.2966446e+00   7.4108973e+00   5.3768141e+01   2.1907276e+00   3.2855308e+01  -3.2209153e+01   3.4772808e+02
   5.8794674e+00   1.4529639e+00   5.8688698e+01   1.1879845e+01   2.7790770e+01  -3.1838281e+01   3.3896807e+02
   6.8397972e+00  -2.2152895e+00   6.2346893e+01   2.5879845e+01   2.2157033e+01  -3.7907058e+01   3.3181214e+02
   5.2200818e+00  -4.8706997e+00   6.5430559e+01   2.9847529e+01   1.9473384e+01  -3.2384233e+01   3.2513176e+02
   4.7899685e+00  -4.1592122e+00   6.5466956e+01   3.0042608e+01   1.6260112e+01  -2.5846334e+01   3.2487578e+02
   1.2110281e+00  -2.3775497e+00   6.6852759e+01   3.4297398e+01   1.8478514e+01  -2.6871663e+01   3.3045953e+02
   3.1172337e+00  -4.8192654e-01   6.4945078e+01   3.4520618e+01   1.7370355e+01  -3.0902742e+01   3.3614386e+02
   2.0511741e+00   1.3480143e-01   6.2672397e+01   3.3947946e+01   2.1083776e+01  -3.2867419e+01   3.4263164e+02
   1.9035185e+00   2.3361680e+00   6.3015672e+01   2.5689859e+01   1.9260397e+01  -2.8334310e+01   3.4465612e+02
   2.4135545e+00   3.0094034e+00   6.0898881e+01   3.1392228e+01   2.1023818e+01  -3.6265727e+01   3.5112690e+02
   2.3244566e+00   5.3110736e+00   6.0417579e+01   3.2272967e+01   1.9236805e+01  -4.2070812e+01   3.5471483e+02
   1.5150710e+00   7.5448941e+00   5.9404399e+01   2.7843803e+01   1.9959281e+01  -4.1999895e+01   3.5764164e+02
   1.0222107e+00   1.0057459e+01   5.8812736e+01   2.7877699e+01   1.9844007e+01  -4.6197153e+01   3.6070799e+02
   4.3479551e-01   1.1851884e+01   5.7397742e+01   2.6706918e+01   2.0600125e+01  -4.8316070e+01   3.6471034e+02
   3.3257927e-01   1.4303618e+01   5.6486067e+01   2.3107514e+01   2.1463765e+01  -4.8580741e+01   3.6813220e+02
  -8.6213345e-01   1.7100050e+01   5.6449213e+01   1.9876700e+01   2.0140963e+01  -4.9389062e+01   3.6974578e+02
  -1.3395847e+00   1.8784567e+01   5.6294913e+01   2.0233437e+01   1.9783310e+01  -5.2213891e+01   3.7214920e+02
  -1.6820123e+00   1.9318671e+01   5.6203609e+01   1.9096252e+01   1.8973973e+01  -5.2662271e+01   3.7415481e+02
  -2.8905219e+00   1.9636709e+01   5.3838363e+01   1.7310274e+01   2.2209507e+01  -5.2766110e+01   3.7904136e+02
  -4.5675157e+00   2.1732178e+01   5.2361934e+01   1.2820297e+01   2.3787961e+01  -5.1703002e+01   3.8203052e+02
  -5.5530067e+00   2.3639713e+01   5.0141843e+01   8.5303367e+00   2.5211787e+01  -4.9454403e+01   3.8319507e+02
  -7.3436157e+00   2.5977284e+01   4.9739806e+01   3.9046178e+00   2.6068057e+01  -4.7626856e+01   3.8392699e+02
  -8.0797568e+00   2.7971499e+01   4.6378624e+01   4.3593655e+00   2.7065937e+01  -5.2079154e+01   3.8750739e+02
  -1.0153275e+01   2.7560438e+01   4.4689713e+01   3.3576208e+00   2.9022025e+01  -5.1651392e+01   3.8867863e+02
  -1.0798169e+01   2.8271155e+01   4.3043423e+01   1.3201218e+00   2.8796217e+01  -5.2076487e+01   3.9047290e+02
  -1.2661073e+01   2.8948172e+01   4.1148135e+01   1.6495141e-01   2.9898871e+01  -5.2246835e+01   3.9199021e+02
  -1.4586358e+01   2.9106639e+01   3.8880506e+01  -1.6691505e+00   3.0595999e+01  -5.1726417e+01   3.9295072e+02
  -1.6325570e+01   2.9143120e+01   3.6509031e+01  -5.5140043e+00   3.2361204e+01  -4.9344680e+01   3.9498503e+02
  -1.8005283e+01   2.9405581e+01   3.5318749e+01  -6.6167394e+00   3.3440364e+01  -5.0086306e+01   3.9563612e+02
  -2.1225267e+01   2.8152866e+01   3.2150689e+01  -5.9487722e+00   3.5320949e+01  -5.1773593e+01   3.9736825e+02
  -2.2981725e+01   2.9154474e+01   2.8787202e+01  -1.0166166e+01   3.5629341e+01  -5.0093703e+01   3.9956370e+02
  -2.5290990e+01   2.7764959e+01   2.5774655e+01  -9.6076676e+00   3.7340948e+01  -5.1146204e+01   4.0141783e+02
  -2.7650101e+01   2.6001981e+01   2.2712265e+01  -7.8742879e+00   4.0502779e+01  -5.3357617e+01   4.0311950e+02
  -3.0444516e+01   2.4060804e+01   1.9248836e+01  -7.6854938e+00   4.2723823e+01  -5.3382979e+01   4.0454100e+02
  -3.2365028e+01   2.2414257e+01   1.5778380e+01  -4.9149888e+00   4.6242146e+01  -5.6896091e+01   4.0718462e+02
  -3.5196194e+01   1.8797290e+01   9.8574942e+00  -4.2837223e+00   4.8967548e+01  -5.7504225e+01   4.0815492e+02
  -3.6717250e+01   1.7052269e+01   5.5120497e+00  -4.4338465e+00   5.0837293e+01  -5.8223885e+01   4.0922735e+02
  -3.8079705e+01   1.4751382e+01   1.3116379e+00  -1.4596399e+01   5.4895129e+01  -4.7833382e+01   4.1162178e+02
  -3.7802723e+01   1.3604945e+01  -2.2427127e+00  -1.1157148e+01   5.5833455e+01  -5.4276512e+01   4.1159793e+02
  -3.5922211e+01   8.6694993e+00  -8.1334434e+00  -1.7922487e+01   6.4835614e+01  -4.8082546e+01   4.0985547e+02
  -3.1970927e+01   5.6327443e+00  -1.3985816e+01  -5.5002641e+00   7.4423180e+01  -6.2082545e+01   4.0280030e+02
  -2.8381393e+01   7.4138776e+00  -1.5727342e+01  -1.2735445e+01   7.9460268e+01  -5.5558374e+01   3.9357737e+02
  -2.5301381e+01   1.1737266e+01  -7.9428931e+00  -1.3086816e+01   7.8481156e+01  -5.3889054e+01   3.8404180e+02
  -2.1677000e+01   1.3791991e+01   6.0571069e+00  -8.7562749e+00   7.2877870e+01  -5.3282436e+01   3.7886972e+02
  -1.3968551e+01   1.5999351e+01   2.0057107e+01  -5.9113798e+00   6.2509660e+01  -4.8879755e+01   3.7689893e+02
  -6.2750570e+00   1.6874464e+01   3.4057107e+01   8.0886193e+00   4.9728748e+01  -5.4987967e+01   3.6882215e+02
  -5.6399242e-01   1.7705120e+01   4.6531167e+01  -8.7198900e-01   3.5728749e+01  -4.0987968e+01   3.6067397e+02
   2.1110173e+00   1.3122194e+01   5.2273319e+01   1.3128011e+01   2.7337290e+01  -4.4582489e+01   3.5320741e+02
   2.0973206e+00   9.8166562e+00   5.7427445e+01   1.7559334e+01   2.4386804e+01  -4.1332027e+01   3.4552732e+02
   2.5890452e+00   6.0085676e+00   6.0621056e+01   2.6513696e+01   1.9476826e+01  -4.1477219e+01   3.3768494e+02
   2.0073079e+00   4.8348540e+00   6.2931423e+01   3.2141615e+01   1.9725345e+01  -3.8018678e+01   3.3818758e+02
   2.5376070e+00   5.1947586e+00   6.2801035e+01   3.3709936e+01   1.9104470e+01  -3.9249862e+01   3.4116326e+02
   2.2308084e+00   5.9988926e+00   6.2139807e+01   3.2312776e+01   2.0150697e+01  -3.9821928e+01   3.4510626e+02
   2.1351901e+00   7.4721402e+00   6.0783489e+01   3.0173753e+01   1.9899618e+01  -4.0109148e+01   3.4674389e+02
   1.4677833e+00   8.0476486e+00   6.0704260e+01   3.1005559e+01   2.0614236e+01  -4.2919156e+01   3.4881566e+02
   8.5176277e-01   9.9733035e+00   6.1496466e+01   2.7106571e+01   1.9456681e+01  -4.1552882e+01   3.4868331e+02
   1.0253258e+00   1.1313869e+01   6.0034962e+01   2.6773168e+01   1.9357974e+01  -4.3831957e+01   3.5146718e+02
   1.0591739e+00   1.2603960e+01   6.0846628e+01   2.6899812e+01   1.9145466e+01  -4.5601945e+01   3.5313737e+02
   6.0350055e-01   1.3497727e+01   6.0664856e+01   2.7001610e+01   1.8484581e+01  -4.7482678e+01   3.5479321e+02
   2.9631364e-01   1.4813883e+01   5.9836088e+01   2.5966745e+01   2.0755187e+01  -4.8554032e+01   3.5873786e+02
  -5.3493367e-01   1.5797634e+01   5.8754050e+01   1.8762728e+01   2.2263882e+01  -4.3139201e+01   3.6130447e+02
  -5.2320006e-01   1.7522315e+01   5.8162933e+01   1.6177022e+01   2.0787821e+01  -4.3538211e+01   3.6329195e+02
  -8.4404045e-01   1.8787191e+01   5.7775319e+01   1.3339243e+01   2.1044978e+01  -4.3488434e+01   3.6611126e+02
  -1.9965940e+00   1.9698221e+01   5.7645926e+01   8.9005694e+00   2.2158221e+01  -4.1072543e+01   3.6849229e+02
  -1.7288974e+00   2.1727058e+01   5.7455009e+01   5.4855573e+00   2.0504888e+01  -4.0547107e+01   3.7043945e+02
  -2.9323931e+00   2.2878951e+01   5.5813484e+01   3.1922955e+00   2.1597953e+01  -4.0461195e+01   3.7276454e+02
  -4.6689350e+00   2.3962427e+01   5.4870974e+01  -1.3104901e+00   2.3994533e+01  -3.8337331e+01   3.7615480e+02
  -2.4976886e+00   2.4832767e+01   5.5514223e+01   1.6333195e+00   2.1828713e+01  -4.3122661e+01   3.7986343e+02
  -4.2087271e+00   2.6698366e+01   5.4789516e+01  -3.8849618e+00   2.3958020e+01  -4.0210488e+01   3.8205928e+02
  -3.9683950e+00   2.6847526e+01   5.3528170e+01  -5.8869147e+00   2.3538731e+01  -3.8815307e+01   3.8528157e+02
  -5.6615335e+00   2.6358967e+01   5.2493704e+01  -4.2499934e+00   2.5091027e+01  -4.0934145e+01   3.8705074e+02
  -5.3794963e+00   2.7162399e+01   5.1877465e+01  -7.1559794e+00   2.2585000e+01  -3.9386466e+01   3.8765156e+02
  -8.2124493e+00   2.6311014e+01   4.9869644e+01  -8.4854928e+00   2.6616075e+01  -3.8936235e+01   3.9076520e+02
  -8.3172431e+00   2.7338262e+01   4.9025301e+01  -4.5637656e+00   2.6445339e+01  -4.4606879e+01   3.9203490e+02
  -1.1087477e+01   2.8648366e+01   4.4671466e+01  -1.2146751e+00   3.0864359e+01  -4.9373076e+01   3.9408574e+02
  -1.0896435e+01   3.0185723e+01   4.4089355e+01   1.5040804e+00   2.7870683e+01  -5.5258638e+01   3.9439598e+02
  -1.3079744e+01   3.0497346e+01   4.0932056e+01  -5.2745921e+00   3.0362412e+01  -5.0185291e+01   3.9643594e+02
  -1.5417563e+01   3.0695308e+01   3.8487885e+01  -6.3520773e+00   3.2432907e+01  -5.0809485e+01   3.9823813e+02
  -1.7898555e+01   2.9882886e+01   3.5580672e+01  -1.0487063e+01   3.4876613e+01  -4.7661681e+01   3.9892949e+02
  -1.9584531e+01   3.0035927e+01   3.2224065e+01  -8.3517373e+00   3.7000553e+01  -5.1423438e+01   4.0137841e+02
  -2.4609331e+01   2.7353305e+01   2.5638885e+01  -7.6575177e+00   4.4273047e+01  -5.3208915e+01   4.0454548e+02
  -2.8600155e+01   2.5190054e+01   1.9937237e+01  -7.3204539e+00   4.8882901e+01  -5.5011318e+01   4.0619136e+02
  -3.1992439e+01   2.1791933e+01   1.3738901e+01  -5.3290569e+00   5.4376401e+01  -5.6778367e+01   4.0828741e+02
  -3.5088593e+01   1.7048950e+01   7.4484265e+00  -2.9600882e+00   6.3567367e+01  -5.7572850e+01   4.1105500e+02
  -3.6204568e+01   1.3967607e+01   4.1992943e+00  -7.5267203e+00   6.4913509e+01  -5.3946367e+01   4.1232758e+02
  -3.7156261e+01   1.0238257e+01  -1.6353323e+00  -1.1913481e+01   6.9466495e+01  -5.0395261e+01   4.1388674e+02
  -3.5880633e+01   7.1220580e+00  -6.9775684e+00  -1.3302974e+01   6.8538196e+01  -5.1910305e+01   4.1709474e+02
  -3.2640473e+01   1.5460035e+00  -1.8399908e+01  -6.9410313e+00   8.2538196e+01  -6.1789685e+01   4.1710206e+02
  -2.7498688e+01   9.2287125e+00  -2.3293386e+01  -2.0101330e+01   8.8361818e+01  -5.1429047e+01   4.0883714e+02
  -2.4711060e+01   6.0627771e+00  -2.0276121e+01  -8.6531632e+00   9.3437723e+01  -5.9372074e+01   3.9818725e+02
  -1.9143640e+01   1.0627119e+01  -8.7351011e+00  -7.2491263e+00   8.5536145e+01  -5.9696735e+01   3.8687534e+02
  -1.5019481e+01   1.3595704e+01   5.2648989e+00  -7.8618822e+00   7.4442921e+01  -5.6020890e+01   3.7672497e+02
  -7.7593287e+00   1.0324459e+01   1.9264899e+01  -3.2472131e+00   6.6819260e+01  -4.9839923e+01   3.7202349e+02
  -1.7515229e+00   9.4255595e+00   3.3264899e+01   1.0752786e+01   5.3707118e+01  -5.4353326e+01   3.6009807e+02
   2.8537764e+00   6.8006054e+00   4.7264899e+01   7.8028751e+00   3.9707118e+01  -4.0747604e+01   3.4857144e+02
   3.7518296e+00   3.4987714e+00   5.2841836e+01   1.1513058e+01   2.8433222e+01  -3.4508488e+01   3.3868639e+02
   3.1571617e+00  -1.0730297e+00   5.5500813e+01   1.9297182e+01   2.5727698e+01  -3.3796967e+01   3.3108013e+02
   3.0017671e+00  -4.3274194e+00   5.8626204e+01   3.1605524e+01   2.1337709e+01  -3.7571693e+01   3.2493593e+02
   8.2851740e-01  -5.1927423e+00   5.9362638e+01   3.3547880e+01   1.8968676e+01  -3.1922907e+01   3.2246772e+02
  -2.4198774e+00  -3.5496914e+00   6.1634369e+01   3.9405935e+01   1.9742163e+01  -2.8757300e+01   3.2313370e+02
  -2.8427984e+00  -1.4547806e+00   6.1373332e+01   3.4714850e+01   1.8871742e+01  -2.7055666e+01   3.2792753e+02
  -2.7786752e+00   8.9666512e-01   5.9202263e+01   2.9109297e+01   1.8141395e+01  -2.7585763e+01   3.3318520e+02
  -2.2714481e+00   3.0164420e+00   5.7850992e+01   2.9303830e+01   1.8000569e+01  -3.2778836e+01   3.3820839e+02
  -2.7013734e+00   3.7089580e+00   5.6309536e+01   2.9939996e+01   1.9202393e+01  -3.6694476e+01   3.4310378e+02
  -4.1362944e+00   5.3694380e+00   5.7302572e+01   2.8251873e+01   1.9321339e+01  -3.8238686e+01   3.4524498e+02
  -3.3800207e+00   7.6170745e+00   5.5884109e+01   2.6970368e+01   2.0337575e+01  -4.1268559e+01   3.5092484e+02
  -2.6601386e+00   1.0198213e+01   5.4096934e+01   2.2468914e+01   1.9935132e+01  -4.1154603e+01   3.5497688e+02
  -3.1338790e+00   1.2346942e+01   5.3627250e+01   2.0898153e+01   1.9201403e+01  -4.3759514e+01   3.5890795e+02
  -3.5959395e+00   1.4419737e+01   5.2644914e+01   1.3241829e+01   1.9450139e+01  -4.0028639e+01   3.6321010e+02
  -5.1176031e+00   1.5646068e+01   5.1752701e+01   1.0232562e+01   2.1219347e+01  -3.9443165e+01   3.6594720e+02
  -6.7296939e+00   1.6664907e+01   5.0898382e+01   9.1678498e+00   2.3933412e+01  -4.0008233e+01   3.6821280e+02
  -6.9768480e+00   1.9146841e+01   5.0107831e+01   1.0898805e+01   2.2777619e+01  -4.5614376e+01   3.7050780e+02
  -7.1921501e+00   2.1015860e+01   5.0388674e+01   1.1826165e+01   2.1543884e+01  -4.9365271e+01   3.7222986e+02
