  -2.4311285e+01   3.3288478e+01   5.1659272e+01   3.5326604e+00   1.9097603e+01  -4.2018872e+01   2.4835773e+01
  -2.6694401e+01   3.4673508e+01   5.1340062e+01   6.6436016e+00   2.0211350e+01  -4.7510416e+01   2.7173904e+01
  -2.8241568e+01   3.5502449e+01   4.9705833e+01   3.3753860e+00   2.1888478e+01  -4.6724058e+01   3.0240864e+01
  -2.9692962e+01   3.8337232e+01   4.7483636e+01   6.5819392e+00   2.2509389e+01  -5.1840476e+01   3.1603587e+01
  -3.0892373e+01   4.0555563e+01   4.5850492e+01   4.7732108e+00   2.2742876e+01  -5.2988329e+01   3.2383708e+01
  -3.1141243e+01   4.1205794e+01   4.3039022e+01  -4.5319808e+00   2.4489892e+01  -4.7473402e+01   3.5110638e+01
  -3.1973019e+01   3.9006893e+01   3.9212778e+01  -6.3781688e+00   2.9624204e+01  -4.7184108e+01   3.7589328e+01
  -3.1660041e+01   3.9693301e+01   3.8255437e+01  -5.2310795e+00   2.9509787e+01  -5.0100182e+01   3.9507362e+01
  -3.2090544e+01   3.7807666e+01   3.4720286e+01  -9.8992033e+00   3.2790354e+01  -4.6897301e+01   4.1503805e+01
  -3.2388559e+01   3.6971869e+01   3.1461786e+01  -8.7655137e+00   3.6935640e+01  -4.9740041e+01   4.3661532e+01
  -3.1741366e+01   3.2277352e+01   2.6584816e+01  -4.0551787e+00   4.2511455e+01  -5.4863803e+01   4.6698035e+01
  -3.2893975e+01   3.0055132e+01   2.2213292e+01  -9.9949205e+00   4.6311782e+01  -5.0427660e+01   4.7422646e+01
  -3.3312625e+01   2.4593762e+01   1.5862666e+01  -8.8481600e+00   5.6715938e+01  -5.2557642e+01   5.0609343e+01
  -3.1320008e+01   1.6512427e+01   6.4676665e+00  -9.3296272e+00   6.6633094e+01  -5.2879427e+01   5.3389162e+01
  -3.0027172e+01   9.6418918e+00  -9.0883698e-01  -7.7875312e+00   7.7081842e+01  -5.4015399e+01   5.4875163e+01
  -2.4856019e+01   1.1634647e+01  -4.6635100e+00  -1.2728380e+01   7.5589283e+01  -5.3235492e+01   5.0958239e+01
  -2.2232350e+01   1.0824385e+01  -5.2376584e+00  -1.0617057e+01   7.7064548e+01  -5.3222921e+01   4.3849037e+01
  -1.9748630e+01   1.2408384e+01  -3.5582510e+00  -1.2028133e+01   8.1086302e+01  -5.2549736e+01   3.7491623e+01
  -1.6879688e+01   1.4498333e+01   5.0215106e+00  -6.2555730e+00   7.3064553e+01  -5.8913154e+01   2.6167247e+01
  -1.4677274e+01   1.6871850e+01   1.7626013e+01  -8.0112113e+00   6.3954996e+01  -5.1474375e+01   1.8564964e+01
  -1.2368296e+01   1.8873989e+01   2.6299103e+01  -8.5651080e+00   6.0107375e+01  -4.7715560e+01   1.0234638e+01
  -1.0244253e+01   1.7222240e+01   2.9707253e+01  -9.0082393e+00   5.8647367e+01  -4.5925436e+01  -2.6657712e+00
  -7.8699501e+00   1.5263703e+01   2.9177740e+01  -5.1887012e+00   6.1908390e+01  -4.8308045e+01  -1.1917652e+01
  -6.2079152e+00   1.2923781e+01   3.5152337e+01   9.3419835e-01   5.6250566e+01  -5.0303325e+01  -2.0077335e+01
  -1.6473740e+00   8.2896056e+00   4.3185003e+01   7.2271797e+00   4.6776984e+01  -4.9204251e+01  -2.8390390e+01
   4.3714461e+00   2.7121426e+00   4.7387822e+01   8.6904822e+00   4.2351017e+01  -4.2029487e+01  -3.1535335e+01
   1.0072828e+01  -2.7709332e+00   5.6536352e+01   1.1445190e+01   2.9339672e+01  -2.9758549e+01  -4.1468505e+01
   1.4658379e+01  -8.8048087e+00   6.0302392e+01   2.3483621e+01   2.0885986e+01  -2.8800842e+01  -4.5314421e+01
   1.5662499e+01  -1.1457424e+01   6.0843507e+01   2.5164510e+01   2.0504880e+01  -1.8946733e+01  -4.2203276e+01
   1.3920048e+01  -1.0578874e+01   6.0697301e+01   2.9653286e+01   1.7586650e+01  -1.8497418e+01  -3.2383579e+01
   1.2669231e+01  -9.6187774e+00   5.9930326e+01   2.8967364e+01   1.8299844e+01  -2.0858326e+01  -2.5589228e+01
   1.3217984e+01  -9.7275126e+00   5.8610882e+01   3.9933002e+01   1.8897304e+01  -3.3839557e+01  -2.0659025e+01
   7.5858481e+00  -5.9209197e+00   6.0276578e+01   3.3307875e+01   2.0389968e+01  -3.1089546e+01  -1.7492665e+01
   5.1319494e+00  -2.5762739e+00   5.9766423e+01   3.6719823e+01   1.9434156e+01  -3.8855309e+01  -1.2160252e+01
  -4.8659692e-01   2.7091703e+00   5.9192423e+01   2.7725392e+01   2.1683642e+01  -3.3497186e+01  -8.0957041e+00
  -2.5784308e+00   5.5050832e+00   5.9134364e+01   3.0155490e+01   2.1038970e+01  -3.9123725e+01  -3.7446872e+00
  -5.3379534e+00   8.9691835e+00   5.7854300e+01   2.9480924e+01   2.0785903e+01  -4.2113203e+01   1.4536825e+00
  -8.6217615e+00   1.3239910e+01   5.7285443e+01   3.6017823e+01   1.8881176e+01  -5.2916950e+01   4.7500293e+00
  -1.3329695e+01   1.7602005e+01   5.6002180e+01   3.0402465e+01   2.1488161e+01  -5.2194029e+01   1.0227963e+01
  -1.5979949e+01   2.0634560e+01   5.4449273e+01   3.0516021e+01   2.2049770e+01  -5.6017053e+01   1.3627696e+01
  -2.0511601e+01   2.6490671e+01   5.3041778e+01   1.7125490e+01   2.1189966e+01  -4.7654839e+01   1.5845550e+01
  -2.1629089e+01   2.7233677e+01   5.2169973e+01   1.1980331e+01   2.1527877e+01  -4.4728794e+01   1.9044907e+01
  -2.2195350e+01   2.8888310e+01   5.0365265e+01   1.5976171e+01   2.1985259e+01  -5.2021826e+01   2.2571552e+01
  -2.3367955e+01   2.7902092e+01   4.9018962e+01   1.4226063e+01   2.5833201e+01  -5.2097457e+01   2.6760537e+01
  -2.6225525e+01   3.1483376e+01   4.4763314e+01   1.2293747e+01   2.7305631e+01  -5.4076151e+01   2.7797803e+01
  -2.8255918e+01   3.2517187e+01   4.1983142e+01   1.4410402e+01   2.9427841e+01  -5.8790035e+01   3.0378392e+01
  -3.1118190e+01   3.3453554e+01   3.8784297e+01   2.6227920e+00   3.2496133e+01  -5.0621048e+01   3.2974375e+01
  -3.1417902e+01   3.3582977e+01   3.7060103e+01   1.4829126e+00   3.1423719e+01  -5.2021567e+01   3.3449250e+01
  -3.2247886e+01   3.2394585e+01   3.2673323e+01  -2.8959382e+00   3.6694573e+01  -4.9308674e+01   3.7258673e+01
  -3.3808097e+01   3.3738998e+01   3.0438144e+01  -6.5463766e+00   3.4767260e+01  -4.9112741e+01   3.6470362e+01
  -3.4528233e+01   3.1751322e+01   2.7212346e+01  -1.1022208e+01   3.9822825e+01  -4.6205620e+01   3.9617046e+01
  -3.4650434e+01   2.8720147e+01   2.2781776e+01  -1.0191637e+01   4.5818952e+01  -4.8195611e+01   4.2935954e+01
  -3.5403645e+01   2.4113854e+01   1.7092918e+01  -9.7120932e+00   5.3501429e+01  -4.9864280e+01   4.5932893e+01
  -3.4036820e+01   1.6190415e+01   8.9544982e+00  -7.4822315e+00   6.1413235e+01  -5.1742770e+01   4.9077852e+01
  -3.3408399e+01   9.7240730e+00   2.8896167e+00  -5.6132574e+00   7.0031059e+01  -5.6136556e+01   4.9988068e+01
  -2.8146490e+01   9.5822942e+00  -4.0841849e+00  -1.2075740e+01   6.9573272e+01  -5.3969740e+01   4.9163493e+01
  -2.4819282e+01   8.9187763e+00  -7.0893686e+00  -1.2840276e+01   7.8367474e+01  -5.3097422e+01   4.7548163e+01
  -1.9977314e+01   1.1783219e+01  -1.8518098e+00  -9.2580457e+00   7.6360879e+01  -5.4824015e+01   3.6444474e+01
  -1.7896332e+01   1.3808162e+01   5.8249999e+00  -7.1929305e+00   7.2842482e+01  -5.6952303e+01   2.5968214e+01
  -1.6444422e+01   1.5557289e+01   1.6599213e+01  -6.3196134e+00   6.7464290e+01  -5.3474083e+01   1.8612814e+01
  -1.3791304e+01   1.8270746e+01   3.0599213e+01  -5.2745875e+00   5.6837703e+01  -4.8261563e+01   8.4289350e+00
  -7.1233909e+00   1.3849561e+01   4.4599213e+01   8.3373293e+00   4.4356970e+01  -5.0777445e+01  -6.3223793e-01
  -3.4388306e+00   1.0643808e+01   5.0350215e+01   1.0045013e+01   3.7411012e+01  -4.4593593e+01  -7.9310834e+00
  -1.0598552e+00   6.7577899e+00   5.6327070e+01   9.1604592e+00   3.2984611e+01  -3.4900140e+01  -1.7463902e+01
   5.8678106e+00  -1.4938260e+00   6.0812339e+01   2.0409203e+01   2.6521640e+01  -3.8064075e+01  -2.6375148e+01
   1.0650587e+01  -5.5610439e+00   6.1451027e+01   3.1523983e+01   2.4185880e+01  -4.2378105e+01  -2.9792218e+01
   9.6395636e+00  -6.8431171e+00   6.2362036e+01   3.4667087e+01   2.1804946e+01  -3.8009839e+01  -3.3454801e+01
   2.5809469e+00  -1.6907611e+00   6.3356086e+01   3.4583536e+01   2.3044753e+01  -3.2462726e+01  -2.3955973e+01
   9.0956955e-01   1.3010535e+00   6.2019708e+01   3.2455557e+01   2.1903588e+01  -3.4328229e+01  -1.7616946e+01
  -2.6060022e+00   3.5663782e+00   6.0706316e+01   2.6906829e+01   2.2545198e+01  -3.1530511e+01  -1.3755377e+01
  -2.7173807e+00   4.3399552e+00   5.9024533e+01   3.6142344e+01   2.1420046e+01  -4.4268016e+01  -7.2774081e+00
  -6.5506188e+00   8.6816795e+00   5.7658103e+01   3.1273478e+01   2.1920973e+01  -4.3921935e+01  -2.1292347e+00
  -1.0977379e+01   1.3451230e+01   5.6983650e+01   2.8467312e+01   2.1131647e+01  -4.5408349e+01   1.3341341e+00
  -1.3559677e+01   1.5980780e+01   5.5796589e+01   2.5521773e+01   2.1576755e+01  -4.5686258e+01   4.7568104e+00
  -1.5066401e+01   1.9196610e+01   5.3216728e+01   2.3931805e+01   2.1981271e+01  -4.8024957e+01   9.3487144e+00
  -1.9799116e+01   2.2790532e+01   5.2381576e+01   1.3667101e+01   2.3042822e+01  -4.1588818e+01   1.2376406e+01
  -2.1506241e+01   2.5172727e+01   5.1003861e+01   1.3238722e+01   2.1143156e+01  -4.4205587e+01   1.4901843e+01
  -2.1887556e+01   2.6396990e+01   4.9572781e+01   1.8234538e+01   2.1288285e+01  -5.1680106e+01   1.8239621e+01
  -2.4366755e+01   2.8391103e+01   4.8916805e+01   7.6790623e+00   2.2810985e+01  -4.3754475e+01   2.1293056e+01
  -2.8532494e+01   3.2751258e+01   4.8342570e+01   4.5513884e+00   2.2727946e+01  -4.4480663e+01   2.3059666e+01
  -3.0231832e+01   3.4688451e+01   4.7031497e+01   5.5338323e+00   2.4351512e+01  -4.7878210e+01   2.4962181e+01
  -3.0433496e+01   3.3471688e+01   4.5389592e+01   1.1762245e+00   2.5924938e+01  -4.4972155e+01   2.7750267e+01
  -3.1046595e+01   3.4122535e+01   4.5682478e+01   2.5679211e+00   2.3688991e+01  -4.8484408e+01   2.9857547e+01
  -3.3353463e+01   3.5069039e+01   4.1375586e+01  -3.5242029e+00   3.0113269e+01  -4.5705734e+01   3.3087165e+01
  -3.3865959e+01   3.5766890e+01   3.9570591e+01  -7.0328329e+00   3.0813910e+01  -4.3965204e+01   3.5301536e+01
  -3.2954672e+01   3.5085910e+01   3.9556988e+01  -3.8787682e+00   3.1373087e+01  -4.7447439e+01   3.8369903e+01
  -3.2123496e+01   3.4373961e+01   3.7420304e+01  -9.8545976e-01   3.0847024e+01  -5.1920827e+01   4.0828770e+01
  -3.1325158e+01   3.2514358e+01   3.4075767e+01   4.3309446e-01   3.5681104e+01  -5.4425310e+01   4.2915377e+01
  -3.3233607e+01   3.2440660e+01   3.1372522e+01  -5.3958365e+00   3.6669858e+01  -5.0704873e+01   4.3242484e+01
  -3.2131670e+01   3.0957912e+01   2.7659158e+01  -4.2388484e+00   3.8694910e+01  -5.4402067e+01   4.5936605e+01
  -3.2311794e+01   2.8275266e+01   2.3650697e+01  -6.7335990e+00   4.2676118e+01  -5.2362371e+01   4.8228445e+01
  -3.3412966e+01   2.5913799e+01   1.9868522e+01  -6.0977070e+00   4.7793962e+01  -5.4811751e+01   4.9267285e+01
  -3.3817311e+01   2.2880923e+01   1.3756718e+01  -1.0604619e+01   5.5749528e+01  -5.1284963e+01   5.2246843e+01
  -3.4221625e+01   1.9152077e+01   1.0897751e+01  -1.0338488e+01   5.8516396e+01  -5.0975380e+01   5.3351646e+01
  -3.4716832e+01   1.7850077e+01   6.2569530e+00  -1.0396835e+01   6.2227446e+01  -5.2725652e+01   5.5944977e+01
  -3.5969289e+01   1.2540118e+01   3.0322476e+00  -5.4100884e+00   6.7676854e+01  -5.6494645e+01   5.6825723e+01
  -3.6603172e+01   1.0205818e+01  -2.7434851e+00  -3.9608534e+00   7.0227588e+01  -5.9511544e+01   5.8605450e+01
  -3.5856456e+01   5.4827305e+00  -8.4349070e+00  -2.3563744e+00   7.2812274e+01  -6.2158681e+01   6.0943358e+01
  -3.3775241e+01   1.5579535e-01  -1.6486941e+01  -6.7853489e+00   8.0916328e+01  -5.8832702e+01   6.3286971e+01
  -3.1326793e+01  -1.9034253e+00  -2.0660447e+01  -1.0697186e+01   9.3068701e+01  -5.3288494e+01   6.4979873e+01
  -2.8149748e+01  -1.8472239e-01  -1.8314614e+01  -2.6518580e+00   9.7462179e+01  -6.0788319e+01   6.0606386e+01
  -2.1649499e+01   9.8753125e+00  -1.0284678e+01  -8.2705340e+00   8.3462179e+01  -5.7421457e+01   4.6606387e+01
  -1.8053049e+01   1.2920521e+01   3.7153216e+00  -5.2300811e+00   7.0451281e+01  -5.7061002e+01   3.5802163e+01
  -1.5340097e+01   1.3961282e+01   1.7715321e+01  -6.8306365e-01   6.1622541e+01  -5.7523009e+01   2.4857565e+01
  -1.3433301e+01   1.7595348e+01   3.1715321e+01  -1.7215313e+00   5.2426363e+01  -4.8589098e+01   1.9407740e+01
  -1.0512808e+01   1.7871739e+01   4.5715321e+01   3.6044195e+00   3.9269588e+01  -4.5115176e+01   5.9346088e+00
  -5.4485493e+00   1.2712146e+01   5.1588381e+01   8.5331080e+00   3.4564838e+01  -4.1564312e+01   3.5330564e-01
  -6.1867995e-01   5.8981625e+00   5.4711465e+01   1.5829502e+01   3.0849184e+01  -4.0581903e+01  -8.9039489e+00
   3.9075357e+00   8.8008334e-01   5.7973751e+01   1.9103376e+01   2.6991255e+01  -3.6884797e+01  -1.5057897e+01
   9.0470710e+00  -4.0997324e+00   6.0510983e+01   2.9448080e+01   2.0886092e+01  -3.8943603e+01  -2.0922855e+01
   7.1993023e+00  -5.0234912e+00   6.2399445e+01   3.0915296e+01   2.1471110e+01  -3.2960198e+01  -2.1788451e+01
   4.2942264e+00  -2.6761862e+00   6.3552326e+01   3.8111478e+01   2.0722980e+01  -3.7800737e+01  -1.6219292e+01
   1.0106578e+00   1.9495968e+00   6.0979961e+01   3.3427009e+01   2.1082645e+01  -3.6997378e+01  -1.1647531e+01
  -2.6697945e+00   6.1732435e+00   6.0289754e+01   2.5544117e+01   1.9529104e+01  -3.2657976e+01  -9.4108050e+00
  -3.1134891e+00   7.8432905e+00   5.8880346e+01   3.0588297e+01   1.9294104e+01  -4.0418382e+01  -4.0691917e+00
  -7.1889346e+00   1.1716960e+01   5.7943372e+01   3.1311364e+01   2.0451111e+01  -4.5023584e+01   7.0236972e-01
  -1.0267634e+01   1.4477239e+01   5.7720820e+01   2.7723264e+01   1.8608280e+01  -4.4645526e+01   2.7511960e+00
  -1.3080048e+01   1.5806747e+01   5.7037273e+01   2.9868538e+01   2.0209516e+01  -4.8877214e+01   6.0246200e+00
  -1.5014826e+01   1.8130112e+01   5.5264018e+01   2.7738591e+01   2.0652680e+01  -5.0196711e+01   9.9120880e+00
  -1.7744322e+01   2.2043756e+01   5.4125359e+01   2.8359936e+01   1.9741829e+01  -5.4709053e+01   1.2166393e+01
  -2.2885948e+01   2.7074760e+01   5.1970170e+01   1.4359936e+01   2.0693616e+01  -4.5521566e+01   1.4345157e+01
  -2.4224765e+01   2.7546192e+01   5.1054322e+01   1.6468618e+01   2.0819664e+01  -4.9411896e+01   1.7323734e+01
  -2.7011098e+01   2.8757669e+01   4.8843574e+01   2.0697060e+01   2.3534870e+01  -5.6836763e+01   2.0413353e+01
  -2.8603293e+01   3.0195229e+01   4.5590194e+01   1.4532718e+01   2.6063799e+01  -5.5061470e+01   2.3837639e+01
  -2.9308789e+01   2.9874288e+01   4.3172332e+01   1.8857193e+01   2.9404325e+01  -6.1200138e+01   2.7717931e+01
  -3.0899922e+01   3.2436337e+01   3.9881970e+01   4.8571930e+00   2.8727699e+01  -5.1197090e+01   2.9488881e+01
  -3.2576465e+01   3.3803576e+01   3.8043833e+01  -1.0221914e+00   2.9614520e+01  -4.7366708e+01   3.1569319e+01
  -3.4393532e+01   3.3477569e+01   3.6404700e+01  -1.1933326e+00   3.1543098e+01  -4.9505674e+01   3.2864455e+01
  -3.4046316e+01   3.5002434e+01   3.4719049e+01  -1.9521506e+00   2.9798929e+01  -5.2103133e+01   3.4823025e+01
  -3.4008634e+01   3.2506380e+01   2.9766675e+01  -6.5049960e+00   3.5098714e+01  -4.8272226e+01   3.8216788e+01
  -3.6269785e+01   3.1868815e+01   2.8550390e+01  -7.6263175e+00   3.7337928e+01  -4.8578952e+01   3.8034285e+01
  -3.7590799e+01   3.0633692e+01   2.6365403e+01  -8.6466053e+00   4.1452372e+01  -4.9494657e+01   4.0697694e+01
  -3.6915075e+01   2.9238882e+01   2.3036988e+01  -9.3073948e+00   4.1145375e+01  -4.9839055e+01   4.3242767e+01
  -3.8334985e+01   2.6771623e+01   1.8736249e+01  -9.4595866e+00   4.7629375e+01  -5.1399905e+01   4.5655871e+01
  -3.7865629e+01   2.3105675e+01   1.5357669e+01  -6.8132516e+00   5.1515971e+01  -5.2714867e+01   4.8832439e+01
  -3.8292167e+01   1.9115202e+01   1.0868277e+01  -8.7896506e+00   5.3632771e+01  -5.0745342e+01   5.0990196e+01
  -3.8293148e+01   1.5110507e+01   7.2155258e+00  -4.9503692e+00   5.7109713e+01  -5.3633697e+01   5.3341647e+01
  -3.7020986e+01   1.3688553e+01   2.6134514e+00  -6.7356815e+00   5.8429442e+01  -5.3863280e+01   5.6309984e+01
  -3.6418942e+01   9.7242059e+00  -8.2443298e-01  -3.9051073e+00   6.0734060e+01  -5.8597886e+01   5.7328915e+01
  -3.2751944e+01   7.3586604e+00  -6.3552266e+00  -6.6158322e+00   6.8865131e+01  -5.8323416e+01   5.9885989e+01
  -2.9323053e+01   4.7367252e+00  -1.1503131e+01  -1.9423552e+00   7.6918075e+01  -6.4363267e+01   5.2145936e+01
  -2.3901744e+01   4.5705157e+00  -1.4755676e+01  -5.8943448e+00   7.7462560e+01  -5.9861387e+01   3.8145936e+01
  -1.8696122e+01   1.1287871e+01  -7.8680430e+00  -1.1136857e+01   7.5922177e+01  -5.5839324e+01   3.0048263e+01
  -1.7149826e+01   1.4963648e+01   6.1319569e+00  -7.6371906e+00   7.0586458e+01  -5.5103810e+01   2.1809918e+01
  -1.4893428e+01   1.5292525e+01   2.0131957e+01  -7.6936380e+00   6.6435557e+01  -4.4367826e+01   1.5068846e+01
  -8.5743949e+00   1.6598558e+01   3.4131957e+01   6.1435142e+00   5.9972960e+01  -4.6560593e+01   6.8076055e+00
  -5.0606917e+00   1.4929937e+01   4.5671770e+01   8.1518601e+00   4.5972960e+01  -4.4113875e+01  -2.8837695e+00
  -3.6969091e+00   1.2432000e+01   5.3066701e+01   6.7740456e-01   3.3087565e+01  -3.0417957e+01  -1.2460057e+01
   3.4959042e+00   2.7977452e+00   5.8608881e+01   1.1877311e+01   2.7898465e+01  -3.1798338e+01  -2.1043923e+01
   1.1050636e+01  -4.7494977e+00   6.2224242e+01   2.5877311e+01   2.2247017e+01  -3.7883805e+01  -2.8190722e+01
   1.5720490e+01  -1.1552612e+01   6.4931383e+01   2.9848010e+01   1.9585556e+01  -3.2364982e+01  -3.4866328e+01
   1.3797950e+01  -9.9019604e+00   6.5074798e+01   3.0045182e+01   1.6386472e+01  -2.5832128e+01  -3.5116053e+01
   6.7498183e+00  -6.0182647e+00   6.6681869e+01   3.4300853e+01   1.8573265e+01  -2.6855162e+01  -2.9538161e+01
   4.1481280e+00  -1.1334848e+00   6.4902133e+01   3.4521668e+01   1.7432416e+01  -3.0889093e+01  -2.3857883e+01
   1.7930973e+00   2.9418838e-01   6.2643000e+01   3.3948436e+01   2.1128715e+01  -3.2852169e+01  -1.7372701e+01
  -2.6593636e+00   5.1294157e+00   6.2870763e+01   2.5690310e+01   1.9338882e+01  -2.8309399e+01  -1.5349914e+01
  -2.9692437e+00   6.1663297e+00   6.0733604e+01   3.1392146e+01   2.1058297e+01  -3.6252103e+01  -8.8773234e+00
  -6.9298680e+00   1.0659115e+01   5.9967089e+01   3.2272745e+01   1.9266579e+01  -4.2060049e+01  -5.2884919e+00
  -1.0991343e+01   1.4574729e+01   5.8545360e+01   2.7843297e+01   2.0004397e+01  -4.1982587e+01  -2.3634111e+00
  -1.5058227e+01   1.8894665e+01   5.7363906e+01   2.7877344e+01   1.9879838e+01  -4.6183794e+01   7.0410973e-01
  -1.7360606e+01   2.1272874e+01   5.5521811e+01   2.6706849e+01   2.0620259e+01  -4.8308392e+01   4.7081774e+00
  -2.0119244e+01   2.4778984e+01   5.3880003e+01   2.3107530e+01   2.1481610e+01  -4.8573703e+01   8.1303284e+00
  -2.4756651e+01   2.9083524e+01   5.2778016e+01   1.9876663e+01   2.0179401e+01  -4.9375274e+01   9.7422314e+00
  -2.7093961e+01   3.1490263e+01   5.1942892e+01   2.0233548e+01   1.9812595e+01  -5.2203908e+01   1.2146754e+01
  -2.7964072e+01   3.2200237e+01   5.1625730e+01   1.9096396e+01   1.9011804e+01  -5.2650076e+01   1.4151949e+01
  -2.7571096e+01   3.1146784e+01   4.9481950e+01   1.7310653e+01   2.2237048e+01  -5.2755746e+01   1.9039168e+01
  -3.0196960e+01   3.3112564e+01   4.7333577e+01   1.2821041e+01   2.3826860e+01  -5.1687714e+01   2.2027486e+01
  -3.1189401e+01   3.4311481e+01   4.4660993e+01   8.5313286e+00   2.5252207e+01  -4.9438086e+01   2.3191877e+01
  -3.4656040e+01   3.6971707e+01   4.3270465e+01   3.9068217e+00   2.6145919e+01  -4.7594748e+01   2.3920511e+01
  -3.4247982e+01   3.7545200e+01   3.9692997e+01   4.3632415e+00   2.7152447e+01  -5.2045402e+01   2.7501031e+01
  -3.4721719e+01   3.6252367e+01   3.8533768e+01   3.3608995e+00   2.9083342e+01  -5.1626096e+01   2.8674004e+01
  -3.4632672e+01   3.6312901e+01   3.6909785e+01   1.3241981e+00   2.8865746e+01  -5.2049406e+01   3.0468175e+01
  -3.5559367e+01   3.6262907e+01   3.5112796e+01   1.6970117e-01   2.9972414e+01  -5.2218177e+01   3.1985461e+01
  -3.5974681e+01   3.5533944e+01   3.3214417e+01  -1.6634683e+00   3.0673969e+01  -5.1696345e+01   3.2945743e+01
  -3.6113785e+01   3.4701972e+01   3.1250078e+01  -5.5051112e+00   3.2461130e+01  -4.9304926e+01   3.4978526e+01
  -3.7147753e+01   3.4579028e+01   3.0176317e+01  -6.6053937e+00   3.3553720e+01  -5.0041475e+01   3.5628542e+01
  -3.7710794e+01   3.2248107e+01   2.7925315e+01  -5.9366479e+00   3.5420522e+01  -5.1734279e+01   3.7361717e+01
  -3.7914554e+01   3.2400331e+01   2.4774094e+01  -1.0140538e+01   3.5796638e+01  -5.0034460e+01   3.9552676e+01
  -3.7924056e+01   3.0244045e+01   2.2543437e+01  -9.5810791e+00   3.7491419e+01  -5.1093609e+01   4.1408286e+01
  -3.8021537e+01   2.7824743e+01   2.0248228e+01  -7.8537698e+00   4.0602359e+01  -5.3321695e+01   4.3113399e+01
  -3.8532054e+01   2.5282558e+01   1.7482459e+01  -7.6712749e+00   4.2791254e+01  -5.3357096e+01   4.4537357e+01
  -3.8508719e+01   2.3188448e+01   1.4543034e+01  -4.9073912e+00   4.6271334e+01  -5.6885355e+01   4.7183205e+01
  -3.8400874e+01   1.9058829e+01   9.3269860e+00  -4.2837591e+00   4.8967401e+01  -5.7504289e+01   4.8154931e+01
  -3.8337673e+01   1.7124841e+01   5.2663458e+00  -4.4324964e+00   5.0842628e+01  -5.8221538e+01   4.9227153e+01
  -3.8413932e+01   1.4756662e+01   1.2704687e+00  -1.4597327e+01   5.4890771e+01  -4.7835713e+01   5.1621880e+01
  -3.7275040e+01   1.3616877e+01  -2.1771945e+00  -1.1158302e+01   5.5827973e+01  -5.4279395e+01   5.1598050e+01
  -3.4688111e+01   8.7562296e+00  -8.0398557e+00  -1.7922920e+01   6.4834931e+01  -4.8083138e+01   4.9855525e+01
  -3.0571509e+01   5.7874182e+00  -1.3942273e+01  -5.4223722e+00   7.4511261e+01  -6.2083138e+01   4.2796116e+01
  -2.6300945e+01   7.6873026e+00  -1.5613915e+01  -1.2742337e+01   7.9476227e+01  -5.5559673e+01   3.3581702e+01
  -2.3674784e+01   1.1841112e+01  -7.7902239e+00  -1.3089919e+01   7.8490896e+01  -5.3891921e+01   2.4046415e+01
  -2.3295022e+01   1.4207115e+01   6.2097760e+00  -8.0814513e+00   7.4347368e+01  -5.1846137e+01   1.8109691e+01
  -2.0032386e+01   1.7580009e+01   2.0209776e+01  -5.4457400e+00   6.4674327e+01  -4.5067645e+01   1.4877680e+01
  -1.7983167e+01   2.0739444e+01   3.4209776e+01   8.5542587e+00   5.0674327e+01  -5.2228726e+01   6.0954722e+00
  -1.7805120e+01   2.4330318e+01   4.2433556e+01  -1.9916402e+00   3.6674327e+01  -3.8841871e+01   5.4990111e-01
  -1.4274853e+01   2.0900573e+01   5.0339345e+01   1.2008360e+01   2.7392522e+01  -4.3421686e+01  -6.8052666e+00
  -1.2826488e+01   1.7800408e+01   5.6098024e+01   1.7557671e+01   2.4465057e+01  -4.1304205e+01  -1.4481705e+01
  -7.9324476e+00   1.2100315e+01   6.0037669e+01   2.6512884e+01   1.9534662e+01  -4.1462022e+01  -2.2319487e+01
  -7.3476521e+00   1.0521496e+01   6.2509171e+01   3.2141455e+01   1.9772909e+01  -3.8005435e+01  -2.1816163e+01
  -7.4440085e+00   1.1241137e+01   6.2320586e+01   3.3709804e+01   1.9149431e+01  -3.9236941e+01  -1.8840414e+01
  -8.9444902e+00   1.2665929e+01   6.1531614e+01   3.2312582e+01   2.0185283e+01  -3.9810663e+01  -1.4897365e+01
  -1.0944546e+01   1.5031202e+01   5.9902595e+01   3.0173449e+01   1.9937589e+01  -4.0096711e+01  -1.3260076e+01
  -1.2532178e+01   1.6107574e+01   5.9693941e+01   3.1005222e+01   2.0647955e+01  -4.2907508e+01  -1.1188085e+01
  -1.6816525e+01   2.0208651e+01   5.9909663e+01   2.7105847e+01   1.9511172e+01  -4.1535460e+01  -1.1321930e+01
  -1.7752600e+01   2.1815534e+01   5.8134529e+01   2.6772719e+01   1.9396482e+01  -4.3819461e+01  -8.5367650e+00
  -2.0290276e+01   2.4639800e+01   5.8438829e+01   2.6899392e+01   1.9181560e+01  -4.5590186e+01  -6.8662914e+00
  -2.1933985e+01   2.6085855e+01   5.7939408e+01   2.7001163e+01   1.8521721e+01  -4.7470827e+01  -5.2103768e+00
  -2.3434865e+01   2.7743800e+01   5.6685225e+01   2.5966420e+01   2.0788726e+01  -4.8541894e+01  -1.2658070e+00
  -2.4680371e+01   2.8588799e+01   5.5325816e+01   1.8762339e+01   2.2307526e+01  -4.3121727e+01   1.2993525e+00
  -2.6359687e+01   3.0869333e+01   5.4070878e+01   1.6176329e+01   2.0852613e+01  -4.3514175e+01   3.2852058e+00
  -2.7873075e+01   3.2499958e+01   5.3175160e+01   1.3338703e+01   2.1112477e+01  -4.3462953e+01   6.1043819e+00
  -2.9968547e+01   3.3736424e+01   5.2637414e+01   8.8999649e+00   2.2240685e+01  -4.1039511e+01   8.4836226e+00
  -3.1796269e+01   3.6477054e+01   5.1491543e+01   5.4851059e+00   2.0594580e+01  -4.0514792e+01   1.0431274e+01
  -3.2669249e+01   3.6854259e+01   4.9599625e+01   3.1921815e+00   2.1690033e+01  -4.0426930e+01   1.2756098e+01
  -3.4606164e+01   3.7617955e+01   4.8301302e+01  -1.3100568e+00   2.4102264e+01  -3.8292207e+01   1.6144105e+01
  -3.3881288e+01   3.9196338e+01   4.8359466e+01   1.6343115e+00   2.1932166e+01  -4.3084292e+01   1.9855106e+01
  -3.6616373e+01   4.1012135e+01   4.6802803e+01  -3.8828903e+00   2.4090857e+01  -4.0156546e+01   2.2047713e+01
  -3.5327933e+01   4.0344615e+01   4.5775396e+01  -5.8842245e+00   2.3655712e+01  -3.8769995e+01   2.5272618e+01
  -3.5652032e+01   3.9074538e+01   4.5235010e+01  -4.2464715e+00   2.5201007e+01  -4.0889784e+01   2.7042263e+01
  -3.5511823e+01   3.9666744e+01   4.4356145e+01  -7.1530730e+00   2.2693252e+01  -3.9348652e+01   2.7644696e+01
  -3.5905832e+01   3.7445247e+01   4.3213947e+01  -8.4816228e+00   2.6700727e+01  -3.8902612e+01   3.0759506e+01
  -3.6156193e+01   3.8216675e+01   4.2081834e+01  -4.5608893e+00   2.6507740e+01  -4.4583978e+01   3.2031407e+01
  -3.6424806e+01   3.7503170e+01   3.8064239e+01  -1.2112823e+00   3.0918963e+01  -4.9350432e+01   3.4082516e+01
  -3.6847439e+01   3.8978032e+01   3.6946221e+01   1.5066735e+00   2.7915588e+01  -5.5243578e+01   3.4393913e+01
  -3.6807458e+01   3.7902993e+01   3.4327385e+01  -5.2697538e+00   3.0433506e+01  -5.0159525e+01   3.6432525e+01
  -3.7474258e+01   3.7129781e+01   3.2300401e+01  -6.3435418e+00   3.2524765e+01  -5.0775695e+01   3.8233447e+01
  -3.7485034e+01   3.5197011e+01   3.0243974e+01  -1.0476654e+01   3.4970404e+01  -4.7625675e+01   3.8924344e+01
  -3.7070150e+01   3.4312292e+01   2.7444865e+01  -8.3415115e+00   3.7082945e+01  -5.1391909e+01   4.1374488e+01
  -3.7027508e+01   2.9817561e+01   2.2561685e+01  -7.6416393e+00   4.4346853e+01  -5.3177676e+01   4.4541283e+01
  -3.7365574e+01   2.6560000e+01   1.7944478e+01  -7.3043990e+00   4.8937766e+01  -5.4988009e+01   4.6187930e+01
  -3.7176292e+01   2.2365664e+01   1.2731838e+01  -5.3226404e+00   5.4393832e+01  -5.6770063e+01   4.8286351e+01
  -3.7283725e+01   1.7185604e+01   7.1195069e+00  -2.9603508e+00   6.3566963e+01  -5.7573071e+01   5.1055034e+01
  -3.7220070e+01   1.4004463e+01   4.0761610e+00  -7.5291383e+00   6.4909950e+01  -5.3948086e+01   5.2327815e+01
  -3.6865564e+01   1.0242810e+01  -1.6084581e+00  -1.1916023e+01   6.9462925e+01  -5.0397694e+01   5.3886931e+01
  -3.5011342e+01   7.1760593e+00  -6.9210961e+00  -1.3306658e+01   6.8532600e+01  -5.1911677e+01   5.7094888e+01
  -3.1849103e+01   3.7988531e+00  -1.5154259e+01  -8.7612336e+00   8.2532600e+01  -6.1681713e+01   5.7057053e+01
  -2.3550124e+01   1.0022035e+01  -2.2990815e+01  -2.0117650e+01   8.8377751e+01  -5.1412417e+01   4.8838874e+01
  -2.2477660e+01   6.4470876e+00  -2.0185246e+01  -8.6639191e+00   9.3466448e+01  -5.9356989e+01   3.8191538e+01
  -1.7520210e+01   1.0747330e+01  -8.5889193e+00  -7.2502440e+00   8.5540087e+01  -5.9696261e+01   2.6876592e+01
  -1.6405306e+01   1.3872693e+01   5.4110807e+00  -7.1960250e+00   7.6339705e+01  -5.4343851e+01   1.6016831e+01
  -1.1542432e+01   1.1344282e+01   1.9411081e+01  -2.8216494e+00   7.0676883e+01  -4.5087728e+01   9.9597999e+00
  -7.9560324e+00   1.1400065e+01   3.3411081e+01   1.1178296e+01   5.8324403e+01  -4.8849527e+01  -3.8548910e+00
  -3.9339206e+00   9.6632507e+00   4.3554331e+01   7.6768407e+00   4.4324404e+01  -3.7668493e+01  -1.1880148e+01
  -7.5040771e-01   5.7636266e+00   5.1874988e+01   1.1471137e+01   3.0324404e+01  -3.4007171e+01  -2.1324971e+01
   4.7200827e+00  -1.8897647e+00   5.5442345e+01   1.9295527e+01   2.5830637e+01  -3.3766698e+01  -2.8927635e+01
   1.0051601e+01  -8.2598397e+00   5.8322961e+01   3.1605246e+01   2.1422628e+01  -3.7554311e+01  -3.5065566e+01
   9.5120349e+00  -1.0099167e+01   5.8919040e+01   3.3549433e+01   1.9073530e+01  -3.1907862e+01  -3.7527686e+01
   4.1242433e+00  -7.4366010e+00   6.1390695e+01   3.9409434e+01   1.9819476e+01  -2.8746493e+01  -3.6862727e+01
  -1.7046974e-01  -3.0384114e+00   6.1292573e+01   3.4717825e+01   1.8954165e+01  -2.7041315e+01  -3.2070961e+01
  -4.2648038e+00   1.7388107e+00   5.9134435e+01   2.9110991e+01   1.8236838e+01  -2.7565389e+01  -2.6815671e+01
  -7.0427422e+00   5.6440871e+00   5.7683653e+01   2.9303968e+01   1.8070173e+01  -3.2761108e+01  -2.1795163e+01
  -8.2351634e+00   6.6587712e+00   5.6106545e+01   2.9939837e+01   1.9240921e+01  -3.6682591e+01  -1.6899759e+01
  -1.2414188e+01   9.8559538e+00   5.6880553e+01   2.8251376e+01   1.9375330e+01  -3.8221483e+01  -1.4759821e+01
  -1.4434200e+01   1.3395909e+01   5.5112909e+01   2.6969654e+01   2.0389430e+01  -4.1249881e+01  -9.0805965e+00
  -1.6388259e+01   1.7040815e+01   5.2837259e+01   2.2468401e+01   1.9979947e+01  -4.1138750e+01  -5.0279076e+00
  -1.9306614e+01   2.0243246e+01   5.1836350e+01   2.0897669e+01   1.9246788e+01  -4.3743950e+01  -1.0965902e+00
  -2.1638585e+01   2.2940242e+01   5.0299782e+01   1.3241176e+01   1.9514880e+01  -4.0005660e+01   3.2037610e+00
  -2.3978995e+01   2.4315619e+01   4.9094616e+01   1.0232096e+01   2.1284003e+01  -3.9418390e+01   5.9404643e+00
  -2.6140777e+01   2.5364060e+01   4.7989052e+01   9.1676360e+00   2.3993358e+01  -3.9982566e+01   8.2058759e+00
  -2.8372006e+01   2.8397489e+01   4.6412473e+01   1.0898729e+01   2.2846624e+01  -4.5587380e+01   1.0500809e+01
  -3.0588477e+01   3.1035359e+01   4.5940885e+01   1.1826214e+01   2.1617049e+01  -4.9339077e+01   1.2223344e+01
