  -2.4311285e+01   3.3288478e+01   5.1659272e+01   3.5326604e+00   1.9097603e+01  -4.2018872e+01   2.4835773e+01
  -2.4254887e+01   2.0697152e+01   3.7661052e+01   6.5775809e+00   2.1016414e+01  -4.7055269e+01   2.7347074e+01
  -1.5312297e+01   1.9000000e+01   3.6000000e+01   8.9328360e+00   2.5760656e+01  -4.7000000e+01   3.0640113e+01
  -1.5221287e+01   1.9000000e+01   3.6000000e+01   1.3104642e+01   3.4764248e+01  -4.7000000e+01   3.7068284e+01
  -1.5836823e+01   1.9000000e+01   3.6000000e+01   1.3945503e+01   4.0664999e+01  -4.7000000e+01   3.9945759e+01
  -1.6470356e+01   1.9000000e+01   3.6000000e+01   1.1806077e+01   4.3851659e+01  -4.7000000e+01   4.3013121e+01
  -1.9163528e+01   1.9000000e+01   3.6000000e+01   9.3770716e+00   4.5988345e+01  -4.7000000e+01   4.5439620e+01
  -1.9136551e+01   1.9000000e+01   3.6000000e+01   8.1639088e+00   4.7227215e+01  -4.7000000e+01   4.7874104e+01
  -2.0984820e+01   1.9000000e+01   3.6000000e+01   5.6702823e+00   4.7716189e+01  -4.7000000e+01   5.0288159e+01
  -2.2234231e+01   1.9000000e+01   3.6000000e+01   3.6846393e+00   4.8362389e+01  -4.7000000e+01   5.2605330e+01
  -2.4700469e+01   1.9000000e+01   3.6000000e+01   1.9277647e+00   4.8253888e+01  -4.7000000e+01   5.4631743e+01
  -2.7304155e+01   1.9000000e+01   3.6000000e+01  -9.4507934e-01   4.8062548e+01  -4.7000000e+01   5.6298268e+01
  -3.0366732e+01   1.9000000e+01   3.6000000e+01  -4.6170144e+00   4.8351932e+01  -4.7000000e+01   5.8727213e+01
  -3.2202861e+01   1.9000000e+01   3.6000000e+01  -9.5648880e+00   4.7086678e+01  -4.7000000e+01   6.0540845e+01
  -3.3582037e+01   1.9000000e+01   3.6000000e+01  -1.4699574e+01   4.4946223e+01  -4.7000000e+01   6.1753150e+01
  -2.9442684e+01   1.9000000e+01   3.6000000e+01  -1.9851524e+01   3.9580062e+01  -4.7000000e+01   6.0204796e+01
  -2.6741110e+01   1.9000000e+01   3.6000000e+01  -2.2992014e+01   3.2388681e+01  -4.7000000e+01   5.4011868e+01
  -2.3622147e+01   1.9000000e+01   3.6000000e+01  -2.7208107e+01   2.9415655e+01  -4.7000000e+01   4.6669168e+01
  -2.0406675e+01   1.9000000e+01   3.6000000e+01  -2.7458486e+01   2.9257190e+01  -4.7000000e+01   3.6257394e+01
  -1.7051439e+01   1.9000000e+01   3.6000000e+01  -2.1246856e+01   3.3671924e+01  -4.7000000e+01   2.5638145e+01
  -1.3091197e+01   1.9000000e+01   3.6000000e+01  -1.5498357e+01   4.1160193e+01  -4.7000000e+01   1.5081642e+01
  -1.1127798e+01   1.9000000e+01   3.6000000e+01  -1.4654954e+01   4.3361520e+01  -4.7000000e+01   3.1446969e+00
  -1.0148623e+01   1.9000000e+01   3.6000000e+01  -1.4436116e+01   4.3782011e+01  -4.7000000e+01  -8.2369022e+00
  -9.5734333e+00   1.9000000e+01   3.6000000e+01  -9.1199146e+00   4.8004064e+01  -4.7000000e+01  -1.7897358e+01
  -7.0401122e+00   1.9000000e+01   3.6000000e+01  -2.3892415e+00   5.3067033e+01  -4.7000000e+01  -2.4095619e+01
  -3.8723706e+00   1.9000000e+01   3.6000000e+01   4.0771997e+00   5.6587104e+01  -4.7000000e+01  -2.5988395e+01
   6.6119934e-02   1.9000000e+01   3.6000000e+01   1.4293635e+01   5.6974306e+01  -4.7000000e+01  -2.4300396e+01
   2.4525994e+00   1.9000000e+01   3.6000000e+01   2.4644247e+01   5.4577972e+01  -4.7000000e+01  -2.4709465e+01
   3.0636144e+00   1.9000000e+01   3.6000000e+01   3.4575587e+01   5.0277300e+01  -4.7000000e+01  -2.6300199e+01
   1.5918115e+00   1.9000000e+01   3.6000000e+01   4.2449023e+01   4.6112726e+01  -4.7000000e+01  -2.7394043e+01
   1.2892459e+00   1.9000000e+01   3.6000000e+01   4.3203389e+01   4.5219146e+01  -4.7000000e+01  -2.7241467e+01
   4.7371799e-01   1.9000000e+01   3.6000000e+01   4.2687958e+01   4.5235670e+01  -4.7000000e+01  -2.5491773e+01
  -1.8203556e+00   1.9000000e+01   3.6000000e+01   4.1172078e+01   4.6001505e+01  -4.7000000e+01  -2.2521691e+01
  -3.3348562e+00   1.9000000e+01   3.6000000e+01   3.9556573e+01   4.6233582e+01  -4.7000000e+01  -1.8659326e+01
  -5.1508517e+00   1.9000000e+01   3.6000000e+01   3.7858919e+01   4.6512877e+01  -4.7000000e+01  -1.4059588e+01
  -6.6638041e+00   1.9000000e+01   3.6000000e+01   3.6371819e+01   4.6605098e+01  -4.7000000e+01  -9.3495289e+00
  -7.9694043e+00   1.9000000e+01   3.6000000e+01   3.4296983e+01   4.5582058e+01  -4.7000000e+01  -4.3047397e+00
  -9.1644145e+00   1.9000000e+01   3.6000000e+01   3.2430433e+01   4.4559343e+01  -4.7000000e+01   4.8055854e-01
  -1.1051396e+01   1.9000000e+01   3.6000000e+01   2.9603429e+01   4.5162139e+01  -4.7000000e+01   6.8170808e+00
  -1.2500141e+01   1.9000000e+01   3.6000000e+01   2.7119343e+01   4.4840700e+01  -4.7000000e+01   1.1849108e+01
  -1.3008214e+01   1.9000000e+01   3.6000000e+01   2.4677682e+01   4.4379429e+01  -4.7000000e+01   1.6630128e+01
  -1.3653843e+01   1.9000000e+01   3.6000000e+01   2.2043734e+01   4.3497329e+01  -4.7000000e+01   2.0353922e+01
  -1.3999100e+01   1.9000000e+01   3.6000000e+01   2.0516728e+01   4.2984804e+01  -4.7000000e+01   2.4455098e+01
  -1.5967082e+01   1.9000000e+01   3.6000000e+01   1.7717517e+01   4.3944042e+01  -4.7000000e+01   2.8280605e+01
  -1.7400253e+01   1.9000000e+01   3.6000000e+01   1.6750875e+01   4.4225038e+01  -4.7000000e+01   3.1305611e+01
  -1.9228496e+01   1.9000000e+01   3.6000000e+01   1.5776525e+01   4.4618011e+01  -4.7000000e+01   3.4483073e+01
  -2.1715770e+01   1.9000000e+01   3.6000000e+01   1.2389980e+01   4.5809362e+01  -4.7000000e+01   3.8100978e+01
  -2.2612740e+01   1.9000000e+01   3.6000000e+01   9.8654991e+00   4.4693428e+01  -4.7000000e+01   3.9614141e+01
  -2.4566911e+01   1.9000000e+01   3.6000000e+01   7.3720812e+00   4.4990582e+01  -4.7000000e+01   4.3397591e+01
  -2.5770995e+01   1.9000000e+01   3.6000000e+01   4.9135249e+00   4.3905885e+01  -4.7000000e+01   4.5135538e+01
  -2.7726550e+01   1.9000000e+01   3.6000000e+01   1.6885342e+00   4.4155076e+01  -4.7000000e+01   4.7852905e+01
  -2.9750768e+01   1.9000000e+01   3.6000000e+01  -1.0167687e+00   4.4472216e+01  -4.7000000e+01   5.0962568e+01
  -3.2937834e+01   1.9000000e+01   3.6000000e+01  -4.0152067e+00   4.4763722e+01  -4.7000000e+01   5.3735193e+01
  -3.5358731e+01   1.9000000e+01   3.6000000e+01  -7.4572873e+00   4.2554358e+01  -4.7000000e+01   5.6006543e+01
  -3.6424818e+01   1.9000000e+01   3.6000000e+01  -1.2882037e+01   4.0930559e+01  -4.7000000e+01   5.6464439e+01
  -3.3131078e+01   1.9000000e+01   3.6000000e+01  -1.8584018e+01   3.5079384e+01  -4.7000000e+01   5.7332551e+01
  -2.9408007e+01   1.9000000e+01   3.6000000e+01  -2.4254621e+01   3.1662629e+01  -4.7000000e+01   5.5389642e+01
  -2.3677478e+01   1.9000000e+01   3.6000000e+01  -2.6336671e+01   2.7482167e+01  -4.7000000e+01   4.6518848e+01
  -2.1476643e+01   1.9000000e+01   3.6000000e+01  -2.6841740e+01   2.8410423e+01  -4.7000000e+01   3.6026710e+01
  -1.9295612e+01   1.9000000e+01   3.6000000e+01  -2.2379509e+01   3.4603986e+01  -4.7000000e+01   2.5546890e+01
  -1.4342868e+01   1.9000000e+01   3.6000000e+01  -1.2835947e+01   4.3382342e+01  -4.7000000e+01   1.4091660e+01
  -9.1413833e+00   1.9000000e+01   3.6000000e+01  -2.3825806e+00   4.8851282e+01  -4.7000000e+01   5.6163260e+00
  -6.5706423e+00   1.9000000e+01   3.6000000e+01   6.5028966e+00   5.1728460e+01  -4.7000000e+01  -1.0017009e+00
  -4.9648564e+00   1.9000000e+01   3.6000000e+01   1.4267478e+01   5.4916585e+01  -4.7000000e+01  -6.5246761e+00
  -2.2775911e+00   1.9000000e+01   3.6000000e+01   2.0624394e+01   5.6453140e+01  -4.7000000e+01  -1.2239997e+01
  -2.5089172e-01   1.9000000e+01   3.6000000e+01   2.6940358e+01   5.6564501e+01  -4.7000000e+01  -1.6199459e+01
  -2.3056105e-01   1.9000000e+01   3.6000000e+01   3.3326634e+01   5.4745567e+01  -4.7000000e+01  -2.0949453e+01
  -4.0363386e+00   1.9000000e+01   3.6000000e+01   4.0554459e+01   5.1015729e+01  -4.7000000e+01  -1.9588079e+01
  -4.3043815e+00   1.9000000e+01   3.6000000e+01   4.1073576e+01   5.0405666e+01  -4.7000000e+01  -1.7903074e+01
  -5.9254092e+00   1.9000000e+01   3.6000000e+01   3.9034028e+01   4.9561952e+01  -4.7000000e+01  -1.6109163e+01
  -7.5864926e+00   1.9000000e+01   3.6000000e+01   3.6988771e+01   4.8564771e+01  -4.7000000e+01  -1.2753189e+01
  -9.2404616e+00   1.9000000e+01   3.6000000e+01   3.4317075e+01   4.7385566e+01  -4.7000000e+01  -7.9517032e+00
  -1.0749419e+01   1.9000000e+01   3.6000000e+01   3.1872589e+01   4.6164728e+01  -4.7000000e+01  -3.0642747e+00
  -1.2070304e+01   1.9000000e+01   3.6000000e+01   2.9184627e+01   4.4924472e+01  -4.7000000e+01   1.3190453e+00
  -1.2377847e+01   1.9000000e+01   3.6000000e+01   2.6906118e+01   4.3431153e+01  -4.7000000e+01   6.8578770e+00
  -1.4430461e+01   1.9000000e+01   3.6000000e+01   2.3751015e+01   4.3247992e+01  -4.7000000e+01   1.1726058e+01
  -1.4994444e+01   1.9000000e+01   3.6000000e+01   2.1775636e+01   4.1462297e+01  -4.7000000e+01   1.5392092e+01
  -1.5251818e+01   1.9000000e+01   3.6000000e+01   2.0660256e+01   4.0473137e+01  -4.7000000e+01   1.9263434e+01
  -1.6215394e+01   1.9000000e+01   3.6000000e+01   1.8287510e+01   4.1039354e+01  -4.7000000e+01   2.3246506e+01
  -1.7439842e+01   1.9000000e+01   3.6000000e+01   1.6949578e+01   4.2122073e+01  -4.7000000e+01   2.6685756e+01
  -1.8257726e+01   1.9000000e+01   3.6000000e+01   1.6409974e+01   4.3978326e+01  -4.7000000e+01   2.9593618e+01
  -1.9714215e+01   1.9000000e+01   3.6000000e+01   1.4045589e+01   4.4015961e+01  -4.7000000e+01   3.1971735e+01
  -2.0191000e+01   1.9000000e+01   3.6000000e+01   1.2270735e+01   4.3332556e+01  -4.7000000e+01   3.4054320e+01
  -2.2200869e+01   1.9000000e+01   3.6000000e+01   9.8553949e+00   4.5485370e+01  -4.7000000e+01   3.8194317e+01
  -2.2895384e+01   1.9000000e+01   3.6000000e+01   8.2970907e+00   4.6218495e+01  -4.7000000e+01   4.1386409e+01
  -2.2682585e+01   1.9000000e+01   3.6000000e+01   7.8237905e+00   4.6495306e+01  -4.7000000e+01   4.4064713e+01
  -2.2851602e+01   1.9000000e+01   3.6000000e+01   7.1225372e+00   4.5328874e+01  -4.7000000e+01   4.6650360e+01
  -2.3476393e+01   1.9000000e+01   3.6000000e+01   5.6725372e+00   4.5293195e+01  -4.7000000e+01   4.8886382e+01
  -2.5626808e+01   1.9000000e+01   3.6000000e+01   3.5275986e+00   4.5170693e+01  -4.7000000e+01   5.0447823e+01
  -2.5959392e+01   1.9000000e+01   3.6000000e+01   1.0729634e+00   4.4382137e+01  -4.7000000e+01   5.3034374e+01
  -2.7738577e+01   1.9000000e+01   3.6000000e+01  -1.2770449e+00   4.3457571e+01  -4.7000000e+01   5.5747387e+01
  -3.0017556e+01   1.9000000e+01   3.6000000e+01  -3.8642995e+00   4.2932825e+01  -4.7000000e+01   5.7213692e+01
  -3.2130423e+01   1.9000000e+01   3.6000000e+01  -6.7585744e+00   4.3715267e+01  -4.7000000e+01   6.0197240e+01
  -3.4175643e+01   1.9000000e+01   3.6000000e+01  -8.6641562e+00   4.3199787e+01  -4.7000000e+01   6.1400958e+01
  -3.4855179e+01   1.9000000e+01   3.6000000e+01  -1.0786489e+01   4.2949199e+01  -4.7000000e+01   6.4076349e+01
  -3.7013209e+01   1.9000000e+01   3.6000000e+01  -1.3017728e+01   4.2594112e+01  -4.7000000e+01   6.4915899e+01
  -3.6624879e+01   1.9000000e+01   3.6000000e+01  -1.6174573e+01   4.2002840e+01  -4.7000000e+01   6.6984263e+01
  -3.6053706e+01   1.9000000e+01   3.6000000e+01  -2.0072918e+01   4.0510250e+01  -4.7000000e+01   6.9528856e+01
  -3.6039059e+01   1.9000000e+01   3.6000000e+01  -2.3482846e+01   3.8150737e+01  -4.7000000e+01   7.2550229e+01
  -3.4350765e+01   1.9000000e+01   3.6000000e+01  -2.7475535e+01   3.6557424e+01  -4.7000000e+01   7.3583093e+01
  -3.1897482e+01   1.9000000e+01   3.6000000e+01  -3.0036879e+01   3.5264565e+01  -4.7000000e+01   6.9559425e+01
  -2.5828274e+01   1.9000000e+01   3.6000000e+01  -2.8268976e+01   3.0321955e+01  -4.7000000e+01   5.9913873e+01
  -2.2099421e+01   1.9000000e+01   3.6000000e+01  -2.4289293e+01   2.6935687e+01  -4.7000000e+01   4.8570676e+01
  -1.8729633e+01   1.9000000e+01   3.6000000e+01  -2.0773329e+01   3.0837223e+01  -4.7000000e+01   3.6452028e+01
  -1.4091913e+01   1.9000000e+01   3.6000000e+01  -9.9538755e+00   4.0441061e+01  -4.7000000e+01   2.4882902e+01
  -9.3743649e+00   1.9000000e+01   3.6000000e+01   8.0363349e-01   4.6264890e+01  -4.7000000e+01   1.4306447e+01
  -6.3948397e+00   1.9000000e+01   3.6000000e+01   9.9488212e+00   4.9942704e+01  -4.7000000e+01   6.5704999e+00
  -4.9139997e+00   1.9000000e+01   3.6000000e+01   1.6095470e+01   5.1109141e+01  -4.7000000e+01  -1.4987785e+00
  -3.1553385e+00   1.9000000e+01   3.6000000e+01   2.1621211e+01   5.1885718e+01  -4.7000000e+01  -7.3928112e+00
  -1.1164239e+00   1.9000000e+01   3.6000000e+01   2.8252201e+01   5.1058946e+01  -4.7000000e+01  -1.2631393e+01
  -1.7647681e+00   1.9000000e+01   3.6000000e+01   3.4838773e+01   4.9292287e+01  -4.7000000e+01  -1.5571791e+01
  -3.1099891e+00   1.9000000e+01   3.6000000e+01   4.0082902e+01   4.7556197e+01  -4.7000000e+01  -1.5099812e+01
  -3.8147918e+00   1.9000000e+01   3.6000000e+01   3.9713940e+01   4.7212120e+01  -4.7000000e+01  -1.3709256e+01
  -4.6820349e+00   1.9000000e+01   3.6000000e+01   3.8003584e+01   4.6455236e+01  -4.7000000e+01  -1.1949962e+01
  -5.6195298e+00   1.9000000e+01   3.6000000e+01   3.6882544e+01   4.5896543e+01  -4.7000000e+01  -8.2915326e+00
  -7.7124832e+00   1.9000000e+01   3.6000000e+01   3.5001728e+01   4.5780733e+01  -4.7000000e+01  -3.4451544e+00
  -9.0625296e+00   1.9000000e+01   3.6000000e+01   3.2419158e+01   4.4545096e+01  -4.7000000e+01  -5.0280331e-01
  -1.1105054e+01   1.9000000e+01   3.6000000e+01   3.0277408e+01   4.3785163e+01  -4.7000000e+01   3.0719756e+00
  -1.2336014e+01   1.9000000e+01   3.6000000e+01   2.7911918e+01   4.3398148e+01  -4.7000000e+01   7.1682886e+00
  -1.3025208e+01   1.9000000e+01   3.6000000e+01   2.6226228e+01   4.2573419e+01  -4.7000000e+01   1.1106003e+01
  -1.4629583e+01   1.9000000e+01   3.6000000e+01   2.3103426e+01   4.2183818e+01  -4.7000000e+01   1.5414355e+01
  -1.6001296e+01   1.9000000e+01   3.6000000e+01   2.1456143e+01   4.1517069e+01  -4.7000000e+01   1.8599735e+01
  -1.8855720e+01   1.9000000e+01   3.6000000e+01   1.9672747e+01   4.2975984e+01  -4.7000000e+01   2.2028400e+01
  -2.0212250e+01   1.9000000e+01   3.6000000e+01   1.6590715e+01   4.3209984e+01  -4.7000000e+01   2.6184015e+01
  -2.1653757e+01   1.9000000e+01   3.6000000e+01   1.5369497e+01   4.3959457e+01  -4.7000000e+01   3.0170214e+01
  -2.2237645e+01   1.9000000e+01   3.6000000e+01   1.2334329e+01   4.2732744e+01  -4.7000000e+01   3.3878379e+01
  -2.3265213e+01   1.9000000e+01   3.6000000e+01   1.0735939e+01   4.2646887e+01  -4.7000000e+01   3.7185814e+01
  -2.5356489e+01   1.9000000e+01   3.6000000e+01   8.3197096e+00   4.2810183e+01  -4.7000000e+01   3.9241202e+01
  -2.4879811e+01   1.9000000e+01   3.6000000e+01   6.6220667e+00   4.2262016e+01  -4.7000000e+01   4.1973964e+01
  -2.6660992e+01   1.9000000e+01   3.6000000e+01   4.7105722e+00   4.1736673e+01  -4.7000000e+01   4.5523711e+01
  -2.9099981e+01   1.9000000e+01   3.6000000e+01   2.4688442e+00   4.2210455e+01  -4.7000000e+01   4.6705790e+01
  -3.1234420e+01   1.9000000e+01   3.6000000e+01  -7.0779746e-03   4.3738503e+01  -4.7000000e+01   4.8916563e+01
  -3.2094287e+01   1.9000000e+01   3.6000000e+01  -1.1430133e+00   4.2737568e+01  -4.7000000e+01   5.1583110e+01
  -3.4495408e+01   1.9000000e+01   3.6000000e+01  -3.2882352e+00   4.3353949e+01  -4.7000000e+01   5.4438957e+01
  -3.5973953e+01   1.9000000e+01   3.6000000e+01  -3.9858568e+00   4.3087070e+01  -4.7000000e+01   5.6976526e+01
  -3.8094213e+01   1.9000000e+01   3.6000000e+01  -5.2804470e+00   4.1368282e+01  -4.7000000e+01   5.9444629e+01
  -3.8865358e+01   1.9000000e+01   3.6000000e+01  -6.5948775e+00   3.9657011e+01  -4.7000000e+01   6.1548699e+01
  -3.7639493e+01   1.9000000e+01   3.6000000e+01  -8.7324035e+00   3.7877435e+01  -4.7000000e+01   6.4577428e+01
  -3.8138092e+01   1.9000000e+01   3.6000000e+01  -1.1254987e+01   3.5835014e+01  -4.7000000e+01   6.6410175e+01
  -3.5742086e+01   1.9000000e+01   3.6000000e+01  -1.5470652e+01   3.4047249e+01  -4.7000000e+01   6.8464720e+01
  -3.2309490e+01   1.9000000e+01   3.6000000e+01  -2.0817337e+01   3.0761785e+01  -4.7000000e+01   6.3805477e+01
  -2.7595655e+01   1.9000000e+01   3.6000000e+01  -2.6451090e+01   2.3003701e+01  -4.7000000e+01   5.4070581e+01
  -2.2329044e+01   1.9000000e+01   3.6000000e+01  -2.9730078e+01   1.8478795e+01  -4.7000000e+01   4.3785633e+01
  -1.9939002e+01   1.9000000e+01   3.6000000e+01  -2.6593749e+01   2.4340432e+01  -4.7000000e+01   3.3098785e+01
  -1.7681289e+01   1.9000000e+01   3.6000000e+01  -1.7789479e+01   3.4294945e+01  -4.7000000e+01   2.1811361e+01
  -1.0151772e+01   1.9000000e+01   3.6000000e+01  -6.3733911e+00   4.4596774e+01  -4.7000000e+01   1.3265749e+01
  -6.0360399e+00   1.9000000e+01   3.6000000e+01   4.1704411e+00   5.0610361e+01  -4.7000000e+01   5.2616698e+00
  -4.5679434e+00   1.9000000e+01   3.6000000e+01   1.2708098e+01   5.2447841e+01  -4.7000000e+01  -2.4841369e+00
  -1.7445396e+00   1.9000000e+01   3.6000000e+01   1.9585833e+01   5.3794694e+01  -4.7000000e+01  -8.9101414e+00
   1.5827526e+00   1.9000000e+01   3.6000000e+01   2.6618790e+01   5.4987155e+01  -4.7000000e+01  -1.3917018e+01
   3.3131694e+00   1.9000000e+01   3.6000000e+01   3.3268682e+01   5.4280819e+01  -4.7000000e+01  -1.8522472e+01
   2.3462761e+00   1.9000000e+01   3.6000000e+01   3.9591105e+01   5.1396884e+01  -4.7000000e+01  -2.2587458e+01
  -1.0820870e+00   1.9000000e+01   3.6000000e+01   4.4711446e+01   4.8912959e+01  -4.7000000e+01  -2.3424070e+01
  -2.2092244e+00   1.9000000e+01   3.6000000e+01   4.5231011e+01   4.8520780e+01  -4.7000000e+01  -2.2047471e+01
  -3.6339335e+00   1.9000000e+01   3.6000000e+01   4.3764849e+01   4.8297543e+01  -4.7000000e+01  -1.9248499e+01
  -4.3272187e+00   1.9000000e+01   3.6000000e+01   4.2011384e+01   4.7838965e+01  -4.7000000e+01  -1.6927340e+01
  -5.8226589e+00   1.9000000e+01   3.6000000e+01   4.0859875e+01   4.7360950e+01  -4.7000000e+01  -1.2577428e+01
  -7.3720232e+00   1.9000000e+01   3.6000000e+01   3.8522257e+01   4.7088712e+01  -4.7000000e+01  -8.7548046e+00
  -9.0962506e+00   1.9000000e+01   3.6000000e+01   3.5495711e+01   4.6408374e+01  -4.7000000e+01  -5.0487942e+00
  -1.1039313e+01   1.9000000e+01   3.6000000e+01   3.3166410e+01   4.6115131e+01  -4.7000000e+01  -7.8286151e-01
  -1.2466628e+01   1.9000000e+01   3.6000000e+01   3.0966377e+01   4.5430537e+01  -4.7000000e+01   3.5192410e+00
  -1.3387923e+01   1.9000000e+01   3.6000000e+01   2.8865009e+01   4.4914102e+01  -4.7000000e+01   8.3722562e+00
  -1.5324878e+01   1.9000000e+01   3.6000000e+01   2.6762396e+01   4.4550089e+01  -4.7000000e+01   1.1665579e+01
  -1.6418863e+01   1.9000000e+01   3.6000000e+01   2.5747194e+01   4.4376316e+01  -4.7000000e+01   1.4801008e+01
  -1.7016160e+01   1.9000000e+01   3.6000000e+01   2.4362413e+01   4.3984769e+01  -4.7000000e+01   1.7060168e+01
  -1.7931584e+01   1.9000000e+01   3.6000000e+01   2.2223333e+01   4.3728589e+01  -4.7000000e+01   2.1240944e+01
  -1.9680139e+01   1.9000000e+01   3.6000000e+01   2.0027576e+01   4.4091987e+01  -4.7000000e+01   2.5105940e+01
  -2.0446770e+01   1.9000000e+01   3.6000000e+01   1.8685308e+01   4.3935894e+01  -4.7000000e+01   2.7682827e+01
  -2.2065122e+01   1.9000000e+01   3.6000000e+01   1.7253741e+01   4.4997086e+01  -4.7000000e+01   3.0096380e+01
  -2.2399976e+01   1.9000000e+01   3.6000000e+01   1.5289647e+01   4.4965116e+01  -4.7000000e+01   3.4056871e+01
  -2.3743556e+01   1.9000000e+01   3.6000000e+01   1.3487306e+01   4.4558992e+01  -4.7000000e+01   3.5668684e+01
  -2.4156726e+01   1.9000000e+01   3.6000000e+01   1.1397226e+01   4.3862623e+01  -4.7000000e+01   3.7765076e+01
  -2.5297294e+01   1.9000000e+01   3.6000000e+01   9.9105809e+00   4.3309036e+01  -4.7000000e+01   3.9974512e+01
  -2.6488537e+01   1.9000000e+01   3.6000000e+01   8.1442547e+00   4.2593028e+01  -4.7000000e+01   4.1465202e+01
  -2.7370189e+01   1.9000000e+01   3.6000000e+01   6.0468702e+00   4.2138646e+01  -4.7000000e+01   4.3529936e+01
  -2.8479171e+01   1.9000000e+01   3.6000000e+01   3.8652708e+00   4.2185480e+01  -4.7000000e+01   4.4893010e+01
  -3.0614376e+01   1.9000000e+01   3.6000000e+01   1.9926162e+00   4.1490088e+01  -4.7000000e+01   4.6214891e+01
  -3.1506703e+01   1.9000000e+01   3.6000000e+01   5.3938756e-02   4.0892799e+01  -4.7000000e+01   4.9267623e+01
  -3.2832504e+01   1.9000000e+01   3.6000000e+01  -1.4501014e+00   3.9641385e+01  -4.7000000e+01   5.1269593e+01
  -3.4042245e+01   1.9000000e+01   3.6000000e+01  -2.9491258e+00   3.8556976e+01  -4.7000000e+01   5.2821937e+01
  -3.5710898e+01   1.9000000e+01   3.6000000e+01  -3.9699628e+00   3.7269966e+01  -4.7000000e+01   5.4388105e+01
  -3.6608854e+01   1.9000000e+01   3.6000000e+01  -4.9811218e+00   3.6406736e+01  -4.7000000e+01   5.6658067e+01
  -3.7705765e+01   1.9000000e+01   3.6000000e+01  -6.4860157e+00   3.4393978e+01  -4.7000000e+01   5.8195625e+01
  -3.7888656e+01   1.9000000e+01   3.6000000e+01  -8.0227694e+00   3.2405430e+01  -4.7000000e+01   5.9743378e+01
  -3.6960376e+01   1.9000000e+01   3.6000000e+01  -1.1446511e+01   3.1080625e+01  -4.7000000e+01   6.1877005e+01
  -3.5436544e+01   1.9000000e+01   3.6000000e+01  -1.5329053e+01   2.9581607e+01  -4.7000000e+01   6.3171654e+01
  -3.4000212e+01   1.9000000e+01   3.6000000e+01  -1.9868051e+01   2.6966633e+01  -4.7000000e+01   6.2506799e+01
  -3.1780264e+01   1.9000000e+01   3.6000000e+01  -2.4182889e+01   2.2515129e+01  -4.7000000e+01   5.7310789e+01
  -2.7681947e+01   1.9000000e+01   3.6000000e+01  -2.9045624e+01   1.8128360e+01  -4.7000000e+01   4.9413386e+01
  -2.5153851e+01   1.9000000e+01   3.6000000e+01  -3.0922569e+01   1.8266724e+01  -4.7000000e+01   4.0238731e+01
  -2.5660535e+01   1.9000000e+01   3.6000000e+01  -2.5175072e+01   2.5766333e+01  -4.7000000e+01   3.0359567e+01
  -2.1730059e+01   1.9000000e+01   3.6000000e+01  -1.4587532e+01   3.5384072e+01  -4.7000000e+01   2.1599426e+01
  -1.6977007e+01   1.9000000e+01   3.6000000e+01  -2.5764444e+00   4.2055159e+01  -4.7000000e+01   1.3293264e+01
  -1.3270744e+01   1.9000000e+01   3.6000000e+01   7.4475445e+00   4.5343901e+01  -4.7000000e+01   6.7674719e+00
  -1.0719262e+01   1.9000000e+01   3.6000000e+01   1.7017813e+01   4.7159728e+01  -4.7000000e+01  -6.5574317e-01
  -9.0386429e+00   1.9000000e+01   3.6000000e+01   2.3709010e+01   5.0342721e+01  -4.7000000e+01  -6.6597415e+00
  -6.6723210e+00   1.9000000e+01   3.6000000e+01   2.9691197e+01   5.0574586e+01  -4.7000000e+01  -1.2927534e+01
  -6.1705998e+00   1.9000000e+01   3.6000000e+01   3.7684927e+01   4.9219789e+01  -4.7000000e+01  -1.4287891e+01
  -5.8564966e+00   1.9000000e+01   3.6000000e+01   4.0972845e+01   4.9206478e+01  -4.7000000e+01  -1.4771355e+01
  -6.6654425e+00   1.9000000e+01   3.6000000e+01   4.0998505e+01   4.9929143e+01  -4.7000000e+01  -1.3257024e+01
  -7.7850574e+00   1.9000000e+01   3.6000000e+01   3.9924937e+01   4.9803442e+01  -4.7000000e+01  -1.2330237e+01
  -9.0700890e+00   1.9000000e+01   3.6000000e+01   3.8541903e+01   5.0270394e+01  -4.7000000e+01  -1.0439454e+01
  -1.0187815e+01   1.9000000e+01   3.6000000e+01   3.7509211e+01   5.0595988e+01  -4.7000000e+01  -9.1005449e+00
  -1.1002979e+01   1.9000000e+01   3.6000000e+01   3.6187518e+01   4.9993994e+01  -4.7000000e+01  -7.1407799e+00
  -1.1477910e+01   1.9000000e+01   3.6000000e+01   3.5995790e+01   4.9989477e+01  -4.7000000e+01  -4.5677904e+00
  -1.2413055e+01   1.9000000e+01   3.6000000e+01   3.4950448e+01   4.9347689e+01  -4.7000000e+01  -2.9913376e+00
  -1.3398565e+01   1.9000000e+01   3.6000000e+01   3.4128561e+01   4.9990499e+01  -4.7000000e+01   9.6832225e-01
  -1.4191361e+01   1.9000000e+01   3.6000000e+01   3.2105724e+01   4.9389796e+01  -4.7000000e+01   3.9728678e+00
  -1.4780828e+01   1.9000000e+01   3.6000000e+01   3.0251115e+01   4.8354011e+01  -4.7000000e+01   6.5278424e+00
  -1.5468714e+01   1.9000000e+01   3.6000000e+01   2.8153554e+01   4.7702317e+01  -4.7000000e+01   9.6717822e+00
  -1.6708734e+01   1.9000000e+01   3.6000000e+01   2.6146218e+01   4.8023141e+01  -4.7000000e+01   1.2629495e+01
  -1.7237955e+01   1.9000000e+01   3.6000000e+01   2.4730689e+01   4.7502037e+01  -4.7000000e+01   1.5392773e+01
  -1.8485138e+01   1.9000000e+01   3.6000000e+01   2.2733539e+01   4.7036681e+01  -4.7000000e+01   1.7975906e+01
  -1.9959906e+01   1.9000000e+01   3.6000000e+01   2.0320793e+01   4.7576800e+01  -4.7000000e+01   2.1721006e+01
  -1.8874184e+01   1.9000000e+01   3.6000000e+01   2.0051340e+01   4.6932179e+01  -4.7000000e+01   2.5516883e+01
  -2.0176594e+01   1.9000000e+01   3.6000000e+01   1.8168632e+01   4.7816490e+01  -4.7000000e+01   2.8961356e+01
  -2.0189988e+01   1.9000000e+01   3.6000000e+01   1.7117723e+01   4.7178360e+01  -4.7000000e+01   3.1980298e+01
  -2.1170623e+01   1.9000000e+01   3.6000000e+01   1.5781235e+01   4.7049905e+01  -4.7000000e+01   3.3763966e+01
  -2.1359175e+01   1.9000000e+01   3.6000000e+01   1.4436530e+01   4.5520717e+01  -4.7000000e+01   3.4984268e+01
  -2.3095227e+01   1.9000000e+01   3.6000000e+01   1.2065292e+01   4.5940250e+01  -4.7000000e+01   3.7076315e+01
  -2.3532438e+01   1.9000000e+01   3.6000000e+01   1.1396185e+01   4.5954972e+01  -4.7000000e+01   3.8711583e+01
  -2.4982203e+01   1.9000000e+01   3.6000000e+01   1.1201219e+01   4.6800563e+01  -4.7000000e+01   4.1100671e+01
  -2.5025526e+01   1.9000000e+01   3.6000000e+01   1.0248630e+01   4.6064857e+01  -4.7000000e+01   4.2658987e+01
  -2.5969721e+01   1.9000000e+01   3.6000000e+01   7.9676203e+00   4.5787368e+01  -4.7000000e+01   4.4620035e+01
  -2.7225038e+01   1.9000000e+01   3.6000000e+01   5.7008430e+00   4.5500377e+01  -4.7000000e+01   4.6669665e+01
  -2.8518160e+01   1.9000000e+01   3.6000000e+01   2.9069430e+00   4.5368696e+01  -4.7000000e+01   4.8026176e+01
  -2.9069017e+01   1.9000000e+01   3.6000000e+01   1.0038875e+00   4.5139262e+01  -4.7000000e+01   5.0417460e+01
  -3.1479043e+01   1.9000000e+01   3.6000000e+01  -1.4944315e+00   4.5209524e+01  -4.7000000e+01   5.2983127e+01
  -3.3662272e+01   1.9000000e+01   3.6000000e+01  -4.0056351e+00   4.5038443e+01  -4.7000000e+01   5.5017342e+01
  -3.5256720e+01   1.9000000e+01   3.6000000e+01  -5.9609301e+00   4.4204460e+01  -4.7000000e+01   5.7080460e+01
  -3.6823269e+01   1.9000000e+01   3.6000000e+01  -8.1295536e+00   4.3799425e+01  -4.7000000e+01   5.9031071e+01
  -3.7756451e+01   1.9000000e+01   3.6000000e+01  -1.0919198e+01   4.2617045e+01  -4.7000000e+01   6.0542789e+01
  -3.6849171e+01   1.9000000e+01   3.6000000e+01  -1.5129098e+01   4.1352740e+01  -4.7000000e+01   6.2265620e+01
  -3.5921154e+01   1.9000000e+01   3.6000000e+01  -1.9058053e+01   3.8434524e+01  -4.7000000e+01   6.5446012e+01
  -3.4624744e+01   1.9000000e+01   3.6000000e+01  -2.5045045e+01   3.6652645e+01  -4.7000000e+01   6.6984416e+01
  -2.5991712e+01   1.9000000e+01   3.6000000e+01  -3.0452472e+01   3.1864759e+01  -4.7000000e+01   6.2708681e+01
  -2.4508119e+01   1.9000000e+01   3.6000000e+01  -3.4427430e+01   2.6527642e+01  -4.7000000e+01   5.3418275e+01
  -2.1280109e+01   1.9000000e+01   3.6000000e+01  -3.4676069e+01   2.3616343e+01  -4.7000000e+01   4.2318611e+01
  -1.9572504e+01   1.9000000e+01   3.6000000e+01  -2.8978351e+01   2.6609091e+01  -4.7000000e+01   3.0574351e+01
  -1.6708327e+01   1.9000000e+01   3.6000000e+01  -1.9810980e+01   3.4118397e+01  -4.7000000e+01   1.8723630e+01
  -1.2458306e+01   1.9000000e+01   3.6000000e+01  -8.8854693e+00   3.9576625e+01  -4.7000000e+01   7.6715239e+00
  -8.1775394e+00   1.9000000e+01   3.6000000e+01   1.9339694e+00   4.2594134e+01  -4.7000000e+01  -1.1661330e+00
  -5.5226736e+00   1.9000000e+01   3.6000000e+01   1.1665865e+01   4.4706408e+01  -4.7000000e+01  -9.1004735e+00
  -3.5506164e+00   1.9000000e+01   3.6000000e+01   1.8355409e+01   4.7303324e+01  -4.7000000e+01  -1.6429484e+01
  -1.4271884e+00   1.9000000e+01   3.6000000e+01   2.5053313e+01   4.8525210e+01  -4.7000000e+01  -2.2110749e+01
  -2.4552337e+00   1.9000000e+01   3.6000000e+01   3.0856349e+01   4.6963089e+01  -4.7000000e+01  -2.7303104e+01
  -5.6800519e+00   1.9000000e+01   3.6000000e+01   3.8980594e+01   4.4306637e+01  -4.7000000e+01  -2.9187697e+01
  -6.9353090e+00   1.9000000e+01   3.6000000e+01   4.1173731e+01   4.4005026e+01  -4.7000000e+01  -2.9979786e+01
  -8.4237448e+00   1.9000000e+01   3.6000000e+01   3.9562813e+01   4.4155845e+01  -4.7000000e+01  -2.9326874e+01
  -9.8813738e+00   1.9000000e+01   3.6000000e+01   3.8069980e+01   4.4463053e+01  -4.7000000e+01  -2.6416189e+01
  -1.1559672e+01   1.9000000e+01   3.6000000e+01   3.5881494e+01   4.4290136e+01  -4.7000000e+01  -2.3050544e+01
  -1.3081556e+01   1.9000000e+01   3.6000000e+01   3.4072650e+01   4.4554490e+01  -4.7000000e+01  -1.9786921e+01
  -1.3797763e+01   1.9000000e+01   3.6000000e+01   3.2512672e+01   4.4318774e+01  -4.7000000e+01  -1.4541499e+01
  -1.4351534e+01   1.9000000e+01   3.6000000e+01   3.0042124e+01   4.2840854e+01  -4.7000000e+01  -9.2693478e+00
  -1.5562973e+01   1.9000000e+01   3.6000000e+01   2.7295749e+01   4.1223830e+01  -4.7000000e+01  -3.8932796e+00
  -1.6326985e+01   1.9000000e+01   3.6000000e+01   2.4042229e+01   3.9582631e+01  -4.7000000e+01   1.9231775e+00
  -1.8027348e+01   1.9000000e+01   3.6000000e+01   2.1654502e+01   3.9503454e+01  -4.7000000e+01   6.1137809e+00
  -1.9845779e+01   1.9000000e+01   3.6000000e+01   2.0444497e+01   4.0811717e+01  -4.7000000e+01   9.2789566e+00
  -2.0595492e+01   1.9000000e+01   3.6000000e+01   1.9169988e+01   4.0343142e+01  -4.7000000e+01   1.2702289e+01
  -2.1339213e+01   1.9000000e+01   3.6000000e+01   1.8272225e+01   4.0143066e+01  -4.7000000e+01   1.5488062e+01
