   2.4241495e+01  -9.0929939e+00  -1.8673355e+02   4.1776114e+00   9.0943575e+01  -6.0820843e+01   1.5713383e+02
   2.2519622e+01  -1.7501935e+01  -2.0052157e+02   1.1592227e+01   1.0367791e+02  -6.4214592e+01   1.6971228e+02
   1.4185445e+01  -1.2000000e+01  -2.1300000e+02   1.9545621e+01   1.1075570e+02  -5.7028160e+01   1.7417314e+02
   7.7184920e+00  -1.2000000e+01  -2.1300000e+02   2.5975665e+01   1.1238679e+02  -5.1225682e+01   1.7821862e+02
   3.6845614e+00  -1.2000000e+01  -2.1300000e+02   3.1114793e+01   1.1169278e+02  -4.5214587e+01   1.8243673e+02
  -2.4045967e-01  -1.2000000e+01  -2.1300000e+02   3.4704684e+01   1.1316199e+02  -3.8384751e+01   1.8778755e+02
  -3.0061477e+00  -1.2000000e+01  -2.1300000e+02   3.7786639e+01   1.1516977e+02  -3.1425876e+01   1.9437850e+02
  -2.6083388e+00  -1.2000000e+01  -2.1300000e+02   3.9841720e+01   1.1738373e+02  -2.4751648e+01   1.9883457e+02
  -2.5371597e+00  -1.2000000e+01  -2.1300000e+02   3.7841675e+01   1.1729137e+02  -2.1470172e+01   1.9909692e+02
  -6.0432176e-01  -1.2000000e+01  -2.1300000e+02   3.4760209e+01   1.1667060e+02  -1.9482645e+01   1.9774015e+02
   1.3861199e+00  -1.2000000e+01  -2.1300000e+02   3.1615246e+01   1.1605451e+02  -1.8145972e+01   1.9413780e+02
   3.6713792e+00  -1.2000000e+01  -2.1300000e+02   2.8126976e+01   1.1646460e+02  -1.8282735e+01   1.8983382e+02
   5.3632281e+00  -1.2000000e+01  -2.1300000e+02   2.6756473e+01   1.1708600e+02  -1.8971263e+01   1.8549618e+02
   9.7855629e+00  -1.2000000e+01  -2.1300000e+02   2.4400800e+01   1.1632790e+02  -2.1079703e+01   1.8191608e+02
   1.1723403e+01  -1.2000000e+01  -2.1300000e+02   2.2913027e+01   1.1615498e+02  -2.2781034e+01   1.7809300e+02
   1.3490802e+01  -1.2000000e+01  -2.1300000e+02   2.1578863e+01   1.1617242e+02  -2.4835982e+01   1.7314663e+02
   1.5784764e+01  -1.2000000e+01  -2.1300000e+02   2.0536645e+01   1.1680300e+02  -2.7080311e+01   1.6962258e+02
   1.7473503e+01  -1.2000000e+01  -2.1300000e+02   1.9523539e+01   1.1759301e+02  -2.9302183e+01   1.6709784e+02
   1.9429496e+01  -1.2000000e+01  -2.1300000e+02   2.0541549e+01   1.1757365e+02  -3.2354467e+01   1.6405911e+02
   2.1354761e+01  -1.2000000e+01  -2.1300000e+02   2.0007273e+01   1.1930584e+02  -3.6863906e+01   1.6309296e+02
   2.3954408e+01  -1.2000000e+01  -2.1300000e+02   1.9830754e+01   1.2032938e+02  -4.1248316e+01   1.6009643e+02
   2.5870735e+01  -1.2000000e+01  -2.1300000e+02   1.9498149e+01   1.2106513e+02  -4.5838051e+01   1.5500106e+02
   2.7638604e+01  -1.2000000e+01  -2.1300000e+02   1.9800672e+01   1.2322321e+02  -5.0124197e+01   1.5220497e+02
   3.1112941e+01  -1.2000000e+01  -2.1300000e+02   1.8129210e+01   1.2453832e+02  -5.4519329e+01   1.5116134e+02
   3.2924462e+01  -1.2000000e+01  -2.1300000e+02   1.6974337e+01   1.2601869e+02  -5.8580936e+01   1.4626356e+02
   3.5275216e+01  -1.2000000e+01  -2.1300000e+02   1.8887350e+01   1.2633211e+02  -6.2683160e+01   1.4284176e+02
   3.7815433e+01  -1.2000000e+01  -2.1300000e+02   2.3528195e+01   1.2589222e+02  -6.7017073e+01   1.4116893e+02
   4.1052503e+01  -1.2000000e+01  -2.1300000e+02   2.7263719e+01   1.2518192e+02  -7.2165093e+01   1.3942417e+02
   4.1221176e+01  -1.2000000e+01  -2.1300000e+02   3.1529390e+01   1.2493696e+02  -7.6422987e+01   1.3739560e+02
   4.0871790e+01  -1.2000000e+01  -2.1300000e+02   3.6416320e+01   1.2476377e+02  -7.9788325e+01   1.3435331e+02
   4.4535156e+01  -1.2000000e+01  -2.1300000e+02   3.9175610e+01   1.2391134e+02  -8.5133122e+01   1.3146256e+02
   4.6133769e+01  -1.2000000e+01  -2.1300000e+02   4.2497061e+01   1.2410286e+02  -9.0060580e+01   1.2862374e+02
   4.8030791e+01  -1.2000000e+01  -2.1300000e+02   4.4084178e+01   1.2652457e+02  -9.5802874e+01   1.2601837e+02
   4.7361956e+01  -1.2000000e+01  -2.1300000e+02   4.8678422e+01   1.2819918e+02  -1.0064926e+02   1.2351614e+02
   4.7016511e+01  -1.2000000e+01  -2.1300000e+02   5.3886876e+01   1.3044517e+02  -1.0530956e+02   1.2043258e+02
   4.5651258e+01  -1.2000000e+01  -2.1300000e+02   6.0456395e+01   1.3215632e+02  -1.0976648e+02   1.1856216e+02
   4.2112238e+01  -1.2000000e+01  -2.1300000e+02   6.5957233e+01   1.3332630e+02  -1.1565362e+02   1.1702934e+02
   3.8436004e+01  -1.2000000e+01  -2.1300000e+02   6.7071033e+01   1.3573237e+02  -1.2333634e+02   1.2195175e+02
   3.6354291e+01  -1.2000000e+01  -2.1300000e+02   6.2733544e+01   1.4124687e+02  -1.3141803e+02   1.3044774e+02
   3.2191678e+01  -1.2000000e+01  -2.1300000e+02   5.9752895e+01   1.4464447e+02  -1.3677902e+02   1.4120313e+02
   2.7091402e+01  -1.2000000e+01  -2.1300000e+02   6.2588572e+01   1.4202772e+02  -1.3614191e+02   1.5176666e+02
   2.4958831e+01  -1.2000000e+01  -2.1300000e+02   6.3338238e+01   1.3943853e+02  -1.3235873e+02   1.6285479e+02
   2.2451364e+01  -1.2000000e+01  -2.1300000e+02   6.3370202e+01   1.3469481e+02  -1.2865368e+02   1.7403182e+02
   1.6292039e+01  -1.2000000e+01  -2.1300000e+02   6.5262820e+01   1.2699411e+02  -1.2074574e+02   1.8288100e+02
   1.0667931e+01  -1.2000000e+01  -2.1300000e+02   6.8747938e+01   1.1980050e+02  -1.1211190e+02   1.8744453e+02
   5.2817041e+00  -1.2000000e+01  -2.1300000e+02   7.3220362e+01   1.1518275e+02  -1.0327187e+02   1.8915069e+02
   1.1398851e+00  -1.2000000e+01  -2.1300000e+02   7.6521254e+01   1.1398241e+02  -9.4490961e+01   1.9167323e+02
  -1.7708825e+00  -1.2000000e+01  -2.1300000e+02   7.9012842e+01   1.1506753e+02  -8.5492322e+01   1.9692473e+02
  -2.5754972e+00  -1.2000000e+01  -2.1300000e+02   7.9793832e+01   1.1830885e+02  -7.6659143e+01   2.0068995e+02
  -1.8403364e+00  -1.2000000e+01  -2.1300000e+02   7.6484716e+01   1.2083011e+02  -6.9133737e+01   2.0243081e+02
  -9.1544349e-01  -1.2000000e+01  -2.1300000e+02   7.0921138e+01   1.2152518e+02  -6.3855341e+01   2.0089090e+02
   3.0671630e-01  -1.2000000e+01  -2.1300000e+02   6.5197331e+01   1.2137467e+02  -5.9205958e+01   1.9666122e+02
   2.8903419e+00  -1.2000000e+01  -2.1300000e+02   5.9571781e+01   1.2050969e+02  -5.5185161e+01   1.9111615e+02
   5.2270248e+00  -1.2000000e+01  -2.1300000e+02   5.4277396e+01   1.2033873e+02  -5.1495888e+01   1.8652998e+02
   7.1902707e+00  -1.2000000e+01  -2.1300000e+02   4.9414218e+01   1.2044002e+02  -4.9792839e+01   1.8229992e+02
   1.0533856e+01  -1.2000000e+01  -2.1300000e+02   4.5376463e+01   1.2038300e+02  -4.9451657e+01   1.7683490e+02
   1.2041617e+01  -1.2000000e+01  -2.1300000e+02   4.1858924e+01   1.2056584e+02  -4.9218672e+01   1.7242653e+02
   1.3468840e+01  -1.2000000e+01  -2.1300000e+02   4.0891490e+01   1.1980366e+02  -5.0333206e+01   1.6886397e+02
   1.5521866e+01  -1.2000000e+01  -2.1300000e+02   4.0534558e+01   1.1936469e+02  -5.2642276e+01   1.6587187e+02
   1.7410420e+01  -1.2000000e+01  -2.1300000e+02   3.9959147e+01   1.1999044e+02  -5.6164900e+01   1.6235734e+02
   2.0401596e+01  -1.2000000e+01  -2.1300000e+02   3.9402316e+01   1.2168925e+02  -5.9955391e+01   1.5980249e+02
   2.3393083e+01  -1.2000000e+01  -2.1300000e+02   3.5538630e+01   1.2296704e+02  -6.4868704e+01   1.5501790e+02
   2.4592404e+01  -1.2000000e+01  -2.1300000e+02   3.4258502e+01   1.2380225e+02  -6.7689280e+01   1.5032645e+02
   2.7039413e+01  -1.2000000e+01  -2.1300000e+02   3.5321833e+01   1.2431586e+02  -7.2362473e+01   1.4688121e+02
   2.8109606e+01  -1.2000000e+01  -2.1300000e+02   3.6826394e+01   1.2465855e+02  -7.7021877e+01   1.4201942e+02
   3.1710330e+01  -1.2000000e+01  -2.1300000e+02   3.9337151e+01   1.2434146e+02  -8.1904148e+01   1.3879102e+02
   3.3790318e+01  -1.2000000e+01  -2.1300000e+02   4.4430942e+01   1.2342888e+02  -8.6172810e+01   1.3520139e+02
   3.7235026e+01  -1.2000000e+01  -2.1300000e+02   4.8767574e+01   1.2186096e+02  -9.1379465e+01   1.3254889e+02
   4.1462397e+01  -1.2000000e+01  -2.1300000e+02   4.9870358e+01   1.1979722e+02  -9.7142789e+01   1.2891352e+02
   4.1910519e+01  -1.2000000e+01  -2.1300000e+02   5.5181203e+01   1.1891479e+02  -1.0168688e+02   1.2485820e+02
   4.4672167e+01  -1.2000000e+01  -2.1300000e+02   5.7570508e+01   1.1843925e+02  -1.0720389e+02   1.2110369e+02
   4.4586941e+01  -1.2000000e+01  -2.1300000e+02   6.4274637e+01   1.1932144e+02  -1.1113768e+02   1.1701607e+02
   4.4669853e+01  -1.2000000e+01  -2.1300000e+02   6.9055564e+01   1.1977025e+02  -1.1669544e+02   1.1236200e+02
   4.4908506e+01  -1.2000000e+01  -2.1300000e+02   7.3758508e+01   1.2022679e+02  -1.2228291e+02   1.0772084e+02
   4.4276978e+01  -1.2000000e+01  -2.1300000e+02   7.9056581e+01   1.2087221e+02  -1.2757809e+02   1.0459797e+02
   4.4878870e+01  -1.2000000e+01  -2.1300000e+02   8.6758738e+01   1.2155572e+02  -1.3183735e+02   1.0235583e+02
   4.3102778e+01  -1.2000000e+01  -2.1300000e+02   9.3500123e+01   1.2217909e+02  -1.3697698e+02   9.9019362e+01
   4.0073228e+01  -1.2000000e+01  -2.1300000e+02   9.9054749e+01   1.2253828e+02  -1.4323865e+02   9.7408348e+01
   3.6014143e+01  -1.2000000e+01  -2.1300000e+02   1.0558461e+02   1.2275735e+02  -1.4892135e+02   9.7545888e+01
   3.3919486e+01  -1.2000000e+01  -2.1300000e+02   1.0915331e+02   1.2248005e+02  -1.5615403e+02   1.0318903e+02
   2.9217998e+01  -1.2000000e+01  -2.1300000e+02   1.0410316e+02   1.2441731e+02  -1.6385106e+02   1.1378089e+02
   2.5414337e+01  -1.2000000e+01  -2.1300000e+02   9.9989387e+01   1.3172174e+02  -1.6739290e+02   1.2586145e+02
   2.0019661e+01  -1.2000000e+01  -2.1300000e+02   9.6595648e+01   1.3618352e+02  -1.6352381e+02   1.3819390e+02
   1.5939234e+01  -1.2000000e+01  -2.1300000e+02   9.5149189e+01   1.3602170e+02  -1.5674085e+02   1.5035283e+02
   1.2307381e+01  -1.2000000e+01  -2.1300000e+02   9.2950927e+01   1.3411769e+02  -1.4964345e+02   1.6215509e+02
   1.0800639e+01  -1.2000000e+01  -2.1300000e+02   8.7914621e+01   1.3122941e+02  -1.4347935e+02   1.7365711e+02
   8.8767642e+00  -1.2000000e+01  -2.1300000e+02   8.3716511e+01   1.2754000e+02  -1.3607432e+02   1.8419259e+02
   3.4242897e+00  -1.2000000e+01  -2.1300000e+02   8.4618774e+01   1.2154705e+02  -1.2727575e+02   1.9164967e+02
   1.3042762e+00  -1.2000000e+01  -2.1300000e+02   8.5396029e+01   1.1697660e+02  -1.1870548e+02   1.9549938e+02
  -1.3022344e+00  -1.2000000e+01  -2.1300000e+02   8.9228590e+01   1.1530189e+02  -1.0931269e+02   1.9661043e+02
  -3.3270248e+00  -1.2000000e+01  -2.1300000e+02   9.4234350e+01   1.1713598e+02  -9.9529954e+01   1.9929119e+02
  -3.7496384e+00  -1.2000000e+01  -2.1300000e+02   9.7314119e+01   1.2154152e+02  -8.9982247e+01   2.0477780e+02
  -2.8627788e+00  -1.2000000e+01  -2.1300000e+02   9.2969352e+01   1.2269894e+02  -8.2885943e+01   2.0658552e+02
  -2.6019119e+00  -1.2000000e+01  -2.1300000e+02   8.6825570e+01   1.2260979e+02  -7.7611578e+01   2.0582573e+02
  -1.0945942e+00  -1.2000000e+01  -2.1300000e+02   8.0534206e+01   1.2230471e+02  -7.2638149e+01   2.0292378e+02
   1.0801548e+00  -1.2000000e+01  -2.1300000e+02   7.3883727e+01   1.2191348e+02  -6.8544340e+01   1.9886651e+02
   4.5459909e+00  -1.2000000e+01  -2.1300000e+02   6.7408360e+01   1.2083561e+02  -6.4783391e+01   1.9393567e+02
   6.6601306e+00  -1.2000000e+01  -2.1300000e+02   6.1661962e+01   1.2056100e+02  -6.1093727e+01   1.8930302e+02
   8.3474100e+00  -1.2000000e+01  -2.1300000e+02   5.6425921e+01   1.2021103e+02  -5.8499461e+01   1.8412364e+02
   1.1136843e+01  -1.2000000e+01  -2.1300000e+02   5.2106532e+01   1.2056174e+02  -5.6460121e+01   1.7939086e+02
   1.3178203e+01  -1.2000000e+01  -2.1300000e+02   4.8250679e+01   1.2085426e+02  -5.5444562e+01   1.7521444e+02
   1.5564048e+01  -1.2000000e+01  -2.1300000e+02   4.5589266e+01   1.2039738e+02  -5.5787965e+01   1.7131730e+02
   1.6050246e+01  -1.2000000e+01  -2.1300000e+02   4.5827614e+01   1.2029466e+02  -5.7512811e+01   1.6730062e+02
   1.8061925e+01  -1.2000000e+01  -2.1300000e+02   4.5791669e+01   1.2064639e+02  -5.9903989e+01   1.6465382e+02
   1.9482037e+01  -1.2000000e+01  -2.1300000e+02   4.5939987e+01   1.2027616e+02  -6.2224063e+01   1.6257053e+02
   2.3757070e+01  -1.2000000e+01  -2.1300000e+02   4.2874184e+01   1.1903976e+02  -6.4817706e+01   1.5948388e+02
   2.3984631e+01  -1.2000000e+01  -2.1300000e+02   4.2193074e+01   1.2011073e+02  -6.6477370e+01   1.5546805e+02
   2.4327357e+01  -1.2000000e+01  -2.1300000e+02   4.3164922e+01   1.2125283e+02  -7.0666384e+01   1.5151499e+02
   2.4982933e+01  -1.2000000e+01  -2.1300000e+02   4.6700923e+01   1.2134405e+02  -7.5413531e+01   1.4869597e+02
   2.6297177e+01  -1.2000000e+01  -2.1300000e+02   4.9446870e+01   1.2036877e+02  -8.1055987e+01   1.4542867e+02
   2.7839117e+01  -1.2000000e+01  -2.1300000e+02   5.3248061e+01   1.1863435e+02  -8.6722362e+01   1.4205886e+02
   2.8613699e+01  -1.2000000e+01  -2.1300000e+02   5.8259071e+01   1.1764965e+02  -9.1679855e+01   1.3886948e+02
   3.0463225e+01  -1.2000000e+01  -2.1300000e+02   6.2727969e+01   1.1656432e+02  -9.7616349e+01   1.3597829e+02
   3.1864502e+01  -1.2000000e+01  -2.1300000e+02   6.7214436e+01   1.1545598e+02  -1.0357498e+02   1.3308515e+02
   3.3133100e+01  -1.2000000e+01  -2.1300000e+02   7.3322780e+01   1.1449763e+02  -1.0896156e+02   1.3024916e+02
   3.5687137e+01  -1.2000000e+01  -2.1300000e+02   7.8891236e+01   1.1333016e+02  -1.1534447e+02   1.2738549e+02
   3.5699427e+01  -1.2000000e+01  -2.1300000e+02   8.4452106e+01   1.1212598e+02  -1.2173771e+02   1.2460063e+02
   3.6061356e+01  -1.2000000e+01  -2.1300000e+02   8.9729631e+01   1.1104049e+02  -1.2865021e+02   1.2226915e+02
   3.4782228e+01  -1.2000000e+01  -2.1300000e+02   9.5670339e+01   1.1074874e+02  -1.3510330e+02   1.2093991e+02
   3.1825023e+01  -1.2000000e+01  -2.1300000e+02   9.2995803e+01   1.1526659e+02  -1.4306142e+02   1.2752090e+02
   2.5992294e+01  -1.2000000e+01  -2.1300000e+02   8.9936214e+01   1.2163873e+02  -1.5050398e+02   1.3736686e+02
   2.5425377e+01  -1.2000000e+01  -2.1300000e+02   8.6378945e+01   1.3010435e+02  -1.5410948e+02   1.4847419e+02
   2.1562868e+01  -1.2000000e+01  -2.1300000e+02   8.4090468e+01   1.3411191e+02  -1.4995006e+02   1.5989246e+02
   1.6570769e+01  -1.2000000e+01  -2.1300000e+02   8.5380974e+01   1.3156081e+02  -1.4151908e+02   1.7048847e+02
   1.1022798e+01  -1.2000000e+01  -2.1300000e+02   8.7480242e+01   1.2834952e+02  -1.3224758e+02   1.7961731e+02
   6.5910264e+00  -1.2000000e+01  -2.1300000e+02   8.9154228e+01   1.2390497e+02  -1.2336404e+02   1.8523845e+02
   3.0506278e+00  -1.2000000e+01  -2.1300000e+02   8.8505524e+01   1.2126414e+02  -1.1477242e+02   1.9131218e+02
   7.8813104e-01  -1.2000000e+01  -2.1300000e+02   8.6122052e+01   1.1998247e+02  -1.0642548e+02   1.9695207e+02
  -1.4946197e+00  -1.2000000e+01  -2.1300000e+02   8.5448977e+01   1.1966702e+02  -9.7622918e+01   2.0114299e+02
  -3.9930872e+00  -1.2000000e+01  -2.1300000e+02   8.4897561e+01   1.2117483e+02  -8.8676088e+01   2.0584446e+02
  -2.6517502e+00  -1.2000000e+01  -2.1300000e+02   8.3951131e+01   1.2358463e+02  -7.9885403e+01   2.1038577e+02
  -1.2038692e+00  -1.2000000e+01  -2.1300000e+02   8.0722315e+01   1.2428305e+02  -7.2515527e+01   2.1040239e+02
  -1.2222840e-01  -1.2000000e+01  -2.1300000e+02   7.4603029e+01   1.2370511e+02  -6.7198425e+01   2.0925293e+02
   2.3167596e+00  -1.2000000e+01  -2.1300000e+02   6.7552293e+01   1.2309511e+02  -6.3057551e+01   2.0634074e+02
   4.7659595e+00  -1.2000000e+01  -2.1300000e+02   6.1353220e+01   1.2270805e+02  -5.8312598e+01   2.0150690e+02
   6.9801474e+00  -1.2000000e+01  -2.1300000e+02   5.5087636e+01   1.2285804e+02  -5.4019099e+01   1.9811053e+02
   9.2881959e+00  -1.2000000e+01  -2.1300000e+02   4.9200896e+01   1.2281522e+02  -4.9999229e+01   1.9362067e+02
   1.1183506e+01  -1.2000000e+01  -2.1300000e+02   4.3805680e+01   1.2247787e+02  -4.6440474e+01   1.8978984e+02
   1.3797426e+01  -1.2000000e+01  -2.1300000e+02   3.9296723e+01   1.2249681e+02  -4.4444596e+01   1.8526002e+02
   1.5384034e+01  -1.2000000e+01  -2.1300000e+02   3.5746346e+01   1.2277789e+02  -4.4058395e+01   1.8076857e+02
   1.7832880e+01  -1.2000000e+01  -2.1300000e+02   3.3664935e+01   1.2272565e+02  -4.5726324e+01   1.7471687e+02
   1.9678785e+01  -1.2000000e+01  -2.1300000e+02   3.3078580e+01   1.2304399e+02  -4.8382018e+01   1.7034156e+02
   2.2217299e+01  -1.2000000e+01  -2.1300000e+02   3.2135894e+01   1.2360072e+02  -5.1264393e+01   1.6792497e+02
   2.5656437e+01  -1.2000000e+01  -2.1300000e+02   3.0891496e+01   1.2186474e+02  -5.3801307e+01   1.6428832e+02
   2.6483576e+01  -1.2000000e+01  -2.1300000e+02   2.9902866e+01   1.2371138e+02  -5.6769500e+01   1.5979995e+02
   2.8564041e+01  -1.2000000e+01  -2.1300000e+02   2.7423226e+01   1.2345388e+02  -6.0892265e+01   1.5447533e+02
   3.0067741e+01  -1.2000000e+01  -2.1300000e+02   2.5316317e+01   1.2547717e+02  -6.1978902e+01   1.5214220e+02
   3.3059636e+01  -1.2000000e+01  -2.1300000e+02   2.1386937e+01   1.2687272e+02  -6.1919938e+01   1.4922385e+02
   3.5893320e+01  -1.2000000e+01  -2.1300000e+02   2.0376128e+01   1.2480626e+02  -6.4543885e+01   1.4438066e+02
   3.6379563e+01  -1.2000000e+01  -2.1300000e+02   2.3570272e+01   1.2428230e+02  -6.8000129e+01   1.4098377e+02
   3.8281262e+01  -1.2000000e+01  -2.1300000e+02   2.6485163e+01   1.2403315e+02  -7.1796261e+01   1.3776424e+02
   4.1158187e+01  -1.2000000e+01  -2.1300000e+02   2.8808864e+01   1.2295080e+02  -7.6320301e+01   1.3590648e+02
   4.2405154e+01  -1.2000000e+01  -2.1300000e+02   3.2721630e+01   1.2242238e+02  -7.9742873e+01   1.3315404e+02
   4.4541854e+01  -1.2000000e+01  -2.1300000e+02   3.5729389e+01   1.2148353e+02  -8.4068438e+01   1.3054873e+02
   4.5688758e+01  -1.2000000e+01  -2.1300000e+02   3.7554464e+01   1.2079933e+02  -8.9169447e+01   1.2705085e+02
   4.8289253e+01  -1.2000000e+01  -2.1300000e+02   3.9417941e+01   1.2096572e+02  -9.3937632e+01   1.2404420e+02
   4.7187872e+01  -1.2000000e+01  -2.1300000e+02   4.4854799e+01   1.2254744e+02  -9.7661948e+01   1.2102009e+02
   4.5739892e+01  -1.2000000e+01  -2.1300000e+02   4.9644025e+01   1.2393630e+02  -1.0193788e+02   1.1712418e+02
   4.5072370e+01  -1.2000000e+01  -2.1300000e+02   5.4029161e+01   1.2438738e+02  -1.0707889e+02   1.1305421e+02
   4.4437409e+01  -1.2000000e+01  -2.1300000e+02   5.8890688e+01   1.2445939e+02  -1.1220460e+02   1.1054045e+02
   3.9434427e+01  -1.2000000e+01  -2.1300000e+02   6.3894360e+01   1.2461545e+02  -1.1752108e+02   1.1256834e+02
   3.6588067e+01  -1.2000000e+01  -2.1300000e+02   5.9902475e+01   1.2953339e+02  -1.2459767e+02   1.2124279e+02
   3.3577527e+01  -1.2000000e+01  -2.1300000e+02   5.4533979e+01   1.3698804e+02  -1.3084564e+02   1.3213545e+02
   2.8484836e+01  -1.2000000e+01  -2.1300000e+02   5.4239820e+01   1.4321883e+02  -1.3095012e+02   1.4373086e+02
   2.6035939e+01  -1.2000000e+01  -2.1300000e+02   5.3956152e+01   1.3663345e+02  -1.2713222e+02   1.5464116e+02
   2.1084683e+01  -1.2000000e+01  -2.1300000e+02   5.6637289e+01   1.3276807e+02  -1.1819485e+02   1.6591542e+02
   1.6507983e+01  -1.2000000e+01  -2.1300000e+02   5.9807292e+01   1.2775709e+02  -1.0882901e+02   1.7610632e+02
   1.1177400e+01  -1.2000000e+01  -2.1300000e+02   6.3800370e+01   1.2383269e+02  -9.9434986e+01   1.8359928e+02
   8.1746235e+00  -1.2000000e+01  -2.1300000e+02   6.4128580e+01   1.2222330e+02  -9.0900936e+01   1.9006551e+02
   5.9915082e+00  -1.2000000e+01  -2.1300000e+02   6.2445849e+01   1.2227273e+02  -8.2450868e+01   1.9705835e+02
   4.4889607e+00  -1.2000000e+01  -2.1300000e+02   6.2302666e+01   1.2246011e+02  -7.3656665e+01   2.0148775e+02
   4.3092387e+00  -1.2000000e+01  -2.1300000e+02   6.2321865e+01   1.2349028e+02  -6.5059930e+01   2.0541073e+02
   5.8205509e+00  -1.2000000e+01  -2.1300000e+02   6.0594463e+01   1.2505769e+02  -5.7041003e+01   2.0621901e+02
   7.1129950e+00  -1.2000000e+01  -2.1300000e+02   5.5227847e+01   1.2447417e+02  -5.2139332e+01   2.0478022e+02
   9.5663522e+00  -1.2000000e+01  -2.1300000e+02   4.9514394e+01   1.2323158e+02  -4.7719060e+01   2.0142872e+02
   1.0887610e+01  -1.2000000e+01  -2.1300000e+02   4.4427022e+01   1.2261265e+02  -4.3516712e+01   1.9795651e+02
   1.2320053e+01  -1.2000000e+01  -2.1300000e+02   3.9545758e+01   1.2243691e+02  -4.0385284e+01   1.9430784e+02
   1.3272752e+01  -1.2000000e+01  -2.1300000e+02   3.5527215e+01   1.2234868e+02  -3.7268027e+01   1.9172742e+02
   1.5096903e+01  -1.2000000e+01  -2.1300000e+02   3.2275732e+01   1.2213345e+02  -3.5850202e+01   1.8934138e+02
   1.6494738e+01  -1.2000000e+01  -2.1300000e+02   3.0181379e+01   1.2215761e+02  -3.5166642e+01   1.8678352e+02
   1.8404340e+01  -1.2000000e+01  -2.1300000e+02   2.8088831e+01   1.2176310e+02  -3.5087550e+01   1.8296626e+02
   1.9939335e+01  -1.2000000e+01  -2.1300000e+02   2.7994871e+01   1.2216802e+02  -3.6791126e+01   1.7912523e+02
   2.1827430e+01  -1.2000000e+01  -2.1300000e+02   2.7492698e+01   1.2302948e+02  -3.8910868e+01   1.7684051e+02
   2.3579361e+01  -1.2000000e+01  -2.1300000e+02   2.6752754e+01   1.2279057e+02  -4.1248049e+01   1.7249214e+02
   2.4790577e+01  -1.2000000e+01  -2.1300000e+02   2.6067886e+01   1.2317267e+02  -4.3582739e+01   1.6937924e+02
   2.5392148e+01  -1.2000000e+01  -2.1300000e+02   2.6446339e+01   1.2447086e+02  -4.6472479e+01   1.6581999e+02
   2.7299473e+01  -1.2000000e+01  -2.1300000e+02   2.6907488e+01   1.2525188e+02  -4.9535665e+01   1.6358895e+02
   2.9241349e+01  -1.2000000e+01  -2.1300000e+02   2.7669631e+01   1.2510462e+02  -5.2562860e+01   1.6071896e+02
   2.9978722e+01  -1.2000000e+01  -2.1300000e+02   2.9480344e+01   1.2554105e+02  -5.6378325e+01   1.5713577e+02
   3.1953829e+01  -1.2000000e+01  -2.1300000e+02   3.1538967e+01   1.2546884e+02  -6.0676893e+01   1.5548248e+02
   3.2805215e+01  -1.2000000e+01  -2.1300000e+02   3.4572880e+01   1.2604322e+02  -6.5520642e+01   1.5323180e+02
   3.3224031e+01  -1.2000000e+01  -2.1300000e+02   3.7994713e+01   1.2659933e+02  -7.0191942e+01   1.5083788e+02
   3.4129843e+01  -1.2000000e+01  -2.1300000e+02   4.0720875e+01   1.2692648e+02  -7.5537406e+01   1.4864093e+02
   3.3026635e+01  -1.2000000e+01  -2.1300000e+02   4.5382356e+01   1.2863628e+02  -8.0167488e+01   1.4670335e+02
   3.3870064e+01  -1.2000000e+01  -2.1300000e+02   4.9926555e+01   1.2894956e+02  -8.5507313e+01   1.4412628e+02
   3.3668183e+01  -1.2000000e+01  -2.1300000e+02   5.4848806e+01   1.2942981e+02  -9.0714881e+01   1.4161899e+02
   3.4034235e+01  -1.2000000e+01  -2.1300000e+02   5.9618181e+01   1.2958935e+02  -9.6409874e+01   1.3910485e+02
   3.4080333e+01  -1.2000000e+01  -2.1300000e+02   6.4933703e+01   1.2902587e+02  -1.0208797e+02   1.3694946e+02
   3.4696255e+01  -1.2000000e+01  -2.1300000e+02   7.0901832e+01   1.2884569e+02  -1.0751317e+02   1.3505368e+02
   3.5028356e+01  -1.2000000e+01  -2.1300000e+02   7.6262543e+01   1.2850765e+02  -1.1373888e+02   1.3357742e+02
   3.5592282e+01  -1.2000000e+01  -2.1300000e+02   8.2535128e+01   1.2968605e+02  -1.1981185e+02   1.3287758e+02
   3.6059598e+01  -1.2000000e+01  -2.1300000e+02   8.8977872e+01   1.2914492e+02  -1.2619564e+02   1.3103939e+02
   3.5917490e+01  -1.2000000e+01  -2.1300000e+02   9.6292498e+01   1.2856089e+02  -1.3193488e+02   1.2956875e+02
   3.6204925e+01  -1.2000000e+01  -2.1300000e+02   1.0316226e+02   1.2785524e+02  -1.3808770e+02   1.2802531e+02
   3.6418024e+01  -1.2000000e+01  -2.1300000e+02   1.1001756e+02   1.2717800e+02  -1.4424336e+02   1.2650085e+02
   3.7501271e+01  -1.2000000e+01  -2.1300000e+02   1.1664189e+02   1.2736920e+02  -1.5005325e+02   1.2556679e+02
   3.7789122e+01  -1.2000000e+01  -2.1300000e+02   1.2261839e+02   1.2775113e+02  -1.5629700e+02   1.2444723e+02
   3.8202269e+01  -1.2000000e+01  -2.1300000e+02   1.2865769e+02   1.2884615e+02  -1.6200190e+02   1.2336359e+02
   3.8897790e+01  -1.2000000e+01  -2.1300000e+02   1.3443127e+02   1.3005092e+02  -1.6720438e+02   1.2174004e+02
   3.8778204e+01  -1.2000000e+01  -2.1300000e+02   1.4017327e+02   1.3124326e+02  -1.7240046e+02   1.2011292e+02
   4.0234957e+01  -1.2000000e+01  -2.1300000e+02   1.4485586e+02   1.3221632e+02  -1.7743614e+02   1.1864511e+02
   3.9826025e+01  -1.2000000e+01  -2.1300000e+02   1.4951213e+02   1.3318155e+02  -1.8245105e+02   1.1722071e+02
   3.9677298e+01  -1.2000000e+01  -2.1300000e+02   1.5271929e+02   1.3423033e+02  -1.8738963e+02   1.1660037e+02
   4.0540242e+01  -1.2000000e+01  -2.1300000e+02   1.5437907e+02   1.3581538e+02  -1.9293714e+02   1.1621424e+02
   4.0370439e+01  -1.2000000e+01  -2.1300000e+02   1.5600144e+02   1.3739650e+02  -1.9848545e+02   1.1585450e+02
   3.8348052e+01  -1.2000000e+01  -2.1300000e+02   1.5467437e+02   1.3869390e+02  -2.0556710e+02   1.1878817e+02
   3.5663446e+01  -1.2000000e+01  -2.1300000e+02   1.5215283e+02   1.3951902e+02  -2.1380316e+02   1.2610648e+02
   3.2746202e+01  -1.2000000e+01  -2.1300000e+02   1.5090851e+02   1.4523628e+02  -2.2081868e+02   1.3721046e+02
   3.0127341e+01  -1.2000000e+01  -2.1300000e+02   1.5020493e+02   1.4627229e+02  -2.2043980e+02   1.4857228e+02
   2.4630131e+01  -1.2000000e+01  -2.1300000e+02   1.5278989e+02   1.3828121e+02  -2.1617065e+02   1.5831986e+02
   1.6656021e+01  -1.2000000e+01  -2.1300000e+02   1.5773644e+02   1.3167381e+02  -2.0886314e+02   1.6720644e+02
   9.7487257e+00  -1.2000000e+01  -2.1300000e+02   1.6312988e+02   1.2510172e+02  -2.0092914e+02   1.7400475e+02
   5.5023204e+00  -1.2000000e+01  -2.1300000e+02   1.6905920e+02   1.2086329e+02  -1.9301827e+02   1.8041869e+02
   2.6979651e+00  -1.2000000e+01  -2.1300000e+02   1.7393716e+02   1.1913592e+02  -1.8611704e+02   1.8693422e+02
   5.5548485e-01  -1.2000000e+01  -2.1300000e+02   1.7847639e+02   1.1921240e+02  -1.7926140e+02   1.9458620e+02
   1.3257290e+00  -1.2000000e+01  -2.1300000e+02   1.8268682e+02   1.2132553e+02  -1.7293607e+02   2.0111862e+02
   2.1654263e+00  -1.2000000e+01  -2.1300000e+02   1.8259280e+02   1.2032743e+02  -1.7133027e+02   2.0385089e+02
   3.0795777e+00  -1.2000000e+01  -2.1300000e+02   1.8138093e+02   1.1886101e+02  -1.7105465e+02   2.0436570e+02
   5.0593373e+00  -1.2000000e+01  -2.1300000e+02   1.7993430e+02   1.1762814e+02  -1.7073443e+02   2.0219048e+02
   6.5662702e+00  -1.2000000e+01  -2.1300000e+02   1.7797341e+02   1.1726927e+02  -1.7067630e+02   1.9839740e+02
   8.7557962e+00  -1.2000000e+01  -2.1300000e+02   1.7549979e+02   1.1702910e+02  -1.7095044e+02   1.9514247e+02
   1.0924241e+01  -1.2000000e+01  -2.1300000e+02   1.7237178e+02   1.1772486e+02  -1.7085836e+02   1.9093385e+02
   1.3581556e+01  -1.2000000e+01  -2.1300000e+02   1.6882986e+02   1.1839709e+02  -1.7118497e+02   1.8713907e+02
   1.5249421e+01  -1.2000000e+01  -2.1300000e+02   1.6547380e+02   1.1913774e+02  -1.7123009e+02   1.8295860e+02
   1.8018463e+01  -1.2000000e+01  -2.1300000e+02   1.6155877e+02   1.2032568e+02  -1.7186525e+02   1.7932396e+02
   1.9988263e+01  -1.2000000e+01  -2.1300000e+02   1.5788609e+02   1.2167052e+02  -1.7224490e+02   1.7592496e+02
   2.2139385e+01  -1.2000000e+01  -2.1300000e+02   1.5462129e+02   1.2282697e+02  -1.7213979e+02   1.7172282e+02
   2.3100201e+01  -1.2000000e+01  -2.1300000e+02   1.5108717e+02   1.2417137e+02  -1.7236929e+02   1.6629381e+02
   2.5681358e+01  -1.2000000e+01  -2.1300000e+02   1.4696092e+02   1.2591944e+02  -1.7260137e+02   1.6277004e+02
   2.8701927e+01  -1.2000000e+01  -2.1300000e+02   1.4224459e+02   1.2533731e+02  -1.7152190e+02   1.6013734e+02
   2.9848172e+01  -1.2000000e+01  -2.1300000e+02   1.3651950e+02   1.2735885e+02  -1.7086867e+02   1.5536656e+02
   3.2165265e+01  -1.2000000e+01  -2.1300000e+02   1.3143121e+02   1.2913434e+02  -1.6906529e+02   1.5135707e+02
   3.3152649e+01  -1.2000000e+01  -2.1300000e+02   1.2666389e+02   1.2889751e+02  -1.6716505e+02   1.4698233e+02
   3.7483455e+01  -1.2000000e+01  -2.1300000e+02   1.2281210e+02   1.2800139e+02  -1.6703695e+02   1.4576744e+02
   3.7765250e+01  -1.2000000e+01  -2.1300000e+02   1.2924604e+02   1.2892873e+02  -1.7301046e+02   1.4236695e+02
   3.8600361e+01  -1.2000000e+01  -2.1300000e+02   1.3527326e+02   1.2869685e+02  -1.7911435e+02   1.3956781e+02
   4.0483812e+01  -1.2000000e+01  -2.1300000e+02   1.3917007e+02   1.2845552e+02  -1.8419250e+02   1.3743886e+02
   4.2489295e+01  -1.2000000e+01  -2.1300000e+02   1.4196193e+02   1.2874959e+02  -1.8940425e+02   1.3510887e+02
   4.3506862e+01  -1.2000000e+01  -2.1300000e+02   1.4559650e+02   1.2962577e+02  -1.9359064e+02   1.3264555e+02
   4.5280291e+01  -1.2000000e+01  -2.1300000e+02   1.4790696e+02   1.3195996e+02  -1.9719517e+02   1.3057912e+02
   4.6138851e+01  -1.2000000e+01  -2.1300000e+02   1.4994531e+02   1.3539698e+02  -2.0031017e+02   1.2905774e+02
   4.7706367e+01  -1.2000000e+01  -2.1300000e+02   1.5126574e+02   1.3761114e+02  -2.0369074e+02   1.2751734e+02
   4.6912064e+01  -1.2000000e+01  -2.1300000e+02   1.5390058e+02   1.3976948e+02  -2.0610350e+02   1.2529869e+02
   4.7498639e+01  -1.2000000e+01  -2.1300000e+02   1.5585939e+02   1.4183711e+02  -2.0897582e+02   1.2321051e+02
   4.7416832e+01  -1.2000000e+01  -2.1300000e+02   1.5773052e+02   1.4443370e+02  -2.1176142e+02   1.2046575e+02
   4.6424533e+01  -1.2000000e+01  -2.1300000e+02   1.5830876e+02   1.4692768e+02  -2.1549217e+02   1.1847628e+02
   4.1420470e+01  -1.2000000e+01  -2.1300000e+02   1.5846192e+02   1.4905230e+02  -2.1947987e+02   1.1941895e+02
   3.7395198e+01  -1.2000000e+01  -2.1300000e+02   1.5693445e+02   1.5154214e+02  -2.2575220e+02   1.2646876e+02
   3.5058903e+01  -1.2000000e+01  -2.1300000e+02   1.5547525e+02   1.5405660e+02  -2.3201469e+02   1.3681057e+02
   3.1766697e+01  -1.2000000e+01  -2.1300000e+02   1.5802931e+02   1.5243633e+02  -2.3319501e+02   1.4712710e+02
