   2.4241495e+01  -9.0929939e+00  -1.8673355e+02   4.1776114e+00   9.0943575e+01  -6.0820843e+01   1.5713383e+02
   2.2494116e+01  -1.7709374e+01  -1.9969294e+02   1.1519932e+01   1.0455785e+02  -6.4350227e+01   1.6972389e+02
   2.0869832e+01  -2.6119402e+01  -2.1249490e+02   1.8867320e+01   1.1834249e+02  -6.7823727e+01   1.8208667e+02
   1.9316735e+01  -1.2231452e+01  -2.2520236e+02   2.6235574e+01   1.3002185e+02  -6.4074967e+01   1.9439661e+02
   1.0177660e+01  -1.2000000e+01  -2.2947580e+02   3.8795808e+01   1.3000000e+02  -6.4000000e+01   1.9185924e+02
   8.5569702e+00  -1.2000000e+01  -2.3310477e+02   4.9065658e+01   1.3000000e+02  -6.4000000e+01   2.0021738e+02
   1.0169249e+01  -1.2000000e+01  -2.3697558e+02   5.8053272e+01   1.3000000e+02  -6.4000000e+01   2.0884120e+02
   1.3549345e+01  -1.2000000e+01  -2.4215582e+02   6.7319436e+01   1.3000000e+02  -6.4000000e+01   2.1478592e+02
   1.2877621e+01  -1.2000000e+01  -2.4308430e+02   6.9652634e+01   1.3000000e+02  -6.4000000e+01   2.1770079e+02
   1.2594280e+01  -1.2000000e+01  -2.4093554e+02   6.9609963e+01   1.3000000e+02  -6.4000000e+01   2.1644099e+02
   1.3764044e+01  -1.2000000e+01  -2.3952687e+02   6.7165052e+01   1.3000000e+02  -6.4000000e+01   2.1080443e+02
   1.5074326e+01  -1.2000000e+01  -2.3696439e+02   6.3475230e+01   1.3000000e+02  -6.4000000e+01   2.0384329e+02
   1.3664252e+01  -1.2000000e+01  -2.3363477e+02   6.1717503e+01   1.3000000e+02  -6.4000000e+01   1.9657619e+02
   1.5794314e+01  -1.2000000e+01  -2.3091464e+02   5.8342705e+01   1.3000000e+02  -6.4000000e+01   1.9004082e+02
   1.6395387e+01  -1.2000000e+01  -2.2879499e+02   5.5134151e+01   1.3000000e+02  -6.4000000e+01   1.8393770e+02
   1.7062799e+01  -1.2000000e+01  -2.2692148e+02   5.1991268e+01   1.3000000e+02  -6.4000000e+01   1.7756204e+02
   1.8075618e+01  -1.2000000e+01  -2.2479974e+02   4.9453827e+01   1.3000000e+02  -6.4000000e+01   1.7242829e+02
   1.9256175e+01  -1.2000000e+01  -2.2392363e+02   4.6855260e+01   1.3000000e+02  -6.4000000e+01   1.6903994e+02
   1.9508193e+01  -1.2000000e+01  -2.2097471e+02   4.5988864e+01   1.3000000e+02  -6.4000000e+01   1.6490254e+02
   2.1068491e+01  -1.2000000e+01  -2.1895231e+02   4.1929072e+01   1.3000000e+02  -6.4000000e+01   1.6310390e+02
   2.3583104e+01  -1.2000000e+01  -2.1830370e+02   3.8449121e+01   1.3000000e+02  -6.4000000e+01   1.5978428e+02
   2.4271920e+01  -1.2000000e+01  -2.1421922e+02   3.3934135e+01   1.3000000e+02  -6.4000000e+01   1.5409304e+02
   2.6111222e+01  -1.2000000e+01  -2.1049975e+02   2.9720860e+01   1.3000000e+02  -6.4000000e+01   1.5104029e+02
   3.0211123e+01  -1.2000000e+01  -2.1206101e+02   2.4540055e+01   1.3000000e+02  -6.4000000e+01   1.5015209e+02
   3.1958294e+01  -1.2000000e+01  -2.0958381e+02   1.9179318e+01   1.3000000e+02  -6.4000000e+01   1.4554911e+02
   3.4582859e+01  -1.2000000e+01  -2.0664026e+02   1.5932373e+01   1.3000000e+02  -6.4000000e+01   1.4270360e+02
   3.7588306e+01  -1.2000000e+01  -2.0488382e+02   1.5478148e+01   1.3000000e+02  -6.4000000e+01   1.4178503e+02
   4.0936201e+01  -1.2000000e+01  -2.0598386e+02   1.3568941e+01   1.3000000e+02  -6.4000000e+01   1.3979501e+02
   4.1269300e+01  -1.2000000e+01  -2.0443957e+02   1.1427445e+01   1.3000000e+02  -6.4000000e+01   1.3764989e+02
   4.1408367e+01  -1.2000000e+01  -1.9780693e+02   7.6371146e+00   1.3000000e+02  -6.4000000e+01   1.3423814e+02
   4.4753335e+01  -1.2000000e+01  -1.9896719e+02   4.6772205e+00   1.3000000e+02  -6.4000000e+01   1.3274000e+02
   4.6146872e+01  -1.2000000e+01  -2.0130860e+02   5.3034060e+00   1.3000000e+02  -6.4000000e+01   1.3046914e+02
   4.7735028e+01  -1.2000000e+01  -2.0155246e+02   5.2843721e+00   1.3000000e+02  -6.4000000e+01   1.2886802e+02
   4.7307676e+01  -1.2000000e+01  -2.0164428e+02   5.7980045e+00   1.3000000e+02  -6.4000000e+01   1.2625198e+02
   4.7109485e+01  -1.2000000e+01  -2.0003908e+02   5.8514861e+00   1.3000000e+02  -6.4000000e+01   1.2415760e+02
   4.6184337e+01  -1.2000000e+01  -1.9726155e+02   5.1496096e+00   1.3000000e+02  -6.4000000e+01   1.2381299e+02
   4.2907254e+01  -1.2000000e+01  -1.9299341e+02   1.9900258e+00   1.3000000e+02  -6.4000000e+01   1.2511738e+02
   3.9132184e+01  -1.2000000e+01  -1.9133807e+02  -5.0217550e+00   1.3000000e+02  -6.4000000e+01   1.3343447e+02
   3.6505372e+01  -1.2000000e+01  -1.8957404e+02  -1.1722626e+01   1.3000000e+02  -6.4000000e+01   1.4227362e+02
   3.2138700e+01  -1.2000000e+01  -1.9379217e+02  -1.3870997e+01   1.3000000e+02  -6.4000000e+01   1.5182590e+02
   2.7148585e+01  -1.2000000e+01  -1.9814633e+02  -8.8103992e+00   1.3000000e+02  -6.4000000e+01   1.5826010e+02
   2.4968800e+01  -1.2000000e+01  -2.0361593e+02  -3.0751714e+00   1.3000000e+02  -6.4000000e+01   1.6669289e+02
   2.2615108e+01  -1.2000000e+01  -2.0776466e+02   2.0681665e-01   1.3000000e+02  -6.4000000e+01   1.7504920e+02
   1.6569257e+01  -1.2000000e+01  -2.1508831e+02   8.9349478e+00   1.3000000e+02  -6.4000000e+01   1.8037526e+02
   1.1764015e+01  -1.2000000e+01  -2.2196589e+02   2.0008553e+01   1.3000000e+02  -6.4000000e+01   1.8715875e+02
   8.2104314e+00  -1.2000000e+01  -2.2755442e+02   3.2137458e+01   1.3000000e+02  -6.4000000e+01   1.9586222e+02
   7.5863567e+00  -1.2000000e+01  -2.3197750e+02   4.2620786e+01   1.3000000e+02  -6.4000000e+01   2.0469456e+02
   8.5900641e+00  -1.2000000e+01  -2.3456123e+02   5.2287925e+01   1.3000000e+02  -6.4000000e+01   2.1272648e+02
   1.2645429e+01  -1.2000000e+01  -2.3920647e+02   6.1705756e+01   1.3000000e+02  -6.4000000e+01   2.1786569e+02
   1.4603205e+01  -1.2000000e+01  -2.4144883e+02   6.7547289e+01   1.3000000e+02  -6.4000000e+01   2.2044834e+02
   1.3994826e+01  -1.2000000e+01  -2.4045849e+02   6.7818998e+01   1.3000000e+02  -6.4000000e+01   2.1930319e+02
   1.3626428e+01  -1.2000000e+01  -2.3921606e+02   6.6246018e+01   1.3000000e+02  -6.4000000e+01   2.1414058e+02
   1.4298749e+01  -1.2000000e+01  -2.3758676e+02   6.4143327e+01   1.3000000e+02  -6.4000000e+01   2.0657560e+02
   1.5098732e+01  -1.2000000e+01  -2.3584803e+02   6.1908587e+01   1.3000000e+02  -6.4000000e+01   1.9907589e+02
   1.5259528e+01  -1.2000000e+01  -2.3220842e+02   5.8513310e+01   1.3000000e+02  -6.4000000e+01   1.9157376e+02
   1.5715188e+01  -1.2000000e+01  -2.2891113e+02   5.5288610e+01   1.3000000e+02  -6.4000000e+01   1.8325668e+02
   1.6758257e+01  -1.2000000e+01  -2.2722022e+02   5.1700736e+01   1.3000000e+02  -6.4000000e+01   1.7671155e+02
   1.6133719e+01  -1.2000000e+01  -2.2450467e+02   4.9817506e+01   1.3000000e+02  -6.4000000e+01   1.7163154e+02
   1.6598628e+01  -1.2000000e+01  -2.2212825e+02   4.7647353e+01   1.3000000e+02  -6.4000000e+01   1.6703107e+02
   1.7364722e+01  -1.2000000e+01  -2.1954525e+02   4.4704882e+01   1.3000000e+02  -6.4000000e+01   1.6286881e+02
   2.0127434e+01  -1.2000000e+01  -2.1734152e+02   4.1150539e+01   1.3000000e+02  -6.4000000e+01   1.5921285e+02
   2.2666946e+01  -1.2000000e+01  -2.1582306e+02   3.3970332e+01   1.3000000e+02  -6.4000000e+01   1.5426045e+02
   2.3583563e+01  -1.2000000e+01  -2.1224611e+02   2.9172290e+01   1.3000000e+02  -6.4000000e+01   1.4914815e+02
   2.6297208e+01  -1.2000000e+01  -2.0903518e+02   2.4372731e+01   1.3000000e+02  -6.4000000e+01   1.4579407e+02
   2.7472073e+01  -1.2000000e+01  -2.0437807e+02   1.9279485e+01   1.3000000e+02  -6.4000000e+01   1.4105781e+02
   3.1523879e+01  -1.2000000e+01  -2.0205659e+02   1.3737655e+01   1.3000000e+02  -6.4000000e+01   1.3810311e+02
   3.4030811e+01  -1.2000000e+01  -1.9943079e+02   1.0980622e+01   1.3000000e+02  -6.4000000e+01   1.3415241e+02
   3.7400346e+01  -1.2000000e+01  -2.0270255e+02   8.2034924e+00   1.3000000e+02  -6.4000000e+01   1.3170741e+02
   4.1448401e+01  -1.2000000e+01  -2.0244533e+02   3.3474905e+00   1.3000000e+02  -6.4000000e+01   1.2867715e+02
   4.2092404e+01  -1.2000000e+01  -1.9830100e+02   3.1398315e+00   1.3000000e+02  -6.4000000e+01   1.2497175e+02
   4.4470527e+01  -1.2000000e+01  -1.9928825e+02   1.8669263e+00   1.3000000e+02  -6.4000000e+01   1.2253575e+02
   4.4856965e+01  -1.2000000e+01  -1.9960868e+02   3.2667265e+00   1.3000000e+02  -6.4000000e+01   1.1894335e+02
   4.4791575e+01  -1.2000000e+01  -1.9717671e+02   1.6592187e+00   1.3000000e+02  -6.4000000e+01   1.1528351e+02
   4.4854537e+01  -1.2000000e+01  -1.9470413e+02   1.1764751e+00   1.3000000e+02  -6.4000000e+01   1.1203190e+02
   4.4464933e+01  -1.2000000e+01  -1.9241532e+02   1.6308738e+00   1.3000000e+02  -6.4000000e+01   1.1061027e+02
   4.5417053e+01  -1.2000000e+01  -1.9689286e+02   5.3683079e+00   1.3000000e+02  -6.4000000e+01   1.0791015e+02
   4.3575045e+01  -1.2000000e+01  -1.9545743e+02   6.3887733e+00   1.3000000e+02  -6.4000000e+01   1.0508790e+02
   4.0682345e+01  -1.2000000e+01  -1.8972779e+02   3.3320616e+00   1.3000000e+02  -6.4000000e+01   1.0592694e+02
   3.7014344e+01  -1.2000000e+01  -1.8857928e+02   8.2278483e-01   1.3000000e+02  -6.4000000e+01   1.0786188e+02
   3.4639857e+01  -1.2000000e+01  -1.8875057e+02  -5.3490252e+00   1.3000000e+02  -6.4000000e+01   1.1655477e+02
   2.9075663e+01  -1.2000000e+01  -1.8977070e+02  -1.3445441e+01   1.3000000e+02  -6.4000000e+01   1.2706028e+02
   2.5159438e+01  -1.2000000e+01  -1.9617762e+02  -1.0919275e+01   1.3000000e+02  -6.4000000e+01   1.3915287e+02
   2.1063059e+01  -1.2000000e+01  -2.0454241e+02  -1.4588412e+00   1.3000000e+02  -6.4000000e+01   1.5034084e+02
   1.7378484e+01  -1.2000000e+01  -2.1199041e+02   8.8651298e+00   1.3000000e+02  -6.4000000e+01   1.6117060e+02
   1.3983820e+01  -1.2000000e+01  -2.1536039e+02   1.4215506e+01   1.3000000e+02  -6.4000000e+01   1.7054519e+02
   1.2727020e+01  -1.2000000e+01  -2.1751330e+02   1.4075512e+01   1.3000000e+02  -6.4000000e+01   1.8133020e+02
   1.0970606e+01  -1.2000000e+01  -2.2025706e+02   1.6435376e+01   1.3000000e+02  -6.4000000e+01   1.9188573e+02
   5.3856368e+00  -1.2000000e+01  -2.2537872e+02   2.5042734e+01   1.3000000e+02  -6.4000000e+01   2.0238908e+02
   6.0875970e+00  -1.2000000e+01  -2.3018738e+02   3.2645736e+01   1.3000000e+02  -6.4000000e+01   2.1091814e+02
   7.7295520e+00  -1.2000000e+01  -2.3496561e+02   4.3028191e+01   1.3000000e+02  -6.4000000e+01   2.1648194e+02
   9.8345506e+00  -1.2000000e+01  -2.3877610e+02   5.4221579e+01   1.3000000e+02  -6.4000000e+01   2.1949773e+02
   1.2916095e+01  -1.2000000e+01  -2.4054448e+02   6.5762483e+01   1.3000000e+02  -6.4000000e+01   2.2113052e+02
   1.5716507e+01  -1.2000000e+01  -2.4418227e+02   7.1170826e+01   1.3000000e+02  -6.4000000e+01   2.2428704e+02
   1.5576053e+01  -1.2000000e+01  -2.4412557e+02   7.0988791e+01   1.3000000e+02  -6.4000000e+01   2.2513353e+02
   1.4660512e+01  -1.2000000e+01  -2.4233478e+02   6.9953387e+01   1.3000000e+02  -6.4000000e+01   2.2261280e+02
   1.4158207e+01  -1.2000000e+01  -2.3894237e+02   6.7369639e+01   1.3000000e+02  -6.4000000e+01   2.1688227e+02
   1.5531138e+01  -1.2000000e+01  -2.3672958e+02   6.4539460e+01   1.3000000e+02  -6.4000000e+01   2.0944891e+02
   1.5139656e+01  -1.2000000e+01  -2.3321849e+02   6.1694246e+01   1.3000000e+02  -6.4000000e+01   2.0113459e+02
   1.5035404e+01  -1.2000000e+01  -2.3033513e+02   5.8345188e+01   1.3000000e+02  -6.4000000e+01   1.9293359e+02
   1.5994695e+01  -1.2000000e+01  -2.2788651e+02   5.5882932e+01   1.3000000e+02  -6.4000000e+01   1.8494513e+02
   1.7497285e+01  -1.2000000e+01  -2.2666833e+02   5.2985385e+01   1.3000000e+02  -6.4000000e+01   1.7880279e+02
   1.8767880e+01  -1.2000000e+01  -2.2483478e+02   5.0192272e+01   1.3000000e+02  -6.4000000e+01   1.7363443e+02
   1.7760419e+01  -1.2000000e+01  -2.2261739e+02   4.9019113e+01   1.3000000e+02  -6.4000000e+01   1.6866535e+02
   1.8413980e+01  -1.2000000e+01  -2.1984780e+02   4.7052149e+01   1.3000000e+02  -6.4000000e+01   1.6479123e+02
   1.9608624e+01  -1.2000000e+01  -2.2018135e+02   4.5361716e+01   1.3000000e+02  -6.4000000e+01   1.6248467e+02
   2.3695709e+01  -1.2000000e+01  -2.2117393e+02   4.0525203e+01   1.3000000e+02  -6.4000000e+01   1.5908892e+02
   2.3549678e+01  -1.2000000e+01  -2.1770950e+02   3.8065909e+01   1.3000000e+02  -6.4000000e+01   1.5471509e+02
   2.3407044e+01  -1.2000000e+01  -2.1368042e+02   3.4799506e+01   1.3000000e+02  -6.4000000e+01   1.5034402e+02
   2.4020964e+01  -1.2000000e+01  -2.0779957e+02   3.1729376e+01   1.3000000e+02  -6.4000000e+01   1.4689085e+02
   2.5204803e+01  -1.2000000e+01  -2.0490378e+02   2.7514113e+01   1.3000000e+02  -6.4000000e+01   1.4335227e+02
   2.7045271e+01  -1.2000000e+01  -2.0058873e+02   2.2792431e+01   1.3000000e+02  -6.4000000e+01   1.3954767e+02
   2.8368368e+01  -1.2000000e+01  -1.9645122e+02   1.8774526e+01   1.3000000e+02  -6.4000000e+01   1.3655904e+02
   3.0354927e+01  -1.2000000e+01  -1.9423758e+02   1.4462622e+01   1.3000000e+02  -6.4000000e+01   1.3418206e+02
   3.2077587e+01  -1.2000000e+01  -1.9193786e+02   9.8649847e+00   1.3000000e+02  -6.4000000e+01   1.3149355e+02
   3.3897578e+01  -1.2000000e+01  -1.9089059e+02   7.1333667e+00   1.3000000e+02  -6.4000000e+01   1.2961637e+02
   3.6243261e+01  -1.2000000e+01  -1.9279461e+02   5.2020615e+00   1.3000000e+02  -6.4000000e+01   1.2812022e+02
   3.6424933e+01  -1.2000000e+01  -1.9061742e+02   1.6181455e+00   1.3000000e+02  -6.4000000e+01   1.2589444e+02
   3.6752310e+01  -1.2000000e+01  -1.9134154e+02  -1.6040478e+00   1.3000000e+02  -6.4000000e+01   1.2495360e+02
   3.5539473e+01  -1.2000000e+01  -1.9158367e+02  -2.1005457e+00   1.3000000e+02  -6.4000000e+01   1.2549754e+02
   3.1585181e+01  -1.2000000e+01  -1.9211967e+02  -6.4822732e+00   1.3000000e+02  -6.4000000e+01   1.3225662e+02
   2.5831786e+01  -1.2000000e+01  -1.9556661e+02  -9.3573997e+00   1.3000000e+02  -6.4000000e+01   1.3959012e+02
   2.5175877e+01  -1.2000000e+01  -1.9934049e+02  -8.9608595e+00   1.3000000e+02  -6.4000000e+01   1.4945354e+02
   2.1572213e+01  -1.2000000e+01  -2.0575092e+02  -2.0730184e+00   1.3000000e+02  -6.4000000e+01   1.5905623e+02
   1.6809333e+01  -1.2000000e+01  -2.1249820e+02   8.9424307e+00   1.3000000e+02  -6.4000000e+01   1.6843242e+02
   1.2129243e+01  -1.2000000e+01  -2.1808465e+02   2.1086014e+01   1.3000000e+02  -6.4000000e+01   1.7893737e+02
   8.8941816e+00  -1.2000000e+01  -2.2312357e+02   3.1552947e+01   1.3000000e+02  -6.4000000e+01   1.8913241e+02
   7.7632671e+00  -1.2000000e+01  -2.2655793e+02   3.8007681e+01   1.3000000e+02  -6.4000000e+01   1.9923807e+02
   8.4078194e+00  -1.2000000e+01  -2.2920417e+02   4.2907890e+01   1.3000000e+02  -6.4000000e+01   2.0863007e+02
   9.3771367e+00  -1.2000000e+01  -2.3260015e+02   4.9996023e+01   1.3000000e+02  -6.4000000e+01   2.1649560e+02
   1.1188622e+01  -1.2000000e+01  -2.3612741e+02   5.7560790e+01   1.3000000e+02  -6.4000000e+01   2.2332339e+02
   1.5805835e+01  -1.2000000e+01  -2.3987846e+02   6.6645223e+01   1.3000000e+02  -6.4000000e+01   2.2837710e+02
   1.8758547e+01  -1.2000000e+01  -2.4443745e+02   7.2531812e+01   1.3000000e+02  -6.4000000e+01   2.3019604e+02
   1.9351638e+01  -1.2000000e+01  -2.4410818e+02   7.2406601e+01   1.3000000e+02  -6.4000000e+01   2.3044184e+02
   2.0322425e+01  -1.2000000e+01  -2.4219651e+02   6.9649736e+01   1.3000000e+02  -6.4000000e+01   2.2655464e+02
   1.8923699e+01  -1.2000000e+01  -2.3892871e+02   6.7683577e+01   1.3000000e+02  -6.4000000e+01   2.2017281e+02
   1.9043106e+01  -1.2000000e+01  -2.3559690e+02   6.5057940e+01   1.3000000e+02  -6.4000000e+01   2.1391683e+02
   1.9046751e+01  -1.2000000e+01  -2.3325387e+02   6.2558110e+01   1.3000000e+02  -6.4000000e+01   2.0686362e+02
   1.8699592e+01  -1.2000000e+01  -2.3074535e+02   5.9947947e+01   1.3000000e+02  -6.4000000e+01   2.0013886e+02
   1.9448329e+01  -1.2000000e+01  -2.2822188e+02   5.7057085e+01   1.3000000e+02  -6.4000000e+01   1.9294384e+02
   1.9708439e+01  -1.2000000e+01  -2.2571166e+02   5.3357850e+01   1.3000000e+02  -6.4000000e+01   1.8613295e+02
   2.0574123e+01  -1.2000000e+01  -2.2308796e+02   4.9398534e+01   1.3000000e+02  -6.4000000e+01   1.7803189e+02
   2.1009124e+01  -1.2000000e+01  -2.1999677e+02   4.6259952e+01   1.3000000e+02  -6.4000000e+01   1.7200752e+02
   2.3331899e+01  -1.2000000e+01  -2.1978941e+02   4.2996120e+01   1.3000000e+02  -6.4000000e+01   1.6885361e+02
   2.6465952e+01  -1.2000000e+01  -2.2053605e+02   3.9259018e+01   1.3000000e+02  -6.4000000e+01   1.6436510e+02
   2.6317262e+01  -1.2000000e+01  -2.1659600e+02   3.5601939e+01   1.3000000e+02  -6.4000000e+01   1.5936040e+02
   2.7577407e+01  -1.2000000e+01  -2.1503481e+02   2.9469748e+01   1.3000000e+02  -6.4000000e+01   1.5359794e+02
   2.9400104e+01  -1.2000000e+01  -2.1289479e+02   2.5612215e+01   1.3000000e+02  -6.4000000e+01   1.5126626e+02
   3.2956766e+01  -1.2000000e+01  -2.1408520e+02   2.2586972e+01   1.3000000e+02  -6.4000000e+01   1.4868850e+02
   3.5099379e+01  -1.2000000e+01  -2.0984798e+02   1.6942172e+01   1.3000000e+02  -6.4000000e+01   1.4388793e+02
   3.5877690e+01  -1.2000000e+01  -2.0522560e+02   1.4117774e+01   1.3000000e+02  -6.4000000e+01   1.4075341e+02
   3.8017276e+01  -1.2000000e+01  -2.0370664e+02   1.1740649e+01   1.3000000e+02  -6.4000000e+01   1.3773290e+02
   4.1063434e+01  -1.2000000e+01  -2.0387301e+02   8.9844110e+00   1.3000000e+02  -6.4000000e+01   1.3619121e+02
   4.2561393e+01  -1.2000000e+01  -2.0090319e+02   6.9069652e+00   1.3000000e+02  -6.4000000e+01   1.3373816e+02
   4.4649184e+01  -1.2000000e+01  -2.0204346e+02   3.9772614e+00   1.3000000e+02  -6.4000000e+01   1.3112061e+02
   4.5489063e+01  -1.2000000e+01  -2.0188084e+02   2.3166417e+00   1.3000000e+02  -6.4000000e+01   1.2809056e+02
   4.7929852e+01  -1.2000000e+01  -2.0275681e+02   2.0787536e+00   1.3000000e+02  -6.4000000e+01   1.2564182e+02
   4.7176289e+01  -1.2000000e+01  -2.0290193e+02   4.0467286e+00   1.3000000e+02  -6.4000000e+01   1.2275420e+02
   4.5886742e+01  -1.2000000e+01  -2.0001593e+02   1.8359325e+00   1.3000000e+02  -6.4000000e+01   1.1968300e+02
   4.5315409e+01  -1.2000000e+01  -1.9607827e+02   3.2194665e-01   1.3000000e+02  -6.4000000e+01   1.1703727e+02
   4.4607590e+01  -1.2000000e+01  -1.9805805e+02   7.2072507e-01   1.3000000e+02  -6.4000000e+01   1.1480382e+02
   3.9830513e+01  -1.2000000e+01  -1.9383905e+02  -2.7408139e+00   1.3000000e+02  -6.4000000e+01   1.2047681e+02
   3.6288645e+01  -1.2000000e+01  -1.9330155e+02  -9.7362490e+00   1.3000000e+02  -6.4000000e+01   1.3081124e+02
   3.3033216e+01  -1.2000000e+01  -1.9451659e+02  -1.5371654e+01   1.3000000e+02  -6.4000000e+01   1.4193454e+02
   2.7951671e+01  -1.2000000e+01  -1.9789452e+02  -1.0283448e+01   1.3000000e+02  -6.4000000e+01   1.5313216e+02
   2.6097129e+01  -1.2000000e+01  -2.0500900e+02  -6.0564146e+00   1.3000000e+02  -6.4000000e+01   1.5943449e+02
   2.1702379e+01  -1.2000000e+01  -2.1187853e+02   5.3555758e+00   1.3000000e+02  -6.4000000e+01   1.6821981e+02
   1.7651126e+01  -1.2000000e+01  -2.1709036e+02   1.7005495e+01   1.3000000e+02  -6.4000000e+01   1.7690674e+02
   1.3124672e+01  -1.2000000e+01  -2.2091004e+02   2.9097675e+01   1.3000000e+02  -6.4000000e+01   1.8593695e+02
   1.1425145e+01  -1.2000000e+01  -2.2324657e+02   3.7628018e+01   1.3000000e+02  -6.4000000e+01   1.9588170e+02
   1.1813287e+01  -1.2000000e+01  -2.2534397e+02   4.3818879e+01   1.3000000e+02  -6.4000000e+01   2.0554336e+02
   1.3932447e+01  -1.2000000e+01  -2.2933596e+02   5.1877544e+01   1.3000000e+02  -6.4000000e+01   2.1311715e+02
   1.5229174e+01  -1.2000000e+01  -2.3157908e+02   6.0836557e+01   1.3000000e+02  -6.4000000e+01   2.1924334e+02
   1.6970762e+01  -1.2000000e+01  -2.3325568e+02   6.8222414e+01   1.3000000e+02  -6.4000000e+01   2.2080710e+02
   1.8290791e+01  -1.2000000e+01  -2.3363993e+02   6.7898899e+01   1.3000000e+02  -6.4000000e+01   2.1989777e+02
   2.0477014e+01  -1.2000000e+01  -2.3375741e+02   6.6227572e+01   1.3000000e+02  -6.4000000e+01   2.1561731e+02
   2.0118191e+01  -1.2000000e+01  -2.3184725e+02   6.4211024e+01   1.3000000e+02  -6.4000000e+01   2.1020114e+02
   2.0978847e+01  -1.2000000e+01  -2.3052334e+02   6.1434529e+01   1.3000000e+02  -6.4000000e+01   2.0468310e+02
   2.0264363e+01  -1.2000000e+01  -2.2814742e+02   5.9592966e+01   1.3000000e+02  -6.4000000e+01   1.9991704e+02
   2.0719077e+01  -1.2000000e+01  -2.2645075e+02   5.7450905e+01   1.3000000e+02  -6.4000000e+01   1.9605119e+02
   2.0458830e+01  -1.2000000e+01  -2.2453881e+02   5.6001440e+01   1.3000000e+02  -6.4000000e+01   1.9203343e+02
   2.1470139e+01  -1.2000000e+01  -2.2331649e+02   5.3502301e+01   1.3000000e+02  -6.4000000e+01   1.8681902e+02
   2.1979454e+01  -1.2000000e+01  -2.2125554e+02   5.1637780e+01   1.3000000e+02  -6.4000000e+01   1.8175214e+02
   2.3185653e+01  -1.2000000e+01  -2.1965987e+02   4.9382857e+01   1.3000000e+02  -6.4000000e+01   1.7851786e+02
   2.4571017e+01  -1.2000000e+01  -2.1925396e+02   4.6256420e+01   1.3000000e+02  -6.4000000e+01   1.7371976e+02
   2.5010346e+01  -1.2000000e+01  -2.1754533e+02   4.3246167e+01   1.3000000e+02  -6.4000000e+01   1.6981906e+02
   2.4846906e+01  -1.2000000e+01  -2.1516437e+02   4.1224407e+01   1.3000000e+02  -6.4000000e+01   1.6571190e+02
   2.6483576e+01  -1.2000000e+01  -2.1387299e+02   3.8912488e+01   1.3000000e+02  -6.4000000e+01   1.6305717e+02
   2.8245105e+01  -1.2000000e+01  -2.1314499e+02   3.6779859e+01   1.3000000e+02  -6.4000000e+01   1.6012063e+02
   2.8838393e+01  -1.2000000e+01  -2.0970727e+02   3.4146635e+01   1.3000000e+02  -6.4000000e+01   1.5646049e+02
   3.0767572e+01  -1.2000000e+01  -2.0945753e+02   3.1782331e+01   1.3000000e+02  -6.4000000e+01   1.5454949e+02
   3.1652169e+01  -1.2000000e+01  -2.0698172e+02   2.9534713e+01   1.3000000e+02  -6.4000000e+01   1.5251184e+02
   3.2353667e+01  -1.2000000e+01  -2.0367189e+02   2.6636446e+01   1.3000000e+02  -6.4000000e+01   1.5028848e+02
   3.3347423e+01  -1.2000000e+01  -2.0229329e+02   2.3199052e+01   1.3000000e+02  -6.4000000e+01   1.4817121e+02
   3.2546086e+01  -1.2000000e+01  -2.0000772e+02   2.2641671e+01   1.3000000e+02  -6.4000000e+01   1.4645129e+02
   3.3651968e+01  -1.2000000e+01  -1.9906235e+02   2.0864781e+01   1.3000000e+02  -6.4000000e+01   1.4449849e+02
   3.3543378e+01  -1.2000000e+01  -1.9812844e+02   1.9917017e+01   1.3000000e+02  -6.4000000e+01   1.4229274e+02
   3.4073509e+01  -1.2000000e+01  -1.9522081e+02   1.7747798e+01   1.3000000e+02  -6.4000000e+01   1.4058082e+02
   3.4074698e+01  -1.2000000e+01  -1.9392138e+02   1.6320314e+01   1.3000000e+02  -6.4000000e+01   1.3823721e+02
   3.4936576e+01  -1.2000000e+01  -1.9336545e+02   1.5693549e+01   1.3000000e+02  -6.4000000e+01   1.3720305e+02
   3.5203464e+01  -1.2000000e+01  -1.9343755e+02   1.4568127e+01   1.3000000e+02  -6.4000000e+01   1.3575046e+02
   3.5871732e+01  -1.2000000e+01  -1.9302626e+02   1.4938323e+01   1.3000000e+02  -6.4000000e+01   1.3566913e+02
   3.6564775e+01  -1.2000000e+01  -1.9259316e+02   1.3448555e+01   1.3000000e+02  -6.4000000e+01   1.3388262e+02
   3.6951189e+01  -1.2000000e+01  -1.9067806e+02   1.2751167e+01   1.3000000e+02  -6.4000000e+01   1.3310925e+02
   3.7263679e+01  -1.2000000e+01  -1.9043118e+02   1.2311704e+01   1.3000000e+02  -6.4000000e+01   1.3160095e+02
   3.7577100e+01  -1.2000000e+01  -1.8988132e+02   1.2233403e+01   1.3000000e+02  -6.4000000e+01   1.3085830e+02
   3.8697246e+01  -1.2000000e+01  -1.9052258e+02   1.2545160e+01   1.3000000e+02  -6.4000000e+01   1.3063786e+02
   3.9024237e+01  -1.2000000e+01  -1.8978107e+02   1.1899254e+01   1.3000000e+02  -6.4000000e+01   1.2986201e+02
   3.9533216e+01  -1.2000000e+01  -1.8988595e+02   1.1500790e+01   1.3000000e+02  -6.4000000e+01   1.2998349e+02
   4.0463918e+01  -1.2000000e+01  -1.8951699e+02   1.1708523e+01   1.3000000e+02  -6.4000000e+01   1.2900304e+02
   4.0664026e+01  -1.2000000e+01  -1.8745144e+02   1.1454358e+01   1.3000000e+02  -6.4000000e+01   1.2760610e+02
   4.2039078e+01  -1.2000000e+01  -1.8883412e+02   1.1319315e+01   1.3000000e+02  -6.4000000e+01   1.2702047e+02
   4.1705513e+01  -1.2000000e+01  -1.8817437e+02   1.1104368e+01   1.3000000e+02  -6.4000000e+01   1.2666790e+02
   4.1479763e+01  -1.2000000e+01  -1.8840860e+02   1.0371798e+01   1.3000000e+02  -6.4000000e+01   1.2582266e+02
   4.1994963e+01  -1.2000000e+01  -1.8910206e+02   9.6340359e+00   1.3000000e+02  -6.4000000e+01   1.2498360e+02
   4.1711393e+01  -1.2000000e+01  -1.9053826e+02   6.8400886e+00   1.3000000e+02  -6.4000000e+01   1.2487453e+02
   3.9395590e+01  -1.2000000e+01  -1.9113863e+02   1.0225831e+00   1.3000000e+02  -6.4000000e+01   1.2734307e+02
   3.6436913e+01  -1.2000000e+01  -1.9202693e+02  -5.8358709e+00   1.3000000e+02  -6.4000000e+01   1.3343688e+02
   3.2915225e+01  -1.2000000e+01  -1.9122721e+02  -1.1609420e+01   1.3000000e+02  -6.4000000e+01   1.4226754e+02
   2.9713129e+01  -1.2000000e+01  -1.9812035e+02  -8.4842402e+00   1.3000000e+02  -6.4000000e+01   1.5138811e+02
   2.4529446e+01  -1.2000000e+01  -2.0422006e+02  -2.7894096e+00   1.3000000e+02  -6.4000000e+01   1.5528478e+02
   1.6775837e+01  -1.2000000e+01  -2.1302204e+02   7.9040232e+00   1.3000000e+02  -6.4000000e+01   1.6000941e+02
   1.0732034e+01  -1.2000000e+01  -2.2062777e+02   1.9693086e+01   1.3000000e+02  -6.4000000e+01   1.6726192e+02
   9.1644460e+00  -1.2000000e+01  -2.2662287e+02   3.1609539e+01   1.3000000e+02  -6.4000000e+01   1.7689448e+02
   1.0278463e+01  -1.2000000e+01  -2.3127653e+02   4.1878639e+01   1.3000000e+02  -6.4000000e+01   1.8764192e+02
   1.0079420e+01  -1.2000000e+01  -2.3275541e+02   5.2493940e+01   1.3000000e+02  -6.4000000e+01   1.9785370e+02
   1.3299335e+01  -1.2000000e+01  -2.3570966e+02   6.3417371e+01   1.3000000e+02  -6.4000000e+01   2.0385654e+02
   1.4965052e+01  -1.2000000e+01  -2.3749952e+02   6.5237824e+01   1.3000000e+02  -6.4000000e+01   2.0621432e+02
   1.6334074e+01  -1.2000000e+01  -2.3696189e+02   6.2719365e+01   1.3000000e+02  -6.4000000e+01   2.0314146e+02
   1.6221092e+01  -1.2000000e+01  -2.3506068e+02   6.1368683e+01   1.3000000e+02  -6.4000000e+01   1.9854225e+02
   1.5409519e+01  -1.2000000e+01  -2.3242263e+02   5.9041657e+01   1.3000000e+02  -6.4000000e+01   1.9212678e+02
   1.6328207e+01  -1.2000000e+01  -2.3122094e+02   5.6932127e+01   1.3000000e+02  -6.4000000e+01   1.8800980e+02
   1.6311142e+01  -1.2000000e+01  -2.2866976e+02   5.5069624e+01   1.3000000e+02  -6.4000000e+01   1.8252719e+02
   1.7871367e+01  -1.2000000e+01  -2.2707417e+02   5.2155510e+01   1.3000000e+02  -6.4000000e+01   1.7741859e+02
   1.7654287e+01  -1.2000000e+01  -2.2459713e+02   4.9997746e+01   1.3000000e+02  -6.4000000e+01   1.7238369e+02
   1.9377656e+01  -1.2000000e+01  -2.2281526e+02   4.6405785e+01   1.3000000e+02  -6.4000000e+01   1.6735688e+02
   2.0368937e+01  -1.2000000e+01  -2.2083095e+02   4.3672152e+01   1.3000000e+02  -6.4000000e+01   1.6314693e+02
   2.1581161e+01  -1.2000000e+01  -2.1898397e+02   4.2029220e+01   1.3000000e+02  -6.4000000e+01   1.5892011e+02
   2.1533115e+01  -1.2000000e+01  -2.1560699e+02   4.0115052e+01   1.3000000e+02  -6.4000000e+01   1.5513215e+02
   2.4148084e+01  -1.2000000e+01  -2.1326546e+02   3.6595772e+01   1.3000000e+02  -6.4000000e+01   1.5262978e+02
   2.7230469e+01  -1.2000000e+01  -2.1220112e+02   3.3027008e+01   1.3000000e+02  -6.4000000e+01   1.5123616e+02
   2.8313170e+01  -1.2000000e+01  -2.0900016e+02   2.8774702e+01   1.3000000e+02  -6.4000000e+01   1.4765987e+02
   3.0881829e+01  -1.2000000e+01  -2.0615802e+02   2.5036515e+01   1.3000000e+02  -6.4000000e+01   1.4526008e+02
   3.2369225e+01  -1.2000000e+01  -2.0431498e+02   2.2109100e+01   1.3000000e+02  -6.4000000e+01   1.4338190e+02
   3.6747513e+01  -1.2000000e+01  -2.0556038e+02   1.7528851e+01   1.3000000e+02  -6.4000000e+01   1.4219565e+02
   3.7495227e+01  -1.2000000e+01  -2.0252606e+02   1.5983253e+01   1.3000000e+02  -6.4000000e+01   1.4072898e+02
   3.8503324e+01  -1.2000000e+01  -1.9943509e+02   1.2995887e+01   1.3000000e+02  -6.4000000e+01   1.3833594e+02
   4.0473557e+01  -1.2000000e+01  -2.0066947e+02   1.3256659e+01   1.3000000e+02  -6.4000000e+01   1.3670654e+02
   4.2501380e+01  -1.2000000e+01  -2.0207762e+02   1.2067630e+01   1.3000000e+02  -6.4000000e+01   1.3527536e+02
   4.3617047e+01  -1.2000000e+01  -2.0065539e+02   1.1129834e+01   1.3000000e+02  -6.4000000e+01   1.3340618e+02
   4.5412574e+01  -1.2000000e+01  -2.0141496e+02   1.1427051e+01   1.3000000e+02  -6.4000000e+01   1.3185653e+02
   4.6281483e+01  -1.2000000e+01  -2.0141117e+02   1.1534462e+01   1.3000000e+02  -6.4000000e+01   1.3072576e+02
   4.7850742e+01  -1.2000000e+01  -2.0005211e+02   9.5120153e+00   1.3000000e+02  -6.4000000e+01   1.2935499e+02
   4.7296930e+01  -1.2000000e+01  -1.9659090e+02   8.2636557e+00   1.3000000e+02  -6.4000000e+01   1.2795662e+02
   4.7948046e+01  -1.2000000e+01  -1.9736774e+02   8.1204748e+00   1.3000000e+02  -6.4000000e+01   1.2607610e+02
   4.7917847e+01  -1.2000000e+01  -1.9733858e+02   7.7156758e+00   1.3000000e+02  -6.4000000e+01   1.2352851e+02
   4.7008513e+01  -1.2000000e+01  -1.9655627e+02   5.8346662e+00   1.3000000e+02  -6.4000000e+01   1.2196817e+02
   4.2189434e+01  -1.2000000e+01  -1.9325403e+02   2.1774362e+00   1.3000000e+02  -6.4000000e+01   1.2376541e+02
   3.8026210e+01  -1.2000000e+01  -1.9290923e+02  -5.1499248e+00   1.3000000e+02  -6.4000000e+01   1.3139695e+02
   3.4978603e+01  -1.2000000e+01  -1.9119706e+02  -1.3302164e+01   1.3000000e+02  -6.4000000e+01   1.4005087e+02
   3.1194614e+01  -1.2000000e+01  -1.9409068e+02  -1.3704784e+01   1.3000000e+02  -6.4000000e+01   1.4859901e+02
