   2.4241495e+01  -9.0929939e+00  -1.8673355e+02   4.1776114e+00   9.0943575e+01  -6.0820843e+01   1.5713383e+02
   2.2524198e+01  -1.7506304e+01  -2.0051166e+02   1.1593114e+01   1.0368612e+02  -6.4337770e+01   1.6972152e+02
   1.4574837e+01  -1.2000000e+01  -2.1300000e+02   2.2690295e+01   1.1283578e+02  -6.4000000e+01   1.7342533e+02
   8.0898688e+00  -1.2000000e+01  -2.1300000e+02   3.3273756e+01   1.1643545e+02  -6.4000000e+01   1.7684345e+02
   4.1760122e+00  -1.2000000e+01  -2.1300000e+02   4.3058818e+01   1.1683988e+02  -6.4000000e+01   1.8065073e+02
   2.7458387e-01  -1.2000000e+01  -2.1300000e+02   5.2120596e+01   1.1914923e+02  -6.4000000e+01   1.8528824e+02
  -2.5337704e+00  -1.2000000e+01  -2.1300000e+02   6.0894419e+01   1.2248928e+02  -6.4000000e+01   1.9074389e+02
  -2.5034818e+00  -1.2000000e+01  -2.1300000e+02   6.8948389e+01   1.2598949e+02  -6.4000000e+01   1.9436590e+02
  -2.7786816e+00  -1.2000000e+01  -2.1300000e+02   7.1401105e+01   1.2575170e+02  -6.4000000e+01   1.9563712e+02
  -9.0856625e-01  -1.2000000e+01  -2.1300000e+02   7.1280250e+01   1.2419247e+02  -6.4000000e+01   1.9544055e+02
   1.0077561e+00  -1.2000000e+01  -2.1300000e+02   6.9732462e+01   1.2272969e+02  -6.4000000e+01   1.9281089e+02
   3.3911135e+00  -1.2000000e+01  -2.1300000e+02   6.6832738e+01   1.2136301e+02  -6.4000000e+01   1.8957497e+02
   5.2997547e+00  -1.2000000e+01  -2.1300000e+02   6.5545529e+01   1.2055145e+02  -6.4000000e+01   1.8542460e+02
   9.7763496e+00  -1.2000000e+01  -2.1300000e+02   6.2079518e+01   1.1901330e+02  -6.4000000e+01   1.8225666e+02
   1.1882196e+01  -1.2000000e+01  -2.1300000e+02   5.9404502e+01   1.1764003e+02  -6.4000000e+01   1.7850024e+02
   1.3585348e+01  -1.2000000e+01  -2.1300000e+02   5.6422205e+01   1.1722991e+02  -6.4000000e+01   1.7416265e+02
   1.6010840e+01  -1.2000000e+01  -2.1300000e+02   5.3540557e+01   1.1727027e+02  -6.4000000e+01   1.7068193e+02
   1.7724038e+01  -1.2000000e+01  -2.1300000e+02   5.0697343e+01   1.1764756e+02  -6.4000000e+01   1.6833051e+02
   1.9569753e+01  -1.2000000e+01  -2.1300000e+02   4.9574747e+01   1.1752219e+02  -6.4000000e+01   1.6503754e+02
   2.1433435e+01  -1.2000000e+01  -2.1300000e+02   4.5275443e+01   1.1903506e+02  -6.4000000e+01   1.6421694e+02
   2.4049147e+01  -1.2000000e+01  -2.1300000e+02   4.1066264e+01   1.1995551e+02  -6.4000000e+01   1.6101965e+02
   2.5859895e+01  -1.2000000e+01  -2.1300000e+02   3.6960935e+01   1.2056262e+02  -6.4000000e+01   1.5590098e+02
   2.7698976e+01  -1.2000000e+01  -2.1300000e+02   3.3410011e+01   1.2268541e+02  -6.4000000e+01   1.5296600e+02
   3.1138327e+01  -1.2000000e+01  -2.1300000e+02   2.7333893e+01   1.2419374e+02  -6.4000000e+01   1.5155368e+02
   3.2929789e+01  -1.2000000e+01  -2.1300000e+02   2.2428825e+01   1.2578189e+02  -6.4000000e+01   1.4652345e+02
   3.5281264e+01  -1.2000000e+01  -2.1300000e+02   2.1072119e+01   1.2593095e+02  -6.4000000e+01   1.4321771e+02
   3.7808416e+01  -1.2000000e+01  -2.1300000e+02   2.2863478e+01   1.2513081e+02  -6.4000000e+01   1.4157587e+02
   4.1052248e+01  -1.2000000e+01  -2.1300000e+02   2.2696432e+01   1.2363780e+02  -6.4000000e+01   1.3985890e+02
   4.1226023e+01  -1.2000000e+01  -2.1300000e+02   2.3302822e+01   1.2321460e+02  -6.4000000e+01   1.3782638e+02
   4.0876924e+01  -1.2000000e+01  -2.1300000e+02   2.4670568e+01   1.2288368e+02  -6.4000000e+01   1.3458143e+02
   4.4549661e+01  -1.2000000e+01  -2.1300000e+02   2.2824443e+01   1.2157054e+02  -6.4000000e+01   1.3167803e+02
   4.6150227e+01  -1.2000000e+01  -2.1300000e+02   2.1324234e+01   1.2192277e+02  -6.4000000e+01   1.2863316e+02
   4.8095346e+01  -1.2000000e+01  -2.1300000e+02   1.7901300e+01   1.2366017e+02  -6.4000000e+01   1.2596519e+02
   4.7391399e+01  -1.2000000e+01  -2.1300000e+02   1.7150654e+01   1.2576087e+02  -6.4000000e+01   1.2297964e+02
   4.7050026e+01  -1.2000000e+01  -2.1300000e+02   1.6428679e+01   1.2788116e+02  -6.4000000e+01   1.1998284e+02
   4.5676007e+01  -1.2000000e+01  -2.1300000e+02   1.6810558e+01   1.2945352e+02  -6.4000000e+01   1.1824796e+02
   4.2158735e+01  -1.2000000e+01  -2.1300000e+02   1.5989213e+01   1.3041806e+02  -6.4000000e+01   1.1651254e+02
   3.8485222e+01  -1.2000000e+01  -2.1300000e+02   1.0242712e+01   1.3225060e+02  -6.4000000e+01   1.2020095e+02
   3.6351333e+01  -1.2000000e+01  -2.1300000e+02   1.6007784e+00   1.3652234e+02  -6.4000000e+01   1.2713222e+02
   3.2060689e+01  -1.2000000e+01  -2.1300000e+02  -7.1611595e+00   1.4030897e+02  -6.4000000e+01   1.3747711e+02
   2.7050787e+01  -1.2000000e+01  -2.1300000e+02  -7.6606271e+00   1.3966619e+02  -6.4000000e+01   1.4783615e+02
   2.4914556e+01  -1.2000000e+01  -2.1300000e+02  -3.8598937e+00   1.3801951e+02  -6.4000000e+01   1.5884577e+02
   2.2387298e+01  -1.2000000e+01  -2.1300000e+02  -2.8311335e-01   1.3352377e+02  -6.4000000e+01   1.6988566e+02
   1.6382031e+01  -1.2000000e+01  -2.1300000e+02   9.3712769e+00   1.2558223e+02  -6.4000000e+01   1.7901955e+02
   1.1072073e+01  -1.2000000e+01  -2.1300000e+02   2.0149881e+01   1.1935118e+02  -6.4000000e+01   1.8322897e+02
   5.9035603e+00  -1.2000000e+01  -2.1300000e+02   3.1082062e+01   1.1691825e+02  -6.4000000e+01   1.8466526e+02
   1.8834923e+00  -1.2000000e+01  -2.1300000e+02   4.1606784e+01   1.1736724e+02  -6.4000000e+01   1.8723529e+02
  -1.1086363e+00  -1.2000000e+01  -2.1300000e+02   5.1844214e+01   1.2040694e+02  -6.4000000e+01   1.9169078e+02
  -2.1739478e+00  -1.2000000e+01  -2.1300000e+02   6.1255082e+01   1.2448108e+02  -6.4000000e+01   1.9487669e+02
  -1.9192034e+00  -1.2000000e+01  -2.1300000e+02   6.6666410e+01   1.2702618e+02  -6.4000000e+01   1.9742744e+02
  -1.1161082e+00  -1.2000000e+01  -2.1300000e+02   6.7110464e+01   1.2691474e+02  -6.4000000e+01   1.9710098e+02
   1.0979223e-01  -1.2000000e+01  -2.1300000e+02   6.6351725e+01   1.2585508e+02  -6.4000000e+01   1.9392928e+02
   2.7080415e+00  -1.2000000e+01  -2.1300000e+02   6.5087801e+01   1.2414923e+02  -6.4000000e+01   1.8936157e+02
   5.0921617e+00  -1.2000000e+01  -2.1300000e+02   6.3502377e+01   1.2342255e+02  -6.4000000e+01   1.8536163e+02
   7.1353256e+00  -1.2000000e+01  -2.1300000e+02   6.0928934e+01   1.2246142e+02  -6.4000000e+01   1.8177082e+02
   1.0568655e+01  -1.2000000e+01  -2.1300000e+02   5.7866631e+01   1.2143268e+02  -6.4000000e+01   1.7692464e+02
   1.2084544e+01  -1.2000000e+01  -2.1300000e+02   5.4895997e+01   1.2117564e+02  -6.4000000e+01   1.7289710e+02
   1.3409632e+01  -1.2000000e+01  -2.1300000e+02   5.3077773e+01   1.2063069e+02  -6.4000000e+01   1.6946701e+02
   1.5515816e+01  -1.2000000e+01  -2.1300000e+02   5.0935302e+01   1.1972980e+02  -6.4000000e+01   1.6619829e+02
   1.7395104e+01  -1.2000000e+01  -2.1300000e+02   4.7987433e+01   1.1971307e+02  -6.4000000e+01   1.6301760e+02
   2.0379381e+01  -1.2000000e+01  -2.1300000e+02   4.4092122e+01   1.2126728e+02  -6.4000000e+01   1.6036483e+02
   2.3369463e+01  -1.2000000e+01  -2.1300000e+02   3.6433447e+01   1.2205905e+02  -6.4000000e+01   1.5562388e+02
   2.4592698e+01  -1.2000000e+01  -2.1300000e+02   3.2028925e+01   1.2311053e+02  -6.4000000e+01   1.5064721e+02
   2.7020171e+01  -1.2000000e+01  -2.1300000e+02   2.8984527e+01   1.2361147e+02  -6.4000000e+01   1.4713093e+02
   2.8096875e+01  -1.2000000e+01  -2.1300000e+02   2.6449109e+01   1.2387886e+02  -6.4000000e+01   1.4223858e+02
   3.1705995e+01  -1.2000000e+01  -2.1300000e+02   2.4540537e+01   1.2307301e+02  -6.4000000e+01   1.3891668e+02
   3.3782167e+01  -1.2000000e+01  -2.1300000e+02   2.5274364e+01   1.2264812e+02  -6.4000000e+01   1.3496742e+02
   3.7230779e+01  -1.2000000e+01  -2.1300000e+02   2.4947590e+01   1.2094139e+02  -6.4000000e+01   1.3272815e+02
   4.1465817e+01  -1.2000000e+01  -2.1300000e+02   2.0566470e+01   1.1847107e+02  -6.4000000e+01   1.2904627e+02
   4.1913015e+01  -1.2000000e+01  -2.1300000e+02   1.9936792e+01   1.1786512e+02  -6.4000000e+01   1.2423808e+02
   4.4671654e+01  -1.2000000e+01  -2.1300000e+02   1.7273438e+01   1.1719311e+02  -6.4000000e+01   1.2033363e+02
   4.4591543e+01  -1.2000000e+01  -2.1300000e+02   1.8046739e+01   1.1832815e+02  -6.4000000e+01   1.1648443e+02
   4.4674025e+01  -1.2000000e+01  -2.1300000e+02   1.7142245e+01   1.1881911e+02  -6.4000000e+01   1.1161814e+02
   4.4919957e+01  -1.2000000e+01  -2.1300000e+02   1.6154002e+01   1.1930270e+02  -6.4000000e+01   1.0683557e+02
   4.4273853e+01  -1.2000000e+01  -2.1300000e+02   1.5549414e+01   1.1985048e+02  -6.4000000e+01   1.0376698e+02
   4.4877131e+01  -1.2000000e+01  -2.1300000e+02   1.7104336e+01   1.2041300e+02  -6.4000000e+01   1.0233496e+02
   4.3115263e+01  -1.2000000e+01  -2.1300000e+02   1.8485351e+01   1.2095636e+02  -6.4000000e+01   9.9030364e+01
   4.0133563e+01  -1.2000000e+01  -2.1300000e+02   1.8248290e+01   1.2115465e+02  -6.4000000e+01   9.7445546e+01
   3.6064673e+01  -1.2000000e+01  -2.1300000e+02   1.7812729e+01   1.2123083e+02  -6.4000000e+01   9.7390289e+01
   3.3924640e+01  -1.2000000e+01  -2.1300000e+02   1.4248585e+01   1.2094784e+02  -6.4000000e+01   1.0181124e+02
   2.9294339e+01  -1.2000000e+01  -2.1300000e+02   6.2215001e+00   1.2056316e+02  -6.4000000e+01   1.1126497e+02
   2.5489383e+01  -1.2000000e+01  -2.1300000e+02   3.5610744e-01   1.2673253e+02  -6.4000000e+01   1.2301278e+02
   2.0225648e+01  -1.2000000e+01  -2.1300000e+02   1.1918649e+00   1.3126311e+02  -6.4000000e+01   1.3538037e+02
   1.6097696e+01  -1.2000000e+01  -2.1300000e+02   6.5885065e+00   1.3137210e+02  -6.4000000e+01   1.4781988e+02
   1.2629099e+01  -1.2000000e+01  -2.1300000e+02   1.1437707e+01   1.2906701e+02  -6.4000000e+01   1.6014095e+02
   1.1267972e+01  -1.2000000e+01  -2.1300000e+02   1.2382486e+01   1.2576300e+02  -6.4000000e+01   1.7239260e+02
   9.3899063e+00  -1.2000000e+01  -2.1300000e+02   1.6105495e+01   1.2096776e+02  -6.4000000e+01   1.8398645e+02
   3.6493680e+00  -1.2000000e+01  -2.1300000e+02   2.4855457e+01   1.1579642e+02  -6.4000000e+01   1.9065341e+02
   1.7050847e+00  -1.2000000e+01  -2.1300000e+02   3.2824420e+01   1.1293591e+02  -6.4000000e+01   1.9342320e+02
  -4.4949873e-01  -1.2000000e+01  -2.1300000e+02   4.2693388e+01   1.1444364e+02  -6.4000000e+01   1.9301784e+02
  -2.1925294e+00  -1.2000000e+01  -2.1300000e+02   5.3444045e+01   1.1988134e+02  -6.4000000e+01   1.9395341e+02
  -2.8336675e+00  -1.2000000e+01  -2.1300000e+02   6.4385839e+01   1.2708969e+02  -6.4000000e+01   1.9724718e+02
  -2.7224330e+00  -1.2000000e+01  -2.1300000e+02   6.9214669e+01   1.2916716e+02  -6.4000000e+01   1.9947310e+02
  -2.6896592e+00  -1.2000000e+01  -2.1300000e+02   6.9217514e+01   1.2865615e+02  -6.4000000e+01   2.0001213e+02
  -1.2370871e+00  -1.2000000e+01  -2.1300000e+02   6.8259097e+01   1.2761075e+02  -6.4000000e+01   1.9825035e+02
   8.9646436e-01  -1.2000000e+01  -2.1300000e+02   6.6140173e+01   1.2642147e+02  -6.4000000e+01   1.9522103e+02
   4.3833979e+00  -1.2000000e+01  -2.1300000e+02   6.3787235e+01   1.2452224e+02  -6.4000000e+01   1.9132258e+02
   6.5029309e+00  -1.2000000e+01  -2.1300000e+02   6.2032960e+01   1.2353994e+02  -6.4000000e+01   1.8743843e+02
   8.1455447e+00  -1.2000000e+01  -2.1300000e+02   6.0057552e+01   1.2239994e+02  -6.4000000e+01   1.8352589e+02
   1.1093295e+01  -1.2000000e+01  -2.1300000e+02   5.7992177e+01   1.2187065e+02  -6.4000000e+01   1.7878267e+02
   1.3241532e+01  -1.2000000e+01  -2.1300000e+02   5.5357864e+01   1.2151910e+02  -6.4000000e+01   1.7494406e+02
   1.5543791e+01  -1.2000000e+01  -2.1300000e+02   5.2656447e+01   1.2115750e+02  -6.4000000e+01   1.7124219e+02
   1.5988848e+01  -1.2000000e+01  -2.1300000e+02   5.1736264e+01   1.2072090e+02  -6.4000000e+01   1.6760173e+02
   1.8078257e+01  -1.2000000e+01  -2.1300000e+02   4.9977227e+01   1.2038067e+02  -6.4000000e+01   1.6488465e+02
   1.9493428e+01  -1.2000000e+01  -2.1300000e+02   4.8041853e+01   1.1994702e+02  -6.4000000e+01   1.6276756e+02
   2.3787606e+01  -1.2000000e+01  -2.1300000e+02   4.3143939e+01   1.1822250e+02  -6.4000000e+01   1.5980904e+02
   2.4017478e+01  -1.2000000e+01  -2.1300000e+02   4.0973767e+01   1.1926725e+02  -6.4000000e+01   1.5599962e+02
   2.4355893e+01  -1.2000000e+01  -2.1300000e+02   3.8472355e+01   1.2015364e+02  -6.4000000e+01   1.5189404e+02
   2.4982302e+01  -1.2000000e+01  -2.1300000e+02   3.7963153e+01   1.2005999e+02  -6.4000000e+01   1.4902616e+02
   2.6305120e+01  -1.2000000e+01  -2.1300000e+02   3.6002317e+01   1.1869919e+02  -6.4000000e+01   1.4578736e+02
   2.7806520e+01  -1.2000000e+01  -2.1300000e+02   3.4697152e+01   1.1716040e+02  -6.4000000e+01   1.4207398e+02
   2.8596967e+01  -1.2000000e+01  -2.1300000e+02   3.4882776e+01   1.1627159e+02  -6.4000000e+01   1.3896535e+02
   3.0438149e+01  -1.2000000e+01  -2.1300000e+02   3.4126791e+01   1.1478520e+02  -6.4000000e+01   1.3573573e+02
   3.1840575e+01  -1.2000000e+01  -2.1300000e+02   3.3321167e+01   1.1326762e+02  -6.4000000e+01   1.3251269e+02
   3.3132463e+01  -1.2000000e+01  -2.1300000e+02   3.3844167e+01   1.1192786e+02  -6.4000000e+01   1.2978660e+02
   3.5677639e+01  -1.2000000e+01  -2.1300000e+02   3.3587584e+01   1.1032171e+02  -6.4000000e+01   1.2660983e+02
   3.5727893e+01  -1.2000000e+01  -2.1300000e+02   3.2309347e+01   1.0884315e+02  -6.4000000e+01   1.2377497e+02
   3.6080350e+01  -1.2000000e+01  -2.1300000e+02   3.0981683e+01   1.0738112e+02  -6.4000000e+01   1.2095821e+02
   3.4805987e+01  -1.2000000e+01  -2.1300000e+02   2.9884328e+01   1.0663613e+02  -6.4000000e+01   1.1960524e+02
   3.1882485e+01  -1.2000000e+01  -2.1300000e+02   2.2501660e+01   1.0783753e+02  -6.4000000e+01   1.2392140e+02
   2.6063946e+01  -1.2000000e+01  -2.1300000e+02   1.4507154e+01   1.1066207e+02  -6.4000000e+01   1.3251061e+02
   2.5224560e+01  -1.2000000e+01  -2.1300000e+02   6.3418542e+00   1.1818778e+02  -6.4000000e+01   1.4298832e+02
   2.1465711e+01  -1.2000000e+01  -2.1300000e+02   3.2310919e+00   1.2636959e+02  -6.4000000e+01   1.5454656e+02
   1.6513961e+01  -1.2000000e+01  -2.1300000e+02   1.1009519e+01   1.2721524e+02  -6.4000000e+01   1.6641058e+02
   1.1180874e+01  -1.2000000e+01  -2.1300000e+02   2.1778811e+01   1.2447888e+02  -6.4000000e+01   1.7662563e+02
   6.7790541e+00  -1.2000000e+01  -2.1300000e+02   3.1483030e+01   1.2111886e+02  -6.4000000e+01   1.8240664e+02
   3.2560339e+00  -1.2000000e+01  -2.1300000e+02   3.9034812e+01   1.1920464e+02  -6.4000000e+01   1.8894705e+02
   1.0900320e+00  -1.2000000e+01  -2.1300000e+02   4.4409712e+01   1.1855854e+02  -6.4000000e+01   1.9457217e+02
  -1.1548880e+00  -1.2000000e+01  -2.1300000e+02   5.1189169e+01   1.1988633e+02  -6.4000000e+01   1.9842626e+02
  -3.5089078e+00  -1.2000000e+01  -2.1300000e+02   5.8344497e+01   1.2288103e+02  -6.4000000e+01   2.0252507e+02
  -2.2857794e+00  -1.2000000e+01  -2.1300000e+02   6.5359010e+01   1.2672740e+02  -6.4000000e+01   2.0651238e+02
  -1.0519998e+00  -1.2000000e+01  -2.1300000e+02   6.9272280e+01   1.2813565e+02  -6.4000000e+01   2.0648845e+02
  -8.9521202e-02  -1.2000000e+01  -2.1300000e+02   6.8538691e+01   1.2769979e+02  -6.4000000e+01   2.0586127e+02
   2.2453665e+00  -1.2000000e+01  -2.1300000e+02   6.5539257e+01   1.2704389e+02  -6.4000000e+01   2.0346038e+02
   4.6105175e+00  -1.2000000e+01  -2.1300000e+02   6.3860576e+01   1.2664168e+02  -6.4000000e+01   1.9917575e+02
   6.7700731e+00  -1.2000000e+01  -2.1300000e+02   6.1801217e+01   1.2664257e+02  -6.4000000e+01   1.9629945e+02
   9.0639292e+00  -1.2000000e+01  -2.1300000e+02   5.9843943e+01   1.2627886e+02  -6.4000000e+01   1.9236013e+02
   1.1031933e+01  -1.2000000e+01  -2.1300000e+02   5.7760352e+01   1.2577847e+02  -6.4000000e+01   1.8847979e+02
   1.3656788e+01  -1.2000000e+01  -2.1300000e+02   5.5518588e+01   1.2525500e+02  -6.4000000e+01   1.8462723e+02
   1.5355721e+01  -1.2000000e+01  -2.1300000e+02   5.2935661e+01   1.2445475e+02  -6.4000000e+01   1.8080924e+02
   1.7880885e+01  -1.2000000e+01  -2.1300000e+02   4.9925322e+01   1.2343655e+02  -6.4000000e+01   1.7512599e+02
   1.9672519e+01  -1.2000000e+01  -2.1300000e+02   4.7369650e+01   1.2340569e+02  -6.4000000e+01   1.7094498e+02
   2.2281602e+01  -1.2000000e+01  -2.1300000e+02   4.3891099e+01   1.2358593e+02  -6.4000000e+01   1.6848651e+02
   2.5621305e+01  -1.2000000e+01  -2.1300000e+02   3.9997391e+01   1.2224605e+02  -6.4000000e+01   1.6451303e+02
   2.6475348e+01  -1.2000000e+01  -2.1300000e+02   3.6723501e+01   1.2375653e+02  -6.4000000e+01   1.6007925e+02
   2.8557378e+01  -1.2000000e+01  -2.1300000e+02   3.0913030e+01   1.2319514e+02  -6.4000000e+01   1.5481779e+02
   3.0061882e+01  -1.2000000e+01  -2.1300000e+02   2.7301707e+01   1.2545185e+02  -6.4000000e+01   1.5225237e+02
   3.3060590e+01  -1.2000000e+01  -2.1300000e+02   2.3183869e+01   1.2695297e+02  -6.4000000e+01   1.4921851e+02
   3.5886643e+01  -1.2000000e+01  -2.1300000e+02   2.0245374e+01   1.2466928e+02  -6.4000000e+01   1.4445445e+02
   3.6375318e+01  -1.2000000e+01  -2.1300000e+02   2.0888390e+01   1.2393476e+02  -6.4000000e+01   1.4126184e+02
   3.8269058e+01  -1.2000000e+01  -2.1300000e+02   2.1525452e+01   1.2324923e+02  -6.4000000e+01   1.3802960e+02
   4.1159448e+01  -1.2000000e+01  -2.1300000e+02   2.0705031e+01   1.2151171e+02  -6.4000000e+01   1.3647872e+02
   4.2410403e+01  -1.2000000e+01  -2.1300000e+02   2.1130957e+01   1.2062311e+02  -6.4000000e+01   1.3342632e+02
   4.4549883e+01  -1.2000000e+01  -2.1300000e+02   1.9936275e+01   1.1939279e+02  -6.4000000e+01   1.3085644e+02
   4.5713658e+01  -1.2000000e+01  -2.1300000e+02   1.6756623e+01   1.1917759e+02  -6.4000000e+01   1.2715664e+02
   4.8307542e+01  -1.2000000e+01  -2.1300000e+02   1.4109225e+01   1.1943121e+02  -6.4000000e+01   1.2376478e+02
   4.7192752e+01  -1.2000000e+01  -2.1300000e+02   1.4845910e+01   1.2111864e+02  -6.4000000e+01   1.2065022e+02
   4.5755156e+01  -1.2000000e+01  -2.1300000e+02   1.4313989e+01   1.2240589e+02  -6.4000000e+01   1.1649812e+02
   4.5102881e+01  -1.2000000e+01  -2.1300000e+02   1.3164132e+01   1.2263583e+02  -6.4000000e+01   1.1270521e+02
   4.4452286e+01  -1.2000000e+01  -2.1300000e+02   1.2383860e+01   1.2262591e+02  -6.4000000e+01   1.1006241e+02
   3.9478019e+01  -1.2000000e+01  -2.1300000e+02   1.0562380e+01   1.2293909e+02  -6.4000000e+01   1.1162468e+02
   3.6609246e+01  -1.2000000e+01  -2.1300000e+02   3.5407131e+00   1.2675459e+02  -6.4000000e+01   1.1908117e+02
   3.3491507e+01  -1.2000000e+01  -2.1300000e+02  -5.3478339e+00   1.3273050e+02  -6.4000000e+01   1.2938788e+02
   2.8415560e+01  -1.2000000e+01  -2.1300000e+02  -8.8180165e+00   1.3968353e+02  -6.4000000e+01   1.4080611e+02
   2.5951457e+01  -1.2000000e+01  -2.1300000e+02  -6.1932314e+00   1.3403872e+02  -6.4000000e+01   1.5178438e+02
   2.1268477e+01  -1.2000000e+01  -2.1300000e+02   4.3287550e+00   1.3097608e+02  -6.4000000e+01   1.6340693e+02
   1.6983134e+01  -1.2000000e+01  -2.1300000e+02   1.5678539e+01   1.2663585e+02  -6.4000000e+01   1.7362828e+02
   1.1601120e+01  -1.2000000e+01  -2.1300000e+02   2.7078342e+01   1.2456332e+02  -6.4000000e+01   1.8028765e+02
   8.3568066e+00  -1.2000000e+01  -2.1300000e+02   3.6282018e+01   1.2334873e+02  -6.4000000e+01   1.8755016e+02
   6.1714130e+00  -1.2000000e+01  -2.1300000e+02   4.2772315e+01   1.2373464e+02  -6.4000000e+01   1.9459131e+02
   4.8194107e+00  -1.2000000e+01  -2.1300000e+02   5.0268204e+01   1.2475225e+02  -6.4000000e+01   1.9875715e+02
   4.4839572e+00  -1.2000000e+01  -2.1300000e+02   5.7889546e+01   1.2721147e+02  -6.4000000e+01   2.0234679e+02
   5.8457416e+00  -1.2000000e+01  -2.1300000e+02   6.3959936e+01   1.2905776e+02  -6.4000000e+01   2.0336166e+02
   7.0146333e+00  -1.2000000e+01  -2.1300000e+02   6.3732200e+01   1.2825547e+02  -6.4000000e+01   2.0276436e+02
   9.4206796e+00  -1.2000000e+01  -2.1300000e+02   6.2353610e+01   1.2678825e+02  -6.4000000e+01   2.0008102e+02
   1.0843546e+01  -1.2000000e+01  -2.1300000e+02   6.1427178e+01   1.2550007e+02  -6.4000000e+01   1.9699163e+02
   1.2136763e+01  -1.2000000e+01  -2.1300000e+02   5.9555105e+01   1.2530140e+02  -6.4000000e+01   1.9413040e+02
   1.3144925e+01  -1.2000000e+01  -2.1300000e+02   5.8507833e+01   1.2500895e+02  -6.4000000e+01   1.9162139e+02
   1.4945001e+01  -1.2000000e+01  -2.1300000e+02   5.6716911e+01   1.2465014e+02  -6.4000000e+01   1.8946930e+02
   1.6381920e+01  -1.2000000e+01  -2.1300000e+02   5.5499681e+01   1.2437130e+02  -6.4000000e+01   1.8693971e+02
   1.8345400e+01  -1.2000000e+01  -2.1300000e+02   5.3638970e+01   1.2355028e+02  -6.4000000e+01   1.8332297e+02
   1.9947263e+01  -1.2000000e+01  -2.1300000e+02   5.2407384e+01   1.2307387e+02  -6.4000000e+01   1.7965648e+02
   2.1836974e+01  -1.2000000e+01  -2.1300000e+02   5.0216344e+01   1.2369417e+02  -6.4000000e+01   1.7756032e+02
   2.3638372e+01  -1.2000000e+01  -2.1300000e+02   4.7421382e+01   1.2303140e+02  -6.4000000e+01   1.7342978e+02
   2.4874017e+01  -1.2000000e+01  -2.1300000e+02   4.4747132e+01   1.2317971e+02  -6.4000000e+01   1.7043509e+02
   2.5502294e+01  -1.2000000e+01  -2.1300000e+02   4.3059174e+01   1.2387076e+02  -6.4000000e+01   1.6690857e+02
   2.7423823e+01  -1.2000000e+01  -2.1300000e+02   4.0614433e+01   1.2471639e+02  -6.4000000e+01   1.6434410e+02
   2.9321267e+01  -1.2000000e+01  -2.1300000e+02   3.8723402e+01   1.2463806e+02  -6.4000000e+01   1.6146644e+02
   3.0017499e+01  -1.2000000e+01  -2.1300000e+02   3.7693893e+01   1.2482460e+02  -6.4000000e+01   1.5796579e+02
   3.1970054e+01  -1.2000000e+01  -2.1300000e+02   3.5566366e+01   1.2487477e+02  -6.4000000e+01   1.5590050e+02
   3.2794434e+01  -1.2000000e+01  -2.1300000e+02   3.4554231e+01   1.2528739e+02  -6.4000000e+01   1.5363604e+02
   3.3214051e+01  -1.2000000e+01  -2.1300000e+02   3.3998096e+01   1.2555286e+02  -6.4000000e+01   1.5117851e+02
   3.4147334e+01  -1.2000000e+01  -2.1300000e+02   3.2126736e+01   1.2541458e+02  -6.4000000e+01   1.4909228e+02
   3.3041117e+01  -1.2000000e+01  -2.1300000e+02   3.2475645e+01   1.2686234e+02  -6.4000000e+01   1.4663620e+02
   3.3883227e+01  -1.2000000e+01  -2.1300000e+02   3.1968359e+01   1.2726346e+02  -6.4000000e+01   1.4442725e+02
   3.3684168e+01  -1.2000000e+01  -2.1300000e+02   3.1850948e+01   1.2769102e+02  -6.4000000e+01   1.4174566e+02
   3.4050626e+01  -1.2000000e+01  -2.1300000e+02   3.1359178e+01   1.2754048e+02  -6.4000000e+01   1.3885384e+02
   3.4065354e+01  -1.2000000e+01  -2.1300000e+02   3.0857552e+01   1.2732360e+02  -6.4000000e+01   1.3601912e+02
   3.4693841e+01  -1.2000000e+01  -2.1300000e+02   3.1176531e+01   1.2723723e+02  -6.4000000e+01   1.3421739e+02
   3.5025431e+01  -1.2000000e+01  -2.1300000e+02   3.0684113e+01   1.2669773e+02  -6.4000000e+01   1.3250525e+02
   3.5591534e+01  -1.2000000e+01  -2.1300000e+02   3.1190602e+01   1.2724483e+02  -6.4000000e+01   1.3131494e+02
   3.6056565e+01  -1.2000000e+01  -2.1300000e+02   3.1156231e+01   1.2662793e+02  -6.4000000e+01   1.2938830e+02
   3.5920920e+01  -1.2000000e+01  -2.1300000e+02   3.3029075e+01   1.2594008e+02  -6.4000000e+01   1.2829703e+02
   3.6195101e+01  -1.2000000e+01  -2.1300000e+02   3.4677599e+01   1.2492206e+02  -6.4000000e+01   1.2644652e+02
   3.6403265e+01  -1.2000000e+01  -2.1300000e+02   3.6336681e+01   1.2391416e+02  -6.4000000e+01   1.2462203e+02
   3.7476157e+01  -1.2000000e+01  -2.1300000e+02   3.8030382e+01   1.2294242e+02  -6.4000000e+01   1.2282462e+02
   3.7761266e+01  -1.2000000e+01  -2.1300000e+02   3.9723102e+01   1.2198920e+02  -6.4000000e+01   1.2109013e+02
   3.8189026e+01  -1.2000000e+01  -2.1300000e+02   4.1705536e+01   1.2171196e+02  -6.4000000e+01   1.2005368e+02
   3.8886660e+01  -1.2000000e+01  -2.1300000e+02   4.4686318e+01   1.2158589e+02  -6.4000000e+01   1.1823240e+02
   3.8785784e+01  -1.2000000e+01  -2.1300000e+02   4.7683065e+01   1.2144200e+02  -6.4000000e+01   1.1640380e+02
   4.0232391e+01  -1.2000000e+01  -2.1300000e+02   5.0709453e+01   1.2128660e+02  -6.4000000e+01   1.1455335e+02
   3.9834489e+01  -1.2000000e+01  -2.1300000e+02   5.3767152e+01   1.2110154e+02  -6.4000000e+01   1.1272921e+02
   3.9676822e+01  -1.2000000e+01  -2.1300000e+02   5.6834544e+01   1.2088855e+02  -6.4000000e+01   1.1091254e+02
   4.0517885e+01  -1.2000000e+01  -2.1300000e+02   5.7568161e+01   1.1965393e+02  -6.4000000e+01   1.0859823e+02
   4.0364858e+01  -1.2000000e+01  -2.1300000e+02   5.8296269e+01   1.1839977e+02  -6.4000000e+01   1.0632692e+02
   3.8355941e+01  -1.2000000e+01  -2.1300000e+02   5.4496561e+01   1.1552921e+02  -6.4000000e+01   1.0624932e+02
   3.5653475e+01  -1.2000000e+01  -2.1300000e+02   4.7294290e+01   1.1143126e+02  -6.4000000e+01   1.1049870e+02
   3.2609062e+01  -1.2000000e+01  -2.1300000e+02   3.7154429e+01   1.0623514e+02  -6.4000000e+01   1.1834782e+02
   2.9521834e+01  -1.2000000e+01  -2.1300000e+02   2.6586172e+01   1.0557899e+02  -6.4000000e+01   1.2925222e+02
   2.3783086e+01  -1.2000000e+01  -2.1300000e+02   1.7003227e+01   1.1151212e+02  -6.4000000e+01   1.4112645e+02
   1.5870381e+01  -1.2000000e+01  -2.1300000e+02   1.5274340e+01   1.1893005e+02  -6.4000000e+01   1.5337434e+02
   9.6209379e+00  -1.2000000e+01  -2.1300000e+02   2.4618876e+01   1.1864034e+02  -6.4000000e+01   1.6412938e+02
   6.1658971e+00  -1.2000000e+01  -2.1300000e+02   3.4913468e+01   1.1776153e+02  -6.4000000e+01   1.7125396e+02
   3.8534457e+00  -1.2000000e+01  -2.1300000e+02   4.4444688e+01   1.1818294e+02  -6.4000000e+01   1.7713052e+02
   1.6325141e+00  -1.2000000e+01  -2.1300000e+02   5.4307671e+01   1.2154952e+02  -6.4000000e+01   1.8398039e+02
   2.2679206e+00  -1.2000000e+01  -2.1300000e+02   6.3879392e+01   1.2578092e+02  -6.4000000e+01   1.8821733e+02
   3.2580478e+00  -1.2000000e+01  -2.1300000e+02   6.5874706e+01   1.2483218e+02  -6.4000000e+01   1.8971698e+02
   4.5226460e+00  -1.2000000e+01  -2.1300000e+02   6.4667289e+01   1.2274451e+02  -6.4000000e+01   1.8879634e+02
   6.3616734e+00  -1.2000000e+01  -2.1300000e+02   6.3542891e+01   1.2185688e+02  -6.4000000e+01   1.8641032e+02
   7.4909750e+00  -1.2000000e+01  -2.1300000e+02   6.1888325e+01   1.2148485e+02  -6.4000000e+01   1.8266694e+02
   9.3850638e+00  -1.2000000e+01  -2.1300000e+02   5.9718474e+01   1.2124882e+02  -6.4000000e+01   1.8031141e+02
   1.1175579e+01  -1.2000000e+01  -2.1300000e+02   5.8036933e+01   1.2103006e+02  -6.4000000e+01   1.7714974e+02
   1.3816892e+01  -1.2000000e+01  -2.1300000e+02   5.5082326e+01   1.2039845e+02  -6.4000000e+01   1.7383022e+02
   1.5243964e+01  -1.2000000e+01  -2.1300000e+02   5.2938529e+01   1.1998995e+02  -6.4000000e+01   1.7012375e+02
   1.7810815e+01  -1.2000000e+01  -2.1300000e+02   4.9094723e+01   1.2024702e+02  -6.4000000e+01   1.6634044e+02
   1.9652902e+01  -1.2000000e+01  -2.1300000e+02   4.6134301e+01   1.2057481e+02  -6.4000000e+01   1.6319527e+02
   2.1976801e+01  -1.2000000e+01  -2.1300000e+02   4.4640358e+01   1.1993338e+02  -6.4000000e+01   1.6002718e+02
   2.2810969e+01  -1.2000000e+01  -2.1300000e+02   4.3024060e+01   1.2038636e+02  -6.4000000e+01   1.5665512e+02
   2.5585103e+01  -1.2000000e+01  -2.1300000e+02   3.9922546e+01   1.2122120e+02  -6.4000000e+01   1.5459170e+02
   2.8645339e+01  -1.2000000e+01  -2.1300000e+02   3.7014936e+01   1.2066618e+02  -6.4000000e+01   1.5320916e+02
   2.9806113e+01  -1.2000000e+01  -2.1300000e+02   3.3474653e+01   1.2214821e+02  -6.4000000e+01   1.4948271e+02
   3.2115993e+01  -1.2000000e+01  -2.1300000e+02   3.1027355e+01   1.2401812e+02  -6.4000000e+01   1.4643286e+02
   3.3147446e+01  -1.2000000e+01  -2.1300000e+02   3.0007585e+01   1.2366919e+02  -6.4000000e+01   1.4434019e+02
   3.7440968e+01  -1.2000000e+01  -2.1300000e+02   2.6078877e+01   1.2261905e+02  -6.4000000e+01   1.4266937e+02
   3.7795472e+01  -1.2000000e+01  -2.1300000e+02   2.6470178e+01   1.2349425e+02  -6.4000000e+01   1.4064116e+02
   3.8617537e+01  -1.2000000e+01  -2.1300000e+02   2.6290927e+01   1.2330794e+02  -6.4000000e+01   1.3771526e+02
   4.0471135e+01  -1.2000000e+01  -2.1300000e+02   2.6810322e+01   1.2292519e+02  -6.4000000e+01   1.3603916e+02
   4.2486818e+01  -1.2000000e+01  -2.1300000e+02   2.6571919e+01   1.2215284e+02  -6.4000000e+01   1.3411039e+02
   4.3530157e+01  -1.2000000e+01  -2.1300000e+02   2.6899392e+01   1.2205502e+02  -6.4000000e+01   1.3165266e+02
   4.5299098e+01  -1.2000000e+01  -2.1300000e+02   2.7427533e+01   1.2265386e+02  -6.4000000e+01   1.2946178e+02
   4.6198734e+01  -1.2000000e+01  -2.1300000e+02   2.7147934e+01   1.2443057e+02  -6.4000000e+01   1.2740291e+02
   4.7787588e+01  -1.2000000e+01  -2.1300000e+02   2.5475644e+01   1.2549392e+02  -6.4000000e+01   1.2507318e+02
   4.7062647e+01  -1.2000000e+01  -2.1300000e+02   2.5059084e+01   1.2683584e+02  -6.4000000e+01   1.2238009e+02
   4.7599930e+01  -1.2000000e+01  -2.1300000e+02   2.4671612e+01   1.2820212e+02  -6.4000000e+01   1.1969388e+02
   4.7523883e+01  -1.2000000e+01  -2.1300000e+02   2.4305418e+01   1.2958222e+02  -6.4000000e+01   1.1701078e+02
   4.6535409e+01  -1.2000000e+01  -2.1300000e+02   2.3920382e+01   1.3094689e+02  -6.4000000e+01   1.1431801e+02
   4.1586437e+01  -1.2000000e+01  -2.1300000e+02   2.1845571e+01   1.3129248e+02  -6.4000000e+01   1.1292062e+02
   3.7517666e+01  -1.2000000e+01  -2.1300000e+02   1.5008986e+01   1.3110339e+02  -6.4000000e+01   1.1590048e+02
   3.4992978e+01  -1.2000000e+01  -2.1300000e+02   5.2547425e+00   1.3183873e+02  -6.4000000e+01   1.2353978e+02
   3.1415981e+01  -1.2000000e+01  -2.1300000e+02  -4.1535277e+00   1.3688792e+02  -6.4000000e+01   1.3384379e+02
