   2.2877365e+01  -1.8885843e+00  -1.9143916e+02  -1.8437915e+02  -8.9048124e+01   1.3963691e+02   2.2813702e+01
   1.4737947e+01   2.4476651e+00  -2.0543916e+02  -1.9241110e+02  -7.5048125e+01   1.5193037e+02   1.2964149e+01
   6.0316774e+00  -1.2930696e+00  -2.1943916e+02  -1.8994498e+02  -6.1048126e+01   1.6051474e+02   1.9685123e+00
   1.3000761e-01  -2.2795559e+00  -2.3033070e+02  -1.9571434e+02  -4.7048126e+01   1.7451474e+02  -8.2135675e+00
  -1.0081138e+00  -5.8854276e+00  -2.3842169e+02  -1.9953602e+02  -3.3048127e+01   1.8851474e+02  -1.8022538e+01
  -1.5131526e+00  -1.0701127e+01  -2.4305635e+02  -2.0145621e+02  -2.7021059e+01   2.0251474e+02  -2.4706829e+01
   2.0347932e-01  -1.4479461e+01  -2.4859030e+02  -2.0250980e+02  -2.2099788e+01   2.1651474e+02  -3.3710491e+01
   2.3419479e+00  -1.4563566e+01  -2.5287422e+02  -2.0846473e+02  -2.1074621e+01   2.3051474e+02  -3.4686096e+01
   5.1190038e-01  -1.1835021e+01  -2.5033090e+02  -2.1915675e+02  -2.1366770e+01   2.3635710e+02  -3.0113221e+01
   3.8903057e-01  -9.4633088e+00  -2.4841706e+02  -2.1760762e+02  -2.0643335e+01   2.3128166e+02  -2.7235469e+01
   1.8236207e+00  -8.8378641e+00  -2.4780395e+02  -2.1104891e+02  -2.3349634e+01   2.2213213e+02  -2.3178849e+01
   3.2966252e+00  -8.3680953e+00  -2.4670915e+02  -2.0278210e+02  -2.4433624e+01   2.1113219e+02  -1.9285574e+01
   2.0261103e+00  -5.1068179e+00  -2.4457858e+02  -2.0337076e+02  -2.4309835e+01   2.0660374e+02  -1.4206844e+01
   4.9494261e+00  -1.7159709e+00  -2.4346002e+02  -2.0598141e+02  -2.6360961e+01   2.0350590e+02  -1.0719568e+01
   5.6501197e+00  -6.7163868e-01  -2.4291703e+02  -1.9695551e+02  -2.6169708e+01   1.9150536e+02  -7.3220846e+00
   6.6362758e+00   1.7615693e-01  -2.4109888e+02  -1.9293234e+02  -2.8012185e+01   1.8466798e+02  -2.7904510e+00
   7.9720339e+00   1.9684020e+00  -2.3990715e+02  -1.9209650e+02  -2.8719126e+01   1.8047896e+02   7.0190970e-01
   9.3325249e+00   2.1769107e+00  -2.3984393e+02  -1.8543339e+02  -2.9461569e+01   1.7278694e+02   2.3268942e+00
   9.6452966e+00   6.1785109e+00  -2.3734354e+02  -1.9820111e+02  -3.0058706e+01   1.7906297e+02   7.2340509e+00
   1.1773122e+01   5.1040453e+00  -2.3587391e+02  -1.9921822e+02  -3.0693815e+01   1.7809285e+02   9.3469774e+00
   1.4792896e+01   4.6817785e+00  -2.3423251e+02  -2.0365277e+02  -3.4779193e+01   1.8010723e+02   1.4852211e+01
   1.6369774e+01   5.2405830e+00  -2.2937591e+02  -1.9419006e+02  -3.8119600e+01   1.6775826e+02   1.9728466e+01
   1.9000167e+01   5.5576097e+00  -2.2484302e+02  -2.0017131e+02  -4.1988584e+01   1.7062104e+02   2.3768860e+01
   2.3389477e+01   2.4528032e+00  -2.2320641e+02  -1.9339843e+02  -4.7665288e+01   1.6443187e+02   2.6479807e+01
   2.6165618e+01  -5.1602783e-01  -2.1575533e+02  -1.9331638e+02  -5.5035190e+01   1.6295352e+02   3.3179513e+01
   2.9046962e+01   2.9556298e+00  -2.1199794e+02  -2.0086872e+02  -5.6649040e+01   1.6346692e+02   3.6179175e+01
   3.2513413e+01   5.3360116e+00  -2.0674505e+02  -2.1486872e+02  -6.0025359e+01   1.7217350e+02   3.7908987e+01
   3.6166450e+01   2.8167165e+00  -2.0261740e+02  -2.2856217e+02  -6.5843710e+01   1.8475550e+02   4.1015692e+01
   3.7023092e+01   1.9255317e+00  -1.9825682e+02  -2.2015224e+02  -6.8638574e+01   1.7444293e+02   4.3610343e+01
   3.8445257e+01   2.6046633e+00  -1.9253685e+02  -2.0997331e+02  -7.0787708e+01   1.6095167e+02   4.6570555e+01
   4.1519372e+01  -2.6496651e+00  -1.9244588e+02  -2.0230587e+02  -7.4732669e+01   1.5517941e+02   4.8029680e+01
   4.2275936e+01  -5.6397509e+00  -1.9187755e+02  -2.1057051e+02  -7.5545064e+01   1.6387887e+02   5.0926482e+01
   4.3390513e+01  -1.0424770e+01  -1.9199238e+02  -2.1026499e+02  -7.5882010e+01   1.6627520e+02   5.2695276e+01
   4.2713955e+01  -1.0697181e+01  -1.8751766e+02  -2.2293470e+02  -7.6856401e+01   1.7547935e+02   5.5587950e+01
   4.2524586e+01  -1.2325652e+01  -1.8365166e+02  -2.2342921e+02  -7.5527904e+01   1.7463753e+02   5.7198649e+01
   4.1978249e+01  -1.2908405e+01  -1.7668137e+02  -2.3742921e+02  -7.9327172e+01   1.8428702e+02   5.6647418e+01
   3.9352638e+01  -1.3271683e+01  -1.7011242e+02  -2.4596067e+02  -8.5921216e+01   1.9108462e+02   5.3992427e+01
   3.6043040e+01  -1.3773376e+01  -1.6704542e+02  -2.3196067e+02  -9.2025026e+01   1.7765878e+02   4.3156974e+01
   3.4427123e+01  -1.3716301e+01  -1.7013297e+02  -2.1796067e+02  -9.5463561e+01   1.6650695e+02   3.3654122e+01
   3.0144235e+01  -8.2525662e+00  -1.8175508e+02  -2.0396067e+02  -9.0233512e+01   1.5367819e+02   2.3818917e+01
   2.4284349e+01  -2.4017727e+00  -1.9203155e+02  -1.8996067e+02  -8.1961417e+01   1.4452208e+02   1.7961771e+01
   2.0879237e+01  -1.9560864e+00  -2.0052407e+02  -1.8141122e+02  -7.6270483e+01   1.4017775e+02   8.2977135e+00
   1.7555703e+01  -2.8077618e-01  -2.0754221e+02  -1.8702182e+02  -7.1267401e+01   1.4658794e+02  -3.3411309e+00
   9.5328019e+00  -1.1508658e+00  -2.1712240e+02  -1.8808323e+02  -6.1439792e+01   1.5390476e+02  -9.0922071e+00
   3.2800439e+00  -2.8764690e+00  -2.2681996e+02  -1.9468404e+02  -4.9121574e+01   1.6763061e+02  -1.6525228e+01
  -1.1226370e+00  -4.9419559e+00  -2.3306724e+02  -1.9922046e+02  -4.1109412e+01   1.8163060e+02  -2.2725117e+01
  -2.0382669e+00  -8.7641126e+00  -2.4054599e+02  -2.0241306e+02  -2.9775193e+01   1.9563060e+02  -3.0431419e+01
  -1.0509826e+00  -1.2760942e+01  -2.4492554e+02  -2.0334232e+02  -2.1824525e+01   2.0963060e+02  -3.6965611e+01
   2.3084967e+00  -1.6258642e+01  -2.4940537e+02  -2.0469249e+02  -2.1493574e+01   2.2363060e+02  -3.6984338e+01
   2.3834366e+00  -1.5293842e+01  -2.4869588e+02  -2.1446119e+02  -1.9978582e+01   2.3435603e+02  -3.0344924e+01
   1.2379787e+00  -1.3586659e+01  -2.4670832e+02  -2.1323545e+02  -1.8680273e+01   2.2891164e+02  -2.4216677e+01
   1.1270138e+00  -1.1727767e+01  -2.4547010e+02  -2.1352625e+02  -2.1464268e+01   2.2517526e+02  -1.9102784e+01
   2.2707221e+00  -8.8920002e+00  -2.4537346e+02  -2.1245505e+02  -2.3201929e+01   2.1951030e+02  -1.4349681e+01
   3.2405591e+00  -7.6155364e+00  -2.4463591e+02  -2.1025687e+02  -2.5249404e+01   2.1488601e+02  -1.0280743e+01
   3.7427360e+00  -6.0536614e+00  -2.4328233e+02  -2.0425369e+02  -2.4555704e+01   2.0530757e+02  -6.9693978e+00
   4.8184216e+00  -2.6581592e+00  -2.4043288e+02  -2.0400667e+02  -2.7985134e+01   1.9932282e+02  -1.3727264e+00
   6.0416135e+00  -2.8896583e+00  -2.4065307e+02  -1.9553543e+02  -2.7697773e+01   1.8949145e+02   1.1680799e+00
   5.6314952e+00   8.9062885e-01  -2.3961817e+02  -1.9695637e+02  -2.6493277e+01   1.8533224e+02   3.6050855e+00
   6.3567132e+00   4.1589276e+00  -2.3841783e+02  -1.9782344e+02  -2.7048528e+01   1.8096464e+02   6.8664944e+00
   7.5862719e+00   5.7285636e+00  -2.3593289e+02  -2.0135803e+02  -3.0121512e+01   1.7997760e+02   1.1587157e+01
   1.0727829e+01   6.2552398e+00  -2.3427407e+02  -2.1021477e+02  -3.0547821e+01   1.8541626e+02   1.6357682e+01
   1.4566387e+01   3.2240815e+00  -2.3006356e+02  -1.9743125e+02  -3.7968775e+01   1.7141626e+02   2.1779670e+01
   1.5560344e+01   5.5091424e+00  -2.2737154e+02  -1.8903117e+02  -3.8867825e+01   1.5857594e+02   2.6624709e+01
   1.8941372e+01   7.3020193e+00  -2.2208128e+02  -2.0303117e+02  -4.5220368e+01   1.6705269e+02   3.1258177e+01
   2.0996385e+01   8.1483211e+00  -2.1601876e+02  -2.0112423e+02  -4.9369052e+01   1.6085785e+02   3.6809720e+01
   2.6028221e+01   8.5171018e+00  -2.0958064e+02  -2.0429167e+02  -5.5747334e+01   1.5909166e+02   4.0446786e+01
   2.9514962e+01   8.8102406e+00  -2.0331115e+02  -2.1153587e+02  -6.1114002e+01   1.6312805e+02   4.5192050e+01
   3.3409396e+01   4.0245613e+00  -1.9842835e+02  -2.0494757e+02  -7.0743022e+01   1.5725457e+02   4.8466026e+01
   3.7637985e+01  -1.6366494e+00  -1.9553671e+02  -1.9094757e+02  -7.7512900e+01   1.4429301e+02   5.1831151e+01
   3.9084037e+01  -1.9108353e+00  -1.9109544e+02  -2.0122240e+02  -7.8660812e+01   1.5226959e+02   5.5381901e+01
   4.1051004e+01  -8.4921556e+00  -1.8974562e+02  -1.9260182e+02  -8.3146690e+01   1.4735745e+02   5.8069742e+01
   4.1189413e+01  -8.3077200e+00  -1.8461301e+02  -2.0139540e+02  -8.0036381e+01   1.5207482e+02   6.1633079e+01
   4.1276559e+01  -1.1523191e+01  -1.8279682e+02  -1.9446180e+02  -8.1998829e+01   1.4553275e+02   6.4870737e+01
   4.1388847e+01  -1.5043217e+01  -1.8027055e+02  -1.9297606e+02  -8.2099206e+01   1.4637301e+02   6.7841625e+01
   4.1174695e+01  -1.5863558e+01  -1.7665605e+02  -2.0238060e+02  -8.0723058e+01   1.5425434e+02   6.8697505e+01
   4.0659886e+01  -1.6178454e+01  -1.7362254e+02  -2.1638060e+02  -8.1222662e+01   1.6610504e+02   7.0977122e+01
   3.8915389e+01  -1.6664154e+01  -1.7150859e+02  -2.1622565e+02  -8.1049161e+01   1.6674166e+02   7.2224350e+01
   3.7498028e+01  -1.7170767e+01  -1.6762784e+02  -2.0262189e+02  -8.8466005e+01   1.5413157e+02   7.0100753e+01
   3.4375848e+01  -1.5199179e+01  -1.6272683e+02  -2.0201866e+02  -9.5744691e+01   1.5224644e+02   6.8202864e+01
   3.2568706e+01  -1.4634485e+01  -1.6323971e+02  -1.9409831e+02  -1.0491624e+02   1.4608301e+02   5.5844094e+01
   2.8833569e+01  -1.1809036e+01  -1.7129965e+02  -1.8009831e+02  -1.0232438e+02   1.3318906e+02   4.4275206e+01
   2.3802835e+01  -6.6063981e+00  -1.8529965e+02  -1.7740458e+02  -8.8324385e+01   1.3186537e+02   3.0275207e+01
   1.7672918e+01  -4.9984926e+00  -1.9929965e+02  -1.8182012e+02  -7.4324386e+01   1.4431468e+02   2.1338410e+01
   1.1497654e+01  -2.4900101e+00  -2.1329965e+02  -1.9248475e+02  -6.0324386e+01   1.5831468e+02   1.0773828e+01
   7.3607826e+00  -3.7390356e+00  -2.1639272e+02  -1.9226192e+02  -5.6299549e+01   1.6085519e+02   4.1561409e+00
   5.7960545e+00  -4.4792156e+00  -2.1865181e+02  -1.9138838e+02  -5.5920497e+01   1.5988399e+02  -6.9430809e+00
   3.3329479e+00  -6.3379955e+00  -2.2042479e+02  -1.9389548e+02  -5.5298537e+01   1.6464574e+02  -1.4097508e+01
  -3.3202686e+00  -4.5121542e+00  -2.2843166e+02  -2.0636955e+02  -4.2389139e+01   1.7864574e+02  -2.4443387e+01
  -2.9936333e+00  -8.6648341e+00  -2.3548740e+02  -2.1001792e+02  -3.4954555e+01   1.9220255e+02  -3.3205676e+01
  -1.8066996e+00  -1.2505381e+01  -2.4211429e+02  -2.0995534e+02  -2.8013788e+01   2.0620255e+02  -3.8186290e+01
  -4.1711654e-01  -1.5285326e+01  -2.4717681e+02  -2.0818788e+02  -2.2950803e+01   2.2020255e+02  -4.1024264e+01
   1.6252707e+00  -1.7511684e+01  -2.5105447e+02  -2.0771350e+02  -1.5197983e+01   2.3420255e+02  -4.0501615e+01
   3.2609673e+00  -1.5889997e+01  -2.5128091e+02  -2.1538103e+02  -1.8886594e+01   2.3979768e+02  -3.4538952e+01
   2.0231566e+00  -1.5681489e+01  -2.4858849e+02  -2.1128968e+02  -1.8584005e+01   2.3255734e+02  -2.8906425e+01
   1.3025575e+00  -1.3563068e+01  -2.4647463e+02  -2.1368763e+02  -1.9379702e+01   2.3034396e+02  -2.4095904e+01
   1.4343659e+00  -1.1626724e+01  -2.4463917e+02  -2.0966489e+02  -2.0438486e+01   2.2184784e+02  -2.0057126e+01
   3.6218958e+00  -8.2211045e+00  -2.4411030e+02  -2.1498970e+02  -2.3188103e+01   2.2163601e+02  -1.6008022e+01
   3.5051700e+00  -6.4400554e+00  -2.4264847e+02  -2.0941002e+02  -2.3405049e+01   2.1256422e+02  -1.1888014e+01
   3.8456469e+00  -4.9669089e+00  -2.4194030e+02  -2.0148566e+02  -2.3635012e+01   2.0151010e+02  -8.3458740e+00
   5.1940992e+00  -2.0897195e+00  -2.4044558e+02  -2.0641219e+02  -2.5801778e+01   2.0173475e+02  -3.1200337e+00
   6.8645618e+00  -1.8420672e+00  -2.4049439e+02  -2.0040449e+02  -2.6837987e+01   1.9420944e+02  -1.5831327e-01
   8.5646515e+00  -3.5191523e-01  -2.3954563e+02  -1.9759299e+02  -2.7999767e+01   1.8839771e+02   2.5145083e+00
   7.0847239e+00   3.1150164e+00  -2.3983582e+02  -1.9791084e+02  -2.4164875e+01   1.8354594e+02   5.2554489e+00
   8.4041828e+00   5.6251996e+00  -2.3702365e+02  -2.0451056e+02  -2.7320627e+01   1.8577335e+02   9.1226187e+00
   9.8927348e+00   5.9075569e+00  -2.3739748e+02  -2.0842677e+02  -3.0325112e+01   1.8791522e+02   1.1625794e+01
   1.5195361e+01   4.1219196e+00  -2.3534020e+02  -2.0648420e+02  -3.9420002e+01   1.8526698e+02   1.5720315e+01
   1.4672449e+01   6.7891864e+00  -2.3203546e+02  -2.1330914e+02  -3.9032864e+01   1.8696736e+02   2.1602259e+01
   1.5024842e+01   7.5943286e+00  -2.2871973e+02  -2.0900811e+02  -4.0732464e+01   1.7965436e+02   2.5613968e+01
   1.5056044e+01   1.1706800e+01  -2.2759694e+02  -2.0958158e+02  -3.8536447e+01   1.7448213e+02   2.7770524e+01
   1.7177228e+01   1.1670230e+01  -2.2393381e+02  -2.0660859e+02  -4.2976088e+01   1.6936345e+02   3.1109615e+01
   1.9411458e+01   1.3209062e+01  -2.2025960e+02  -2.0862387e+02  -4.7394064e+01   1.6736835e+02   3.4845009e+01
   2.1200190e+01   1.4298826e+01  -2.1595780e+02  -2.1311772e+02  -5.0509126e+01   1.6924052e+02   3.8172241e+01
   2.4417859e+01   1.3236761e+01  -2.1126666e+02  -2.0910977e+02  -5.4306390e+01   1.6361321e+02   4.0972119e+01
   2.6952229e+01   1.2549682e+01  -2.0745936e+02  -2.0024073e+02  -5.8533191e+01   1.5293545e+02   4.4164182e+01
   3.0262060e+01   1.0947839e+01  -2.0007705e+02  -2.1424073e+02  -6.6307611e+01   1.6460014e+02   4.7060557e+01
   3.3401076e+01   6.9995666e+00  -1.9623141e+02  -2.1519371e+02  -7.0787773e+01   1.6522282e+02   4.9945250e+01
   3.4395639e+01   4.7949469e+00  -1.9189705e+02  -2.0119371e+02  -7.5412254e+01   1.5122282e+02   5.2323644e+01
   3.5071315e+01   1.4378734e+00  -1.8800839e+02  -1.9445788e+02  -7.8870190e+01   1.4202144e+02   5.3788691e+01
   3.4107508e+01  -5.5552076e-01  -1.8321741e+02  -2.0782402e+02  -8.1559002e+01   1.5366034e+02   5.3286187e+01
   3.0137319e+01  -2.2804950e+00  -1.8704699e+02  -1.9382402e+02  -8.1033941e+01   1.4392613e+02   4.4436940e+01
   2.3842644e+01  -5.9146967e-01  -1.8984246e+02  -1.8605510e+02  -8.3203369e+01   1.3669126e+02   3.5835317e+01
   2.2839831e+01  -3.5653053e+00  -1.9236849e+02  -1.8427320e+02  -8.4529102e+01   1.4042232e+02   2.4281829e+01
   1.7321205e+01  -2.7845698e+00  -2.0427063e+02  -1.8320768e+02  -7.1821852e+01   1.4367843e+02   1.3080664e+01
   1.0340227e+01  -1.3814393e+00  -2.1469615e+02  -1.9080313e+02  -5.8807020e+01   1.5583088e+02   3.8422334e+00
   4.2153356e+00  -3.9066630e+00  -2.2378287e+02  -1.9712601e+02  -4.4807020e+01   1.6983088e+02  -5.3643848e+00
   2.9786043e-01  -5.1135769e+00  -2.2896875e+02  -2.0459860e+02  -3.8707429e+01   1.8383088e+02  -1.1499531e+01
  -8.8254881e-01  -8.9567357e+00  -2.3463464e+02  -2.0951919e+02  -3.1970817e+01   1.9783088e+02  -2.3202669e+01
  -2.0115193e-01  -1.2966980e+01  -2.3742583e+02  -2.1504656e+02  -2.8757827e+01   2.1183088e+02  -3.1192426e+01
   2.3110168e-01  -1.5350777e+01  -2.4077452e+02  -2.1914961e+02  -2.5938127e+01   2.2583088e+02  -3.7420645e+01
   1.3214790e+00  -1.8349022e+01  -2.4422879e+02  -2.2237689e+02  -2.2791680e+01   2.3983087e+02  -4.1669190e+01
   4.9664175e+00  -1.8859849e+01  -2.4909037e+02  -2.1587341e+02  -1.8456312e+01   2.4375474e+02  -4.5036357e+01
   5.4964770e+00  -1.6721243e+01  -2.4804433e+02  -2.1809586e+02  -2.4028951e+01   2.4488013e+02  -3.7290213e+01
   5.4105586e+00  -1.5766879e+01  -2.4698563e+02  -2.1120160e+02  -2.2138555e+01   2.3474442e+02  -3.4324884e+01
   6.4937478e+00  -1.5714320e+01  -2.4523650e+02  -2.0500853e+02  -2.3825475e+01   2.2504710e+02  -2.8306745e+01
   5.4728471e+00  -1.2381110e+01  -2.4186857e+02  -2.1005819e+02  -2.5305273e+01   2.2425403e+02  -2.1680466e+01
   6.5148728e+00  -1.0546985e+01  -2.4222966e+02  -2.0993155e+02  -2.3284537e+01   2.2067726e+02  -1.9490498e+01
   7.0421263e+00  -8.2204081e+00  -2.4088289e+02  -2.1225703e+02  -2.5026460e+01   2.1859809e+02  -1.4617729e+01
   7.3363221e+00  -5.5712336e+00  -2.4010050e+02  -2.1198877e+02  -2.4872047e+01   2.1393724e+02  -1.1151767e+01
   8.5355057e+00  -3.0525366e+00  -2.3880493e+02  -2.1545958e+02  -2.6338241e+01   2.1253432e+02  -6.7154870e+00
   9.0356072e+00  -1.5343766e+00  -2.3897382e+02  -2.1021051e+02  -2.5311737e+01   2.0315757e+02  -3.5404103e+00
   1.0444749e+01   3.6411919e-01  -2.3699932e+02  -2.0747207e+02  -2.8565950e+01   1.9585372e+02   1.7908693e+00
   1.1163594e+01   2.3595277e+00  -2.3595308e+02  -2.0238969e+02  -2.7355570e+01   1.8715965e+02   4.4338292e+00
   1.4079301e+01   2.4101626e+00  -2.3529736e+02  -2.0811600e+02  -3.1565636e+01   1.9049311e+02   7.2108656e+00
   1.7793508e+01   1.7148349e+00  -2.3487220e+02  -2.0635147e+02  -3.6663409e+01   1.8730280e+02   1.1597120e+01
   1.7661047e+01   4.2326285e+00  -2.3079163e+02  -2.0616746e+02  -3.7109677e+01   1.8127438e+02   1.7524360e+01
   2.0265472e+01   1.1857508e+00  -2.2842891e+02  -1.9429234e+02  -4.2780460e+01   1.6901458e+02   2.2276876e+01
   2.2011537e+01   2.5610941e+00  -2.2503974e+02  -1.9092212e+02  -4.4367738e+01   1.6245782e+02   2.5515594e+01
   2.5712441e+01   2.3472639e+00  -2.2050897e+02  -2.0071913e+02  -4.9960163e+01   1.6861585e+02   3.0529488e+01
   2.9064006e+01   1.5058154e+00  -2.1661057e+02  -1.9130860e+02  -5.5789876e+01   1.5731319e+02   3.4787943e+01
   3.0349666e+01   5.6430470e+00  -2.1076785e+02  -2.0391153e+02  -5.8160490e+01   1.6255732e+02   3.7968040e+01
   3.3172854e+01   4.7036267e+00  -2.0568917e+02  -2.0585979e+02  -6.2143921e+01   1.6222330e+02   4.1797415e+01
   3.6814213e+01   1.4257348e+00  -2.0005013e+02  -2.0864399e+02  -7.1277847e+01   1.6392706e+02   4.4177763e+01
   3.8998236e+01   7.6084890e-01  -1.9491223e+02  -2.1893130e+02  -7.3994788e+01   1.7064852e+02   4.6816273e+01
   4.0867042e+01  -3.1579620e+00  -1.9287242e+02  -2.0493130e+02  -7.8603401e+01   1.5750642e+02   4.9902081e+01
   4.1555133e+01  -6.8378170e+00  -1.9287657e+02  -1.9551627e+02  -7.9412430e+01   1.4931561e+02   5.2931541e+01
   4.3287200e+01  -1.2578531e+01  -1.9064250e+02  -2.0553663e+02  -8.4437429e+01   1.6069557e+02   5.5967235e+01
   4.2183118e+01  -1.2000064e+01  -1.8532537e+02  -2.1953663e+02  -8.3378440e+01   1.7154285e+02   5.8519509e+01
   4.1338665e+01  -1.3195883e+01  -1.8112932e+02  -2.0691995e+02  -8.3364238e+01   1.5754285e+02   6.0876578e+01
   4.1110929e+01  -1.6014889e+01  -1.7638625e+02  -2.0882765e+02  -8.9601218e+01   1.5876820e+02   6.3102684e+01
   3.9129303e+01  -1.7944782e+01  -1.7361528e+02  -2.2126074e+02  -9.6488260e+01   1.7177409e+02   6.4685195e+01
   3.6149688e+01  -1.4782583e+01  -1.6913405e+02  -2.2078442e+02  -9.8755792e+01   1.6970946e+02   5.5519184e+01
   3.3350275e+01  -1.5365627e+01  -1.7122565e+02  -2.0678442e+02  -9.7601848e+01   1.5741808e+02   4.2124045e+01
   3.0829432e+01  -1.3771121e+01  -1.7613073e+02  -1.9278442e+02  -9.6550011e+01   1.4434612e+02   3.0319821e+01
   2.5283920e+01  -7.0410825e+00  -1.8730017e+02  -1.8109650e+02  -8.3680188e+01   1.3529406e+02   2.1625501e+01
   2.2184952e+01  -4.2972002e+00  -2.0027927e+02  -1.7821346e+02  -8.0718364e+01   1.3893300e+02   1.6521283e+01
   1.5534690e+01  -4.6443542e+00  -2.1350661e+02  -1.8484766e+02  -6.6718364e+01   1.5293300e+02   4.7009731e+00
   1.0126341e+01  -4.4786131e+00  -2.2207445e+02  -1.8915825e+02  -5.2718364e+01   1.6303080e+02  -4.6912238e+00
   4.5862432e+00  -4.8446691e+00  -2.2768861e+02  -1.9688724e+02  -4.1060298e+01   1.7703080e+02  -1.1173725e+01
   2.7372488e+00  -6.6069294e+00  -2.3090049e+02  -2.0363300e+02  -3.5351154e+01   1.9103080e+02  -1.9426430e+01
   3.1657426e+00  -1.1124801e+01  -2.3493592e+02  -2.0477808e+02  -2.9017464e+01   2.0272051e+02  -2.9361839e+01
   4.5144128e+00  -1.3832917e+01  -2.3855227e+02  -2.0779789e+02  -2.8346131e+01   2.1672051e+02  -3.4310939e+01
   4.6341515e+00  -1.2333667e+01  -2.4068625e+02  -2.1330479e+02  -2.2496040e+01   2.2825654e+02  -3.7295511e+01
   5.4204207e+00  -1.0714672e+01  -2.4095383e+02  -2.1432680e+02  -2.1440478e+01   2.3223341e+02  -3.2449950e+01
   6.5597635e+00  -1.0531679e+01  -2.4070043e+02  -2.0890892e+02  -2.3111295e+01   2.2487599e+02  -2.9293770e+01
   8.7629107e+00  -9.4763391e+00  -2.4082981e+02  -2.0737912e+02  -2.5985623e+01   2.2065271e+02  -2.5089296e+01
   8.5335460e+00  -7.8811317e+00  -2.3919368e+02  -2.0800827e+02  -2.7539287e+01   2.1809105e+02  -2.1640769e+01
   9.7526324e+00  -7.8927699e+00  -2.3926266e+02  -2.0361836e+02  -2.9068000e+01   2.1238514e+02  -1.9109888e+01
   9.4039451e+00  -5.3604503e+00  -2.3961521e+02  -2.0017527e+02  -2.6125548e+01   2.0538481e+02  -1.8100348e+01
   1.0241679e+01  -4.0148013e+00  -2.3820792e+02  -2.0141125e+02  -2.7717841e+01   2.0350830e+02  -1.5274582e+01
   1.0182359e+01  -1.2205593e+00  -2.3755371e+02  -2.0295387e+02  -2.6468181e+01   2.0061565e+02  -1.2380286e+01
   1.1577831e+01  -8.5654344e-02  -2.3658629e+02  -2.0423545e+02  -2.9072075e+01   1.9879867e+02  -8.3986128e+00
   1.2324222e+01   1.5685891e+00  -2.3593376e+02  -2.0091934e+02  -2.9069828e+01   1.9304264e+02  -6.0543737e+00
   1.3656937e+01   2.4931067e+00  -2.3544620e+02  -1.9850999e+02  -2.8759262e+01   1.8835772e+02  -3.8741509e+00
   1.5471762e+01   1.9130781e+00  -2.3520707e+02  -1.9165948e+02  -3.1489489e+01   1.8057078e+02  -2.1475071e-01
   1.6004371e+01   2.8075206e+00  -2.3435629e+02  -1.8906026e+02  -3.1131335e+01   1.7512326e+02   2.4118400e+00
   1.6121613e+01   4.2177582e+00  -2.3174960e+02  -1.9303888e+02  -3.2392929e+01   1.7538478e+02   6.9300443e+00
   1.8050430e+01   5.1221763e+00  -2.3162647e+02  -1.9383783e+02  -3.2566043e+01   1.7378294e+02   9.1870068e+00
   2.0069413e+01   5.6676796e+00  -2.3058481e+02  -1.9597630e+02  -3.4772962e+01   1.7385102e+02   1.3062653e+01
   2.0829313e+01   8.3965417e+00  -2.2648669e+02  -2.0286750e+02  -3.7725225e+01   1.7531941e+02   1.8306713e+01
   2.3060645e+01   8.0939776e+00  -2.2611010e+02  -2.0682184e+02  -3.9192063e+01   1.7792135e+02   2.0275186e+01
   2.4048400e+01   9.8554323e+00  -2.2369474e+02  -2.1343221e+02  -3.9770759e+01   1.8066381e+02   2.2684631e+01
   2.5045775e+01   1.1385348e+01  -2.1996393e+02  -2.1450915e+02  -4.1351644e+01   1.7844053e+02   2.5390273e+01
   2.6946225e+01   9.6175673e+00  -2.1598240e+02  -2.0602094e+02  -4.6004134e+01   1.6955198e+02   2.8269648e+01
   2.6125773e+01   1.1334677e+01  -2.1405933e+02  -2.1922838e+02  -4.4466542e+01   1.7979525e+02   3.0451881e+01
   2.7691893e+01   1.1157583e+01  -2.1161987e+02  -2.1736434e+02  -4.7111753e+01   1.7684945e+02   3.2985924e+01
   2.7423437e+01   1.1862121e+01  -2.1166243e+02  -2.1696757e+02  -4.5173094e+01   1.7496499e+02   3.5309005e+01
   2.8129827e+01   1.2766678e+01  -2.1048906e+02  -2.1485230e+02  -4.4865842e+01   1.7077489e+02   3.6765672e+01
   2.8388446e+01   1.2349920e+01  -2.0989937e+02  -2.0975252e+02  -4.6490982e+01   1.6626183e+02   3.8483877e+01
   2.9425354e+01   1.2740959e+01  -2.0838475e+02  -2.1458076e+02  -4.6796057e+01   1.6981302e+02   4.0165291e+01
   2.9801769e+01   1.1967013e+01  -2.0824484e+02  -2.0692489e+02  -4.7422463e+01   1.6212425e+02   4.1733901e+01
   3.0546868e+01   1.2331305e+01  -2.0736933e+02  -2.1376456e+02  -4.5469234e+01   1.6801063e+02   4.2195596e+01
   3.1734062e+01   1.1900824e+01  -2.0519713e+02  -2.1266480e+02  -5.0032328e+01   1.6620608e+02   4.4296809e+01
   3.2390833e+01   1.3739556e+01  -2.0273120e+02  -2.2666480e+02  -5.1150252e+01   1.7698418e+02   4.5007873e+01
   3.3504306e+01   1.2519889e+01  -1.9957178e+02  -2.3898650e+02  -5.4276282e+01   1.8857975e+02   4.6866201e+01
   3.4170190e+01   1.2431751e+01  -1.9789068e+02  -2.4857024e+02  -5.4517084e+01   1.9711981e+02   4.7791004e+01
   3.5592014e+01   1.1646713e+01  -1.9624399e+02  -2.5562657e+02  -5.4804042e+01   2.0393797e+02   4.8413408e+01
   3.6382876e+01   9.6634436e+00  -1.9405017e+02  -2.4202720e+02  -5.6447704e+01   1.9082783e+02   4.9301450e+01
   3.7011142e+01   8.9601681e+00  -1.9304590e+02  -2.3747941e+02  -5.4707843e+01   1.8580463e+02   4.9556158e+01
   3.8456404e+01   8.0775857e+00  -1.8985528e+02  -2.5147939e+02  -5.5946544e+01   1.9873523e+02   5.0770502e+01
   3.9196322e+01   7.3922558e+00  -1.8705627e+02  -2.5189039e+02  -5.7380164e+01   1.9878258e+02   5.2171215e+01
   4.0565888e+01   5.6213820e+00  -1.8616142e+02  -2.5180778e+02  -5.8619775e+01   1.9883132e+02   5.2806850e+01
   4.0357326e+01   5.3949629e+00  -1.8549156e+02  -2.4602331e+02  -5.6961008e+01   1.9243111e+02   5.3203980e+01
   4.0122575e+01   4.5748181e+00  -1.8526885e+02  -2.3967588e+02  -5.7025429e+01   1.8546800e+02   5.4077227e+01
   4.0584373e+01   1.1371569e+00  -1.8372656e+02  -2.3739392e+02  -6.0392183e+01   1.8455064e+02   5.4819266e+01
   4.0162557e+01  -3.4434173e+00  -1.7863611e+02  -2.4049479e+02  -6.7942579e+01   1.8506813e+02   5.4592406e+01
   3.7560672e+01  -7.3188524e+00  -1.7475790e+02  -2.2713951e+02  -7.9537004e+01   1.7106813e+02   5.1781592e+01
   3.4499533e+01  -8.9021014e+00  -1.7299871e+02  -2.1313951e+02  -9.0467725e+01   1.5781685e+02   4.4900300e+01
   3.1571165e+01  -8.6539098e+00  -1.7796161e+02  -1.9913951e+02  -8.8417935e+01   1.4726783e+02   3.4360483e+01
   2.6916612e+01  -8.5077315e+00  -1.9145041e+02  -1.8513951e+02  -7.9701241e+01   1.4043270e+02   2.5830936e+01
   2.0333574e+01  -1.2053106e+00  -2.0258106e+02  -1.8689627e+02  -7.3482423e+01   1.4532675e+02   1.9787330e+01
   9.7055225e+00  -5.1457180e-01  -2.1658106e+02  -1.8994649e+02  -5.9482425e+01   1.5525200e+02   1.1493787e+01
   1.7899317e+00   1.2936106e-01  -2.2799143e+02  -1.9877571e+02  -4.5482425e+01   1.6925200e+02   1.8932817e+00
  -4.9731353e-01  -3.7572798e+00  -2.3594044e+02  -1.9734804e+02  -3.6717489e+01   1.7964516e+02  -8.7503156e+00
   7.2530008e-01  -8.1047580e+00  -2.4247844e+02  -1.9993107e+02  -3.1753783e+01   1.9364516e+02  -1.8436413e+01
  -6.7507326e-02  -9.0000394e+00  -2.4512379e+02  -2.0375386e+02  -2.4199637e+01   2.0764516e+02  -2.7045037e+01
   2.0718369e+00  -9.5680943e+00  -2.4711756e+02  -2.0757233e+02  -2.3395889e+01   2.2164516e+02  -2.6473997e+01
   3.4671982e+00  -8.3908991e+00  -2.4724425e+02  -2.0940930e+02  -2.4641208e+01   2.2069379e+02  -2.3295385e+01
   4.6988512e+00  -8.9897485e+00  -2.4635158e+02  -2.0225838e+02  -2.6459418e+01   2.1182256e+02  -1.9561974e+01
   4.6228099e+00  -6.9723411e+00  -2.4454910e+02  -2.0771004e+02  -2.6775885e+01   2.1333247e+02  -1.4547870e+01
   4.0311690e+00  -5.9047303e+00  -2.4295931e+02  -2.0279817e+02  -2.6850827e+01   2.0526410e+02  -9.5054719e+00
   5.2865907e+00  -4.1688244e+00  -2.4345198e+02  -2.0639508e+02  -2.6215560e+01   2.0516448e+02  -7.1498987e+00
   5.3647042e+00  -1.8284948e+00  -2.4232603e+02  -2.0640374e+02  -2.5452431e+01   2.0085195e+02  -2.9552455e+00
   7.1840788e+00  -6.8967434e-01  -2.4226194e+02  -1.9914091e+02  -2.5794704e+01   1.9091936e+02  -1.8664867e-01
   6.9790087e+00   1.6971096e+00  -2.4074057e+02  -1.9791250e+02  -2.5643139e+01   1.8543136e+02   3.1898498e+00
   9.4018882e+00   1.4721743e+00  -2.3870369e+02  -1.9228705e+02  -2.9130276e+01   1.7830542e+02   7.0186995e+00
   1.0782580e+01   2.9140498e+00  -2.3751021e+02  -1.9055740e+02  -2.9526699e+01   1.7383425e+02   9.1383355e+00
   1.2250847e+01   5.4145980e+00  -2.3659671e+02  -1.9435595e+02  -3.0486581e+01   1.7385682e+02   1.2407427e+01
   1.2253973e+01   7.5313683e+00  -2.3354467e+02  -1.9653137e+02  -3.1622126e+01   1.7175290e+02   1.6974373e+01
   1.5861634e+01   7.4312160e+00  -2.3056668e+02  -1.9964407e+02  -3.5521697e+01   1.7295021e+02   2.0414321e+01
   1.9229292e+01   8.3077604e+00  -2.2951997e+02  -2.0567459e+02  -3.9233973e+01   1.7607447e+02   2.2428996e+01
   2.1185857e+01   7.3624084e+00  -2.2373687e+02  -2.0957861e+02  -4.3062657e+01   1.7684509e+02   2.7968587e+01
   2.4646488e+01   6.7537281e+00  -2.1853156e+02  -2.1089995e+02  -4.7773966e+01   1.7712106e+02   3.1320817e+01
   2.6326038e+01   8.4432979e+00  -2.1481994e+02  -2.2116025e+02  -5.1068814e+01   1.8279888e+02   3.4040636e+01
   3.1102700e+01   5.6884777e+00  -2.1325075e+02  -2.0716025e+02  -5.5820488e+01   1.6890430e+02   3.5845839e+01
   3.1970968e+01   8.5779446e+00  -2.0983672e+02  -2.1794276e+02  -5.4415116e+01   1.7460103e+02   3.7817773e+01
   3.3767603e+01   7.8955360e+00  -2.0587010e+02  -2.0964199e+02  -5.7759141e+01   1.6518712e+02   4.0329066e+01
   3.6178227e+01   6.1264070e+00  -2.0260300e+02  -2.2364199e+02  -6.2167054e+01   1.7827721e+02   4.2774401e+01
   3.8478223e+01   2.5275803e+00  -1.9878036e+02  -2.2929628e+02  -6.7346039e+01   1.8372904e+02   4.5397189e+01
   3.9907735e+01   1.7371717e+00  -1.9648617e+02  -2.3177032e+02  -6.7683713e+01   1.8478350e+02   4.7250531e+01
   4.1614758e+01  -9.4568629e-01  -1.9378753e+02  -2.4280382e+02  -6.9110461e+01   1.9561773e+02   4.9252097e+01
   4.2377039e+01  -2.5380936e+00  -1.9318269e+02  -2.3484743e+02  -6.6873778e+01   1.8791560e+02   5.0389197e+01
   4.3997439e+01  -6.5220459e+00  -1.9052342e+02  -2.2510593e+02  -7.1304353e+01   1.7924292e+02   5.1881557e+01
   4.4135260e+01  -6.4558734e+00  -1.8720350e+02  -2.2491902e+02  -7.0984067e+01   1.7737568e+02   5.2953211e+01
   4.4352397e+01  -8.6775940e+00  -1.8452087e+02  -2.3402982e+02  -7.1414908e+01   1.8502988e+02   5.4703901e+01
   4.3918548e+01  -1.1608016e+01  -1.8110835e+02  -2.3102866e+02  -7.1819232e+01   1.8135654e+02   5.6873575e+01
   4.2231841e+01  -1.5387238e+01  -1.7474613e+02  -2.4014352e+02  -7.8652256e+01   1.8834180e+02   5.7337502e+01
   3.8290672e+01  -1.3899767e+01  -1.6903069e+02  -2.4800532e+02  -8.6490780e+01   1.9367484e+02   5.3801548e+01
   3.4154751e+01  -1.4770307e+01  -1.6522371e+02  -2.3400532e+02  -9.5353387e+01   1.7967484e+02   4.4593054e+01
   3.2198492e+01  -1.5522345e+01  -1.6773443e+02  -2.2000532e+02  -1.0135199e+02   1.6868827e+02   3.5234781e+01
   2.8826137e+01  -1.1284807e+01  -1.7837500e+02  -2.0600532e+02  -9.4278376e+01   1.5923730e+02   2.8264830e+01
