   2.4241495e+01  -9.0929939e+00  -1.8673355e+02   4.1776114e+00   9.0943575e+01  -6.0820843e+01   1.5713383e+02
   2.4502515e+01  -1.6143836e+01  -1.9970200e+02   1.1527268e+01   1.0379381e+02  -6.4254193e+01   1.6990178e+02
   2.6386848e+01  -1.8905145e+01  -2.1244452e+02   1.8681937e+01   1.1598371e+02  -6.6274564e+01   1.8209546e+02
   2.8375260e+01  -2.0286028e+01  -2.2478070e+02   2.6150826e+01   1.2770728e+02  -6.7681594e+01   1.9361784e+02
   2.9882496e+01  -1.8255916e+01  -2.3659151e+02   3.4482688e+01   1.3890200e+02  -6.7293090e+01   2.0415804e+02
   2.9000000e+01  -1.2000000e+01  -2.4703291e+02   4.3259637e+01   1.4001876e+02  -6.4000000e+01   2.0304869e+02
   2.9000000e+01  -1.2000000e+01  -2.5556742e+02   5.3138313e+01   1.4575497e+02  -6.4000000e+01   2.0698850e+02
   2.9000000e+01  -1.2000000e+01  -2.6264116e+02   6.3190364e+01   1.5098590e+02  -6.4000000e+01   2.0823120e+02
   2.9000000e+01  -1.2000000e+01  -2.6613657e+02   6.6155560e+01   1.5426188e+02  -6.4000000e+01   2.0927891e+02
   2.9000000e+01  -1.2000000e+01  -2.6524444e+02   6.6337312e+01   1.5593077e+02  -6.4000000e+01   2.0805596e+02
   2.9000000e+01  -1.2000000e+01  -2.6286623e+02   6.4032180e+01   1.5423343e+02  -6.4000000e+01   2.0442289e+02
   2.9000000e+01  -1.2000000e+01  -2.5830622e+02   6.0433708e+01   1.5099558e+02  -6.4000000e+01   1.9952763e+02
   2.9000000e+01  -1.2000000e+01  -2.5466494e+02   5.8312956e+01   1.4648289e+02  -6.4000000e+01   1.9486473e+02
   2.9000000e+01  -1.2000000e+01  -2.4790353e+02   5.5701958e+01   1.4152046e+02  -6.4000000e+01   1.9050287e+02
   2.9000000e+01  -1.2000000e+01  -2.4237533e+02   5.2925896e+01   1.3585533e+02  -6.4000000e+01   1.8576056e+02
   2.9000000e+01  -1.2000000e+01  -2.3705203e+02   5.0600107e+01   1.3018110e+02  -6.4000000e+01   1.8045475e+02
   2.9000000e+01  -1.2000000e+01  -2.3169560e+02   4.8963308e+01   1.2537785e+02  -6.4000000e+01   1.7590469e+02
   2.9000000e+01  -1.2000000e+01  -2.2802470e+02   4.7529646e+01   1.2186263e+02  -6.4000000e+01   1.7299081e+02
   2.9000000e+01  -1.2000000e+01  -2.2288245e+02   4.7144000e+01   1.1840764e+02  -6.4000000e+01   1.6889011e+02
   2.9000000e+01  -1.2000000e+01  -2.1950860e+02   4.4545353e+01   1.1734489e+02  -6.4000000e+01   1.6758262e+02
   2.9000000e+01  -1.2000000e+01  -2.1734741e+02   4.1124164e+01   1.1818835e+02  -6.4000000e+01   1.6344279e+02
   2.9000000e+01  -1.2000000e+01  -2.1201550e+02   3.6487214e+01   1.1722182e+02  -6.4000000e+01   1.5745478e+02
   2.9000000e+01  -1.2000000e+01  -2.0780226e+02   3.2656435e+01   1.1769301e+02  -6.4000000e+01   1.5386522e+02
   2.9000000e+01  -1.2000000e+01  -2.0949116e+02   2.7061916e+01   1.2298794e+02  -6.4000000e+01   1.5115008e+02
   2.9000000e+01  -1.2000000e+01  -2.0707936e+02   2.1574072e+01   1.2505657e+02  -6.4000000e+01   1.4561658e+02
   2.9000000e+01  -1.2000000e+01  -2.0449792e+02   1.9228259e+01   1.2582479e+02  -6.4000000e+01   1.4180246e+02
   2.9000000e+01  -1.2000000e+01  -2.0328782e+02   1.8673244e+01   1.2701717e+02  -6.4000000e+01   1.3974303e+02
   2.9000000e+01  -1.2000000e+01  -2.0424185e+02   1.7120479e+01   1.2850056e+02  -6.4000000e+01   1.3715150e+02
   2.9000000e+01  -1.2000000e+01  -2.0338755e+02   1.5573794e+01   1.2996103e+02  -6.4000000e+01   1.3460910e+02
   2.9000000e+01  -1.2000000e+01  -1.9723219e+02   1.3025493e+01   1.2990604e+02  -6.4000000e+01   1.3212324e+02
   2.9000000e+01  -1.2000000e+01  -1.9678838e+02   9.9226736e+00   1.3054640e+02  -6.4000000e+01   1.2911670e+02
   2.9000000e+01  -1.2000000e+01  -1.9856991e+02   7.7303210e+00   1.3232478e+02  -6.4000000e+01   1.2634359e+02
   2.9000000e+01  -1.2000000e+01  -1.9760336e+02   5.6679578e+00   1.3456085e+02  -6.4000000e+01   1.2339658e+02
   2.9000000e+01  -1.2000000e+01  -1.9856047e+02   3.6446463e+00   1.3681181e+02  -6.4000000e+01   1.2075996e+02
   2.9000000e+01  -1.2000000e+01  -1.9736344e+02   2.2490676e+00   1.3952757e+02  -6.4000000e+01   1.1920982e+02
   2.9000000e+01  -1.2000000e+01  -1.9555342e+02   8.1116862e-01   1.4151851e+02  -6.4000000e+01   1.1865508e+02
   2.9000000e+01  -1.2000000e+01  -1.9159802e+02  -7.5279023e-01   1.4247646e+02  -6.4000000e+01   1.1968908e+02
   2.9000000e+01  -1.2000000e+01  -1.9021000e+02  -5.5731670e+00   1.4061523e+02  -6.4000000e+01   1.2633930e+02
   2.9000000e+01  -1.2000000e+01  -1.8895593e+02  -1.1855877e+01   1.3622361e+02  -6.4000000e+01   1.3550107e+02
   2.9000000e+01  -1.2000000e+01  -1.9314613e+02  -1.3719445e+01   1.2960787e+02  -6.4000000e+01   1.4657771e+02
   2.9000000e+01  -1.2000000e+01  -1.9625457e+02  -7.3442492e+00   1.2207306e+02  -6.4000000e+01   1.5755145e+02
   2.9000000e+01  -1.2000000e+01  -2.0072185e+02  -1.5181649e+00   1.1992408e+02  -6.4000000e+01   1.6827762e+02
   2.9000000e+01  -1.2000000e+01  -2.0344216e+02   1.6578681e+00   1.1713818e+02  -6.4000000e+01   1.7847808e+02
   2.9000000e+01  -1.2000000e+01  -2.0969947e+02   7.6886573e+00   1.1606817e+02  -6.4000000e+01   1.8572089e+02
   2.9000000e+01  -1.2000000e+01  -2.1791788e+02   1.5337529e+01   1.1833199e+02  -6.4000000e+01   1.9131032e+02
   2.9000000e+01  -1.2000000e+01  -2.2693895e+02   2.4123425e+01   1.2241158e+02  -6.4000000e+01   1.9615745e+02
   2.9000000e+01  -1.2000000e+01  -2.3669089e+02   3.3659320e+01   1.2820880e+02  -6.4000000e+01   2.0148741e+02
   2.9000000e+01  -1.2000000e+01  -2.4548914e+02   4.4100939e+01   1.3593168e+02  -6.4000000e+01   2.0680696e+02
   2.9000000e+01  -1.2000000e+01  -2.5355407e+02   5.5022446e+01   1.4366576e+02  -6.4000000e+01   2.0937497e+02
   2.9000000e+01  -1.2000000e+01  -2.5939699e+02   6.3156075e+01   1.5053077e+02  -6.4000000e+01   2.1075363e+02
   2.9000000e+01  -1.2000000e+01  -2.6185364e+02   6.4334003e+01   1.5542541e+02  -6.4000000e+01   2.0942999e+02
   2.9000000e+01  -1.2000000e+01  -2.6285758e+02   6.2793614e+01   1.5753689e+02  -6.4000000e+01   2.0514221e+02
   2.9000000e+01  -1.2000000e+01  -2.6107736e+02   6.0661989e+01   1.5609310e+02  -6.4000000e+01   1.9931290e+02
   2.9000000e+01  -1.2000000e+01  -2.5821220e+02   5.8405267e+01   1.5277436e+02  -6.4000000e+01   1.9427824e+02
   2.9000000e+01  -1.2000000e+01  -2.5325380e+02   5.5219422e+01   1.4909996e+02  -6.4000000e+01   1.8895723e+02
   2.9000000e+01  -1.2000000e+01  -2.4722972e+02   5.2138519e+01   1.4341975e+02  -6.4000000e+01   1.8322542e+02
   2.9000000e+01  -1.2000000e+01  -2.4183474e+02   4.9142417e+01   1.3786518e+02  -6.4000000e+01   1.7817859e+02
   2.9000000e+01  -1.2000000e+01  -2.3649837e+02   4.7466390e+01   1.3243962e+02  -6.4000000e+01   1.7422914e+02
   2.9000000e+01  -1.2000000e+01  -2.3033574e+02   4.5898848e+01   1.2682146e+02  -6.4000000e+01   1.7078963e+02
   2.9000000e+01  -1.2000000e+01  -2.2417311e+02   4.4331307e+01   1.2120330e+02  -6.4000000e+01   1.6735012e+02
   2.9000000e+01  -1.2000000e+01  -2.1919751e+02   4.2607050e+01   1.1900861e+02  -6.4000000e+01   1.6407876e+02
   2.9000000e+01  -1.2000000e+01  -2.1548069e+02   3.6366175e+01   1.1836119e+02  -6.4000000e+01   1.5874373e+02
   2.9000000e+01  -1.2000000e+01  -2.1101011e+02   3.1805142e+01   1.1722816e+02  -6.4000000e+01   1.5316652e+02
   2.9000000e+01  -1.2000000e+01  -2.0772454e+02   2.7948554e+01   1.1749364e+02  -6.4000000e+01   1.4881623e+02
   2.9000000e+01  -1.2000000e+01  -2.0302935e+02   2.3062828e+01   1.1658744e+02  -6.4000000e+01   1.4308992e+02
   2.9000000e+01  -1.2000000e+01  -2.0102995e+02   1.9184078e+01   1.1808713e+02  -6.4000000e+01   1.3864501e+02
   2.9000000e+01  -1.2000000e+01  -1.9873715e+02   1.7362263e+01   1.1910915e+02  -6.4000000e+01   1.3440397e+02
   2.9000000e+01  -1.2000000e+01  -2.0174509e+02   1.5244103e+01   1.2010248e+02  -6.4000000e+01   1.3142107e+02
   2.9000000e+01  -1.2000000e+01  -2.0072692e+02   1.1583062e+01   1.2135281e+02  -6.4000000e+01   1.2716201e+02
   2.9000000e+01  -1.2000000e+01  -1.9677625e+02   8.2333682e+00   1.2265668e+02  -6.4000000e+01   1.2284546e+02
   2.9000000e+01  -1.2000000e+01  -1.9617459e+02   4.9065283e+00   1.2403501e+02  -6.4000000e+01   1.1887228e+02
   2.9000000e+01  -1.2000000e+01  -1.9763478e+02   3.3833939e+00   1.2607880e+02  -6.4000000e+01   1.1596728e+02
   2.9000000e+01  -1.2000000e+01  -1.9478708e+02   1.6228084e+00   1.2842565e+02  -6.4000000e+01   1.1201252e+02
   2.9000000e+01  -1.2000000e+01  -1.9152930e+02  -3.2775038e-02   1.3089754e+02  -6.4000000e+01   1.0814704e+02
   2.9000000e+01  -1.2000000e+01  -1.8913036e+02  -6.7275358e-01   1.3350141e+02  -6.4000000e+01   1.0638996e+02
   2.9000000e+01  -1.2000000e+01  -1.9419434e+02  -1.3036171e+00   1.3596676e+02  -6.4000000e+01   1.0489000e+02
   2.9000000e+01  -1.2000000e+01  -1.9318008e+02  -6.7619221e-01   1.3814373e+02  -6.4000000e+01   1.0312685e+02
   2.9000000e+01  -1.2000000e+01  -1.8773400e+02  -3.0126732e-01   1.3994416e+02  -6.4000000e+01   1.0343531e+02
   2.9000000e+01  -1.2000000e+01  -1.8710290e+02  -9.2536896e-01   1.4051157e+02  -6.4000000e+01   1.0542877e+02
   2.9000000e+01  -1.2000000e+01  -1.8767682e+02  -5.3960079e+00   1.3626157e+02  -6.4000000e+01   1.1330273e+02
   2.9000000e+01  -1.2000000e+01  -1.8934113e+02  -1.3041724e+01   1.2804095e+02  -6.4000000e+01   1.2458914e+02
   2.9000000e+01  -1.2000000e+01  -1.9609013e+02  -1.0654241e+01   1.2525845e+02  -6.4000000e+01   1.3688561e+02
   2.9000000e+01  -1.2000000e+01  -2.0321813e+02  -3.5971077e+00   1.2307836e+02  -6.4000000e+01   1.4879641e+02
   2.9000000e+01  -1.2000000e+01  -2.1038766e+02   3.4944527e+00   1.2395831e+02  -6.4000000e+01   1.5978656e+02
   2.9000000e+01  -1.2000000e+01  -2.1503264e+02   7.7189803e+00   1.2554026e+02  -6.4000000e+01   1.6966284e+02
   2.9000000e+01  -1.2000000e+01  -2.1859224e+02   7.5781196e+00   1.2913492e+02  -6.4000000e+01   1.7975524e+02
   2.9000000e+01  -1.2000000e+01  -2.2261334e+02   8.7645746e+00   1.3368073e+02  -6.4000000e+01   1.8910724e+02
   2.9000000e+01  -1.2000000e+01  -2.2917526e+02   1.3641417e+01   1.3811295e+02  -6.4000000e+01   1.9662563e+02
   2.9000000e+01  -1.2000000e+01  -2.3731290e+02   2.1398892e+01   1.4346742e+02  -6.4000000e+01   2.0362555e+02
   2.9000000e+01  -1.2000000e+01  -2.4624881e+02   3.1950011e+01   1.4921057e+02  -6.4000000e+01   2.0716199e+02
   2.9000000e+01  -1.2000000e+01  -2.5524054e+02   4.3548683e+01   1.5522274e+02  -6.4000000e+01   2.0666884e+02
   2.9000000e+01  -1.2000000e+01  -2.6122035e+02   5.5817444e+01   1.6094671e+02  -6.4000000e+01   2.0344705e+02
   2.9000000e+01  -1.2000000e+01  -2.6681550e+02   6.5289371e+01   1.6523945e+02  -6.4000000e+01   2.0671369e+02
   2.9000000e+01  -1.2000000e+01  -2.6905222e+02   6.7039682e+01   1.6909159e+02  -6.4000000e+01   2.0753276e+02
   2.9000000e+01  -1.2000000e+01  -2.6962328e+02   6.6390127e+01   1.7096538e+02  -6.4000000e+01   2.0538570e+02
   2.9000000e+01  -1.2000000e+01  -2.6742662e+02   6.3643849e+01   1.7004525e+02  -6.4000000e+01   2.0147879e+02
   2.9000000e+01  -1.2000000e+01  -2.6285618e+02   6.0730551e+01   1.6613708e+02  -6.4000000e+01   1.9743064e+02
   2.9000000e+01  -1.2000000e+01  -2.5885540e+02   5.7932203e+01   1.6128439e+02  -6.4000000e+01   1.9303261e+02
   2.9000000e+01  -1.2000000e+01  -2.5394748e+02   5.4449352e+01   1.5543672e+02  -6.4000000e+01   1.8827229e+02
   2.9000000e+01  -1.2000000e+01  -2.4817918e+02   5.2244587e+01   1.4904040e+02  -6.4000000e+01   1.8319551e+02
   2.9000000e+01  -1.2000000e+01  -2.4249469e+02   4.9684290e+01   1.4249713e+02  -6.4000000e+01   1.7867643e+02
   2.9000000e+01  -1.2000000e+01  -2.3639619e+02   4.7523820e+01   1.3622333e+02  -6.4000000e+01   1.7418431e+02
   2.9000000e+01  -1.2000000e+01  -2.3153031e+02   4.6821816e+01   1.3014165e+02  -6.4000000e+01   1.7046170e+02
   2.9000000e+01  -1.2000000e+01  -2.2545577e+02   4.5986818e+01   1.2468354e+02  -6.4000000e+01   1.6797299e+02
   2.9000000e+01  -1.2000000e+01  -2.2276475e+02   4.5727134e+01   1.2031431e+02  -6.4000000e+01   1.6624577e+02
   2.9000000e+01  -1.2000000e+01  -2.2065740e+02   4.2768797e+01   1.1886879e+02  -6.4000000e+01   1.6243153e+02
   2.9000000e+01  -1.2000000e+01  -2.1705270e+02   4.0803852e+01   1.1763391e+02  -6.4000000e+01   1.5822704e+02
   2.9000000e+01  -1.2000000e+01  -2.1247310e+02   3.7913367e+01   1.1573194e+02  -6.4000000e+01   1.5430259e+02
   2.9000000e+01  -1.2000000e+01  -2.0599689e+02   3.5566671e+01   1.1265767e+02  -6.4000000e+01   1.5080260e+02
   2.9000000e+01  -1.2000000e+01  -2.0241761e+02   3.2630669e+01   1.0996897e+02  -6.4000000e+01   1.4712036e+02
   2.9000000e+01  -1.2000000e+01  -1.9810537e+02   2.8894560e+01   1.0774923e+02  -6.4000000e+01   1.4267179e+02
   2.9000000e+01  -1.2000000e+01  -1.9451955e+02   2.5900392e+01   1.0683622e+02  -6.4000000e+01   1.3936480e+02
   2.9000000e+01  -1.2000000e+01  -1.9224600e+02   2.2793737e+01   1.0689653e+02  -6.4000000e+01   1.3619711e+02
   2.9000000e+01  -1.2000000e+01  -1.9003398e+02   1.8760068e+01   1.0661205e+02  -6.4000000e+01   1.3270323e+02
   2.9000000e+01  -1.2000000e+01  -1.8943227e+02   1.6783884e+01   1.0715200e+02  -6.4000000e+01   1.3020172e+02
   2.9000000e+01  -1.2000000e+01  -1.9103994e+02   1.5170524e+01   1.0873087e+02  -6.4000000e+01   1.2712337e+02
   2.9000000e+01  -1.2000000e+01  -1.8901388e+02   1.1833917e+01   1.0956396e+02  -6.4000000e+01   1.2480957e+02
   2.9000000e+01  -1.2000000e+01  -1.8959953e+02   8.3704917e+00   1.1036596e+02  -6.4000000e+01   1.2272105e+02
   2.9000000e+01  -1.2000000e+01  -1.9009144e+02   6.3443392e+00   1.1186775e+02  -6.4000000e+01   1.2314084e+02
   2.9000000e+01  -1.2000000e+01  -1.8927438e+02   1.1829490e+00   1.1182372e+02  -6.4000000e+01   1.3203929e+02
   2.9000000e+01  -1.2000000e+01  -1.9200366e+02  -9.8040684e-01   1.0731216e+02  -6.4000000e+01   1.4260366e+02
   2.9000000e+01  -1.2000000e+01  -1.9420091e+02  -1.2279455e+00   1.0875610e+02  -6.4000000e+01   1.5378713e+02
   2.9000000e+01  -1.2000000e+01  -1.9926609e+02   2.0550657e+00   1.1072264e+02  -6.4000000e+01   1.6439406e+02
   2.9000000e+01  -1.2000000e+01  -2.0689508e+02   8.6719810e+00   1.1400265e+02  -6.4000000e+01   1.7329868e+02
   2.9000000e+01  -1.2000000e+01  -2.1551984e+02   1.6603514e+01   1.1907586e+02  -6.4000000e+01   1.8167023e+02
   2.9000000e+01  -1.2000000e+01  -2.2461132e+02   2.3957942e+01   1.2393647e+02  -6.4000000e+01   1.8864490e+02
   2.9000000e+01  -1.2000000e+01  -2.3359094e+02   3.0783671e+01   1.3071920e+02  -6.4000000e+01   1.9715842e+02
   2.9000000e+01  -1.2000000e+01  -2.4125485e+02   3.7124716e+01   1.3908165e+02  -6.4000000e+01   2.0579885e+02
   2.9000000e+01  -1.2000000e+01  -2.4864989e+02   4.5364595e+01   1.4741339e+02  -6.4000000e+01   2.1307221e+02
   2.9000000e+01  -1.2000000e+01  -2.5529452e+02   5.4197349e+01   1.5543950e+02  -6.4000000e+01   2.1798986e+02
   2.9000000e+01  -1.2000000e+01  -2.5968595e+02   6.4300557e+01   1.6271327e+02  -6.4000000e+01   2.1929367e+02
   2.9000000e+01  -1.2000000e+01  -2.6422632e+02   7.0340578e+01   1.6668197e+02  -6.4000000e+01   2.1816611e+02
   2.9000000e+01  -1.2000000e+01  -2.6383678e+02   6.9418828e+01   1.6915752e+02  -6.4000000e+01   2.1583652e+02
   2.9000000e+01  -1.2000000e+01  -2.6135851e+02   6.5693176e+01   1.6843603e+02  -6.4000000e+01   2.1130447e+02
   2.9000000e+01  -1.2000000e+01  -2.5979995e+02   6.3483811e+01   1.6662043e+02  -6.4000000e+01   2.0588970e+02
   2.9000000e+01  -1.2000000e+01  -2.5614017e+02   6.0759414e+01   1.6363648e+02  -6.4000000e+01   2.0130627e+02
   2.9000000e+01  -1.2000000e+01  -2.5322859e+02   5.8173844e+01   1.5989067e+02  -6.4000000e+01   1.9653426e+02
   2.9000000e+01  -1.2000000e+01  -2.4944042e+02   5.5783729e+01   1.5561200e+02  -6.4000000e+01   1.9267263e+02
   2.9000000e+01  -1.2000000e+01  -2.4432889e+02   5.3049429e+01   1.5019006e+02  -6.4000000e+01   1.8812816e+02
   2.9000000e+01  -1.2000000e+01  -2.3950041e+02   4.9956636e+01   1.4456656e+02  -6.4000000e+01   1.8372948e+02
   2.9000000e+01  -1.2000000e+01  -2.3332794e+02   4.6823160e+01   1.3777932e+02  -6.4000000e+01   1.7793412e+02
   2.9000000e+01  -1.2000000e+01  -2.2698772e+02   4.4551039e+01   1.3192480e+02  -6.4000000e+01   1.7327718e+02
   2.9000000e+01  -1.2000000e+01  -2.2328750e+02   4.2735310e+01   1.2798822e+02  -6.4000000e+01   1.7050274e+02
   2.9000000e+01  -1.2000000e+01  -2.2082535e+02   3.9937012e+01   1.2606108e+02  -6.4000000e+01   1.6573507e+02
   2.9000000e+01  -1.2000000e+01  -2.1631484e+02   3.6725087e+01   1.2455666e+02  -6.4000000e+01   1.6106700e+02
   2.9000000e+01  -1.2000000e+01  -2.1294883e+02   3.0876991e+01   1.2276897e+02  -6.4000000e+01   1.5522930e+02
   2.9000000e+01  -1.2000000e+01  -2.1113611e+02   2.7106003e+01   1.2499823e+02  -6.4000000e+01   1.5202719e+02
   2.9000000e+01  -1.2000000e+01  -2.1241646e+02   2.4394078e+01   1.2903648e+02  -6.4000000e+01   1.4836720e+02
   2.9000000e+01  -1.2000000e+01  -2.0763070e+02   2.0150271e+01   1.2746925e+02  -6.4000000e+01   1.4301523e+02
   2.9000000e+01  -1.2000000e+01  -2.0365918e+02   1.8006030e+01   1.2621809e+02  -6.4000000e+01   1.3959256e+02
   2.9000000e+01  -1.2000000e+01  -2.0207513e+02   1.6418460e+01   1.2632388e+02  -6.4000000e+01   1.3606617e+02
   2.9000000e+01  -1.2000000e+01  -2.0214548e+02   1.4182079e+01   1.2654971e+02  -6.4000000e+01   1.3354734e+02
   2.9000000e+01  -1.2000000e+01  -1.9956175e+02   1.2053464e+01   1.2686623e+02  -6.4000000e+01   1.3095378e+02
   2.9000000e+01  -1.2000000e+01  -2.0023179e+02   9.7418218e+00   1.2721022e+02  -6.4000000e+01   1.2837887e+02
   2.9000000e+01  -1.2000000e+01  -1.9918654e+02   6.8135310e+00   1.2867327e+02  -6.4000000e+01   1.2445819e+02
   2.9000000e+01  -1.2000000e+01  -1.9901151e+02   3.9169440e+00   1.3031183e+02  -6.4000000e+01   1.2072323e+02
   2.9000000e+01  -1.2000000e+01  -2.0048707e+02   2.3667285e+00   1.3226796e+02  -6.4000000e+01   1.1844719e+02
   2.9000000e+01  -1.2000000e+01  -1.9809709e+02   7.9741580e-01   1.3427999e+02  -6.4000000e+01   1.1598203e+02
   2.9000000e+01  -1.2000000e+01  -1.9386788e+02  -7.7623736e-01   1.3624829e+02  -6.4000000e+01   1.1327452e+02
   2.9000000e+01  -1.2000000e+01  -1.9535852e+02  -2.3035482e+00   1.3799450e+02  -6.4000000e+01   1.1095228e+02
   2.9000000e+01  -1.2000000e+01  -1.9231944e+02  -3.6978487e+00   1.3702016e+02  -6.4000000e+01   1.1501855e+02
   2.9000000e+01  -1.2000000e+01  -1.9200141e+02  -9.1960460e+00   1.3431659e+02  -6.4000000e+01   1.2501407e+02
   2.9000000e+01  -1.2000000e+01  -1.9396705e+02  -1.4830215e+01   1.3144270e+02  -6.4000000e+01   1.3645436e+02
   2.9000000e+01  -1.2000000e+01  -1.9861861e+02  -1.1622525e+01   1.3087636e+02  -6.4000000e+01   1.4847757e+02
   2.9000000e+01  -1.2000000e+01  -2.0280832e+02  -5.6310944e+00   1.2215682e+02  -6.4000000e+01   1.5922868e+02
   2.9000000e+01  -1.2000000e+01  -2.0978158e+02   3.8511126e+00   1.2335096e+02  -6.4000000e+01   1.6947160e+02
   2.9000000e+01  -1.2000000e+01  -2.1634427e+02   1.2902155e+01   1.2538561e+02  -6.4000000e+01   1.7823507e+02
   2.9000000e+01  -1.2000000e+01  -2.2382114e+02   2.2023120e+01   1.2954636e+02  -6.4000000e+01   1.8530809e+02
   2.9000000e+01  -1.2000000e+01  -2.3092771e+02   2.9938482e+01   1.3555543e+02  -6.4000000e+01   1.9293501e+02
   2.9000000e+01  -1.2000000e+01  -2.3765032e+02   3.7519484e+01   1.4340274e+02  -6.4000000e+01   2.0146483e+02
   2.9000000e+01  -1.2000000e+01  -2.4466817e+02   4.6647027e+01   1.5067481e+02  -6.4000000e+01   2.0775618e+02
   2.9000000e+01  -1.2000000e+01  -2.4942800e+02   5.6217553e+01   1.5684592e+02  -6.4000000e+01   2.1077757e+02
   2.9000000e+01  -1.2000000e+01  -2.5269099e+02   6.4102829e+01   1.5999080e+02  -6.4000000e+01   2.0972771e+02
   2.9000000e+01  -1.2000000e+01  -2.5273102e+02   6.3858138e+01   1.6098391e+02  -6.4000000e+01   2.0841851e+02
   2.9000000e+01  -1.2000000e+01  -2.5041879e+02   6.2115485e+01   1.5864669e+02  -6.4000000e+01   2.0540004e+02
   2.9000000e+01  -1.2000000e+01  -2.4795237e+02   6.0037886e+01   1.5493242e+02  -6.4000000e+01   2.0185034e+02
   2.9000000e+01  -1.2000000e+01  -2.4488211e+02   5.7522360e+01   1.5067105e+02  -6.4000000e+01   1.9825767e+02
   2.9000000e+01  -1.2000000e+01  -2.4179899e+02   5.6173570e+01   1.4671503e+02  -6.4000000e+01   1.9536119e+02
   2.9000000e+01  -1.2000000e+01  -2.3819505e+02   5.4271754e+01   1.4301357e+02  -6.4000000e+01   1.9295607e+02
   2.9000000e+01  -1.2000000e+01  -2.3479392e+02   5.3171165e+01   1.3922616e+02  -6.4000000e+01   1.9021732e+02
   2.9000000e+01  -1.2000000e+01  -2.3126253e+02   5.1734862e+01   1.3482455e+02  -6.4000000e+01   1.8656545e+02
   2.9000000e+01  -1.2000000e+01  -2.2715693e+02   5.0753877e+01   1.3071454e+02  -6.4000000e+01   1.8276067e+02
   2.9000000e+01  -1.2000000e+01  -2.2336898e+02   4.9355328e+01   1.2791449e+02  -6.4000000e+01   1.8004327e+02
   2.9000000e+01  -1.2000000e+01  -2.2071652e+02   4.6886114e+01   1.2545967e+02  -6.4000000e+01   1.7525873e+02
   2.9000000e+01  -1.2000000e+01  -2.1811992e+02   4.4480353e+01   1.2416290e+02  -6.4000000e+01   1.7183028e+02
   2.9000000e+01  -1.2000000e+01  -2.1507932e+02   4.2512116e+01   1.2310888e+02  -6.4000000e+01   1.6819501e+02
   2.9000000e+01  -1.2000000e+01  -2.1251836e+02   4.0658832e+01   1.2259983e+02  -6.4000000e+01   1.6529283e+02
   2.9000000e+01  -1.2000000e+01  -2.1106655e+02   3.8969839e+01   1.2290888e+02  -6.4000000e+01   1.6186889e+02
   2.9000000e+01  -1.2000000e+01  -2.0742599e+02   3.6783804e+01   1.2180265e+02  -6.4000000e+01   1.5767454e+02
   2.9000000e+01  -1.2000000e+01  -2.0683454e+02   3.4895491e+01   1.2284995e+02  -6.4000000e+01   1.5530227e+02
   2.9000000e+01  -1.2000000e+01  -2.0433339e+02   3.2870896e+01   1.2278166e+02  -6.4000000e+01   1.5281211e+02
   2.9000000e+01  -1.2000000e+01  -2.0131292e+02   3.0689001e+01   1.2185679e+02  -6.4000000e+01   1.5041675e+02
   2.9000000e+01  -1.2000000e+01  -1.9998032e+02   2.7983519e+01   1.2208983e+02  -6.4000000e+01   1.4807666e+02
   2.9000000e+01  -1.2000000e+01  -1.9834811e+02   2.6888139e+01   1.2268401e+02  -6.4000000e+01   1.4621872e+02
   2.9000000e+01  -1.2000000e+01  -1.9747633e+02   2.5518275e+01   1.2280646e+02  -6.4000000e+01   1.4391140e+02
   2.9000000e+01  -1.2000000e+01  -1.9660454e+02   2.4148411e+01   1.2292891e+02  -6.4000000e+01   1.4160408e+02
   2.9000000e+01  -1.2000000e+01  -1.9354186e+02   2.2691711e+01   1.2171391e+02  -6.4000000e+01   1.3949653e+02
   2.9000000e+01  -1.2000000e+01  -1.9191727e+02   2.1677015e+01   1.2042950e+02  -6.4000000e+01   1.3739386e+02
   2.9000000e+01  -1.2000000e+01  -1.9149127e+02   2.1465592e+01   1.2059697e+02  -6.4000000e+01   1.3594132e+02
   2.9000000e+01  -1.2000000e+01  -1.9141811e+02   1.9973877e+01   1.2090152e+02  -6.4000000e+01   1.3435331e+02
   2.9000000e+01  -1.2000000e+01  -1.9105304e+02   1.9730628e+01   1.2261786e+02  -6.4000000e+01   1.3375523e+02
   2.9000000e+01  -1.2000000e+01  -1.9079591e+02   1.8542922e+01   1.2292186e+02  -6.4000000e+01   1.3165305e+02
   2.9000000e+01  -1.2000000e+01  -1.8930993e+02   1.7978152e+01   1.2254713e+02  -6.4000000e+01   1.3072677e+02
   2.9000000e+01  -1.2000000e+01  -1.8893587e+02   1.7365850e+01   1.2214006e+02  -6.4000000e+01   1.2969684e+02
   2.9000000e+01  -1.2000000e+01  -1.8825998e+02   1.6889654e+01   1.2187683e+02  -6.4000000e+01   1.2854298e+02
   2.9000000e+01  -1.2000000e+01  -1.8896531e+02   1.7073283e+01   1.2312406e+02  -6.4000000e+01   1.2743407e+02
   2.9000000e+01  -1.2000000e+01  -1.8823408e+02   1.6204691e+01   1.2435178e+02  -6.4000000e+01   1.2655260e+02
   2.9000000e+01  -1.2000000e+01  -1.8838125e+02   1.5286855e+01   1.2564479e+02  -6.4000000e+01   1.2576371e+02
   2.9000000e+01  -1.2000000e+01  -1.8811743e+02   1.4419394e+01   1.2703434e+02  -6.4000000e+01   1.2495373e+02
   2.9000000e+01  -1.2000000e+01  -1.8611717e+02   1.3636557e+01   1.2850547e+02  -6.4000000e+01   1.2403354e+02
   2.9000000e+01  -1.2000000e+01  -1.8727694e+02   1.2721920e+01   1.2997496e+02  -6.4000000e+01   1.2316275e+02
   2.9000000e+01  -1.2000000e+01  -1.8678009e+02   1.1860595e+01   1.3153198e+02  -6.4000000e+01   1.2225958e+02
   2.9000000e+01  -1.2000000e+01  -1.8696218e+02   1.0940830e+01   1.3311909e+02  -6.4000000e+01   1.2140495e+02
   2.9000000e+01  -1.2000000e+01  -1.8714428e+02   1.0021066e+01   1.3470620e+02  -6.4000000e+01   1.2055031e+02
   2.9000000e+01  -1.2000000e+01  -1.8879414e+02   7.5839254e+00   1.3628756e+02  -6.4000000e+01   1.2036640e+02
   2.9000000e+01  -1.2000000e+01  -1.8965845e+02   3.1657671e+00   1.3627337e+02  -6.4000000e+01   1.2210736e+02
   2.9000000e+01  -1.2000000e+01  -1.9081888e+02  -2.6232781e+00   1.3178185e+02  -6.4000000e+01   1.2771304e+02
   2.9000000e+01  -1.2000000e+01  -1.8979954e+02  -9.0731552e+00   1.2624264e+02  -6.4000000e+01   1.3803387e+02
   2.9000000e+01  -1.2000000e+01  -1.9611493e+02  -6.7892929e+00   1.2386407e+02  -6.4000000e+01   1.4948312e+02
   2.9000000e+01  -1.2000000e+01  -2.0010833e+02  -2.5126439e-01   1.1610353e+02  -6.4000000e+01   1.5834125e+02
   2.9000000e+01  -1.2000000e+01  -2.0752729e+02   7.1442486e+00   1.1436625e+02  -6.4000000e+01   1.6580157e+02
   2.9000000e+01  -1.2000000e+01  -2.1600235e+02   1.4720035e+01   1.1550504e+02  -6.4000000e+01   1.7252409e+02
   2.9000000e+01  -1.2000000e+01  -2.2552209e+02   2.4120593e+01   1.1921150e+02  -6.4000000e+01   1.7956328e+02
   2.9000000e+01  -1.2000000e+01  -2.3537583e+02   3.3865112e+01   1.2502413e+02  -6.4000000e+01   1.8718474e+02
   2.9000000e+01  -1.2000000e+01  -2.4364085e+02   4.4374243e+01   1.3252429e+02  -6.4000000e+01   1.9409055e+02
   2.9000000e+01  -1.2000000e+01  -2.5022257e+02   5.5599141e+01   1.3930511e+02  -6.4000000e+01   1.9623821e+02
   2.9000000e+01  -1.2000000e+01  -2.5373022e+02   6.0308548e+01   1.4282110e+02  -6.4000000e+01   1.9916967e+02
   2.9000000e+01  -1.2000000e+01  -2.5321460e+02   5.9255612e+01   1.4377129e+02  -6.4000000e+01   1.9859461e+02
   2.9000000e+01  -1.2000000e+01  -2.5156610e+02   5.8313653e+01   1.4321326e+02  -6.4000000e+01   1.9579140e+02
   2.9000000e+01  -1.2000000e+01  -2.4913962e+02   5.6294133e+01   1.4070897e+02  -6.4000000e+01   1.9156650e+02
   2.9000000e+01  -1.2000000e+01  -2.4599584e+02   5.4293726e+01   1.3863349e+02  -6.4000000e+01   1.8805840e+02
   2.9000000e+01  -1.2000000e+01  -2.4236400e+02   5.2824073e+01   1.3580956e+02  -6.4000000e+01   1.8379119e+02
   2.9000000e+01  -1.2000000e+01  -2.3759085e+02   5.0586729e+01   1.3241142e+02  -6.4000000e+01   1.7950230e+02
   2.9000000e+01  -1.2000000e+01  -2.3306923e+02   4.8761645e+01   1.2829365e+02  -6.4000000e+01   1.7515408e+02
   2.9000000e+01  -1.2000000e+01  -2.2820334e+02   4.6297408e+01   1.2457099e+02  -6.4000000e+01   1.7086802e+02
   2.9000000e+01  -1.2000000e+01  -2.2388628e+02   4.4546886e+01   1.2164112e+02  -6.4000000e+01   1.6701418e+02
   2.9000000e+01  -1.2000000e+01  -2.1965994e+02   4.3598738e+01   1.1898462e+02  -6.4000000e+01   1.6286338e+02
   2.9000000e+01  -1.2000000e+01  -2.1476582e+02   4.2225207e+01   1.1638444e+02  -6.4000000e+01   1.5924061e+02
   2.9000000e+01  -1.2000000e+01  -2.1112810e+02   3.9694556e+01   1.1609992e+02  -6.4000000e+01   1.5636661e+02
   2.9000000e+01  -1.2000000e+01  -2.0942935e+02   3.7115268e+01   1.1686507e+02  -6.4000000e+01   1.5398567e+02
   2.9000000e+01  -1.2000000e+01  -2.0592397e+02   3.2211797e+01   1.1804663e+02  -6.4000000e+01   1.4978360e+02
   2.9000000e+01  -1.2000000e+01  -2.0338341e+02   2.8781104e+01   1.2015861e+02  -6.4000000e+01   1.4596635e+02
   2.9000000e+01  -1.2000000e+01  -2.0227576e+02   2.6422623e+01   1.2100553e+02  -6.4000000e+01   1.4345283e+02
   2.9000000e+01  -1.2000000e+01  -2.0285976e+02   2.2986430e+01   1.2341894e+02  -6.4000000e+01   1.4095410e+02
   2.9000000e+01  -1.2000000e+01  -2.0086579e+02   2.1276937e+01   1.2501511e+02  -6.4000000e+01   1.3881243e+02
   2.9000000e+01  -1.2000000e+01  -1.9782475e+02   1.8729970e+01   1.2536827e+02  -6.4000000e+01   1.3607814e+02
   2.9000000e+01  -1.2000000e+01  -1.9874413e+02   1.7559373e+01   1.2652504e+02  -6.4000000e+01   1.3376225e+02
   2.9000000e+01  -1.2000000e+01  -2.0013539e+02   1.6252022e+01   1.2773406e+02  -6.4000000e+01   1.3149841e+02
   2.9000000e+01  -1.2000000e+01  -1.9885592e+02   1.4968495e+01   1.2909127e+02  -6.4000000e+01   1.2918638e+02
   2.9000000e+01  -1.2000000e+01  -1.9935627e+02   1.3522059e+01   1.3055340e+02  -6.4000000e+01   1.2700250e+02
   2.9000000e+01  -1.2000000e+01  -1.9915368e+02   1.1653913e+01   1.3356646e+02  -6.4000000e+01   1.2558110e+02
   2.9000000e+01  -1.2000000e+01  -1.9734638e+02   9.7211632e+00   1.3660118e+02  -6.4000000e+01   1.2399593e+02
   2.9000000e+01  -1.2000000e+01  -1.9415973e+02   7.7817340e+00   1.3954601e+02  -6.4000000e+01   1.2237097e+02
   2.9000000e+01  -1.2000000e+01  -1.9460180e+02   5.6893807e+00   1.4231758e+02  -6.4000000e+01   1.2100108e+02
   2.9000000e+01  -1.2000000e+01  -1.9473295e+02   3.6294958e+00   1.4507366e+02  -6.4000000e+01   1.1962612e+02
   2.9000000e+01  -1.2000000e+01  -1.9423191e+02   1.5494991e+00   1.4775383e+02  -6.4000000e+01   1.1831198e+02
   2.9000000e+01  -1.2000000e+01  -1.9175584e+02  -7.2445782e-01   1.4822661e+02  -6.4000000e+01   1.1977768e+02
   2.9000000e+01  -1.2000000e+01  -1.9199929e+02  -6.4224075e+00   1.4493177e+02  -6.4000000e+01   1.2577638e+02
   2.9000000e+01  -1.2000000e+01  -1.9120673e+02  -1.4142062e+01   1.3818212e+02  -6.4000000e+01   1.3474365e+02
   2.9000000e+01  -1.2000000e+01  -1.9422624e+02  -1.4442579e+01   1.3227358e+02  -6.4000000e+01   1.4490747e+02
