   2.4241495e+01  -9.0929939e+00  -1.8673355e+02   4.1776114e+00   9.0943575e+01  -6.0820843e+01   1.5713383e+02
   2.2489668e+01  -1.7302492e+01  -2.0015835e+02   1.1531790e+01   1.0476858e+02  -6.4347326e+01   1.6970807e+02
   2.0763440e+01  -2.5409238e+01  -2.1358181e+02   1.8896774e+01   1.1861988e+02  -6.7864879e+01   1.8223599e+02
   1.1649700e+01  -1.9232544e+01  -2.1300000e+02   2.4170551e+01   1.3000000e+02  -6.4000000e+01   1.7986685e+02
   5.5822003e+00  -1.6274036e+01  -2.1300000e+02   3.3723687e+01   1.3000000e+02  -6.4000000e+01   1.7996138e+02
  -8.1896050e-01  -1.1007287e+01  -2.1300000e+02   4.4766175e+01   1.3000000e+02  -6.4000000e+01   1.8066433e+02
  -4.9234944e+00  -7.6433249e+00  -2.1300000e+02   5.6375979e+01   1.3000000e+02  -6.4000000e+01   1.8374963e+02
  -5.6399939e+00  -5.2473226e+00  -2.1300000e+02   6.8026579e+01   1.3000000e+02  -6.4000000e+01   1.8621758e+02
  -8.7788926e+00  -1.2562756e+00  -2.1300000e+02   7.7754932e+01   1.3000000e+02  -6.4000000e+01   1.8866125e+02
  -8.9495049e+00   8.1778810e-01  -2.1300000e+02   8.1643685e+01   1.3000000e+02  -6.4000000e+01   1.8929706e+02
  -7.7749012e+00   6.9235419e-01  -2.1300000e+02   8.0302380e+01   1.3000000e+02  -6.4000000e+01   1.8680522e+02
  -5.4284944e+00  -6.6145892e-01  -2.1300000e+02   7.5898588e+01   1.3000000e+02  -6.4000000e+01   1.8353300e+02
  -1.6718392e+00  -4.5886602e+00  -2.1300000e+02   7.0767268e+01   1.3000000e+02  -6.4000000e+01   1.8050566e+02
   3.8976557e+00  -6.8755387e+00  -2.1300000e+02   6.4256609e+01   1.3000000e+02  -6.4000000e+01   1.7765962e+02
   8.0258282e+00  -1.0774417e+01  -2.1300000e+02   5.7109265e+01   1.3000000e+02  -6.4000000e+01   1.7520509e+02
   1.2448637e+01  -1.5020001e+01  -2.1300000e+02   4.9614431e+01   1.3000000e+02  -6.4000000e+01   1.7258002e+02
   1.7701376e+01  -1.8386172e+01  -2.1300000e+02   4.3133004e+01   1.3000000e+02  -6.4000000e+01   1.7112895e+02
   2.1857650e+01  -2.1065354e+01  -2.1300000e+02   3.7788061e+01   1.3000000e+02  -6.4000000e+01   1.7069219e+02
   2.5585484e+01  -2.3005660e+01  -2.1300000e+02   3.4557671e+01   1.3000000e+02  -6.4000000e+01   1.6883952e+02
   2.6957737e+01  -2.1663726e+01  -2.1300000e+02   3.1851147e+01   1.3000000e+02  -6.4000000e+01   1.6768812e+02
   2.8137124e+01  -1.9469074e+01  -2.1300000e+02   3.0025379e+01   1.3000000e+02  -6.4000000e+01   1.6324555e+02
   3.2292752e+01  -2.2874828e+01  -2.1300000e+02   2.4140098e+01   1.3000000e+02  -6.4000000e+01   1.5946850e+02
   3.3043352e+01  -2.0938238e+01  -2.1300000e+02   2.2870727e+01   1.3000000e+02  -6.4000000e+01   1.5600481e+02
   3.3634925e+01  -1.6448787e+01  -2.1300000e+02   2.1073602e+01   1.3000000e+02  -6.4000000e+01   1.5275721e+02
   3.5207158e+01  -1.6025758e+01  -2.1300000e+02   1.7438508e+01   1.3000000e+02  -6.4000000e+01   1.4746313e+02
   3.8633065e+01  -1.7804032e+01  -2.1300000e+02   1.5254432e+01   1.3000000e+02  -6.4000000e+01   1.4482985e+02
   4.2008385e+01  -1.9555282e+01  -2.1300000e+02   1.5362176e+01   1.3000000e+02  -6.4000000e+01   1.4398506e+02
   4.5010815e+01  -1.9184841e+01  -2.1300000e+02   1.3620514e+01   1.3000000e+02  -6.4000000e+01   1.4144483e+02
   4.6078339e+01  -2.1059503e+01  -2.1300000e+02   1.1198135e+01   1.3000000e+02  -6.4000000e+01   1.3950241e+02
   4.9267421e+01  -2.8359844e+01  -2.1300000e+02   7.4626941e+00   1.3000000e+02  -6.4000000e+01   1.3601455e+02
   5.3202543e+01  -2.8281728e+01  -2.1300000e+02   4.3587175e+00   1.3000000e+02  -6.4000000e+01   1.3368515e+02
   5.3724535e+01  -2.6077342e+01  -2.1300000e+02   4.1796552e+00   1.3000000e+02  -6.4000000e+01   1.3075004e+02
   5.4961288e+01  -2.4341444e+01  -2.1300000e+02   4.1929495e+00   1.3000000e+02  -6.4000000e+01   1.2776081e+02
   5.4646416e+01  -2.5448230e+01  -2.1300000e+02   4.2004527e+00   1.3000000e+02  -6.4000000e+01   1.2512192e+02
   5.5168338e+01  -2.7296075e+01  -2.1300000e+02   3.9063680e+00   1.3000000e+02  -6.4000000e+01   1.2161222e+02
   5.5602811e+01  -3.1505332e+01  -2.1300000e+02   2.6859936e+00   1.3000000e+02  -6.4000000e+01   1.1953737e+02
   5.3066064e+01  -3.3714576e+01  -2.1300000e+02   2.0379442e-01   1.3000000e+02  -6.4000000e+01   1.1839466e+02
   4.8444612e+01  -3.1371270e+01  -2.1300000e+02  -4.8103584e+00   1.3000000e+02  -6.4000000e+01   1.2431284e+02
   4.4670591e+01  -2.7340772e+01  -2.1300000e+02  -9.3199784e+00   1.3000000e+02  -6.4000000e+01   1.3142676e+02
   3.8106765e+01  -2.2237677e+01  -2.1300000e+02  -1.1054004e+01   1.3000000e+02  -6.4000000e+01   1.4188296e+02
   3.1716672e+01  -2.0202953e+01  -2.1300000e+02  -6.8691949e+00   1.3000000e+02  -6.4000000e+01   1.5291568e+02
   2.7866741e+01  -1.7026858e+01  -2.1300000e+02  -1.5684904e+00   1.3000000e+02  -6.4000000e+01   1.6432634e+02
   2.5352624e+01  -1.7187935e+01  -2.1300000e+02   8.2609522e-01   1.3000000e+02  -6.4000000e+01   1.7615978e+02
   1.9621159e+01  -1.7742109e+01  -2.1300000e+02   6.4482694e+00   1.3000000e+02  -6.4000000e+01   1.8361262e+02
   1.3922983e+01  -1.7577988e+01  -2.1300000e+02   1.3533519e+01   1.3000000e+02  -6.4000000e+01   1.8479544e+02
   7.3189848e+00  -1.5633619e+01  -2.1300000e+02   2.3211491e+01   1.3000000e+02  -6.4000000e+01   1.8373440e+02
   1.2406143e+00  -1.2216668e+01  -2.1300000e+02   3.4150958e+01   1.3000000e+02  -6.4000000e+01   1.8314421e+02
  -3.0486980e+00  -8.9266540e+00  -2.1300000e+02   4.5903902e+01   1.3000000e+02  -6.4000000e+01   1.8495527e+02
  -4.6320486e+00  -6.4788161e+00  -2.1300000e+02   5.7790336e+01   1.3000000e+02  -6.4000000e+01   1.8633417e+02
  -6.3977333e+00  -2.3437908e+00  -2.1300000e+02   6.9306768e+01   1.3000000e+02  -6.4000000e+01   1.8837264e+02
  -8.8591465e+00   2.0691467e+00  -2.1300000e+02   7.7813392e+01   1.3000000e+02  -6.4000000e+01   1.8912187e+02
  -9.1201388e+00   3.1654519e+00  -2.1300000e+02   7.9802024e+01   1.3000000e+02  -6.4000000e+01   1.8638321e+02
  -6.6131534e+00   1.7418049e+00  -2.1300000e+02   7.7500883e+01   1.3000000e+02  -6.4000000e+01   1.8215229e+02
  -3.8011233e+00   1.3429258e-01  -2.1300000e+02   7.4387963e+01   1.3000000e+02  -6.4000000e+01   1.7880835e+02
  -5.5396322e-01  -2.8991704e+00  -2.1300000e+02   6.8567557e+01   1.3000000e+02  -6.4000000e+01   1.7584981e+02
   4.8848150e+00  -6.7176536e+00  -2.1300000e+02   6.1421349e+01   1.3000000e+02  -6.4000000e+01   1.7215009e+02
   8.5177160e+00  -1.0470506e+01  -2.1300000e+02   5.4298375e+01   1.3000000e+02  -6.4000000e+01   1.6973494e+02
   1.3176700e+01  -1.5032564e+01  -2.1300000e+02   4.7561871e+01   1.3000000e+02  -6.4000000e+01   1.6870921e+02
   1.8150733e+01  -1.8501811e+01  -2.1300000e+02   4.1206930e+01   1.3000000e+02  -6.4000000e+01   1.6755356e+02
   2.1182912e+01  -1.9560217e+01  -2.1300000e+02   3.6380994e+01   1.3000000e+02  -6.4000000e+01   1.6495995e+02
   2.3485204e+01  -1.7897636e+01  -2.1300000e+02   3.4249028e+01   1.3000000e+02  -6.4000000e+01   1.6164230e+02
   2.6780366e+01  -1.8331532e+01  -2.1300000e+02   2.7032616e+01   1.3000000e+02  -6.4000000e+01   1.5704593e+02
   2.8848428e+01  -1.9389561e+01  -2.1300000e+02   2.2733055e+01   1.3000000e+02  -6.4000000e+01   1.5283288e+02
   3.0074564e+01  -1.7441659e+01  -2.1300000e+02   2.0987493e+01   1.3000000e+02  -6.4000000e+01   1.4843301e+02
   3.2271815e+01  -1.9443671e+01  -2.1300000e+02   1.6747315e+01   1.3000000e+02  -6.4000000e+01   1.4371273e+02
   3.6541835e+01  -2.0724138e+01  -2.1300000e+02   1.2891231e+01   1.3000000e+02  -6.4000000e+01   1.4073044e+02
   3.9834743e+01  -2.3328835e+01  -2.1300000e+02   1.0691372e+01   1.3000000e+02  -6.4000000e+01   1.3665791e+02
   4.2402584e+01  -2.1642488e+01  -2.1300000e+02   7.8446641e+00   1.3000000e+02  -6.4000000e+01   1.3367882e+02
   4.7545731e+01  -2.3222227e+01  -2.1300000e+02   2.7069096e+00   1.3000000e+02  -6.4000000e+01   1.3030360e+02
   5.0300963e+01  -2.8056176e+01  -2.1300000e+02   1.7179000e+00   1.3000000e+02  -6.4000000e+01   1.2606530e+02
   5.2924420e+01  -2.7301208e+01  -2.1300000e+02   6.8761165e-02   1.3000000e+02  -6.4000000e+01   1.2253705e+02
   5.2998273e+01  -2.8191587e+01  -2.1300000e+02   7.4425732e-01   1.3000000e+02  -6.4000000e+01   1.1792786e+02
   5.4234379e+01  -3.0236827e+01  -2.1300000e+02  -1.0202337e+00   1.3000000e+02  -6.4000000e+01   1.1372374e+02
   5.5404820e+01  -3.1952966e+01  -2.1300000e+02  -2.0964348e+00   1.3000000e+02  -6.4000000e+01   1.0905985e+02
   5.5842270e+01  -3.4224852e+01  -2.1300000e+02  -1.9657089e+00   1.3000000e+02  -6.4000000e+01   1.0591060e+02
   5.5257129e+01  -3.2145783e+01  -2.1300000e+02   6.9800970e-01   1.3000000e+02  -6.4000000e+01   1.0378455e+02
   5.3476060e+01  -3.2112852e+01  -2.1300000e+02   2.3934553e+00   1.3000000e+02  -6.4000000e+01   1.0018422e+02
   5.1832007e+01  -3.5010121e+01  -2.1300000e+02   4.7612282e-01   1.3000000e+02  -6.4000000e+01   9.9007007e+01
   4.7217876e+01  -3.3939350e+01  -2.1300000e+02  -1.3473421e+00   1.3000000e+02  -6.4000000e+01   1.0074851e+02
   4.4020639e+01  -3.1298656e+01  -2.1300000e+02  -5.4602410e+00   1.3000000e+02  -6.4000000e+01   1.0810217e+02
   3.7543987e+01  -2.6515078e+01  -2.1300000e+02  -1.1946827e+01   1.3000000e+02  -6.4000000e+01   1.1874441e+02
   3.0447707e+01  -1.9368186e+01  -2.1300000e+02  -8.9742822e+00   1.3000000e+02  -6.4000000e+01   1.3058999e+02
   2.3657612e+01  -1.5788941e+01  -2.1300000e+02  -1.4768865e+00   1.3000000e+02  -6.4000000e+01   1.4288557e+02
   1.8072187e+01  -1.3859422e+01  -2.1300000e+02   6.9556944e+00   1.3000000e+02  -6.4000000e+01   1.5526057e+02
   1.4434913e+01  -1.4172087e+01  -2.1300000e+02   1.1446430e+01   1.3000000e+02  -6.4000000e+01   1.6722610e+02
   1.2559833e+01  -1.3392250e+01  -2.1300000e+02   1.1022981e+01   1.3000000e+02  -6.4000000e+01   1.7777907e+02
   9.3957766e+00  -1.1816765e+01  -2.1300000e+02   1.2589193e+01   1.3000000e+02  -6.4000000e+01   1.8428508e+02
   2.8987087e+00  -1.1444302e+01  -2.1300000e+02   1.8897893e+01   1.3000000e+02  -6.4000000e+01   1.8696315e+02
  -1.7696237e+00  -8.0085191e+00  -2.1300000e+02   2.7530948e+01   1.3000000e+02  -6.4000000e+01   1.8696916e+02
  -5.5581361e+00  -5.7451199e+00  -2.1300000e+02   3.8742999e+01   1.3000000e+02  -6.4000000e+01   1.8516922e+02
  -7.1222783e+00  -4.0426240e+00  -2.1300000e+02   5.0841714e+01   1.3000000e+02  -6.4000000e+01   1.8459937e+02
  -5.7553929e+00  -4.9292687e+00  -2.1300000e+02   6.3162050e+01   1.3000000e+02  -6.4000000e+01   1.8791739e+02
  -7.7551142e+00  -5.1895758e-01  -2.1300000e+02   7.4687671e+01   1.3000000e+02  -6.4000000e+01   1.9068062e+02
  -1.1267145e+01   4.7398920e+00  -2.1300000e+02   8.3261930e+01   1.3000000e+02  -6.4000000e+01   1.9211908e+02
  -1.1528011e+01   6.3479597e+00  -2.1300000e+02   8.5549575e+01   1.3000000e+02  -6.4000000e+01   1.9119120e+02
  -9.3123194e+00   4.7876667e+00  -2.1300000e+02   8.2183111e+01   1.3000000e+02  -6.4000000e+01   1.8824303e+02
  -5.6602851e+00   2.8528078e+00  -2.1300000e+02   7.7752462e+01   1.3000000e+02  -6.4000000e+01   1.8421086e+02
  -2.0497456e+00  -6.9841652e-01  -2.1300000e+02   7.2263770e+01   1.3000000e+02  -6.4000000e+01   1.8109170e+02
   1.3370390e+00  -4.2368015e+00  -2.1300000e+02   6.6098089e+01   1.3000000e+02  -6.4000000e+01   1.7774259e+02
   6.1708710e+00  -7.3711698e+00  -2.1300000e+02   6.0386611e+01   1.3000000e+02  -6.4000000e+01   1.7430955e+02
   9.8786535e+00  -1.0210339e+01  -2.1300000e+02   5.4703059e+01   1.3000000e+02  -6.4000000e+01   1.7173053e+02
   1.4361398e+01  -1.3548407e+01  -2.1300000e+02   4.8532829e+01   1.3000000e+02  -6.4000000e+01   1.6989867e+02
   1.8501599e+01  -1.8402226e+01  -2.1300000e+02   4.2785987e+01   1.3000000e+02  -6.4000000e+01   1.6897194e+02
   2.1910745e+01  -1.9504776e+01  -2.1300000e+02   3.9045603e+01   1.3000000e+02  -6.4000000e+01   1.6721403e+02
   2.2892361e+01  -1.8757527e+01  -2.1300000e+02   3.7313550e+01   1.3000000e+02  -6.4000000e+01   1.6466132e+02
   2.5892282e+01  -1.7298054e+01  -2.1300000e+02   3.3087443e+01   1.3000000e+02  -6.4000000e+01   1.6035828e+02
   2.5720849e+01  -1.6079542e+01  -2.1300000e+02   3.2010924e+01   1.3000000e+02  -6.4000000e+01   1.5585620e+02
   2.7462967e+01  -1.8202197e+01  -2.1300000e+02   2.8238146e+01   1.3000000e+02  -6.4000000e+01   1.5279222e+02
   2.9872659e+01  -2.0901212e+01  -2.1300000e+02   2.5121045e+01   1.3000000e+02  -6.4000000e+01   1.5134285e+02
   3.2239908e+01  -2.2649097e+01  -2.1300000e+02   2.0958559e+01   1.3000000e+02  -6.4000000e+01   1.4862262e+02
   3.4763129e+01  -2.4595400e+01  -2.1300000e+02   1.7087074e+01   1.3000000e+02  -6.4000000e+01   1.4535569e+02
   3.6224260e+01  -2.6105346e+01  -2.1300000e+02   1.5382683e+01   1.3000000e+02  -6.4000000e+01   1.4250603e+02
   3.9036163e+01  -2.7915304e+01  -2.1300000e+02   1.2474994e+01   1.3000000e+02  -6.4000000e+01   1.3989524e+02
   4.1400502e+01  -2.9939326e+01  -2.1300000e+02   8.8165357e+00   1.3000000e+02  -6.4000000e+01   1.3660486e+02
   4.2953861e+01  -3.0881635e+01  -2.1300000e+02   7.2467178e+00   1.3000000e+02  -6.4000000e+01   1.3369589e+02
   4.5266364e+01  -3.0320905e+01  -2.1300000e+02   5.5883650e+00   1.3000000e+02  -6.4000000e+01   1.3050049e+02
   4.6116080e+01  -3.2272050e+01  -2.1300000e+02   1.8954294e+00   1.3000000e+02  -6.4000000e+01   1.2770471e+02
   4.6215539e+01  -3.1658547e+01  -2.1300000e+02  -1.2071909e+00   1.3000000e+02  -6.4000000e+01   1.2556955e+02
   4.4298056e+01  -3.0475939e+01  -2.1300000e+02  -2.0753224e+00   1.3000000e+02  -6.4000000e+01   1.2506141e+02
   3.9960807e+01  -2.7003048e+01  -2.1300000e+02  -4.6335870e+00   1.3000000e+02  -6.4000000e+01   1.3117377e+02
   3.2503631e+01  -2.3618924e+01  -2.1300000e+02  -6.9191155e+00   1.3000000e+02  -6.4000000e+01   1.4048451e+02
   3.0174162e+01  -2.0034374e+01  -2.1300000e+02  -6.2863071e+00   1.3000000e+02  -6.4000000e+01   1.5056311e+02
   2.5244419e+01  -1.7699887e+01  -2.1300000e+02  -6.3744029e-01   1.3000000e+02  -6.4000000e+01   1.6173601e+02
   1.8965571e+01  -1.5784511e+01  -2.1300000e+02   9.1717525e+00   1.3000000e+02  -6.4000000e+01   1.7252929e+02
   1.2314503e+01  -1.4178149e+01  -2.1300000e+02   1.8764950e+01   1.3000000e+02  -6.4000000e+01   1.7844709e+02
   5.6455439e+00  -1.1167154e+01  -2.1300000e+02   2.8084227e+01   1.3000000e+02  -6.4000000e+01   1.7998996e+02
  -9.5379672e-01  -6.5728258e+00  -2.1300000e+02   3.7712875e+01   1.3000000e+02  -6.4000000e+01   1.8315332e+02
  -6.7144039e+00  -6.4224257e-01  -2.1300000e+02   4.7749841e+01   1.3000000e+02  -6.4000000e+01   1.8681441e+02
  -1.0826609e+01   3.0245761e+00  -2.1300000e+02   5.8608914e+01   1.3000000e+02  -6.4000000e+01   1.8979331e+02
  -1.3832304e+01   6.1567335e+00  -2.1300000e+02   6.9878883e+01   1.3000000e+02  -6.4000000e+01   1.9400172e+02
  -1.2793637e+01   8.1738819e+00  -2.1300000e+02   8.1148842e+01   1.3000000e+02  -6.4000000e+01   1.9848492e+02
  -1.3030782e+01   1.0577324e+01  -2.1300000e+02   8.9995246e+01   1.3000000e+02  -6.4000000e+01   1.9887657e+02
  -1.2799445e+01   1.1320329e+01  -2.1300000e+02   9.0601093e+01   1.3000000e+02  -6.4000000e+01   1.9792363e+02
  -1.0797792e+01   1.0877775e+01  -2.1300000e+02   8.7091519e+01   1.3000000e+02  -6.4000000e+01   1.9446605e+02
  -7.4887779e+00   7.6779332e+00  -2.1300000e+02   8.2764197e+01   1.3000000e+02  -6.4000000e+01   1.9043860e+02
  -4.3331889e+00   5.1598505e+00  -2.1300000e+02   7.8154653e+01   1.3000000e+02  -6.4000000e+01   1.8786066e+02
  -9.1133724e-01   2.4701088e+00  -2.1300000e+02   7.3546369e+01   1.3000000e+02  -6.4000000e+01   1.8445316e+02
   2.4810061e+00  -3.1732386e-01  -2.1300000e+02   6.8676977e+01   1.3000000e+02  -6.4000000e+01   1.8149584e+02
   6.7091331e+00  -3.2376182e+00  -2.1300000e+02   6.3107515e+01   1.3000000e+02  -6.4000000e+01   1.7841841e+02
   1.0368804e+01  -6.7459434e+00  -2.1300000e+02   5.6698902e+01   1.3000000e+02  -6.4000000e+01   1.7598937e+02
   1.5404498e+01  -1.0945692e+01  -2.1300000e+02   4.9268274e+01   1.3000000e+02  -6.4000000e+01   1.7234666e+02
   2.0680202e+01  -1.5553669e+01  -2.1300000e+02   4.2161060e+01   1.3000000e+02  -6.4000000e+01   1.7111262e+02
   2.3832392e+01  -1.5737448e+01  -2.1300000e+02   3.8062839e+01   1.3000000e+02  -6.4000000e+01   1.6906416e+02
   2.7271231e+01  -1.6099744e+01  -2.1300000e+02   3.3625559e+01   1.3000000e+02  -6.4000000e+01   1.6528699e+02
   2.8436488e+01  -1.5979070e+01  -2.1300000e+02   3.0747575e+01   1.3000000e+02  -6.4000000e+01   1.6097494e+02
   3.2015263e+01  -1.8354699e+01  -2.1300000e+02   2.3343471e+01   1.3000000e+02  -6.4000000e+01   1.5659761e+02
   3.2377389e+01  -1.6072646e+01  -2.1300000e+02   2.2216399e+01   1.3000000e+02  -6.4000000e+01   1.5354310e+02
   3.2971273e+01  -1.2182789e+01  -2.1300000e+02   2.1845063e+01   1.3000000e+02  -6.4000000e+01   1.4893804e+02
   3.8220870e+01  -1.6248150e+01  -2.1300000e+02   1.5355287e+01   1.3000000e+02  -6.4000000e+01   1.4541634e+02
   4.0526119e+01  -1.9470425e+01  -2.1300000e+02   1.3463325e+01   1.3000000e+02  -6.4000000e+01   1.4311746e+02
   4.3145388e+01  -2.0840073e+01  -2.1300000e+02   1.1687032e+01   1.3000000e+02  -6.4000000e+01   1.3997390e+02
   4.6416023e+01  -2.1643039e+01  -2.1300000e+02   8.6655308e+00   1.3000000e+02  -6.4000000e+01   1.3846060e+02
   4.9524638e+01  -2.5481354e+01  -2.1300000e+02   6.5222057e+00   1.3000000e+02  -6.4000000e+01   1.3570732e+02
   5.1533922e+01  -2.5131191e+01  -2.1300000e+02   3.2431760e+00   1.3000000e+02  -6.4000000e+01   1.3254284e+02
   5.2749171e+01  -2.5004291e+01  -2.1300000e+02   1.2230590e+00   1.3000000e+02  -6.4000000e+01   1.2890445e+02
   5.5020287e+01  -2.4152461e+01  -2.1300000e+02   5.1332605e-01   1.3000000e+02  -6.4000000e+01   1.2575503e+02
   5.4008172e+01  -2.4817038e+01  -2.1300000e+02   1.7542813e+00   1.3000000e+02  -6.4000000e+01   1.2231230e+02
   5.3988709e+01  -2.7749428e+01  -2.1300000e+02  -4.8666838e-01   1.3000000e+02  -6.4000000e+01   1.1821744e+02
   5.5237342e+01  -3.1580343e+01  -2.1300000e+02  -2.6189917e+00   1.3000000e+02  -6.4000000e+01   1.1421316e+02
   5.3689954e+01  -2.9468872e+01  -2.1300000e+02  -2.9329828e+00   1.3000000e+02  -6.4000000e+01   1.1231327e+02
   4.9073393e+01  -3.0674377e+01  -2.1300000e+02  -4.8812263e+00   1.3000000e+02  -6.4000000e+01   1.1602976e+02
   4.4427689e+01  -2.6162611e+01  -2.1300000e+02  -9.3057392e+00   1.3000000e+02  -6.4000000e+01   1.2438434e+02
   3.9263965e+01  -2.1622987e+01  -2.1300000e+02  -1.3243905e+01   1.3000000e+02  -6.4000000e+01   1.3460720e+02
   3.2115980e+01  -1.7801638e+01  -2.1300000e+02  -8.8981474e+00   1.3000000e+02  -6.4000000e+01   1.4565106e+02
   2.9191223e+01  -1.7258470e+01  -2.1300000e+02  -5.3129129e+00   1.3000000e+02  -6.4000000e+01   1.5693509e+02
   2.3212482e+01  -1.4840691e+01  -2.1300000e+02   5.3011326e+00   1.3000000e+02  -6.4000000e+01   1.6853033e+02
   1.8740946e+01  -1.5545945e+01  -2.1300000e+02   1.4371550e+01   1.3000000e+02  -6.4000000e+01   1.7729386e+02
   1.2296469e+01  -1.4179986e+01  -2.1300000e+02   2.4475593e+01   1.3000000e+02  -6.4000000e+01   1.8119914e+02
   6.4487027e+00  -9.7506946e+00  -2.1300000e+02   3.4593613e+01   1.3000000e+02  -6.4000000e+01   1.8468298e+02
   9.5654572e-01  -4.2703709e+00  -2.1300000e+02   4.5081089e+01   1.3000000e+02  -6.4000000e+01   1.8892916e+02
  -2.3571350e+00  -1.0259282e+00  -2.1300000e+02   5.6033556e+01   1.3000000e+02  -6.4000000e+01   1.9161095e+02
  -3.0869006e+00   5.3994450e-01  -2.1300000e+02   6.6919409e+01   1.3000000e+02  -6.4000000e+01   1.9524699e+02
  -2.3522128e+00   1.9473551e+00  -2.1300000e+02   7.6412805e+01   1.3000000e+02  -6.4000000e+01   1.9656669e+02
  -2.3255222e+00   3.2234435e+00  -2.1300000e+02   7.7843805e+01   1.3000000e+02  -6.4000000e+01   1.9559959e+02
  -6.0447576e-01   3.2040360e+00  -2.1300000e+02   7.6261805e+01   1.3000000e+02  -6.4000000e+01   1.9222901e+02
   1.4494475e+00   1.1540853e+00  -2.1300000e+02   7.3133887e+01   1.3000000e+02  -6.4000000e+01   1.8964534e+02
   3.4374317e+00  -4.5943869e-01  -2.1300000e+02   6.9401904e+01   1.3000000e+02  -6.4000000e+01   1.8684637e+02
   6.1066783e+00  -3.5037368e+00  -2.1300000e+02   6.5486735e+01   1.3000000e+02  -6.4000000e+01   1.8563350e+02
   9.3115025e+00  -5.7254592e+00  -2.1300000e+02   6.1047817e+01   1.3000000e+02  -6.4000000e+01   1.8415569e+02
   1.2653517e+01  -8.3242451e+00  -2.1300000e+02   5.6960133e+01   1.3000000e+02  -6.4000000e+01   1.8260509e+02
   1.6055710e+01  -1.0729279e+01  -2.1300000e+02   5.2464166e+01   1.3000000e+02  -6.4000000e+01   1.8035989e+02
   2.0224587e+01  -1.4555144e+01  -2.1300000e+02   4.7745105e+01   1.3000000e+02  -6.4000000e+01   1.7924252e+02
   2.3815949e+01  -1.6363754e+01  -2.1300000e+02   4.3935847e+01   1.3000000e+02  -6.4000000e+01   1.7846186e+02
   2.7694500e+01  -1.9201968e+01  -2.1300000e+02   3.8782530e+01   1.3000000e+02  -6.4000000e+01   1.7597808e+02
   3.0793395e+01  -2.1286893e+01  -2.1300000e+02   3.4624821e+01   1.3000000e+02  -6.4000000e+01   1.7477981e+02
   3.2145282e+01  -2.2035834e+01  -2.1300000e+02   3.2524922e+01   1.3000000e+02  -6.4000000e+01   1.7191268e+02
   3.4345482e+01  -2.2075511e+01  -2.1300000e+02   3.0716323e+01   1.3000000e+02  -6.4000000e+01   1.6981361e+02
   3.5628116e+01  -2.1316707e+01  -2.1300000e+02   2.9463189e+01   1.3000000e+02  -6.4000000e+01   1.6637054e+02
   3.5408556e+01  -2.0646041e+01  -2.1300000e+02   2.8507023e+01   1.3000000e+02  -6.4000000e+01   1.6172266e+02
   3.6964621e+01  -1.9964018e+01  -2.1300000e+02   2.7179334e+01   1.3000000e+02  -6.4000000e+01   1.5950754e+02
   3.8254933e+01  -2.0850613e+01  -2.1300000e+02   2.5791374e+01   1.3000000e+02  -6.4000000e+01   1.5769007e+02
   3.9176249e+01  -2.2022977e+01  -2.1300000e+02   2.4353776e+01   1.3000000e+02  -6.4000000e+01   1.5563324e+02
   4.0182368e+01  -2.2252663e+01  -2.1300000e+02   2.1774190e+01   1.3000000e+02  -6.4000000e+01   1.5314726e+02
   3.9329869e+01  -2.3000953e+01  -2.1300000e+02   2.2136907e+01   1.3000000e+02  -6.4000000e+01   1.5124559e+02
   4.0523131e+01  -2.3721564e+01  -2.1300000e+02   2.0846499e+01   1.3000000e+02  -6.4000000e+01   1.4878399e+02
   4.0562634e+01  -2.4251826e+01  -2.1300000e+02   2.0152744e+01   1.3000000e+02  -6.4000000e+01   1.4607253e+02
   4.2292827e+01  -2.6777418e+01  -2.1300000e+02   1.8290251e+01   1.3000000e+02  -6.4000000e+01   1.4391331e+02
   4.3090471e+01  -2.7988430e+01  -2.1300000e+02   1.6894512e+01   1.3000000e+02  -6.4000000e+01   1.4173997e+02
   4.3851661e+01  -2.8546978e+01  -2.1300000e+02   1.6593927e+01   1.3000000e+02  -6.4000000e+01   1.3973007e+02
   4.4241399e+01  -2.8582297e+01  -2.1300000e+02   1.5342921e+01   1.3000000e+02  -6.4000000e+01   1.3805962e+02
   4.4861537e+01  -2.8829549e+01  -2.1300000e+02   1.5884131e+01   1.3000000e+02  -6.4000000e+01   1.3672586e+02
   4.5774374e+01  -2.9927479e+01  -2.1300000e+02   1.4533657e+01   1.3000000e+02  -6.4000000e+01   1.3499609e+02
   4.6446868e+01  -3.2185376e+01  -2.1300000e+02   1.4032510e+01   1.3000000e+02  -6.4000000e+01   1.3391503e+02
   4.6890292e+01  -3.2559644e+01  -2.1300000e+02   1.3428157e+01   1.3000000e+02  -6.4000000e+01   1.3184941e+02
   4.7357506e+01  -3.3192356e+01  -2.1300000e+02   1.3215550e+01   1.3000000e+02  -6.4000000e+01   1.3016860e+02
   4.8451619e+01  -3.3396894e+01  -2.1300000e+02   1.3444068e+01   1.3000000e+02  -6.4000000e+01   1.2868726e+02
   4.9059826e+01  -3.4164630e+01  -2.1300000e+02   1.2671782e+01   1.3000000e+02  -6.4000000e+01   1.2706845e+02
   4.9555047e+01  -3.4468440e+01  -2.1300000e+02   1.2367995e+01   1.3000000e+02  -6.4000000e+01   1.2554129e+02
   5.0757883e+01  -3.5858077e+01  -2.1300000e+02   1.2394441e+01   1.3000000e+02  -6.4000000e+01   1.2313043e+02
   5.1563118e+01  -3.8073186e+01  -2.1300000e+02   1.1974492e+01   1.3000000e+02  -6.4000000e+01   1.2039551e+02
   5.3115368e+01  -3.8244185e+01  -2.1300000e+02   1.1712728e+01   1.3000000e+02  -6.4000000e+01   1.1871610e+02
   5.2829806e+01  -3.8621576e+01  -2.1300000e+02   1.1393566e+01   1.3000000e+02  -6.4000000e+01   1.1711367e+02
   5.2509550e+01  -3.8121835e+01  -2.1300000e+02   1.0509705e+01   1.3000000e+02  -6.4000000e+01   1.1660863e+02
   5.3089978e+01  -3.7093613e+01  -2.1300000e+02   9.8517752e+00   1.3000000e+02  -6.4000000e+01   1.1541517e+02
   5.2254129e+01  -3.5709737e+01  -2.1300000e+02   7.3848862e+00   1.3000000e+02  -6.4000000e+01   1.1503581e+02
   4.9059578e+01  -3.2867831e+01  -2.1300000e+02   2.4036807e+00   1.3000000e+02  -6.4000000e+01   1.1855896e+02
   4.4991885e+01  -2.9707844e+01  -2.1300000e+02  -3.9274915e+00   1.3000000e+02  -6.4000000e+01   1.2626060e+02
   4.0458635e+01  -2.5613960e+01  -2.1300000e+02  -8.5141254e+00   1.3000000e+02  -6.4000000e+01   1.3505771e+02
   3.4500013e+01  -1.8235549e+01  -2.1300000e+02  -6.5056216e+00   1.3000000e+02  -6.4000000e+01   1.4546156e+02
   2.8921981e+01  -1.9323031e+01  -2.1300000e+02  -1.5971838e+00   1.3000000e+02  -6.4000000e+01   1.5626503e+02
   2.0689304e+01  -1.9468650e+01  -2.1300000e+02   7.4080801e+00   1.3000000e+02  -6.4000000e+01   1.6548426e+02
   1.3476091e+01  -1.8889727e+01  -2.1300000e+02   1.6143905e+01   1.3000000e+02  -6.4000000e+01   1.6978954e+02
   8.9480284e+00  -1.8263942e+01  -2.1300000e+02   2.5528963e+01   1.3000000e+02  -6.4000000e+01   1.7304994e+02
   4.4691086e+00  -1.4966466e+01  -2.1300000e+02   3.5723532e+01   1.3000000e+02  -6.4000000e+01   1.7572861e+02
   1.1158434e+00  -1.1682857e+01  -2.1300000e+02   4.7178489e+01   1.3000000e+02  -6.4000000e+01   1.7990499e+02
   1.6145086e+00  -1.0355240e+01  -2.1300000e+02   5.8855452e+01   1.3000000e+02  -6.4000000e+01   1.8269259e+02
  -1.0463688e+00  -5.4244793e+00  -2.1300000e+02   6.8031024e+01   1.3000000e+02  -6.4000000e+01   1.8397360e+02
  -2.4734738e+00  -2.7632966e+00  -2.1300000e+02   7.0693848e+01   1.3000000e+02  -6.4000000e+01   1.8268939e+02
  -1.3511873e+00  -2.4616020e+00  -2.1300000e+02   7.0463883e+01   1.3000000e+02  -6.4000000e+01   1.8037310e+02
   6.7188280e-01  -4.5738081e+00  -2.1300000e+02   6.6969985e+01   1.3000000e+02  -6.4000000e+01   1.7734578e+02
   3.2639543e+00  -5.7492696e+00  -2.1300000e+02   6.3369288e+01   1.3000000e+02  -6.4000000e+01   1.7525492e+02
   6.9247190e+00  -8.7073351e+00  -2.1300000e+02   5.8437709e+01   1.3000000e+02  -6.4000000e+01   1.7291098e+02
   1.1107266e+01  -1.1363790e+01  -2.1300000e+02   5.2627890e+01   1.3000000e+02  -6.4000000e+01   1.7087335e+02
   1.5386083e+01  -1.5414997e+01  -2.1300000e+02   4.6377773e+01   1.3000000e+02  -6.4000000e+01   1.6942733e+02
   2.0237654e+01  -1.8311107e+01  -2.1300000e+02   3.9755012e+01   1.3000000e+02  -6.4000000e+01   1.6742860e+02
   2.4837219e+01  -2.1421229e+01  -2.1300000e+02   3.4302851e+01   1.3000000e+02  -6.4000000e+01   1.6663060e+02
   2.9369587e+01  -2.4045295e+01  -2.1300000e+02   3.0517141e+01   1.3000000e+02  -6.4000000e+01   1.6529724e+02
   3.0935978e+01  -2.5053526e+01  -2.1300000e+02   2.7860168e+01   1.3000000e+02  -6.4000000e+01   1.6215050e+02
   3.2223383e+01  -2.2668163e+01  -2.1300000e+02   2.6814044e+01   1.3000000e+02  -6.4000000e+01   1.5896259e+02
   3.3889835e+01  -2.0881910e+01  -2.1300000e+02   2.5440827e+01   1.3000000e+02  -6.4000000e+01   1.5652550e+02
   3.4832743e+01  -2.0618786e+01  -2.1300000e+02   2.2727225e+01   1.3000000e+02  -6.4000000e+01   1.5216232e+02
   3.7110440e+01  -2.0349167e+01  -2.1300000e+02   2.1507566e+01   1.3000000e+02  -6.4000000e+01   1.4923803e+02
   3.7921902e+01  -2.0367480e+01  -2.1300000e+02   2.0038787e+01   1.3000000e+02  -6.4000000e+01   1.4704369e+02
   4.1850840e+01  -1.9616851e+01  -2.1300000e+02   1.6408622e+01   1.3000000e+02  -6.4000000e+01   1.4505528e+02
   4.3299190e+01  -2.1972470e+01  -2.1300000e+02   1.5874823e+01   1.3000000e+02  -6.4000000e+01   1.4353563e+02
   4.5729752e+01  -2.5055990e+01  -2.1300000e+02   1.3317818e+01   1.3000000e+02  -6.4000000e+01   1.4119555e+02
   4.7344172e+01  -2.4680745e+01  -2.1300000e+02   1.3107787e+01   1.3000000e+02  -6.4000000e+01   1.3927086e+02
   4.8919686e+01  -2.3902355e+01  -2.1300000e+02   1.1630909e+01   1.3000000e+02  -6.4000000e+01   1.3694035e+02
   5.0911414e+01  -2.5875128e+01  -2.1300000e+02   1.0399722e+01   1.3000000e+02  -6.4000000e+01   1.3446802e+02
   5.2614688e+01  -2.5731278e+01  -2.1300000e+02   1.0517664e+01   1.3000000e+02  -6.4000000e+01   1.3183016e+02
   5.3553892e+01  -2.5791029e+01  -2.1300000e+02   1.0615818e+01   1.3000000e+02  -6.4000000e+01   1.2971206e+02
   5.5973298e+01  -2.7305051e+01  -2.1300000e+02   8.9681415e+00   1.3000000e+02  -6.4000000e+01   1.2757398e+02
   5.6989911e+01  -3.1153717e+01  -2.1300000e+02   7.5662482e+00   1.3000000e+02  -6.4000000e+01   1.2469403e+02
   5.7722540e+01  -3.1468375e+01  -2.1300000e+02   6.8483765e+00   1.3000000e+02  -6.4000000e+01   1.2187813e+02
   5.7743327e+01  -3.1817228e+01  -2.1300000e+02   6.0195757e+00   1.3000000e+02  -6.4000000e+01   1.1806710e+02
   5.6974938e+01  -3.2395085e+01  -2.1300000e+02   4.3423437e+00   1.3000000e+02  -6.4000000e+01   1.1492067e+02
   5.2043902e+01  -3.2661149e+01  -2.1300000e+02   2.1193902e+00   1.3000000e+02  -6.4000000e+01   1.1496252e+02
   4.6579718e+01  -2.9359043e+01  -2.1300000e+02  -3.7807532e+00   1.3000000e+02  -6.4000000e+01   1.2127568e+02
   4.2513923e+01  -2.5443150e+01  -2.1300000e+02  -1.0541522e+01   1.3000000e+02  -6.4000000e+01   1.2957053e+02
   3.6801809e+01  -2.0635081e+01  -2.1300000e+02  -1.1547795e+01   1.3000000e+02  -6.4000000e+01   1.3926661e+02
