   2.4241495e+01  -9.0929939e+00  -1.8673355e+02   4.1776114e+00   9.0943575e+01  -6.0820843e+01   1.5713383e+02
   2.3041298e+01  -1.7373655e+01  -2.0054829e+02   1.1569270e+01   1.0368613e+02  -6.4242587e+01   1.6974298e+02
   2.6485694e+01  -2.5095763e+01  -2.1347871e+02   1.8857073e+01   1.1608646e+02  -6.7519064e+01   1.8206337e+02
   2.9000000e+01  -2.6940062e+01  -2.1300000e+02   1.8493185e+01   1.1607006e+02  -6.1753770e+01   1.8915551e+02
   2.9000000e+01  -2.8553242e+01  -2.1300000e+02   1.9050581e+01   1.1338984e+02  -5.5338509e+01   1.9421950e+02
   2.9000000e+01  -2.8581192e+01  -2.1300000e+02   1.9696937e+01   1.1097580e+02  -4.8841073e+01   1.9718586e+02
   2.9000000e+01  -2.9935529e+01  -2.1300000e+02   2.0716378e+01   1.0933497e+02  -4.2138451e+01   2.0027777e+02
   2.9000000e+01  -3.1182618e+01  -2.1300000e+02   2.2192301e+01   1.0866883e+02  -3.5084356e+01   2.0170710e+02
   2.9000000e+01  -3.2145838e+01  -2.1300000e+02   1.9753632e+01   1.0721339e+02  -3.0818439e+01   2.0225118e+02
   2.9000000e+01  -3.1749865e+01  -2.1300000e+02   1.7162601e+01   1.0599621e+02  -2.6779381e+01   2.0292549e+02
   2.9000000e+01  -3.1680647e+01  -2.1300000e+02   1.4251289e+01   1.0545473e+02  -2.3643072e+01   2.0155953e+02
   2.9000000e+01  -3.1350767e+01  -2.1300000e+02   1.1082375e+01   1.0617952e+02  -2.1516381e+01   2.0022580e+02
   2.9000000e+01  -3.0973137e+01  -2.1300000e+02   8.6351078e+00   1.0712738e+02  -1.9411223e+01   1.9748472e+02
   2.9000000e+01  -2.7650071e+01  -2.1300000e+02   6.8305283e+00   1.0818646e+02  -1.7893124e+01   1.9373441e+02
   2.9000000e+01  -2.7474481e+01  -2.1300000e+02   4.7432705e+00   1.1032286e+02  -1.8082352e+01   1.9018566e+02
   2.9000000e+01  -2.7645997e+01  -2.1300000e+02   2.5510674e+00   1.1332576e+02  -1.9026330e+01   1.8558048e+02
   2.9000000e+01  -2.6740360e+01  -2.1300000e+02   1.4390652e+00   1.1702137e+02  -2.0721841e+01   1.8123315e+02
   2.9000000e+01  -2.6162082e+01  -2.1300000e+02   1.9710548e-01   1.2030584e+02  -2.2398864e+01   1.7765871e+02
   2.9000000e+01  -2.5491904e+01  -2.1300000e+02   1.2567449e+00   1.2250050e+02  -2.5351020e+01   1.7312803e+02
   2.9000000e+01  -2.3351583e+01  -2.1300000e+02   2.0050888e+00   1.2529209e+02  -2.9391183e+01   1.7041940e+02
   2.9000000e+01  -2.0242288e+01  -2.1300000e+02   4.0274966e+00   1.2550242e+02  -3.2821077e+01   1.6504904e+02
   2.9000000e+01  -2.1508010e+01  -2.1300000e+02   3.6273649e+00   1.2993792e+02  -3.8356031e+01   1.5841304e+02
   2.9000000e+01  -1.9212426e+01  -2.1300000e+02   6.0783114e+00   1.3199621e+02  -4.3295677e+01   1.5405125e+02
   2.9000000e+01  -1.3747129e+01  -2.1300000e+02   7.9717660e+00   1.2972685e+02  -4.5555009e+01   1.5055439e+02
   2.9000000e+01  -1.2148914e+01  -2.1300000e+02   8.3270134e+00   1.3025736e+02  -4.8961355e+01   1.4484958e+02
   2.9000000e+01  -1.1473622e+01  -2.1300000e+02   9.4989481e+00   1.3139201e+02  -5.1491666e+01   1.4039655e+02
   2.9000000e+01  -1.0509929e+01  -2.1300000e+02   1.1447666e+01   1.3242898e+02  -5.3407888e+01   1.3779222e+02
   2.9000000e+01  -7.6684932e+00  -2.1300000e+02   1.2852455e+01   1.3246212e+02  -5.5031108e+01   1.3463265e+02
   2.9000000e+01  -8.3909103e+00  -2.1300000e+02   1.3502054e+01   1.3264993e+02  -5.6680882e+01   1.3263293e+02
   2.9000000e+01  -1.2805815e+01  -2.1300000e+02   1.3017782e+01   1.3381062e+02  -5.8494317e+01   1.2970041e+02
   2.9000000e+01  -9.7717301e+00  -2.1300000e+02   1.2151175e+01   1.3510599e+02  -6.0132710e+01   1.2596714e+02
   2.9000000e+01  -7.0081446e+00  -2.1300000e+02   1.1975481e+01   1.3623167e+02  -6.1038160e+01   1.2245724e+02
   2.9000000e+01  -4.8438226e+00  -2.1300000e+02   1.1895961e+01   1.3739892e+02  -6.1910995e+01   1.1883070e+02
   2.9000000e+01  -5.3853642e+00  -2.1300000e+02   1.2047911e+01   1.3862803e+02  -6.2874435e+01   1.1607790e+02
   2.9000000e+01  -6.6887199e+00  -2.1300000e+02   1.2198419e+01   1.3991553e+02  -6.3859073e+01   1.1334947e+02
   2.9000000e+01  -1.0032147e+01  -2.1300000e+02   1.1684122e+01   1.4143865e+02  -6.5482269e+01   1.1206446e+02
   2.9000000e+01  -1.4769675e+01  -2.1300000e+02   1.0331443e+01   1.4347658e+02  -6.8284980e+01   1.1194305e+02
   2.9000000e+01  -1.7163780e+01  -2.1300000e+02   6.3867872e+00   1.4709568e+02  -7.2756523e+01   1.1757744e+02
   2.9000000e+01  -1.7871874e+01  -2.1300000e+02   1.3418492e+00   1.5235257e+02  -7.7068064e+01   1.2625517e+02
   2.9000000e+01  -1.8015354e+01  -2.1300000e+02  -1.9173580e+00   1.5248938e+02  -7.8572925e+01   1.3709951e+02
   2.9000000e+01  -1.9779739e+01  -2.1300000e+02  -1.0074682e+00   1.4768676e+02  -7.6425172e+01   1.4864438e+02
   2.9000000e+01  -1.8734574e+01  -2.1300000e+02   7.3181946e-01   1.4360934e+02  -7.3426926e+01   1.6056740e+02
   2.9000000e+01  -1.9791188e+01  -2.1300000e+02   1.3662043e+00   1.3885487e+02  -7.1548762e+01   1.7257325e+02
   2.9000000e+01  -2.2615546e+01  -2.1300000e+02   3.3356962e+00   1.3284995e+02  -6.7548231e+01   1.8320515e+02
   2.9000000e+01  -2.5251917e+01  -2.1300000e+02   6.1793144e+00   1.2666605e+02  -6.2385394e+01   1.9164547e+02
   2.9000000e+01  -2.7268261e+01  -2.1300000e+02   9.0636374e+00   1.2056829e+02  -5.6487656e+01   1.9692013e+02
   2.9000000e+01  -2.7888714e+01  -2.1300000e+02   1.1631379e+01   1.1550676e+02  -5.0167153e+01   2.0002405e+02
   2.9000000e+01  -2.8518133e+01  -2.1300000e+02   1.4353325e+01   1.1238790e+02  -4.3326716e+01   2.0285377e+02
   2.9000000e+01  -2.9725343e+01  -2.1300000e+02   1.6935507e+01   1.1047516e+02  -3.6132438e+01   2.0385053e+02
   2.9000000e+01  -2.9785904e+01  -2.1300000e+02   1.7052236e+01   1.0925054e+02  -3.0181495e+01   2.0431920e+02
   2.9000000e+01  -2.9456985e+01  -2.1300000e+02   1.4703706e+01   1.0787842e+02  -2.6277336e+01   2.0380204e+02
   2.9000000e+01  -2.9545811e+01  -2.1300000e+02   1.2042346e+01   1.0682378e+02  -2.3197752e+01   2.0194460e+02
   2.9000000e+01  -2.8778140e+01  -2.1300000e+02   9.8572470e+00   1.0623677e+02  -2.0436994e+01   1.9891459e+02
   2.9000000e+01  -2.7640684e+01  -2.1300000e+02   8.1423644e+00   1.0677069e+02  -1.8218800e+01   1.9562967e+02
   2.9000000e+01  -2.7563176e+01  -2.1300000e+02   5.9044649e+00   1.0762974e+02  -1.7080115e+01   1.9338518e+02
   2.9000000e+01  -2.6079959e+01  -2.1300000e+02   4.1182359e+00   1.0928772e+02  -1.6391207e+01   1.8873959e+02
   2.9000000e+01  -2.6487275e+01  -2.1300000e+02   1.8804525e+00   1.1268899e+02  -1.7379179e+01   1.8475721e+02
   2.9000000e+01  -2.6947917e+01  -2.1300000e+02   3.0477140e-01   1.1576394e+02  -1.8951791e+01   1.8160718e+02
   2.9000000e+01  -2.6324632e+01  -2.1300000e+02  -9.8747158e-02   1.1833348e+02  -2.1565359e+01   1.7733815e+02
   2.9000000e+01  -2.5036836e+01  -2.1300000e+02  -4.2869303e-01   1.2098377e+02  -2.4685974e+01   1.7231794e+02
   2.9000000e+01  -2.1955609e+01  -2.1300000e+02   1.5367144e+00   1.2371107e+02  -2.8628414e+01   1.6722219e+02
   2.9000000e+01  -2.0249247e+01  -2.1300000e+02   8.6674101e-01   1.2696161e+02  -3.4714084e+01   1.5968050e+02
   2.9000000e+01  -2.0021506e+01  -2.1300000e+02   1.2304132e+00   1.2961343e+02  -3.9810522e+01   1.5332148e+02
   2.9000000e+01  -1.6993159e+01  -2.1300000e+02   5.7124385e+00   1.2910655e+02  -4.5942974e+01   1.4829642e+02
   2.9000000e+01  -1.7540287e+01  -2.1300000e+02   6.7396142e+00   1.3141711e+02  -5.1225915e+01   1.4253162e+02
   2.9000000e+01  -1.5765646e+01  -2.1300000e+02   7.5837462e+00   1.3225240e+02  -5.4373297e+01   1.3818940e+02
   2.9000000e+01  -1.5788743e+01  -2.1300000e+02   8.7346801e+00   1.3324450e+02  -5.6340233e+01   1.3375875e+02
   2.9000000e+01  -1.2114156e+01  -2.1300000e+02   8.9715231e+00   1.3296582e+02  -5.7898340e+01   1.3057690e+02
   2.9000000e+01  -9.5543957e+00  -2.1300000e+02   8.2731922e+00   1.3244888e+02  -5.9235984e+01   1.2536986e+02
   2.9000000e+01  -1.1753240e+01  -2.1300000e+02   7.7187068e+00   1.3279500e+02  -6.0147799e+01   1.2084391e+02
   2.9000000e+01  -9.2095213e+00  -2.1300000e+02   6.9337622e+00   1.3330992e+02  -6.1155545e+01   1.1623897e+02
   2.9000000e+01  -9.3298053e+00  -2.1300000e+02   6.2237046e+00   1.3424045e+02  -6.1608271e+01   1.1265517e+02
   2.9000000e+01  -1.0443763e+01  -2.1300000e+02   5.0673737e+00   1.3542838e+02  -6.2329965e+01   1.0779332e+02
   2.9000000e+01  -1.1557721e+01  -2.1300000e+02   3.9110428e+00   1.3661632e+02  -6.3051660e+01   1.0293146e+02
   2.9000000e+01  -1.3221967e+01  -2.1300000e+02   3.0214044e+00   1.3788828e+02  -6.3713196e+01   9.9464595e+01
   2.9000000e+01  -1.1184774e+01  -2.1300000e+02   2.5215792e+00   1.3874391e+02  -6.3893420e+01   9.7743531e+01
   2.9000000e+01  -1.2787591e+01  -2.1300000e+02   2.1055590e+00   1.3958479e+02  -6.4029319e+01   9.5970076e+01
   2.9000000e+01  -1.7271539e+01  -2.1300000e+02   1.7294621e+00   1.4040750e+02  -6.4195578e+01   9.4378057e+01
   2.9000000e+01  -2.0222898e+01  -2.1300000e+02   1.2206217e+00   1.4106095e+02  -6.4751176e+01   9.6238763e+01
   2.9000000e+01  -2.0596066e+01  -2.1300000e+02  -1.2237301e+00   1.4247200e+02  -6.6912088e+01   1.0328953e+02
   2.9000000e+01  -2.1233373e+01  -2.1300000e+02  -7.1548876e+00   1.4478342e+02  -7.0728396e+01   1.1436255e+02
   2.9000000e+01  -1.9130193e+01  -2.1300000e+02  -7.6110386e+00   1.4692476e+02  -6.9561668e+01   1.2667834e+02
   2.9000000e+01  -1.9908584e+01  -2.1300000e+02  -5.6979931e+00   1.4256442e+02  -6.6547109e+01   1.3914904e+02
   2.9000000e+01  -2.0454257e+01  -2.1300000e+02  -3.5597059e+00   1.3824064e+02  -6.3441004e+01   1.5139292e+02
   2.9000000e+01  -2.1938917e+01  -2.1300000e+02  -2.8879437e+00   1.3560281e+02  -6.1411102e+01   1.6327315e+02
   2.9000000e+01  -2.1836735e+01  -2.1300000e+02  -3.9175357e+00   1.3400070e+02  -6.0580445e+01   1.7486268e+02
   2.9000000e+01  -2.1937931e+01  -2.1300000e+02  -4.0159727e+00   1.3210245e+02  -5.8714328e+01   1.8572579e+02
   2.9000000e+01  -2.5459321e+01  -2.1300000e+02  -2.7958393e+00   1.2853394e+02  -5.5525077e+01   1.9511048e+02
   2.9000000e+01  -2.5585084e+01  -2.1300000e+02  -3.3541850e-01   1.2284815e+02  -5.0682506e+01   2.0188166e+02
   2.9000000e+01  -2.6433409e+01  -2.1300000e+02   3.6993558e+00   1.1699808e+02  -4.4265740e+01   2.0380004e+02
   2.9000000e+01  -2.7357552e+01  -2.1300000e+02   8.6663931e+00   1.1316767e+02  -3.6843385e+01   2.0336000e+02
   2.9000000e+01  -2.9941912e+01  -2.1300000e+02   1.4005572e+01   1.1162104e+02  -2.8839990e+01   2.0504045e+02
   2.9000000e+01  -3.0209986e+01  -2.1300000e+02   1.3735292e+01   1.0929340e+02  -2.3882177e+01   2.0541413e+02
   2.9000000e+01  -3.0248218e+01  -2.1300000e+02   1.1099794e+01   1.0736968e+02  -2.0709400e+01   2.0558603e+02
   2.9000000e+01  -2.9399407e+01  -2.1300000e+02   8.7810586e+00   1.0611872e+02  -1.7779501e+01   2.0448571e+02
   2.9000000e+01  -2.8999945e+01  -2.1300000e+02   6.5252138e+00   1.0585598e+02  -1.5695368e+01   2.0320467e+02
   2.9000000e+01  -2.7155987e+01  -2.1300000e+02   5.0033704e+00   1.0555831e+02  -1.3786158e+01   2.0048033e+02
   2.9000000e+01  -2.6951370e+01  -2.1300000e+02   3.6212822e+00   1.0618055e+02  -1.2633859e+01   1.9806434e+02
   2.9000000e+01  -2.6899042e+01  -2.1300000e+02   1.8939885e+00   1.0722338e+02  -1.2367792e+01   1.9500914e+02
   2.9000000e+01  -2.5529922e+01  -2.1300000e+02   1.1613458e+00   1.0902451e+02  -1.2067081e+01   1.9066065e+02
   2.9000000e+01  -2.5149812e+01  -2.1300000e+02   1.0562941e-01   1.1184813e+02  -1.2936972e+01   1.8676253e+02
   2.9000000e+01  -2.4743518e+01  -2.1300000e+02  -7.9634456e-01   1.1549495e+02  -1.5195520e+01   1.8220038e+02
   2.9000000e+01  -2.6296970e+01  -2.1300000e+02  -1.6409435e+00   1.1915076e+02  -1.8036025e+01   1.7847786e+02
   2.9000000e+01  -2.4806114e+01  -2.1300000e+02  -6.2332606e-01   1.2174340e+02  -2.1453946e+01   1.7426106e+02
   2.9000000e+01  -2.3107179e+01  -2.1300000e+02   1.2165187e+00   1.2184107e+02  -2.4480167e+01   1.7037458e+02
   2.9000000e+01  -1.9253701e+01  -2.1300000e+02   2.9228690e+00   1.2111515e+02  -2.7746125e+01   1.6429293e+02
   2.9000000e+01  -1.8143858e+01  -2.1300000e+02   5.0160817e+00   1.2157216e+02  -3.1948130e+01   1.5952519e+02
   2.9000000e+01  -1.9246494e+01  -2.1300000e+02   6.2051924e+00   1.2453841e+02  -3.7828622e+01   1.5491163e+02
   2.9000000e+01  -2.0522566e+01  -2.1300000e+02   8.6312445e+00   1.2759807e+02  -4.4062365e+01   1.5152421e+02
   2.9000000e+01  -2.0665076e+01  -2.1300000e+02   1.0689910e+01   1.2896563e+02  -4.9840173e+01   1.4726130e+02
   2.9000000e+01  -2.0775750e+01  -2.1300000e+02   1.2470995e+01   1.2930306e+02  -5.4560585e+01   1.4271201e+02
   2.9000000e+01  -2.1249298e+01  -2.1300000e+02   1.4507183e+01   1.3055554e+02  -5.8421295e+01   1.3918248e+02
   2.9000000e+01  -2.1130368e+01  -2.1300000e+02   1.5598581e+01   1.3223504e+02  -6.2188020e+01   1.3507554e+02
   2.9000000e+01  -2.1393187e+01  -2.1300000e+02   1.5747833e+01   1.3344616e+02  -6.5408846e+01   1.3144895e+02
   2.9000000e+01  -2.1001841e+01  -2.1300000e+02   1.6612389e+01   1.3459982e+02  -6.7826728e+01   1.2814116e+02
   2.9000000e+01  -1.8668279e+01  -2.1300000e+02   1.7502808e+01   1.3554260e+02  -6.9954781e+01   1.2454610e+02
   2.9000000e+01  -1.9768118e+01  -2.1300000e+02   1.7096383e+01   1.3629135e+02  -7.2653333e+01   1.2146810e+02
   2.9000000e+01  -1.9115487e+01  -2.1300000e+02   1.6242509e+01   1.3722687e+02  -7.5190260e+01   1.1914936e+02
   2.9000000e+01  -1.9406260e+01  -2.1300000e+02   1.5937292e+01   1.3856937e+02  -7.7414054e+01   1.1860274e+02
   2.9000000e+01  -1.9979730e+01  -2.1300000e+02   1.2537780e+01   1.4153754e+02  -8.0688776e+01   1.2538383e+02
   2.9000000e+01  -2.1735626e+01  -2.1300000e+02   8.7062628e+00   1.4094775e+02  -8.3863952e+01   1.3623126e+02
   2.9000000e+01  -2.0132939e+01  -2.1300000e+02   7.6622522e+00   1.4219880e+02  -8.4051250e+01   1.4747607e+02
   2.9000000e+01  -2.0567759e+01  -2.1300000e+02   7.6446204e+00   1.3974118e+02  -7.9665182e+01   1.5935072e+02
   2.9000000e+01  -2.1448074e+01  -2.1300000e+02   9.5050871e+00   1.3585886e+02  -7.3777237e+01   1.7043491e+02
   2.9000000e+01  -2.2874423e+01  -2.1300000e+02   1.1682556e+01   1.3193878e+02  -6.7583848e+01   1.8067211e+02
   2.9000000e+01  -2.4223035e+01  -2.1300000e+02   1.3047390e+01   1.2696635e+02  -6.2117257e+01   1.8858225e+02
   2.9000000e+01  -2.4113196e+01  -2.1300000e+02   1.3884569e+01   1.2196591e+02  -5.6625878e+01   1.9577039e+02
   2.9000000e+01  -2.2901674e+01  -2.1300000e+02   1.4340516e+01   1.1748075e+02  -5.1082620e+01   2.0145612e+02
   2.9000000e+01  -2.3658033e+01  -2.1300000e+02   1.5217886e+01   1.1362934e+02  -4.4977293e+01   2.0463244e+02
   2.9000000e+01  -2.5450378e+01  -2.1300000e+02   1.6044759e+01   1.1095670e+02  -3.8678064e+01   2.0684485e+02
   2.9000000e+01  -2.6755489e+01  -2.1300000e+02   1.8051330e+01   1.0924893e+02  -3.1305726e+01   2.0914964e+02
   2.9000000e+01  -2.7989223e+01  -2.1300000e+02   1.7505453e+01   1.0781623e+02  -2.5752523e+01   2.0888074e+02
   2.9000000e+01  -2.8461752e+01  -2.1300000e+02   1.4560358e+01   1.0657664e+02  -2.2254086e+01   2.0943151e+02
   2.9000000e+01  -2.7336823e+01  -2.1300000e+02   1.1358463e+01   1.0614924e+02  -1.9246599e+01   2.0860473e+02
   2.9000000e+01  -2.6071866e+01  -2.1300000e+02   9.0601392e+00   1.0617288e+02  -1.6282130e+01   2.0600940e+02
   2.9000000e+01  -2.5218461e+01  -2.1300000e+02   7.0514368e+00   1.0663934e+02  -1.4058889e+01   2.0460323e+02
   2.9000000e+01  -2.3817973e+01  -2.1300000e+02   5.4519034e+00   1.0724105e+02  -1.2345002e+01   2.0142058e+02
   2.9000000e+01  -2.2456762e+01  -2.1300000e+02   4.3946324e+00   1.0780418e+02  -1.1879886e+01   1.9818024e+02
   2.9000000e+01  -2.1296953e+01  -2.1300000e+02   3.7791672e+00   1.0932586e+02  -1.2057973e+01   1.9417133e+02
   2.9000000e+01  -2.1464815e+01  -2.1300000e+02   2.6144411e+00   1.1160642e+02  -1.3458179e+01   1.9090501e+02
   2.9000000e+01  -2.1609055e+01  -2.1300000e+02   1.5890767e+00   1.1591178e+02  -1.6537055e+01   1.8477906e+02
   2.9000000e+01  -2.2199777e+01  -2.1300000e+02   8.0291937e-01   1.2150577e+02  -2.0868413e+01   1.7934465e+02
   2.9000000e+01  -2.0003172e+01  -2.1300000e+02   2.0871371e+00   1.2386181e+02  -2.4649634e+01   1.7474514e+02
   2.9000000e+01  -1.7518658e+01  -2.1300000e+02   3.9199483e+00   1.2384575e+02  -2.8360048e+01   1.6837370e+02
   2.9000000e+01  -1.6681016e+01  -2.1300000e+02   5.0667698e+00   1.2630391e+02  -3.3638797e+01   1.6258141e+02
   2.9000000e+01  -1.6756397e+01  -2.1300000e+02   4.6002494e+00   1.2849631e+02  -3.9498847e+01   1.5576757e+02
   2.9000000e+01  -1.4170965e+01  -2.1300000e+02   6.1550928e+00   1.2943518e+02  -4.2829092e+01   1.5206099e+02
   2.9000000e+01  -9.6651418e+00  -2.1300000e+02   8.9274498e+00   1.2799855e+02  -4.5504803e+01   1.4750013e+02
   2.9000000e+01  -9.9170912e+00  -2.1300000e+02   8.7977843e+00   1.2830148e+02  -4.8572069e+01   1.4181469e+02
   2.9000000e+01  -1.1378220e+01  -2.1300000e+02   9.2294106e+00   1.2925979e+02  -5.1022576e+01   1.3812717e+02
   2.9000000e+01  -1.0794878e+01  -2.1300000e+02   9.7959084e+00   1.3053617e+02  -5.2953492e+01   1.3427225e+02
   2.9000000e+01  -8.8578814e+00  -2.1300000e+02   9.7127595e+00   1.3067907e+02  -5.4813882e+01   1.3152002e+02
   2.9000000e+01  -9.8565592e+00  -2.1300000e+02   9.6702964e+00   1.3081367e+02  -5.6608946e+01   1.2871021e+02
   2.9000000e+01  -7.7642981e+00  -2.1300000e+02   8.9414279e+00   1.3117434e+02  -5.7651297e+01   1.2506827e+02
   2.9000000e+01  -6.7261206e+00  -2.1300000e+02   8.2044295e+00   1.3152810e+02  -5.8676667e+01   1.2129243e+02
   2.9000000e+01  -4.0602730e+00  -2.1300000e+02   7.5827486e+00   1.3197586e+02  -5.9576561e+01   1.1664163e+02
   2.9000000e+01  -4.9552463e+00  -2.1300000e+02   7.2162646e+00   1.3265406e+02  -6.0222371e+01   1.1388711e+02
   2.9000000e+01  -7.8407245e+00  -2.1300000e+02   5.7827865e+00   1.3387629e+02  -6.1352554e+01   1.1062433e+02
   2.9000000e+01  -1.0726203e+01  -2.1300000e+02   4.3493084e+00   1.3509853e+02  -6.2482737e+01   1.0736154e+02
   2.9000000e+01  -1.0118684e+01  -2.1300000e+02   3.1774193e+00   1.3607454e+02  -6.3642063e+01   1.0500071e+02
   2.9000000e+01  -1.5344468e+01  -2.1300000e+02   1.7241828e+00   1.3758946e+02  -6.5701088e+01   1.0786878e+02
   2.9000000e+01  -1.5747520e+01  -2.1300000e+02  -2.4419646e+00   1.4214787e+02  -6.9091592e+01   1.1668744e+02
   2.9000000e+01  -1.5977307e+01  -2.1300000e+02  -7.1749206e+00   1.4667795e+02  -7.2591869e+01   1.2766362e+02
   2.9000000e+01  -1.7056624e+01  -2.1300000e+02  -7.0542351e+00   1.4915978e+02  -7.1833769e+01   1.3964063e+02
   2.9000000e+01  -1.8109536e+01  -2.1300000e+02  -5.5058404e+00   1.4080635e+02  -6.9944545e+01   1.5137155e+02
   2.9000000e+01  -1.8135263e+01  -2.1300000e+02  -5.1268743e-01   1.3539491e+02  -6.4599330e+01   1.6344868e+02
   2.9000000e+01  -2.0335591e+01  -2.1300000e+02   3.1292880e+00   1.3096331e+02  -5.9308631e+01   1.7496021e+02
   2.9000000e+01  -2.2665655e+01  -2.1300000e+02   6.8221628e+00   1.2659345e+02  -5.3809803e+01   1.8495124e+02
   2.9000000e+01  -2.2559610e+01  -2.1300000e+02   9.3297802e+00   1.2264807e+02  -4.8648265e+01   1.9331991e+02
   2.9000000e+01  -2.1615536e+01  -2.1300000e+02   1.0773693e+01   1.1932960e+02  -4.2893379e+01   2.0062875e+02
   2.9000000e+01  -2.2585368e+01  -2.1300000e+02   1.2730420e+01   1.1575278e+02  -3.6649344e+01   2.0478662e+02
   2.9000000e+01  -2.4061109e+01  -2.1300000e+02   1.4872042e+01   1.1348694e+02  -3.0313765e+01   2.0776773e+02
   2.9000000e+01  -2.4788641e+01  -2.1300000e+02   1.6331104e+01   1.1207013e+02  -2.4319108e+01   2.0859128e+02
   2.9000000e+01  -2.4535766e+01  -2.1300000e+02   1.4200789e+01   1.1059105e+02  -2.1089865e+01   2.0836262e+02
   2.9000000e+01  -2.3399806e+01  -2.1300000e+02   1.2091754e+01   1.0953727e+02  -1.8132966e+01   2.0646768e+02
   2.9000000e+01  -2.3295820e+01  -2.1300000e+02   1.0089860e+01   1.0947526e+02  -1.6131982e+01   2.0456302e+02
   2.9000000e+01  -2.3165754e+01  -2.1300000e+02   7.9932105e+00   1.1003623e+02  -1.4751160e+01   2.0230195e+02
   2.9000000e+01  -2.3403596e+01  -2.1300000e+02   6.1496021e+00   1.1098329e+02  -1.3729426e+01   2.0096830e+02
   2.9000000e+01  -2.2384102e+01  -2.1300000e+02   4.7187081e+00   1.1230856e+02  -1.3135765e+01   1.9866224e+02
   2.9000000e+01  -2.1781788e+01  -2.1300000e+02   4.1136167e+00   1.1401339e+02  -1.3700793e+01   1.9624480e+02
   2.9000000e+01  -2.1173172e+01  -2.1300000e+02   3.5764039e+00   1.1586660e+02  -1.4755462e+01   1.9206700e+02
   2.9000000e+01  -2.1905237e+01  -2.1300000e+02   3.1728378e+00   1.2010859e+02  -1.7347446e+01   1.8798967e+02
   2.9000000e+01  -2.1156081e+01  -2.1300000e+02   3.2299773e+00   1.2398510e+02  -2.0192904e+01   1.8446858e+02
   2.9000000e+01  -2.1433009e+01  -2.1300000e+02   2.6828518e+00   1.2715013e+02  -2.3451100e+01   1.7884440e+02
   2.9000000e+01  -2.1681562e+01  -2.1300000e+02   2.1009854e+00   1.3049564e+02  -2.6772839e+01   1.7475057e+02
   2.9000000e+01  -2.1858543e+01  -2.1300000e+02   2.7440609e+00   1.3307179e+02  -3.0387512e+01   1.7061188e+02
   2.9000000e+01  -2.0726368e+01  -2.1300000e+02   4.0936048e+00   1.3467065e+02  -3.3374277e+01   1.6696739e+02
   2.9000000e+01  -1.8757854e+01  -2.1300000e+02   6.0668438e+00   1.3438318e+02  -3.5750596e+01   1.6274053e+02
   2.9000000e+01  -1.7692404e+01  -2.1300000e+02   7.8245334e+00   1.3441115e+02  -3.9004631e+01   1.5825430e+02
   2.9000000e+01  -1.5882552e+01  -2.1300000e+02   1.0193672e+01   1.3437318e+02  -4.1905162e+01   1.5519499e+02
   2.9000000e+01  -1.5682296e+01  -2.1300000e+02   1.2352179e+01   1.3510719e+02  -4.5352547e+01   1.5256241e+02
   2.9000000e+01  -1.6017590e+01  -2.1300000e+02   1.3955269e+01   1.3653220e+02  -4.9060146e+01   1.4967680e+02
   2.9000000e+01  -1.5535751e+01  -2.1300000e+02   1.4944684e+01   1.3772074e+02  -5.2866088e+01   1.4679514e+02
   2.9000000e+01  -1.6722771e+01  -2.1300000e+02   1.6808542e+01   1.3976272e+02  -5.5997069e+01   1.4502329e+02
   2.9000000e+01  -1.6483990e+01  -2.1300000e+02   1.8617695e+01   1.4114911e+02  -5.8912799e+01   1.4233157e+02
   2.9000000e+01  -1.6921384e+01  -2.1300000e+02   2.0451568e+01   1.4249701e+02  -6.1805946e+01   1.3964795e+02
   2.9000000e+01  -1.8386164e+01  -2.1300000e+02   2.1716791e+01   1.4396756e+02  -6.5110825e+01   1.3722506e+02
   2.9000000e+01  -1.9249308e+01  -2.1300000e+02   2.3184221e+01   1.4546352e+02  -6.7979524e+01   1.3486156e+02
   2.9000000e+01  -1.9016081e+01  -2.1300000e+02   2.5163146e+01   1.4696317e+02  -7.0252948e+01   1.3283254e+02
   2.9000000e+01  -1.8769834e+01  -2.1300000e+02   2.6547160e+01   1.4786502e+02  -7.2902843e+01   1.3105993e+02
   2.9000000e+01  -1.8458545e+01  -2.1300000e+02   2.8849016e+01   1.4922332e+02  -7.4735497e+01   1.2978290e+02
   2.9000000e+01  -1.8544101e+01  -2.1300000e+02   3.0520470e+01   1.4980784e+02  -7.7239256e+01   1.2806587e+02
   2.9000000e+01  -1.9726848e+01  -2.1300000e+02   3.2895830e+01   1.5020531e+02  -7.9543694e+01   1.2695616e+02
   2.9000000e+01  -1.9649864e+01  -2.1300000e+02   3.5198668e+01   1.5063165e+02  -8.1926071e+01   1.2581850e+02
   2.9000000e+01  -1.9812230e+01  -2.1300000e+02   3.7533103e+01   1.5107823e+02  -8.4351469e+01   1.2463380e+02
   2.9000000e+01  -1.8933104e+01  -2.1300000e+02   4.0617781e+01   1.5206788e+02  -8.6746264e+01   1.2324338e+02
   2.9000000e+01  -1.9076232e+01  -2.1300000e+02   4.3298867e+01   1.5319473e+02  -8.9854477e+01   1.2195950e+02
   2.9000000e+01  -1.8798225e+01  -2.1300000e+02   4.6001417e+01   1.5436838e+02  -9.2946232e+01   1.2072339e+02
   2.9000000e+01  -1.8896118e+01  -2.1300000e+02   4.9583241e+01   1.5597045e+02  -9.5549772e+01   1.1974000e+02
   2.9000000e+01  -2.0195730e+01  -2.1300000e+02   5.3195724e+01   1.5757832e+02  -9.8194615e+01   1.1871298e+02
   2.9000000e+01  -1.8853940e+01  -2.1300000e+02   5.6707267e+01   1.5920789e+02  -1.0091103e+02   1.1767460e+02
   2.9000000e+01  -1.9278148e+01  -2.1300000e+02   6.0299698e+01   1.6082301e+02  -1.0366229e+02   1.1662261e+02
   2.9000000e+01  -1.8979495e+01  -2.1300000e+02   6.3731453e+01   1.6232733e+02  -1.0751446e+02   1.1562366e+02
   2.9000000e+01  -1.7362344e+01  -2.1300000e+02   6.7063144e+01   1.6385925e+02  -1.1145839e+02   1.1462352e+02
   2.9000000e+01  -1.6531417e+01  -2.1300000e+02   6.9920590e+01   1.6506456e+02  -1.1641651e+02   1.1374470e+02
   2.9000000e+01  -1.6457458e+01  -2.1300000e+02   7.0229597e+01   1.6481280e+02  -1.2296681e+02   1.1513449e+02
   2.9000000e+01  -1.6879053e+01  -2.1300000e+02   6.7219819e+01   1.6183410e+02  -1.3063673e+02   1.2105997e+02
   2.9000000e+01  -1.7086449e+01  -2.1300000e+02   6.1603702e+01   1.5762589e+02  -1.3764686e+02   1.3118597e+02
   2.9000000e+01  -1.3869009e+01  -2.1300000e+02   5.8673261e+01   1.5087589e+02  -1.3671037e+02   1.4252413e+02
   2.9000000e+01  -1.7512440e+01  -2.1300000e+02   5.6960333e+01   1.4183169e+02  -1.3092805e+02   1.5353374e+02
   2.9000000e+01  -2.0748375e+01  -2.1300000e+02   5.5808917e+01   1.3521544e+02  -1.2320946e+02   1.6406808e+02
   2.9000000e+01  -2.4036171e+01  -2.1300000e+02   5.5348721e+01   1.2947821e+02  -1.1520169e+02   1.7336249e+02
   2.9000000e+01  -2.5625095e+01  -2.1300000e+02   5.6054234e+01   1.2400833e+02  -1.0658308e+02   1.8141746e+02
   2.9000000e+01  -2.5432260e+01  -2.1300000e+02   5.6742734e+01   1.1912796e+02  -9.8140287e+01   1.8762612e+02
   2.9000000e+01  -2.5903350e+01  -2.1300000e+02   5.8798284e+01   1.1637800e+02  -8.9563442e+01   1.9286043e+02
   2.9000000e+01  -2.6865936e+01  -2.1300000e+02   6.1283722e+01   1.1538028e+02  -8.0687164e+01   1.9550151e+02
   2.9000000e+01  -2.6323522e+01  -2.1300000e+02   5.7519195e+01   1.1308857e+02  -7.3855658e+01   1.9645720e+02
   2.9000000e+01  -2.6321061e+01  -2.1300000e+02   5.2197575e+01   1.1128909e+02  -6.8264717e+01   1.9631146e+02
   2.9000000e+01  -2.5645144e+01  -2.1300000e+02   4.7448028e+01   1.1048727e+02  -6.2566449e+01   1.9471094e+02
   2.9000000e+01  -2.6090728e+01  -2.1300000e+02   4.2194074e+01   1.1072033e+02  -5.7869002e+01   1.9233806e+02
   2.9000000e+01  -2.5096683e+01  -2.1300000e+02   3.7139917e+01   1.1124544e+02  -5.3109630e+01   1.9025798e+02
   2.9000000e+01  -2.4904969e+01  -2.1300000e+02   3.2567667e+01   1.1252481e+02  -4.9323149e+01   1.8705970e+02
   2.9000000e+01  -2.4222783e+01  -2.1300000e+02   2.7936823e+01   1.1452783e+02  -4.6373277e+01   1.8353525e+02
   2.9000000e+01  -2.4951363e+01  -2.1300000e+02   2.3358361e+01   1.1729150e+02  -4.4431638e+01   1.8018813e+02
   2.9000000e+01  -2.4386960e+01  -2.1300000e+02   1.8808687e+01   1.2129675e+02  -4.3554117e+01   1.7488754e+02
   2.9000000e+01  -2.4413926e+01  -2.1300000e+02   1.5337236e+01   1.2466749e+02  -4.3241495e+01   1.7062992e+02
   2.9000000e+01  -2.4131956e+01  -2.1300000e+02   1.4008205e+01   1.2712328e+02  -4.3651649e+01   1.6595306e+02
   2.9000000e+01  -2.4515576e+01  -2.1300000e+02   1.3219998e+01   1.3039755e+02  -4.6416556e+01   1.6127942e+02
   2.9000000e+01  -2.1261889e+01  -2.1300000e+02   1.4614402e+01   1.3113521e+02  -4.8622614e+01   1.5720255e+02
   2.9000000e+01  -1.7881599e+01  -2.1300000e+02   1.6886065e+01   1.2942306e+02  -5.0439843e+01   1.5408934e+02
   2.9000000e+01  -1.7115712e+01  -2.1300000e+02   1.7890029e+01   1.3130421e+02  -5.4818733e+01   1.4935158e+02
   2.9000000e+01  -1.5437895e+01  -2.1300000e+02   2.0098505e+01   1.3318106e+02  -5.8142291e+01   1.4528332e+02
   2.9000000e+01  -1.4471649e+01  -2.1300000e+02   2.2383461e+01   1.3324128e+02  -6.1643758e+01   1.4245737e+02
   2.9000000e+01  -1.0775004e+01  -2.1300000e+02   2.4017301e+01   1.3226445e+02  -6.4258745e+01   1.3877335e+02
   2.9000000e+01  -1.1644496e+01  -2.1300000e+02   2.6369719e+01   1.3305135e+02  -6.6304438e+01   1.3656667e+02
   2.9000000e+01  -1.2788116e+01  -2.1300000e+02   2.7535929e+01   1.3413500e+02  -6.9259155e+01   1.3374119e+02
   2.9000000e+01  -1.1023344e+01  -2.1300000e+02   2.9768818e+01   1.3514848e+02  -7.1280233e+01   1.3111132e+02
   2.9000000e+01  -8.7738893e+00  -2.1300000e+02   3.1968033e+01   1.3611481e+02  -7.3330721e+01   1.2850059e+02
   2.9000000e+01  -8.8440792e+00  -2.1300000e+02   3.4081237e+01   1.3680724e+02  -7.5675762e+01   1.2597056e+02
   2.9000000e+01  -7.1459584e+00  -2.1300000e+02   3.6176915e+01   1.3754680e+02  -7.8015648e+01   1.2345381e+02
   2.9000000e+01  -6.2879936e+00  -2.1300000e+02   3.8375881e+01   1.3833665e+02  -8.0304076e+01   1.2095111e+02
   2.9000000e+01  -5.5981369e+00  -2.1300000e+02   4.0597381e+01   1.3922063e+02  -8.2622051e+01   1.1842979e+02
   2.9000000e+01  -8.1614176e+00  -2.1300000e+02   4.2650677e+01   1.4107726e+02  -8.5695879e+01   1.1605647e+02
   2.9000000e+01  -7.6839246e+00  -2.1300000e+02   4.4614162e+01   1.4298380e+02  -8.8782813e+01   1.1374401e+02
   2.9000000e+01  -7.7978060e+00  -2.1300000e+02   4.6689704e+01   1.4488958e+02  -9.1818201e+01   1.1145577e+02
   2.9000000e+01  -8.9135613e+00  -2.1300000e+02   4.8828007e+01   1.4676755e+02  -9.4892514e+01   1.0919634e+02
   2.9000000e+01  -1.3677052e+01  -2.1300000e+02   4.9786178e+01   1.4815611e+02  -1.0019744e+02   1.0920100e+02
   2.9000000e+01  -1.5623389e+01  -2.1300000e+02   4.5985502e+01   1.5006766e+02  -1.0712533e+02   1.1505213e+02
   2.9000000e+01  -1.6072153e+01  -2.1300000e+02   3.8669941e+01   1.5222823e+02  -1.1501232e+02   1.2473404e+02
   2.9000000e+01  -1.6094734e+01  -2.1300000e+02   3.4957488e+01   1.5278835e+02  -1.1718798e+02   1.3566620e+02
