   2.4241495e+01  -9.0929939e+00  -1.8673355e+02   4.1776114e+00   9.0943575e+01  -6.0820843e+01   1.5713383e+02
   1.9670996e+01  -1.2000000e+01  -1.9713708e+02   9.9938084e+00   9.7159355e+01  -5.7150411e+01   1.6334645e+02
   1.4876524e+01  -1.3994456e+01  -2.0758628e+02   1.5873737e+01   1.0353305e+02  -5.3339015e+01   1.6989159e+02
   8.6964601e+00  -1.2000000e+01  -2.1664166e+02   2.2875137e+01   1.1243572e+02  -4.7435208e+01   1.7922516e+02
   7.7254320e+00  -1.2000000e+01  -2.2485701e+02   2.6287486e+01   1.2097264e+02  -4.4010571e+01   1.8946053e+02
   7.4769021e+00  -1.2000000e+01  -2.3220352e+02   2.6971143e+01   1.2990297e+02  -3.8409587e+01   1.9991294e+02
   9.6346912e+00  -1.2000000e+01  -2.3928974e+02   2.8310597e+01   1.3813834e+02  -3.2128313e+01   2.1013371e+02
   1.3153242e+01  -1.2000000e+01  -2.4705517e+02   3.0316295e+01   1.4626710e+02  -2.5204775e+01   2.1641515e+02
   1.1914668e+01  -1.2000000e+01  -2.4857731e+02   2.9197130e+01   1.5407410e+02  -2.5945350e+01   2.1306086e+02
   1.1380825e+01  -1.2000000e+01  -2.4680603e+02   3.1755726e+01   1.5713201e+02  -3.1189843e+01   2.0765865e+02
   1.2313872e+01  -1.2000000e+01  -2.4443115e+02   3.3468910e+01   1.5326693e+02  -3.5733965e+01   2.0138316e+02
   1.3344139e+01  -1.2000000e+01  -2.4130335e+02   3.3483043e+01   1.5018149e+02  -3.8979653e+01   1.9524197e+02
   1.2161733e+01  -1.2000000e+01  -2.3799801e+02   3.4907160e+01   1.4750486e+02  -4.1848603e+01   1.8974653e+02
   1.4671092e+01  -1.2000000e+01  -2.3423230e+02   3.6527171e+01   1.4289890e+02  -4.5739129e+01   1.8541422e+02
   1.5492891e+01  -1.2000000e+01  -2.3120465e+02   3.7800536e+01   1.3918555e+02  -4.9354889e+01   1.8031881e+02
   1.6370504e+01  -1.2000000e+01  -2.2831109e+02   3.9140523e+01   1.3553009e+02  -5.2849562e+01   1.7493473e+02
   1.7710480e+01  -1.2000000e+01  -2.2520277e+02   4.0592238e+01   1.3245815e+02  -5.6092308e+01   1.7071975e+02
   1.9189698e+01  -1.2000000e+01  -2.2359884e+02   4.1650013e+01   1.2994727e+02  -5.8974921e+01   1.6823668e+02
   1.9904220e+01  -1.2000000e+01  -2.1963159e+02   4.3980890e+01   1.2686161e+02  -6.1977613e+01   1.6437962e+02
   2.1635026e+01  -1.2000000e+01  -2.1742744e+02   4.4286366e+01   1.2581445e+02  -6.6140974e+01   1.6344982e+02
   2.4322792e+01  -1.2000000e+01  -2.1672621e+02   4.4519997e+01   1.2487220e+02  -7.0002214e+01   1.6042875e+02
   2.5512564e+01  -1.2000000e+01  -2.1212109e+02   4.4167857e+01   1.2248201e+02  -7.4254516e+01   1.5524109e+02
   2.7302162e+01  -1.2000000e+01  -2.0866405e+02   4.3788547e+01   1.2148884e+02  -7.7623286e+01   1.5283432e+02
   3.1026521e+01  -1.2000000e+01  -2.1148724e+02   3.8208369e+01   1.2369057e+02  -7.6937892e+01   1.5178561e+02
   3.2629090e+01  -1.2000000e+01  -2.0907818e+02   3.0584606e+01   1.2392360e+02  -7.4711574e+01   1.4683088e+02
   3.5033600e+01  -1.2000000e+01  -2.0606977e+02   2.4707199e+01   1.2239299e+02  -7.1529907e+01   1.4365762e+02
   3.7811898e+01  -1.2000000e+01  -2.0499596e+02   3.0018684e+01   1.2168186e+02  -7.7524357e+01   1.4261026e+02
   4.1074496e+01  -1.2000000e+01  -2.0631979e+02   3.1948586e+01   1.2276772e+02  -8.2272859e+01   1.4021750e+02
   4.1335423e+01  -1.2000000e+01  -2.0475130e+02   3.2167995e+01   1.2294015e+02  -8.5182865e+01   1.3790808e+02
   4.1482623e+01  -1.2000000e+01  -1.9807177e+02   3.0074330e+01   1.2056015e+02  -8.6555476e+01   1.3459937e+02
   4.4926525e+01  -1.2000000e+01  -1.9933117e+02   2.6845928e+01   1.2134409e+02  -8.6298057e+01   1.3338471e+02
   4.6270486e+01  -1.2000000e+01  -2.0173247e+02   2.6657123e+01   1.2413096e+02  -8.6511214e+01   1.3077662e+02
   4.7903910e+01  -1.2000000e+01  -2.0219637e+02   2.5870218e+01   1.2708381e+02  -8.7248492e+01   1.2895613e+02
   4.7364935e+01  -1.2000000e+01  -2.0217423e+02   2.6767221e+01   1.2912973e+02  -8.8717942e+01   1.2612404e+02
   4.7103111e+01  -1.2000000e+01  -2.0059548e+02   2.7424762e+01   1.3339337e+02  -9.0714005e+01   1.2397265e+02
   4.6175208e+01  -1.2000000e+01  -1.9769094e+02   2.8786121e+01   1.3560284e+02  -9.4845502e+01   1.2377696e+02
   4.2912353e+01  -1.2000000e+01  -1.9358047e+02   2.9293809e+01   1.3612342e+02  -9.9644912e+01   1.2557220e+02
   3.9195648e+01  -1.2000000e+01  -1.9207438e+02   2.5731559e+01   1.3714163e+02  -1.0320428e+02   1.3432621e+02
   3.6730806e+01  -1.2000000e+01  -1.9071635e+02   2.0985054e+01   1.3643854e+02  -1.0313438e+02   1.4314324e+02
   3.2289135e+01  -1.2000000e+01  -1.9429605e+02   1.7619519e+01   1.3116794e+02  -9.8550639e+01   1.5270283e+02
   2.7097239e+01  -1.2000000e+01  -1.9662223e+02   1.9498986e+01   1.2280435e+02  -9.0851403e+01   1.6062395e+02
   2.4805805e+01  -1.2000000e+01  -2.0044257e+02   1.9887910e+01   1.1838929e+02  -8.2986708e+01   1.7030093e+02
   2.2500475e+01  -1.2000000e+01  -2.0245452e+02   1.9504158e+01   1.1193450e+02  -7.6336553e+01   1.8021423e+02
   1.6427244e+01  -1.2000000e+01  -2.0955516e+02   2.2810001e+01   1.1173051e+02  -7.0016680e+01   1.8456359e+02
   1.1540797e+01  -1.2000000e+01  -2.1816276e+02   2.7162346e+01   1.1626715e+02  -6.4410490e+01   1.9049806e+02
   7.9129902e+00  -1.2000000e+01  -2.2642655e+02   3.1073884e+01   1.2393391e+02  -5.8436441e+01   1.9888619e+02
   7.5512350e+00  -1.2000000e+01  -2.3373040e+02   3.1707107e+01   1.3265943e+02  -5.0822476e+01   2.0812958e+02
   8.9431761e+00  -1.2000000e+01  -2.3878388e+02   3.2718056e+01   1.4059702e+02  -4.2878457e+01   2.1673059e+02
   1.3216548e+01  -1.2000000e+01  -2.4535751e+02   3.3863563e+01   1.4783294e+02  -3.4711904e+01   2.2060249e+02
   1.4545954e+01  -1.2000000e+01  -2.4816259e+02   3.1405818e+01   1.5555773e+02  -2.9058365e+01   2.1735929e+02
   1.3246198e+01  -1.2000000e+01  -2.4803810e+02   2.6514463e+01   1.6187833e+02  -2.7060494e+01   2.1018755e+02
   1.2518675e+01  -1.2000000e+01  -2.4694815e+02   2.5055127e+01   1.6141382e+02  -2.8907923e+01   2.0217980e+02
   1.2969881e+01  -1.2000000e+01  -2.4390943e+02   2.8015890e+01   1.5628185e+02  -3.4483159e+01   1.9446550e+02
   1.3618901e+01  -1.2000000e+01  -2.4146668e+02   3.0049940e+01   1.5229134e+02  -3.8080525e+01   1.8924754e+02
   1.3715106e+01  -1.2000000e+01  -2.3757154e+02   3.1029358e+01   1.4950626e+02  -4.1476514e+01   1.8401629e+02
   1.4422084e+01  -1.2000000e+01  -2.3300862e+02   3.2446720e+01   1.4437701e+02  -4.5154582e+01   1.7786935e+02
   1.5483666e+01  -1.2000000e+01  -2.3047734e+02   3.3267737e+01   1.4107014e+02  -4.8222068e+01   1.7294075e+02
   1.5304146e+01  -1.2000000e+01  -2.2706052e+02   3.4747053e+01   1.3803556e+02  -5.0973715e+01   1.6893071e+02
   1.6269025e+01  -1.2000000e+01  -2.2317057e+02   3.6806319e+01   1.3342443e+02  -5.4176327e+01   1.6556088e+02
   1.7520620e+01  -1.2000000e+01  -2.1898558e+02   3.8377729e+01   1.2883744e+02  -5.7936745e+01   1.6224957e+02
   2.0405590e+01  -1.2000000e+01  -2.1606357e+02   3.9651078e+01   1.2673417e+02  -6.2161336e+01   1.5926224e+02
   2.3305785e+01  -1.2000000e+01  -2.1420088e+02   3.6749981e+01   1.2526211e+02  -6.7046318e+01   1.5464612e+02
   2.4328573e+01  -1.2000000e+01  -2.1012997e+02   3.5400613e+01   1.2261349e+02  -6.9624298e+01   1.5018293e+02
   2.6842793e+01  -1.2000000e+01  -2.0780353e+02   3.3825826e+01   1.2106275e+02  -7.2022151e+01   1.4697774e+02
   2.7944036e+01  -1.2000000e+01  -2.0333988e+02   3.1024148e+01   1.1880366e+02  -7.3968517e+01   1.4222158e+02
   3.1808894e+01  -1.2000000e+01  -2.0183715e+02   2.7652007e+01   1.1820174e+02  -7.6086576e+01   1.3909815e+02
   3.4172501e+01  -1.2000000e+01  -1.9959762e+02   2.9621837e+01   1.1709257e+02  -8.0939422e+01   1.3472955e+02
   3.7481096e+01  -1.2000000e+01  -2.0290329e+02   2.6901487e+01   1.1753366e+02  -8.0950693e+01   1.3243564e+02
   4.1622204e+01  -1.2000000e+01  -2.0258785e+02   2.0623061e+01   1.1719640e+02  -7.9272892e+01   1.2964485e+02
   4.2260563e+01  -1.2000000e+01  -1.9844322e+02   1.9955966e+01   1.1654959e+02  -7.9372947e+01   1.2576488e+02
   4.4745548e+01  -1.2000000e+01  -1.9951279e+02   1.7515961e+01   1.1803766e+02  -7.9078112e+01   1.2318900e+02
   4.4906084e+01  -1.2000000e+01  -1.9976713e+02   1.7459891e+01   1.2317952e+02  -7.8700263e+01   1.1905037e+02
   4.4880583e+01  -1.2000000e+01  -1.9740808e+02   1.5485723e+01   1.2495643e+02  -7.9433569e+01   1.1563727e+02
   4.4949158e+01  -1.2000000e+01  -1.9505335e+02   1.4277953e+01   1.2701309e+02  -7.9262642e+01   1.1228452e+02
   4.4499498e+01  -1.2000000e+01  -1.9279595e+02   1.4648659e+01   1.3002903e+02  -7.9779278e+01   1.1069367e+02
   4.5415171e+01  -1.2000000e+01  -1.9711786e+02   1.8842591e+01   1.3309505e+02  -8.1401305e+01   1.0818708e+02
   4.3563680e+01  -1.2000000e+01  -1.9576915e+02   2.0938746e+01   1.3621249e+02  -8.3664908e+01   1.0600841e+02
   4.0673726e+01  -1.2000000e+01  -1.9017248e+02   1.8898324e+01   1.3679285e+02  -8.5437281e+01   1.0700848e+02
   3.7016790e+01  -1.2000000e+01  -1.8896780e+02   1.7707448e+01   1.3547762e+02  -8.6530161e+01   1.0875782e+02
   3.4709626e+01  -1.2000000e+01  -1.8902596e+02   1.3702289e+01   1.3241767e+02  -8.9441703e+01   1.1791376e+02
   2.9240215e+01  -1.2000000e+01  -1.8871581e+02   8.4221236e+00   1.2580394e+02  -9.0321251e+01   1.2869797e+02
   2.5095484e+01  -1.2000000e+01  -1.9437747e+02   9.0996031e+00   1.2422453e+02  -8.4240299e+01   1.4087028e+02
   2.0825713e+01  -1.2000000e+01  -2.0081145e+02   1.4562469e+01   1.1896137e+02  -7.5752683e+01   1.5288777e+02
   1.7254480e+01  -1.2000000e+01  -2.0802789e+02   1.8981137e+01   1.1832832e+02  -6.8344722e+01   1.6467729e+02
   1.3939129e+01  -1.2000000e+01  -2.1117535e+02   1.9395858e+01   1.1901998e+02  -6.4940625e+01   1.7300366e+02
   1.2659548e+01  -1.2000000e+01  -2.1406893e+02   1.6922515e+01   1.2021182e+02  -6.3199713e+01   1.8346683e+02
   1.0860234e+01  -1.2000000e+01  -2.1828137e+02   1.4409905e+01   1.2361877e+02  -5.9419200e+01   1.9318271e+02
   5.3728616e+00  -1.2000000e+01  -2.2538802e+02   2.0377047e+01   1.2977098e+02  -5.8819833e+01   2.0265708e+02
   6.3159929e+00  -1.2000000e+01  -2.3220317e+02   2.1893451e+01   1.3568294e+02  -5.3318998e+01   2.1183566e+02
   8.2102582e+00  -1.2000000e+01  -2.3903357e+02   2.5513313e+01   1.4164232e+02  -4.5641380e+01   2.1919182e+02
   1.0705022e+01  -1.2000000e+01  -2.4535414e+02   3.0187955e+01   1.4799198e+02  -3.7061998e+01   2.2482259e+02
   1.3950631e+01  -1.2000000e+01  -2.4965763e+02   3.4596202e+01   1.5509893e+02  -2.8286173e+01   2.2732798e+02
   1.5960276e+01  -1.2000000e+01  -2.5279332e+02   3.1018195e+01   1.6143402e+02  -2.3960517e+01   2.2231325e+02
   1.4806229e+01  -1.2000000e+01  -2.5205434e+02   2.6111905e+01   1.6595752e+02  -2.2621739e+01   2.1579133e+02
   1.3612457e+01  -1.2000000e+01  -2.5061226e+02   2.3222948e+01   1.6714306e+02  -2.2810598e+01   2.0965961e+02
   1.2670093e+01  -1.2000000e+01  -2.4620728e+02   2.2516312e+01   1.6323926e+02  -2.6212541e+01   2.0219545e+02
   1.4173501e+01  -1.2000000e+01  -2.4268049e+02   2.6557171e+01   1.5701045e+02  -3.2824813e+01   1.9639393e+02
   1.3588468e+01  -1.2000000e+01  -2.3852901e+02   2.8814971e+01   1.5271175e+02  -3.7352678e+01   1.9045555e+02
   1.3638229e+01  -1.2000000e+01  -2.3554433e+02   2.9838992e+01   1.4935683e+02  -4.0597643e+01   1.8502169e+02
   1.4759638e+01  -1.2000000e+01  -2.3196539e+02   3.1947166e+01   1.4467367e+02  -4.3846578e+01   1.7967617e+02
   1.6281263e+01  -1.2000000e+01  -2.2969345e+02   3.3387310e+01   1.4105414e+02  -4.6988651e+01   1.7511244e+02
   1.7839930e+01  -1.2000000e+01  -2.2689548e+02   3.4702572e+01   1.3755184e+02  -5.0218167e+01   1.7091248e+02
   1.7241130e+01  -1.2000000e+01  -2.2376851e+02   3.6878458e+01   1.3433123e+02  -5.2931885e+01   1.6680641e+02
   1.8319651e+01  -1.2000000e+01  -2.1988481e+02   3.9068020e+01   1.3073782e+02  -5.6290415e+01   1.6410883e+02
   1.9837406e+01  -1.2000000e+01  -2.1896215e+02   4.1412670e+01   1.2716895e+02  -5.9511354e+01   1.6233587e+02
   2.4377923e+01  -1.2000000e+01  -2.1921044e+02   4.1316321e+01   1.2426961e+02  -6.4115031e+01   1.5953583e+02
   2.4151221e+01  -1.2000000e+01  -2.1594734e+02   4.2788048e+01   1.2289780e+02  -6.7441431e+01   1.5550893e+02
   2.4187888e+01  -1.2000000e+01  -2.1174945e+02   4.3477334e+01   1.2122395e+02  -7.1450813e+01   1.5139229e+02
   2.4864423e+01  -1.2000000e+01  -2.0592899e+02   4.4697741e+01   1.1771787e+02  -7.4967815e+01   1.4839416e+02
   2.6292223e+01  -1.2000000e+01  -2.0304494e+02   4.4893499e+01   1.1437968e+02  -7.8787850e+01   1.4550249e+02
   2.8129593e+01  -1.2000000e+01  -1.9919790e+02   4.4422107e+01   1.1094842e+02  -8.3028186e+01   1.4214143e+02
   2.9203080e+01  -1.2000000e+01  -1.9588802e+02   4.4418418e+01   1.0913787e+02  -8.6159923e+01   1.3933552e+02
   3.1222308e+01  -1.2000000e+01  -1.9399355e+02   4.3201515e+01   1.0831214e+02  -8.9139740e+01   1.3724556e+02
   3.2888707e+01  -1.2000000e+01  -1.9187855e+02   3.9734953e+01   1.0671009e+02  -9.0221863e+01   1.3480164e+02
   3.4367757e+01  -1.2000000e+01  -1.9127411e+02   3.9112706e+01   1.0638961e+02  -9.1767105e+01   1.3248069e+02
   3.6629995e+01  -1.2000000e+01  -1.9332555e+02   3.5314632e+01   1.0963642e+02  -9.0753589e+01   1.3008953e+02
   3.6780107e+01  -1.2000000e+01  -1.9078667e+02   2.8311792e+01   1.0877941e+02  -8.7055611e+01   1.2798576e+02
   3.7022981e+01  -1.2000000e+01  -1.9144602e+02   2.2788820e+01   1.1074165e+02  -8.4962466e+01   1.2668873e+02
   3.5708216e+01  -1.2000000e+01  -1.9169643e+02   2.2636610e+01   1.1365727e+02  -8.6182709e+01   1.2689787e+02
   3.1870965e+01  -1.2000000e+01  -1.9060141e+02   1.6323633e+01   1.1374442e+02  -8.3121155e+01   1.3485743e+02
   2.5892340e+01  -1.2000000e+01  -1.9134230e+02   1.2942435e+01   1.0827790e+02  -7.9097820e+01   1.4396263e+02
   2.4995622e+01  -1.2000000e+01  -1.9307221e+02   9.7664704e+00   1.0858569e+02  -7.4455836e+01   1.5473587e+02
   2.1497887e+01  -1.2000000e+01  -1.9828989e+02   1.0291164e+01   1.0797427e+02  -6.6644878e+01   1.6531758e+02
   1.6609219e+01  -1.2000000e+01  -2.0722512e+02   1.4987896e+01   1.1294068e+02  -6.0801527e+01   1.7332077e+02
   1.1811185e+01  -1.2000000e+01  -2.1559322e+02   1.9153018e+01   1.2102688e+02  -5.6173454e+01   1.8222340e+02
   8.8277119e+00  -1.2000000e+01  -2.2350211e+02   2.2973539e+01   1.2988950e+02  -5.3517378e+01   1.9090623e+02
   8.0933264e+00  -1.2000000e+01  -2.2961113e+02   2.3132433e+01   1.3719280e+02  -4.8869625e+01   2.0124463e+02
   9.3303328e+00  -1.2000000e+01  -2.3428023e+02   2.2757354e+01   1.4359808e+02  -4.4243508e+01   2.1079470e+02
   1.0912146e+01  -1.2000000e+01  -2.3960391e+02   2.4015220e+01   1.4981725e+02  -3.7978671e+01   2.1914240e+02
   1.3324510e+01  -1.2000000e+01  -2.4481775e+02   2.5722071e+01   1.5580195e+02  -3.1110283e+01   2.2605740e+02
   1.7767746e+01  -1.2000000e+01  -2.4978640e+02   2.8637814e+01   1.6199613e+02  -2.3295259e+01   2.3009176e+02
   1.8509522e+01  -1.2000000e+01  -2.5209415e+02   2.8048094e+01   1.6438066e+02  -1.9807533e+01   2.2508783e+02
   1.7339702e+01  -1.2000000e+01  -2.4879652e+02   2.4952313e+01   1.6402303e+02  -2.0393353e+01   2.1866403e+02
   1.7647764e+01  -1.2000000e+01  -2.4532727e+02   2.1519487e+01   1.6061165e+02  -2.1665578e+01   2.1097421e+02
   1.6318326e+01  -1.2000000e+01  -2.4195448e+02   2.1635763e+01   1.5785686e+02  -2.4669476e+01   2.0416301e+02
   1.6749560e+01  -1.2000000e+01  -2.3954039e+02   2.3984557e+01   1.5631932e+02  -2.9201318e+01   1.9977335e+02
   1.7054704e+01  -1.2000000e+01  -2.3743519e+02   2.7086161e+01   1.5340202e+02  -3.4686835e+01   1.9450441e+02
   1.7205986e+01  -1.2000000e+01  -2.3558026e+02   2.9872141e+01   1.5162583e+02  -3.9533128e+01   1.9037639e+02
   1.8081424e+01  -1.2000000e+01  -2.3223320e+02   3.2721718e+01   1.4743211e+02  -4.4582852e+01   1.8535615e+02
   1.8441011e+01  -1.2000000e+01  -2.2925191e+02   3.4372760e+01   1.4405593e+02  -4.8971753e+01   1.8057721e+02
   1.9582807e+01  -1.2000000e+01  -2.2533109e+02   3.5997668e+01   1.3885022e+02  -5.3310106e+01   1.7430752e+02
   2.0487924e+01  -1.2000000e+01  -2.2126577e+02   3.7760954e+01   1.3480329e+02  -5.7137672e+01   1.6986083e+02
   2.3111599e+01  -1.2000000e+01  -2.2003892e+02   3.9004465e+01   1.3165446e+02  -6.0826083e+01   1.6794993e+02
   2.6645054e+01  -1.2000000e+01  -2.2011778e+02   3.9395172e+01   1.2890207e+02  -6.4429553e+01   1.6423298e+02
   2.6661579e+01  -1.2000000e+01  -2.1595622e+02   3.9613544e+01   1.2735084e+02  -6.8082221e+01   1.5968839e+02
   2.8499461e+01  -1.2000000e+01  -2.1368355e+02   3.6340694e+01   1.2486354e+02  -7.1245441e+01   1.5454966e+02
   2.9951527e+01  -1.2000000e+01  -2.1207177e+02   3.2541234e+01   1.2530367e+02  -7.0271337e+01   1.5231682e+02
   3.3131209e+01  -1.2000000e+01  -2.1396779e+02   2.6680884e+01   1.2761430e+02  -6.7563121e+01   1.4913969e+02
   3.5649052e+01  -1.2000000e+01  -2.0870965e+02   1.9923231e+01   1.2227103e+02  -6.5389116e+01   1.4480657e+02
   3.6232195e+01  -1.2000000e+01  -2.0465540e+02   2.2060283e+01   1.1946491e+02  -6.9537983e+01   1.4177607e+02
   3.8256314e+01  -1.2000000e+01  -2.0363904e+02   2.3276790e+01   1.2014712e+02  -7.3703751e+01   1.3851545e+02
   4.1254825e+01  -1.2000000e+01  -2.0393992e+02   2.3110836e+01   1.1850201e+02  -7.6405898e+01   1.3714978e+02
   4.2692540e+01  -1.2000000e+01  -2.0106030e+02   2.4770725e+01   1.1832568e+02  -8.0586019e+01   1.3458130e+02
   4.4762281e+01  -1.2000000e+01  -2.0221249e+02   2.1760463e+01   1.1915194e+02  -8.0597823e+01   1.3190260e+02
   4.5700956e+01  -1.2000000e+01  -2.0208549e+02   1.9164548e+01   1.2022885e+02  -8.0267377e+01   1.2891438e+02
   4.8186247e+01  -1.2000000e+01  -2.0306063e+02   1.8604883e+01   1.2147098e+02  -8.1186546e+01   1.2620716e+02
   4.7233200e+01  -1.2000000e+01  -2.0314151e+02   2.0883811e+01   1.2514024e+02  -8.2903407e+01   1.2299571e+02
   4.5920851e+01  -1.2000000e+01  -2.0024967e+02   1.9020274e+01   1.2877877e+02  -8.4370088e+01   1.1999579e+02
   4.5369716e+01  -1.2000000e+01  -1.9640344e+02   1.8439205e+01   1.2829002e+02  -8.6161695e+01   1.1720466e+02
   4.4657246e+01  -1.2000000e+01  -1.9843493e+02   1.9855366e+01   1.2778571e+02  -8.7661466e+01   1.1483084e+02
   3.9900723e+01  -1.2000000e+01  -1.9411316e+02   1.9400159e+01   1.2775894e+02  -9.1136671e+01   1.2142533e+02
   3.6451746e+01  -1.2000000e+01  -1.9362434e+02   1.4586067e+01   1.3133378e+02  -9.3626226e+01   1.3192989e+02
   3.3242725e+01  -1.2000000e+01  -1.9481175e+02   9.7076734e+00   1.3216809e+02  -9.3340506e+01   1.4293915e+02
   2.8063232e+01  -1.2000000e+01  -1.9819220e+02   1.1313835e+01   1.3054427e+02  -8.7306420e+01   1.5405031e+02
   2.6074042e+01  -1.2000000e+01  -2.0232574e+02   1.3325308e+01   1.2081693e+02  -8.0967720e+01   1.6200049e+02
   2.1416520e+01  -1.2000000e+01  -2.0897548e+02   1.8934520e+01   1.1950615e+02  -7.1360998e+01   1.7238497e+02
   1.7444334e+01  -1.2000000e+01  -2.1497352e+02   2.2450550e+01   1.2180589e+02  -6.4116745e+01   1.8052698e+02
   1.2900864e+01  -1.2000000e+01  -2.2121959e+02   2.6584614e+01   1.2890502e+02  -5.8545380e+01   1.8850987e+02
   1.1665033e+01  -1.2000000e+01  -2.2691984e+02   2.5922808e+01   1.3826821e+02  -5.2035769e+01   1.9856538e+02
   1.2697169e+01  -1.2000000e+01  -2.3169794e+02   2.4909524e+01   1.4626689e+02  -4.5433330e+01   2.0842857e+02
   1.5104995e+01  -1.2000000e+01  -2.3781790e+02   2.6003402e+01   1.5307519e+02  -3.7743765e+01   2.1579237e+02
   1.5708440e+01  -1.2000000e+01  -2.4073914e+02   2.7732418e+01   1.5975932e+02  -3.0567737e+01   2.1987430e+02
   1.6212363e+01  -1.2000000e+01  -2.4103100e+02   2.8699760e+01   1.6175351e+02  -2.6728880e+01   2.1478370e+02
   1.6774543e+01  -1.2000000e+01  -2.3875767e+02   2.7022167e+01   1.5792943e+02  -2.7716632e+01   2.0954258e+02
   1.8606432e+01  -1.2000000e+01  -2.3695496e+02   2.6794401e+01   1.5302772e+02  -2.9503852e+01   2.0439374e+02
   1.8065704e+01  -1.2000000e+01  -2.3424623e+02   2.7925221e+01   1.4951432e+02  -3.2407188e+01   2.0016637e+02
   1.8905548e+01  -1.2000000e+01  -2.3255135e+02   2.8198429e+01   1.4641836e+02  -3.4554083e+01   1.9620502e+02
   1.8512172e+01  -1.2000000e+01  -2.3029287e+02   2.8949430e+01   1.4420150e+02  -3.6224842e+01   1.9349867e+02
   1.9179388e+01  -1.2000000e+01  -2.2820845e+02   2.9328344e+01   1.4185477e+02  -3.8290337e+01   1.9071074e+02
   1.9245067e+01  -1.2000000e+01  -2.2586075e+02   3.0467693e+01   1.3959468e+02  -4.0573341e+01   1.8756682e+02
   2.0432726e+01  -1.2000000e+01  -2.2388384e+02   3.1521359e+01   1.3649069e+02  -4.3397012e+01   1.8334075e+02
   2.1188578e+01  -1.2000000e+01  -2.2119429e+02   3.3057118e+01   1.3359637e+02  -4.5958742e+01   1.7925074e+02
   2.2634298e+01  -1.2000000e+01  -2.1896252e+02   3.4157642e+01   1.3128623e+02  -4.8706399e+01   1.7683168e+02
   2.4236110e+01  -1.2000000e+01  -2.1783393e+02   3.4471242e+01   1.2890953e+02  -5.1611425e+01   1.7239972e+02
   2.4999054e+01  -1.2000000e+01  -2.1592285e+02   3.4662272e+01   1.2735287e+02  -5.4374540e+01   1.6922857e+02
   2.5207670e+01  -1.2000000e+01  -2.1341679e+02   3.5313556e+01   1.2604831e+02  -5.6800525e+01   1.6588859e+02
   2.7104501e+01  -1.2000000e+01  -2.1179859e+02   3.5567794e+01   1.2481921e+02  -5.9454019e+01   1.6353799e+02
   2.9015806e+01  -1.2000000e+01  -2.1087488e+02   3.6041395e+01   1.2352433e+02  -6.1799148e+01   1.6101868e+02
   2.9675749e+01  -1.2000000e+01  -2.0754193e+02   3.6351094e+01   1.2191304e+02  -6.4546691e+01   1.5771384e+02
   3.1705831e+01  -1.2000000e+01  -2.0760552e+02   3.6553731e+01   1.2149220e+02  -6.6931922e+01   1.5618494e+02
   3.2557115e+01  -1.2000000e+01  -2.0540763e+02   3.7064635e+01   1.2071394e+02  -6.9715147e+01   1.5407285e+02
   3.3107323e+01  -1.2000000e+01  -2.0252912e+02   3.7670013e+01   1.1929343e+02  -7.2607819e+01   1.5197356e+02
   3.4044389e+01  -1.2000000e+01  -2.0147066e+02   3.5896395e+01   1.1939706e+02  -7.4353873e+01   1.4993135e+02
   3.3040176e+01  -1.2000000e+01  -1.9969663e+02   3.7573681e+01   1.2025690e+02  -7.6628263e+01   1.4797916e+02
   3.4076382e+01  -1.2000000e+01  -1.9912015e+02   3.8405257e+01   1.2016242e+02  -7.9385310e+01   1.4574669e+02
   3.3919705e+01  -1.2000000e+01  -1.9837088e+02   3.9076746e+01   1.2067043e+02  -8.1202518e+01   1.4357862e+02
   3.4569000e+01  -1.2000000e+01  -1.9533846e+02   3.9274317e+01   1.1869268e+02  -8.3569255e+01   1.4191458e+02
   3.4735349e+01  -1.2000000e+01  -1.9405614e+02   3.9927202e+01   1.1708649e+02  -8.5086973e+01   1.4017052e+02
   3.5458366e+01  -1.2000000e+01  -1.9381572e+02   4.0435837e+01   1.1759864e+02  -8.6164897e+01   1.3882708e+02
   3.5739638e+01  -1.2000000e+01  -1.9387194e+02   3.8740946e+01   1.1794298e+02  -8.6108473e+01   1.3740941e+02
   3.6309502e+01  -1.2000000e+01  -1.9361001e+02   3.8927198e+01   1.1983702e+02  -8.6426207e+01   1.3704156e+02
   3.6974376e+01  -1.2000000e+01  -1.9316969e+02   3.8458661e+01   1.1823103e+02  -8.7343645e+01   1.3519201e+02
   3.7261576e+01  -1.2000000e+01  -1.9137373e+02   4.1564942e+01   1.1656164e+02  -9.0951912e+01   1.3442903e+02
   3.7564436e+01  -1.2000000e+01  -1.9137557e+02   4.4412831e+01   1.1705920e+02  -9.4841473e+01   1.3286200e+02
   3.7860230e+01  -1.2000000e+01  -1.9108582e+02   4.8115992e+01   1.1811436e+02  -9.9354547e+01   1.3197421e+02
   3.8910152e+01  -1.2000000e+01  -1.9192785e+02   5.1880037e+01   1.2065916e+02  -1.0367244e+02   1.3146032e+02
   3.9236815e+01  -1.2000000e+01  -1.9146588e+02   5.4988707e+01   1.2264785e+02  -1.0864706e+02   1.3067051e+02
   3.9672077e+01  -1.2000000e+01  -1.9156999e+02   5.5758413e+01   1.2614150e+02  -1.1058802e+02   1.3045199e+02
   4.0554877e+01  -1.2000000e+01  -1.9111556e+02   5.8122662e+01   1.2818705e+02  -1.1367648e+02   1.2927582e+02
   4.0762214e+01  -1.2000000e+01  -1.8918673e+02   5.9511097e+01   1.2836972e+02  -1.1599353e+02   1.2787923e+02
   4.2108057e+01  -1.2000000e+01  -1.9048575e+02   6.0616858e+01   1.3053880e+02  -1.1781077e+02   1.2722958e+02
   4.1759252e+01  -1.2000000e+01  -1.8983534e+02   6.0467187e+01   1.3233911e+02  -1.1853687e+02   1.2684840e+02
   4.1527835e+01  -1.2000000e+01  -1.9009922e+02   5.9284126e+01   1.3332527e+02  -1.1863239e+02   1.2601930e+02
   4.2055431e+01  -1.2000000e+01  -1.9119804e+02   5.8041768e+01   1.3523536e+02  -1.1849786e+02   1.2528460e+02
   4.1750358e+01  -1.2000000e+01  -1.9226873e+02   5.5294053e+01   1.3696436e+02  -1.2010689e+02   1.2547324e+02
   3.9475947e+01  -1.2000000e+01  -1.9296999e+02   5.1186181e+01   1.3533252e+02  -1.2229432e+02   1.2806808e+02
   3.6600180e+01  -1.2000000e+01  -1.9380185e+02   4.7023841e+01   1.3129877e+02  -1.2357851e+02   1.3462898e+02
   3.3226188e+01  -1.2000000e+01  -1.9334558e+02   4.1640101e+01   1.3024778e+02  -1.2099145e+02   1.4375225e+02
   3.0078565e+01  -1.2000000e+01  -1.9993690e+02   3.8917642e+01   1.3018456e+02  -1.1429331e+02   1.5318206e+02
   2.4761363e+01  -1.2000000e+01  -2.0312911e+02   4.1283080e+01   1.2162375e+02  -1.0650004e+02   1.5909304e+02
   1.6786692e+01  -1.2000000e+01  -2.1052176e+02   4.7308291e+01   1.1931974e+02  -9.8101645e+01   1.6531841e+02
   1.0483388e+01  -1.2000000e+01  -2.1920920e+02   5.2924418e+01   1.2280376e+02  -9.1050741e+01   1.7299604e+02
   8.7926675e+00  -1.2000000e+01  -2.2731792e+02   5.5290386e+01   1.2916086e+02  -8.4174686e+01   1.8239149e+02
   1.0404121e+01  -1.2000000e+01  -2.3511972e+02   5.4138957e+01   1.3694373e+02  -7.6155514e+01   1.9245726e+02
   1.0480806e+01  -1.2000000e+01  -2.3991924e+02   5.4654426e+01   1.4565893e+02  -6.6968790e+01   2.0259512e+02
   1.3177004e+01  -1.2000000e+01  -2.4485732e+02   5.5665501e+01   1.5311128e+02  -5.7792864e+01   2.0546507e+02
   1.4406345e+01  -1.2000000e+01  -2.4562510e+02   5.0507111e+01   1.5482818e+02  -5.3959851e+01   2.0202649e+02
   1.5220891e+01  -1.2000000e+01  -2.4353673e+02   4.6228416e+01   1.5247775e+02  -5.2807235e+01   1.9687511e+02
   1.4993329e+01  -1.2000000e+01  -2.4097467e+02   4.4316084e+01   1.5055823e+02  -5.2220766e+01   1.9219754e+02
   1.4151569e+01  -1.2000000e+01  -2.3791247e+02   4.3190756e+01   1.4807205e+02  -5.3248889e+01   1.8642709e+02
   1.5265494e+01  -1.2000000e+01  -2.3647091e+02   4.3477085e+01   1.4628863e+02  -5.5074421e+01   1.8344506e+02
   1.5346251e+01  -1.2000000e+01  -2.3326763e+02   4.4843649e+01   1.4366295e+02  -5.7888863e+01   1.7889194e+02
   1.7041580e+01  -1.2000000e+01  -2.3079699e+02   4.5716705e+01   1.4069488e+02  -6.1026046e+01   1.7454994e+02
   1.7052421e+01  -1.2000000e+01  -2.2750611e+02   4.7041359e+01   1.3785662e+02  -6.4011125e+01   1.7040784e+02
   1.9045864e+01  -1.2000000e+01  -2.2472100e+02   4.7599194e+01   1.3467958e+02  -6.7590310e+01   1.6606536e+02
   2.0471751e+01  -1.2000000e+01  -2.2186934e+02   4.8617968e+01   1.3175822e+02  -7.0715182e+01   1.6284231e+02
   2.2094779e+01  -1.2000000e+01  -2.1911713e+02   5.0350522e+01   1.2865011e+02  -7.3420160e+01   1.5937860e+02
   2.2518878e+01  -1.2000000e+01  -2.1469047e+02   5.2060174e+01   1.2540753e+02  -7.6942402e+01   1.5594185e+02
   2.5365831e+01  -1.2000000e+01  -2.1200280e+02   5.2964146e+01   1.2296424e+02  -8.0525976e+01   1.5446164e+02
   2.8571020e+01  -1.2000000e+01  -2.1147866e+02   5.3257090e+01   1.2128854e+02  -8.3698008e+01   1.5353887e+02
   2.9582180e+01  -1.2000000e+01  -2.0856982e+02   5.2049341e+01   1.2139022e+02  -8.7501769e+01   1.4987152e+02
   3.1958759e+01  -1.2000000e+01  -2.0645837e+02   5.0171071e+01   1.2144956e+02  -8.8792649e+01   1.4723238e+02
   3.3077925e+01  -1.2000000e+01  -2.0504905e+02   4.8708403e+01   1.2068959e+02  -8.9978195e+01   1.4499472e+02
   3.7410690e+01  -1.2000000e+01  -2.0629383e+02   4.2546155e+01   1.2085195e+02  -8.8019492e+01   1.4378125e+02
   3.7824867e+01  -1.2000000e+01  -2.0318505e+02   4.1104362e+01   1.2103936e+02  -8.8069105e+01   1.4178449e+02
   3.8843678e+01  -1.2000000e+01  -1.9985949e+02   3.6255973e+01   1.1927560e+02  -8.5864492e+01   1.3942712e+02
   4.0727115e+01  -1.2000000e+01  -2.0141443e+02   4.0334720e+01   1.2018196e+02  -9.0589950e+01   1.3760788e+02
   4.2671693e+01  -1.2000000e+01  -2.0284417e+02   4.0392225e+01   1.2198579e+02  -9.3107848e+01   1.3561226e+02
   4.3765944e+01  -1.2000000e+01  -2.0146894e+02   4.0916952e+01   1.2333997e+02  -9.5395413e+01   1.3371494e+02
   4.5509024e+01  -1.2000000e+01  -2.0226715e+02   4.1992881e+01   1.2649164e+02  -9.7512129e+01   1.3182025e+02
   4.6333826e+01  -1.2000000e+01  -2.0238109e+02   4.2772575e+01   1.3059580e+02  -9.9375829e+01   1.3051451e+02
   4.7913646e+01  -1.2000000e+01  -2.0119648e+02   4.1158842e+01   1.3155177e+02  -1.0057616e+02   1.2919306e+02
   4.7346016e+01  -1.2000000e+01  -1.9775868e+02   4.0225532e+01   1.3248339e+02  -1.0127929e+02   1.2785894e+02
   4.7949530e+01  -1.2000000e+01  -1.9841466e+02   4.0002900e+01   1.3550279e+02  -1.0209028e+02   1.2612027e+02
   4.7876423e+01  -1.2000000e+01  -1.9831409e+02   3.9643688e+01   1.3968635e+02  -1.0333040e+02   1.2378194e+02
   4.6956921e+01  -1.2000000e+01  -1.9747920e+02   3.8551643e+01   1.4288212e+02  -1.0604885e+02   1.2286178e+02
   4.2176459e+01  -1.2000000e+01  -1.9431837e+02   3.7675360e+01   1.4186865e+02  -1.0984717e+02   1.2525692e+02
   3.8091777e+01  -1.2000000e+01  -1.9409458e+02   3.3400860e+01   1.4150525e+02  -1.1318371e+02   1.3311481e+02
   3.5378827e+01  -1.2000000e+01  -1.9313002e+02   2.7920600e+01   1.3860793e+02  -1.1383435e+02   1.4156807e+02
   3.1608501e+01  -1.2000000e+01  -1.9608298e+02   2.6026222e+01   1.3493825e+02  -1.0870544e+02   1.4968157e+02
