   2.4241495e+01  -9.0929939e+00  -1.8673355e+02   4.1776114e+00   9.0943575e+01  -6.0820843e+01   1.5713383e+02
   2.3039534e+01  -1.7388369e+01  -2.0054460e+02   1.1571618e+01   1.0369385e+02  -6.4336879e+01   1.6975098e+02
   2.6485181e+01  -2.5087816e+01  -2.1347599e+02   1.8675857e+01   1.1604541e+02  -6.5352808e+01   1.8210405e+02
   2.9000000e+01  -2.6944154e+01  -2.1300000e+02   1.9998434e+01   1.1663438e+02  -6.4000000e+01   1.8901630e+02
   2.9000000e+01  -2.8479112e+01  -2.1300000e+02   2.4968309e+01   1.1555017e+02  -6.4000000e+01   1.9355168e+02
   2.9000000e+01  -2.8297694e+01  -2.1300000e+02   3.0067206e+01   1.1460469e+02  -6.4000000e+01   1.9582726e+02
   2.9000000e+01  -2.9312174e+01  -2.1300000e+02   3.6245748e+01   1.1452037e+02  -6.4000000e+01   1.9816037e+02
   2.9000000e+01  -3.0508501e+01  -2.1300000e+02   4.2925433e+01   1.1542119e+02  -6.4000000e+01   1.9882976e+02
   2.9000000e+01  -3.1180845e+01  -2.1300000e+02   4.5149280e+01   1.1417601e+02  -6.4000000e+01   1.9976945e+02
   2.9000000e+01  -3.0350181e+01  -2.1300000e+02   4.6526059e+01   1.1341362e+02  -6.4000000e+01   1.9976979e+02
   2.9000000e+01  -3.0077777e+01  -2.1300000e+02   4.6395108e+01   1.1286636e+02  -6.4000000e+01   1.9866393e+02
   2.9000000e+01  -2.9691616e+01  -2.1300000e+02   4.5425290e+01   1.1301659e+02  -6.4000000e+01   1.9748566e+02
   2.9000000e+01  -2.9389291e+01  -2.1300000e+02   4.5087509e+01   1.1367397e+02  -6.4000000e+01   1.9486964e+02
   2.9000000e+01  -2.6244622e+01  -2.1300000e+02   4.4860729e+01   1.1443201e+02  -6.4000000e+01   1.9133346e+02
   2.9000000e+01  -2.6028531e+01  -2.1300000e+02   4.3376091e+01   1.1520844e+02  -6.4000000e+01   1.8828459e+02
   2.9000000e+01  -2.6209628e+01  -2.1300000e+02   4.0943014e+01   1.1681773e+02  -6.4000000e+01   1.8420882e+02
   2.9000000e+01  -2.5355361e+01  -2.1300000e+02   3.9061099e+01   1.1912726e+02  -6.4000000e+01   1.8022903e+02
   2.9000000e+01  -2.4690234e+01  -2.1300000e+02   3.6723882e+01   1.2116991e+02  -6.4000000e+01   1.7664227e+02
   2.9000000e+01  -2.4275155e+01  -2.1300000e+02   3.5454035e+01   1.2341238e+02  -6.4000000e+01   1.7225159e+02
   2.9000000e+01  -2.2185071e+01  -2.1300000e+02   3.2927331e+01   1.2553208e+02  -6.4000000e+01   1.6984484e+02
   2.9000000e+01  -1.9159756e+01  -2.1300000e+02   3.1849729e+01   1.2549840e+02  -6.4000000e+01   1.6450898e+02
   2.9000000e+01  -2.0479790e+01  -2.1300000e+02   2.6957851e+01   1.2926604e+02  -6.4000000e+01   1.5817068e+02
   2.9000000e+01  -1.8415183e+01  -2.1300000e+02   2.5189854e+01   1.3132608e+02  -6.4000000e+01   1.5386013e+02
   2.9000000e+01  -1.3095654e+01  -2.1300000e+02   2.4903634e+01   1.2910167e+02  -6.4000000e+01   1.5042183e+02
   2.9000000e+01  -1.1581133e+01  -2.1300000e+02   2.2596358e+01   1.2947519e+02  -6.4000000e+01   1.4482779e+02
   2.9000000e+01  -1.1107238e+01  -2.1300000e+02   2.1952212e+01   1.3074960e+02  -6.4000000e+01   1.4065627e+02
   2.9000000e+01  -1.0272080e+01  -2.1300000e+02   2.3410160e+01   1.3176068e+02  -6.4000000e+01   1.3831679e+02
   2.9000000e+01  -7.4548958e+00  -2.1300000e+02   2.4569314e+01   1.3166944e+02  -6.4000000e+01   1.3513483e+02
   2.9000000e+01  -8.2294557e+00  -2.1300000e+02   2.5311691e+01   1.3165644e+02  -6.4000000e+01   1.3313839e+02
   2.9000000e+01  -1.2629276e+01  -2.1300000e+02   2.4868451e+01   1.3248911e+02  -6.4000000e+01   1.3021543e+02
   2.9000000e+01  -9.4347578e+00  -2.1300000e+02   2.3132244e+01   1.3333131e+02  -6.4000000e+01   1.2639027e+02
   2.9000000e+01  -6.7053650e+00  -2.1300000e+02   2.1478687e+01   1.3416708e+02  -6.4000000e+01   1.2260424e+02
   2.9000000e+01  -4.3628268e+00  -2.1300000e+02   1.9919284e+01   1.3507591e+02  -6.4000000e+01   1.1878374e+02
   2.9000000e+01  -5.0878896e+00  -2.1300000e+02   1.9152322e+01   1.3624738e+02  -6.4000000e+01   1.1617700e+02
   2.9000000e+01  -6.4272478e+00  -2.1300000e+02   1.8398029e+01   1.3748308e+02  -6.4000000e+01   1.1355261e+02
   2.9000000e+01  -9.8706341e+00  -2.1300000e+02   1.7360185e+01   1.3894960e+02  -6.4000000e+01   1.1191266e+02
   2.9000000e+01  -1.4572565e+01  -2.1300000e+02   1.4517156e+01   1.4072421e+02  -6.4000000e+01   1.1117456e+02
   2.9000000e+01  -1.6818718e+01  -2.1300000e+02   8.1423192e+00   1.4272693e+02  -6.4000000e+01   1.1608455e+02
   2.9000000e+01  -1.6973589e+01  -2.1300000e+02  -1.0302272e+00   1.4704334e+02  -6.4000000e+01   1.2423752e+02
   2.9000000e+01  -1.7187753e+01  -2.1300000e+02  -1.0193989e+01   1.4838341e+02  -6.4000000e+01   1.3528941e+02
   2.9000000e+01  -1.9488309e+01  -2.1300000e+02  -1.1797307e+01   1.4600873e+02  -6.4000000e+01   1.4704882e+02
   2.9000000e+01  -1.8645052e+01  -2.1300000e+02  -8.3855377e+00   1.4318264e+02  -6.4000000e+01   1.5906570e+02
   2.9000000e+01  -1.9810124e+01  -2.1300000e+02  -6.3093246e+00   1.3922357e+02  -6.4000000e+01   1.7108918e+02
   2.9000000e+01  -2.2711407e+01  -2.1300000e+02  -1.0694024e+00   1.3375715e+02  -6.4000000e+01   1.8185693e+02
   2.9000000e+01  -2.5440093e+01  -2.1300000e+02   5.7787912e+00   1.2832810e+02  -6.4000000e+01   1.9028957e+02
   2.9000000e+01  -2.7348366e+01  -2.1300000e+02   1.3128399e+01   1.2339778e+02  -6.4000000e+01   1.9528379e+02
   2.9000000e+01  -2.7864440e+01  -2.1300000e+02   2.0392174e+01   1.1979908e+02  -6.4000000e+01   1.9799802e+02
   2.9000000e+01  -2.8299160e+01  -2.1300000e+02   2.8146811e+01   1.1840590e+02  -6.4000000e+01   2.0022684e+02
   2.9000000e+01  -2.9303457e+01  -2.1300000e+02   3.6062284e+01   1.1817269e+02  -6.4000000e+01   2.0062035e+02
   2.9000000e+01  -2.9207733e+01  -2.1300000e+02   4.1910942e+01   1.1747896e+02  -6.4000000e+01   2.0118690e+02
   2.9000000e+01  -2.8419583e+01  -2.1300000e+02   4.3879472e+01   1.1616067e+02  -6.4000000e+01   2.0060070e+02
   2.9000000e+01  -2.8252733e+01  -2.1300000e+02   4.4249518e+01   1.1485492e+02  -6.4000000e+01   1.9884759e+02
   2.9000000e+01  -2.7478280e+01  -2.1300000e+02   4.4933658e+01   1.1400543e+02  -6.4000000e+01   1.9627399e+02
   2.9000000e+01  -2.6163938e+01  -2.1300000e+02   4.5192877e+01   1.1388040e+02  -6.4000000e+01   1.9286931e+02
   2.9000000e+01  -2.6091383e+01  -2.1300000e+02   4.4274375e+01   1.1426123e+02  -6.4000000e+01   1.9076406e+02
   2.9000000e+01  -2.4785981e+01  -2.1300000e+02   4.3254380e+01   1.1528369e+02  -6.4000000e+01   1.8636547e+02
   2.9000000e+01  -2.5154179e+01  -2.1300000e+02   4.1019033e+01   1.1691795e+02  -6.4000000e+01   1.8312594e+02
   2.9000000e+01  -2.5654945e+01  -2.1300000e+02   3.8884444e+01   1.1865520e+02  -6.4000000e+01   1.7989657e+02
   2.9000000e+01  -2.5211955e+01  -2.1300000e+02   3.6781492e+01   1.2061842e+02  -6.4000000e+01   1.7613661e+02
   2.9000000e+01  -2.4073823e+01  -2.1300000e+02   3.4096143e+01   1.2253136e+02  -6.4000000e+01   1.7141147e+02
   2.9000000e+01  -2.1192582e+01  -2.1300000e+02   3.2477776e+01   1.2526591e+02  -6.4000000e+01   1.6637510e+02
   2.9000000e+01  -1.9418140e+01  -2.1300000e+02   2.6847183e+01   1.2707293e+02  -6.4000000e+01   1.5925566e+02
   2.9000000e+01  -1.9463119e+01  -2.1300000e+02   2.2818879e+01   1.2961077e+02  -6.4000000e+01   1.5319261e+02
   2.9000000e+01  -1.6611950e+01  -2.1300000e+02   2.2293077e+01   1.2896449e+02  -6.4000000e+01   1.4804977e+02
   2.9000000e+01  -1.7290189e+01  -2.1300000e+02   1.9130807e+01   1.3111449e+02  -6.4000000e+01   1.4248553e+02
   2.9000000e+01  -1.5594240e+01  -2.1300000e+02   1.8192382e+01   1.3187784e+02  -6.4000000e+01   1.3807594e+02
   2.9000000e+01  -1.5683588e+01  -2.1300000e+02   1.8273653e+01   1.3266800e+02  -6.4000000e+01   1.3397142e+02
   2.9000000e+01  -1.2026621e+01  -2.1300000e+02   1.8193680e+01   1.3220902e+02  -6.4000000e+01   1.3073747e+02
   2.9000000e+01  -9.3925442e+00  -2.1300000e+02   1.6998237e+01   1.3145878e+02  -6.4000000e+01   1.2557638e+02
   2.9000000e+01  -1.1586528e+01  -2.1300000e+02   1.6027218e+01   1.3166936e+02  -6.4000000e+01   1.2104368e+02
   2.9000000e+01  -8.9431165e+00  -2.1300000e+02   1.4398886e+01   1.3210439e+02  -6.4000000e+01   1.1578947e+02
   2.9000000e+01  -9.2192899e+00  -2.1300000e+02   1.3362792e+01   1.3288777e+02  -6.4000000e+01   1.1227485e+02
   2.9000000e+01  -1.0257843e+01  -2.1300000e+02   1.1775443e+01   1.3394015e+02  -6.4000000e+01   1.0742565e+02
   2.9000000e+01  -1.1077311e+01  -2.1300000e+02   1.0046392e+01   1.3505825e+02  -6.4000000e+01   1.0248881e+02
   2.9000000e+01  -1.2956689e+01  -2.1300000e+02   8.4055541e+00   1.3621053e+02  -6.4000000e+01   9.8942416e+01
   2.9000000e+01  -1.1093139e+01  -2.1300000e+02   7.5426538e+00   1.3696158e+02  -6.4000000e+01   9.7219475e+01
   2.9000000e+01  -1.2706450e+01  -2.1300000e+02   6.7702759e+00   1.3769919e+02  -6.4000000e+01   9.5427454e+01
   2.9000000e+01  -1.7148280e+01  -2.1300000e+02   5.9870830e+00   1.3841514e+02  -6.4000000e+01   9.3757347e+01
   2.9000000e+01  -2.0144121e+01  -2.1300000e+02   4.8330838e+00   1.3893737e+02  -6.4000000e+01   9.5241545e+01
   2.9000000e+01  -2.0483770e+01  -2.1300000e+02   8.2960969e-01   1.4007113e+02  -6.4000000e+01   1.0178883e+02
   2.9000000e+01  -2.0770670e+01  -2.1300000e+02  -7.3486731e+00   1.4103102e+02  -6.4000000e+01   1.1264694e+02
   2.9000000e+01  -1.8723046e+01  -2.1300000e+02  -1.0485799e+01   1.4400238e+02  -6.4000000e+01   1.2494995e+02
   2.9000000e+01  -1.9592176e+01  -2.1300000e+02  -7.9448470e+00   1.4141660e+02  -6.4000000e+01   1.3744259e+02
   2.9000000e+01  -2.0333491e+01  -2.1300000e+02  -3.8167436e+00   1.3810200e+02  -6.4000000e+01   1.4972206e+02
   2.9000000e+01  -2.1887753e+01  -2.1300000e+02  -1.4978289e+00   1.3617830e+02  -6.4000000e+01   1.6166390e+02
   2.9000000e+01  -2.1828242e+01  -2.1300000e+02  -1.7518290e+00   1.3480291e+02  -6.4000000e+01   1.7332818e+02
   2.9000000e+01  -2.2084257e+01  -2.1300000e+02  -5.2574881e-01   1.3372475e+02  -6.4000000e+01   1.8423256e+02
   2.9000000e+01  -2.5530719e+01  -2.1300000e+02   3.2476947e+00   1.3074371e+02  -6.4000000e+01   1.9354916e+02
   2.9000000e+01  -2.5689974e+01  -2.1300000e+02   9.0981017e+00   1.2626269e+02  -6.4000000e+01   1.9985469e+02
   2.9000000e+01  -2.6505730e+01  -2.1300000e+02   1.7259794e+01   1.2187853e+02  -6.4000000e+01   2.0128883e+02
   2.9000000e+01  -2.7118118e+01  -2.1300000e+02   2.6444988e+01   1.2036903e+02  -6.4000000e+01   1.9982428e+02
   2.9000000e+01  -2.9803952e+01  -2.1300000e+02   3.6510842e+01   1.2215827e+02  -6.4000000e+01   1.9964216e+02
   2.9000000e+01  -2.9572067e+01  -2.1300000e+02   4.2573551e+01   1.2029244e+02  -6.4000000e+01   2.0053635e+02
   2.9000000e+01  -2.9090221e+01  -2.1300000e+02   4.4262731e+01   1.1780280e+02  -6.4000000e+01   2.0128359e+02
   2.9000000e+01  -2.8026782e+01  -2.1300000e+02   4.5110624e+01   1.1591262e+02  -6.4000000e+01   2.0048684e+02
   2.9000000e+01  -2.7482649e+01  -2.1300000e+02   4.5081058e+01   1.1515856e+02  -6.4000000e+01   1.9942774e+02
   2.9000000e+01  -2.5665459e+01  -2.1300000e+02   4.5557680e+01   1.1448681e+02  -6.4000000e+01   1.9702562e+02
   2.9000000e+01  -2.5426192e+01  -2.1300000e+02   4.5391218e+01   1.1460206e+02  -6.4000000e+01   1.9464953e+02
   2.9000000e+01  -2.5406556e+01  -2.1300000e+02   4.4572165e+01   1.1447451e+02  -6.4000000e+01   1.9224415e+02
   2.9000000e+01  -2.4177865e+01  -2.1300000e+02   4.4276441e+01   1.1556249e+02  -6.4000000e+01   1.8803683e+02
   2.9000000e+01  -2.3782573e+01  -2.1300000e+02   4.2837899e+01   1.1714910e+02  -6.4000000e+01   1.8434847e+02
   2.9000000e+01  -2.3394308e+01  -2.1300000e+02   4.0808600e+01   1.1906925e+02  -6.4000000e+01   1.8037582e+02
   2.9000000e+01  -2.5000377e+01  -2.1300000e+02   3.8468445e+01   1.2132417e+02  -6.4000000e+01   1.7730148e+02
   2.9000000e+01  -2.3747763e+01  -2.1300000e+02   3.6666656e+01   1.2362220e+02  -6.4000000e+01   1.7306964e+02
   2.9000000e+01  -2.2050244e+01  -2.1300000e+02   3.5777295e+01   1.2319810e+02  -6.4000000e+01   1.6922741e+02
   2.9000000e+01  -1.8110149e+01  -2.1300000e+02   3.4503291e+01   1.2177216e+02  -6.4000000e+01   1.6329802e+02
   2.9000000e+01  -1.7309375e+01  -2.1300000e+02   3.3415296e+01   1.2204616e+02  -6.4000000e+01   1.5882854e+02
   2.9000000e+01  -1.8565201e+01  -2.1300000e+02   2.9730468e+01   1.2467699e+02  -6.4000000e+01   1.5447798e+02
   2.9000000e+01  -2.0102000e+01  -2.1300000e+02   2.6851472e+01   1.2788266e+02  -6.4000000e+01   1.5127414e+02
   2.9000000e+01  -2.0286805e+01  -2.1300000e+02   2.4169423e+01   1.2871417e+02  -6.4000000e+01   1.4723181e+02
   2.9000000e+01  -2.0495199e+01  -2.1300000e+02   2.2279686e+01   1.2882331e+02  -6.4000000e+01   1.4292122e+02
   2.9000000e+01  -2.1044858e+01  -2.1300000e+02   2.1330544e+01   1.2983583e+02  -6.4000000e+01   1.3930245e+02
   2.9000000e+01  -2.0946008e+01  -2.1300000e+02   1.9471502e+01   1.3112918e+02  -6.4000000e+01   1.3540928e+02
   2.9000000e+01  -2.1241267e+01  -2.1300000e+02   1.7564980e+01   1.3238228e+02  -6.4000000e+01   1.3150506e+02
   2.9000000e+01  -2.0928502e+01  -2.1300000e+02   1.6034831e+01   1.3326068e+02  -6.4000000e+01   1.2835810e+02
   2.9000000e+01  -1.8639359e+01  -2.1300000e+02   1.4751056e+01   1.3409329e+02  -6.4000000e+01   1.2464167e+02
   2.9000000e+01  -1.9749369e+01  -2.1300000e+02   1.2055336e+01   1.3477609e+02  -6.4000000e+01   1.2151832e+02
   2.9000000e+01  -1.9130766e+01  -2.1300000e+02   8.8332860e+00   1.3562405e+02  -6.4000000e+01   1.1898074e+02
   2.9000000e+01  -1.9445722e+01  -2.1300000e+02   6.1059551e+00   1.3688025e+02  -6.4000000e+01   1.1830389e+02
   2.9000000e+01  -1.9940279e+01  -2.1300000e+02  -4.6118050e-01   1.3912201e+02  -6.4000000e+01   1.2475730e+02
   2.9000000e+01  -2.1673869e+01  -2.1300000e+02  -7.4828254e+00   1.3896793e+02  -6.4000000e+01   1.3558730e+02
   2.9000000e+01  -2.0146632e+01  -2.1300000e+02  -1.0168472e+01   1.4108931e+02  -6.4000000e+01   1.4680136e+02
   2.9000000e+01  -2.0734883e+01  -2.1300000e+02  -6.8086276e+00   1.3921078e+02  -6.4000000e+01   1.5869692e+02
   2.9000000e+01  -2.1658772e+01  -2.1300000e+02  -3.4267254e-01   1.3600357e+02  -6.4000000e+01   1.6976157e+02
   2.9000000e+01  -2.3259467e+01  -2.1300000e+02   6.8259936e+00   1.3293605e+02  -6.4000000e+01   1.7990714e+02
   2.9000000e+01  -2.4553409e+01  -2.1300000e+02   1.2662376e+01   1.2875012e+02  -6.4000000e+01   1.8755379e+02
   2.9000000e+01  -2.4268180e+01  -2.1300000e+02   1.8154672e+01   1.2471562e+02  -6.4000000e+01   1.9457617e+02
   2.9000000e+01  -2.2850198e+01  -2.1300000e+02   2.3299958e+01   1.2121126e+02  -6.4000000e+01   1.9994104e+02
   2.9000000e+01  -2.3428712e+01  -2.1300000e+02   2.8850108e+01   1.1854924e+02  -6.4000000e+01   2.0263323e+02
   2.9000000e+01  -2.4982806e+01  -2.1300000e+02   3.4578558e+01   1.1707809e+02  -6.4000000e+01   2.0437591e+02
   2.9000000e+01  -2.6031274e+01  -2.1300000e+02   4.2262786e+01   1.1717960e+02  -6.4000000e+01   2.0592998e+02
   2.9000000e+01  -2.6918143e+01  -2.1300000e+02   4.6954450e+01   1.1655358e+02  -6.4000000e+01   2.0550226e+02
   2.9000000e+01  -2.6816581e+01  -2.1300000e+02   4.8113809e+01   1.1479555e+02  -6.4000000e+01   2.0584458e+02
   2.9000000e+01  -2.5459066e+01  -2.1300000e+02   4.7683724e+01   1.1443539e+02  -6.4000000e+01   2.0508998e+02
   2.9000000e+01  -2.4388680e+01  -2.1300000e+02   4.7957450e+01   1.1450371e+02  -6.4000000e+01   2.0263094e+02
   2.9000000e+01  -2.3425230e+01  -2.1300000e+02   4.8081862e+01   1.1496062e+02  -6.4000000e+01   2.0103623e+02
   2.9000000e+01  -2.2235927e+01  -2.1300000e+02   4.7851106e+01   1.1525371e+02  -6.4000000e+01   1.9809178e+02
   2.9000000e+01  -2.1046624e+01  -2.1300000e+02   4.7620349e+01   1.1554681e+02  -6.4000000e+01   1.9514734e+02
   2.9000000e+01  -1.9882135e+01  -2.1300000e+02   4.7136729e+01   1.1620946e+02  -6.4000000e+01   1.9120597e+02
   2.9000000e+01  -2.0069367e+01  -2.1300000e+02   4.5143650e+01   1.1740507e+02  -6.4000000e+01   1.8810643e+02
   2.9000000e+01  -2.0269710e+01  -2.1300000e+02   4.2185957e+01   1.1973075e+02  -6.4000000e+01   1.8259517e+02
   2.9000000e+01  -2.0900530e+01  -2.1300000e+02   3.8932558e+01   1.2308657e+02  -6.4000000e+01   1.7824342e+02
   2.9000000e+01  -1.8684552e+01  -2.1300000e+02   3.6916579e+01   1.2462538e+02  -6.4000000e+01   1.7361838e+02
   2.9000000e+01  -1.6142679e+01  -2.1300000e+02   3.5528281e+01   1.2389039e+02  -6.4000000e+01   1.6754466e+02
   2.9000000e+01  -1.5658281e+01  -2.1300000e+02   3.2506444e+01   1.2610831e+02  -6.4000000e+01   1.6198688e+02
   2.9000000e+01  -1.5650698e+01  -2.1300000e+02   2.6891565e+01   1.2748082e+02  -6.4000000e+01   1.5551480e+02
   2.9000000e+01  -1.3477977e+01  -2.1300000e+02   2.5404772e+01   1.2885777e+02  -6.4000000e+01   1.5187689e+02
   2.9000000e+01  -9.1523441e+00  -2.1300000e+02   2.6213649e+01   1.2746603e+02  -6.4000000e+01   1.4733561e+02
   2.9000000e+01  -9.2941651e+00  -2.1300000e+02   2.4064734e+01   1.2703683e+02  -6.4000000e+01   1.4164566e+02
   2.9000000e+01  -1.0997993e+01  -2.1300000e+02   2.3484292e+01   1.2812082e+02  -6.4000000e+01   1.3825717e+02
   2.9000000e+01  -1.0500866e+01  -2.1300000e+02   2.2839494e+01   1.2927523e+02  -6.4000000e+01   1.3487416e+02
   2.9000000e+01  -8.6063030e+00  -2.1300000e+02   2.2498593e+01   1.2907447e+02  -6.4000000e+01   1.3204742e+02
   2.9000000e+01  -9.6369803e+00  -2.1300000e+02   2.2242093e+01   1.2887869e+02  -6.4000000e+01   1.2917160e+02
   2.9000000e+01  -7.5278854e+00  -2.1300000e+02   2.1872633e+01   1.2875155e+02  -6.4000000e+01   1.2626150e+02
   2.9000000e+01  -6.3046438e+00  -2.1300000e+02   2.0515532e+01   1.2895431e+02  -6.4000000e+01   1.2145795e+02
   2.9000000e+01  -3.5379316e+00  -2.1300000e+02   1.9059888e+01   1.2921714e+02  -6.4000000e+01   1.1672036e+02
   2.9000000e+01  -4.6999912e+00  -2.1300000e+02   1.8446812e+01   1.2982124e+02  -6.4000000e+01   1.1401481e+02
   2.9000000e+01  -7.6072233e+00  -2.1300000e+02   1.6901980e+01   1.3088854e+02  -6.4000000e+01   1.1047192e+02
   2.9000000e+01  -1.0381274e+01  -2.1300000e+02   1.4441795e+01   1.3197850e+02  -6.4000000e+01   1.0644306e+02
   2.9000000e+01  -9.8507717e+00  -2.1300000e+02   1.2373206e+01   1.3277016e+02  -6.4000000e+01   1.0404402e+02
   2.9000000e+01  -1.5107932e+01  -2.1300000e+02   9.1462838e+00   1.3378975e+02  -6.4000000e+01   1.0625331e+02
   2.9000000e+01  -1.5192129e+01  -2.1300000e+02   1.6877372e+00   1.3719096e+02  -6.4000000e+01   1.1458741e+02
   2.9000000e+01  -1.5013435e+01  -2.1300000e+02  -7.5134810e+00   1.4102797e+02  -6.4000000e+01   1.2544398e+02
   2.9000000e+01  -1.6493692e+01  -2.1300000e+02  -1.2126064e+01   1.4603552e+02  -6.4000000e+01   1.3752257e+02
   2.9000000e+01  -1.7808061e+01  -2.1300000e+02  -1.0826109e+01   1.3938901e+02  -6.4000000e+01   1.4949214e+02
   2.9000000e+01  -1.8143447e+01  -2.1300000e+02  -2.8527297e+00   1.3612456e+02  -6.4000000e+01   1.6154085e+02
   2.9000000e+01  -2.0450739e+01  -2.1300000e+02   5.1439925e+00   1.3257823e+02  -6.4000000e+01   1.7303927e+02
   2.9000000e+01  -2.2871118e+01  -2.1300000e+02   1.2973707e+01   1.2988703e+02  -6.4000000e+01   1.8288516e+02
   2.9000000e+01  -2.2741849e+01  -2.1300000e+02   1.9688372e+01   1.2725505e+02  -6.4000000e+01   1.9105270e+02
   2.9000000e+01  -2.1524843e+01  -2.1300000e+02   2.6144462e+01   1.2487192e+02  -6.4000000e+01   1.9802105e+02
   2.9000000e+01  -2.2206491e+01  -2.1300000e+02   3.2909386e+01   1.2244145e+02  -6.4000000e+01   2.0162781e+02
   2.9000000e+01  -2.3520748e+01  -2.1300000e+02   4.0161937e+01   1.2171466e+02  -6.4000000e+01   2.0401885e+02
   2.9000000e+01  -2.3984979e+01  -2.1300000e+02   4.6911929e+01   1.2141627e+02  -6.4000000e+01   2.0438220e+02
   2.9000000e+01  -2.3328335e+01  -2.1300000e+02   4.8519925e+01   1.1972063e+02  -6.4000000e+01   2.0437595e+02
   2.9000000e+01  -2.1971471e+01  -2.1300000e+02   4.9452944e+01   1.1819700e+02  -6.4000000e+01   2.0273344e+02
   2.9000000e+01  -2.1709994e+01  -2.1300000e+02   4.9542176e+01   1.1749739e+02  -6.4000000e+01   2.0087693e+02
   2.9000000e+01  -2.1436173e+01  -2.1300000e+02   4.9027490e+01   1.1692773e+02  -6.4000000e+01   1.9903150e+02
   2.9000000e+01  -2.1684563e+01  -2.1300000e+02   4.8598697e+01   1.1733723e+02  -6.4000000e+01   1.9781213e+02
   2.9000000e+01  -2.0760058e+01  -2.1300000e+02   4.7929244e+01   1.1806856e+02  -6.4000000e+01   1.9571549e+02
   2.9000000e+01  -2.0232923e+01  -2.1300000e+02   4.7437984e+01   1.1884536e+02  -6.4000000e+01   1.9346476e+02
   2.9000000e+01  -1.9628353e+01  -2.1300000e+02   4.6297964e+01   1.1971837e+02  -6.4000000e+01   1.8964621e+02
   2.9000000e+01  -2.0309350e+01  -2.1300000e+02   4.4474653e+01   1.2220488e+02  -6.4000000e+01   1.8620624e+02
   2.9000000e+01  -1.9606163e+01  -2.1300000e+02   4.2562045e+01   1.2498769e+02  -6.4000000e+01   1.8306901e+02
   2.9000000e+01  -1.9684277e+01  -2.1300000e+02   3.9590653e+01   1.2670093e+02  -6.4000000e+01   1.7808241e+02
   2.9000000e+01  -1.9893520e+01  -2.1300000e+02   3.6473117e+01   1.2911565e+02  -6.4000000e+01   1.7440658e+02
   2.9000000e+01  -2.0273433e+01  -2.1300000e+02   3.3824056e+01   1.3180338e+02  -6.4000000e+01   1.7012980e+02
   2.9000000e+01  -1.9270210e+01  -2.1300000e+02   3.2505904e+01   1.3339798e+02  -6.4000000e+01   1.6666579e+02
   2.9000000e+01  -1.7397549e+01  -2.1300000e+02   3.2396866e+01   1.3307871e+02  -6.4000000e+01   1.6245383e+02
   2.9000000e+01  -1.6634685e+01  -2.1300000e+02   3.1769513e+01   1.3313907e+02  -6.4000000e+01   1.5814359e+02
   2.9000000e+01  -1.4809557e+01  -2.1300000e+02   3.1718705e+01   1.3296858e+02  -6.4000000e+01   1.5511395e+02
   2.9000000e+01  -1.4754286e+01  -2.1300000e+02   3.1181097e+01   1.3363457e+02  -6.4000000e+01   1.5268489e+02
   2.9000000e+01  -1.5296786e+01  -2.1300000e+02   2.9818036e+01   1.3468919e+02  -6.4000000e+01   1.5012409e+02
   2.9000000e+01  -1.4891143e+01  -2.1300000e+02   2.7734214e+01   1.3578944e+02  -6.4000000e+01   1.4723191e+02
   2.9000000e+01  -1.6244030e+01  -2.1300000e+02   2.6793836e+01   1.3810380e+02  -6.4000000e+01   1.4537845e+02
   2.9000000e+01  -1.6158088e+01  -2.1300000e+02   2.5628954e+01   1.3954775e+02  -6.4000000e+01   1.4277133e+02
   2.9000000e+01  -1.6692889e+01  -2.1300000e+02   2.4524836e+01   1.4097248e+02  -6.4000000e+01   1.4015468e+02
   2.9000000e+01  -1.8208657e+01  -2.1300000e+02   2.2829130e+01   1.4277698e+02  -6.4000000e+01   1.3765827e+02
   2.9000000e+01  -1.9169303e+01  -2.1300000e+02   2.1113169e+01   1.4458126e+02  -6.4000000e+01   1.3518426e+02
   2.9000000e+01  -1.9028261e+01  -2.1300000e+02   2.0806623e+01   1.4624783e+02  -6.4000000e+01   1.3312435e+02
   2.9000000e+01  -1.8838730e+01  -2.1300000e+02   1.9697923e+01   1.4708287e+02  -6.4000000e+01   1.3124795e+02
   2.9000000e+01  -1.8638096e+01  -2.1300000e+02   1.9850841e+01   1.4867728e+02  -6.4000000e+01   1.3000990e+02
   2.9000000e+01  -1.8754900e+01  -2.1300000e+02   1.9258290e+01   1.4922461e+02  -6.4000000e+01   1.2797529e+02
   2.9000000e+01  -1.9977320e+01  -2.1300000e+02   1.9196226e+01   1.4965248e+02  -6.4000000e+01   1.2687637e+02
   2.9000000e+01  -1.9970444e+01  -2.1300000e+02   1.9072962e+01   1.5011453e+02  -6.4000000e+01   1.2574125e+02
   2.9000000e+01  -2.0194638e+01  -2.1300000e+02   1.8961478e+01   1.5060303e+02  -6.4000000e+01   1.2455159e+02
   2.9000000e+01  -1.9382124e+01  -2.1300000e+02   1.8849737e+01   1.5116121e+02  -6.4000000e+01   1.2334775e+02
   2.9000000e+01  -1.9617643e+01  -2.1300000e+02   1.8767521e+01   1.5177306e+02  -6.4000000e+01   1.2210527e+02
   2.9000000e+01  -1.9398428e+01  -2.1300000e+02   1.8504353e+01   1.5373038e+02  -6.4000000e+01   1.2101122e+02
   2.9000000e+01  -1.9530443e+01  -2.1300000e+02   1.8260510e+01   1.5568170e+02  -6.4000000e+01   1.1990506e+02
   2.9000000e+01  -2.0980324e+01  -2.1300000e+02   1.8036612e+01   1.5762680e+02  -6.4000000e+01   1.1875773e+02
   2.9000000e+01  -1.9695926e+01  -2.1300000e+02   1.7735124e+01   1.5958322e+02  -6.4000000e+01   1.1761622e+02
   2.9000000e+01  -2.0236704e+01  -2.1300000e+02   1.7459286e+01   1.6151334e+02  -6.4000000e+01   1.1648310e+02
   2.9000000e+01  -2.0078156e+01  -2.1300000e+02   1.7125968e+01   1.6343019e+02  -6.4000000e+01   1.1539267e+02
   2.9000000e+01  -1.8901909e+01  -2.1300000e+02   1.6674779e+01   1.6535043e+02  -6.4000000e+01   1.1434089e+02
   2.9000000e+01  -1.8038575e+01  -2.1300000e+02   1.4261447e+01   1.6654674e+02  -6.4000000e+01   1.1390281e+02
   2.9000000e+01  -1.8203887e+01  -2.1300000e+02   9.2200821e+00   1.6661147e+02  -6.4000000e+01   1.1495398e+02
   2.9000000e+01  -1.8700710e+01  -2.1300000e+02   1.9618118e+00   1.6361950e+02  -6.4000000e+01   1.1992338e+02
   2.9000000e+01  -1.9642731e+01  -2.1300000e+02  -7.2067405e+00   1.5914829e+02  -6.4000000e+01   1.2938678e+02
   2.9000000e+01  -1.7212310e+01  -2.1300000e+02  -1.0956057e+01   1.5179556e+02  -6.4000000e+01   1.4051421e+02
   2.9000000e+01  -2.0570544e+01  -2.1300000e+02  -7.3151915e+00   1.4184631e+02  -6.4000000e+01   1.5190217e+02
   2.9000000e+01  -2.4193121e+01  -2.1300000e+02  -6.2412775e-01   1.3438562e+02  -6.4000000e+01   1.6303740e+02
   2.9000000e+01  -2.7091970e+01  -2.1300000e+02   6.0092440e+00   1.2886316e+02  -6.4000000e+01   1.7266705e+02
   2.9000000e+01  -2.8867947e+01  -2.1300000e+02   1.3985036e+01   1.2421626e+02  -6.4000000e+01   1.8100769e+02
   2.9000000e+01  -2.8701225e+01  -2.1300000e+02   2.1750390e+01   1.2049098e+02  -6.4000000e+01   1.8697896e+02
   2.9000000e+01  -2.8788449e+01  -2.1300000e+02   3.0073356e+01   1.1977470e+02  -6.4000000e+01   1.9187235e+02
   2.9000000e+01  -2.9679866e+01  -2.1300000e+02   3.9139627e+01   1.2101144e+02  -6.4000000e+01   1.9393426e+02
   2.9000000e+01  -2.8348587e+01  -2.1300000e+02   4.2964573e+01   1.1884308e+02  -6.4000000e+01   1.9495570e+02
   2.9000000e+01  -2.7814329e+01  -2.1300000e+02   4.3590673e+01   1.1672638e+02  -6.4000000e+01   1.9498555e+02
   2.9000000e+01  -2.6544360e+01  -2.1300000e+02   4.4549158e+01   1.1556092e+02  -6.4000000e+01   1.9344549e+02
   2.9000000e+01  -2.6568665e+01  -2.1300000e+02   4.4016053e+01   1.1539472e+02  -6.4000000e+01   1.9105366e+02
   2.9000000e+01  -2.5197893e+01  -2.1300000e+02   4.3625526e+01   1.1558094e+02  -6.4000000e+01   1.8890503e+02
   2.9000000e+01  -2.4752048e+01  -2.1300000e+02   4.2970950e+01   1.1620513e+02  -6.4000000e+01   1.8590129e+02
   2.9000000e+01  -2.3761426e+01  -2.1300000e+02   4.1813087e+01   1.1749914e+02  -6.4000000e+01   1.8255632e+02
   2.9000000e+01  -2.4326456e+01  -2.1300000e+02   3.9611063e+01   1.1935961e+02  -6.4000000e+01   1.7939246e+02
   2.9000000e+01  -2.3494258e+01  -2.1300000e+02   3.6727505e+01   1.2182760e+02  -6.4000000e+01   1.7448435e+02
   2.9000000e+01  -2.3484919e+01  -2.1300000e+02   3.3901424e+01   1.2460113e+02  -6.4000000e+01   1.7059616e+02
   2.9000000e+01  -2.3264201e+01  -2.1300000e+02   3.2112458e+01   1.2717379e+02  -6.4000000e+01   1.6573774e+02
   2.9000000e+01  -2.3697250e+01  -2.1300000e+02   2.9473790e+01   1.2985353e+02  -6.4000000e+01   1.6138827e+02
   2.9000000e+01  -2.0561921e+01  -2.1300000e+02   2.8865543e+01   1.3059960e+02  -6.4000000e+01   1.5720898e+02
   2.9000000e+01  -1.7236813e+01  -2.1300000e+02   2.9676487e+01   1.2876965e+02  -6.4000000e+01   1.5402142e+02
   2.9000000e+01  -1.6542889e+01  -2.1300000e+02   2.7245083e+01   1.3038829e+02  -6.4000000e+01   1.4928351e+02
   2.9000000e+01  -1.5022654e+01  -2.1300000e+02   2.6605398e+01   1.3228345e+02  -6.4000000e+01   1.4544968e+02
   2.9000000e+01  -1.4213319e+01  -2.1300000e+02   2.6204947e+01   1.3218713e+02  -6.4000000e+01   1.4263326e+02
   2.9000000e+01  -1.0619948e+01  -2.1300000e+02   2.5591293e+01   1.3159556e+02  -6.4000000e+01   1.3900605e+02
   2.9000000e+01  -1.1588037e+01  -2.1300000e+02   2.5943822e+01   1.3237788e+02  -6.4000000e+01   1.3684797e+02
   2.9000000e+01  -1.2754967e+01  -2.1300000e+02   2.5103100e+01   1.3346052e+02  -6.4000000e+01   1.3380142e+02
   2.9000000e+01  -1.1043868e+01  -2.1300000e+02   2.5525845e+01   1.3424773e+02  -6.4000000e+01   1.3154456e+02
   2.9000000e+01  -8.8382716e+00  -2.1300000e+02   2.5917243e+01   1.3500142e+02  -6.4000000e+01   1.2925964e+02
   2.9000000e+01  -8.9324911e+00  -2.1300000e+02   2.6092078e+01   1.3563815e+02  -6.4000000e+01   1.2642873e+02
   2.9000000e+01  -7.2794662e+00  -2.1300000e+02   2.6232220e+01   1.3632302e+02  -6.4000000e+01   1.2362654e+02
   2.9000000e+01  -6.4646485e+00  -2.1300000e+02   2.6418603e+01   1.3706083e+02  -6.4000000e+01   1.2086477e+02
   2.9000000e+01  -5.8763320e+00  -2.1300000e+02   2.5786405e+01   1.3858785e+02  -6.4000000e+01   1.1832772e+02
   2.9000000e+01  -8.5473651e+00  -2.1300000e+02   2.5245854e+01   1.4009706e+02  -6.4000000e+01   1.1578473e+02
   2.9000000e+01  -8.1172377e+00  -2.1300000e+02   2.4540651e+01   1.4168297e+02  -6.4000000e+01   1.1330446e+02
   2.9000000e+01  -8.2781906e+00  -2.1300000e+02   2.3812524e+01   1.4329099e+02  -6.4000000e+01   1.1085248e+02
   2.9000000e+01  -9.4835458e+00  -2.1300000e+02   2.3003295e+01   1.4488671e+02  -6.4000000e+01   1.0841600e+02
   2.9000000e+01  -1.4346957e+01  -2.1300000e+02   1.9336842e+01   1.4597276e+02  -6.4000000e+01   1.0799663e+02
   2.9000000e+01  -1.6267376e+01  -2.1300000e+02   1.1557439e+01   1.4671231e+02  -6.4000000e+01   1.1196789e+02
   2.9000000e+01  -1.6317402e+01  -2.1300000e+02   1.2905950e+00   1.4727069e+02  -6.4000000e+01   1.2063580e+02
   2.9000000e+01  -1.6322009e+01  -2.1300000e+02  -8.4194819e+00   1.4802704e+02  -6.4000000e+01   1.3170296e+02
