   1.6930356e+02  -1.7580755e+02   1.8193973e+02  -1.3036447e+01  -8.2382156e+01  -1.2231249e+02   1.5419344e+02
   1.7308861e+02  -1.7381342e+02   1.9180563e+02  -1.5040408e+01  -8.4052414e+01  -1.3624000e+02   1.6094863e+02
   1.7687365e+02  -1.7181928e+02   2.0167153e+02  -1.7044368e+01  -8.5722671e+01  -1.5016751e+02   1.6770381e+02
   1.8065870e+02  -1.6982515e+02   2.1153743e+02  -1.9048329e+01  -8.7392928e+01  -1.6409502e+02   1.7445899e+02
   1.8981551e+02  -1.6700000e+02   2.1300000e+02  -7.2732026e+00  -9.7824221e+01  -1.7300000e+02   1.8462949e+02
   1.9413567e+02  -1.6700000e+02   2.1300000e+02  -2.4998823e-01  -8.9565393e+01  -1.7300000e+02   1.9344358e+02
   1.9805556e+02  -1.6700000e+02   2.1300000e+02  -1.0148674e+00  -7.9858596e+01  -1.7300000e+02   1.9983431e+02
   2.0081192e+02  -1.6700000e+02   2.1300000e+02  -5.1994081e+00  -7.2575537e+01  -1.7300000e+02   2.0421202e+02
   2.0320681e+02  -1.6700000e+02   2.1300000e+02  -1.1614150e+01  -6.6878138e+01  -1.7300000e+02   2.0611397e+02
   2.0575545e+02  -1.6700000e+02   2.1300000e+02  -1.8685821e+01  -6.2543045e+01  -1.7300000e+02   2.0977883e+02
   2.0743703e+02  -1.6700000e+02   2.1300000e+02  -2.5968584e+01  -5.9249005e+01  -1.7300000e+02   2.1319108e+02
   2.0705420e+02  -1.6700000e+02   2.1300000e+02  -3.5300056e+01  -5.4887593e+01  -1.7300000e+02   2.1619549e+02
   2.0355450e+02  -1.6700000e+02   2.1300000e+02  -4.4642854e+01  -4.9328947e+01  -1.7300000e+02   2.1844746e+02
   2.0236204e+02  -1.6700000e+02   2.1300000e+02  -4.8942084e+01  -4.6331653e+01  -1.7300000e+02   2.1763605e+02
   2.0120966e+02  -1.6700000e+02   2.1300000e+02  -4.5651481e+01  -4.5269234e+01  -1.7300000e+02   2.1276152e+02
   1.9948564e+02  -1.6700000e+02   2.1300000e+02  -4.1117804e+01  -4.4666832e+01  -1.7300000e+02   2.0665638e+02
   1.9763440e+02  -1.6700000e+02   2.1300000e+02  -3.6490558e+01  -4.3863259e+01  -1.7300000e+02   1.9902423e+02
   1.9578038e+02  -1.6700000e+02   2.1300000e+02  -3.2232181e+01  -4.2969027e+01  -1.7300000e+02   1.9119157e+02
   1.9431228e+02  -1.6700000e+02   2.1300000e+02  -2.8251804e+01  -4.2134006e+01  -1.7300000e+02   1.8325762e+02
   1.9281149e+02  -1.6700000e+02   2.1300000e+02  -2.4137951e+01  -4.1490589e+01  -1.7300000e+02   1.7585172e+02
   1.9084739e+02  -1.6700000e+02   2.1300000e+02  -2.0865443e+01  -4.1676822e+01  -1.7300000e+02   1.6931795e+02
   1.8919033e+02  -1.6700000e+02   2.1300000e+02  -1.6956332e+01  -4.1977422e+01  -1.7300000e+02   1.6341397e+02
   1.8708611e+02  -1.6700000e+02   2.1300000e+02  -1.2597263e+01  -4.2107028e+01  -1.7300000e+02   1.5829137e+02
   1.8582064e+02  -1.6700000e+02   2.1300000e+02  -9.1883302e+00  -4.2408707e+01  -1.7300000e+02   1.5243395e+02
   1.8300259e+02  -1.6700000e+02   2.1300000e+02  -6.7782071e+00  -4.3810541e+01  -1.7300000e+02   1.4707277e+02
   1.8052676e+02  -1.6700000e+02   2.1300000e+02  -3.5213515e+00  -4.5374831e+01  -1.7300000e+02   1.4299833e+02
   1.7754146e+02  -1.6700000e+02   2.1300000e+02  -2.6893016e-01  -4.6815828e+01  -1.7300000e+02   1.3894921e+02
   1.7384452e+02  -1.6700000e+02   2.1300000e+02   1.2267955e+00  -4.9880570e+01  -1.7300000e+02   1.3449416e+02
   1.7201422e+02  -1.6700000e+02   2.1300000e+02   2.3686826e+00  -5.2848181e+01  -1.7300000e+02   1.3080094e+02
   1.6840915e+02  -1.6700000e+02   2.1300000e+02   3.8885158e+00  -5.5973150e+01  -1.7300000e+02   1.2832056e+02
   1.6669399e+02  -1.6700000e+02   2.1300000e+02   3.5959692e+00  -5.9239565e+01  -1.7300000e+02   1.2454338e+02
   1.6369462e+02  -1.6700000e+02   2.1300000e+02   3.2074334e+00  -6.2291360e+01  -1.7300000e+02   1.2085841e+02
   1.6095826e+02  -1.6700000e+02   2.1300000e+02   1.8166238e+00  -6.4229706e+01  -1.7300000e+02   1.1852464e+02
   1.5994037e+02  -1.6700000e+02   2.1300000e+02   2.9222967e-01  -6.6078186e+01  -1.7300000e+02   1.1619434e+02
   1.5905389e+02  -1.6700000e+02   2.1300000e+02  -1.3869558e+00  -6.7227284e+01  -1.7300000e+02   1.1273947e+02
   1.5759222e+02  -1.6700000e+02   2.1300000e+02  -2.9907878e+00  -6.8022154e+01  -1.7300000e+02   1.1040992e+02
   1.5713494e+02  -1.6700000e+02   2.1300000e+02  -4.5246094e+00  -6.8821956e+01  -1.7300000e+02   1.0795310e+02
   1.5747834e+02  -1.6700000e+02   2.1300000e+02  -4.6261684e+00  -6.9654139e+01  -1.7300000e+02   1.0380847e+02
   1.5681184e+02  -1.6700000e+02   2.1300000e+02  -3.5617085e+00  -7.0492428e+01  -1.7300000e+02   1.0045297e+02
   1.5772535e+02  -1.6700000e+02   2.1300000e+02  -2.5314036e+00  -7.1309173e+01  -1.7300000e+02   9.7467526e+01
   1.6477134e+02  -1.6700000e+02   2.1300000e+02  -1.8999317e+00  -7.1956352e+01  -1.7300000e+02   9.6496906e+01
   1.6800961e+02  -1.6700000e+02   2.1300000e+02   2.2238414e-01  -7.2806789e+01  -1.7300000e+02   9.7211023e+01
   1.7090200e+02  -1.6700000e+02   2.1300000e+02   3.3298140e+00  -7.4181176e+01  -1.7300000e+02   1.0019183e+02
   1.7395952e+02  -1.6700000e+02   2.1300000e+02   7.4602332e+00  -7.7394797e+01  -1.7300000e+02   1.0682517e+02
   1.7659054e+02  -1.6700000e+02   2.1300000e+02   1.1278021e+01  -8.0160445e+01  -1.7300000e+02   1.1516591e+02
   1.8051548e+02  -1.6700000e+02   2.1300000e+02   1.6373380e+01  -7.8425023e+01  -1.7300000e+02   1.2581594e+02
   1.8339410e+02  -1.6700000e+02   2.1300000e+02   2.3352339e+01  -7.0976086e+01  -1.7300000e+02   1.3745383e+02
   1.8607161e+02  -1.6700000e+02   2.1300000e+02   2.9661850e+01  -6.1107575e+01  -1.7300000e+02   1.4968207e+02
   1.9222118e+02  -1.6700000e+02   2.1300000e+02   2.9407136e+01  -5.2227774e+01  -1.7300000e+02   1.6206122e+02
   1.9842668e+02  -1.6700000e+02   2.1300000e+02   2.0169661e+01  -5.1796536e+01  -1.7300000e+02   1.7259610e+02
   2.0093536e+02  -1.6700000e+02   2.1300000e+02   1.1921066e+01  -5.3484647e+01  -1.7300000e+02   1.8178713e+02
   2.0372445e+02  -1.6700000e+02   2.1300000e+02   3.9550305e+00  -5.4937380e+01  -1.7300000e+02   1.8782214e+02
   2.0717919e+02  -1.6700000e+02   2.1300000e+02  -4.8105828e+00  -5.4020157e+01  -1.7300000e+02   1.9302712e+02
   2.0993467e+02  -1.6700000e+02   2.1300000e+02  -1.3195558e+01  -5.2801213e+01  -1.7300000e+02   1.9847745e+02
   2.1155280e+02  -1.6700000e+02   2.1300000e+02  -2.1264097e+01  -5.1152108e+01  -1.7300000e+02   2.0426383e+02
   2.1118691e+02  -1.6700000e+02   2.1300000e+02  -3.0128070e+01  -4.8742757e+01  -1.7300000e+02   2.1010456e+02
   2.0873933e+02  -1.6700000e+02   2.1300000e+02  -3.9748799e+01  -4.4128178e+01  -1.7300000e+02   2.1325731e+02
   2.0560677e+02  -1.6700000e+02   2.1300000e+02  -4.7580659e+01  -4.0402504e+01  -1.7300000e+02   2.1157269e+02
   2.0457957e+02  -1.6700000e+02   2.1300000e+02  -4.6640977e+01  -3.9958615e+01  -1.7300000e+02   2.0842479e+02
   2.0305172e+02  -1.6700000e+02   2.1300000e+02  -4.3441592e+01  -4.0193813e+01  -1.7300000e+02   2.0385788e+02
   2.0195266e+02  -1.6700000e+02   2.1300000e+02  -4.0425271e+01  -4.0468517e+01  -1.7300000e+02   1.9678516e+02
   1.9949299e+02  -1.6700000e+02   2.1300000e+02  -3.5660302e+01  -4.1009671e+01  -1.7300000e+02   1.8892785e+02
   1.9795069e+02  -1.6700000e+02   2.1300000e+02  -3.1561844e+01  -4.1423282e+01  -1.7300000e+02   1.8049012e+02
   1.9612297e+02  -1.6700000e+02   2.1300000e+02  -2.7594729e+01  -4.1492318e+01  -1.7300000e+02   1.7335758e+02
   1.9489246e+02  -1.6700000e+02   2.1300000e+02  -2.4320249e+01  -4.1177721e+01  -1.7300000e+02   1.6756242e+02
   1.9303945e+02  -1.6700000e+02   2.1300000e+02  -2.0710337e+01  -4.1062098e+01  -1.7300000e+02   1.6232161e+02
   1.9138170e+02  -1.6700000e+02   2.1300000e+02  -1.8227451e+01  -4.2187350e+01  -1.7300000e+02   1.5686882e+02
   1.8921652e+02  -1.6700000e+02   2.1300000e+02  -1.5645489e+01  -4.3105334e+01  -1.7300000e+02   1.5220337e+02
   1.8725973e+02  -1.6700000e+02   2.1300000e+02  -1.3023242e+01  -4.4419982e+01  -1.7300000e+02   1.4649999e+02
   1.8535917e+02  -1.6700000e+02   2.1300000e+02  -1.0716873e+01  -4.5565575e+01  -1.7300000e+02   1.4285505e+02
   1.8280819e+02  -1.6700000e+02   2.1300000e+02  -6.7702948e+00  -4.7033350e+01  -1.7300000e+02   1.4014036e+02
   1.7966834e+02  -1.6700000e+02   2.1300000e+02  -4.3690576e+00  -4.9433799e+01  -1.7300000e+02   1.3582299e+02
   1.7777311e+02  -1.6700000e+02   2.1300000e+02  -3.0642528e+00  -5.1502575e+01  -1.7300000e+02   1.3214351e+02
   1.7555913e+02  -1.6700000e+02   2.1300000e+02  -1.9096063e+00  -5.3657893e+01  -1.7300000e+02   1.2833431e+02
   1.7269266e+02  -1.6700000e+02   2.1300000e+02  -8.0268227e-01  -5.5883930e+01  -1.7300000e+02   1.2436868e+02
   1.6897956e+02  -1.6700000e+02   2.1300000e+02  -1.4467288e-01  -5.9043188e+01  -1.7300000e+02   1.2189040e+02
   1.6577977e+02  -1.6700000e+02   2.1300000e+02  -9.1593862e-01  -6.1578892e+01  -1.7300000e+02   1.1895283e+02
   1.6319684e+02  -1.6700000e+02   2.1300000e+02  -1.7601369e+00  -6.4000512e+01  -1.7300000e+02   1.1615295e+02
   1.6019689e+02  -1.6700000e+02   2.1300000e+02  -2.7130852e+00  -6.5377689e+01  -1.7300000e+02   1.1417926e+02
   1.5833953e+02  -1.6700000e+02   2.1300000e+02  -3.6299600e+00  -6.6735066e+01  -1.7300000e+02   1.1214441e+02
   1.5832639e+02  -1.6700000e+02   2.1300000e+02  -4.6069080e+00  -6.8040745e+01  -1.7300000e+02   1.1002732e+02
   1.5662460e+02  -1.6700000e+02   2.1300000e+02  -5.1154498e+00  -6.8889322e+01  -1.7300000e+02   1.0655618e+02
   1.5607548e+02  -1.6700000e+02   2.1300000e+02  -5.5353248e+00  -6.9719921e+01  -1.7300000e+02   1.0318953e+02
   1.5588033e+02  -1.6700000e+02   2.1300000e+02  -5.9045049e+00  -7.0498081e+01  -1.7300000e+02   9.9978387e+01
   1.5552110e+02  -1.6700000e+02   2.1300000e+02  -5.1301948e+00  -7.0906746e+01  -1.7300000e+02   9.8109651e+01
   1.5465946e+02  -1.6700000e+02   2.1300000e+02  -4.3297864e+00  -7.1293338e+01  -1.7300000e+02   9.6295680e+01
   1.5380757e+02  -1.6700000e+02   2.1300000e+02  -3.7391189e+00  -7.1538539e+01  -1.7300000e+02   9.5596148e+01
   1.5295569e+02  -1.6700000e+02   2.1300000e+02  -3.1484514e+00  -7.1783740e+01  -1.7300000e+02   9.4896616e+01
   1.5311219e+02  -1.6700000e+02   2.1300000e+02  -2.4542198e+00  -7.2028829e+01  -1.7300000e+02   9.4300330e+01
   1.5476671e+02  -1.6700000e+02   2.1300000e+02  -2.9235951e-01  -7.2293811e+01  -1.7300000e+02   9.4047151e+01
   1.5633470e+02  -1.6700000e+02   2.1300000e+02   2.7383696e+00  -7.2597637e+01  -1.7300000e+02   9.4502308e+01
   1.6223513e+02  -1.6700000e+02   2.1300000e+02   3.9323055e+00  -7.2977125e+01  -1.7300000e+02   9.5025496e+01
   1.7058303e+02  -1.6700000e+02   2.1300000e+02   5.3168777e+00  -7.3678666e+01  -1.7300000e+02   9.8752978e+01
   1.7800676e+02  -1.6700000e+02   2.1300000e+02   6.4894503e+00  -7.5159610e+01  -1.7300000e+02   1.0327644e+02
   1.8229685e+02  -1.6700000e+02   2.1300000e+02   1.1027579e+01  -7.8477696e+01  -1.7300000e+02   1.1137951e+02
   1.8421818e+02  -1.6700000e+02   2.1300000e+02   1.6951458e+01  -7.8709429e+01  -1.7300000e+02   1.2196262e+02
   1.8818487e+02  -1.6700000e+02   2.1300000e+02   2.4169088e+01  -7.3470722e+01  -1.7300000e+02   1.3357413e+02
   1.9198818e+02  -1.6700000e+02   2.1300000e+02   3.1860829e+01  -6.4473866e+01  -1.7300000e+02   1.4570403e+02
   1.9445577e+02  -1.6700000e+02   2.1300000e+02   3.8670681e+01  -5.4393407e+01  -1.7300000e+02   1.5815728e+02
   1.9803713e+02  -1.6700000e+02   2.1300000e+02   3.6008623e+01  -4.7196932e+01  -1.7300000e+02   1.7046853e+02
   2.0192578e+02  -1.6700000e+02   2.1300000e+02   2.7441867e+01  -4.7990826e+01  -1.7300000e+02   1.8141614e+02
   2.0596906e+02  -1.6700000e+02   2.1300000e+02   1.6700714e+01  -4.9576406e+01  -1.7300000e+02   1.8712064e+02
   2.0864076e+02  -1.6700000e+02   2.1300000e+02   5.0302148e+00  -4.6722112e+01  -1.7300000e+02   1.8715790e+02
   2.0975015e+02  -1.6700000e+02   2.1300000e+02  -6.7404640e+00  -4.2240064e+01  -1.7300000e+02   1.8821762e+02
   2.1046505e+02  -1.6700000e+02   2.1300000e+02  -1.8485884e+01  -3.6807113e+01  -1.7300000e+02   1.9355210e+02
   2.0939616e+02  -1.6700000e+02   2.1300000e+02  -3.0242059e+01  -3.0756790e+01  -1.7300000e+02   1.9772996e+02
   2.0804494e+02  -1.6700000e+02   2.1300000e+02  -3.9733120e+01  -2.8273150e+01  -1.7300000e+02   2.0295049e+02
   2.0780175e+02  -1.6700000e+02   2.1300000e+02  -4.2157823e+01  -2.8883498e+01  -1.7300000e+02   2.0657958e+02
   2.0629367e+02  -1.6700000e+02   2.1300000e+02  -4.0972169e+01  -3.0986812e+01  -1.7300000e+02   2.0646493e+02
   2.0446944e+02  -1.6700000e+02   2.1300000e+02  -3.8288912e+01  -3.3712936e+01  -1.7300000e+02   2.0144842e+02
   2.0258456e+02  -1.6700000e+02   2.1300000e+02  -3.5757153e+01  -3.5001346e+01  -1.7300000e+02   1.9633748e+02
   2.0056999e+02  -1.6700000e+02   2.1300000e+02  -3.3219132e+01  -3.6210435e+01  -1.7300000e+02   1.9124445e+02
   1.9886372e+02  -1.6700000e+02   2.1300000e+02  -3.0127966e+01  -3.7057478e+01  -1.7300000e+02   1.8517487e+02
   1.9690943e+02  -1.6700000e+02   2.1300000e+02  -2.7335065e+01  -3.7737386e+01  -1.7300000e+02   1.7890664e+02
   1.9587121e+02  -1.6700000e+02   2.1300000e+02  -2.4534349e+01  -3.7746580e+01  -1.7300000e+02   1.7281492e+02
   1.9384744e+02  -1.6700000e+02   2.1300000e+02  -2.1571318e+01  -3.8177064e+01  -1.7300000e+02   1.6776031e+02
   1.9162010e+02  -1.6700000e+02   2.1300000e+02  -1.7996529e+01  -3.8701515e+01  -1.7300000e+02   1.6317950e+02
   1.8994508e+02  -1.6700000e+02   2.1300000e+02  -1.5650546e+01  -3.9167779e+01  -1.7300000e+02   1.6048126e+02
   1.8829176e+02  -1.6700000e+02   2.1300000e+02  -1.3617900e+01  -3.9740261e+01  -1.7300000e+02   1.5708592e+02
   1.8631252e+02  -1.6700000e+02   2.1300000e+02  -1.0910476e+01  -4.0904778e+01  -1.7300000e+02   1.5258447e+02
   1.8378120e+02  -1.6700000e+02   2.1300000e+02  -7.6098545e+00  -4.2011605e+01  -1.7300000e+02   1.4873281e+02
   1.8070452e+02  -1.6700000e+02   2.1300000e+02  -5.1145692e+00  -4.3145268e+01  -1.7300000e+02   1.4611919e+02
   1.7816166e+02  -1.6700000e+02   2.1300000e+02  -2.9927093e+00  -4.4781313e+01  -1.7300000e+02   1.4184468e+02
   1.7559893e+02  -1.6700000e+02   2.1300000e+02  -2.4362356e-01  -4.6651935e+01  -1.7300000e+02   1.3877025e+02
   1.7398965e+02  -1.6700000e+02   2.1300000e+02   1.7899965e+00  -4.9369699e+01  -1.7300000e+02   1.3448374e+02
   1.7135196e+02  -1.6700000e+02   2.1300000e+02   2.9483121e+00  -5.1491004e+01  -1.7300000e+02   1.3256135e+02
   1.6879605e+02  -1.6700000e+02   2.1300000e+02   3.4646987e+00  -5.3811480e+01  -1.7300000e+02   1.3055219e+02
   1.6749571e+02  -1.6700000e+02   2.1300000e+02   2.6922042e+00  -5.5202967e+01  -1.7300000e+02   1.2850023e+02
   1.6588968e+02  -1.6700000e+02   2.1300000e+02   1.9288597e+00  -5.6634200e+01  -1.7300000e+02   1.2620014e+02
   1.6469593e+02  -1.6700000e+02   2.1300000e+02   1.2852846e+00  -5.8097488e+01  -1.7300000e+02   1.2344401e+02
   1.6330535e+02  -1.6700000e+02   2.1300000e+02   1.7877144e+00  -5.9661841e+01  -1.7300000e+02   1.2150224e+02
   1.6279456e+02  -1.6700000e+02   2.1300000e+02   1.7893213e+00  -6.0900352e+01  -1.7300000e+02   1.1845409e+02
   1.6318830e+02  -1.6700000e+02   2.1300000e+02   1.8399982e+00  -6.2070260e+01  -1.7300000e+02   1.1547234e+02
   1.6230545e+02  -1.6700000e+02   2.1300000e+02   1.9463662e+00  -6.3077391e+01  -1.7300000e+02   1.1229241e+02
   1.6333082e+02  -1.6700000e+02   2.1300000e+02   2.1125304e+00  -6.4053642e+01  -1.7300000e+02   1.0928611e+02
   1.6389188e+02  -1.6700000e+02   2.1300000e+02   7.0170319e+00  -6.4607346e+01  -1.7300000e+02   1.1162038e+02
   1.6554123e+02  -1.6700000e+02   2.1300000e+02   1.4332186e+01  -6.6087363e+01  -1.7300000e+02   1.1526418e+02
   1.6964352e+02  -1.6700000e+02   2.1300000e+02   2.1687075e+01  -6.6914899e+01  -1.7300000e+02   1.2262246e+02
   1.7674814e+02  -1.6700000e+02   2.1300000e+02   2.8617376e+01  -6.3530639e+01  -1.7300000e+02   1.3313073e+02
   1.8188269e+02  -1.6700000e+02   2.1300000e+02   3.5547655e+01  -5.6806680e+01  -1.7300000e+02   1.4465546e+02
   1.8553547e+02  -1.6700000e+02   2.1300000e+02   3.9380748e+01  -5.0751155e+01  -1.7300000e+02   1.5623332e+02
   1.8872638e+02  -1.6700000e+02   2.1300000e+02   3.7463341e+01  -5.0411840e+01  -1.7300000e+02   1.6778473e+02
   1.9334506e+02  -1.6700000e+02   2.1300000e+02   3.0265918e+01  -5.4378044e+01  -1.7300000e+02   1.7769549e+02
   1.9769575e+02  -1.6700000e+02   2.1300000e+02   2.1493954e+01  -5.8177222e+01  -1.7300000e+02   1.8467699e+02
   2.0145144e+02  -1.6700000e+02   2.1300000e+02   1.3048886e+01  -5.9995970e+01  -1.7300000e+02   1.8735359e+02
   2.0466322e+02  -1.6700000e+02   2.1300000e+02   4.2849643e+00  -5.9744617e+01  -1.7300000e+02   1.9013365e+02
   2.0733472e+02  -1.6700000e+02   2.1300000e+02  -5.0699992e+00  -5.7825909e+01  -1.7300000e+02   1.9306160e+02
   2.0944188e+02  -1.6700000e+02   2.1300000e+02  -1.4166672e+01  -5.5444386e+01  -1.7300000e+02   1.9620086e+02
   2.0934364e+02  -1.6700000e+02   2.1300000e+02  -2.3872808e+01  -5.0343075e+01  -1.7300000e+02   1.9921008e+02
   2.0741673e+02  -1.6700000e+02   2.1300000e+02  -3.4094105e+01  -4.4073808e+01  -1.7300000e+02   1.9994824e+02
   2.0562305e+02  -1.6700000e+02   2.1300000e+02  -4.0960900e+01  -3.9320413e+01  -1.7300000e+02   1.9921062e+02
   2.0517582e+02  -1.6700000e+02   2.1300000e+02  -4.0227272e+01  -3.8225697e+01  -1.7300000e+02   1.9579285e+02
   2.0406980e+02  -1.6700000e+02   2.1300000e+02  -3.7687643e+01  -3.7856721e+01  -1.7300000e+02   1.9053491e+02
   2.0275517e+02  -1.6700000e+02   2.1300000e+02  -3.4627130e+01  -3.7579501e+01  -1.7300000e+02   1.8552432e+02
   2.0135102e+02  -1.6700000e+02   2.1300000e+02  -3.1995525e+01  -3.7297157e+01  -1.7300000e+02   1.8005328e+02
   1.9926125e+02  -1.6700000e+02   2.1300000e+02  -2.8714268e+01  -3.8238703e+01  -1.7300000e+02   1.7372148e+02
   1.9744290e+02  -1.6700000e+02   2.1300000e+02  -2.5833187e+01  -3.8787604e+01  -1.7300000e+02   1.6800897e+02
   1.9547631e+02  -1.6700000e+02   2.1300000e+02  -2.3421702e+01  -3.9517387e+01  -1.7300000e+02   1.6350666e+02
   1.9306328e+02  -1.6700000e+02   2.1300000e+02  -2.0160439e+01  -4.0413516e+01  -1.7300000e+02   1.5819174e+02
   1.9072211e+02  -1.6700000e+02   2.1300000e+02  -1.7301179e+01  -4.1083606e+01  -1.7300000e+02   1.5482525e+02
   1.8907685e+02  -1.6700000e+02   2.1300000e+02  -1.4278362e+01  -4.1735245e+01  -1.7300000e+02   1.5098670e+02
   1.8761323e+02  -1.6700000e+02   2.1300000e+02  -1.2117352e+01  -4.1793502e+01  -1.7300000e+02   1.4664041e+02
   1.8622797e+02  -1.6700000e+02   2.1300000e+02  -9.4396089e+00  -4.1581278e+01  -1.7300000e+02   1.4414197e+02
   1.8481496e+02  -1.6700000e+02   2.1300000e+02  -7.6755268e+00  -4.1555679e+01  -1.7300000e+02   1.3979164e+02
   1.8191537e+02  -1.6700000e+02   2.1300000e+02  -4.9311769e+00  -4.3570152e+01  -1.7300000e+02   1.3616819e+02
   1.7861570e+02  -1.6700000e+02   2.1300000e+02  -1.2912433e+00  -4.5644665e+01  -1.7300000e+02   1.3503044e+02
   1.7477303e+02  -1.6700000e+02   2.1300000e+02   1.5090907e+00  -4.8129068e+01  -1.7300000e+02   1.3086003e+02
   1.7173808e+02  -1.6700000e+02   2.1300000e+02   3.1722654e+00  -5.0516895e+01  -1.7300000e+02   1.2835665e+02
   1.6995563e+02  -1.6700000e+02   2.1300000e+02   3.3996946e+00  -5.3238931e+01  -1.7300000e+02   1.2568923e+02
   1.6676531e+02  -1.6700000e+02   2.1300000e+02   2.9994125e+00  -5.5911628e+01  -1.7300000e+02   1.2336006e+02
   1.6482782e+02  -1.6700000e+02   2.1300000e+02   2.5965772e+00  -5.8735477e+01  -1.7300000e+02   1.2102004e+02
   1.6172282e+02  -1.6700000e+02   2.1300000e+02   1.5771264e+00  -6.0722836e+01  -1.7300000e+02   1.1857032e+02
   1.6100333e+02  -1.6700000e+02   2.1300000e+02   3.7967531e-01  -6.1927873e+01  -1.7300000e+02   1.1553224e+02
   1.5966126e+02  -1.6700000e+02   2.1300000e+02  -6.9754365e-01  -6.3063140e+01  -1.7300000e+02   1.1262452e+02
   1.5856237e+02  -1.6700000e+02   2.1300000e+02  -1.6006476e+00  -6.4103280e+01  -1.7300000e+02   1.1004141e+02
   1.5810560e+02  -1.6700000e+02   2.1300000e+02  -2.4649396e+00  -6.5072705e+01  -1.7300000e+02   1.0759972e+02
   1.5810848e+02  -1.6700000e+02   2.1300000e+02  -3.2051998e+00  -6.5932697e+01  -1.7300000e+02   1.0495354e+02
   1.5976315e+02  -1.6700000e+02   2.1300000e+02  -3.9275094e+00  -6.6720607e+01  -1.7300000e+02   1.0233247e+02
   1.5920899e+02  -1.6700000e+02   2.1300000e+02  -4.6012989e+00  -6.7441834e+01  -1.7300000e+02   9.9749826e+01
   1.5800816e+02  -1.6700000e+02   2.1300000e+02  -4.0805692e+00  -6.7795639e+01  -1.7300000e+02   9.8195921e+01
   1.5847749e+02  -1.6700000e+02   2.1300000e+02  -3.4524910e+00  -6.8145311e+01  -1.7300000e+02   9.6781755e+01
   1.5837112e+02  -1.6700000e+02   2.1300000e+02  -1.3077186e+00  -6.8511785e+01  -1.7300000e+02   9.6411406e+01
   1.6094143e+02  -1.6700000e+02   2.1300000e+02   9.0097898e-01  -6.8926622e+01  -1.7300000e+02   9.6048558e+01
   1.6737130e+02  -1.6700000e+02   2.1300000e+02   3.4494964e+00  -6.9765070e+01  -1.7300000e+02   9.7983719e+01
   1.7218083e+02  -1.6700000e+02   2.1300000e+02   8.7209992e+00  -7.2096695e+01  -1.7300000e+02   1.0484334e+02
   1.7792098e+02  -1.6700000e+02   2.1300000e+02   1.3445210e+01  -7.4505663e+01  -1.7300000e+02   1.1093014e+02
   1.8122157e+02  -1.6700000e+02   2.1300000e+02   1.9209523e+01  -7.5602322e+01  -1.7300000e+02   1.2028396e+02
   1.8223970e+02  -1.6700000e+02   2.1300000e+02   2.6545858e+01  -6.9759784e+01  -1.7300000e+02   1.3139409e+02
   1.8603182e+02  -1.6700000e+02   2.1300000e+02   3.3968497e+01  -6.0534274e+01  -1.7300000e+02   1.4336202e+02
   1.9044250e+02  -1.6700000e+02   2.1300000e+02   3.8658752e+01  -5.0694463e+01  -1.7300000e+02   1.5574890e+02
   1.9439087e+02  -1.6700000e+02   2.1300000e+02   3.2309485e+01  -4.6933456e+01  -1.7300000e+02   1.6788344e+02
   1.9874418e+02  -1.6700000e+02   2.1300000e+02   2.3214758e+01  -4.8857893e+01  -1.7300000e+02   1.7859376e+02
   2.0515971e+02  -1.6700000e+02   2.1300000e+02   1.2507762e+01  -5.0267641e+01  -1.7300000e+02   1.8407273e+02
   2.0892339e+02  -1.6700000e+02   2.1300000e+02   2.2267169e+00  -5.0676503e+01  -1.7300000e+02   1.8907478e+02
   2.1020362e+02  -1.6700000e+02   2.1300000e+02  -7.2408290e+00  -4.9928079e+01  -1.7300000e+02   1.9383899e+02
   2.1059209e+02  -1.6700000e+02   2.1300000e+02  -1.6655280e+01  -4.8644794e+01  -1.7300000e+02   1.9745837e+02
   2.1003219e+02  -1.6700000e+02   2.1300000e+02  -2.5596992e+01  -4.6502996e+01  -1.7300000e+02   2.0224640e+02
   2.0755359e+02  -1.6700000e+02   2.1300000e+02  -3.5670392e+01  -4.1733697e+01  -1.7300000e+02   2.0336412e+02
   2.0493408e+02  -1.6700000e+02   2.1300000e+02  -4.3393583e+01  -3.8316278e+01  -1.7300000e+02   2.0345387e+02
   2.0447835e+02  -1.6700000e+02   2.1300000e+02  -4.4255497e+01  -3.7758060e+01  -1.7300000e+02   2.0260946e+02
   2.0372645e+02  -1.6700000e+02   2.1300000e+02  -4.2375695e+01  -3.8005545e+01  -1.7300000e+02   2.0004488e+02
   2.0239923e+02  -1.6700000e+02   2.1300000e+02  -3.9412957e+01  -3.8407083e+01  -1.7300000e+02   1.9537084e+02
   2.0091097e+02  -1.6700000e+02   2.1300000e+02  -3.6454071e+01  -3.8770333e+01  -1.7300000e+02   1.9070310e+02
   1.9910964e+02  -1.6700000e+02   2.1300000e+02  -3.3103054e+01  -3.9058829e+01  -1.7300000e+02   1.8595369e+02
   1.9754856e+02  -1.6700000e+02   2.1300000e+02  -3.0468066e+01  -3.9078365e+01  -1.7300000e+02   1.8065184e+02
   1.9562557e+02  -1.6700000e+02   2.1300000e+02  -2.7621137e+01  -3.9148147e+01  -1.7300000e+02   1.7590335e+02
   1.9398835e+02  -1.6700000e+02   2.1300000e+02  -2.4698315e+01  -3.9387428e+01  -1.7300000e+02   1.7113004e+02
   1.9171709e+02  -1.6700000e+02   2.1300000e+02  -2.1219829e+01  -4.0718485e+01  -1.7300000e+02   1.6630421e+02
   1.8896969e+02  -1.6700000e+02   2.1300000e+02  -1.8224094e+01  -4.2018227e+01  -1.7300000e+02   1.6289373e+02
   1.8707559e+02  -1.6700000e+02   2.1300000e+02  -1.5318605e+01  -4.2663920e+01  -1.7300000e+02   1.5978146e+02
   1.8509888e+02  -1.6700000e+02   2.1300000e+02  -1.2666262e+01  -4.3531427e+01  -1.7300000e+02   1.5617805e+02
   1.8191281e+02  -1.6700000e+02   2.1300000e+02  -8.7467726e+00  -4.4678704e+01  -1.7300000e+02   1.5221593e+02
   1.7941981e+02  -1.6700000e+02   2.1300000e+02  -4.8462681e+00  -4.5284009e+01  -1.7300000e+02   1.4805656e+02
   1.7636388e+02  -1.6700000e+02   2.1300000e+02  -2.4206723e+00  -4.7537204e+01  -1.7300000e+02   1.4390056e+02
   1.7348033e+02  -1.6700000e+02   2.1300000e+02   4.9970327e-02  -4.9364782e+01  -1.7300000e+02   1.4074182e+02
   1.7050760e+02  -1.6700000e+02   2.1300000e+02   2.1917850e+00  -5.1567955e+01  -1.7300000e+02   1.3850133e+02
   1.6757003e+02  -1.6700000e+02   2.1300000e+02   3.2978386e+00  -5.3473348e+01  -1.7300000e+02   1.3668727e+02
   1.6443557e+02  -1.6700000e+02   2.1300000e+02   4.2713602e+00  -5.5256313e+01  -1.7300000e+02   1.3482084e+02
   1.6221597e+02  -1.6700000e+02   2.1300000e+02   3.9034995e+00  -5.6581796e+01  -1.7300000e+02   1.3161845e+02
   1.5954005e+02  -1.6700000e+02   2.1300000e+02   3.4764215e+00  -5.7505921e+01  -1.7300000e+02   1.2924180e+02
   1.5736564e+02  -1.6700000e+02   2.1300000e+02   2.9270113e+00  -5.8412753e+01  -1.7300000e+02   1.2677471e+02
   1.5587345e+02  -1.6700000e+02   2.1300000e+02   2.2594167e+00  -5.9258133e+01  -1.7300000e+02   1.2435524e+02
   1.5483772e+02  -1.6700000e+02   2.1300000e+02   1.4354207e+00  -6.0028664e+01  -1.7300000e+02   1.2190237e+02
   1.5406534e+02  -1.6700000e+02   2.1300000e+02  -3.2276661e-01  -6.0376293e+01  -1.7300000e+02   1.1946918e+02
   1.5409979e+02  -1.6700000e+02   2.1300000e+02  -2.0717429e+00  -6.0717769e+01  -1.7300000e+02   1.1706098e+02
   1.5322596e+02  -1.6700000e+02   2.1300000e+02  -3.7411323e+00  -6.1022456e+01  -1.7300000e+02   1.1467410e+02
   1.5278311e+02  -1.6700000e+02   2.1300000e+02  -3.9728761e+00  -6.1258747e+01  -1.7300000e+02   1.1228751e+02
   1.5432649e+02  -1.6700000e+02   2.1300000e+02  -4.1665113e+00  -6.1513432e+01  -1.7300000e+02   1.0996492e+02
   1.5771153e+02  -1.6700000e+02   2.1300000e+02  -2.8200608e+00  -6.2290007e+01  -1.7300000e+02   1.0915737e+02
   1.6092857e+02  -1.6700000e+02   2.1300000e+02  -4.2969531e-02  -6.3567919e+01  -1.7300000e+02   1.1059809e+02
   1.6255045e+02  -1.6700000e+02   2.1300000e+02   6.9137123e+00  -6.6353748e+01  -1.7300000e+02   1.1706230e+02
   1.6778372e+02  -1.6700000e+02   2.1300000e+02   1.4019673e+01  -6.8183354e+01  -1.7300000e+02   1.2632440e+02
   1.7340129e+02  -1.6700000e+02   2.1300000e+02   2.1833800e+01  -6.4227382e+01  -1.7300000e+02   1.3725823e+02
   1.7775069e+02  -1.6700000e+02   2.1300000e+02   2.7552140e+01  -5.6879278e+01  -1.7300000e+02   1.4882586e+02
   1.8343436e+02  -1.6700000e+02   2.1300000e+02   2.5081022e+01  -5.1671022e+01  -1.7300000e+02   1.6081674e+02
   1.8886074e+02  -1.6700000e+02   2.1300000e+02   1.5194579e+01  -5.3450037e+01  -1.7300000e+02   1.7029736e+02
   1.9465788e+02  -1.6700000e+02   2.1300000e+02   5.0479949e+00  -5.4231121e+01  -1.7300000e+02   1.7672435e+02
   1.9932439e+02  -1.6700000e+02   2.1300000e+02  -3.9297528e+00  -5.4452654e+01  -1.7300000e+02   1.8179003e+02
   2.0342234e+02  -1.6700000e+02   2.1300000e+02  -1.1589369e+01  -5.4553944e+01  -1.7300000e+02   1.8782781e+02
   2.0697789e+02  -1.6700000e+02   2.1300000e+02  -1.8982585e+01  -5.4444909e+01  -1.7300000e+02   1.9413655e+02
   2.0892658e+02  -1.6700000e+02   2.1300000e+02  -2.6661197e+01  -5.3626873e+01  -1.7300000e+02   1.9935539e+02
   2.1009325e+02  -1.6700000e+02   2.1300000e+02  -3.3687448e+01  -5.2162900e+01  -1.7300000e+02   2.0611562e+02
   2.1001541e+02  -1.6700000e+02   2.1300000e+02  -4.0582127e+01  -5.0478465e+01  -1.7300000e+02   2.1246804e+02
   2.0784297e+02  -1.6700000e+02   2.1300000e+02  -4.8331100e+01  -4.7461932e+01  -1.7300000e+02   2.1541494e+02
   2.0522049e+02  -1.6700000e+02   2.1300000e+02  -5.1868229e+01  -4.5534586e+01  -1.7300000e+02   2.1640789e+02
   2.0440692e+02  -1.6700000e+02   2.1300000e+02  -5.0791851e+01  -4.4976748e+01  -1.7300000e+02   2.1480773e+02
   2.0321724e+02  -1.6700000e+02   2.1300000e+02  -4.9220126e+01  -4.3800750e+01  -1.7300000e+02   2.1030463e+02
   2.0230234e+02  -1.6700000e+02   2.1300000e+02  -4.6237690e+01  -4.2065337e+01  -1.7300000e+02   2.0553785e+02
   2.0093266e+02  -1.6700000e+02   2.1300000e+02  -4.3179213e+01  -4.1163821e+01  -1.7300000e+02   2.0007538e+02
   1.9934268e+02  -1.6700000e+02   2.1300000e+02  -3.9601101e+01  -4.0458796e+01  -1.7300000e+02   1.9416466e+02
   1.9797391e+02  -1.6700000e+02   2.1300000e+02  -3.6081132e+01  -3.9778439e+01  -1.7300000e+02   1.8824275e+02
   1.9583969e+02  -1.6700000e+02   2.1300000e+02  -3.3111472e+01  -3.9940862e+01  -1.7300000e+02   1.8249121e+02
   1.9415679e+02  -1.6700000e+02   2.1300000e+02  -2.9624645e+01  -4.0150814e+01  -1.7300000e+02   1.7735827e+02
   1.9183534e+02  -1.6700000e+02   2.1300000e+02  -2.5633563e+01  -4.0647473e+01  -1.7300000e+02   1.7203667e+02
   1.8971443e+02  -1.6700000e+02   2.1300000e+02  -2.2401682e+01  -4.1612694e+01  -1.7300000e+02   1.6733324e+02
   1.8770855e+02  -1.6700000e+02   2.1300000e+02  -1.9445276e+01  -4.2390024e+01  -1.7300000e+02   1.6436767e+02
   1.8608716e+02  -1.6700000e+02   2.1300000e+02  -1.6992408e+01  -4.2878983e+01  -1.7300000e+02   1.6090910e+02
   1.8363997e+02  -1.6700000e+02   2.1300000e+02  -1.3328552e+01  -4.3942484e+01  -1.7300000e+02   1.5688128e+02
   1.8178742e+02  -1.6700000e+02   2.1300000e+02  -1.0439980e+01  -4.4417902e+01  -1.7300000e+02   1.5330243e+02
   1.8080815e+02  -1.6700000e+02   2.1300000e+02  -7.9053792e+00  -4.5081439e+01  -1.7300000e+02   1.4948090e+02
   1.7885547e+02  -1.6700000e+02   2.1300000e+02  -5.0192373e+00  -4.5696991e+01  -1.7300000e+02   1.4681368e+02
   1.7593878e+02  -1.6700000e+02   2.1300000e+02  -3.3961525e+00  -4.8195382e+01  -1.7300000e+02   1.4437270e+02
   1.7374601e+02  -1.6700000e+02   2.1300000e+02  -2.1787498e+00  -5.0802841e+01  -1.7300000e+02   1.4160950e+02
   1.7035878e+02  -1.6700000e+02   2.1300000e+02   2.7153029e-01  -5.3337340e+01  -1.7300000e+02   1.4001601e+02
   1.6810456e+02  -1.6700000e+02   2.1300000e+02   1.9952027e+00  -5.6209280e+01  -1.7300000e+02   1.3666288e+02
   1.6501985e+02  -1.6700000e+02   2.1300000e+02   2.6536458e+00  -5.8176181e+01  -1.7300000e+02   1.3363041e+02
   1.6248629e+02  -1.6700000e+02   2.1300000e+02   3.2042229e+00  -6.0097482e+01  -1.7300000e+02   1.3074598e+02
   1.6133040e+02  -1.6700000e+02   2.1300000e+02   2.0012614e+00  -6.1502242e+01  -1.7300000e+02   1.2785313e+02
   1.5934861e+02  -1.6700000e+02   2.1300000e+02   8.2659942e-01  -6.2834246e+01  -1.7300000e+02   1.2488520e+02
   1.5936521e+02  -1.6700000e+02   2.1300000e+02  -4.0672116e-01  -6.4126959e+01  -1.7300000e+02   1.2200122e+02
   1.5904481e+02  -1.6700000e+02   2.1300000e+02  -1.5410376e+00  -6.5335459e+01  -1.7300000e+02   1.1922096e+02
   1.5990374e+02  -1.6700000e+02   2.1300000e+02  -7.5321703e-01  -6.6600312e+01  -1.7300000e+02   1.1654308e+02
   1.6124962e+02  -1.6700000e+02   2.1300000e+02   2.8104434e+00  -6.8595312e+01  -1.7300000e+02   1.1676382e+02
   1.6347519e+02  -1.6700000e+02   2.1300000e+02   8.8967626e+00  -7.1338947e+01  -1.7300000e+02   1.2146810e+02
   1.6788687e+02  -1.6700000e+02   2.1300000e+02   1.4891134e+01  -7.3407435e+01  -1.7300000e+02   1.2875709e+02
   1.7305402e+02  -1.6700000e+02   2.1300000e+02   2.2623385e+01  -6.8718609e+01  -1.7300000e+02   1.3926152e+02
   1.7704161e+02  -1.6700000e+02   2.1300000e+02   2.9764944e+01  -5.9687609e+01  -1.7300000e+02   1.5061219e+02
   1.8199982e+02  -1.6700000e+02   2.1300000e+02   2.9546164e+01  -5.2577751e+01  -1.7300000e+02   1.6225771e+02
   1.8858616e+02  -1.6700000e+02   2.1300000e+02   2.0045091e+01  -5.4533865e+01  -1.7300000e+02   1.7035973e+02
   1.9571636e+02  -1.6700000e+02   2.1300000e+02   1.0079973e+01  -5.5397800e+01  -1.7300000e+02   1.7489006e+02
   2.0099704e+02  -1.6700000e+02   2.1300000e+02   4.9883344e-01  -5.6186502e+01  -1.7300000e+02   1.7676467e+02
   2.0467237e+02  -1.6700000e+02   2.1300000e+02  -7.4712568e+00  -5.6524690e+01  -1.7300000e+02   1.8168852e+02
   2.0633003e+02  -1.6700000e+02   2.1300000e+02  -1.4399007e+01  -5.6490298e+01  -1.7300000e+02   1.8769789e+02
   2.0728423e+02  -1.6700000e+02   2.1300000e+02  -2.1665032e+01  -5.4811073e+01  -1.7300000e+02   1.9424344e+02
   2.0698363e+02  -1.6700000e+02   2.1300000e+02  -2.8197690e+01  -5.3459454e+01  -1.7300000e+02   1.9978085e+02
   2.0715987e+02  -1.6700000e+02   2.1300000e+02  -3.5196479e+01  -5.1874892e+01  -1.7300000e+02   2.0508693e+02
   2.0567022e+02  -1.6700000e+02   2.1300000e+02  -4.2909828e+01  -4.8735736e+01  -1.7300000e+02   2.0882051e+02
   2.0332194e+02  -1.6700000e+02   2.1300000e+02  -4.8461448e+01  -4.5509098e+01  -1.7300000e+02   2.0843254e+02
   2.0197987e+02  -1.6700000e+02   2.1300000e+02  -4.6656416e+01  -4.4839509e+01  -1.7300000e+02   2.0654391e+02
   2.0046327e+02  -1.6700000e+02   2.1300000e+02  -4.2934357e+01  -4.4502254e+01  -1.7300000e+02   2.0245964e+02
   1.9922622e+02  -1.6700000e+02   2.1300000e+02  -3.9602279e+01  -4.4052945e+01  -1.7300000e+02   1.9715070e+02
   1.9710604e+02  -1.6700000e+02   2.1300000e+02  -3.5354843e+01  -4.3582205e+01  -1.7300000e+02   1.9022374e+02
   1.9529457e+02  -1.6700000e+02   2.1300000e+02  -3.0934295e+01  -4.2909082e+01  -1.7300000e+02   1.8372069e+02
   1.9408059e+02  -1.6700000e+02   2.1300000e+02  -2.7348312e+01  -4.1440448e+01  -1.7300000e+02   1.7776664e+02
   1.9277599e+02  -1.6700000e+02   2.1300000e+02  -2.4431446e+01  -4.0627515e+01  -1.7300000e+02   1.7324125e+02
   1.8990345e+02  -1.6700000e+02   2.1300000e+02  -2.0643020e+01  -4.1542672e+01  -1.7300000e+02   1.6817264e+02
   1.8800215e+02  -1.6700000e+02   2.1300000e+02  -1.7956111e+01  -4.2409996e+01  -1.7300000e+02   1.6405365e+02
   1.8592161e+02  -1.6700000e+02   2.1300000e+02  -1.4154954e+01  -4.2114689e+01  -1.7300000e+02   1.6116261e+02
   1.8414005e+02  -1.6700000e+02   2.1300000e+02  -1.0601248e+01  -4.2438230e+01  -1.7300000e+02   1.5662647e+02
   1.8109326e+02  -1.6700000e+02   2.1300000e+02  -7.1764318e+00  -4.3624136e+01  -1.7300000e+02   1.5220076e+02
   1.7982731e+02  -1.6700000e+02   2.1300000e+02  -4.4747788e+00  -4.4482553e+01  -1.7300000e+02   1.4934927e+02
   1.7694133e+02  -1.6700000e+02   2.1300000e+02  -1.7433159e+00  -4.5304316e+01  -1.7300000e+02   1.4666353e+02
   1.7424307e+02  -1.6700000e+02   2.1300000e+02   9.2376744e-01  -4.6681668e+01  -1.7300000e+02   1.4328572e+02
   1.7067289e+02  -1.6700000e+02   2.1300000e+02   3.2473983e+00  -4.9188115e+01  -1.7300000e+02   1.3946318e+02
   1.6876134e+02  -1.6700000e+02   2.1300000e+02   3.8755321e+00  -5.1159525e+01  -1.7300000e+02   1.3751600e+02
   1.6709180e+02  -1.6700000e+02   2.1300000e+02   3.8995626e+00  -5.3266718e+01  -1.7300000e+02   1.3528246e+02
   1.6495618e+02  -1.6700000e+02   2.1300000e+02   3.9270717e+00  -5.5305229e+01  -1.7300000e+02   1.3300310e+02
   1.6299773e+02  -1.6700000e+02   2.1300000e+02   3.1960852e+00  -5.6761371e+01  -1.7300000e+02   1.3091214e+02
   1.6060534e+02  -1.6700000e+02   2.1300000e+02   2.5956467e+00  -5.8112315e+01  -1.7300000e+02   1.2890103e+02
   1.5877809e+02  -1.6700000e+02   2.1300000e+02   2.1109953e+00  -5.9438129e+01  -1.7300000e+02   1.2679347e+02
   1.5780137e+02  -1.6700000e+02   2.1300000e+02   1.2809369e+00  -6.0151670e+01  -1.7300000e+02   1.2369201e+02
   1.5629001e+02  -1.6700000e+02   2.1300000e+02   5.2704046e-01  -6.0756296e+01  -1.7300000e+02   1.2069583e+02
   1.5557680e+02  -1.6700000e+02   2.1300000e+02  -2.9453191e-01  -6.1332014e+01  -1.7300000e+02   1.1784019e+02
   1.5516562e+02  -1.6700000e+02   2.1300000e+02  -1.2061007e+00  -6.1848564e+01  -1.7300000e+02   1.1521052e+02
   1.5413501e+02  -1.6700000e+02   2.1300000e+02  -2.4191195e+00  -6.2070730e+01  -1.7300000e+02   1.1374415e+02
   1.5334778e+02  -1.6700000e+02   2.1300000e+02  -3.6433194e+00  -6.2289110e+01  -1.7300000e+02   1.1226267e+02
   1.5340630e+02  -1.6700000e+02   2.1300000e+02  -4.7485913e+00  -6.2541765e+01  -1.7300000e+02   1.1071984e+02
   1.5884271e+02  -1.6700000e+02   2.1300000e+02  -3.8016120e+00  -6.3483243e+01  -1.7300000e+02   1.0856975e+02
   1.6268899e+02  -1.6700000e+02   2.1300000e+02   3.6177490e-01  -6.5271528e+01  -1.7300000e+02   1.0775584e+02
   1.6667507e+02  -1.6700000e+02   2.1300000e+02   6.9916495e+00  -6.8988022e+01  -1.7300000e+02   1.1348119e+02
   1.6979130e+02  -1.6700000e+02   2.1300000e+02   1.3297778e+01  -7.2267599e+01  -1.7300000e+02   1.2118738e+02
   1.7424965e+02  -1.6700000e+02   2.1300000e+02   1.9951635e+01  -7.1235705e+01  -1.7300000e+02   1.3134085e+02
   1.8023228e+02  -1.6700000e+02   2.1300000e+02   2.7105124e+01  -6.4493121e+01  -1.7300000e+02   1.4284592e+02
   1.8406560e+02  -1.6700000e+02   2.1300000e+02   2.9676983e+01  -5.8151549e+01  -1.7300000e+02   1.5467951e+02
   1.9058637e+02  -1.6700000e+02   2.1300000e+02   2.1991265e+01  -5.7709927e+01  -1.7300000e+02   1.6428202e+02
   1.9556261e+02  -1.6700000e+02   2.1300000e+02   1.3108708e+01  -5.7277402e+01  -1.7300000e+02   1.7405687e+02
   1.9964002e+02  -1.6700000e+02   2.1300000e+02   4.0347452e+00  -5.7385754e+01  -1.7300000e+02   1.7868787e+02
   2.0304322e+02  -1.6700000e+02   2.1300000e+02  -4.1974152e+00  -5.6741714e+01  -1.7300000e+02   1.8486654e+02
   2.0437822e+02  -1.6700000e+02   2.1300000e+02  -1.0997343e+01  -5.6264933e+01  -1.7300000e+02   1.9035227e+02
   2.0585433e+02  -1.6700000e+02   2.1300000e+02  -1.8027579e+01  -5.4675868e+01  -1.7300000e+02   1.9719158e+02
   2.0576666e+02  -1.6700000e+02   2.1300000e+02  -2.4584298e+01  -5.3933927e+01  -1.7300000e+02   2.0221985e+02
   2.0497750e+02  -1.6700000e+02   2.1300000e+02  -3.2136313e+01  -5.1544794e+01  -1.7300000e+02   2.0787549e+02
   2.0239022e+02  -1.6700000e+02   2.1300000e+02  -4.0026021e+01  -4.7430215e+01  -1.7300000e+02   2.1210299e+02
   2.0075622e+02  -1.6700000e+02   2.1300000e+02  -4.5832178e+01  -4.4653690e+01  -1.7300000e+02   2.1254978e+02
   1.9984724e+02  -1.6700000e+02   2.1300000e+02  -4.4816533e+01  -4.4304877e+01  -1.7300000e+02   2.1107439e+02
   1.9849419e+02  -1.6700000e+02   2.1300000e+02  -4.1410787e+01  -4.4329304e+01  -1.7300000e+02   2.0619125e+02
   1.9706994e+02  -1.6700000e+02   2.1300000e+02  -3.7804793e+01  -4.3226967e+01  -1.7300000e+02   2.0089317e+02
   1.9565354e+02  -1.6700000e+02   2.1300000e+02  -3.4181932e+01  -4.1852087e+01  -1.7300000e+02   1.9470049e+02
   1.9468226e+02  -1.6700000e+02   2.1300000e+02  -3.1683459e+01  -4.0603348e+01  -1.7300000e+02   1.8973608e+02
   1.9337904e+02  -1.6700000e+02   2.1300000e+02  -2.8564742e+01  -4.0338569e+01  -1.7300000e+02   1.8386613e+02
   1.9177831e+02  -1.6700000e+02   2.1300000e+02  -2.5331846e+01  -3.9956573e+01  -1.7300000e+02   1.7908252e+02
   1.9084828e+02  -1.6700000e+02   2.1300000e+02  -2.2551665e+01  -3.9834381e+01  -1.7300000e+02   1.7378021e+02
   1.8866620e+02  -1.6700000e+02   2.1300000e+02  -1.9730400e+01  -4.0616271e+01  -1.7300000e+02   1.7038510e+02
   1.8685558e+02  -1.6700000e+02   2.1300000e+02  -1.6754791e+01  -4.1526083e+01  -1.7300000e+02   1.6640996e+02
   1.8496939e+02  -1.6700000e+02   2.1300000e+02  -1.3760586e+01  -4.2365396e+01  -1.7300000e+02   1.6075780e+02
   1.8263982e+02  -1.6700000e+02   2.1300000e+02  -1.1020961e+01  -4.3188638e+01  -1.7300000e+02   1.5703268e+02
   1.8041563e+02  -1.6700000e+02   2.1300000e+02  -8.3482914e+00  -4.4162350e+01  -1.7300000e+02   1.5287093e+02
   1.7810269e+02  -1.6700000e+02   2.1300000e+02  -4.6682340e+00  -4.5321715e+01  -1.7300000e+02   1.4929601e+02
   1.7532008e+02  -1.6700000e+02   2.1300000e+02  -1.3817398e+00  -4.6720880e+01  -1.7300000e+02   1.4520045e+02
   1.7309520e+02  -1.6700000e+02   2.1300000e+02   6.2975133e-01  -4.8724563e+01  -1.7300000e+02   1.4061756e+02
   1.7165817e+02  -1.6700000e+02   2.1300000e+02   2.0806024e+00  -5.0772171e+01  -1.7300000e+02   1.3789394e+02
   1.6877343e+02  -1.6700000e+02   2.1300000e+02   3.6370064e+00  -5.3139673e+01  -1.7300000e+02   1.3491024e+02
   1.6648366e+02  -1.6700000e+02   2.1300000e+02   3.5870180e+00  -5.5361955e+01  -1.7300000e+02   1.3116035e+02
   1.6433052e+02  -1.6700000e+02   2.1300000e+02   3.8193898e+00  -5.7553183e+01  -1.7300000e+02   1.2833658e+02
   1.6176479e+02  -1.6700000e+02   2.1300000e+02   3.4149634e+00  -5.9545758e+01  -1.7300000e+02   1.2480677e+02
   1.5981335e+02  -1.6700000e+02   2.1300000e+02   9.8981003e-01  -6.0556138e+01  -1.7300000e+02   1.2220424e+02
   1.5871052e+02  -1.6700000e+02   2.1300000e+02  -1.3427696e+00  -6.1598652e+01  -1.7300000e+02   1.1950050e+02
   1.5741529e+02  -1.6700000e+02   2.1300000e+02  -2.2711943e+00  -6.2725589e+01  -1.7300000e+02   1.1632054e+02
   1.5594458e+02  -1.6700000e+02   2.1300000e+02  -3.2582302e+00  -6.3581790e+01  -1.7300000e+02   1.1403924e+02
   1.5415045e+02  -1.6700000e+02   2.1300000e+02  -4.2779178e+00  -6.4404450e+01  -1.7300000e+02   1.1170076e+02
   1.5313051e+02  -1.6700000e+02   2.1300000e+02  -5.2510162e+00  -6.5220870e+01  -1.7300000e+02   1.0930245e+02
   1.5424684e+02  -1.6700000e+02   2.1300000e+02  -6.1960649e+00  -6.6015396e+01  -1.7300000e+02   1.0685290e+02
   1.5622983e+02  -1.6700000e+02   2.1300000e+02  -5.8337845e+00  -6.6688089e+01  -1.7300000e+02   1.0356383e+02
   1.6000658e+02  -1.6700000e+02   2.1300000e+02  -5.8332957e+00  -6.7253027e+01  -1.7300000e+02   1.0107170e+02
   1.6599255e+02  -1.6700000e+02   2.1300000e+02  -5.3865348e+00  -6.7875857e+01  -1.7300000e+02   1.0018633e+02
   1.6751084e+02  -1.6700000e+02   2.1300000e+02  -3.9786005e-01  -6.9430055e+01  -1.7300000e+02   1.0127503e+02
   1.6786167e+02  -1.6700000e+02   2.1300000e+02   5.3257252e+00  -7.3044050e+01  -1.7300000e+02   1.0688608e+02
   1.6981620e+02  -1.6700000e+02   2.1300000e+02   1.0598000e+01  -7.6135780e+01  -1.7300000e+02   1.1552012e+02
   1.7336450e+02  -1.6700000e+02   2.1300000e+02   1.6808069e+01  -7.4395429e+01  -1.7300000e+02   1.2600660e+02
   1.7751620e+02  -1.6700000e+02   2.1300000e+02   2.3849131e+01  -6.7701294e+01  -1.7300000e+02   1.3727900e+02
   1.8033158e+02  -1.6700000e+02   2.1300000e+02   2.9688612e+01  -5.9704757e+01  -1.7300000e+02   1.4877316e+02
   1.8465213e+02  -1.6700000e+02   2.1300000e+02   2.7806899e+01  -5.2413219e+01  -1.7300000e+02   1.6000165e+02
   1.9040896e+02  -1.6700000e+02   2.1300000e+02   1.9671596e+01  -5.2831342e+01  -1.7300000e+02   1.6750766e+02
   1.9584793e+02  -1.6700000e+02   2.1300000e+02   1.1476341e+01  -5.3324825e+01  -1.7300000e+02   1.7455381e+02
   2.0064077e+02  -1.6700000e+02   2.1300000e+02   2.2569182e+00  -5.3697711e+01  -1.7300000e+02   1.7950888e+02
   2.0399876e+02  -1.6700000e+02   2.1300000e+02  -6.2570401e+00  -5.2710485e+01  -1.7300000e+02   1.8362989e+02
   2.0522786e+02  -1.6700000e+02   2.1300000e+02  -1.3038154e+01  -5.1476835e+01  -1.7300000e+02   1.8881607e+02
   2.0511541e+02  -1.6700000e+02   2.1300000e+02  -1.9742780e+01  -4.9894413e+01  -1.7300000e+02   1.9402496e+02
   2.0437712e+02  -1.6700000e+02   2.1300000e+02  -2.7011202e+01  -4.7103271e+01  -1.7300000e+02   1.9907562e+02
   2.0271065e+02  -1.6700000e+02   2.1300000e+02  -3.5017676e+01  -4.2841758e+01  -1.7300000e+02   2.0411448e+02
   2.0119258e+02  -1.6700000e+02   2.1300000e+02  -4.0476549e+01  -3.9772986e+01  -1.7300000e+02   2.0528281e+02
   2.0009127e+02  -1.6700000e+02   2.1300000e+02  -3.8923379e+01  -3.9727780e+01  -1.7300000e+02   2.0268378e+02
   1.9846940e+02  -1.6700000e+02   2.1300000e+02  -3.6002150e+01  -4.0118850e+01  -1.7300000e+02   1.9862780e+02
   1.9674286e+02  -1.6700000e+02   2.1300000e+02  -3.2770896e+01  -4.0614594e+01  -1.7300000e+02   1.9305933e+02
   1.9569584e+02  -1.6700000e+02   2.1300000e+02  -2.9457652e+01  -4.0125438e+01  -1.7300000e+02   1.8745086e+02
   1.9436524e+02  -1.6700000e+02   2.1300000e+02  -2.6164927e+01  -3.9595223e+01  -1.7300000e+02   1.8182159e+02
   1.9239832e+02  -1.6700000e+02   2.1300000e+02  -2.2530707e+01  -3.9697826e+01  -1.7300000e+02   1.7561285e+02
   1.9121881e+02  -1.6700000e+02   2.1300000e+02  -1.9947710e+01  -3.9715991e+01  -1.7300000e+02   1.6980016e+02
   1.8984616e+02  -1.6700000e+02   2.1300000e+02  -1.6903071e+01  -4.0208761e+01  -1.7300000e+02   1.6566491e+02
   1.8831524e+02  -1.6700000e+02   2.1300000e+02  -1.4582469e+01  -4.0531966e+01  -1.7300000e+02   1.6228809e+02
   1.8677166e+02  -1.6700000e+02   2.1300000e+02  -1.2470280e+01  -4.1241902e+01  -1.7300000e+02   1.5830621e+02
   1.8475112e+02  -1.6700000e+02   2.1300000e+02  -1.0018637e+01  -4.2646959e+01  -1.7300000e+02   1.5377217e+02
   1.8305414e+02  -1.6700000e+02   2.1300000e+02  -8.1167860e+00  -4.4311046e+01  -1.7300000e+02   1.4940686e+02
   1.8098885e+02  -1.6700000e+02   2.1300000e+02  -5.8036505e+00  -4.5304835e+01  -1.7300000e+02   1.4711671e+02
   1.7846007e+02  -1.6700000e+02   2.1300000e+02  -3.3828328e+00  -4.6890413e+01  -1.7300000e+02   1.4403347e+02
   1.7614280e+02  -1.6700000e+02   2.1300000e+02  -1.0330177e+00  -4.8220303e+01  -1.7300000e+02   1.4049828e+02
   1.7356031e+02  -1.6700000e+02   2.1300000e+02   2.2507282e-01  -5.0706811e+01  -1.7300000e+02   1.3576692e+02
   1.7242177e+02  -1.6700000e+02   2.1300000e+02   7.7093467e-01  -5.3303729e+01  -1.7300000e+02   1.3276331e+02
   1.7099821e+02  -1.6700000e+02   2.1300000e+02   1.1635978e+00  -5.5795256e+01  -1.7300000e+02   1.2975468e+02
   1.6896929e+02  -1.6700000e+02   2.1300000e+02   1.7329772e+00  -5.7619900e+01  -1.7300000e+02   1.2787129e+02
   1.6763006e+02  -1.6700000e+02   2.1300000e+02   2.4201251e+00  -5.9510854e+01  -1.7300000e+02   1.2604581e+02
   1.6688633e+02  -1.6700000e+02   2.1300000e+02   2.3863164e+00  -6.1009764e+01  -1.7300000e+02   1.2300379e+02
   1.6562535e+02  -1.6700000e+02   2.1300000e+02   2.0637503e+00  -6.2306921e+01  -1.7300000e+02   1.2089675e+02
   1.6464992e+02  -1.6700000e+02   2.1300000e+02   1.7278938e+00  -6.3595836e+01  -1.7300000e+02   1.1895969e+02
   1.6367449e+02  -1.6700000e+02   2.1300000e+02   1.3920373e+00  -6.4884750e+01  -1.7300000e+02   1.1702262e+02
   1.6232129e+02  -1.6700000e+02   2.1300000e+02  -3.0587873e-01  -6.5737422e+01  -1.7300000e+02   1.1475979e+02
   1.6242723e+02  -1.6700000e+02   2.1300000e+02  -2.0394387e+00  -6.6569748e+01  -1.7300000e+02   1.1259673e+02
