   1.6930356e+02  -1.7580755e+02   1.8193973e+02  -1.3036447e+01  -8.2382156e+01  -1.2231249e+02   1.5419344e+02
   1.7580514e+02  -1.7381534e+02   1.8229551e+02  -1.5101280e+01  -8.4010771e+01  -1.3622966e+02   1.6094484e+02
   1.8230672e+02  -1.7182312e+02   1.8265129e+02  -1.7166113e+01  -8.5639385e+01  -1.5014682e+02   1.6769625e+02
   1.8880830e+02  -1.6983090e+02   1.8300706e+02  -1.9230946e+01  -8.7268000e+01  -1.6406399e+02   1.7444765e+02
   1.8200000e+02  -1.6700000e+02   1.9423164e+02  -7.2106911e+00  -9.7891786e+01  -1.7300000e+02   1.7354760e+02
   1.8200000e+02  -1.6700000e+02   2.0306697e+02   8.4913188e-01  -9.6616498e+01  -1.7300000e+02   1.8096897e+02
   1.8200000e+02  -1.6700000e+02   2.0860695e+02   2.4090157e+00  -9.1194889e+01  -1.7300000e+02   1.8916532e+02
   1.8200000e+02  -1.6700000e+02   2.1434143e+02   3.7980901e-02  -8.6193986e+01  -1.7300000e+02   1.9777514e+02
   1.8200000e+02  -1.6700000e+02   2.2058202e+02  -4.2514728e+00  -8.1737571e+01  -1.7300000e+02   2.0487389e+02
   1.8200000e+02  -1.6700000e+02   2.2646708e+02  -8.5955087e+00  -7.8399877e+01  -1.7300000e+02   2.1169593e+02
   1.8200000e+02  -1.6700000e+02   2.3212165e+02  -1.3576426e+01  -7.5684095e+01  -1.7300000e+02   2.1796490e+02
   1.8200000e+02  -1.6700000e+02   2.3851248e+02  -2.1016611e+01  -7.2232318e+01  -1.7300000e+02   2.2322159e+02
   1.8200000e+02  -1.6700000e+02   2.4328970e+02  -3.0438608e+01  -6.7032914e+01  -1.7300000e+02   2.2675678e+02
   1.8200000e+02  -1.6700000e+02   2.4597220e+02  -3.4996511e+01  -6.4691821e+01  -1.7300000e+02   2.2768996e+02
   1.8200000e+02  -1.6700000e+02   2.4469206e+02  -3.4051242e+01  -6.3697177e+01  -1.7300000e+02   2.2590243e+02
   1.8200000e+02  -1.6700000e+02   2.4225563e+02  -3.1941646e+01  -6.2229451e+01  -1.7300000e+02   2.2206007e+02
   1.8200000e+02  -1.6700000e+02   2.3924240e+02  -2.9606984e+01  -5.9978830e+01  -1.7300000e+02   2.1564595e+02
   1.8200000e+02  -1.6700000e+02   2.3659331e+02  -2.6792644e+01  -5.6979570e+01  -1.7300000e+02   2.0788102e+02
   1.8200000e+02  -1.6700000e+02   2.3454331e+02  -2.3452387e+01  -5.4063801e+01  -1.7300000e+02   1.9940300e+02
   1.8200000e+02  -1.6700000e+02   2.3268148e+02  -1.9273081e+01  -5.0665201e+01  -1.7300000e+02   1.9034520e+02
   1.8200000e+02  -1.6700000e+02   2.3082189e+02  -1.5348256e+01  -4.6956340e+01  -1.7300000e+02   1.8116661e+02
   1.8200000e+02  -1.6700000e+02   2.2940054e+02  -1.0515735e+01  -4.3968444e+01  -1.7300000e+02   1.7232311e+02
   1.8200000e+02  -1.6700000e+02   2.2778526e+02  -5.8259777e+00  -4.0687920e+01  -1.7300000e+02   1.6449493e+02
   1.8200000e+02  -1.6700000e+02   2.2716793e+02  -2.4391322e+00  -3.9029979e+01  -1.7300000e+02   1.5730781e+02
   1.8200000e+02  -1.6700000e+02   2.2687395e+02   1.1361091e-01  -3.7122015e+01  -1.7300000e+02   1.4996262e+02
   1.8200000e+02  -1.6700000e+02   2.2647614e+02   3.1713003e+00  -3.5343733e+01  -1.7300000e+02   1.4459129e+02
   1.8200000e+02  -1.6700000e+02   2.2594028e+02   5.7237950e+00  -3.2989974e+01  -1.7300000e+02   1.3937396e+02
   1.8200000e+02  -1.6700000e+02   2.2740608e+02   6.4720087e+00  -3.1482931e+01  -1.7300000e+02   1.3376166e+02
   1.8200000e+02  -1.6700000e+02   2.2805482e+02   7.3796903e+00  -3.0101674e+01  -1.7300000e+02   1.2888100e+02
   1.8200000e+02  -1.6700000e+02   2.2870356e+02   8.2873719e+00  -2.8720416e+01  -1.7300000e+02   1.2400035e+02
   1.8200000e+02  -1.6700000e+02   2.3076047e+02   7.3551125e+00  -2.8138925e+01  -1.7300000e+02   1.1930962e+02
   1.8200000e+02  -1.6700000e+02   2.3393176e+02   5.7449467e+00  -2.7562577e+01  -1.7300000e+02   1.1506140e+02
   1.8200000e+02  -1.6700000e+02   2.3803458e+02   3.4673125e+00  -2.6878036e+01  -1.7300000e+02   1.1135537e+02
   1.8200000e+02  -1.6700000e+02   2.4392898e+02   6.0273625e-01  -2.6324994e+01  -1.7300000e+02   1.0800681e+02
   1.8200000e+02  -1.6700000e+02   2.4774097e+02  -1.6686091e+00  -2.5829246e+01  -1.7300000e+02   1.0411842e+02
   1.8200000e+02  -1.6700000e+02   2.5342249e+02  -3.8101027e+00  -2.5465812e+01  -1.7300000e+02   1.0098548e+02
   1.8200000e+02  -1.6700000e+02   2.5687298e+02  -5.4365958e+00  -2.5228854e+01  -1.7300000e+02   9.7624194e+01
   1.8200000e+02  -1.6700000e+02   2.5813594e+02  -5.6928062e+00  -2.5106003e+01  -1.7300000e+02   9.3829416e+01
   1.8200000e+02  -1.6700000e+02   2.5747977e+02  -4.6312431e+00  -2.5069128e+01  -1.7300000e+02   9.0940968e+01
   1.8200000e+02  -1.6700000e+02   2.5642471e+02  -3.4606575e+00  -2.5046622e+01  -1.7300000e+02   8.8950092e+01
   1.8200000e+02  -1.6700000e+02   2.5318979e+02  -2.0650458e+00  -2.4958387e+01  -1.7300000e+02   8.8070265e+01
   1.8200000e+02  -1.6700000e+02   2.4750189e+02   4.0614588e-01  -2.4912254e+01  -1.7300000e+02   8.6041576e+01
   1.8200000e+02  -1.6700000e+02   2.4156654e+02   2.6726685e+00  -2.4810364e+01  -1.7300000e+02   8.5018204e+01
   1.8200000e+02  -1.6700000e+02   2.3686289e+02   4.0448513e+00  -2.4479695e+01  -1.7300000e+02   8.4844223e+01
   1.8200000e+02  -1.6700000e+02   2.3251867e+02   4.6350745e+00  -2.3969840e+01  -1.7300000e+02   8.5972959e+01
   1.8200000e+02  -1.6700000e+02   2.2592456e+02   1.0356778e+01  -2.4771546e+01  -1.7300000e+02   9.4244806e+01
   1.8200000e+02  -1.6700000e+02   2.1885239e+02   1.9069348e+01  -2.9487083e+01  -1.7300000e+02   1.0539935e+02
   1.8200000e+02  -1.6700000e+02   2.1263591e+02   2.8534984e+01  -3.6397227e+01  -1.7300000e+02   1.1757564e+02
   1.8200000e+02  -1.6700000e+02   2.0875496e+02   3.6183096e+01  -4.4740804e+01  -1.7300000e+02   1.3002121e+02
   1.8200000e+02  -1.6700000e+02   2.0923425e+02   3.6859142e+01  -5.1683618e+01  -1.7300000e+02   1.4221552e+02
   1.8200000e+02  -1.6700000e+02   2.1043635e+02   3.3361394e+01  -5.6126206e+01  -1.7300000e+02   1.5425689e+02
   1.8200000e+02  -1.6700000e+02   2.1352047e+02   2.7480513e+01  -5.8880235e+01  -1.7300000e+02   1.6577804e+02
   1.8200000e+02  -1.6700000e+02   2.1902060e+02   2.0271281e+01  -5.8928240e+01  -1.7300000e+02   1.7666600e+02
   1.8200000e+02  -1.6700000e+02   2.2467680e+02   1.2768793e+01  -5.8780139e+01  -1.7300000e+02   1.8679834e+02
   1.8200000e+02  -1.6700000e+02   2.3014124e+02   5.3302864e+00  -5.8086841e+01  -1.7300000e+02   1.9622734e+02
   1.8200000e+02  -1.6700000e+02   2.3616160e+02  -3.3068278e+00  -5.5535911e+01  -1.7300000e+02   2.0465098e+02
   1.8200000e+02  -1.6700000e+02   2.4289613e+02  -1.3281832e+01  -5.1928986e+01  -1.7300000e+02   2.1084732e+02
   1.8200000e+02  -1.6700000e+02   2.4839827e+02  -2.2629830e+01  -4.8889857e+01  -1.7300000e+02   2.1336012e+02
   1.8200000e+02  -1.6700000e+02   2.4886895e+02  -2.4858038e+01  -4.9466473e+01  -1.7300000e+02   2.1509048e+02
   1.8200000e+02  -1.6700000e+02   2.4771903e+02  -2.4892417e+01  -5.0268856e+01  -1.7300000e+02   2.1480021e+02
   1.8200000e+02  -1.6700000e+02   2.4674056e+02  -2.3663490e+01  -5.1263211e+01  -1.7300000e+02   2.1084096e+02
   1.8200000e+02  -1.6700000e+02   2.4360708e+02  -2.1634699e+01  -5.1349779e+01  -1.7300000e+02   2.0443553e+02
   1.8200000e+02  -1.6700000e+02   2.4078688e+02  -1.9531714e+01  -5.1364213e+01  -1.7300000e+02   1.9663013e+02
   1.8200000e+02  -1.6700000e+02   2.3810690e+02  -1.6823653e+01  -5.0235618e+01  -1.7300000e+02   1.8852399e+02
   1.8200000e+02  -1.6700000e+02   2.3613927e+02  -1.4192169e+01  -4.9070489e+01  -1.7300000e+02   1.8087585e+02
   1.8200000e+02  -1.6700000e+02   2.3381056e+02  -1.1421917e+01  -4.7217544e+01  -1.7300000e+02   1.7342107e+02
   1.8200000e+02  -1.6700000e+02   2.3248042e+02  -8.5854630e+00  -4.6033019e+01  -1.7300000e+02   1.6603836e+02
   1.8200000e+02  -1.6700000e+02   2.3133236e+02  -6.2566647e+00  -4.4333207e+01  -1.7300000e+02   1.5948697e+02
   1.8200000e+02  -1.6700000e+02   2.3066587e+02  -3.7943400e+00  -4.3199997e+01  -1.7300000e+02   1.5243558e+02
   1.8200000e+02  -1.6700000e+02   2.3047688e+02  -1.9475861e+00  -4.2106762e+01  -1.7300000e+02   1.4757059e+02
   1.8200000e+02  -1.6700000e+02   2.2888144e+02   1.8037305e+00  -4.0652556e+01  -1.7300000e+02   1.4291581e+02
   1.8200000e+02  -1.6700000e+02   2.2877927e+02   3.2443119e+00  -3.9251823e+01  -1.7300000e+02   1.3741356e+02
   1.8200000e+02  -1.6700000e+02   2.2922239e+02   3.8411628e+00  -3.8250478e+01  -1.7300000e+02   1.3276863e+02
   1.8200000e+02  -1.6700000e+02   2.2976642e+02   3.9826684e+00  -3.7790209e+01  -1.7300000e+02   1.2766914e+02
   1.8200000e+02  -1.6700000e+02   2.3031045e+02   4.1241741e+00  -3.7329940e+01  -1.7300000e+02   1.2256965e+02
   1.8200000e+02  -1.6700000e+02   2.3187124e+02   3.6254964e+00  -3.7076061e+01  -1.7300000e+02   1.1830314e+02
   1.8200000e+02  -1.6700000e+02   2.3567939e+02   1.7294879e+00  -3.6795231e+01  -1.7300000e+02   1.1431755e+02
   1.8200000e+02  -1.6700000e+02   2.3948753e+02  -1.6652068e-01  -3.6514401e+01  -1.7300000e+02   1.1033195e+02
   1.8200000e+02  -1.6700000e+02   2.4413035e+02  -2.0642071e+00  -3.6063776e+01  -1.7300000e+02   1.0707386e+02
   1.8200000e+02  -1.6700000e+02   2.4877317e+02  -3.9618935e+00  -3.5613151e+01  -1.7300000e+02   1.0381577e+02
   1.8200000e+02  -1.6700000e+02   2.5341599e+02  -5.8595799e+00  -3.5162526e+01  -1.7300000e+02   1.0055768e+02
   1.8200000e+02  -1.6700000e+02   2.5695519e+02  -6.7635280e+00  -3.4947712e+01  -1.7300000e+02   9.7483453e+01
   1.8200000e+02  -1.6700000e+02   2.5908464e+02  -6.8674735e+00  -3.4901981e+01  -1.7300000e+02   9.5210313e+01
   1.8200000e+02  -1.6700000e+02   2.6314863e+02  -7.1859958e+00  -3.4883522e+01  -1.7300000e+02   9.2959858e+01
   1.8200000e+02  -1.6700000e+02   2.6433260e+02  -6.6450902e+00  -3.4877783e+01  -1.7300000e+02   9.1366954e+01
   1.8200000e+02  -1.6700000e+02   2.6551658e+02  -6.1041846e+00  -3.4872045e+01  -1.7300000e+02   8.9774050e+01
   1.8200000e+02  -1.6700000e+02   2.6670055e+02  -5.5632791e+00  -3.4866306e+01  -1.7300000e+02   8.8181146e+01
   1.8200000e+02  -1.6700000e+02   2.6592035e+02  -4.6261288e+00  -3.4872324e+01  -1.7300000e+02   8.7725347e+01
   1.8200000e+02  -1.6700000e+02   2.6514016e+02  -3.6889785e+00  -3.4878342e+01  -1.7300000e+02   8.7269548e+01
   1.8200000e+02  -1.6700000e+02   2.6181807e+02  -1.0197182e+00  -3.4895116e+01  -1.7300000e+02   8.6480427e+01
   1.8200000e+02  -1.6700000e+02   2.5980888e+02   2.2560700e+00  -3.4936320e+01  -1.7300000e+02   8.6263120e+01
   1.8200000e+02  -1.6700000e+02   2.5870556e+02   3.8971993e+00  -3.5066736e+01  -1.7300000e+02   8.4476470e+01
   1.8200000e+02  -1.6700000e+02   2.5257486e+02   5.0365373e+00  -3.5606014e+01  -1.7300000e+02   8.1300331e+01
   1.8200000e+02  -1.6700000e+02   2.4834543e+02   3.9908340e+00  -3.5948993e+01  -1.7300000e+02   7.9093109e+01
   1.8200000e+02  -1.6700000e+02   2.4346992e+02   2.0915103e-02  -3.4463482e+01  -1.7300000e+02   7.3325487e+01
   1.8200000e+02  -1.6700000e+02   2.4384244e+02  -8.0864664e+00  -3.1070139e+01  -1.7300000e+02   6.3707124e+01
   1.8200000e+02  -1.6700000e+02   2.4820873e+02  -1.8004579e+01  -2.5773584e+01  -1.7300000e+02   5.2406635e+01
   1.8200000e+02  -1.6700000e+02   2.5070080e+02  -2.7766700e+01  -1.9950524e+01  -1.7300000e+02   4.0602919e+01
   1.8200000e+02  -1.6700000e+02   2.5152175e+02  -3.6287877e+01  -1.4425662e+01  -1.7300000e+02   2.8613011e+01
   1.8200000e+02  -1.6700000e+02   2.5010729e+02  -3.9040204e+01  -8.6156201e+00  -1.7300000e+02   1.6934780e+01
   1.8200000e+02  -1.6700000e+02   2.4886083e+02  -3.9174383e+01  -2.4801130e+00  -1.7300000e+02   5.6804260e+00
   1.8200000e+02  -1.6700000e+02   2.4876435e+02  -3.8860466e+01   4.1919262e+00  -1.7300000e+02  -5.0668358e+00
   1.8200000e+02  -1.6700000e+02   2.5193447e+02  -4.2199996e+01   1.0649952e+01  -1.7300000e+02  -1.5592995e+01
   1.8200000e+02  -1.6700000e+02   2.5500977e+02  -4.6803060e+01   1.6883841e+01  -1.7300000e+02  -2.5403037e+01
   1.8200000e+02  -1.6700000e+02   2.5632892e+02  -5.0291177e+01   2.1664572e+01  -1.7300000e+02  -3.4909504e+01
   1.8200000e+02  -1.6700000e+02   2.5950859e+02  -5.4976601e+01   2.6251277e+01  -1.7300000e+02  -4.3212566e+01
   1.8200000e+02  -1.6700000e+02   2.6072273e+02  -5.6804495e+01   2.9742619e+01  -1.7300000e+02  -4.9441881e+01
   1.8200000e+02  -1.6700000e+02   2.6036948e+02  -5.5246357e+01   3.2274974e+01  -1.7300000e+02  -5.2544856e+01
   1.8200000e+02  -1.6700000e+02   2.5853033e+02  -5.3691950e+01   3.4465781e+01  -1.7300000e+02  -5.3969134e+01
   1.8200000e+02  -1.6700000e+02   2.5690091e+02  -5.2808873e+01   3.7193472e+01  -1.7300000e+02  -5.2552633e+01
   1.8200000e+02  -1.6700000e+02   2.5545867e+02  -5.2868358e+01   4.0191206e+01  -1.7300000e+02  -5.1280426e+01
   1.8200000e+02  -1.6700000e+02   2.5336356e+02  -5.3676188e+01   4.3817235e+01  -1.7300000e+02  -4.8285443e+01
   1.8200000e+02  -1.6700000e+02   2.5123664e+02  -5.4429089e+01   4.7983674e+01  -1.7300000e+02  -4.3852731e+01
   1.8200000e+02  -1.6700000e+02   2.4750943e+02  -5.5223702e+01   5.2411872e+01  -1.7300000e+02  -3.8180878e+01
   1.8200000e+02  -1.6700000e+02   2.4437969e+02  -5.5652741e+01   5.7203114e+01  -1.7300000e+02  -3.1689422e+01
   1.8200000e+02  -1.6700000e+02   2.3958631e+02  -5.6050773e+01   6.3018124e+01  -1.7300000e+02  -2.4691495e+01
   1.8200000e+02  -1.6700000e+02   2.3381416e+02  -5.5083540e+01   6.9803051e+01  -1.7300000e+02  -1.7217935e+01
   1.8200000e+02  -1.6700000e+02   2.2812469e+02  -5.3022509e+01   7.7776402e+01  -1.7300000e+02  -1.0164121e+01
   1.8200000e+02  -1.6700000e+02   2.2271557e+02  -4.9024181e+01   8.6804311e+01  -1.7300000e+02  -2.2776387e+00
   1.8200000e+02  -1.6700000e+02   2.1788754e+02  -4.2603369e+01   9.6518179e+01  -1.7300000e+02   6.7247744e+00
   1.8200000e+02  -1.6700000e+02   2.1365593e+02  -3.4302330e+01   1.0665941e+02  -1.7300000e+02   1.5941227e+01
   1.8200000e+02  -1.6700000e+02   2.1154493e+02  -2.5110499e+01   1.1701764e+02  -1.7300000e+02   2.4437377e+01
   1.8200000e+02  -1.6700000e+02   2.1300610e+02  -1.5810935e+01   1.2651964e+02  -1.7300000e+02   3.2749887e+01
   1.8200000e+02  -1.6700000e+02   2.1570860e+02  -7.1685098e+00   1.3463789e+02  -1.7300000e+02   3.9432715e+01
   1.8200000e+02  -1.6700000e+02   2.1961508e+02  -5.5623805e-01   1.3984297e+02  -1.7300000e+02   4.5391504e+01
   1.8200000e+02  -1.6700000e+02   2.2280294e+02   2.7685278e+00   1.4444469e+02  -1.7300000e+02   4.9323841e+01
   1.8200000e+02  -1.6700000e+02   2.2525356e+02   5.0180591e+00   1.4840604e+02  -1.7300000e+02   5.2362060e+01
   1.8200000e+02  -1.6700000e+02   2.2797049e+02   5.1561490e+00   1.5176830e+02  -1.7300000e+02   5.5631924e+01
   1.8200000e+02  -1.6700000e+02   2.2993431e+02   4.6173474e+00   1.5422832e+02  -1.7300000e+02   5.9234299e+01
   1.8200000e+02  -1.6700000e+02   2.3189813e+02   4.0785459e+00   1.5668835e+02  -1.7300000e+02   6.2836673e+01
   1.8200000e+02  -1.6700000e+02   2.3397432e+02   4.0032561e+00   1.5865613e+02  -1.7300000e+02   6.5482100e+01
   1.8200000e+02  -1.6700000e+02   2.3623705e+02   3.4379142e+00   1.6036325e+02  -1.7300000e+02   6.8974933e+01
   1.8200000e+02  -1.6700000e+02   2.3849979e+02   2.8725722e+00   1.6207037e+02  -1.7300000e+02   7.2467766e+01
   1.8200000e+02  -1.6700000e+02   2.3941541e+02   2.8754194e+00   1.6370208e+02  -1.7300000e+02   7.6329585e+01
   1.8200000e+02  -1.6700000e+02   2.4171830e+02   2.9010472e+00   1.6486629e+02  -1.7300000e+02   7.9415474e+01
   1.8200000e+02  -1.6700000e+02   2.3822340e+02   7.5205784e+00   1.6657181e+02  -1.7300000e+02   7.9288300e+01
   1.8200000e+02  -1.6700000e+02   2.3290492e+02   1.4781423e+01   1.6817296e+02  -1.7300000e+02   7.7826644e+01
   1.8200000e+02  -1.6700000e+02   2.2782488e+02   2.3844307e+01   1.6806914e+02  -1.7300000e+02   7.0909426e+01
   1.8200000e+02  -1.6700000e+02   2.2444705e+02   3.3607190e+01   1.6204056e+02  -1.7300000e+02   6.0049781e+01
   1.8200000e+02  -1.6700000e+02   2.2197374e+02   4.3533665e+01   1.5466960e+02  -1.7300000e+02   4.8071559e+01
   1.8200000e+02  -1.6700000e+02   2.1949623e+02   5.0053369e+01   1.4815690e+02  -1.7300000e+02   3.5911996e+01
   1.8200000e+02  -1.6700000e+02   2.1809370e+02   5.0136292e+01   1.4237573e+02  -1.7300000e+02   2.3821416e+01
   1.8200000e+02  -1.6700000e+02   2.1768385e+02   4.5713500e+01   1.3675624e+02  -1.7300000e+02   1.2455614e+01
   1.8200000e+02  -1.6700000e+02   2.1817501e+02   3.9180394e+01   1.3161293e+02  -1.7300000e+02   2.1157882e+00
   1.8200000e+02  -1.6700000e+02   2.2107551e+02   3.1985706e+01   1.2776584e+02  -1.7300000e+02  -6.4080817e+00
   1.8200000e+02  -1.6700000e+02   2.2573861e+02   2.4217515e+01   1.2595602e+02  -1.7300000e+02  -1.4118247e+01
   1.8200000e+02  -1.6700000e+02   2.3067179e+02   1.5988013e+01   1.2570269e+02  -1.7300000e+02  -2.0621471e+01
   1.8200000e+02  -1.6700000e+02   2.3595107e+02   8.2115276e+00   1.2530829e+02  -1.7300000e+02  -2.6726921e+01
   1.8200000e+02  -1.6700000e+02   2.4101270e+02  -7.5685869e-01   1.2715697e+02  -1.7300000e+02  -3.0420680e+01
   1.8200000e+02  -1.6700000e+02   2.4668859e+02  -1.0717408e+01   1.3050189e+02  -1.7300000e+02  -3.1511221e+01
   1.8200000e+02  -1.6700000e+02   2.4956934e+02  -1.8580947e+01   1.3195852e+02  -1.7300000e+02  -3.1119927e+01
   1.8200000e+02  -1.6700000e+02   2.4926580e+02  -2.0136751e+01   1.3081605e+02  -1.7300000e+02  -3.0140827e+01
   1.8200000e+02  -1.6700000e+02   2.4763576e+02  -2.0002785e+01   1.2935397e+02  -1.7300000e+02  -2.6884197e+01
   1.8200000e+02  -1.6700000e+02   2.4527177e+02  -1.9498074e+01   1.2856217e+02  -1.7300000e+02  -2.2599119e+01
   1.8200000e+02  -1.6700000e+02   2.4300484e+02  -1.8531674e+01   1.2822179e+02  -1.7300000e+02  -1.6906432e+01
   1.8200000e+02  -1.6700000e+02   2.4022837e+02  -1.7112439e+01   1.2819556e+02  -1.7300000e+02  -1.0175294e+01
   1.8200000e+02  -1.6700000e+02   2.3760532e+02  -1.5868058e+01   1.2852822e+02  -1.7300000e+02  -3.1320246e+00
   1.8200000e+02  -1.6700000e+02   2.3591612e+02  -1.3602302e+01   1.2993951e+02  -1.7300000e+02   3.3911046e+00
   1.8200000e+02  -1.6700000e+02   2.3334447e+02  -1.1149692e+01   1.3200037e+02  -1.7300000e+02   1.0966903e+01
   1.8200000e+02  -1.6700000e+02   2.3159529e+02  -8.5525601e+00   1.3445615e+02  -1.7300000e+02   1.6814109e+01
   1.8200000e+02  -1.6700000e+02   2.2990431e+02  -5.5721011e+00   1.3653734e+02  -1.7300000e+02   2.2466130e+01
   1.8200000e+02  -1.6700000e+02   2.2901007e+02  -3.9825015e+00   1.3842763e+02  -1.7300000e+02   2.8016408e+01
   1.8200000e+02  -1.6700000e+02   2.2790647e+02  -2.1137027e+00   1.4010251e+02  -1.7300000e+02   3.1660156e+01
   1.8200000e+02  -1.6700000e+02   2.2736966e+02  -9.9978589e-01   1.4156868e+02  -1.7300000e+02   3.6792617e+01
   1.8200000e+02  -1.6700000e+02   2.2673189e+02   1.0705090e+00   1.4265936e+02  -1.7300000e+02   4.1493604e+01
   1.8200000e+02  -1.6700000e+02   2.2703221e+02   4.4089419e+00   1.4497808e+02  -1.7300000e+02   4.4071116e+01
   1.8200000e+02  -1.6700000e+02   2.2676600e+02   6.3654249e+00   1.4760248e+02  -1.7300000e+02   4.9686054e+01
   1.8200000e+02  -1.6700000e+02   2.2728147e+02   6.9445950e+00   1.5011469e+02  -1.7300000e+02   5.3880747e+01
   1.8200000e+02  -1.6700000e+02   2.2828417e+02   6.9916928e+00   1.5195230e+02  -1.7300000e+02   5.7523238e+01
   1.8200000e+02  -1.6700000e+02   2.2965434e+02   6.0784823e+00   1.5381831e+02  -1.7300000e+02   6.1815265e+01
   1.8200000e+02  -1.6700000e+02   2.3209797e+02   4.7592476e+00   1.5507794e+02  -1.7300000e+02   6.5655889e+01
   1.8200000e+02  -1.6700000e+02   2.3514385e+02   3.1447783e+00   1.5634545e+02  -1.7300000e+02   6.8832610e+01
   1.8200000e+02  -1.6700000e+02   2.3780098e+02   1.3041826e+00   1.5793769e+02  -1.7300000e+02   7.2781970e+01
   1.8200000e+02  -1.6700000e+02   2.3982319e+02  -1.2434335e-01   1.5938811e+02  -1.7300000e+02   7.5765312e+01
   1.8200000e+02  -1.6700000e+02   2.4184540e+02  -1.5528693e+00   1.6083853e+02  -1.7300000e+02   7.8748654e+01
   1.8200000e+02  -1.6700000e+02   2.4437917e+02  -2.8277757e+00   1.6173989e+02  -1.7300000e+02   8.0888130e+01
   1.8200000e+02  -1.6700000e+02   2.4567076e+02  -3.5694692e+00   1.6239172e+02  -1.7300000e+02   8.3926695e+01
   1.8200000e+02  -1.6700000e+02   2.4848675e+02  -4.3538983e+00   1.6271263e+02  -1.7300000e+02   8.5908677e+01
   1.8200000e+02  -1.6700000e+02   2.5291176e+02  -5.0477999e+00   1.6287602e+02  -1.7300000e+02   8.7544848e+01
   1.8200000e+02  -1.6700000e+02   2.5551211e+02  -4.8480420e+00   1.6295335e+02  -1.7300000e+02   8.9035532e+01
   1.8200000e+02  -1.6700000e+02   2.5680711e+02  -3.7143612e+00   1.6296530e+02  -1.7300000e+02   9.0055267e+01
   1.8200000e+02  -1.6700000e+02   2.5514310e+02  -1.3588976e+00   1.6294208e+02  -1.7300000e+02   9.0957278e+01
   1.8200000e+02  -1.6700000e+02   2.5195882e+02   1.6892224e+00   1.6289620e+02  -1.7300000e+02   9.2488511e+01
   1.8200000e+02  -1.6700000e+02   2.4680442e+02   4.3539028e+00   1.6283588e+02  -1.7300000e+02   9.2817757e+01
   1.8200000e+02  -1.6700000e+02   2.4009700e+02   7.1317706e+00   1.6275474e+02  -1.7300000e+02   9.2007521e+01
   1.8200000e+02  -1.6700000e+02   2.3435421e+02   9.2984802e+00   1.6279619e+02  -1.7300000e+02   9.2924291e+01
   1.8200000e+02  -1.6700000e+02   2.2763631e+02   1.1945133e+01   1.6318446e+02  -1.7300000e+02   8.9841490e+01
   1.8200000e+02  -1.6700000e+02   2.2133778e+02   1.9603932e+01   1.6100151e+02  -1.7300000e+02   8.0192645e+01
   1.8200000e+02  -1.6700000e+02   2.1597781e+02   2.9015230e+01   1.5461153e+02  -1.7300000e+02   6.8528719e+01
   1.8200000e+02  -1.6700000e+02   2.1178170e+02   3.8833777e+01   1.4654644e+02  -1.7300000e+02   5.6175418e+01
   1.8200000e+02  -1.6700000e+02   2.1094655e+02   4.5282514e+01   1.3898481e+02  -1.7300000e+02   4.3682246e+01
   1.8200000e+02  -1.6700000e+02   2.1143887e+02   4.4761695e+01   1.3332336e+02  -1.7300000e+02   3.1382210e+01
   1.8200000e+02  -1.6700000e+02   2.1471451e+02   3.8172374e+01   1.2891942e+02  -1.7300000e+02   1.9648721e+01
   1.8200000e+02  -1.6700000e+02   2.1983615e+02   3.0151010e+01   1.2708999e+02  -1.7300000e+02   8.4152510e+00
   1.8200000e+02  -1.6700000e+02   2.2508407e+02   2.1458113e+01   1.2750407e+02  -1.7300000e+02  -1.8666465e+00
   1.8200000e+02  -1.6700000e+02   2.3106921e+02   1.2039284e+01   1.2805701e+02  -1.7300000e+02  -1.0779552e+01
   1.8200000e+02  -1.6700000e+02   2.3647786e+02   2.6788004e+00   1.2994255e+02  -1.7300000e+02  -1.8491604e+01
   1.8200000e+02  -1.6700000e+02   2.4309694e+02  -7.7631668e+00   1.3331760e+02  -1.7300000e+02  -2.2950331e+01
   1.8200000e+02  -1.6700000e+02   2.4756936e+02  -1.7317001e+01   1.3563255e+02  -1.7300000e+02  -2.5678304e+01
   1.8200000e+02  -1.6700000e+02   2.4845169e+02  -2.1435149e+01   1.3430263e+02  -1.7300000e+02  -2.8661153e+01
   1.8200000e+02  -1.6700000e+02   2.4772930e+02  -2.2666352e+01   1.3256351e+02  -1.7300000e+02  -2.9944073e+01
   1.8200000e+02  -1.6700000e+02   2.4603288e+02  -2.2407790e+01   1.3105570e+02  -1.7300000e+02  -2.8098683e+01
   1.8200000e+02  -1.6700000e+02   2.4417333e+02  -2.1589499e+01   1.3022320e+02  -1.7300000e+02  -2.4887914e+01
   1.8200000e+02  -1.6700000e+02   2.4154916e+02  -2.0295883e+01   1.3046354e+02  -1.7300000e+02  -2.0321110e+01
   1.8200000e+02  -1.6700000e+02   2.3964146e+02  -1.8823081e+01   1.3122257e+02  -1.7300000e+02  -1.4442288e+01
   1.8200000e+02  -1.6700000e+02   2.3783939e+02  -1.6900107e+01   1.3336131e+02  -1.7300000e+02  -8.6646648e+00
   1.8200000e+02  -1.6700000e+02   2.3612250e+02  -1.4224008e+01   1.3496675e+02  -1.7300000e+02  -2.3225499e+00
   1.8200000e+02  -1.6700000e+02   2.3404852e+02  -1.1263362e+01   1.3664178e+02  -1.7300000e+02   3.9091386e+00
   1.8200000e+02  -1.6700000e+02   2.3277731e+02  -8.0882266e+00   1.3961049e+02  -1.7300000e+02   9.6499507e+00
   1.8200000e+02  -1.6700000e+02   2.3153783e+02  -4.9721778e+00   1.4251580e+02  -1.7300000e+02   1.4823536e+01
   1.8200000e+02  -1.6700000e+02   2.3121768e+02  -2.1128799e+00   1.4456543e+02  -1.7300000e+02   1.9753953e+01
   1.8200000e+02  -1.6700000e+02   2.2966646e+02   7.8297804e-01   1.4715863e+02  -1.7300000e+02   2.5379511e+01
   1.8200000e+02  -1.6700000e+02   2.2814352e+02   3.7426869e+00   1.4939934e+02  -1.7300000e+02   3.0838536e+01
   1.8200000e+02  -1.6700000e+02   2.2811018e+02   5.1353737e+00   1.5065554e+02  -1.7300000e+02   3.6003275e+01
   1.8200000e+02  -1.6700000e+02   2.2768834e+02   6.6683664e+00   1.5239801e+02  -1.7300000e+02   4.0336222e+01
   1.8200000e+02  -1.6700000e+02   2.2753859e+02   8.0104766e+00   1.5423741e+02  -1.7300000e+02   4.3918158e+01
   1.8200000e+02  -1.6700000e+02   2.2780909e+02   8.3867306e+00   1.5664470e+02  -1.7300000e+02   4.7025689e+01
   1.8200000e+02  -1.6700000e+02   2.2807955e+02   8.5065615e+00   1.6001233e+02  -1.7300000e+02   5.0326923e+01
   1.8200000e+02  -1.6700000e+02   2.3062109e+02   7.3555965e+00   1.6275834e+02  -1.7300000e+02   5.4178775e+01
   1.8200000e+02  -1.6700000e+02   2.3408612e+02   6.0571207e+00   1.6588333e+02  -1.7300000e+02   5.7475015e+01
   1.8200000e+02  -1.6700000e+02   2.3755115e+02   4.7586449e+00   1.6900831e+02  -1.7300000e+02   6.0771255e+01
   1.8200000e+02  -1.6700000e+02   2.4244992e+02   2.5798572e+00   1.7167535e+02  -1.7300000e+02   6.3591539e+01
   1.8200000e+02  -1.6700000e+02   2.4734869e+02   4.0106950e-01   1.7434239e+02  -1.7300000e+02   6.6411824e+01
   1.8200000e+02  -1.6700000e+02   2.5224746e+02  -1.7777182e+00   1.7700942e+02  -1.7300000e+02   6.9232108e+01
   1.8200000e+02  -1.6700000e+02   2.5714622e+02  -3.9565059e+00   1.7967646e+02  -1.7300000e+02   7.2052392e+01
   1.8200000e+02  -1.6700000e+02   2.6142291e+02  -5.6674364e+00   1.8107192e+02  -1.7300000e+02   7.3939735e+01
   1.8200000e+02  -1.6700000e+02   2.6440053e+02  -6.7447048e+00   1.8223821e+02  -1.7300000e+02   7.6225852e+01
   1.8200000e+02  -1.6700000e+02   2.6737816e+02  -7.8219731e+00   1.8340450e+02  -1.7300000e+02   7.8511969e+01
   1.8200000e+02  -1.6700000e+02   2.6680669e+02  -6.5681349e+00   1.8436193e+02  -1.7300000e+02   8.0423906e+01
   1.8200000e+02  -1.6700000e+02   2.6418247e+02  -3.8199307e+00   1.8562216e+02  -1.7300000e+02   8.1852522e+01
   1.8200000e+02  -1.6700000e+02   2.5753837e+02   2.6989483e+00   1.8800078e+02  -1.7300000e+02   8.0441944e+01
   1.8200000e+02  -1.6700000e+02   2.5046562e+02   1.1542991e+01   1.9073138e+02  -1.7300000e+02   7.3625733e+01
   1.8200000e+02  -1.6700000e+02   2.4589837e+02   2.2108723e+01   1.9149118e+02  -1.7300000e+02   6.3099991e+01
   1.8200000e+02  -1.6700000e+02   2.4405323e+02   3.2889338e+01   1.8663682e+02  -1.7300000e+02   5.1233166e+01
   1.8200000e+02  -1.6700000e+02   2.4480764e+02   4.2012919e+01   1.7907629e+02  -1.7300000e+02   3.8878672e+01
   1.8200000e+02  -1.6700000e+02   2.4555402e+02   4.1103798e+01   1.7143865e+02  -1.7300000e+02   2.6800225e+01
   1.8200000e+02  -1.6700000e+02   2.4549052e+02   3.5633987e+01   1.6485833e+02  -1.7300000e+02   1.5071422e+01
   1.8200000e+02  -1.6700000e+02   2.4445485e+02   2.8907857e+01   1.5914969e+02  -1.7300000e+02   4.0871221e+00
   1.8200000e+02  -1.6700000e+02   2.4480796e+02   2.2485398e+01   1.5393927e+02  -1.7300000e+02  -6.4686956e+00
   1.8200000e+02  -1.6700000e+02   2.4593940e+02   1.5755367e+01   1.4997489e+02  -1.7300000e+02  -1.6274963e+01
   1.8200000e+02  -1.6700000e+02   2.4807911e+02   8.2367108e+00   1.4675641e+02  -1.7300000e+02  -2.4415401e+01
   1.8200000e+02  -1.6700000e+02   2.5018476e+02   4.7319784e-01   1.4514994e+02  -1.7300000e+02  -3.1998459e+01
   1.8200000e+02  -1.6700000e+02   2.5253888e+02  -7.7815507e+00   1.4415934e+02  -1.7300000e+02  -3.8587364e+01
   1.8200000e+02  -1.6700000e+02   2.5588484e+02  -1.6527169e+01   1.4342086e+02  -1.7300000e+02  -4.1729049e+01
   1.8200000e+02  -1.6700000e+02   2.5631420e+02  -2.3544822e+01   1.4265226e+02  -1.7300000e+02  -4.3613977e+01
   1.8200000e+02  -1.6700000e+02   2.5523045e+02  -2.5879768e+01   1.4076119e+02  -1.7300000e+02  -4.5005990e+01
   1.8200000e+02  -1.6700000e+02   2.5438884e+02  -2.6634505e+01   1.3847023e+02  -1.7300000e+02  -4.3486683e+01
   1.8200000e+02  -1.6700000e+02   2.5238235e+02  -2.6428392e+01   1.3645536e+02  -1.7300000e+02  -4.1036418e+01
   1.8200000e+02  -1.6700000e+02   2.5046585e+02  -2.5444445e+01   1.3482623e+02  -1.7300000e+02  -3.6991360e+01
   1.8200000e+02  -1.6700000e+02   2.4761178e+02  -2.4048101e+01   1.3391991e+02  -1.7300000e+02  -3.1390517e+01
   1.8200000e+02  -1.6700000e+02   2.4456357e+02  -2.2828470e+01   1.3375572e+02  -1.7300000e+02  -2.5105450e+01
   1.8200000e+02  -1.6700000e+02   2.4177455e+02  -2.0950946e+01   1.3418086e+02  -1.7300000e+02  -1.7704340e+01
   1.8200000e+02  -1.6700000e+02   2.3912344e+02  -1.8200805e+01   1.3583825e+02  -1.7300000e+02  -1.0505785e+01
   1.8200000e+02  -1.6700000e+02   2.3652118e+02  -1.4787656e+01   1.3744026e+02  -1.7300000e+02  -2.6435114e+00
   1.8200000e+02  -1.6700000e+02   2.3455704e+02  -1.1511565e+01   1.3943228e+02  -1.7300000e+02   4.2180398e+00
   1.8200000e+02  -1.6700000e+02   2.3365739e+02  -8.2729732e+00   1.4215272e+02  -1.7300000e+02   9.1255314e+00
   1.8200000e+02  -1.6700000e+02   2.3313578e+02  -5.5836441e+00   1.4440866e+02  -1.7300000e+02   1.3949148e+01
   1.8200000e+02  -1.6700000e+02   2.3215618e+02  -2.3335578e+00   1.4639929e+02  -1.7300000e+02   1.9694396e+01
   1.8200000e+02  -1.6700000e+02   2.3105543e+02  -2.4716861e-01   1.4832307e+02  -1.7300000e+02   2.4162328e+01
   1.8200000e+02  -1.6700000e+02   2.2994024e+02   1.4010218e+00   1.4836652e+02  -1.7300000e+02   2.8520256e+01
   1.8200000e+02  -1.6700000e+02   2.2881156e+02   3.0621100e+00   1.4912756e+02  -1.7300000e+02   3.1961522e+01
   1.8200000e+02  -1.6700000e+02   2.2876288e+02   4.1414646e+00   1.5010568e+02  -1.7300000e+02   3.5295319e+01
   1.8200000e+02  -1.6700000e+02   2.2914841e+02   4.9561452e+00   1.5095757e+02  -1.7300000e+02   3.8960712e+01
   1.8200000e+02  -1.6700000e+02   2.2851829e+02   6.8942678e+00   1.5255469e+02  -1.7300000e+02   4.2023216e+01
   1.8200000e+02  -1.6700000e+02   2.2887619e+02   7.9068894e+00   1.5375294e+02  -1.7300000e+02   4.6565190e+01
   1.8200000e+02  -1.6700000e+02   2.2982312e+02   7.6278123e+00   1.5570378e+02  -1.7300000e+02   5.1047162e+01
   1.8200000e+02  -1.6700000e+02   2.3201427e+02   6.9054467e+00   1.5782518e+02  -1.7300000e+02   5.4590032e+01
   1.8200000e+02  -1.6700000e+02   2.3479945e+02   5.3002810e+00   1.5979056e+02  -1.7300000e+02   5.8559939e+01
   1.8200000e+02  -1.6700000e+02   2.3758463e+02   3.6951152e+00   1.6175593e+02  -1.7300000e+02   6.2529846e+01
   1.8200000e+02  -1.6700000e+02   2.4324784e+02   1.3761439e+00   1.6314774e+02  -1.7300000e+02   6.5843849e+01
   1.8200000e+02  -1.6700000e+02   2.4891106e+02  -9.4282735e-01   1.6453954e+02  -1.7300000e+02   6.9157853e+01
   1.8200000e+02  -1.6700000e+02   2.5139061e+02  -8.6280884e-01   1.6598272e+02  -1.7300000e+02   7.3755602e+01
   1.8200000e+02  -1.6700000e+02   2.5033427e+02   2.5442570e+00   1.6760378e+02  -1.7300000e+02   7.7884705e+01
   1.8200000e+02  -1.6700000e+02   2.4540113e+02   8.5155461e+00   1.6947886e+02  -1.7300000e+02   7.8485471e+01
   1.8200000e+02  -1.6700000e+02   2.3848814e+02   1.6932643e+01   1.7098687e+02  -1.7300000e+02   7.3019162e+01
   1.8200000e+02  -1.6700000e+02   2.3253979e+02   2.7314513e+01   1.6994333e+02  -1.7300000e+02   6.2337761e+01
   1.8200000e+02  -1.6700000e+02   2.2731255e+02   3.7916423e+01   1.6516437e+02  -1.7300000e+02   5.0329144e+01
   1.8200000e+02  -1.6700000e+02   2.2647129e+02   4.4708494e+01   1.5768987e+02  -1.7300000e+02   3.7970014e+01
   1.8200000e+02  -1.6700000e+02   2.2824927e+02   4.1151596e+01   1.5028295e+02  -1.7300000e+02   2.5941146e+01
   1.8200000e+02  -1.6700000e+02   2.3036934e+02   3.4797627e+01   1.4382139e+02  -1.7300000e+02   1.4424278e+01
   1.8200000e+02  -1.6700000e+02   2.3327956e+02   2.6924868e+01   1.3848368e+02  -1.7300000e+02   4.1548044e+00
   1.8200000e+02  -1.6700000e+02   2.3557619e+02   2.0268801e+01   1.3455303e+02  -1.7300000e+02  -5.6292222e+00
   1.8200000e+02  -1.6700000e+02   2.3752650e+02   1.3320484e+01   1.3261741e+02  -1.7300000e+02  -1.4282963e+01
   1.8200000e+02  -1.6700000e+02   2.3995955e+02   5.8872082e+00   1.3210336e+02  -1.7300000e+02  -2.1772683e+01
   1.8200000e+02  -1.6700000e+02   2.4209196e+02  -1.9182719e+00   1.3218477e+02  -1.7300000e+02  -2.8194223e+01
   1.8200000e+02  -1.6700000e+02   2.4530882e+02  -9.4208931e+00   1.3189348e+02  -1.7300000e+02  -3.4091955e+01
   1.8200000e+02  -1.6700000e+02   2.4898920e+02  -1.7665085e+01   1.3255704e+02  -1.7300000e+02  -3.7882562e+01
   1.8200000e+02  -1.6700000e+02   2.5129860e+02  -2.4729616e+01   1.3307485e+02  -1.7300000e+02  -3.8176852e+01
   1.8200000e+02  -1.6700000e+02   2.5014983e+02  -2.5898589e+01   1.3240180e+02  -1.7300000e+02  -3.8513387e+01
   1.8200000e+02  -1.6700000e+02   2.4768921e+02  -2.5177609e+01   1.3196317e+02  -1.7300000e+02  -3.6438184e+01
   1.8200000e+02  -1.6700000e+02   2.4590833e+02  -2.3564784e+01   1.3153271e+02  -1.7300000e+02  -3.2378748e+01
   1.8200000e+02  -1.6700000e+02   2.4288927e+02  -2.1681514e+01   1.3191067e+02  -1.7300000e+02  -2.5764522e+01
   1.8200000e+02  -1.6700000e+02   2.3962056e+02  -1.9344353e+01   1.3305088e+02  -1.7300000e+02  -1.8345031e+01
   1.8200000e+02  -1.6700000e+02   2.3742184e+02  -1.6614985e+01   1.3493028e+02  -1.7300000e+02  -1.0767300e+01
   1.8200000e+02  -1.6700000e+02   2.3611560e+02  -1.3684674e+01   1.3685340e+02  -1.7300000e+02  -4.0201077e+00
   1.8200000e+02  -1.6700000e+02   2.3440801e+02  -9.8465966e+00   1.4006800e+02  -1.7300000e+02   3.2874484e+00
   1.8200000e+02  -1.6700000e+02   2.3414360e+02  -6.4143895e+00   1.4266933e+02  -1.7300000e+02   9.1441850e+00
   1.8200000e+02  -1.6700000e+02   2.3241872e+02  -3.0282144e+00   1.4629559e+02  -1.7300000e+02   1.4342089e+01
   1.8200000e+02  -1.6700000e+02   2.3093076e+02  -5.3389604e-01   1.4771560e+02  -1.7300000e+02   2.0060720e+01
   1.8200000e+02  -1.6700000e+02   2.3027601e+02   1.7500741e+00   1.5002717e+02  -1.7300000e+02   2.5644416e+01
   1.8200000e+02  -1.6700000e+02   2.2983559e+02   4.0364939e+00   1.5124009e+02  -1.7300000e+02   2.9261309e+01
   1.8200000e+02  -1.6700000e+02   2.2902015e+02   5.6735568e+00   1.5328649e+02  -1.7300000e+02   3.3127951e+01
   1.8200000e+02  -1.6700000e+02   2.2886724e+02   7.3845474e+00   1.5495330e+02  -1.7300000e+02   3.7208954e+01
   1.8200000e+02  -1.6700000e+02   2.2914775e+02   8.6098343e+00   1.5681512e+02  -1.7300000e+02   4.1871561e+01
   1.8200000e+02  -1.6700000e+02   2.2989865e+02   8.9965273e+00   1.5865920e+02  -1.7300000e+02   4.5097490e+01
   1.8200000e+02  -1.6700000e+02   2.3110231e+02   8.9019357e+00   1.6019037e+02  -1.7300000e+02   4.8214633e+01
   1.8200000e+02  -1.6700000e+02   2.3230597e+02   8.8073442e+00   1.6172154e+02  -1.7300000e+02   5.1331777e+01
   1.8200000e+02  -1.6700000e+02   2.3461750e+02   7.2683656e+00   1.6367571e+02  -1.7300000e+02   5.4552669e+01
   1.8200000e+02  -1.6700000e+02   2.3697051e+02   6.3999683e+00   1.6625559e+02  -1.7300000e+02   5.7261261e+01
   1.8200000e+02  -1.6700000e+02   2.3932353e+02   5.5315710e+00   1.6883546e+02  -1.7300000e+02   5.9969852e+01
   1.8200000e+02  -1.6700000e+02   2.4213749e+02   3.5839603e+00   1.7138211e+02  -1.7300000e+02   6.3740547e+01
   1.8200000e+02  -1.6700000e+02   2.4495146e+02   1.6363495e+00   1.7392875e+02  -1.7300000e+02   6.7511241e+01
   1.8200000e+02  -1.6700000e+02   2.4870130e+02  -4.9169405e-01   1.7588024e+02  -1.7300000e+02   7.0184035e+01
   1.8200000e+02  -1.6700000e+02   2.5245113e+02  -2.6197376e+00   1.7783173e+02  -1.7300000e+02   7.2856829e+01
   1.8200000e+02  -1.6700000e+02   2.5755008e+02  -4.4611725e+00   1.7920018e+02  -1.7300000e+02   7.4805539e+01
   1.8200000e+02  -1.6700000e+02   2.6264902e+02  -6.3026073e+00   1.8056863e+02  -1.7300000e+02   7.6754250e+01
   1.8200000e+02  -1.6700000e+02   2.6635260e+02  -7.2659289e+00   1.8154217e+02  -1.7300000e+02   7.8963093e+01
   1.8200000e+02  -1.6700000e+02   2.6611855e+02  -6.5405093e+00   1.8230467e+02  -1.7300000e+02   8.1643891e+01
   1.8200000e+02  -1.6700000e+02   2.6009129e+02  -2.7532575e+00   1.8335563e+02  -1.7300000e+02   8.5079051e+01
   1.8200000e+02  -1.6700000e+02   2.5264395e+02   3.1994885e+00   1.8396421e+02  -1.7300000e+02   8.5931179e+01
   1.8200000e+02  -1.6700000e+02   2.4568185e+02   8.4097538e+00   1.8454364e+02  -1.7300000e+02   8.5390196e+01
   1.8200000e+02  -1.6700000e+02   2.3964794e+02   1.6748575e+01   1.8450845e+02  -1.7300000e+02   7.7353892e+01
   1.8200000e+02  -1.6700000e+02   2.3628944e+02   2.6925777e+01   1.8027654e+02  -1.7300000e+02   6.6279064e+01
   1.8200000e+02  -1.6700000e+02   2.3600301e+02   3.7433358e+01   1.7250287e+02  -1.7300000e+02   5.4176155e+01
   1.8200000e+02  -1.6700000e+02   2.3695081e+02   4.5354468e+01   1.6391357e+02  -1.7300000e+02   4.1978817e+01
   1.8200000e+02  -1.6700000e+02   2.3712554e+02   4.6278333e+01   1.5751096e+02  -1.7300000e+02   2.9773251e+01
   1.8200000e+02  -1.6700000e+02   2.3633174e+02   3.9551454e+01   1.5196936e+02  -1.7300000e+02   1.8185091e+01
   1.8200000e+02  -1.6700000e+02   2.3654836e+02   3.1748527e+01   1.4744474e+02  -1.7300000e+02   6.8592327e+00
   1.8200000e+02  -1.6700000e+02   2.3641491e+02   2.3209795e+01   1.4388512e+02  -1.7300000e+02  -3.4996025e+00
   1.8200000e+02  -1.6700000e+02   2.3813844e+02   1.4726208e+01   1.4231627e+02  -1.7300000e+02  -1.3151706e+01
   1.8200000e+02  -1.6700000e+02   2.4042360e+02   6.2554102e+00   1.4087141e+02  -1.7300000e+02  -2.1492728e+01
   1.8200000e+02  -1.6700000e+02   2.4306203e+02  -3.1146529e+00   1.4139355e+02  -1.7300000e+02  -2.8171430e+01
   1.8200000e+02  -1.6700000e+02   2.4561829e+02  -1.3420890e+01   1.4351608e+02  -1.7300000e+02  -3.2658118e+01
   1.8200000e+02  -1.6700000e+02   2.4825404e+02  -2.1917643e+01   1.4355800e+02  -1.7300000e+02  -3.5432685e+01
   1.8200000e+02  -1.6700000e+02   2.4784063e+02  -2.4134107e+01   1.4196785e+02  -1.7300000e+02  -3.7828850e+01
   1.8200000e+02  -1.6700000e+02   2.4580651e+02  -2.3647701e+01   1.4010935e+02  -1.7300000e+02  -3.6197321e+01
   1.8200000e+02  -1.6700000e+02   2.4331321e+02  -2.2923227e+01   1.3887271e+02  -1.7300000e+02  -3.2764554e+01
   1.8200000e+02  -1.6700000e+02   2.4072482e+02  -2.1632348e+01   1.3816568e+02  -1.7300000e+02  -2.7117351e+01
   1.8200000e+02  -1.6700000e+02   2.3941575e+02  -2.0154257e+01   1.3841400e+02  -1.7300000e+02  -2.1910417e+01
   1.8200000e+02  -1.6700000e+02   2.3761708e+02  -1.7734564e+01   1.3866418e+02  -1.7300000e+02  -1.5327585e+01
   1.8200000e+02  -1.6700000e+02   2.3548299e+02  -1.5143668e+01   1.4041215e+02  -1.7300000e+02  -8.9213912e+00
   1.8200000e+02  -1.6700000e+02   2.3434278e+02  -1.2218608e+01   1.4131455e+02  -1.7300000e+02  -2.2050400e+00
   1.8200000e+02  -1.6700000e+02   2.3350445e+02  -9.3195272e+00   1.4335879e+02  -1.7300000e+02   2.7010321e+00
   1.8200000e+02  -1.6700000e+02   2.3233577e+02  -6.1552603e+00   1.4535378e+02  -1.7300000e+02   8.2172240e+00
   1.8200000e+02  -1.6700000e+02   2.3113540e+02  -3.8439339e+00   1.4651311e+02  -1.7300000e+02   1.5074335e+01
   1.8200000e+02  -1.6700000e+02   2.2996038e+02  -2.0130229e+00   1.4831130e+02  -1.7300000e+02   1.9874041e+01
   1.8200000e+02  -1.6700000e+02   2.2955100e+02  -6.4109807e-03   1.4960914e+02  -1.7300000e+02   2.4998849e+01
   1.8200000e+02  -1.6700000e+02   2.2828381e+02   3.2229900e+00   1.5136184e+02  -1.7300000e+02   2.9971437e+01
   1.8200000e+02  -1.6700000e+02   2.2748627e+02   5.6577689e+00   1.5313256e+02  -1.7300000e+02   3.5228849e+01
   1.8200000e+02  -1.6700000e+02   2.2814495e+02   6.9025705e+00   1.5418999e+02  -1.7300000e+02   4.0607517e+01
   1.8200000e+02  -1.6700000e+02   2.2872188e+02   7.8577418e+00   1.5483936e+02  -1.7300000e+02   4.4082329e+01
   1.8200000e+02  -1.6700000e+02   2.2879492e+02   8.7769911e+00   1.5634840e+02  -1.7300000e+02   4.8346409e+01
   1.8200000e+02  -1.6700000e+02   2.3001397e+02   8.1035475e+00   1.5786447e+02  -1.7300000e+02   5.3126179e+01
   1.8200000e+02  -1.6700000e+02   2.3153261e+02   7.7268462e+00   1.5957081e+02  -1.7300000e+02   5.7073650e+01
   1.8200000e+02  -1.6700000e+02   2.3406109e+02   6.3419537e+00   1.6124971e+02  -1.7300000e+02   6.1669212e+01
   1.8200000e+02  -1.6700000e+02   2.4017117e+02   3.2053466e+00   1.6255517e+02  -1.7300000e+02   6.4934328e+01
   1.8200000e+02  -1.6700000e+02   2.4507355e+02   3.8547101e-01   1.6368649e+02  -1.7300000e+02   6.8752210e+01
   1.8200000e+02  -1.6700000e+02   2.4808450e+02  -1.5356783e+00   1.6475265e+02  -1.7300000e+02   7.2645567e+01
   1.8200000e+02  -1.6700000e+02   2.5261785e+02  -3.3826171e+00   1.6548030e+02  -1.7300000e+02   7.5317149e+01
   1.8200000e+02  -1.6700000e+02   2.5715120e+02  -5.2295558e+00   1.6620795e+02  -1.7300000e+02   7.7988731e+01
   1.8200000e+02  -1.6700000e+02   2.6055267e+02  -6.6499845e+00   1.6662545e+02  -1.7300000e+02   8.0658970e+01
   1.8200000e+02  -1.6700000e+02   2.6395414e+02  -8.0704132e+00   1.6704295e+02  -1.7300000e+02   8.3329209e+01
   1.8200000e+02  -1.6700000e+02   2.6519196e+02  -8.0372560e+00   1.6723418e+02  -1.7300000e+02   8.5922772e+01
   1.8200000e+02  -1.6700000e+02   2.6512367e+02  -7.9092202e+00   1.6730529e+02  -1.7300000e+02   8.8091181e+01
   1.8200000e+02  -1.6700000e+02   2.6253863e+02  -7.1180339e+00   1.6732223e+02  -1.7300000e+02   8.9855410e+01
   1.8200000e+02  -1.6700000e+02   2.5494834e+02  -3.6688405e+00   1.6717529e+02  -1.7300000e+02   9.4280504e+01
   1.8200000e+02  -1.6700000e+02   2.4821329e+02  -1.1181626e+00   1.6671620e+02  -1.7300000e+02   9.6574326e+01
   1.8200000e+02  -1.6700000e+02   2.4253851e+02  -1.7180168e-01   1.6635078e+02  -1.7300000e+02   9.6121316e+01
   1.8200000e+02  -1.6700000e+02   2.3579940e+02   3.7162871e+00   1.6689225e+02  -1.7300000e+02   9.0299942e+01
   1.8200000e+02  -1.6700000e+02   2.2890920e+02   1.1908262e+01   1.6444499e+02  -1.7300000e+02   8.0188384e+01
   1.8200000e+02  -1.6700000e+02   2.2324609e+02   2.1608327e+01   1.5820282e+02  -1.7300000e+02   6.8573082e+01
   1.8200000e+02  -1.6700000e+02   2.1896396e+02   3.1171356e+01   1.5027243e+02  -1.7300000e+02   5.6227460e+01
   1.8200000e+02  -1.6700000e+02   2.1799723e+02   3.6536771e+01   1.4217747e+02  -1.7300000e+02   4.3829654e+01
   1.8200000e+02  -1.6700000e+02   2.1865917e+02   3.5210941e+01   1.3610181e+02  -1.7300000e+02   3.1624890e+01
   1.8200000e+02  -1.6700000e+02   2.2187042e+02   2.8717424e+01   1.3180664e+02  -1.7300000e+02   1.9826451e+01
   1.8200000e+02  -1.6700000e+02   2.2571416e+02   2.0817010e+01   1.2964405e+02  -1.7300000e+02   8.7140507e+00
   1.8200000e+02  -1.6700000e+02   2.2885524e+02   1.3439132e+01   1.2910228e+02  -1.7300000e+02  -1.3387376e+00
   1.8200000e+02  -1.6700000e+02   2.3221066e+02   5.2200602e+00   1.2961436e+02  -1.7300000e+02  -1.0280788e+01
   1.8200000e+02  -1.6700000e+02   2.3573179e+02  -3.6413010e+00   1.3136348e+02  -1.7300000e+02  -1.7808592e+01
   1.8200000e+02  -1.6700000e+02   2.3971266e+02  -1.3211442e+01   1.3460908e+02  -1.7300000e+02  -2.4215606e+01
   1.8200000e+02  -1.6700000e+02   2.4285682e+02  -2.1028394e+01   1.3639595e+02  -1.7300000e+02  -2.8369597e+01
   1.8200000e+02  -1.6700000e+02   2.4268312e+02  -2.2481305e+01   1.3571239e+02  -1.7300000e+02  -2.9945266e+01
   1.8200000e+02  -1.6700000e+02   2.4136982e+02  -2.2047219e+01   1.3505975e+02  -1.7300000e+02  -2.8779122e+01
   1.8200000e+02  -1.6700000e+02   2.3960254e+02  -2.0611035e+01   1.3495960e+02  -1.7300000e+02  -2.4610051e+01
   1.8200000e+02  -1.6700000e+02   2.3779163e+02  -1.8529459e+01   1.3522209e+02  -1.7300000e+02  -1.9162365e+01
   1.8200000e+02  -1.6700000e+02   2.3594454e+02  -1.6088556e+01   1.3636118e+02  -1.7300000e+02  -1.2807357e+01
   1.8200000e+02  -1.6700000e+02   2.3368989e+02  -1.3566135e+01   1.3801876e+02  -1.7300000e+02  -5.7004385e+00
   1.8200000e+02  -1.6700000e+02   2.3247289e+02  -1.0991583e+01   1.3899719e+02  -1.7300000e+02   1.5392033e+00
   1.8200000e+02  -1.6700000e+02   2.3131073e+02  -7.8404689e+00   1.3992111e+02  -1.7300000e+02   7.2008166e+00
   1.8200000e+02  -1.6700000e+02   2.3060789e+02  -5.6248874e+00   1.4173412e+02  -1.7300000e+02   1.1718608e+01
   1.8200000e+02  -1.6700000e+02   2.3026754e+02  -3.5317969e+00   1.4327280e+02  -1.7300000e+02   1.6510197e+01
   1.8200000e+02  -1.6700000e+02   2.2978220e+02  -1.3069440e+00   1.4439259e+02  -1.7300000e+02   2.2025289e+01
   1.8200000e+02  -1.6700000e+02   2.2977296e+02   6.2561035e-01   1.4510312e+02  -1.7300000e+02   2.7406007e+01
   1.8200000e+02  -1.6700000e+02   2.2923265e+02   2.1254286e+00   1.4682408e+02  -1.7300000e+02   3.0589845e+01
   1.8200000e+02  -1.6700000e+02   2.2925304e+02   3.9656927e+00   1.4808596e+02  -1.7300000e+02   3.4453900e+01
   1.8200000e+02  -1.6700000e+02   2.2882531e+02   5.6335608e+00   1.5005618e+02  -1.7300000e+02   3.9172916e+01
   1.8200000e+02  -1.6700000e+02   2.3014275e+02   6.2329221e+00   1.5092065e+02  -1.7300000e+02   4.4757989e+01
   1.8200000e+02  -1.6700000e+02   2.3113251e+02   6.3844508e+00   1.5089128e+02  -1.7300000e+02   4.8754107e+01
   1.8200000e+02  -1.6700000e+02   2.3212227e+02   6.5359796e+00   1.5086191e+02  -1.7300000e+02   5.2750226e+01
   1.8200000e+02  -1.6700000e+02   2.3154083e+02   6.9644083e+00   1.5203946e+02  -1.7300000e+02   5.5803003e+01
   1.8200000e+02  -1.6700000e+02   2.3193923e+02   7.2847039e+00   1.5297143e+02  -1.7300000e+02   5.8898733e+01
   1.8200000e+02  -1.6700000e+02   2.3301005e+02   6.5150295e+00   1.5378477e+02  -1.7300000e+02   6.2579741e+01
   1.8200000e+02  -1.6700000e+02   2.3443464e+02   5.4520743e+00   1.5449849e+02  -1.7300000e+02   6.5371886e+01
   1.8200000e+02  -1.6700000e+02   2.3585924e+02   4.3891191e+00   1.5521220e+02  -1.7300000e+02   6.8164030e+01
   1.8200000e+02  -1.6700000e+02   2.3855637e+02   2.8108839e+00   1.5570558e+02  -1.7300000e+02   7.0123420e+01
   1.8200000e+02  -1.6700000e+02   2.4148120e+02   8.1106731e-01   1.5629463e+02  -1.7300000e+02   7.3067908e+01
   1.8200000e+02  -1.6700000e+02   2.4593389e+02  -1.5153503e+00   1.5671537e+02  -1.7300000e+02   7.5411323e+01
