   1.6930356e+02  -1.7580755e+02   1.8193973e+02  -1.3036447e+01  -8.2382156e+01  -1.2231249e+02   1.5419344e+02
   1.7414950e+02  -1.7563680e+02   1.8229558e+02  -1.5101672e+01  -8.4011077e+01  -1.1974596e+02   1.6094647e+02
   1.7962329e+02  -1.7369692e+02   1.8287894e+02  -1.7675539e+01  -8.5029539e+01  -1.1790476e+02   1.6706807e+02
   1.8200000e+02  -1.6700000e+02   1.9282295e+02  -1.9345048e+01  -7.8990817e+01  -1.2543376e+02   1.6782350e+02
   1.8200000e+02  -1.6700000e+02   1.9995350e+02  -1.9117225e+01  -7.5682837e+01  -1.3058034e+02   1.7585003e+02
   1.8200000e+02  -1.6700000e+02   2.0640556e+02  -1.9319974e+01  -7.4351043e+01  -1.3537666e+02   1.8266381e+02
   1.8200000e+02  -1.6700000e+02   2.1154161e+02  -2.0992758e+01  -7.3450552e+01  -1.3920473e+02   1.9057063e+02
   1.8200000e+02  -1.6700000e+02   2.1702634e+02  -2.3935141e+01  -7.2501707e+01  -1.4325989e+02   1.9891024e+02
   1.8200000e+02  -1.6700000e+02   2.2284349e+02  -2.7767849e+01  -7.1801722e+01  -1.4678511e+02   2.0598612e+02
   1.8200000e+02  -1.6700000e+02   2.2833331e+02  -3.2387926e+01  -7.1593782e+01  -1.4868711e+02   2.1305021e+02
   1.8200000e+02  -1.6700000e+02   2.3409703e+02  -3.6909329e+01  -7.1502441e+01  -1.5030630e+02   2.1987705e+02
   1.8200000e+02  -1.6700000e+02   2.4007248e+02  -4.3226229e+01  -7.0727714e+01  -1.5302739e+02   2.2514957e+02
   1.8200000e+02  -1.6700000e+02   2.4449666e+02  -5.0231780e+01  -6.8755658e+01  -1.5706370e+02   2.2947194e+02
   1.8200000e+02  -1.6700000e+02   2.4730691e+02  -5.4413547e+01  -6.7384775e+01  -1.5663016e+02   2.3044087e+02
   1.8200000e+02  -1.6700000e+02   2.4623343e+02  -5.5620232e+01  -6.6041753e+01  -1.5399341e+02   2.2865605e+02
   1.8200000e+02  -1.6700000e+02   2.4389155e+02  -5.6016417e+01  -6.3835833e+01  -1.5151177e+02   2.2470058e+02
   1.8200000e+02  -1.6700000e+02   2.4095331e+02  -5.5417133e+01  -6.0860256e+01  -1.4972748e+02   2.1819772e+02
   1.8200000e+02  -1.6700000e+02   2.3835443e+02  -5.3377504e+01  -5.7027091e+01  -1.4877906e+02   2.1033237e+02
   1.8200000e+02  -1.6700000e+02   2.3651562e+02  -4.9521288e+01  -5.2908241e+01  -1.4886415e+02   2.0176900e+02
   1.8200000e+02  -1.6700000e+02   2.3502383e+02  -4.4350220e+01  -4.8854342e+01  -1.4952323e+02   1.9280994e+02
   1.8200000e+02  -1.6700000e+02   2.3304640e+02  -3.8344531e+01  -4.4781818e+01  -1.5113920e+02   1.8352805e+02
   1.8200000e+02  -1.6700000e+02   2.3173818e+02  -3.1942568e+01  -4.1524378e+01  -1.5249530e+02   1.7448094e+02
   1.8200000e+02  -1.6700000e+02   2.2998728e+02  -2.5470383e+01  -3.8090041e+01  -1.5388638e+02   1.6626269e+02
   1.8200000e+02  -1.6700000e+02   2.2924183e+02  -1.9678140e+01  -3.6417300e+01  -1.5564869e+02   1.5871344e+02
   1.8200000e+02  -1.6700000e+02   2.2873980e+02  -1.4996126e+01  -3.4389771e+01  -1.5738883e+02   1.5136832e+02
   1.8200000e+02  -1.6700000e+02   2.2838065e+02  -1.0314725e+01  -3.2635459e+01  -1.5858035e+02   1.4551171e+02
   1.8200000e+02  -1.6700000e+02   2.2804458e+02  -7.0120323e+00  -3.0124977e+01  -1.5867157e+02   1.4009483e+02
   1.8200000e+02  -1.6700000e+02   2.2972579e+02  -5.4792433e+00  -2.8701872e+01  -1.5796458e+02   1.3432150e+02
   1.8200000e+02  -1.6700000e+02   2.2998648e+02  -5.5678027e+00  -2.6903360e+01  -1.5572585e+02   1.2922362e+02
   1.8200000e+02  -1.6700000e+02   2.3050869e+02  -5.6484374e+00  -2.5049748e+01  -1.5292946e+02   1.2520019e+02
   1.8200000e+02  -1.6700000e+02   2.3262303e+02  -6.6714001e+00  -2.4018177e+01  -1.5037236e+02   1.2009476e+02
   1.8200000e+02  -1.6700000e+02   2.3576906e+02  -7.7199546e+00  -2.3132142e+01  -1.4806342e+02   1.1604835e+02
   1.8200000e+02  -1.6700000e+02   2.3982394e+02  -8.9633092e+00  -2.2233635e+01  -1.4610016e+02   1.1241403e+02
   1.8200000e+02  -1.6700000e+02   2.4555566e+02  -1.0244147e+01  -2.1540779e+01  -1.4450947e+02   1.0914438e+02
   1.8200000e+02  -1.6700000e+02   2.4920420e+02  -1.1026095e+01  -2.0942428e+01  -1.4265929e+02   1.0522904e+02
   1.8200000e+02  -1.6700000e+02   2.5474543e+02  -1.1705818e+01  -2.0504945e+01  -1.4089016e+02   1.0215137e+02
   1.8200000e+02  -1.6700000e+02   2.5811423e+02  -1.2027815e+01  -2.0214800e+01  -1.3875522e+02   9.8676328e+01
   1.8200000e+02  -1.6700000e+02   2.5948839e+02  -1.1319880e+01  -2.0052180e+01  -1.3579010e+02   9.4593600e+01
   1.8200000e+02  -1.6700000e+02   2.5922054e+02  -9.8809119e+00  -1.9996644e+01  -1.3201217e+02   9.1299374e+01
   1.8200000e+02  -1.6700000e+02   2.5865041e+02  -8.7639678e+00  -1.9968431e+01  -1.2837676e+02   8.9094585e+01
   1.8200000e+02  -1.6700000e+02   2.5604928e+02  -8.0170578e+00  -1.9900663e+01  -1.2484683e+02   8.8828300e+01
   1.8200000e+02  -1.6700000e+02   2.5139835e+02  -7.8408156e+00  -1.9926698e+01  -1.2141379e+02   9.1489170e+01
   1.8200000e+02  -1.6700000e+02   2.4587292e+02  -8.2708335e+00  -1.9689103e+01  -1.1825522e+02   9.7032403e+01
   1.8200000e+02  -1.6700000e+02   2.3974486e+02  -7.2009928e+00  -1.8138888e+01  -1.1342816e+02   1.0619938e+02
   1.8200000e+02  -1.6700000e+02   2.3354576e+02  -7.1847204e+00  -1.5709850e+01  -1.0970611e+02   1.1676692e+02
   1.8200000e+02  -1.6700000e+02   2.2753398e+02  -8.7262071e+00  -1.7649694e+01  -1.0754475e+02   1.2865982e+02
   1.8200000e+02  -1.6700000e+02   2.2259898e+02  -1.1893690e+01  -2.3304318e+01  -1.0916378e+02   1.4080925e+02
   1.8200000e+02  -1.6700000e+02   2.1889831e+02  -1.4843412e+01  -3.0352403e+01  -1.1298246e+02   1.5295374e+02
   1.8200000e+02  -1.6700000e+02   2.1856522e+02  -1.7208463e+01  -3.8398116e+01  -1.1745139e+02   1.6407239e+02
   1.8200000e+02  -1.6700000e+02   2.1998687e+02  -2.0100125e+01  -4.5320457e+01  -1.2214215e+02   1.7316668e+02
   1.8200000e+02  -1.6700000e+02   2.2196075e+02  -2.4025146e+01  -5.0725682e+01  -1.2667363e+02   1.8292472e+02
   1.8200000e+02  -1.6700000e+02   2.2470989e+02  -2.7815460e+01  -5.5096936e+01  -1.3023435e+02   1.9155696e+02
   1.8200000e+02  -1.6700000e+02   2.2938316e+02  -3.3064879e+01  -5.8008463e+01  -1.3300655e+02   2.0015014e+02
   1.8200000e+02  -1.6700000e+02   2.3367715e+02  -3.8454150e+01  -6.0456739e+01  -1.3489726e+02   2.0797353e+02
   1.8200000e+02  -1.6700000e+02   2.3842617e+02  -4.4874669e+01  -6.1982990e+01  -1.3534188e+02   2.1550847e+02
   1.8200000e+02  -1.6700000e+02   2.4311376e+02  -5.2306049e+01  -6.2477784e+01  -1.3674810e+02   2.2240819e+02
   1.8200000e+02  -1.6700000e+02   2.4838138e+02  -6.0367041e+01  -6.2150367e+01  -1.3937999e+02   2.2743825e+02
   1.8200000e+02  -1.6700000e+02   2.5243485e+02  -6.7512932e+01  -6.1432577e+01  -1.4022336e+02   2.2790849e+02
   1.8200000e+02  -1.6700000e+02   2.5243490e+02  -7.1383137e+01  -6.0924888e+01  -1.3636051e+02   2.2674777e+02
   1.8200000e+02  -1.6700000e+02   2.5076224e+02  -7.4171056e+01  -5.9581607e+01  -1.3239577e+02   2.2390851e+02
   1.8200000e+02  -1.6700000e+02   2.4968606e+02  -7.5540443e+01  -5.7892509e+01  -1.2885381e+02   2.1810194e+02
   1.8200000e+02  -1.6700000e+02   2.4675139e+02  -7.5670872e+01  -5.5202267e+01  -1.2573434e+02   2.1051230e+02
   1.8200000e+02  -1.6700000e+02   2.4465556e+02  -7.3515583e+01  -5.2144988e+01  -1.2419843e+02   2.0209442e+02
   1.8200000e+02  -1.6700000e+02   2.4286468e+02  -6.9919873e+01  -4.8354056e+01  -1.2383456e+02   1.9339545e+02
   1.8200000e+02  -1.6700000e+02   2.4160258e+02  -6.5950941e+01  -4.5126301e+01  -1.2395054e+02   1.8519341e+02
   1.8200000e+02  -1.6700000e+02   2.3970687e+02  -6.0572083e+01  -4.2028482e+01  -1.2561613e+02   1.7715954e+02
   1.8200000e+02  -1.6700000e+02   2.3865194e+02  -5.4843408e+01  -3.9768231e+01  -1.2729874e+02   1.6912695e+02
   1.8200000e+02  -1.6700000e+02   2.3764834e+02  -4.8520029e+01  -3.8077228e+01  -1.3076718e+02   1.6224894e+02
   1.8200000e+02  -1.6700000e+02   2.3641011e+02  -4.1780307e+01  -3.6755100e+01  -1.3386593e+02   1.5470863e+02
   1.8200000e+02  -1.6700000e+02   2.3564416e+02  -3.5714767e+01  -3.5662570e+01  -1.3768659e+02   1.4930942e+02
   1.8200000e+02  -1.6700000e+02   2.3378611e+02  -2.8990965e+01  -3.4331756e+01  -1.4096967e+02   1.4465756e+02
   1.8200000e+02  -1.6700000e+02   2.3292061e+02  -2.3223836e+01  -3.3588163e+01  -1.4430180e+02   1.3876165e+02
   1.8200000e+02  -1.6700000e+02   2.3283621e+02  -1.9445912e+01  -3.2931728e+01  -1.4624472e+02   1.3373342e+02
   1.8200000e+02  -1.6700000e+02   2.3324676e+02  -1.6960668e+01  -3.2685569e+01  -1.4627672e+02   1.2862217e+02
   1.8200000e+02  -1.6700000e+02   2.3359624e+02  -1.5418906e+01  -3.2072939e+01  -1.4553698e+02   1.2316028e+02
   1.8200000e+02  -1.6700000e+02   2.3491278e+02  -1.4382400e+01  -3.1513452e+01  -1.4454630e+02   1.1918125e+02
   1.8200000e+02  -1.6700000e+02   2.3845875e+02  -1.4268516e+01  -3.1074542e+01  -1.4376675e+02   1.1493370e+02
   1.8200000e+02  -1.6700000e+02   2.4200472e+02  -1.4154631e+01  -3.0635632e+01  -1.4298719e+02   1.1068616e+02
   1.8200000e+02  -1.6700000e+02   2.4633791e+02  -1.4101235e+01  -3.0103308e+01  -1.4203343e+02   1.0757963e+02
   1.8200000e+02  -1.6700000e+02   2.5067111e+02  -1.4047839e+01  -2.9570984e+01  -1.4107967e+02   1.0447309e+02
   1.8200000e+02  -1.6700000e+02   2.5500430e+02  -1.3994443e+01  -2.9038660e+01  -1.4012591e+02   1.0136656e+02
   1.8200000e+02  -1.6700000e+02   2.5839444e+02  -1.3465160e+01  -2.8837254e+01  -1.3815506e+02   9.7811791e+01
   1.8200000e+02  -1.6700000e+02   2.6056918e+02  -1.2517947e+01  -2.8819846e+01  -1.3553972e+02   9.4934406e+01
   1.8200000e+02  -1.6700000e+02   2.6464267e+02  -1.1946433e+01  -2.8821876e+01  -1.3300188e+02   9.2211939e+01
   1.8200000e+02  -1.6700000e+02   2.6604125e+02  -1.0764593e+01  -2.8817456e+01  -1.2987335e+02   8.9892818e+01
   1.8200000e+02  -1.6700000e+02   2.6743984e+02  -9.5827540e+00  -2.8813035e+01  -1.2674482e+02   8.7573698e+01
   1.8200000e+02  -1.6700000e+02   2.6901630e+02  -8.9949292e+00  -2.8758853e+01  -1.2373174e+02   8.6336762e+01
   1.8200000e+02  -1.6700000e+02   2.6873792e+02  -8.2193189e+00  -2.8682789e+01  -1.2026337e+02   8.5099830e+01
   1.8200000e+02  -1.6700000e+02   2.6845954e+02  -7.4437086e+00  -2.8606724e+01  -1.1679501e+02   8.3862897e+01
   1.8200000e+02  -1.6700000e+02   2.6687677e+02  -6.1605762e+00  -2.8514531e+01  -1.1275643e+02   8.3614241e+01
   1.8200000e+02  -1.6700000e+02   2.6669816e+02  -4.6272380e+00  -2.8475695e+01  -1.0893042e+02   8.4252526e+01
   1.8200000e+02  -1.6700000e+02   2.6708975e+02  -4.3029494e+00  -2.8762399e+01  -1.0627174e+02   8.6036151e+01
   1.8200000e+02  -1.6700000e+02   2.6097862e+02  -6.4837407e+00  -2.8675043e+01  -1.0568610e+02   9.2319831e+01
   1.8200000e+02  -1.6700000e+02   2.5374930e+02  -7.8937152e+00  -2.6892237e+01  -1.0491192e+02   9.9815110e+01
   1.8200000e+02  -1.6700000e+02   2.4434965e+02  -8.9690520e+00  -2.1043857e+01  -1.0319994e+02   1.1054771e+02
   1.8200000e+02  -1.6700000e+02   2.3478422e+02  -9.4515075e+00  -1.5025415e+01  -1.0084933e+02   1.2267454e+02
   1.8200000e+02  -1.6700000e+02   2.2742350e+02  -1.1783297e+01  -1.5919833e+01  -9.9800823e+01   1.3504142e+02
   1.8200000e+02  -1.6700000e+02   2.2214291e+02  -1.4848540e+01  -2.1815162e+01  -1.0108780e+02   1.4723555e+02
   1.8200000e+02  -1.6700000e+02   2.1855147e+02  -1.8128037e+01  -2.8867191e+01  -1.0260448e+02   1.5933306e+02
   1.8200000e+02  -1.6700000e+02   2.1752004e+02  -2.2834207e+01  -3.5999191e+01  -1.0628416e+02   1.7092803e+02
   1.8200000e+02  -1.6700000e+02   2.1927720e+02  -2.8243138e+01  -4.2850118e+01  -1.1015103e+02   1.8176218e+02
   1.8200000e+02  -1.6700000e+02   2.2398161e+02  -3.4482169e+01  -4.8898271e+01  -1.1459353e+02   1.9150978e+02
   1.8200000e+02  -1.6700000e+02   2.3171040e+02  -4.2717411e+01  -5.2976339e+01  -1.2063659e+02   2.0007502e+02
   1.8200000e+02  -1.6700000e+02   2.3856173e+02  -5.0814968e+01  -5.5675635e+01  -1.2556669e+02   2.0727068e+02
   1.8200000e+02  -1.6700000e+02   2.4381752e+02  -5.9376381e+01  -5.6486631e+01  -1.2901134e+02   2.1525328e+02
   1.8200000e+02  -1.6700000e+02   2.4938482e+02  -6.7997677e+01  -5.6867351e+01  -1.3211887e+02   2.2160339e+02
   1.8200000e+02  -1.6700000e+02   2.5206198e+02  -7.5003554e+01  -5.7030008e+01  -1.3114889e+02   2.2532667e+02
   1.8200000e+02  -1.6700000e+02   2.5270644e+02  -8.0496511e+01  -5.7150942e+01  -1.2647072e+02   2.2757172e+02
   1.8200000e+02  -1.6700000e+02   2.5150710e+02  -8.5191461e+01  -5.6616321e+01  -1.2138678e+02   2.2747212e+02
   1.8200000e+02  -1.6700000e+02   2.4994531e+02  -8.8313706e+01  -5.5738226e+01  -1.1648420e+02   2.2345732e+02
   1.8200000e+02  -1.6700000e+02   2.4801358e+02  -9.0985387e+01  -5.3836765e+01  -1.1247501e+02   2.1794762e+02
   1.8200000e+02  -1.6700000e+02   2.4600676e+02  -9.2686611e+01  -5.1043791e+01  -1.0886042e+02   2.1150452e+02
   1.8200000e+02  -1.6700000e+02   2.4441288e+02  -9.2977782e+01  -4.7942100e+01  -1.0556158e+02   2.0370111e+02
   1.8200000e+02  -1.6700000e+02   2.4318354e+02  -9.1747816e+01  -4.4612778e+01  -1.0363373e+02   1.9640434e+02
   1.8200000e+02  -1.6700000e+02   2.4261361e+02  -9.0066760e+01  -4.1798714e+01  -1.0167217e+02   1.8885725e+02
   1.8200000e+02  -1.6700000e+02   2.4150460e+02  -8.6731927e+01  -3.8831364e+01  -1.0207111e+02   1.8193087e+02
   1.8200000e+02  -1.6700000e+02   2.3963426e+02  -8.2848273e+01  -3.5662294e+01  -1.0250294e+02   1.7503368e+02
   1.8200000e+02  -1.6700000e+02   2.3856453e+02  -7.8812791e+01  -3.3280541e+01  -1.0433269e+02   1.6999948e+02
   1.8200000e+02  -1.6700000e+02   2.3754072e+02  -7.3381176e+01  -3.1568788e+01  -1.0773534e+02   1.6482916e+02
   1.8200000e+02  -1.6700000e+02   2.3637078e+02  -6.7050462e+01  -3.0114721e+01  -1.1132208e+02   1.5914749e+02
   1.8200000e+02  -1.6700000e+02   2.3441035e+02  -5.9768025e+01  -2.8645044e+01  -1.1590467e+02   1.5413238e+02
   1.8200000e+02  -1.6700000e+02   2.3240515e+02  -5.2652104e+01  -2.6845234e+01  -1.2098537e+02   1.4989905e+02
   1.8200000e+02  -1.6700000e+02   2.3155613e+02  -4.5129946e+01  -2.5848837e+01  -1.2590146e+02   1.4458350e+02
   1.8200000e+02  -1.6700000e+02   2.3097475e+02  -3.7648754e+01  -2.4393205e+01  -1.3020213e+02   1.4033241e+02
   1.8200000e+02  -1.6700000e+02   2.3155527e+02  -3.0757668e+01  -2.4227998e+01  -1.3358219e+02   1.3515886e+02
   1.8200000e+02  -1.6700000e+02   2.3231815e+02  -2.5925829e+01  -2.2398739e+01  -1.3656465e+02   1.3167307e+02
   1.8200000e+02  -1.6700000e+02   2.3293673e+02  -2.2161998e+01  -2.0489484e+01  -1.3846517e+02   1.2886523e+02
   1.8200000e+02  -1.6700000e+02   2.3406237e+02  -1.9650052e+01  -1.8604117e+01  -1.4060706e+02   1.2556709e+02
   1.8200000e+02  -1.6700000e+02   2.3527767e+02  -1.8344688e+01  -1.7075903e+01  -1.4152911e+02   1.2204937e+02
   1.8200000e+02  -1.6700000e+02   2.3649298e+02  -1.7039324e+01  -1.5547688e+01  -1.4245116e+02   1.1853165e+02
   1.8200000e+02  -1.6700000e+02   2.3782024e+02  -1.5303125e+01  -1.4108155e+01  -1.4205491e+02   1.1611645e+02
   1.8200000e+02  -1.6700000e+02   2.3946159e+02  -1.4257827e+01  -1.2644103e+01  -1.4142035e+02   1.1269515e+02
   1.8200000e+02  -1.6700000e+02   2.4110294e+02  -1.3212530e+01  -1.1180050e+01  -1.4078579e+02   1.0927386e+02
   1.8200000e+02  -1.6700000e+02   2.4146884e+02  -1.1802246e+01  -9.4360976e+00  -1.3851423e+02   1.0634728e+02
   1.8200000e+02  -1.6700000e+02   2.4355396e+02  -1.0428849e+01  -7.9678997e+00  -1.3572861e+02   1.0426838e+02
   1.8200000e+02  -1.6700000e+02   2.4003371e+02  -7.3388828e+00  -4.6317009e+00  -1.3055048e+02   1.0848470e+02
   1.8200000e+02  -1.6700000e+02   2.3571078e+02  -4.1110121e+00  -7.0981799e-01  -1.2408721e+02   1.1560770e+02
   1.8200000e+02  -1.6700000e+02   2.3442595e+02  -2.4922824e+00  -4.4573236e-01  -1.1819850e+02   1.2462081e+02
   1.8200000e+02  -1.6700000e+02   2.3493161e+02  -2.8054558e+00  -6.6633545e+00  -1.1475967e+02   1.3533116e+02
   1.8200000e+02  -1.6700000e+02   2.3236085e+02  -5.9846327e+00  -1.3841679e+01  -1.1494310e+02   1.4691326e+02
   1.8200000e+02  -1.6700000e+02   2.2805128e+02  -7.7665536e+00  -2.1282557e+01  -1.1596684e+02   1.5831315e+02
   1.8200000e+02  -1.6700000e+02   2.2511990e+02  -9.4417010e+00  -2.9214727e+01  -1.1838738e+02   1.6946530e+02
   1.8200000e+02  -1.6700000e+02   2.2309190e+02  -1.1421478e+01  -3.7241024e+01  -1.2129202e+02   1.7881818e+02
   1.8200000e+02  -1.6700000e+02   2.2272555e+02  -1.4216590e+01  -4.3799622e+01  -1.2519220e+02   1.8678083e+02
   1.8200000e+02  -1.6700000e+02   2.2455776e+02  -1.7403718e+01  -4.9395339e+01  -1.2911119e+02   1.9315373e+02
   1.8200000e+02  -1.6700000e+02   2.2860400e+02  -2.2086355e+01  -5.3880023e+01  -1.3343166e+02   2.0028056e+02
   1.8200000e+02  -1.6700000e+02   2.3279878e+02  -2.7599570e+01  -5.6754928e+01  -1.3720395e+02   2.0656951e+02
   1.8200000e+02  -1.6700000e+02   2.3732272e+02  -3.3228594e+01  -5.9051497e+01  -1.3957375e+02   2.1212019e+02
   1.8200000e+02  -1.6700000e+02   2.4201049e+02  -4.0158360e+01  -5.9883812e+01  -1.4301303e+02   2.1675769e+02
   1.8200000e+02  -1.6700000e+02   2.4721957e+02  -4.7588603e+01  -5.9639733e+01  -1.4699090e+02   2.1904338e+02
   1.8200000e+02  -1.6700000e+02   2.4981110e+02  -5.3594729e+01  -5.8985102e+01  -1.4782830e+02   2.1836232e+02
   1.8200000e+02  -1.6700000e+02   2.4959465e+02  -5.6666252e+01  -5.8657466e+01  -1.4454446e+02   2.1586704e+02
   1.8200000e+02  -1.6700000e+02   2.4818814e+02  -5.9117952e+01  -5.7952809e+01  -1.4106781e+02   2.1176143e+02
   1.8200000e+02  -1.6700000e+02   2.4622234e+02  -6.0935620e+01  -5.6548258e+01  -1.3790931e+02   2.0649227e+02
   1.8200000e+02  -1.6700000e+02   2.4450465e+02  -6.1734407e+01  -5.4506966e+01  -1.3540264e+02   2.0005675e+02
   1.8200000e+02  -1.6700000e+02   2.4239242e+02  -6.1048924e+01  -5.2205693e+01  -1.3330810e+02   1.9285054e+02
   1.8200000e+02  -1.6700000e+02   2.4083148e+02  -5.8620454e+01  -4.9506354e+01  -1.3299463e+02   1.8577925e+02
   1.8200000e+02  -1.6700000e+02   2.3959839e+02  -5.4837519e+01  -4.7026359e+01  -1.3397566e+02   1.7930213e+02
   1.8200000e+02  -1.6700000e+02   2.3752994e+02  -4.9633931e+01  -4.4351726e+01  -1.3576662e+02   1.7157013e+02
   1.8200000e+02  -1.6700000e+02   2.3561322e+02  -4.3724075e+01  -4.1389523e+01  -1.3874412e+02   1.6541921e+02
   1.8200000e+02  -1.6700000e+02   2.3362103e+02  -3.7494838e+01  -3.9569261e+01  -1.4186566e+02   1.5967089e+02
   1.8200000e+02  -1.6700000e+02   2.3218600e+02  -3.1654247e+01  -3.8090811e+01  -1.4553782e+02   1.5370490e+02
   1.8200000e+02  -1.6700000e+02   2.3049488e+02  -2.5897231e+01  -3.6542763e+01  -1.4921587e+02   1.4968065e+02
   1.8200000e+02  -1.6700000e+02   2.2945138e+02  -2.0701045e+01  -3.5545688e+01  -1.5225000e+02   1.4401023e+02
   1.8200000e+02  -1.6700000e+02   2.2915847e+02  -1.6206942e+01  -3.4388395e+01  -1.5418537e+02   1.3929606e+02
   1.8200000e+02  -1.6700000e+02   2.2934693e+02  -1.1634317e+01  -3.1645424e+01  -1.5529949e+02   1.3672072e+02
   1.8200000e+02  -1.6700000e+02   2.2891159e+02  -8.8862445e+00  -2.9176519e+01  -1.5509276e+02   1.3102463e+02
   1.8200000e+02  -1.6700000e+02   2.2961596e+02  -7.9369104e+00  -2.6403877e+01  -1.5440348e+02   1.2682126e+02
   1.8200000e+02  -1.6700000e+02   2.3068652e+02  -7.7052067e+00  -2.4249825e+01  -1.5349356e+02   1.2347636e+02
   1.8200000e+02  -1.6700000e+02   2.3200059e+02  -8.2617872e+00  -2.2065982e+01  -1.5235604e+02   1.1928870e+02
   1.8200000e+02  -1.6700000e+02   2.3437858e+02  -8.8193425e+00  -2.0647003e+01  -1.5054562e+02   1.1563574e+02
   1.8200000e+02  -1.6700000e+02   2.3675657e+02  -9.3768977e+00  -1.9228024e+01  -1.4873520e+02   1.1198278e+02
   1.8200000e+02  -1.6700000e+02   2.3918041e+02  -1.0624543e+01  -1.7446480e+01  -1.4770394e+02   1.0867936e+02
   1.8200000e+02  -1.6700000e+02   2.4160424e+02  -1.1872189e+01  -1.5664937e+01  -1.4667268e+02   1.0537593e+02
   1.8200000e+02  -1.6700000e+02   2.4386391e+02  -1.2177537e+01  -1.4469778e+01  -1.4509375e+02   1.0283189e+02
   1.8200000e+02  -1.6700000e+02   2.4612358e+02  -1.2482886e+01  -1.3274619e+01  -1.4351481e+02   1.0028786e+02
   1.8200000e+02  -1.6700000e+02   2.4721948e+02  -1.2118545e+01  -1.2504108e+01  -1.4141434e+02   9.6860717e+01
   1.8200000e+02  -1.6700000e+02   2.4994286e+02  -1.1819062e+01  -1.2131667e+01  -1.3930950e+02   9.4520669e+01
   1.8200000e+02  -1.6700000e+02   2.5435842e+02  -1.1476794e+01  -1.1953025e+01  -1.3707086e+02   9.2449717e+01
   1.8200000e+02  -1.6700000e+02   2.5713290e+02  -1.0538720e+01  -1.1881260e+01  -1.3399395e+02   9.0417877e+01
   1.8200000e+02  -1.6700000e+02   2.5886938e+02  -9.2081605e+00  -1.1885184e+01  -1.3038177e+02   8.8983171e+01
   1.8200000e+02  -1.6700000e+02   2.5823954e+02  -7.4822238e+00  -1.1936222e+01  -1.2599466e+02   8.8121469e+01
   1.8200000e+02  -1.6700000e+02   2.5618462e+02  -5.7968753e+00  -1.2020461e+01  -1.2169589e+02   8.7743618e+01
   1.8200000e+02  -1.6700000e+02   2.5172367e+02  -5.7267255e+00  -1.1965228e+01  -1.1836973e+02   9.2368466e+01
   1.8200000e+02  -1.6700000e+02   2.4481834e+02  -5.4004983e+00  -1.0446624e+01  -1.1477252e+02   1.0247615e+02
   1.8200000e+02  -1.6700000e+02   2.3734567e+02  -5.0810434e+00  -7.6773561e+00  -1.1096211e+02   1.1289218e+02
   1.8200000e+02  -1.6700000e+02   2.3164155e+02  -4.4764910e+00  -8.0671304e+00  -1.0694939e+02   1.2440844e+02
   1.8200000e+02  -1.6700000e+02   2.2685929e+02  -7.2764355e+00  -1.1474115e+01  -1.0703066e+02   1.3655254e+02
   1.8200000e+02  -1.6700000e+02   2.2417132e+02  -1.0152962e+01  -1.9097021e+01  -1.0952820e+02   1.4852000e+02
   1.8200000e+02  -1.6700000e+02   2.2211856e+02  -1.3650173e+01  -2.7139325e+01  -1.1280117e+02   1.6039011e+02
   1.8200000e+02  -1.6700000e+02   2.2146841e+02  -1.8260888e+01  -3.5350568e+01  -1.1752732e+02   1.7171043e+02
   1.8200000e+02  -1.6700000e+02   2.2250216e+02  -2.2492203e+01  -4.2343542e+01  -1.2153930e+02   1.8229346e+02
   1.8200000e+02  -1.6700000e+02   2.2607706e+02  -2.7062940e+01  -4.8309737e+01  -1.2519111e+02   1.9113017e+02
   1.8200000e+02  -1.6700000e+02   2.3076057e+02  -3.2848627e+01  -5.2723370e+01  -1.2802691e+02   2.0002710e+02
   1.8200000e+02  -1.6700000e+02   2.3441489e+02  -3.8894084e+01  -5.5940049e+01  -1.3045888e+02   2.0743489e+02
   1.8200000e+02  -1.6700000e+02   2.3882659e+02  -4.5401138e+01  -5.8130476e+01  -1.3229169e+02   2.1331371e+02
   1.8200000e+02  -1.6700000e+02   2.4263390e+02  -5.2302673e+01  -5.9772939e+01  -1.3420467e+02   2.1921761e+02
   1.8200000e+02  -1.6700000e+02   2.4773530e+02  -6.0059411e+01  -5.9757195e+01  -1.3754274e+02   2.2183078e+02
   1.8200000e+02  -1.6700000e+02   2.5075373e+02  -6.6603323e+01  -5.9211717e+01  -1.3870965e+02   2.2228889e+02
   1.8200000e+02  -1.6700000e+02   2.5132393e+02  -7.0493549e+01  -5.8966505e+01  -1.3569142e+02   2.2178374e+02
   1.8200000e+02  -1.6700000e+02   2.5041278e+02  -7.3405386e+01  -5.8190824e+01  -1.3197440e+02   2.2009967e+02
   1.8200000e+02  -1.6700000e+02   2.4888936e+02  -7.5320396e+01  -5.6855462e+01  -1.2840492e+02   2.1629956e+02
   1.8200000e+02  -1.6700000e+02   2.4706756e+02  -7.6560035e+01  -5.4691243e+01  -1.2528158e+02   2.1124811e+02
   1.8200000e+02  -1.6700000e+02   2.4485744e+02  -7.6476797e+01  -5.1396437e+01  -1.2290133e+02   2.0490783e+02
   1.8200000e+02  -1.6700000e+02   2.4360933e+02  -7.4656587e+01  -4.7866814e+01  -1.2207458e+02   1.9861732e+02
   1.8200000e+02  -1.6700000e+02   2.4216530e+02  -7.1445517e+01  -4.4072998e+01  -1.2232525e+02   1.9197661e+02
   1.8200000e+02  -1.6700000e+02   2.4077330e+02  -6.6824213e+01  -4.1109485e+01  -1.2338958e+02   1.8519539e+02
   1.8200000e+02  -1.6700000e+02   2.3922776e+02  -6.1188249e+01  -3.8616421e+01  -1.2518110e+02   1.7873049e+02
   1.8200000e+02  -1.6700000e+02   2.3759269e+02  -5.4981309e+01  -3.5645328e+01  -1.2829375e+02   1.7301963e+02
   1.8200000e+02  -1.6700000e+02   2.3591059e+02  -4.8492819e+01  -3.3103176e+01  -1.3194604e+02   1.6788228e+02
   1.8200000e+02  -1.6700000e+02   2.3472325e+02  -4.1441225e+01  -3.1605493e+01  -1.3640494e+02   1.6293458e+02
   1.8200000e+02  -1.6700000e+02   2.3252365e+02  -3.3974860e+01  -2.9441700e+01  -1.4053776e+02   1.5718590e+02
   1.8200000e+02  -1.6700000e+02   2.3052796e+02  -2.6508451e+01  -2.7582171e+01  -1.4443526e+02   1.5125709e+02
   1.8200000e+02  -1.6700000e+02   2.3029054e+02  -2.1224314e+01  -2.6231816e+01  -1.4674599e+02   1.4554060e+02
   1.8200000e+02  -1.6700000e+02   2.3038339e+02  -1.7206074e+01  -2.3903333e+01  -1.4804289e+02   1.4084598e+02
   1.8200000e+02  -1.6700000e+02   2.3069440e+02  -1.4908273e+01  -2.1580343e+01  -1.4828464e+02   1.3714425e+02
   1.8200000e+02  -1.6700000e+02   2.3098935e+02  -1.3165814e+01  -1.8859491e+01  -1.4818925e+02   1.3416047e+02
   1.8200000e+02  -1.6700000e+02   2.3134883e+02  -1.2385206e+01  -1.5534067e+01  -1.4810244e+02   1.3068741e+02
   1.8200000e+02  -1.6700000e+02   2.3375331e+02  -1.1928245e+01  -1.2875036e+01  -1.4715492e+02   1.2665828e+02
   1.8200000e+02  -1.6700000e+02   2.3676930e+02  -1.1904341e+01  -9.7225076e+00  -1.4605719e+02   1.2340354e+02
   1.8200000e+02  -1.6700000e+02   2.3978529e+02  -1.1880438e+01  -6.5699792e+00  -1.4495945e+02   1.2014879e+02
   1.8200000e+02  -1.6700000e+02   2.4421964e+02  -1.2399515e+01  -3.9396374e+00  -1.4407869e+02   1.1741762e+02
   1.8200000e+02  -1.6700000e+02   2.4865400e+02  -1.2918591e+01  -1.3092957e+00  -1.4319793e+02   1.1468645e+02
   1.8200000e+02  -1.6700000e+02   2.5308835e+02  -1.3437668e+01   1.3210461e+00  -1.4231717e+02   1.1195527e+02
   1.8200000e+02  -1.6700000e+02   2.5752270e+02  -1.3956745e+01   3.9513879e+00  -1.4143641e+02   1.0922410e+02
   1.8200000e+02  -1.6700000e+02   2.6178890e+02  -1.4115741e+01   5.2206939e+00  -1.4012761e+02   1.0715954e+02
   1.8200000e+02  -1.6700000e+02   2.6470340e+02  -1.3891478e+01   6.3619713e+00  -1.3845375e+02   1.0462205e+02
   1.8200000e+02  -1.6700000e+02   2.6761791e+02  -1.3667214e+01   7.5032487e+00  -1.3677988e+02   1.0208455e+02
   1.8200000e+02  -1.6700000e+02   2.6723736e+02  -1.1938938e+01   8.4354905e+00  -1.3382829e+02   1.0169507e+02
   1.8200000e+02  -1.6700000e+02   2.6460061e+02  -9.6630528e+00   1.0056477e+01  -1.3001593e+02   1.0477956e+02
   1.8200000e+02  -1.6700000e+02   2.5746258e+02  -5.4016678e+00   1.4325483e+01  -1.2330245e+02   1.1361792e+02
   1.8200000e+02  -1.6700000e+02   2.5133348e+02  -4.1742808e+00   1.6153893e+01  -1.1840825e+02   1.2424571e+02
   1.8200000e+02  -1.6700000e+02   2.4783153e+02  -5.0505392e+00   1.1641186e+01  -1.1609485e+02   1.3561964e+02
   1.8200000e+02  -1.6700000e+02   2.4544848e+02  -8.5742537e+00   4.4933912e+00  -1.1811780e+02   1.4707508e+02
   1.8200000e+02  -1.6700000e+02   2.4409308e+02  -1.1622119e+01  -4.0485839e+00  -1.2228516e+02   1.5883977e+02
   1.8200000e+02  -1.6700000e+02   2.4327073e+02  -1.4980160e+01  -1.2876451e+01  -1.2682933e+02   1.7001180e+02
   1.8200000e+02  -1.6700000e+02   2.4270786e+02  -1.8344395e+01  -2.0984171e+01  -1.3130630e+02   1.8062185e+02
   1.8200000e+02  -1.6700000e+02   2.4187537e+02  -2.1505070e+01  -2.8295270e+01  -1.3526953e+02   1.9008668e+02
   1.8200000e+02  -1.6700000e+02   2.4310245e+02  -2.4734834e+01  -3.4040345e+01  -1.3820622e+02   1.9938590e+02
   1.8200000e+02  -1.6700000e+02   2.4478723e+02  -2.8824337e+01  -3.8617683e+01  -1.4014308e+02   2.0786666e+02
   1.8200000e+02  -1.6700000e+02   2.4759677e+02  -3.3782862e+01  -4.2355262e+01  -1.4205617e+02   2.1506571e+02
   1.8200000e+02  -1.6700000e+02   2.5008137e+02  -3.9598148e+01  -4.4726022e+01  -1.4351221e+02   2.2214355e+02
   1.8200000e+02  -1.6700000e+02   2.5293275e+02  -4.5804066e+01  -4.6861921e+01  -1.4501989e+02   2.2860677e+02
   1.8200000e+02  -1.6700000e+02   2.5631059e+02  -5.2622337e+01  -4.8355537e+01  -1.4678609e+02   2.3158670e+02
   1.8200000e+02  -1.6700000e+02   2.5691650e+02  -5.8446269e+01  -4.9107789e+01  -1.4669850e+02   2.3284429e+02
   1.8200000e+02  -1.6700000e+02   2.5598744e+02  -6.2440877e+01  -4.9812614e+01  -1.4373423e+02   2.3310386e+02
   1.8200000e+02  -1.6700000e+02   2.5562574e+02  -6.5829317e+01  -5.0350871e+01  -1.4040509e+02   2.3044556e+02
   1.8200000e+02  -1.6700000e+02   2.5412069e+02  -6.8438310e+01  -5.0350964e+01  -1.3706115e+02   2.2693292e+02
   1.8200000e+02  -1.6700000e+02   2.5231892e+02  -7.0219287e+01  -4.9759045e+01  -1.3406682e+02   2.2204693e+02
   1.8200000e+02  -1.6700000e+02   2.4981459e+02  -7.0865426e+01  -4.8401634e+01  -1.3154718e+02   2.1568533e+02
   1.8200000e+02  -1.6700000e+02   2.4758500e+02  -6.9771058e+01  -4.6022799e+01  -1.3034382e+02   2.0862085e+02
   1.8200000e+02  -1.6700000e+02   2.4545138e+02  -6.6794385e+01  -4.3431083e+01  -1.3052931e+02   2.0113991e+02
   1.8200000e+02  -1.6700000e+02   2.4330406e+02  -6.3585364e+01  -4.0887653e+01  -1.3057673e+02   1.9370826e+02
   1.8200000e+02  -1.6700000e+02   2.4097646e+02  -5.8186679e+01  -3.8128088e+01  -1.3174188e+02   1.8563596e+02
   1.8200000e+02  -1.6700000e+02   2.3917379e+02  -5.1877781e+01  -3.5908539e+01  -1.3431641e+02   1.7859540e+02
   1.8200000e+02  -1.6700000e+02   2.3758349e+02  -4.5652707e+01  -3.3743565e+01  -1.3767806e+02   1.7343813e+02
   1.8200000e+02  -1.6700000e+02   2.3644228e+02  -3.9279150e+01  -3.2123827e+01  -1.4137340e+02   1.6834501e+02
   1.8200000e+02  -1.6700000e+02   2.3482798e+02  -3.2332244e+01  -3.0472811e+01  -1.4499612e+02   1.6251246e+02
   1.8200000e+02  -1.6700000e+02   2.3317908e+02  -2.5737878e+01  -2.8905787e+01  -1.4885732e+02   1.5757157e+02
   1.8200000e+02  -1.6700000e+02   2.3212065e+02  -2.0394924e+01  -2.8815429e+01  -1.5186705e+02   1.5301631e+02
   1.8200000e+02  -1.6700000e+02   2.3136978e+02  -1.6311179e+01  -2.7721966e+01  -1.5336645e+02   1.4932740e+02
   1.8200000e+02  -1.6700000e+02   2.3142345e+02  -1.3689227e+01  -2.6381061e+01  -1.5421376e+02   1.4569137e+02
   1.8200000e+02  -1.6700000e+02   2.3210330e+02  -1.1715443e+01  -2.5480292e+01  -1.5413993e+02   1.4185639e+02
   1.8200000e+02  -1.6700000e+02   2.3161652e+02  -1.0131879e+01  -2.3075017e+01  -1.5317112e+02   1.3843784e+02
   1.8200000e+02  -1.6700000e+02   2.3247619e+02  -9.3101070e+00  -2.1908524e+01  -1.5118586e+02   1.3398286e+02
   1.8200000e+02  -1.6700000e+02   2.3333517e+02  -9.6287149e+00  -1.9870212e+01  -1.4977230e+02   1.2938369e+02
   1.8200000e+02  -1.6700000e+02   2.3518476e+02  -9.8560828e+00  -1.7609042e+01  -1.4804887e+02   1.2589528e+02
   1.8200000e+02  -1.6700000e+02   2.3762994e+02  -1.0699961e+01  -1.5494325e+01  -1.4664054e+02   1.2207457e+02
   1.8200000e+02  -1.6700000e+02   2.4007511e+02  -1.1543840e+01  -1.3379609e+01  -1.4523221e+02   1.1825386e+02
   1.8200000e+02  -1.6700000e+02   2.4544025e+02  -1.1966709e+01  -1.1924390e+01  -1.4368750e+02   1.1520424e+02
   1.8200000e+02  -1.6700000e+02   2.5047532e+02  -1.1405384e+01  -1.0476043e+01  -1.4144800e+02   1.1239275e+02
   1.8200000e+02  -1.6700000e+02   2.5276649e+02  -1.0038600e+01  -8.7892414e+00  -1.3810063e+02   1.0911011e+02
   1.8200000e+02  -1.6700000e+02   2.5137049e+02  -6.7557165e+00  -6.3269185e+00  -1.3248541e+02   1.0952475e+02
   1.8200000e+02  -1.6700000e+02   2.4604709e+02  -2.8002594e+00  -1.5431148e+00  -1.2527457e+02   1.1668755e+02
   1.8200000e+02  -1.6700000e+02   2.4097372e+02  -1.3313976e+00   2.2344353e+00  -1.1993410e+02   1.2614161e+02
   1.8200000e+02  -1.6700000e+02   2.3817969e+02  -1.5907075e+00   1.8954486e-01  -1.1541314e+02   1.3740361e+02
   1.8200000e+02  -1.6700000e+02   2.3521279e+02  -5.8415536e+00  -5.3182368e+00  -1.1726192e+02   1.4893163e+02
   1.8200000e+02  -1.6700000e+02   2.3437934e+02  -1.0267288e+01  -1.4047575e+01  -1.2184762e+02   1.6048619e+02
   1.8200000e+02  -1.6700000e+02   2.3487619e+02  -1.3525228e+01  -2.2931067e+01  -1.2609218e+02   1.7076044e+02
   1.8200000e+02  -1.6700000e+02   2.3654287e+02  -1.7059426e+01  -3.0897261e+01  -1.3054960e+02   1.8064360e+02
   1.8200000e+02  -1.6700000e+02   2.3834048e+02  -2.0169938e+01  -3.8103008e+01  -1.3432891e+02   1.8848933e+02
   1.8200000e+02  -1.6700000e+02   2.3989004e+02  -2.3670074e+01  -4.3423050e+01  -1.3692066e+02   1.9646132e+02
   1.8200000e+02  -1.6700000e+02   2.4095825e+02  -2.7851332e+01  -4.7280826e+01  -1.3936634e+02   2.0384288e+02
   1.8200000e+02  -1.6700000e+02   2.4274831e+02  -3.2877747e+01  -4.9748874e+01  -1.4189180e+02   2.1060820e+02
   1.8200000e+02  -1.6700000e+02   2.4429453e+02  -3.8076951e+01  -5.1658604e+01  -1.4423183e+02   2.1633864e+02
   1.8200000e+02  -1.6700000e+02   2.4699238e+02  -4.3281131e+01  -5.3686601e+01  -1.4616570e+02   2.2161372e+02
   1.8200000e+02  -1.6700000e+02   2.5035134e+02  -4.9730707e+01  -5.4454796e+01  -1.4832722e+02   2.2521422e+02
   1.8200000e+02  -1.6700000e+02   2.5251733e+02  -5.5275652e+01  -5.4578570e+01  -1.4938672e+02   2.2511978e+02
   1.8200000e+02  -1.6700000e+02   2.5136175e+02  -5.7931849e+01  -5.4310933e+01  -1.4688729e+02   2.2431251e+02
   1.8200000e+02  -1.6700000e+02   2.4893909e+02  -5.9485583e+01  -5.3313755e+01  -1.4407477e+02   2.2131985e+02
   1.8200000e+02  -1.6700000e+02   2.4728997e+02  -6.0232341e+01  -5.2049340e+01  -1.4131190e+02   2.1647959e+02
   1.8200000e+02  -1.6700000e+02   2.4465477e+02  -5.9894914e+01  -5.0035567e+01  -1.3924518e+02   2.0945677e+02
   1.8200000e+02  -1.6700000e+02   2.4184094e+02  -5.7650005e+01  -4.7040824e+01  -1.3833645e+02   2.0170921e+02
   1.8200000e+02  -1.6700000e+02   2.4011301e+02  -5.4109870e+01  -4.3841967e+01  -1.3891066e+02   1.9417147e+02
   1.8200000e+02  -1.6700000e+02   2.3895089e+02  -4.9863458e+01  -4.0843184e+01  -1.3986756e+02   1.8725356e+02
   1.8200000e+02  -1.6700000e+02   2.3717643e+02  -4.4257853e+01  -3.7488223e+01  -1.4139856e+02   1.7962909e+02
   1.8200000e+02  -1.6700000e+02   2.3648045e+02  -3.8364677e+01  -3.5083897e+01  -1.4393986e+02   1.7364686e+02
   1.8200000e+02  -1.6700000e+02   2.3408237e+02  -3.1678458e+01  -3.2124280e+01  -1.4732305e+02   1.6820381e+02
   1.8200000e+02  -1.6700000e+02   2.3246756e+02  -2.4749599e+01  -3.0499375e+01  -1.5078725e+02   1.6193056e+02
   1.8200000e+02  -1.6700000e+02   2.3157185e+02  -1.8282183e+01  -2.8251605e+01  -1.5413276e+02   1.5593907e+02
   1.8200000e+02  -1.6700000e+02   2.3101640e+02  -1.2683894e+01  -2.6988261e+01  -1.5687934e+02   1.5193684e+02
   1.8200000e+02  -1.6700000e+02   2.3052443e+02  -8.7156329e+00  -2.4635857e+01  -1.5853023e+02   1.4780070e+02
   1.8200000e+02  -1.6700000e+02   2.3068081e+02  -4.9777887e+00  -2.2880966e+01  -1.5975877e+02   1.4343651e+02
   1.8200000e+02  -1.6700000e+02   2.3129405e+02  -3.7688001e+00  -2.0315894e+01  -1.5828962e+02   1.3838336e+02
   1.8200000e+02  -1.6700000e+02   2.3235565e+02  -3.8489793e+00  -1.8088998e+01  -1.5751365e+02   1.3503454e+02
   1.8200000e+02  -1.6700000e+02   2.3361826e+02  -3.9118014e+00  -1.6405965e+01  -1.5572541e+02   1.3219358e+02
   1.8200000e+02  -1.6700000e+02   2.3454175e+02  -5.1686235e+00  -1.4301240e+01  -1.5329393e+02   1.2881343e+02
   1.8200000e+02  -1.6700000e+02   2.3683425e+02  -6.8627059e+00  -1.2344704e+01  -1.5147067e+02   1.2576994e+02
   1.8200000e+02  -1.6700000e+02   2.3908639e+02  -7.8098625e+00  -9.8987817e+00  -1.4939671e+02   1.2315117e+02
   1.8200000e+02  -1.6700000e+02   2.4133853e+02  -8.7570192e+00  -7.4528590e+00  -1.4732274e+02   1.2053239e+02
   1.8200000e+02  -1.6700000e+02   2.4378079e+02  -1.0112453e+01  -4.9602449e+00  -1.4595511e+02   1.1704859e+02
   1.8200000e+02  -1.6700000e+02   2.4622305e+02  -1.1467886e+01  -2.4676309e+00  -1.4458747e+02   1.1356478e+02
   1.8200000e+02  -1.6700000e+02   2.4964880e+02  -1.2278746e+01  -5.3242179e-01  -1.4321549e+02   1.1107768e+02
   1.8200000e+02  -1.6700000e+02   2.5307455e+02  -1.3089605e+01   1.4027873e+00  -1.4184351e+02   1.0859058e+02
   1.8200000e+02  -1.6700000e+02   2.5800553e+02  -1.3474955e+01   2.7987295e+00  -1.4039121e+02   1.0661854e+02
   1.8200000e+02  -1.6700000e+02   2.6293651e+02  -1.3860304e+01   4.1946717e+00  -1.3893891e+02   1.0464650e+02
   1.8200000e+02  -1.6700000e+02   2.6662918e+02  -1.3565505e+01   5.2150299e+00  -1.3693792e+02   1.0243641e+02
   1.8200000e+02  -1.6700000e+02   2.6660651e+02  -1.2154379e+01   6.0453758e+00  -1.3391210e+02   1.0081625e+02
   1.8200000e+02  -1.6700000e+02   2.6060467e+02  -8.9608266e+00   7.5942416e+00  -1.2886462e+02   1.0248686e+02
   1.8200000e+02  -1.6700000e+02   2.5320606e+02  -4.6415136e+00   1.0215647e+01  -1.2142087e+02   1.1160160e+02
   1.8200000e+02  -1.6700000e+02   2.4741990e+02  -2.0604186e+00   1.2165369e+01  -1.1523428e+02   1.2204947e+02
   1.8200000e+02  -1.6700000e+02   2.4408375e+02  -3.7027948e+00   8.6046853e+00  -1.1189914e+02   1.3318848e+02
   1.8200000e+02  -1.6700000e+02   2.4246313e+02  -7.3749151e+00   9.0859196e-01  -1.1228905e+02   1.4470081e+02
   1.8200000e+02  -1.6700000e+02   2.4159413e+02  -1.0841814e+01  -7.7690536e+00  -1.1546854e+02   1.5606372e+02
   1.8200000e+02  -1.6700000e+02   2.4071918e+02  -1.4195939e+01  -1.6705741e+01  -1.1854735e+02   1.6597262e+02
   1.8200000e+02  -1.6700000e+02   2.3900502e+02  -1.8428136e+01  -2.4531458e+01  -1.2256428e+02   1.7677101e+02
   1.8200000e+02  -1.6700000e+02   2.3799354e+02  -2.2520797e+01  -3.1543879e+01  -1.2658279e+02   1.8559694e+02
   1.8200000e+02  -1.6700000e+02   2.3858074e+02  -2.7153883e+01  -3.7459811e+01  -1.3055695e+02   1.9497920e+02
   1.8200000e+02  -1.6700000e+02   2.3871526e+02  -3.1401527e+01  -4.2403992e+01  -1.3368818e+02   2.0257198e+02
   1.8200000e+02  -1.6700000e+02   2.4031785e+02  -3.6641117e+01  -4.5585738e+01  -1.3633397e+02   2.1053671e+02
   1.8200000e+02  -1.6700000e+02   2.4232068e+02  -4.1755087e+01  -4.8254073e+01  -1.3837091e+02   2.1692842e+02
   1.8200000e+02  -1.6700000e+02   2.4465125e+02  -4.7902839e+01  -4.9381972e+01  -1.4136312e+02   2.2270199e+02
   1.8200000e+02  -1.6700000e+02   2.4669630e+02  -5.4500461e+01  -4.9518249e+01  -1.4538752e+02   2.2691334e+02
   1.8200000e+02  -1.6700000e+02   2.4894520e+02  -5.9171064e+01  -4.9862906e+01  -1.4702143e+02   2.2798472e+02
   1.8200000e+02  -1.6700000e+02   2.4846444e+02  -6.0955013e+01  -4.9945400e+01  -1.4524468e+02   2.2764229e+02
   1.8200000e+02  -1.6700000e+02   2.4649961e+02  -6.1265560e+01  -4.9556788e+01  -1.4323392e+02   2.2411370e+02
   1.8200000e+02  -1.6700000e+02   2.4402738e+02  -6.0853756e+01  -4.8272542e+01  -1.4199997e+02   2.1915170e+02
   1.8200000e+02  -1.6700000e+02   2.4175139e+02  -5.8996715e+01  -4.6338680e+01  -1.4161613e+02   2.1246158e+02
   1.8200000e+02  -1.6700000e+02   2.4071138e+02  -5.6141059e+01  -4.3952227e+01  -1.4221854e+02   2.0649673e+02
   1.8200000e+02  -1.6700000e+02   2.3933120e+02  -5.2072816e+01  -4.1693280e+01  -1.4280512e+02   1.9915205e+02
   1.8200000e+02  -1.6700000e+02   2.3749907e+02  -4.7019263e+01  -3.8779506e+01  -1.4460234e+02   1.9234015e+02
   1.8200000e+02  -1.6700000e+02   2.3668640e+02  -4.1709361e+01  -3.6741084e+01  -1.4624726e+02   1.8511659e+02
   1.8200000e+02  -1.6700000e+02   2.3569446e+02  -3.5875714e+01  -3.4552397e+01  -1.4879710e+02   1.7981450e+02
   1.8200000e+02  -1.6700000e+02   2.3425005e+02  -2.9605492e+01  -3.2563176e+01  -1.5146864e+02   1.7381697e+02
   1.8200000e+02  -1.6700000e+02   2.3298415e+02  -2.3497863e+01  -3.1400995e+01  -1.5438347e+02   1.6662007e+02
   1.8200000e+02  -1.6700000e+02   2.3169626e+02  -1.8086592e+01  -2.9690788e+01  -1.5718720e+02   1.6134283e+02
   1.8200000e+02  -1.6700000e+02   2.3114140e+02  -1.2892203e+01  -2.8401064e+01  -1.5980014e+02   1.5581061e+02
   1.8200000e+02  -1.6700000e+02   2.2997724e+02  -9.0629171e+00  -2.6444268e+01  -1.6009255e+02   1.5060663e+02
   1.8200000e+02  -1.6700000e+02   2.2944398e+02  -7.1462474e+00  -2.4225443e+01  -1.5927099e+02   1.4560106e+02
   1.8200000e+02  -1.6700000e+02   2.3040696e+02  -5.9003536e+00  -2.3084989e+01  -1.5807644e+02   1.4027210e+02
   1.8200000e+02  -1.6700000e+02   2.3106285e+02  -6.0331341e+00  -2.2127233e+01  -1.5589224e+02   1.3642865e+02
   1.8200000e+02  -1.6700000e+02   2.3124057e+02  -6.2288944e+00  -2.0113637e+01  -1.5352475e+02   1.3217785e+02
   1.8200000e+02  -1.6700000e+02   2.3238591e+02  -7.2893181e+00  -1.8240363e+01  -1.5160873e+02   1.2749512e+02
   1.8200000e+02  -1.6700000e+02   2.3392383e+02  -7.8823677e+00  -1.6281190e+01  -1.4914311e+02   1.2369578e+02
   1.8200000e+02  -1.6700000e+02   2.3629591e+02  -9.0305701e+00  -1.4413874e+01  -1.4716933e+02   1.1927057e+02
   1.8200000e+02  -1.6700000e+02   2.4211479e+02  -1.0531588e+01  -1.3016322e+01  -1.4590513e+02   1.1605328e+02
   1.8200000e+02  -1.6700000e+02   2.4674498e+02  -1.1551314e+01  -1.1820849e+01  -1.4437017e+02   1.1232193e+02
   1.8200000e+02  -1.6700000e+02   2.4951472e+02  -1.2007079e+01  -1.0675347e+01  -1.4240970e+02   1.0867528e+02
   1.8200000e+02  -1.6700000e+02   2.5387844e+02  -1.2419934e+01  -9.8967699e+00  -1.4053999e+02   1.0592601e+02
   1.8200000e+02  -1.6700000e+02   2.5824216e+02  -1.2832790e+01  -9.1181923e+00  -1.3867028e+02   1.0317673e+02
   1.8200000e+02  -1.6700000e+02   2.6161376e+02  -1.3069967e+01  -8.6867300e+00  -1.3655988e+02   9.9996346e+01
   1.8200000e+02  -1.6700000e+02   2.6498536e+02  -1.3307143e+01  -8.2552676e+00  -1.3444948e+02   9.6815957e+01
   1.8200000e+02  -1.6700000e+02   2.6643530e+02  -1.2568286e+01  -8.0582622e+00  -1.3176459e+02   9.4026190e+01
   1.8200000e+02  -1.6700000e+02   2.6658098e+02  -1.2075095e+01  -7.9848449e+00  -1.2899056e+02   9.2030443e+01
   1.8200000e+02  -1.6700000e+02   2.6434102e+02  -1.1538757e+01  -7.9630305e+00  -1.2619462e+02   9.2082427e+01
   1.8200000e+02  -1.6700000e+02   2.5682213e+02  -9.7976716e+00  -6.5935320e+00  -1.2168230e+02   9.7038151e+01
   1.8200000e+02  -1.6700000e+02   2.4975971e+02  -7.7617154e+00  -3.4713735e+00  -1.1581126e+02   1.0573489e+02
   1.8200000e+02  -1.6700000e+02   2.4385837e+02  -6.9070830e+00  -8.0220000e-01  -1.1107568e+02   1.1614566e+02
   1.8200000e+02  -1.6700000e+02   2.3894599e+02  -8.7891116e+00  -2.2143307e+00  -1.0882643e+02   1.2766698e+02
   1.8200000e+02  -1.6700000e+02   2.3573869e+02  -1.1676448e+01  -8.6356901e+00  -1.0980859e+02   1.3910808e+02
   1.8200000e+02  -1.6700000e+02   2.3294476e+02  -1.4917141e+01  -1.6771148e+01  -1.1277713e+02   1.5016686e+02
   1.8200000e+02  -1.6700000e+02   2.2833159e+02  -1.8024272e+01  -2.5194545e+01  -1.1809992e+02   1.6069396e+02
   1.8200000e+02  -1.6700000e+02   2.2790272e+02  -1.9656580e+01  -3.3252879e+01  -1.2289843e+02   1.6934605e+02
   1.8200000e+02  -1.6700000e+02   2.2809468e+02  -2.2069375e+01  -3.9868785e+01  -1.2763046e+02   1.7834236e+02
   1.8200000e+02  -1.6700000e+02   2.3127815e+02  -2.5582849e+01  -4.5096223e+01  -1.3211074e+02   1.8709724e+02
   1.8200000e+02  -1.6700000e+02   2.3389824e+02  -2.9407270e+01  -4.9346797e+01  -1.3591578e+02   1.9450558e+02
   1.8200000e+02  -1.6700000e+02   2.3561975e+02  -3.3304036e+01  -5.2240005e+01  -1.3864724e+02   2.0094290e+02
   1.8200000e+02  -1.6700000e+02   2.3753799e+02  -3.7812012e+01  -5.4798687e+01  -1.4192697e+02   2.0712029e+02
   1.8200000e+02  -1.6700000e+02   2.3958154e+02  -4.3324711e+01  -5.5313382e+01  -1.4486241e+02   2.1233050e+02
   1.8200000e+02  -1.6700000e+02   2.4225045e+02  -4.9488647e+01  -5.4570141e+01  -1.4856222e+02   2.1755567e+02
   1.8200000e+02  -1.6700000e+02   2.4420882e+02  -5.3865717e+01  -5.3824909e+01  -1.5032123e+02   2.1936625e+02
   1.8200000e+02  -1.6700000e+02   2.4355216e+02  -5.4811014e+01  -5.3192287e+01  -1.4872242e+02   2.1809188e+02
   1.8200000e+02  -1.6700000e+02   2.4201734e+02  -5.4718667e+01  -5.1789970e+01  -1.4714888e+02   2.1485177e+02
   1.8200000e+02  -1.6700000e+02   2.4024959e+02  -5.3494373e+01  -4.9809285e+01  -1.4601260e+02   2.0945944e+02
   1.8200000e+02  -1.6700000e+02   2.3858500e+02  -5.0910786e+01  -4.7265752e+01  -1.4568011e+02   2.0298965e+02
   1.8200000e+02  -1.6700000e+02   2.3711876e+02  -4.6999998e+01  -4.4272282e+01  -1.4615031e+02   1.9598691e+02
   1.8200000e+02  -1.6700000e+02   2.3531831e+02  -4.2366723e+01  -4.1376028e+01  -1.4710878e+02   1.8827030e+02
   1.8200000e+02  -1.6700000e+02   2.3423477e+02  -3.6831660e+01  -3.9692676e+01  -1.4949116e+02   1.8096570e+02
   1.8200000e+02  -1.6700000e+02   2.3297883e+02  -3.1033420e+01  -3.8032288e+01  -1.5163036e+02   1.7479098e+02
   1.8200000e+02  -1.6700000e+02   2.3209660e+02  -2.5565401e+01  -3.6316358e+01  -1.5450076e+02   1.6990790e+02
   1.8200000e+02  -1.6700000e+02   2.3163387e+02  -2.0046459e+01  -3.5032642e+01  -1.5730519e+02   1.6477777e+02
   1.8200000e+02  -1.6700000e+02   2.3104417e+02  -1.4853204e+01  -3.3976891e+01  -1.5961009e+02   1.5883123e+02
   1.8200000e+02  -1.6700000e+02   2.3091360e+02  -1.1664659e+01  -3.3142615e+01  -1.6038959e+02   1.5352203e+02
   1.8200000e+02  -1.6700000e+02   2.3039484e+02  -8.8403703e+00  -3.1384590e+01  -1.6140460e+02   1.4990049e+02
   1.8200000e+02  -1.6700000e+02   2.3061434e+02  -6.0115183e+00  -2.9955859e+01  -1.6160079e+02   1.4570100e+02
   1.8200000e+02  -1.6700000e+02   2.3025210e+02  -3.9427304e+00  -2.7533259e+01  -1.6119612e+02   1.4096373e+02
   1.8200000e+02  -1.6700000e+02   2.3206317e+02  -3.2646642e+00  -2.6888883e+01  -1.6033712e+02   1.3566992e+02
   1.8200000e+02  -1.6700000e+02   2.3306651e+02  -4.0560941e+00  -2.6327029e+01  -1.5839687e+02   1.3160090e+02
   1.8200000e+02  -1.6700000e+02   2.3406985e+02  -4.8475241e+00  -2.5765174e+01  -1.5645662e+02   1.2753189e+02
   1.8200000e+02  -1.6700000e+02   2.3393076e+02  -5.4305797e+00  -2.4272681e+01  -1.5391926e+02   1.2473300e+02
   1.8200000e+02  -1.6700000e+02   2.3456087e+02  -6.3871151e+00  -2.2893718e+01  -1.5134827e+02   1.2183862e+02
   1.8200000e+02  -1.6700000e+02   2.3558727e+02  -7.6684068e+00  -2.1693531e+01  -1.4913257e+02   1.1840329e+02
   1.8200000e+02  -1.6700000e+02   2.3699361e+02  -8.9099724e+00  -2.0703251e+01  -1.4711099e+02   1.1577059e+02
   1.8200000e+02  -1.6700000e+02   2.3839996e+02  -1.0151538e+01  -1.9712971e+01  -1.4508941e+02   1.1313788e+02
   1.8200000e+02  -1.6700000e+02   2.4102223e+02  -1.0827264e+01  -1.9117344e+01  -1.4320864e+02   1.1116458e+02
   1.8200000e+02  -1.6700000e+02   2.4364449e+02  -1.1502989e+01  -1.8521718e+01  -1.4132787e+02   1.0919129e+02
   1.8200000e+02  -1.6700000e+02   2.4789088e+02  -1.2378168e+01  -1.8032595e+01  -1.3999704e+02   1.0666760e+02
