   1.6930356e+02  -1.7580755e+02   1.8193973e+02  -1.3036447e+01  -8.2382156e+01  -1.2231249e+02   1.5419344e+02
   1.7699496e+02  -1.7687016e+02   1.9587151e+02  -1.5100998e+01  -8.4010551e+01  -1.1974680e+02   1.6094368e+02
   1.8468635e+02  -1.7793276e+02   2.0980329e+02  -1.7165550e+01  -8.5638945e+01  -1.1718111e+02   1.6769391e+02
   1.8200000e+02  -1.7352595e+02   2.1300000e+02  -2.2187133e+01  -7.4416272e+01  -1.2296418e+02   1.7779614e+02
   1.8200000e+02  -1.7335969e+02   2.1300000e+02  -2.0213926e+01  -6.5362254e+01  -1.2559957e+02   1.8741143e+02
   1.8200000e+02  -1.7608761e+02   2.1300000e+02  -1.9658237e+01  -6.4908742e+01  -1.2938219e+02   1.9296466e+02
   1.8200000e+02  -1.7512692e+02   2.1300000e+02  -2.2062645e+01  -6.7607964e+01  -1.3341074e+02   1.9724455e+02
   1.8200000e+02  -1.7280374e+02   2.1300000e+02  -2.6019764e+01  -7.0608696e+01  -1.3810341e+02   1.9986217e+02
   1.8200000e+02  -1.7270313e+02   2.1300000e+02  -3.0293891e+01  -7.3776664e+01  -1.4277725e+02   2.0068727e+02
   1.8200000e+02  -1.7300288e+02   2.1300000e+02  -3.4896179e+01  -7.6443452e+01  -1.4640597e+02   2.0089769e+02
   1.8200000e+02  -1.7446284e+02   2.1300000e+02  -3.9584170e+01  -7.8679074e+01  -1.4947319e+02   2.0123571e+02
   1.8200000e+02  -1.7734374e+02   2.1300000e+02  -4.5869753e+01  -7.8802881e+01  -1.5367297e+02   2.0262141e+02
   1.8200000e+02  -1.7863586e+02   2.1300000e+02  -5.2887783e+01  -7.7342585e+01  -1.5857032e+02   2.0624049e+02
   1.8200000e+02  -1.7875016e+02   2.1300000e+02  -5.7332485e+01  -7.6863746e+01  -1.5955517e+02   2.0687189e+02
   1.8200000e+02  -1.7865936e+02   2.1300000e+02  -5.8336362e+01  -7.7133619e+01  -1.5711081e+02   2.0505871e+02
   1.8200000e+02  -1.7739112e+02   2.1300000e+02  -5.9064051e+01  -7.5993294e+01  -1.5467210e+02   2.0244379e+02
   1.8200000e+02  -1.7651822e+02   2.1300000e+02  -5.8725017e+01  -7.3432629e+01  -1.5260165e+02   1.9860136e+02
   1.8200000e+02  -1.7567439e+02   2.1300000e+02  -5.7285373e+01  -6.9780081e+01  -1.5135072e+02   1.9422924e+02
   1.8200000e+02  -1.7568777e+02   2.1300000e+02  -5.4219037e+01  -6.5143920e+01  -1.5056427e+02   1.8927933e+02
   1.8200000e+02  -1.7581062e+02   2.1300000e+02  -4.9646436e+01  -5.9934076e+01  -1.5008600e+02   1.8353301e+02
   1.8200000e+02  -1.7575179e+02   2.1300000e+02  -4.3729256e+01  -5.4768096e+01  -1.5040295e+02   1.7710741e+02
   1.8200000e+02  -1.7493422e+02   2.1300000e+02  -3.7604115e+01  -5.0037902e+01  -1.5131943e+02   1.7038850e+02
   1.8200000e+02  -1.7468784e+02   2.1300000e+02  -3.0667605e+01  -4.5160649e+01  -1.5192387e+02   1.6429290e+02
   1.8200000e+02  -1.7627958e+02   2.1300000e+02  -2.3390219e+01  -4.0996343e+01  -1.5242416e+02   1.5775003e+02
   1.8200000e+02  -1.7614209e+02   2.1300000e+02  -1.7499528e+01  -3.7402194e+01  -1.5388812e+02   1.5071578e+02
   1.8200000e+02  -1.7464790e+02   2.1300000e+02  -1.2656050e+01  -3.5604831e+01  -1.5576227e+02   1.4532328e+02
   1.8200000e+02  -1.7329478e+02   2.1300000e+02  -9.0300713e+00  -3.3602851e+01  -1.5672403e+02   1.4008588e+02
   1.8200000e+02  -1.7430450e+02   2.1300000e+02  -7.2239067e+00  -3.1669137e+01  -1.5549681e+02   1.3437054e+02
   1.8200000e+02  -1.7586998e+02   2.1300000e+02  -6.0866652e+00  -2.9169466e+01  -1.5249816e+02   1.2999315e+02
   1.8200000e+02  -1.7459025e+02   2.1300000e+02  -6.2524901e+00  -2.6691542e+01  -1.4997248e+02   1.2617529e+02
   1.8200000e+02  -1.7764775e+02   2.1300000e+02  -6.2006870e+00  -2.4889313e+01  -1.4644305e+02   1.2181207e+02
   1.8200000e+02  -1.7928708e+02   2.1300000e+02  -6.7663968e+00  -2.3015094e+01  -1.4352269e+02   1.1802718e+02
   1.8200000e+02  -1.8121211e+02   2.1300000e+02  -7.5554191e+00  -2.1177234e+01  -1.4076395e+02   1.1452799e+02
   1.8200000e+02  -1.8607465e+02   2.1300000e+02  -8.4168215e+00  -1.9412671e+01  -1.3811427e+02   1.1115162e+02
   1.8200000e+02  -1.8734375e+02   2.1300000e+02  -9.1947834e+00  -1.7638141e+01  -1.3538662e+02   1.0785495e+02
   1.8200000e+02  -1.8841283e+02   2.1300000e+02  -1.0167289e+01  -1.6394805e+01  -1.3309856e+02   1.0560396e+02
   1.8200000e+02  -1.8948192e+02   2.1300000e+02  -1.1139795e+01  -1.5151469e+01  -1.3081050e+02   1.0335297e+02
   1.8200000e+02  -1.8762343e+02   2.1300000e+02  -1.1238038e+01  -1.4021036e+01  -1.2790220e+02   9.9444660e+01
   1.8200000e+02  -1.8418022e+02   2.1300000e+02  -1.1357083e+01  -1.2964841e+01  -1.2500052e+02   9.5619705e+01
   1.8200000e+02  -1.8392866e+02   2.1300000e+02  -1.1729631e+01  -1.2441641e+01  -1.2260945e+02   9.3147583e+01
   1.8200000e+02  -1.8577720e+02   2.1300000e+02  -1.1567545e+01  -1.2211781e+01  -1.2011191e+02   9.2117657e+01
   1.8200000e+02  -1.8368387e+02   2.1300000e+02  -1.2067958e+01  -1.1998984e+01  -1.1778708e+02   9.5399299e+01
   1.8200000e+02  -1.8173790e+02   2.1300000e+02  -1.1547980e+01  -1.1951124e+01  -1.1357645e+02   1.0208267e+02
   1.8200000e+02  -1.7972864e+02   2.1300000e+02  -9.4812796e+00  -1.4262994e+01  -1.0784806e+02   1.1177225e+02
   1.8200000e+02  -1.7861587e+02   2.1300000e+02  -9.2673327e+00  -1.8578749e+01  -1.0403887e+02   1.2268063e+02
   1.8200000e+02  -1.7489496e+02   2.1300000e+02  -1.2258134e+01  -2.5936882e+01  -1.0364946e+02   1.3455781e+02
   1.8200000e+02  -1.7153028e+02   2.1300000e+02  -1.6684643e+01  -3.3438975e+01  -1.0690427e+02   1.4664119e+02
   1.8200000e+02  -1.6947462e+02   2.1300000e+02  -1.9654474e+01  -3.9638206e+01  -1.1217243e+02   1.5864047e+02
   1.8200000e+02  -1.7292658e+02   2.1300000e+02  -2.1504269e+01  -4.7301153e+01  -1.1672172e+02   1.6940070e+02
   1.8200000e+02  -1.7748146e+02   2.1300000e+02  -2.3575532e+01  -5.4740563e+01  -1.2122964e+02   1.7761488e+02
   1.8200000e+02  -1.7545033e+02   2.1300000e+02  -2.7432525e+01  -6.1211308e+01  -1.2618178e+02   1.8486133e+02
   1.8200000e+02  -1.7485161e+02   2.1300000e+02  -3.1324956e+01  -6.7084456e+01  -1.3018955e+02   1.8954560e+02
   1.8200000e+02  -1.7508523e+02   2.1300000e+02  -3.6220448e+01  -7.1868482e+01  -1.3387136e+02   1.9243417e+02
   1.8200000e+02  -1.7637088e+02   2.1300000e+02  -4.1049987e+01  -7.5917233e+01  -1.3687227e+02   1.9457278e+02
   1.8200000e+02  -1.7739646e+02   2.1300000e+02  -4.6554087e+01  -7.8188067e+01  -1.3932183e+02   1.9677271e+02
   1.8200000e+02  -1.7914260e+02   2.1300000e+02  -5.3175761e+01  -7.9182762e+01  -1.4237352e+02   1.9927247e+02
   1.8200000e+02  -1.8218828e+02   2.1300000e+02  -6.0569624e+01  -7.8621280e+01  -1.4605122e+02   2.0259377e+02
   1.8200000e+02  -1.8269584e+02   2.1300000e+02  -6.7650087e+01  -7.7531188e+01  -1.4840781e+02   2.0368349e+02
   1.8200000e+02  -1.8181373e+02   2.1300000e+02  -7.1330114e+01  -7.7380212e+01  -1.4588018e+02   2.0242886e+02
   1.8200000e+02  -1.8109215e+02   2.1300000e+02  -7.4063674e+01  -7.7498524e+01  -1.4237838e+02   2.0079142e+02
   1.8200000e+02  -1.8150088e+02   2.1300000e+02  -7.5970245e+01  -7.6075000e+01  -1.3877178e+02   1.9718685e+02
   1.8200000e+02  -1.7981725e+02   2.1300000e+02  -7.7008329e+01  -7.3044480e+01  -1.3527601e+02   1.9243520e+02
   1.8200000e+02  -1.8053566e+02   2.1300000e+02  -7.5909965e+01  -6.9347253e+01  -1.3179659e+02   1.8771283e+02
   1.8200000e+02  -1.8018050e+02   2.1300000e+02  -7.3914266e+01  -6.4546396e+01  -1.2926219e+02   1.8224769e+02
   1.8200000e+02  -1.8015336e+02   2.1300000e+02  -7.1351439e+01  -5.9438535e+01  -1.2741878e+02   1.7746684e+02
   1.8200000e+02  -1.7946556e+02   2.1300000e+02  -6.7362860e+01  -5.4272764e+01  -1.2634415e+02   1.7167137e+02
   1.8200000e+02  -1.8000179e+02   2.1300000e+02  -6.1677269e+01  -4.9899878e+01  -1.2628282e+02   1.6559449e+02
   1.8200000e+02  -1.7968078e+02   2.1300000e+02  -5.5958860e+01  -4.5862037e+01  -1.2773595e+02   1.6007417e+02
   1.8200000e+02  -1.8029737e+02   2.1300000e+02  -4.8892964e+01  -4.2175712e+01  -1.2874114e+02   1.5308759e+02
   1.8200000e+02  -1.8038227e+02   2.1300000e+02  -4.2592059e+01  -3.8802348e+01  -1.3125823e+02   1.4861566e+02
   1.8200000e+02  -1.7742326e+02   2.1300000e+02  -3.6698257e+01  -3.7306275e+01  -1.3449697e+02   1.4391077e+02
   1.8200000e+02  -1.7701405e+02   2.1300000e+02  -3.0611605e+01  -3.5976894e+01  -1.3749204e+02   1.3847129e+02
   1.8200000e+02  -1.7849346e+02   2.1300000e+02  -2.5287528e+01  -3.3458435e+01  -1.3901529e+02   1.3397890e+02
   1.8200000e+02  -1.8001946e+02   2.1300000e+02  -2.1106304e+01  -3.1284714e+01  -1.3826477e+02   1.2921694e+02
   1.8200000e+02  -1.7951789e+02   2.1300000e+02  -1.8504529e+01  -2.8752115e+01  -1.3767427e+02   1.2398982e+02
   1.8200000e+02  -1.7996731e+02   2.1300000e+02  -1.6955237e+01  -2.6801828e+01  -1.3648401e+02   1.2035584e+02
   1.8200000e+02  -1.8180904e+02   2.1300000e+02  -1.5670385e+01  -2.4929576e+01  -1.3533496e+02   1.1657057e+02
   1.8200000e+02  -1.8290243e+02   2.1300000e+02  -1.5886233e+01  -2.3334274e+01  -1.3396453e+02   1.1316894e+02
   1.8200000e+02  -1.8331834e+02   2.1300000e+02  -1.6097800e+01  -2.1744351e+01  -1.3256400e+02   1.0985596e+02
   1.8200000e+02  -1.8457955e+02   2.1300000e+02  -1.6276573e+01  -2.0202928e+01  -1.3111377e+02   1.0658162e+02
   1.8200000e+02  -1.8780497e+02   2.1300000e+02  -1.6443594e+01  -1.8737853e+01  -1.2962429e+02   1.0334016e+02
   1.8200000e+02  -1.8603747e+02   2.1300000e+02  -1.6578904e+01  -1.7334344e+01  -1.2799119e+02   1.0011552e+02
   1.8200000e+02  -1.8484754e+02   2.1300000e+02  -1.6635679e+01  -1.6055283e+01  -1.2625301e+02   9.6865276e+01
   1.8200000e+02  -1.8442686e+02   2.1300000e+02  -1.6698064e+01  -1.4887910e+01  -1.2449672e+02   9.3727286e+01
   1.8200000e+02  -1.8235614e+02   2.1300000e+02  -1.6734486e+01  -1.3864652e+01  -1.2269148e+02   9.0809662e+01
   1.8200000e+02  -1.8115555e+02   2.1300000e+02  -1.6816572e+01  -1.3707821e+01  -1.2099403e+02   8.9636995e+01
   1.8200000e+02  -1.8072790e+02   2.1300000e+02  -1.6944101e+01  -1.3590177e+01  -1.1933523e+02   8.8494381e+01
   1.8200000e+02  -1.8030025e+02   2.1300000e+02  -1.7071629e+01  -1.3472534e+01  -1.1767644e+02   8.7351768e+01
   1.8200000e+02  -1.7927132e+02   2.1300000e+02  -1.7234025e+01  -1.3469337e+01  -1.1605601e+02   8.6438293e+01
   1.8200000e+02  -1.7661733e+02   2.1300000e+02  -1.7381448e+01  -1.3601729e+01  -1.1443503e+02   8.5927922e+01
   1.8200000e+02  -1.7295192e+02   2.1300000e+02  -1.6924822e+01  -1.4004260e+01  -1.1299290e+02   8.6828201e+01
   1.8200000e+02  -1.7681199e+02   2.1300000e+02  -1.6612443e+01  -1.4256440e+01  -1.1224231e+02   8.9993887e+01
   1.8200000e+02  -1.7906424e+02   2.1300000e+02  -1.5955794e+01  -1.4267234e+01  -1.1072656e+02   9.8444496e+01
   1.8200000e+02  -1.8308523e+02   2.1300000e+02  -1.2030952e+01  -1.5254195e+01  -1.0614689e+02   1.0775854e+02
   1.8200000e+02  -1.8117754e+02   2.1300000e+02  -9.3964769e+00  -1.9822520e+01  -1.0117555e+02   1.1950800e+02
   1.8200000e+02  -1.7550740e+02   2.1300000e+02  -1.0122122e+01  -2.3806575e+01  -9.9445855e+01   1.3182821e+02
   1.8200000e+02  -1.7120322e+02   2.1300000e+02  -1.3812235e+01  -2.9282068e+01  -1.0049511e+02   1.4417276e+02
   1.8200000e+02  -1.7188224e+02   2.1300000e+02  -1.7302225e+01  -3.5137302e+01  -1.0204998e+02   1.5631252e+02
   1.8200000e+02  -1.6824504e+02   2.1300000e+02  -2.1604555e+01  -4.0534940e+01  -1.0496135e+02   1.6815580e+02
   1.8200000e+02  -1.6967406e+02   2.1300000e+02  -2.6206656e+01  -4.6734472e+01  -1.0866998e+02   1.7917451e+02
   1.8200000e+02  -1.6975560e+02   2.1300000e+02  -3.1361297e+01  -5.4433354e+01  -1.1277244e+02   1.8803457e+02
   1.8200000e+02  -1.7255911e+02   2.1300000e+02  -3.6520537e+01  -6.2193078e+01  -1.1679681e+02   1.9249935e+02
   1.8200000e+02  -1.7571226e+02   2.1300000e+02  -4.4138983e+01  -6.8339952e+01  -1.2307990e+02   1.9248929e+02
   1.8200000e+02  -1.7881016e+02   2.1300000e+02  -5.2305802e+01  -7.1928555e+01  -1.2961231e+02   1.9320677e+02
   1.8200000e+02  -1.8155200e+02   2.1300000e+02  -6.0424717e+01  -7.4116400e+01  -1.3495034e+02   1.9714695e+02
   1.8200000e+02  -1.8382570e+02   2.1300000e+02  -6.8722244e+01  -7.4598643e+01  -1.3932836e+02   2.0151150e+02
   1.8200000e+02  -1.8356851e+02   2.1300000e+02  -7.5288061e+01  -7.5540702e+01  -1.3963055e+02   2.0405552e+02
   1.8200000e+02  -1.8279426e+02   2.1300000e+02  -8.0049327e+01  -7.6993228e+01  -1.3620928e+02   2.0425594e+02
   1.8200000e+02  -1.8153976e+02   2.1300000e+02  -8.4195888e+01  -7.7961250e+01  -1.3179951e+02   2.0319333e+02
   1.8200000e+02  -1.8108754e+02   2.1300000e+02  -8.7616602e+01  -7.7836715e+01  -1.2718025e+02   2.0013860e+02
   1.8200000e+02  -1.8084714e+02   2.1300000e+02  -9.0894710e+01  -7.6207964e+01  -1.2293184e+02   1.9800194e+02
   1.8200000e+02  -1.8014035e+02   2.1300000e+02  -9.3720544e+01  -7.3402830e+01  -1.1884381e+02   1.9530622e+02
   1.8200000e+02  -1.7984774e+02   2.1300000e+02  -9.5392391e+01  -6.9613752e+01  -1.1465768e+02   1.9129223e+02
   1.8200000e+02  -1.8008279e+02   2.1300000e+02  -9.5710285e+01  -6.5379153e+01  -1.1051490e+02   1.8724712e+02
   1.8200000e+02  -1.8086960e+02   2.1300000e+02  -9.5004134e+01  -6.0517450e+01  -1.0652645e+02   1.8239352e+02
   1.8200000e+02  -1.8071178e+02   2.1300000e+02  -9.4349065e+01  -5.5347968e+01  -1.0286890e+02   1.7760610e+02
   1.8200000e+02  -1.7976783e+02   2.1300000e+02  -9.2311598e+01  -5.0242075e+01  -9.9768305e+01   1.7202931e+02
   1.8200000e+02  -1.7913775e+02   2.1300000e+02  -9.0996960e+01  -4.5894657e+01  -9.8032325e+01   1.6801600e+02
   1.8200000e+02  -1.7904551e+02   2.1300000e+02  -8.8617008e+01  -4.2046580e+01  -9.7189819e+01   1.6322648e+02
   1.8200000e+02  -1.7889512e+02   2.1300000e+02  -8.4659468e+01  -3.8596986e+01  -9.7126393e+01   1.5816609e+02
   1.8200000e+02  -1.7828831e+02   2.1300000e+02  -7.9895751e+01  -3.5308342e+01  -9.8146364e+01   1.5371651e+02
   1.8200000e+02  -1.7620651e+02   2.1300000e+02  -7.5604120e+01  -3.2836279e+01  -1.0056112e+02   1.4981749e+02
   1.8200000e+02  -1.7590206e+02   2.1300000e+02  -6.9848558e+01  -3.0282632e+01  -1.0309482e+02   1.4462174e+02
   1.8200000e+02  -1.7499719e+02   2.1300000e+02  -6.3821089e+01  -2.8266123e+01  -1.0574849e+02   1.4055971e+02
   1.8200000e+02  -1.7555378e+02   2.1300000e+02  -5.7427083e+01  -2.7040060e+01  -1.0837799e+02   1.3578065e+02
   1.8200000e+02  -1.7496328e+02   2.1300000e+02  -5.1923191e+01  -2.5447042e+01  -1.1159077e+02   1.3241203e+02
   1.8200000e+02  -1.7448406e+02   2.1300000e+02  -4.6878780e+01  -2.3643594e+01  -1.1445715e+02   1.2953419e+02
   1.8200000e+02  -1.7555845e+02   2.1300000e+02  -4.2205241e+01  -2.1452384e+01  -1.1660406e+02   1.2712030e+02
   1.8200000e+02  -1.7587688e+02   2.1300000e+02  -3.8654364e+01  -1.9244282e+01  -1.1883032e+02   1.2391323e+02
   1.8200000e+02  -1.7686222e+02   2.1300000e+02  -3.5101316e+01  -1.7230832e+01  -1.1972721e+02   1.2112842e+02
   1.8200000e+02  -1.7628791e+02   2.1300000e+02  -3.1691692e+01  -1.5155318e+01  -1.2043821e+02   1.1851962e+02
   1.8200000e+02  -1.7780679e+02   2.1300000e+02  -2.8515004e+01  -1.3144675e+01  -1.2110449e+02   1.1574547e+02
   1.8200000e+02  -1.7905538e+02   2.1300000e+02  -2.5770011e+01  -1.0871166e+01  -1.1989556e+02   1.1346854e+02
   1.8200000e+02  -1.7936672e+02   2.1300000e+02  -2.3080786e+01  -8.5172296e+00  -1.1850779e+02   1.1127703e+02
   1.8200000e+02  -1.8058299e+02   2.1300000e+02  -2.0398930e+01  -6.5328383e+00  -1.1590405e+02   1.1036641e+02
   1.8200000e+02  -1.7557896e+02   2.1300000e+02  -1.8000557e+01  -4.9467543e+00  -1.1280186e+02   1.1487909e+02
   1.8200000e+02  -1.7156839e+02   2.1300000e+02  -1.6404227e+01  -6.4158604e+00  -1.0966491e+02   1.2031210e+02
   1.8200000e+02  -1.7156210e+02   2.1300000e+02  -1.5096245e+01  -1.2668235e+01  -1.0613552e+02   1.2759781e+02
   1.8200000e+02  -1.7361166e+02   2.1300000e+02  -1.4728261e+01  -2.2343153e+01  -1.0426195e+02   1.3784657e+02
   1.8200000e+02  -1.7236565e+02   2.1300000e+02  -1.7910673e+01  -3.2331309e+01  -1.0649208e+02   1.4930656e+02
   1.8200000e+02  -1.7264830e+02   2.1300000e+02  -1.7716218e+01  -4.0316710e+01  -1.1024822e+02   1.6105757e+02
   1.8200000e+02  -1.7234578e+02   2.1300000e+02  -1.8320052e+01  -4.7771300e+01  -1.1487750e+02   1.7237216e+02
   1.8200000e+02  -1.7501573e+02   2.1300000e+02  -1.8530963e+01  -5.4652923e+01  -1.1900487e+02   1.8140796e+02
   1.8200000e+02  -1.7616150e+02   2.1300000e+02  -2.0146095e+01  -6.0907226e+01  -1.2375746e+02   1.8796302e+02
   1.8200000e+02  -1.7744434e+02   2.1300000e+02  -2.2524877e+01  -6.6571890e+01  -1.2805755e+02   1.9135618e+02
   1.8200000e+02  -1.7622998e+02   2.1300000e+02  -2.6706637e+01  -7.1397628e+01  -1.3265317e+02   1.9279756e+02
   1.8200000e+02  -1.7593634e+02   2.1300000e+02  -3.1915418e+01  -7.4816538e+01  -1.3701097e+02   1.9322821e+02
   1.8200000e+02  -1.7714760e+02   2.1300000e+02  -3.7077389e+01  -7.7611398e+01  -1.4089910e+02   1.9328502e+02
   1.8200000e+02  -1.7924464e+02   2.1300000e+02  -4.3782244e+01  -7.7576542e+01  -1.4575837e+02   1.9433977e+02
   1.8200000e+02  -1.8144853e+02   2.1300000e+02  -5.1421467e+01  -7.6456716e+01  -1.5136621e+02   1.9582508e+02
   1.8200000e+02  -1.8162611e+02   2.1300000e+02  -5.7474207e+01  -7.4879638e+01  -1.5375007e+02   1.9652110e+02
   1.8200000e+02  -1.8118417e+02   2.1300000e+02  -6.0356757e+01  -7.5091851e+01  -1.5176350e+02   1.9472498e+02
   1.8200000e+02  -1.8058019e+02   2.1300000e+02  -6.2529621e+01  -7.4449138e+01  -1.4908789e+02   1.9199517e+02
   1.8200000e+02  -1.7961354e+02   2.1300000e+02  -6.4471799e+01  -7.3148351e+01  -1.4648429e+02   1.8940558e+02
   1.8200000e+02  -1.7922360e+02   2.1300000e+02  -6.5232796e+01  -7.0543636e+01  -1.4392157e+02   1.8602199e+02
   1.8200000e+02  -1.7860290e+02   2.1300000e+02  -6.4795581e+01  -6.7590979e+01  -1.4129118e+02   1.8159912e+02
   1.8200000e+02  -1.7897873e+02   2.1300000e+02  -6.2739790e+01  -6.3400593e+01  -1.3922887e+02   1.7760950e+02
   1.8200000e+02  -1.7878902e+02   2.1300000e+02  -5.9184159e+01  -5.8997552e+01  -1.3879541e+02   1.7318629e+02
   1.8200000e+02  -1.7874624e+02   2.1300000e+02  -5.3888200e+01  -5.3706533e+01  -1.3814208e+02   1.6726101e+02
   1.8200000e+02  -1.7762047e+02   2.1300000e+02  -4.8715911e+01  -4.9258869e+01  -1.3909002e+02   1.6290645e+02
   1.8200000e+02  -1.7717367e+02   2.1300000e+02  -4.2387517e+01  -4.5553454e+01  -1.4050201e+02   1.5763205e+02
   1.8200000e+02  -1.7771051e+02   2.1300000e+02  -3.5456714e+01  -4.1633470e+01  -1.4305166e+02   1.5264753e+02
   1.8200000e+02  -1.7726435e+02   2.1300000e+02  -2.8728883e+01  -3.8357157e+01  -1.4597727e+02   1.4940678e+02
   1.8200000e+02  -1.7823043e+02   2.1300000e+02  -2.1827980e+01  -3.5180229e+01  -1.4836112e+02   1.4405112e+02
   1.8200000e+02  -1.7661922e+02   2.1300000e+02  -1.6837083e+01  -3.3730166e+01  -1.5075977e+02   1.3925665e+02
   1.8200000e+02  -1.7330469e+02   2.1300000e+02  -1.3318370e+01  -3.3292319e+01  -1.5347152e+02   1.3643616e+02
   1.8200000e+02  -1.7294415e+02   2.1300000e+02  -1.0061644e+01  -3.1260418e+01  -1.5350636e+02   1.3095605e+02
   1.8200000e+02  -1.7300143e+02   2.1300000e+02  -8.0942692e+00  -2.9028801e+01  -1.5348098e+02   1.2734879e+02
   1.8200000e+02  -1.7392816e+02   2.1300000e+02  -7.6995915e+00  -2.6780380e+01  -1.5161830e+02   1.2427045e+02
   1.8200000e+02  -1.7443793e+02   2.1300000e+02  -7.9285166e+00  -2.4160845e+01  -1.4972063e+02   1.2071522e+02
   1.8200000e+02  -1.7630460e+02   2.1300000e+02  -8.2626370e+00  -2.1668749e+01  -1.4776078e+02   1.1709504e+02
   1.8200000e+02  -1.7598083e+02   2.1300000e+02  -8.6553920e+00  -1.9190108e+01  -1.4571593e+02   1.1376521e+02
   1.8200000e+02  -1.7777257e+02   2.1300000e+02  -9.2851964e+00  -1.6741640e+01  -1.4381407e+02   1.1061079e+02
   1.8200000e+02  -1.7714415e+02   2.1300000e+02  -1.0000326e+01  -1.4277963e+01  -1.4185354e+02   1.0783584e+02
   1.8200000e+02  -1.7792118e+02   2.1300000e+02  -1.0904462e+01  -1.1935558e+01  -1.3998744e+02   1.0512826e+02
   1.8200000e+02  -1.8038733e+02   2.1300000e+02  -1.1832164e+01  -9.7186693e+00  -1.3812550e+02   1.0260803e+02
   1.8200000e+02  -1.8184687e+02   2.1300000e+02  -1.2596426e+01  -7.5870306e+00  -1.3610403e+02   1.0016161e+02
   1.8200000e+02  -1.8477110e+02   2.1300000e+02  -1.3238680e+01  -5.6011186e+00  -1.3403772e+02   9.7818276e+01
   1.8200000e+02  -1.8482545e+02   2.1300000e+02  -1.3344494e+01  -4.7142063e+00  -1.3175168e+02   9.6513540e+01
   1.8200000e+02  -1.8165868e+02   2.1300000e+02  -1.3443018e+01  -3.8546432e+00  -1.2937243e+02   9.5202890e+01
   1.8200000e+02  -1.7970406e+02   2.1300000e+02  -1.3499821e+01  -3.0479261e+00  -1.2694761e+02   9.3887534e+01
   1.8200000e+02  -1.7737187e+02   2.1300000e+02  -1.3484395e+01  -2.3236806e+00  -1.2440457e+02   9.2735855e+01
   1.8200000e+02  -1.7787522e+02   2.1300000e+02  -1.2648512e+01  -1.9103425e+00  -1.2151138e+02   9.2500321e+01
   1.8200000e+02  -1.7975388e+02   2.1300000e+02  -1.1664549e+01  -1.7323375e+00  -1.1821286e+02   9.6607053e+01
   1.8200000e+02  -1.7620938e+02   2.1300000e+02  -9.6355339e+00  -4.4766401e+00  -1.1330503e+02   1.0649996e+02
   1.8200000e+02  -1.7832028e+02   2.1300000e+02  -6.8901801e+00  -9.8647604e+00  -1.0766092e+02   1.1750040e+02
   1.8200000e+02  -1.7672064e+02   2.1300000e+02  -6.0088234e+00  -1.7467380e+01  -1.0382823e+02   1.2931047e+02
   1.8200000e+02  -1.7083584e+02   2.1300000e+02  -1.0183279e+01  -2.4344408e+01  -1.0559492e+02   1.4139189e+02
   1.8200000e+02  -1.7047499e+02   2.1300000e+02  -1.3128627e+01  -3.2692523e+01  -1.0974279e+02   1.5333684e+02
   1.8200000e+02  -1.6795310e+02   2.1300000e+02  -1.7002617e+01  -4.0887761e+01  -1.1477489e+02   1.6493186e+02
   1.8200000e+02  -1.6886624e+02   2.1300000e+02  -2.1236974e+01  -4.9133746e+01  -1.2039660e+02   1.7552508e+02
   1.8200000e+02  -1.6953569e+02   2.1300000e+02  -2.5062850e+01  -5.7049696e+01  -1.2506337e+02   1.8432218e+02
   1.8200000e+02  -1.7401949e+02   2.1300000e+02  -2.8421186e+01  -6.4379293e+01  -1.2860882e+02   1.8911274e+02
   1.8200000e+02  -1.7501236e+02   2.1300000e+02  -3.3245116e+01  -7.0591430e+01  -1.3221910e+02   1.9190660e+02
   1.8200000e+02  -1.7564517e+02   2.1300000e+02  -3.8622836e+01  -7.4542222e+01  -1.3575779e+02   1.9356434e+02
   1.8200000e+02  -1.7752045e+02   2.1300000e+02  -4.4374146e+01  -7.7341890e+01  -1.3934272e+02   1.9414004e+02
   1.8200000e+02  -1.7887072e+02   2.1300000e+02  -5.0625908e+01  -7.8216266e+01  -1.4264534e+02   1.9612277e+02
   1.8200000e+02  -1.8145970e+02   2.1300000e+02  -5.8122515e+01  -7.6843944e+01  -1.4741903e+02   1.9836664e+02
   1.8200000e+02  -1.8183272e+02   2.1300000e+02  -6.4450951e+01  -7.5667722e+01  -1.5016448e+02   2.0013197e+02
   1.8200000e+02  -1.8166817e+02   2.1300000e+02  -6.7841416e+01  -7.5613379e+01  -1.4842209e+02   2.0004672e+02
   1.8200000e+02  -1.8162197e+02   2.1300000e+02  -7.0111423e+01  -7.6121704e+01  -1.4543470e+02   1.9943320e+02
   1.8200000e+02  -1.8095546e+02   2.1300000e+02  -7.2076077e+01  -7.5426757e+01  -1.4223735e+02   1.9712621e+02
   1.8200000e+02  -1.8004860e+02   2.1300000e+02  -7.4062005e+01  -7.4013342e+01  -1.3927539e+02   1.9480147e+02
   1.8200000e+02  -1.7952243e+02   2.1300000e+02  -7.4496209e+01  -7.0756072e+01  -1.3619150e+02   1.9200087e+02
   1.8200000e+02  -1.7958448e+02   2.1300000e+02  -7.3625564e+01  -6.6625617e+01  -1.3398089e+02   1.8870262e+02
   1.8200000e+02  -1.7899206e+02   2.1300000e+02  -7.2464048e+01  -6.2330208e+01  -1.3206526e+02   1.8531776e+02
   1.8200000e+02  -1.7861540e+02   2.1300000e+02  -6.9439859e+01  -5.7567160e+01  -1.3049870e+02   1.8026679e+02
   1.8200000e+02  -1.7811107e+02   2.1300000e+02  -6.4585752e+01  -5.2876906e+01  -1.2997362e+02   1.7528119e+02
   1.8200000e+02  -1.7651684e+02   2.1300000e+02  -5.9954114e+01  -4.8868028e+01  -1.3089313e+02   1.7044490e+02
   1.8200000e+02  -1.7549221e+02   2.1300000e+02  -5.4516591e+01  -4.5156897e+01  -1.3253372e+02   1.6626867e+02
   1.8200000e+02  -1.7461687e+02   2.1300000e+02  -4.8801727e+01  -4.2511193e+01  -1.3505757e+02   1.6145915e+02
   1.8200000e+02  -1.7327824e+02   2.1300000e+02  -4.2187223e+01  -3.9191147e+01  -1.3744545e+02   1.5604260e+02
   1.8200000e+02  -1.7214556e+02   2.1300000e+02  -3.5571837e+01  -3.5901270e+01  -1.3988720e+02   1.5062410e+02
   1.8200000e+02  -1.7261484e+02   2.1300000e+02  -2.9017984e+01  -3.3347215e+01  -1.4189662e+02   1.4527314e+02
   1.8200000e+02  -1.7271153e+02   2.1300000e+02  -2.4240267e+01  -3.0324499e+01  -1.4295392e+02   1.4098439e+02
   1.8200000e+02  -1.7166429e+02   2.1300000e+02  -2.1291290e+01  -2.8364294e+01  -1.4386634e+02   1.3741821e+02
   1.8200000e+02  -1.7164517e+02   2.1300000e+02  -1.9217631e+01  -2.5597977e+01  -1.4358367e+02   1.3441996e+02
   1.8200000e+02  -1.7117304e+02   2.1300000e+02  -1.8026184e+01  -2.2433017e+01  -1.4319878e+02   1.3144876e+02
   1.8200000e+02  -1.7321159e+02   2.1300000e+02  -1.6442246e+01  -1.9551275e+01  -1.4152992e+02   1.2815947e+02
   1.8200000e+02  -1.7394180e+02   2.1300000e+02  -1.5009441e+01  -1.6546744e+01  -1.3976836e+02   1.2509604e+02
   1.8200000e+02  -1.7514947e+02   2.1300000e+02  -1.5259316e+01  -1.3615985e+01  -1.3833927e+02   1.2245680e+02
   1.8200000e+02  -1.7728907e+02   2.1300000e+02  -1.5473926e+01  -1.0759369e+01  -1.3683906e+02   1.1998598e+02
   1.8200000e+02  -1.7984191e+02   2.1300000e+02  -1.5585437e+01  -7.9972401e+00  -1.3517072e+02   1.1770665e+02
   1.8200000e+02  -1.8168407e+02   2.1300000e+02  -1.5639883e+01  -5.3185455e+00  -1.3335085e+02   1.1560260e+02
   1.8200000e+02  -1.8399984e+02   2.1300000e+02  -1.5706648e+01  -3.3650857e+00  -1.3111750e+02   1.1440238e+02
   1.8200000e+02  -1.8372957e+02   2.1300000e+02  -1.5787277e+01  -1.4062313e+00  -1.2885168e+02   1.1323419e+02
   1.8200000e+02  -1.8322600e+02   2.1300000e+02  -1.5862033e+01   5.4391458e-01  -1.2657354e+02   1.1202317e+02
   1.8200000e+02  -1.8314040e+02   2.1300000e+02  -1.5894389e+01   2.4352540e+00  -1.2429340e+02   1.1081685e+02
   1.8200000e+02  -1.8266849e+02   2.1300000e+02  -1.4597601e+01   3.4305467e+00  -1.2122033e+02   1.1085652e+02
   1.8200000e+02  -1.8122429e+02   2.1300000e+02  -1.2671880e+01   3.5692572e+00  -1.1754545e+02   1.1473165e+02
   1.8200000e+02  -1.7584030e+02   2.1300000e+02  -1.0490562e+01   7.7752073e-02  -1.1253494e+02   1.2276359e+02
   1.8200000e+02  -1.7573790e+02   2.1300000e+02  -1.0792786e+01  -7.3786167e+00  -1.0992203e+02   1.3228076e+02
   1.8200000e+02  -1.7450568e+02   2.1300000e+02  -1.3044280e+01  -1.6937163e+01  -1.0964762e+02   1.4281837e+02
   1.8200000e+02  -1.7320977e+02   2.1300000e+02  -1.6975800e+01  -2.7372843e+01  -1.1434733e+02   1.5326827e+02
   1.8200000e+02  -1.7217276e+02   2.1300000e+02  -2.1232825e+01  -3.8319539e+01  -1.2150645e+02   1.6416823e+02
   1.8200000e+02  -1.7518063e+02   2.1300000e+02  -2.4754385e+01  -4.8720844e+01  -1.2818483e+02   1.7335128e+02
   1.8200000e+02  -1.7653151e+02   2.1300000e+02  -2.8321996e+01  -5.7480918e+01  -1.3437793e+02   1.8020796e+02
   1.8200000e+02  -1.7780657e+02   2.1300000e+02  -3.1152398e+01  -6.4411251e+01  -1.3905237e+02   1.8475382e+02
   1.8200000e+02  -1.7826217e+02   2.1300000e+02  -3.4042681e+01  -6.9843137e+01  -1.4256122e+02   1.8858471e+02
   1.8200000e+02  -1.7928443e+02   2.1300000e+02  -3.7193058e+01  -7.4422114e+01  -1.4511803e+02   1.9156636e+02
   1.8200000e+02  -1.8083213e+02   2.1300000e+02  -4.1380659e+01  -7.7156193e+01  -1.4767763e+02   1.9368587e+02
   1.8200000e+02  -1.8151277e+02   2.1300000e+02  -4.6029279e+01  -7.9336035e+01  -1.5029008e+02   1.9668713e+02
   1.8200000e+02  -1.8255907e+02   2.1300000e+02  -5.1279436e+01  -8.0436964e+01  -1.5208145e+02   2.0021067e+02
   1.8200000e+02  -1.8334800e+02   2.1300000e+02  -5.7651751e+01  -7.9885912e+01  -1.5480937e+02   2.0280387e+02
   1.8200000e+02  -1.8241404e+02   2.1300000e+02  -6.2569949e+01  -7.9511398e+01  -1.5525166e+02   2.0485419e+02
   1.8200000e+02  -1.8197183e+02   2.1300000e+02  -6.5369959e+01  -8.0064099e+01  -1.5281279e+02   2.0474208e+02
   1.8200000e+02  -1.8190777e+02   2.1300000e+02  -6.8314415e+01  -7.9370961e+01  -1.5033072e+02   2.0363627e+02
   1.8200000e+02  -1.8178342e+02   2.1300000e+02  -7.0676441e+01  -7.8647805e+01  -1.4732626e+02   2.0250525e+02
   1.8200000e+02  -1.8081609e+02   2.1300000e+02  -7.2941847e+01  -7.7025452e+01  -1.4447847e+02   2.0021612e+02
   1.8200000e+02  -1.8017489e+02   2.1300000e+02  -7.3966609e+01  -7.3911717e+01  -1.4163454e+02   1.9766689e+02
   1.8200000e+02  -1.8014980e+02   2.1300000e+02  -7.3573294e+01  -7.0158671e+01  -1.3909425e+02   1.9492163e+02
   1.8200000e+02  -1.7939739e+02   2.1300000e+02  -7.2332719e+01  -6.5776225e+01  -1.3731065e+02   1.9084038e+02
   1.8200000e+02  -1.7841727e+02   2.1300000e+02  -6.9795462e+01  -6.0512842e+01  -1.3588474e+02   1.8641360e+02
   1.8200000e+02  -1.7754420e+02   2.1300000e+02  -6.5233842e+01  -5.5041302e+01  -1.3497743e+02   1.8081078e+02
   1.8200000e+02  -1.7678111e+02   2.1300000e+02  -6.0211916e+01  -5.0655025e+01  -1.3506717e+02   1.7545786e+02
   1.8200000e+02  -1.7570881e+02   2.1300000e+02  -5.5219963e+01  -4.6840454e+01  -1.3625219e+02   1.7137260e+02
   1.8200000e+02  -1.7536536e+02   2.1300000e+02  -4.9279345e+01  -4.3206480e+01  -1.3844212e+02   1.6690016e+02
   1.8200000e+02  -1.7421250e+02   2.1300000e+02  -4.3141916e+01  -4.0477715e+01  -1.4049637e+02   1.6140612e+02
   1.8200000e+02  -1.7373930e+02   2.1300000e+02  -3.6930996e+01  -3.7755777e+01  -1.4277929e+02   1.5691914e+02
   1.8200000e+02  -1.7414843e+02   2.1300000e+02  -3.0761718e+01  -3.5638212e+01  -1.4502892e+02   1.5248974e+02
   1.8200000e+02  -1.7388547e+02   2.1300000e+02  -2.5195987e+01  -3.3417828e+01  -1.4724581e+02   1.4907331e+02
   1.8200000e+02  -1.7331098e+02   2.1300000e+02  -2.1370815e+01  -3.2396787e+01  -1.4896848e+02   1.4551702e+02
   1.8200000e+02  -1.7383133e+02   2.1300000e+02  -1.8491326e+01  -3.0806632e+01  -1.4916681e+02   1.4191850e+02
   1.8200000e+02  -1.7195663e+02   2.1300000e+02  -1.6692887e+01  -2.9424523e+01  -1.4869965e+02   1.3842934e+02
   1.8200000e+02  -1.7293534e+02   2.1300000e+02  -1.5122694e+01  -2.7573860e+01  -1.4677974e+02   1.3419845e+02
   1.8200000e+02  -1.7357786e+02   2.1300000e+02  -1.4358225e+01  -2.4967895e+01  -1.4490161e+02   1.3029541e+02
   1.8200000e+02  -1.7487212e+02   2.1300000e+02  -1.3656589e+01  -2.2412672e+01  -1.4297428e+02   1.2662962e+02
   1.8200000e+02  -1.7789335e+02   2.1300000e+02  -1.3159757e+01  -1.9952877e+01  -1.4051883e+02   1.2400763e+02
   1.8200000e+02  -1.7977573e+02   2.1300000e+02  -1.2666126e+01  -1.7461562e+01  -1.3793630e+02   1.2137460e+02
   1.8200000e+02  -1.8443898e+02   2.1300000e+02  -1.2235001e+01  -1.5072959e+01  -1.3538800e+02   1.1876613e+02
   1.8200000e+02  -1.8450150e+02   2.1300000e+02  -1.1345270e+01  -1.3286173e+01  -1.3211228e+02   1.1727712e+02
   1.8200000e+02  -1.8390229e+02   2.1300000e+02  -9.7941632e+00  -1.1572693e+01  -1.2792110e+02   1.1571411e+02
   1.8200000e+02  -1.7941652e+02   2.1300000e+02  -7.7287602e+00  -1.0505819e+01  -1.2294716e+02   1.1785936e+02
   1.8200000e+02  -1.7570875e+02   2.1300000e+02  -5.5909810e+00  -1.0547749e+01  -1.1734997e+02   1.2461558e+02
   1.8200000e+02  -1.7533038e+02   2.1300000e+02  -5.6504223e+00  -1.4670018e+01  -1.1358268e+02   1.3289653e+02
   1.8200000e+02  -1.7382392e+02   2.1300000e+02  -7.1178344e+00  -2.1169047e+01  -1.1125921e+02   1.4346749e+02
   1.8200000e+02  -1.7147452e+02   2.1300000e+02  -1.2133442e+01  -2.8878773e+01  -1.1532539e+02   1.5427974e+02
   1.8200000e+02  -1.7014308e+02   2.1300000e+02  -1.7022036e+01  -3.9747463e+01  -1.2262267e+02   1.6462110e+02
   1.8200000e+02  -1.7374275e+02   2.1300000e+02  -1.9547369e+01  -5.0063205e+01  -1.2860322e+02   1.7241625e+02
   1.8200000e+02  -1.7625921e+02   2.1300000e+02  -2.2592749e+01  -5.8627035e+01  -1.3445359e+02   1.7848300e+02
   1.8200000e+02  -1.7973762e+02   2.1300000e+02  -2.4991916e+01  -6.5711776e+01  -1.3899757e+02   1.8161831e+02
   1.8200000e+02  -1.7953034e+02   2.1300000e+02  -2.7937318e+01  -7.1193765e+01  -1.4255550e+02   1.8451122e+02
   1.8200000e+02  -1.7928737e+02   2.1300000e+02  -3.1396602e+01  -7.4685965e+01  -1.4563086e+02   1.8786608e+02
   1.8200000e+02  -1.7925159e+02   2.1300000e+02  -3.5790428e+01  -7.6738651e+01  -1.4922681e+02   1.9126123e+02
   1.8200000e+02  -1.7946150e+02   2.1300000e+02  -4.0125287e+01  -7.8247444e+01  -1.5223857e+02   1.9401022e+02
   1.8200000e+02  -1.7947427e+02   2.1300000e+02  -4.5084314e+01  -7.9087616e+01  -1.5526500e+02   1.9672583e+02
   1.8200000e+02  -1.8034926e+02   2.1300000e+02  -5.0922147e+01  -7.8557429e+01  -1.5845879e+02   1.9950747e+02
   1.8200000e+02  -1.8069719e+02   2.1300000e+02  -5.6007882e+01  -7.7262322e+01  -1.6061321e+02   2.0103390e+02
   1.8200000e+02  -1.7926611e+02   2.1300000e+02  -5.8035316e+01  -7.7032564e+01  -1.5901049e+02   2.0072839e+02
   1.8200000e+02  -1.7841571e+02   2.1300000e+02  -5.9150780e+01  -7.7017398e+01  -1.5658039e+02   1.9965333e+02
   1.8200000e+02  -1.7735831e+02   2.1300000e+02  -6.0056179e+01  -7.5426145e+01  -1.5441182e+02   1.9664566e+02
   1.8200000e+02  -1.7638626e+02   2.1300000e+02  -5.9347334e+01  -7.1927041e+01  -1.5242792e+02   1.9278383e+02
   1.8200000e+02  -1.7596418e+02   2.1300000e+02  -5.7085903e+01  -6.7843176e+01  -1.5083169e+02   1.8920725e+02
   1.8200000e+02  -1.7601709e+02   2.1300000e+02  -5.3606389e+01  -6.2598140e+01  -1.4996543e+02   1.8495507e+02
   1.8200000e+02  -1.7494610e+02   2.1300000e+02  -5.0155353e+01  -5.8153609e+01  -1.5005471e+02   1.8050931e+02
   1.8200000e+02  -1.7311832e+02   2.1300000e+02  -4.5623408e+01  -5.3865989e+01  -1.5064054e+02   1.7491755e+02
   1.8200000e+02  -1.7254591e+02   2.1300000e+02  -4.0465652e+01  -5.0294488e+01  -1.5188477e+02   1.7017662e+02
   1.8200000e+02  -1.7137130e+02   2.1300000e+02  -3.4444832e+01  -4.6071346e+01  -1.5322581e+02   1.6579378e+02
   1.8200000e+02  -1.7196598e+02   2.1300000e+02  -2.7665592e+01  -4.2401346e+01  -1.5443425e+02   1.6047277e+02
   1.8200000e+02  -1.7174865e+02   2.1300000e+02  -2.1394496e+01  -3.8461768e+01  -1.5604140e+02   1.5496546e+02
   1.8200000e+02  -1.7173040e+02   2.1300000e+02  -1.5959697e+01  -3.6374222e+01  -1.5780398e+02   1.5120212e+02
   1.8200000e+02  -1.7050264e+02   2.1300000e+02  -1.1806286e+01  -3.4362932e+01  -1.5965876e+02   1.4712131e+02
   1.8200000e+02  -1.6983099e+02   2.1300000e+02  -8.5689024e+00  -3.2568927e+01  -1.6031484e+02   1.4271072e+02
   1.8200000e+02  -1.6997790e+02   2.1300000e+02  -6.8001421e+00  -3.0326228e+01  -1.5903385e+02   1.3811230e+02
   1.8200000e+02  -1.7150994e+02   2.1300000e+02  -5.6572705e+00  -2.8029120e+01  -1.5759372e+02   1.3530747e+02
   1.8200000e+02  -1.7308973e+02   2.1300000e+02  -5.5524472e+00  -2.5531231e+01  -1.5492069e+02   1.3281615e+02
   1.8200000e+02  -1.7358033e+02   2.1300000e+02  -5.9341257e+00  -2.2864769e+01  -1.5220175e+02   1.2986156e+02
   1.8200000e+02  -1.7570275e+02   2.1300000e+02  -6.4947366e+00  -2.0254827e+01  -1.4960414e+02   1.2697596e+02
   1.8200000e+02  -1.7576521e+02   2.1300000e+02  -6.9157330e+00  -1.7504840e+01  -1.4682484e+02   1.2451218e+02
   1.8200000e+02  -1.7609407e+02   2.1300000e+02  -7.7117179e+00  -1.4726688e+01  -1.4431201e+02   1.2210737e+02
   1.8200000e+02  -1.7816617e+02   2.1300000e+02  -8.6557901e+00  -1.1991163e+01  -1.4193363e+02   1.1969643e+02
   1.8200000e+02  -1.7773036e+02   2.1300000e+02  -9.5394686e+00  -9.1815349e+00  -1.3944796e+02   1.1752148e+02
   1.8200000e+02  -1.8038366e+02   2.1300000e+02  -1.0554228e+01  -6.4879249e+00  -1.3709758e+02   1.1537316e+02
   1.8200000e+02  -1.8237504e+02   2.1300000e+02  -1.1533067e+01  -3.8873775e+00  -1.3473539e+02   1.1339850e+02
   1.8200000e+02  -1.8321575e+02   2.1300000e+02  -1.2486364e+01  -1.3927569e+00  -1.3236457e+02   1.1161600e+02
   1.8200000e+02  -1.8491291e+02   2.1300000e+02  -1.3440345e+01   9.7495395e-01  -1.3002091e+02   1.0996968e+02
   1.8200000e+02  -1.8405098e+02   2.1300000e+02  -1.4297775e+01   3.2159279e+00  -1.2761929e+02   1.0844313e+02
   1.8200000e+02  -1.8375481e+02   2.1300000e+02  -1.3292715e+01   4.1230566e+00  -1.2433413e+02   1.0776394e+02
   1.8200000e+02  -1.8004357e+02   2.1300000e+02  -1.1372834e+01   4.4172867e+00  -1.1993848e+02   1.1094670e+02
   1.8200000e+02  -1.7677381e+02   2.1300000e+02  -8.4095727e+00  -4.9012738e-01  -1.1340051e+02   1.1906575e+02
   1.8200000e+02  -1.7580011e+02   2.1300000e+02  -7.3665102e+00  -7.3751736e+00  -1.0829746e+02   1.2878869e+02
   1.8200000e+02  -1.7536610e+02   2.1300000e+02  -9.6929206e+00  -1.6142573e+01  -1.0661014e+02   1.3938031e+02
   1.8200000e+02  -1.7423678e+02   2.1300000e+02  -1.4212042e+01  -2.6903686e+01  -1.0917153e+02   1.5048835e+02
   1.8200000e+02  -1.7393930e+02   2.1300000e+02  -1.7949740e+01  -3.8337983e+01  -1.1496886e+02   1.6090569e+02
   1.8200000e+02  -1.7749498e+02   2.1300000e+02  -2.1165090e+01  -4.9388257e+01  -1.2053191e+02   1.6902615e+02
   1.8200000e+02  -1.7698534e+02   2.1300000e+02  -2.5388022e+01  -5.7821280e+01  -1.2662779e+02   1.7770762e+02
   1.8200000e+02  -1.7996962e+02   2.1300000e+02  -2.8518532e+01  -6.4405720e+01  -1.3145031e+02   1.8310912e+02
   1.8200000e+02  -1.7913345e+02   2.1300000e+02  -3.2522166e+01  -6.9682447e+01  -1.3602411e+02   1.8755365e+02
   1.8200000e+02  -1.7871685e+02   2.1300000e+02  -3.6215464e+01  -7.3208830e+01  -1.3929843e+02   1.9078344e+02
   1.8200000e+02  -1.7804197e+02   2.1300000e+02  -4.0648698e+01  -7.5835946e+01  -1.4278979e+02   1.9449959e+02
   1.8200000e+02  -1.7788795e+02   2.1300000e+02  -4.5134096e+01  -7.7642667e+01  -1.4549609e+02   1.9675158e+02
   1.8200000e+02  -1.7840084e+02   2.1300000e+02  -5.0607378e+01  -7.8127716e+01  -1.4897846e+02   2.0023537e+02
   1.8200000e+02  -1.7896158e+02   2.1300000e+02  -5.6619935e+01  -7.7117077e+01  -1.5296936e+02   2.0490529e+02
   1.8200000e+02  -1.7944438e+02   2.1300000e+02  -6.1199055e+01  -7.6495258e+01  -1.5502791e+02   2.0701315e+02
   1.8200000e+02  -1.7839366e+02   2.1300000e+02  -6.3074868e+01  -7.6455446e+01  -1.5373117e+02   2.0664588e+02
   1.8200000e+02  -1.7783520e+02   2.1300000e+02  -6.3427281e+01  -7.5419488e+01  -1.5158424e+02   2.0437544e+02
   1.8200000e+02  -1.7736808e+02   2.1300000e+02  -6.3225117e+01  -7.3150634e+01  -1.4982169e+02   2.0245974e+02
   1.8200000e+02  -1.7715297e+02   2.1300000e+02  -6.1835317e+01  -6.9518760e+01  -1.4858746e+02   1.9944125e+02
   1.8200000e+02  -1.7681760e+02   2.1300000e+02  -6.0522853e+01  -6.5686120e+01  -1.4781888e+02   1.9653969e+02
   1.8200000e+02  -1.7658086e+02   2.1300000e+02  -5.7097432e+01  -6.1111092e+01  -1.4750359e+02   1.9205903e+02
   1.8200000e+02  -1.7574374e+02   2.1300000e+02  -5.3393851e+01  -5.6375988e+01  -1.4731533e+02   1.8763714e+02
   1.8200000e+02  -1.7542855e+02   2.1300000e+02  -4.8997532e+01  -5.2267298e+01  -1.4750189e+02   1.8170626e+02
   1.8200000e+02  -1.7433031e+02   2.1300000e+02  -4.4131837e+01  -4.8626012e+01  -1.4879180e+02   1.7743481e+02
   1.8200000e+02  -1.7361151e+02   2.1300000e+02  -3.8470236e+01  -4.5353677e+01  -1.5014192e+02   1.7217082e+02
   1.8200000e+02  -1.7478512e+02   2.1300000e+02  -3.1542785e+01  -4.1448551e+01  -1.5127075e+02   1.6583945e+02
   1.8200000e+02  -1.7503839e+02   2.1300000e+02  -2.5120991e+01  -3.7640073e+01  -1.5280552e+02   1.6123661e+02
   1.8200000e+02  -1.7417431e+02   2.1300000e+02  -1.9754951e+01  -3.5325568e+01  -1.5522359e+02   1.5567013e+02
   1.8200000e+02  -1.7241748e+02   2.1300000e+02  -1.5170061e+01  -3.3785053e+01  -1.5682515e+02   1.5065387e+02
   1.8200000e+02  -1.7146588e+02   2.1300000e+02  -1.2205285e+01  -3.1750712e+01  -1.5682090e+02   1.4551841e+02
   1.8200000e+02  -1.7294619e+02   2.1300000e+02  -9.9358916e+00  -2.9546947e+01  -1.5524909e+02   1.4058298e+02
   1.8200000e+02  -1.7447140e+02   2.1300000e+02  -8.1022464e+00  -2.7542834e+01  -1.5330078e+02   1.3723656e+02
   1.8200000e+02  -1.7420392e+02   2.1300000e+02  -7.2479192e+00  -2.4959422e+01  -1.5128879e+02   1.3333024e+02
   1.8200000e+02  -1.7618077e+02   2.1300000e+02  -7.0660533e+00  -2.2388303e+01  -1.4824964e+02   1.2941365e+02
   1.8200000e+02  -1.7653037e+02   2.1300000e+02  -6.9020455e+00  -1.9671608e+01  -1.4511109e+02   1.2580591e+02
   1.8200000e+02  -1.7754576e+02   2.1300000e+02  -7.9932104e+00  -1.7100042e+01  -1.4276202e+02   1.2196998e+02
   1.8200000e+02  -1.8241281e+02   2.1300000e+02  -9.0621000e+00  -1.5075891e+01  -1.4050702e+02   1.1948716e+02
   1.8200000e+02  -1.8518141e+02   2.1300000e+02  -9.9963309e+00  -1.3042186e+01  -1.3808851e+02   1.1693054e+02
   1.8200000e+02  -1.8599813e+02   2.1300000e+02  -1.0699515e+01  -1.0952532e+01  -1.3541876e+02   1.1433423e+02
   1.8200000e+02  -1.8681485e+02   2.1300000e+02  -1.1402699e+01  -8.8628774e+00  -1.3274902e+02   1.1173792e+02
   1.8200000e+02  -1.8763156e+02   2.1300000e+02  -1.2105883e+01  -6.7732230e+00  -1.3007927e+02   1.0914161e+02
   1.8200000e+02  -1.8701571e+02   2.1300000e+02  -1.2833721e+01  -4.7743976e+00  -1.2743050e+02   1.0652981e+02
   1.8200000e+02  -1.8777639e+02   2.1300000e+02  -1.3591842e+01  -2.8792374e+00  -1.2485924e+02   1.0391291e+02
   1.8200000e+02  -1.8556965e+02   2.1300000e+02  -1.3928161e+01  -1.8779907e+00  -1.2264372e+02   1.0135303e+02
   1.8200000e+02  -1.8809700e+02   2.1300000e+02  -1.4234173e+01  -9.1793481e-01  -1.2045505e+02   9.8841702e+01
   1.8200000e+02  -1.8881424e+02   2.1300000e+02  -1.3733419e+01  -4.7656114e-01  -1.1809653e+02   9.9013659e+01
   1.8200000e+02  -1.8239016e+02   2.1300000e+02  -1.2595942e+01  -1.8577729e-01  -1.1380904e+02   1.0603796e+02
   1.8200000e+02  -1.7772854e+02   2.1300000e+02  -1.1825661e+01  -3.4014291e+00  -1.0865858e+02   1.1385536e+02
   1.8200000e+02  -1.7574931e+02   2.1300000e+02  -1.2390847e+01  -9.6940587e+00  -1.0520008e+02   1.2302780e+02
   1.8200000e+02  -1.7347666e+02   2.1300000e+02  -1.5381219e+01  -1.8067127e+01  -1.0447222e+02   1.3375279e+02
   1.8200000e+02  -1.7248664e+02   2.1300000e+02  -1.8567120e+01  -2.7821306e+01  -1.0722984e+02   1.4421498e+02
   1.8200000e+02  -1.7125300e+02   2.1300000e+02  -2.1704483e+01  -3.7750542e+01  -1.1240981e+02   1.5385765e+02
   1.8200000e+02  -1.7067249e+02   2.1300000e+02  -2.3369189e+01  -4.5594076e+01  -1.1993597e+02   1.6332958e+02
   1.8200000e+02  -1.7446847e+02   2.1300000e+02  -2.3393068e+01  -5.2652458e+01  -1.2577677e+02   1.7091133e+02
   1.8200000e+02  -1.7598905e+02   2.1300000e+02  -2.5354761e+01  -5.8629538e+01  -1.3068278e+02   1.7825758e+02
   1.8200000e+02  -1.7793057e+02   2.1300000e+02  -2.8375629e+01  -6.4721809e+01  -1.3579183e+02   1.8356479e+02
   1.8200000e+02  -1.7869608e+02   2.1300000e+02  -3.2045784e+01  -6.9465430e+01  -1.4011648e+02   1.8663207e+02
   1.8200000e+02  -1.7806832e+02   2.1300000e+02  -3.5885843e+01  -7.2284809e+01  -1.4343280e+02   1.8932010e+02
   1.8200000e+02  -1.7744605e+02   2.1300000e+02  -4.0406463e+01  -7.4179129e+01  -1.4713167e+02   1.9220798e+02
   1.8200000e+02  -1.7745419e+02   2.1300000e+02  -4.5635967e+01  -7.4715016e+01  -1.5083645e+02   1.9551735e+02
   1.8200000e+02  -1.7736720e+02   2.1300000e+02  -5.1693533e+01  -7.4269855e+01  -1.5528730e+02   1.9967567e+02
   1.8200000e+02  -1.7822142e+02   2.1300000e+02  -5.5726344e+01  -7.3192752e+01  -1.5727631e+02   2.0239324e+02
   1.8200000e+02  -1.7762823e+02   2.1300000e+02  -5.6833280e+01  -7.3055904e+01  -1.5606088e+02   2.0176785e+02
   1.8200000e+02  -1.7652768e+02   2.1300000e+02  -5.7219693e+01  -7.2003173e+01  -1.5456733e+02   1.9969809e+02
   1.8200000e+02  -1.7550097e+02   2.1300000e+02  -5.6465212e+01  -6.9482591e+01  -1.5340287e+02   1.9631359e+02
   1.8200000e+02  -1.7568218e+02   2.1300000e+02  -5.4285076e+01  -6.6167001e+01  -1.5234718e+02   1.9319136e+02
   1.8200000e+02  -1.7532723e+02   2.1300000e+02  -5.1423779e+01  -6.2424507e+01  -1.5161640e+02   1.8878290e+02
   1.8200000e+02  -1.7491779e+02   2.1300000e+02  -4.6908178e+01  -5.7470874e+01  -1.5140316e+02   1.8342613e+02
   1.8200000e+02  -1.7587881e+02   2.1300000e+02  -4.1132443e+01  -5.2441220e+01  -1.5189989e+02   1.7802747e+02
   1.8200000e+02  -1.7500005e+02   2.1300000e+02  -3.5717300e+01  -4.8807961e+01  -1.5283823e+02   1.7263398e+02
   1.8200000e+02  -1.7467793e+02   2.1300000e+02  -3.0354318e+01  -4.5587772e+01  -1.5471659e+02   1.6850560e+02
   1.8200000e+02  -1.7559938e+02   2.1300000e+02  -2.3962170e+01  -4.2559408e+01  -1.5642396e+02   1.6380018e+02
   1.8200000e+02  -1.7626058e+02   2.1300000e+02  -1.7662771e+01  -3.9655880e+01  -1.5817121e+02   1.5843338e+02
   1.8200000e+02  -1.7711457e+02   2.1300000e+02  -1.2653324e+01  -3.7455997e+01  -1.5905024e+02   1.5338406e+02
   1.8200000e+02  -1.7663181e+02   2.1300000e+02  -8.6205562e+00  -3.4799607e+01  -1.6045924e+02   1.5016496e+02
   1.8200000e+02  -1.7555610e+02   2.1300000e+02  -5.2554052e+00  -3.3496435e+01  -1.6138956e+02   1.4560282e+02
   1.8200000e+02  -1.7533699e+02   2.1300000e+02  -2.9809002e+00  -3.1115913e+01  -1.6094410e+02   1.4125112e+02
   1.8200000e+02  -1.7619200e+02   2.1300000e+02  -1.7779855e+00  -3.0213731e+01  -1.5989950e+02   1.3577421e+02
   1.8200000e+02  -1.7792069e+02   2.1300000e+02  -9.8252385e-01  -2.9123474e+01  -1.5787119e+02   1.3240328e+02
   1.8200000e+02  -1.7884966e+02   2.1300000e+02  -1.4784424e+00  -2.7241236e+01  -1.5521958e+02   1.2886927e+02
   1.8200000e+02  -1.7730106e+02   2.1300000e+02  -2.5716421e+00  -2.4998555e+01  -1.5264127e+02   1.2613490e+02
   1.8200000e+02  -1.7705974e+02   2.1300000e+02  -3.7822310e+00  -2.2951383e+01  -1.5007772e+02   1.2329825e+02
   1.8200000e+02  -1.7875711e+02   2.1300000e+02  -5.0498150e+00  -2.1031374e+01  -1.4752397e+02   1.2028198e+02
   1.8200000e+02  -1.7955332e+02   2.1300000e+02  -6.1538506e+00  -1.9105490e+01  -1.4478301e+02   1.1757498e+02
   1.8200000e+02  -1.8004304e+02   2.1300000e+02  -7.1427306e+00  -1.7316324e+01  -1.4198203e+02   1.1542048e+02
   1.8200000e+02  -1.8186737e+02   2.1300000e+02  -8.1725350e+00  -1.5618766e+01  -1.3927725e+02   1.1334163e+02
   1.8200000e+02  -1.8421284e+02   2.1300000e+02  -9.2006633e+00  -1.3939043e+01  -1.3660823e+02   1.1130976e+02
   1.8200000e+02  -1.8807751e+02   2.1300000e+02  -1.0201977e+01  -1.2309806e+01  -1.3401993e+02   1.0934555e+02
