   1.6930356e+02  -1.7580755e+02   1.8193973e+02  -1.3036447e+01  -8.2382156e+01  -1.2231249e+02   1.5419344e+02
   1.7334465e+02  -1.7670943e+02   1.9182393e+02  -1.4738410e+01  -7.0974176e+01  -1.3627173e+02   1.6094035e+02
   1.7738575e+02  -1.7761131e+02   2.0170812e+02  -1.6440373e+01  -5.9566195e+01  -1.5023097e+02   1.6768725e+02
   1.8142684e+02  -1.7851319e+02   2.1159231e+02  -1.8142336e+01  -4.8158215e+01  -1.6419021e+02   1.7443416e+02
   1.9354830e+02  -1.6663116e+02   2.1300000e+02  -5.2264257e+00  -4.2000000e+01  -1.7300000e+02   1.8279167e+02
   2.0263353e+02  -1.6214382e+02   2.1300000e+02   7.4950457e+00  -4.2000000e+01  -1.7300000e+02   1.8918456e+02
   2.0544917e+02  -1.6156895e+02   2.1300000e+02   1.3064367e+01  -4.2000000e+01  -1.7300000e+02   1.8943294e+02
   2.0929043e+02  -1.5665569e+02   2.1300000e+02   3.6213407e+00  -4.2000000e+01  -1.7300000e+02   1.9265541e+02
   2.1177786e+02  -1.5395619e+02   2.1300000e+02  -6.9452808e+00  -4.2000000e+01  -1.7300000e+02   1.9514069e+02
   2.1428498e+02  -1.5118461e+02   2.1300000e+02  -1.7562623e+01  -4.2000000e+01  -1.7300000e+02   1.9935279e+02
   2.1567177e+02  -1.5015892e+02   2.1300000e+02  -2.7721355e+01  -4.2000000e+01  -1.7300000e+02   2.0355621e+02
   2.1396069e+02  -1.5268520e+02   2.1300000e+02  -3.8194034e+01  -4.2000000e+01  -1.7300000e+02   2.0717503e+02
   2.0852882e+02  -1.5646281e+02   2.1300000e+02  -4.8353482e+01  -4.2000000e+01  -1.7300000e+02   2.1066664e+02
   2.0675006e+02  -1.5743750e+02   2.1300000e+02  -5.3789948e+01  -4.2000000e+01  -1.7300000e+02   2.1130637e+02
   2.0466569e+02  -1.5976109e+02   2.1300000e+02  -4.9584097e+01  -4.2000000e+01  -1.7300000e+02   2.0768196e+02
   2.0297992e+02  -1.5979359e+02   2.1300000e+02  -4.5265285e+01  -4.2000000e+01  -1.7300000e+02   2.0202395e+02
   2.0049012e+02  -1.6137855e+02   2.1300000e+02  -3.9860215e+01  -4.2000000e+01  -1.7300000e+02   1.9508654e+02
   1.9779217e+02  -1.6300262e+02   2.1300000e+02  -3.4644917e+01  -4.2000000e+01  -1.7300000e+02   1.8811709e+02
   1.9510171e+02  -1.6551650e+02   2.1300000e+02  -2.9357412e+01  -4.2000000e+01  -1.7300000e+02   1.8173224e+02
   1.9218549e+02  -1.6814680e+02   2.1300000e+02  -2.3656143e+01  -4.2000000e+01  -1.7300000e+02   1.7589430e+02
   1.8870551e+02  -1.7090490e+02   2.1300000e+02  -1.7740774e+01  -4.2000000e+01  -1.7300000e+02   1.7058426e+02
   1.8658868e+02  -1.7162992e+02   2.1300000e+02  -1.2703146e+01  -4.2000000e+01  -1.7300000e+02   1.6503715e+02
   1.8350237e+02  -1.7331545e+02   2.1300000e+02  -6.7728743e+00  -4.2000000e+01  -1.7300000e+02   1.6091943e+02
   1.8004633e+02  -1.7704776e+02   2.1300000e+02   4.9344751e-01  -4.2000000e+01  -1.7300000e+02   1.5622837e+02
   1.7569167e+02  -1.7962098e+02   2.1300000e+02   6.8308833e+00  -4.2000000e+01  -1.7300000e+02   1.5159472e+02
   1.7332738e+02  -1.7968560e+02   2.1300000e+02   1.1407522e+01  -4.2000000e+01  -1.7300000e+02   1.4752260e+02
   1.7023428e+02  -1.8023202e+02   2.1300000e+02   1.6038821e+01  -4.2000000e+01  -1.7300000e+02   1.4357087e+02
   1.6419065e+02  -1.8502553e+02   2.1300000e+02   2.3017772e+01  -4.2000000e+01  -1.7300000e+02   1.3994634e+02
   1.6066456e+02  -1.8882074e+02   2.1300000e+02   2.8925146e+01  -4.2000000e+01  -1.7300000e+02   1.3849154e+02
   1.5673264e+02  -1.8965105e+02   2.1300000e+02   3.3046207e+01  -4.2000000e+01  -1.7300000e+02   1.3705572e+02
   1.5302330e+02  -1.9530872e+02   2.1300000e+02   3.8110131e+01  -4.2000000e+01  -1.7300000e+02   1.3397000e+02
   1.4824435e+02  -1.9987020e+02   2.1300000e+02   4.3102590e+01  -4.2000000e+01  -1.7300000e+02   1.3106038e+02
   1.4419064e+02  -2.0442144e+02   2.1300000e+02   4.6448305e+01  -4.2000000e+01  -1.7300000e+02   1.2795637e+02
   1.4083182e+02  -2.1214301e+02   2.1300000e+02   5.0724258e+01  -4.2000000e+01  -1.7300000e+02   1.2391862e+02
   1.3947749e+02  -2.1428908e+02   2.1300000e+02   5.4160543e+01  -4.2000000e+01  -1.7300000e+02   1.1914776e+02
   1.3716081e+02  -2.1706452e+02   2.1300000e+02   5.7402501e+01  -4.2000000e+01  -1.7300000e+02   1.1636526e+02
   1.3645077e+02  -2.1895467e+02   2.1300000e+02   5.9860161e+01  -4.2000000e+01  -1.7300000e+02   1.1094150e+02
   1.3768070e+02  -2.1601472e+02   2.1300000e+02   6.0936894e+01  -4.2000000e+01  -1.7300000e+02   1.0596680e+02
   1.3823609e+02  -2.1225459e+02   2.1300000e+02   6.1338325e+01  -4.2000000e+01  -1.7300000e+02   1.0326915e+02
   1.3938234e+02  -2.1167669e+02   2.1300000e+02   6.1157680e+01  -4.2000000e+01  -1.7300000e+02   1.0203463e+02
   1.4743739e+02  -2.0823553e+02   2.1300000e+02   6.1527385e+01  -4.2000000e+01  -1.7300000e+02   1.0185668e+02
   1.5155316e+02  -2.0349263e+02   2.1300000e+02   6.1176639e+01  -4.2000000e+01  -1.7300000e+02   1.0681535e+02
   1.5563441e+02  -1.9937541e+02   2.1300000e+02   6.3933754e+01  -4.2000000e+01  -1.7300000e+02   1.1439275e+02
   1.6022188e+02  -1.9479765e+02   2.1300000e+02   6.8396773e+01  -4.2000000e+01  -1.7300000e+02   1.2484278e+02
   1.6440690e+02  -1.9128554e+02   2.1300000e+02   6.8682182e+01  -4.2000000e+01  -1.7300000e+02   1.3559362e+02
   1.7106994e+02  -1.8484914e+02   2.1300000e+02   6.5199807e+01  -4.2000000e+01  -1.7300000e+02   1.4642848e+02
   1.7668451e+02  -1.7864942e+02   2.1300000e+02   5.6939641e+01  -4.2000000e+01  -1.7300000e+02   1.5694422e+02
   1.8189275e+02  -1.7351188e+02   2.1300000e+02   4.6642889e+01  -4.2000000e+01  -1.7300000e+02   1.6704614e+02
   1.8998054e+02  -1.7149077e+02   2.1300000e+02   3.6370533e+01  -4.2000000e+01  -1.7300000e+02   1.7220526e+02
   1.9740542e+02  -1.7088188e+02   2.1300000e+02   2.7001835e+01  -4.2000000e+01  -1.7300000e+02   1.7395199e+02
   2.0399808e+02  -1.6399086e+02   2.1300000e+02   1.6488799e+01  -4.2000000e+01  -1.7300000e+02   1.7808634e+02
   2.0972995e+02  -1.5884826e+02   2.1300000e+02   5.9815380e+00  -4.2000000e+01  -1.7300000e+02   1.8193863e+02
   2.1434312e+02  -1.5472747e+02   2.1300000e+02  -5.0327697e+00  -4.2000000e+01  -1.7300000e+02   1.8638853e+02
   2.1754432e+02  -1.5173187e+02   2.1300000e+02  -1.5684624e+01  -4.2000000e+01  -1.7300000e+02   1.9173047e+02
   2.1936755e+02  -1.4942323e+02   2.1300000e+02  -2.6098817e+01  -4.2000000e+01  -1.7300000e+02   1.9754588e+02
   2.1846524e+02  -1.4933963e+02   2.1300000e+02  -3.6541468e+01  -4.2000000e+01  -1.7300000e+02   2.0303346e+02
   2.1412063e+02  -1.5390503e+02   2.1300000e+02  -4.6966031e+01  -4.2000000e+01  -1.7300000e+02   2.0765699e+02
   2.0936968e+02  -1.5746484e+02   2.1300000e+02  -5.4847212e+01  -4.2000000e+01  -1.7300000e+02   2.0770505e+02
   2.0803663e+02  -1.5800738e+02   2.1300000e+02  -5.3742253e+01  -4.2000000e+01  -1.7300000e+02   2.0503356e+02
   2.0641557e+02  -1.5840735e+02   2.1300000e+02  -5.0359123e+01  -4.2000000e+01  -1.7300000e+02   2.0053221e+02
   2.0459874e+02  -1.6047394e+02   2.1300000e+02  -4.6016264e+01  -4.2000000e+01  -1.7300000e+02   1.9405981e+02
   2.0196177e+02  -1.6136457e+02   2.1300000e+02  -4.0480028e+01  -4.2000000e+01  -1.7300000e+02   1.8657243e+02
   1.9876074e+02  -1.6538418e+02   2.1300000e+02  -3.3713932e+01  -4.2000000e+01  -1.7300000e+02   1.7962630e+02
   1.9579795e+02  -1.6753569e+02   2.1300000e+02  -2.7754578e+01  -4.2000000e+01  -1.7300000e+02   1.7340963e+02
   1.9347467e+02  -1.6937324e+02   2.1300000e+02  -2.2881871e+01  -4.2000000e+01  -1.7300000e+02   1.6844096e+02
   1.9071948e+02  -1.7081367e+02   2.1300000e+02  -1.7930299e+01  -4.2000000e+01  -1.7300000e+02   1.6359424e+02
   1.8757742e+02  -1.7386508e+02   2.1300000e+02  -1.2207524e+01  -4.2000000e+01  -1.7300000e+02   1.5927930e+02
   1.8418681e+02  -1.7606903e+02   2.1300000e+02  -6.8719410e+00  -4.2000000e+01  -1.7300000e+02   1.5536736e+02
   1.8024927e+02  -1.7958501e+02   2.1300000e+02   3.1239841e-01  -4.2000000e+01  -1.7300000e+02   1.5038356e+02
   1.7686037e+02  -1.8209323e+02   2.1300000e+02   5.8642370e+00  -4.2000000e+01  -1.7300000e+02   1.4824010e+02
   1.7545007e+02  -1.8031229e+02   2.1300000e+02   9.9956552e+00  -4.2000000e+01  -1.7300000e+02   1.4436258e+02
   1.7112303e+02  -1.8303241e+02   2.1300000e+02   1.5425681e+01  -4.2000000e+01  -1.7300000e+02   1.4056354e+02
   1.6689246e+02  -1.8741714e+02   2.1300000e+02   2.1601575e+01  -4.2000000e+01  -1.7300000e+02   1.3847948e+02
   1.6249571e+02  -1.9157239e+02   2.1300000e+02   2.7796430e+01  -4.2000000e+01  -1.7300000e+02   1.3643150e+02
   1.5899702e+02  -1.9319550e+02   2.1300000e+02   3.2550831e+01  -4.2000000e+01  -1.7300000e+02   1.3284780e+02
   1.5366980e+02  -1.9693970e+02   2.1300000e+02   3.7576521e+01  -4.2000000e+01  -1.7300000e+02   1.3191707e+02
   1.4905795e+02  -2.0178274e+02   2.1300000e+02   4.1766778e+01  -4.2000000e+01  -1.7300000e+02   1.2866505e+02
   1.4576886e+02  -2.0501050e+02   2.1300000e+02   4.4217941e+01  -4.2000000e+01  -1.7300000e+02   1.2519598e+02
   1.4214252e+02  -2.0790101e+02   2.1300000e+02   4.6788958e+01  -4.2000000e+01  -1.7300000e+02   1.2223704e+02
   1.3963549e+02  -2.1128809e+02   2.1300000e+02   5.0136084e+01  -4.2000000e+01  -1.7300000e+02   1.1835257e+02
   1.3839636e+02  -2.1567523e+02   2.1300000e+02   5.3708212e+01  -4.2000000e+01  -1.7300000e+02   1.1339262e+02
   1.3712491e+02  -2.1455756e+02   2.1300000e+02   5.6009673e+01  -4.2000000e+01  -1.7300000e+02   1.0872040e+02
   1.3705304e+02  -2.1374537e+02   2.1300000e+02   5.8479008e+01  -4.2000000e+01  -1.7300000e+02   1.0495858e+02
   1.3668054e+02  -2.1356170e+02   2.1300000e+02   6.0317973e+01  -4.2000000e+01  -1.7300000e+02   1.0194176e+02
   1.3725178e+02  -2.1116875e+02   2.1300000e+02   6.0357130e+01  -4.2000000e+01  -1.7300000e+02   1.0038521e+02
   1.3667420e+02  -2.1046723e+02   2.1300000e+02   5.9853437e+01  -4.2000000e+01  -1.7300000e+02   9.9712424e+01
   1.3577493e+02  -2.1079089e+02   2.1300000e+02   5.9271735e+01  -4.2000000e+01  -1.7300000e+02   9.9085995e+01
   1.3520561e+02  -2.1093056e+02   2.1300000e+02   5.8722799e+01  -4.2000000e+01  -1.7300000e+02   9.8655051e+01
   1.3589880e+02  -2.0956126e+02   2.1300000e+02   5.8477317e+01  -4.2000000e+01  -1.7300000e+02   9.8375042e+01
   1.3921466e+02  -2.0456655e+02   2.1300000e+02   5.8748094e+01  -4.2000000e+01  -1.7300000e+02   9.8457504e+01
   1.4279702e+02  -1.9811789e+02   2.1300000e+02   5.9106933e+01  -4.2000000e+01  -1.7300000e+02   9.8807736e+01
   1.4830471e+02  -1.9827599e+02   2.1300000e+02   5.9510060e+01  -4.2000000e+01  -1.7300000e+02   1.0314319e+02
   1.5761437e+02  -1.9495648e+02   2.1300000e+02   6.1218385e+01  -4.2000000e+01  -1.7300000e+02   1.1261878e+02
   1.6427491e+02  -1.9485517e+02   2.1300000e+02   6.6593269e+01  -4.2000000e+01  -1.7300000e+02   1.2331468e+02
   1.6979256e+02  -1.9100967e+02   2.1300000e+02   6.9635677e+01  -4.2000000e+01  -1.7300000e+02   1.3454496e+02
   1.7495629e+02  -1.8365428e+02   2.1300000e+02   6.7477856e+01  -4.2000000e+01  -1.7300000e+02   1.4612247e+02
   1.8153864e+02  -1.7697429e+02   2.1300000e+02   6.1204143e+01  -4.2000000e+01  -1.7300000e+02   1.5756053e+02
   1.8702195e+02  -1.7366970e+02   2.1300000e+02   5.2231074e+01  -4.2000000e+01  -1.7300000e+02   1.6862116e+02
   1.9288621e+02  -1.6625201e+02   2.1300000e+02   4.2048042e+01  -4.2000000e+01  -1.7300000e+02   1.7893847e+02
   1.9949201e+02  -1.6297146e+02   2.1300000e+02   3.1247855e+01  -4.2000000e+01  -1.7300000e+02   1.8522003e+02
   2.0765656e+02  -1.5700640e+02   2.1300000e+02   2.0180696e+01  -4.2000000e+01  -1.7300000e+02   1.8671293e+02
   2.1402246e+02  -1.5429989e+02   2.1300000e+02   8.8109291e+00  -4.2000000e+01  -1.7300000e+02   1.8704734e+02
   2.1614755e+02  -1.5375072e+02   2.1300000e+02  -3.2469207e+00  -4.2000000e+01  -1.7300000e+02   1.8591406e+02
   2.1525694e+02  -1.5559666e+02   2.1300000e+02  -1.5241743e+01  -4.2000000e+01  -1.7300000e+02   1.8776075e+02
   2.1345113e+02  -1.5735181e+02   2.1300000e+02  -2.7200508e+01  -4.2000000e+01  -1.7300000e+02   1.9381385e+02
   2.0966259e+02  -1.6058961e+02   2.1300000e+02  -3.9036749e+01  -4.2000000e+01  -1.7300000e+02   1.9915674e+02
   2.0802107e+02  -1.6026812e+02   2.1300000e+02  -4.9082247e+01  -4.2000000e+01  -1.7300000e+02   2.0442796e+02
   2.0949941e+02  -1.5661739e+02   2.1300000e+02  -5.4051409e+01  -4.2000000e+01  -1.7300000e+02   2.0682038e+02
   2.0915369e+02  -1.5510646e+02   2.1300000e+02  -5.3449175e+01  -4.2000000e+01  -1.7300000e+02   2.0512996e+02
   2.0748867e+02  -1.5628530e+02   2.1300000e+02  -4.9388513e+01  -4.2000000e+01  -1.7300000e+02   1.9952872e+02
   2.0530800e+02  -1.5742982e+02   2.1300000e+02  -4.5557381e+01  -4.2000000e+01  -1.7300000e+02   1.9397235e+02
   2.0324742e+02  -1.5825549e+02   2.1300000e+02  -4.2138735e+01  -4.2000000e+01  -1.7300000e+02   1.8903549e+02
   2.0130989e+02  -1.5927568e+02   2.1300000e+02  -3.8298950e+01  -4.2000000e+01  -1.7300000e+02   1.8319853e+02
   1.9810834e+02  -1.6275379e+02   2.1300000e+02  -3.3012333e+01  -4.2000000e+01  -1.7300000e+02   1.7823913e+02
   1.9543495e+02  -1.6600875e+02   2.1300000e+02  -2.7411460e+01  -4.2000000e+01  -1.7300000e+02   1.7334094e+02
   1.9247787e+02  -1.6789319e+02   2.1300000e+02  -2.2519380e+01  -4.2000000e+01  -1.7300000e+02   1.6882696e+02
   1.8997177e+02  -1.6852789e+02   2.1300000e+02  -1.7899318e+01  -4.2000000e+01  -1.7300000e+02   1.6439791e+02
   1.8836607e+02  -1.6837332e+02   2.1300000e+02  -1.5268759e+01  -4.2000000e+01  -1.7300000e+02   1.6170268e+02
   1.8645661e+02  -1.6907096e+02   2.1300000e+02  -1.2219874e+01  -4.2000000e+01  -1.7300000e+02   1.5817686e+02
   1.8385410e+02  -1.7068357e+02   2.1300000e+02  -7.6724587e+00  -4.2000000e+01  -1.7300000e+02   1.5427023e+02
   1.8063198e+02  -1.7224689e+02   2.1300000e+02  -2.4362105e+00  -4.2000000e+01  -1.7300000e+02   1.5093980e+02
   1.7734787e+02  -1.7286761e+02   2.1300000e+02   1.3225407e+00  -4.2000000e+01  -1.7300000e+02   1.4852096e+02
   1.7347775e+02  -1.7566721e+02   2.1300000e+02   6.9410736e+00  -4.2000000e+01  -1.7300000e+02   1.4477122e+02
   1.7011896e+02  -1.7740368e+02   2.1300000e+02   1.2435268e+01  -4.2000000e+01  -1.7300000e+02   1.4226867e+02
   1.6717574e+02  -1.8049781e+02   2.1300000e+02   1.8223542e+01  -4.2000000e+01  -1.7300000e+02   1.3880657e+02
   1.6314798e+02  -1.8314017e+02   2.1300000e+02   2.2502115e+01  -4.2000000e+01  -1.7300000e+02   1.3814932e+02
   1.5989306e+02  -1.8491592e+02   2.1300000e+02   2.6150864e+01  -4.2000000e+01  -1.7300000e+02   1.3687701e+02
   1.5693364e+02  -1.8835560e+02   2.1300000e+02   2.8791119e+01  -4.2000000e+01  -1.7300000e+02   1.3621699e+02
   1.5464608e+02  -1.9011980e+02   2.1300000e+02   3.0605511e+01  -4.2000000e+01  -1.7300000e+02   1.3386043e+02
   1.5215379e+02  -1.9303996e+02   2.1300000e+02   3.3238081e+01  -4.2000000e+01  -1.7300000e+02   1.3187453e+02
   1.5067886e+02  -1.9338403e+02   2.1300000e+02   3.6217469e+01  -4.2000000e+01  -1.7300000e+02   1.3002233e+02
   1.4913849e+02  -1.9645938e+02   2.1300000e+02   3.8898499e+01  -4.2000000e+01  -1.7300000e+02   1.2701897e+02
   1.4901988e+02  -1.9797767e+02   2.1300000e+02   4.1876358e+01  -4.2000000e+01  -1.7300000e+02   1.2387525e+02
   1.4779827e+02  -1.9915301e+02   2.1300000e+02   4.4771277e+01  -4.2000000e+01  -1.7300000e+02   1.2065655e+02
   1.4804071e+02  -2.0074232e+02   2.1300000e+02   4.9413416e+01  -4.2000000e+01  -1.7300000e+02   1.1939374e+02
   1.5143540e+02  -1.9301717e+02   2.1300000e+02   5.3398884e+01  -4.2000000e+01  -1.7300000e+02   1.2547314e+02
   1.5566251e+02  -1.8638799e+02   2.1300000e+02   5.7104051e+01  -4.2000000e+01  -1.7300000e+02   1.3096294e+02
   1.6136499e+02  -1.8356853e+02   2.1300000e+02   6.0200963e+01  -4.2000000e+01  -1.7300000e+02   1.3833413e+02
   1.6866306e+02  -1.8294229e+02   2.1300000e+02   6.0045178e+01  -4.2000000e+01  -1.7300000e+02   1.4845192e+02
   1.7454300e+02  -1.7957010e+02   2.1300000e+02   5.5401720e+01  -4.2000000e+01  -1.7300000e+02   1.5865902e+02
   1.7916206e+02  -1.7758073e+02   2.1300000e+02   5.0351578e+01  -4.2000000e+01  -1.7300000e+02   1.6845545e+02
   1.8436586e+02  -1.7438670e+02   2.1300000e+02   4.5277003e+01  -4.2000000e+01  -1.7300000e+02   1.7560552e+02
   1.9088757e+02  -1.7271661e+02   2.1300000e+02   3.9748580e+01  -4.2000000e+01  -1.7300000e+02   1.7858201e+02
   1.9796680e+02  -1.6928325e+02   2.1300000e+02   3.1793184e+01  -4.2000000e+01  -1.7300000e+02   1.8016271e+02
   2.0388434e+02  -1.6643888e+02   2.1300000e+02   2.2719572e+01  -4.2000000e+01  -1.7300000e+02   1.8080097e+02
   2.0998859e+02  -1.6076515e+02   2.1300000e+02   1.1753977e+01  -4.2000000e+01  -1.7300000e+02   1.8190922e+02
   2.1382543e+02  -1.5675164e+02   2.1300000e+02   1.4387267e-01  -4.2000000e+01  -1.7300000e+02   1.8395745e+02
   2.1633542e+02  -1.5450599e+02   2.1300000e+02  -1.1353899e+01  -4.2000000e+01  -1.7300000e+02   1.8712843e+02
   2.1485285e+02  -1.5549346e+02   2.1300000e+02  -2.2909945e+01  -4.2000000e+01  -1.7300000e+02   1.9035746e+02
   2.1052949e+02  -1.5908769e+02   2.1300000e+02  -3.4458820e+01  -4.2000000e+01  -1.7300000e+02   1.9220551e+02
   2.0771534e+02  -1.5992891e+02   2.1300000e+02  -4.4327188e+01  -4.2000000e+01  -1.7300000e+02   1.9390512e+02
   2.0794366e+02  -1.5837142e+02   2.1300000e+02  -4.6841148e+01  -4.2000000e+01  -1.7300000e+02   1.9166217e+02
   2.0667356e+02  -1.5918484e+02   2.1300000e+02  -4.4606164e+01  -4.2000000e+01  -1.7300000e+02   1.8751440e+02
   2.0526266e+02  -1.5941616e+02   2.1300000e+02  -4.1931292e+01  -4.2000000e+01  -1.7300000e+02   1.8341772e+02
   2.0316953e+02  -1.6080379e+02   2.1300000e+02  -3.8574987e+01  -4.2000000e+01  -1.7300000e+02   1.7845648e+02
   2.0031886e+02  -1.6322348e+02   2.1300000e+02  -3.3658920e+01  -4.2000000e+01  -1.7300000e+02   1.7319563e+02
   1.9703880e+02  -1.6651997e+02   2.1300000e+02  -2.8126846e+01  -4.2000000e+01  -1.7300000e+02   1.6853946e+02
   1.9379566e+02  -1.6913038e+02   2.1300000e+02  -2.3051267e+01  -4.2000000e+01  -1.7300000e+02   1.6479314e+02
   1.8988084e+02  -1.7217131e+02   2.1300000e+02  -1.6644463e+01  -4.2000000e+01  -1.7300000e+02   1.6021778e+02
   1.8698152e+02  -1.7310226e+02   2.1300000e+02  -1.2001175e+01  -4.2000000e+01  -1.7300000e+02   1.5728137e+02
   1.8462684e+02  -1.7450022e+02   2.1300000e+02  -6.9887866e+00  -4.2000000e+01  -1.7300000e+02   1.5377185e+02
   1.8158581e+02  -1.7714955e+02   2.1300000e+02  -2.0797077e+00  -4.2000000e+01  -1.7300000e+02   1.5030388e+02
   1.7949891e+02  -1.7805106e+02   2.1300000e+02   1.9825633e+00  -4.2000000e+01  -1.7300000e+02   1.4862939e+02
   1.7629336e+02  -1.8099725e+02   2.1300000e+02   7.3451570e+00  -4.2000000e+01  -1.7300000e+02   1.4493028e+02
   1.7331869e+02  -1.8124805e+02   2.1300000e+02   1.1810115e+01  -4.2000000e+01  -1.7300000e+02   1.4146275e+02
   1.7145001e+02  -1.7929613e+02   2.1300000e+02   1.4419590e+01  -4.2000000e+01  -1.7300000e+02   1.3968159e+02
   1.6665980e+02  -1.8189832e+02   2.1300000e+02   2.0473696e+01  -4.2000000e+01  -1.7300000e+02   1.3530493e+02
   1.6245141e+02  -1.8459359e+02   2.1300000e+02   2.4940170e+01  -4.2000000e+01  -1.7300000e+02   1.3416231e+02
   1.5937652e+02  -1.8739827e+02   2.1300000e+02   2.8615615e+01  -4.2000000e+01  -1.7300000e+02   1.3347993e+02
   1.5476232e+02  -1.9065501e+02   2.1300000e+02   3.1921387e+01  -4.2000000e+01  -1.7300000e+02   1.3230496e+02
   1.5125874e+02  -1.9479360e+02   2.1300000e+02   3.6248869e+01  -4.2000000e+01  -1.7300000e+02   1.3056410e+02
   1.4785078e+02  -1.9632364e+02   2.1300000e+02   3.7926215e+01  -4.2000000e+01  -1.7300000e+02   1.2743852e+02
   1.4632353e+02  -1.9909036e+02   2.1300000e+02   3.8910317e+01  -4.2000000e+01  -1.7300000e+02   1.2489085e+02
   1.4519815e+02  -1.9897933e+02   2.1300000e+02   3.9500629e+01  -4.2000000e+01  -1.7300000e+02   1.2141185e+02
   1.4341227e+02  -2.0115754e+02   2.1300000e+02   3.9819333e+01  -4.2000000e+01  -1.7300000e+02   1.1769771e+02
   1.4184710e+02  -2.0506129e+02   2.1300000e+02   4.1761956e+01  -4.2000000e+01  -1.7300000e+02   1.1508638e+02
   1.4133895e+02  -2.0700505e+02   2.1300000e+02   4.3756280e+01  -4.2000000e+01  -1.7300000e+02   1.1007684e+02
   1.4192591e+02  -2.0974888e+02   2.1300000e+02   4.5836044e+01  -4.2000000e+01  -1.7300000e+02   1.0580601e+02
   1.4075724e+02  -2.1046255e+02   2.1300000e+02   4.9464006e+01  -4.2000000e+01  -1.7300000e+02   1.0379910e+02
   1.4071760e+02  -2.0723152e+02   2.1300000e+02   5.2199087e+01  -4.2000000e+01  -1.7300000e+02   1.0268170e+02
   1.4215879e+02  -2.0461149e+02   2.1300000e+02   5.4309304e+01  -4.2000000e+01  -1.7300000e+02   1.0212620e+02
   1.4320794e+02  -2.0193544e+02   2.1300000e+02   5.4667930e+01  -4.2000000e+01  -1.7300000e+02   1.0202732e+02
   1.4644442e+02  -2.0069559e+02   2.1300000e+02   5.5287399e+01  -4.2000000e+01  -1.7300000e+02   1.0093860e+02
   1.5331286e+02  -1.9849545e+02   2.1300000e+02   5.7992411e+01  -4.2000000e+01  -1.7300000e+02   1.0729961e+02
   1.6042493e+02  -1.9099764e+02   2.1300000e+02   6.1947454e+01  -4.2000000e+01  -1.7300000e+02   1.1794039e+02
   1.6698988e+02  -1.8919048e+02   2.1300000e+02   6.5139339e+01  -4.2000000e+01  -1.7300000e+02   1.2866970e+02
   1.7169967e+02  -1.8552974e+02   2.1300000e+02   6.6920868e+01  -4.2000000e+01  -1.7300000e+02   1.3976814e+02
   1.7569213e+02  -1.7791788e+02   2.1300000e+02   6.1786242e+01  -4.2000000e+01  -1.7300000e+02   1.5087910e+02
   1.8091424e+02  -1.7475616e+02   2.1300000e+02   5.3362760e+01  -4.2000000e+01  -1.7300000e+02   1.6170571e+02
   1.8791428e+02  -1.6884580e+02   2.1300000e+02   4.3036706e+01  -4.2000000e+01  -1.7300000e+02   1.7126769e+02
   1.9491315e+02  -1.6512487e+02   2.1300000e+02   3.1819786e+01  -4.2000000e+01  -1.7300000e+02   1.7646270e+02
   2.0309921e+02  -1.6017819e+02   2.1300000e+02   2.0653216e+01  -4.2000000e+01  -1.7300000e+02   1.7993836e+02
   2.1114751e+02  -1.5870891e+02   2.1300000e+02   9.4377518e+00  -4.2000000e+01  -1.7300000e+02   1.8171134e+02
   2.1629033e+02  -1.5397018e+02   2.1300000e+02  -2.0321376e+00  -4.2000000e+01  -1.7300000e+02   1.8543010e+02
   2.1800304e+02  -1.5128661e+02   2.1300000e+02  -1.3025333e+01  -4.2000000e+01  -1.7300000e+02   1.9003961e+02
   2.1832331e+02  -1.5097629e+02   2.1300000e+02  -2.3536099e+01  -4.2000000e+01  -1.7300000e+02   1.9372741e+02
   2.1697153e+02  -1.5172531e+02   2.1300000e+02  -3.3217375e+01  -4.2000000e+01  -1.7300000e+02   1.9831497e+02
   2.1217698e+02  -1.5649955e+02   2.1300000e+02  -4.3371415e+01  -4.2000000e+01  -1.7300000e+02   2.0093088e+02
   2.0732812e+02  -1.6059107e+02   2.1300000e+02  -5.0026656e+01  -4.2000000e+01  -1.7300000e+02   2.0286143e+02
   2.0652535e+02  -1.6069379e+02   2.1300000e+02  -5.0635508e+01  -4.2000000e+01  -1.7300000e+02   2.0175672e+02
   2.0566082e+02  -1.6101385e+02   2.1300000e+02  -4.8458128e+01  -4.2000000e+01  -1.7300000e+02   1.9913726e+02
   2.0403257e+02  -1.6194088e+02   2.1300000e+02  -4.4726901e+01  -4.2000000e+01  -1.7300000e+02   1.9455668e+02
   2.0264687e+02  -1.6181346e+02   2.1300000e+02  -4.1558243e+01  -4.2000000e+01  -1.7300000e+02   1.8956978e+02
   2.0056814e+02  -1.6249185e+02   2.1300000e+02  -3.7871811e+01  -4.2000000e+01  -1.7300000e+02   1.8472402e+02
   1.9797218e+02  -1.6485436e+02   2.1300000e+02  -3.3586360e+01  -4.2000000e+01  -1.7300000e+02   1.8037692e+02
   1.9513685e+02  -1.6666213e+02   2.1300000e+02  -2.9234896e+01  -4.2000000e+01  -1.7300000e+02   1.7633363e+02
   1.9256187e+02  -1.6842437e+02   2.1300000e+02  -2.4667748e+01  -4.2000000e+01  -1.7300000e+02   1.7222906e+02
   1.8962028e+02  -1.7033012e+02   2.1300000e+02  -1.9201465e+01  -4.2000000e+01  -1.7300000e+02   1.6803087e+02
   1.8677169e+02  -1.7090338e+02   2.1300000e+02  -1.4850139e+01  -4.2000000e+01  -1.7300000e+02   1.6461998e+02
   1.8458310e+02  -1.7157901e+02   2.1300000e+02  -1.0484117e+01  -4.2000000e+01  -1.7300000e+02   1.6137023e+02
   1.8212699e+02  -1.7263959e+02   2.1300000e+02  -6.5015125e+00  -4.2000000e+01  -1.7300000e+02   1.5804078e+02
   1.7846829e+02  -1.7390904e+02   2.1300000e+02  -1.0083287e+00  -4.2000000e+01  -1.7300000e+02   1.5445933e+02
   1.7543921e+02  -1.7488355e+02   2.1300000e+02   4.5032923e+00  -4.2000000e+01  -1.7300000e+02   1.5071584e+02
   1.7046542e+02  -1.7870609e+02   2.1300000e+02   1.1198611e+01  -4.2000000e+01  -1.7300000e+02   1.4779267e+02
   1.6592623e+02  -1.8178007e+02   2.1300000e+02   1.7618872e+01  -4.2000000e+01  -1.7300000e+02   1.4602956e+02
   1.6262741e+02  -1.8278193e+02   2.1300000e+02   2.1674268e+01  -4.2000000e+01  -1.7300000e+02   1.4454915e+02
   1.5860977e+02  -1.8512834e+02   2.1300000e+02   2.5376159e+01  -4.2000000e+01  -1.7300000e+02   1.4394571e+02
   1.5490049e+02  -1.8661374e+02   2.1300000e+02   2.8288656e+01  -4.2000000e+01  -1.7300000e+02   1.4291879e+02
   1.5058550e+02  -1.9135713e+02   2.1300000e+02   3.2368745e+01  -4.2000000e+01  -1.7300000e+02   1.4062778e+02
   1.4660000e+02  -1.9446072e+02   2.1300000e+02   3.5703768e+01  -4.2000000e+01  -1.7300000e+02   1.3924226e+02
   1.4338063e+02  -1.9791308e+02   2.1300000e+02   3.8036233e+01  -4.2000000e+01  -1.7300000e+02   1.3586094e+02
   1.4049237e+02  -2.0239376e+02   2.1300000e+02   4.1045316e+01  -4.2000000e+01  -1.7300000e+02   1.3382370e+02
   1.3811459e+02  -2.0685868e+02   2.1300000e+02   4.4096515e+01  -4.2000000e+01  -1.7300000e+02   1.3023218e+02
   1.3641849e+02  -2.1033156e+02   2.1300000e+02   4.7275397e+01  -4.2000000e+01  -1.7300000e+02   1.2682405e+02
   1.3535363e+02  -2.1370744e+02   2.1300000e+02   5.0427239e+01  -4.2000000e+01  -1.7300000e+02   1.2342132e+02
   1.3431700e+02  -2.1411853e+02   2.1300000e+02   5.2512652e+01  -4.2000000e+01  -1.7300000e+02   1.2055089e+02
   1.3401698e+02  -2.1393636e+02   2.1300000e+02   5.4707814e+01  -4.2000000e+01  -1.7300000e+02   1.1763363e+02
   1.3574626e+02  -2.1264450e+02   2.1300000e+02   5.7411894e+01  -4.2000000e+01  -1.7300000e+02   1.1581345e+02
   1.4002919e+02  -2.0903282e+02   2.1300000e+02   6.0607844e+01  -4.2000000e+01  -1.7300000e+02   1.1994052e+02
   1.4438602e+02  -2.0451910e+02   2.1300000e+02   6.3641280e+01  -4.2000000e+01  -1.7300000e+02   1.2815687e+02
   1.4890307e+02  -1.9584930e+02   2.1300000e+02   6.4316699e+01  -4.2000000e+01  -1.7300000e+02   1.3782707e+02
   1.5603757e+02  -1.9121126e+02   2.1300000e+02   6.1518645e+01  -4.2000000e+01  -1.7300000e+02   1.4794839e+02
   1.6340910e+02  -1.8610067e+02   2.1300000e+02   5.6565615e+01  -4.2000000e+01  -1.7300000e+02   1.5817340e+02
   1.6935694e+02  -1.8188803e+02   2.1300000e+02   4.7722628e+01  -4.2000000e+01  -1.7300000e+02   1.6675003e+02
   1.7743900e+02  -1.7751769e+02   2.1300000e+02   3.7336257e+01  -4.2000000e+01  -1.7300000e+02   1.7232426e+02
   1.8517225e+02  -1.7593393e+02   2.1300000e+02   2.7215333e+01  -4.2000000e+01  -1.7300000e+02   1.7356885e+02
   1.9345474e+02  -1.7247321e+02   2.1300000e+02   1.6581050e+01  -4.2000000e+01  -1.7300000e+02   1.7506648e+02
   2.0064861e+02  -1.6829962e+02   2.1300000e+02   5.9115404e+00  -4.2000000e+01  -1.7300000e+02   1.7695996e+02
   2.0718925e+02  -1.6339195e+02   2.1300000e+02  -4.7535851e+00  -4.2000000e+01  -1.7300000e+02   1.8140800e+02
   2.1221188e+02  -1.5922692e+02   2.1300000e+02  -1.5087623e+01  -4.2000000e+01  -1.7300000e+02   1.8696527e+02
   2.1444242e+02  -1.5791773e+02   2.1300000e+02  -2.4963259e+01  -4.2000000e+01  -1.7300000e+02   1.9236992e+02
   2.1585744e+02  -1.5588994e+02   2.1300000e+02  -3.4470710e+01  -4.2000000e+01  -1.7300000e+02   1.9944075e+02
   2.1556051e+02  -1.5551189e+02   2.1300000e+02  -4.3439785e+01  -4.2000000e+01  -1.7300000e+02   2.0623362e+02
   2.1209535e+02  -1.5863844e+02   2.1300000e+02  -5.1650927e+01  -4.2000000e+01  -1.7300000e+02   2.1090983e+02
   2.0833885e+02  -1.6086632e+02   2.1300000e+02  -5.4930085e+01  -4.2000000e+01  -1.7300000e+02   2.1306523e+02
   2.0755804e+02  -1.6064037e+02   2.1300000e+02  -5.4449870e+01  -4.2000000e+01  -1.7300000e+02   2.1155671e+02
   2.0565031e+02  -1.6216825e+02   2.1300000e+02  -5.2209693e+01  -4.2000000e+01  -1.7300000e+02   2.0796451e+02
   2.0426183e+02  -1.6264149e+02   2.1300000e+02  -4.9461048e+01  -4.2000000e+01  -1.7300000e+02   2.0362557e+02
   2.0282783e+02  -1.6237812e+02   2.1300000e+02  -4.7103340e+01  -4.2000000e+01  -1.7300000e+02   1.9838865e+02
   2.0084429e+02  -1.6308305e+02   2.1300000e+02  -4.3304871e+01  -4.2000000e+01  -1.7300000e+02   1.9287254e+02
   1.9853135e+02  -1.6486584e+02   2.1300000e+02  -3.9006315e+01  -4.2000000e+01  -1.7300000e+02   1.8792848e+02
   1.9538553e+02  -1.6704930e+02   2.1300000e+02  -3.4238048e+01  -4.2000000e+01  -1.7300000e+02   1.8299876e+02
   1.9353359e+02  -1.6733746e+02   2.1300000e+02  -3.0283716e+01  -4.2000000e+01  -1.7300000e+02   1.7801336e+02
   1.9043370e+02  -1.6903824e+02   2.1300000e+02  -2.4773271e+01  -4.2000000e+01  -1.7300000e+02   1.7305131e+02
   1.8759850e+02  -1.7067491e+02   2.1300000e+02  -1.9452718e+01  -4.2000000e+01  -1.7300000e+02   1.6888466e+02
   1.8538112e+02  -1.7128562e+02   2.1300000e+02  -1.5450110e+01  -4.2000000e+01  -1.7300000e+02   1.6614772e+02
   1.8318018e+02  -1.7256145e+02   2.1300000e+02  -1.1647592e+01  -4.2000000e+01  -1.7300000e+02   1.6313068e+02
   1.8051829e+02  -1.7324972e+02   2.1300000e+02  -6.7759079e+00  -4.2000000e+01  -1.7300000e+02   1.5892237e+02
   1.7782205e+02  -1.7481627e+02   2.1300000e+02  -2.0154125e+00  -4.2000000e+01  -1.7300000e+02   1.5612873e+02
   1.7566439e+02  -1.7689403e+02   2.1300000e+02   2.7245911e+00  -4.2000000e+01  -1.7300000e+02   1.5324910e+02
   1.7251477e+02  -1.7882648e+02   2.1300000e+02   7.8488218e+00  -4.2000000e+01  -1.7300000e+02   1.5150481e+02
   1.6876728e+02  -1.8091898e+02   2.1300000e+02   1.2650519e+01  -4.2000000e+01  -1.7300000e+02   1.4957410e+02
   1.6524088e+02  -1.8383118e+02   2.1300000e+02   1.7497977e+01  -4.2000000e+01  -1.7300000e+02   1.4812597e+02
   1.6208003e+02  -1.8397865e+02   2.1300000e+02   2.2057775e+01  -4.2000000e+01  -1.7300000e+02   1.4632101e+02
   1.5857759e+02  -1.8720561e+02   2.1300000e+02   2.7154106e+01  -4.2000000e+01  -1.7300000e+02   1.4406130e+02
   1.5388688e+02  -1.9035497e+02   2.1300000e+02   3.1525151e+01  -4.2000000e+01  -1.7300000e+02   1.4201719e+02
   1.4969385e+02  -1.9411606e+02   2.1300000e+02   3.5763708e+01  -4.2000000e+01  -1.7300000e+02   1.4009754e+02
   1.4671398e+02  -1.9914795e+02   2.1300000e+02   3.9144507e+01  -4.2000000e+01  -1.7300000e+02   1.3826053e+02
   1.4345262e+02  -2.0307705e+02   2.1300000e+02   4.2876509e+01  -4.2000000e+01  -1.7300000e+02   1.3482522e+02
   1.4120625e+02  -2.0995193e+02   2.1300000e+02   4.8348158e+01  -4.2000000e+01  -1.7300000e+02   1.3112022e+02
   1.4071373e+02  -2.1011861e+02   2.1300000e+02   5.4197719e+01  -4.2000000e+01  -1.7300000e+02   1.2931092e+02
   1.4198593e+02  -2.0883238e+02   2.1300000e+02   5.9391585e+01  -4.2000000e+01  -1.7300000e+02   1.2769323e+02
   1.4555042e+02  -2.0190473e+02   2.1300000e+02   6.3401143e+01  -4.2000000e+01  -1.7300000e+02   1.3281672e+02
   1.5025788e+02  -1.9548463e+02   2.1300000e+02   6.5085172e+01  -4.2000000e+01  -1.7300000e+02   1.4074777e+02
   1.5666729e+02  -1.9128638e+02   2.1300000e+02   6.3287665e+01  -4.2000000e+01  -1.7300000e+02   1.4856844e+02
   1.6357065e+02  -1.8629332e+02   2.1300000e+02   6.0877402e+01  -4.2000000e+01  -1.7300000e+02   1.5859440e+02
   1.6956087e+02  -1.8090571e+02   2.1300000e+02   5.2227457e+01  -4.2000000e+01  -1.7300000e+02   1.6695595e+02
   1.7675796e+02  -1.7627428e+02   2.1300000e+02   4.2195740e+01  -4.2000000e+01  -1.7300000e+02   1.7092339e+02
   1.8541458e+02  -1.7481886e+02   2.1300000e+02   3.2561435e+01  -4.2000000e+01  -1.7300000e+02   1.7132980e+02
   1.9466232e+02  -1.7220393e+02   2.1300000e+02   2.2285657e+01  -4.2000000e+01  -1.7300000e+02   1.7217311e+02
   2.0159156e+02  -1.7038295e+02   2.1300000e+02   1.1819078e+01  -4.2000000e+01  -1.7300000e+02   1.7242781e+02
   2.0814785e+02  -1.6484962e+02   2.1300000e+02   1.2669658e+00  -4.2000000e+01  -1.7300000e+02   1.7538183e+02
   2.1174593e+02  -1.6045790e+02   2.1300000e+02  -8.9986114e+00  -4.2000000e+01  -1.7300000e+02   1.8068934e+02
   2.1302278e+02  -1.5832123e+02   2.1300000e+02  -1.8807239e+01  -4.2000000e+01  -1.7300000e+02   1.8682089e+02
   2.1261603e+02  -1.5775129e+02   2.1300000e+02  -2.7723716e+01  -4.2000000e+01  -1.7300000e+02   1.9310556e+02
   2.1294110e+02  -1.5656631e+02   2.1300000e+02  -3.6773735e+01  -4.2000000e+01  -1.7300000e+02   1.9899829e+02
   2.1048471e+02  -1.5803450e+02   2.1300000e+02  -4.5748552e+01  -4.2000000e+01  -1.7300000e+02   2.0367791e+02
   2.0655492e+02  -1.6101411e+02   2.1300000e+02  -5.1235739e+01  -4.2000000e+01  -1.7300000e+02   2.0473606e+02
   2.0552187e+02  -1.6001837e+02   2.1300000e+02  -5.0502121e+01  -4.2000000e+01  -1.7300000e+02   2.0284437e+02
   2.0393995e+02  -1.6026345e+02   2.1300000e+02  -4.6948063e+01  -4.2000000e+01  -1.7300000e+02   1.9907711e+02
   2.0273583e+02  -1.6028120e+02   2.1300000e+02  -4.3840957e+01  -4.2000000e+01  -1.7300000e+02   1.9381811e+02
   1.9983974e+02  -1.6214784e+02   2.1300000e+02  -3.8654622e+01  -4.2000000e+01  -1.7300000e+02   1.8763913e+02
   1.9714619e+02  -1.6392101e+02   2.1300000e+02  -3.3228175e+01  -4.2000000e+01  -1.7300000e+02   1.8168170e+02
   1.9440171e+02  -1.6619228e+02   2.1300000e+02  -2.8280900e+01  -4.2000000e+01  -1.7300000e+02   1.7704000e+02
   1.9255637e+02  -1.6665983e+02   2.1300000e+02  -2.5090574e+01  -4.2000000e+01  -1.7300000e+02   1.7305232e+02
   1.8970196e+02  -1.6717450e+02   2.1300000e+02  -2.0903860e+01  -4.2000000e+01  -1.7300000e+02   1.6845779e+02
   1.8739478e+02  -1.6834844e+02   2.1300000e+02  -1.6875953e+01  -4.2000000e+01  -1.7300000e+02   1.6475196e+02
   1.8500097e+02  -1.6871019e+02   2.1300000e+02  -1.2385906e+01  -4.2000000e+01  -1.7300000e+02   1.6158780e+02
   1.8155689e+02  -1.7176371e+02   2.1300000e+02  -6.2825080e+00  -4.2000000e+01  -1.7300000e+02   1.5848890e+02
   1.7719116e+02  -1.7426150e+02   2.1300000e+02  -1.7809751e-01  -4.2000000e+01  -1.7300000e+02   1.5519900e+02
   1.7514203e+02  -1.7572935e+02   2.1300000e+02   4.7589023e+00  -4.2000000e+01  -1.7300000e+02   1.5291326e+02
   1.7166280e+02  -1.7670958e+02   2.1300000e+02   9.2678630e+00  -4.2000000e+01  -1.7300000e+02   1.5036828e+02
   1.6839391e+02  -1.7804891e+02   2.1300000e+02   1.3985071e+01  -4.2000000e+01  -1.7300000e+02   1.4720578e+02
   1.6324098e+02  -1.8128655e+02   2.1300000e+02   2.0295179e+01  -4.2000000e+01  -1.7300000e+02   1.4441191e+02
   1.5938540e+02  -1.8528605e+02   2.1300000e+02   2.4946206e+01  -4.2000000e+01  -1.7300000e+02   1.4431623e+02
   1.5611007e+02  -1.8866254e+02   2.1300000e+02   2.8988846e+01  -4.2000000e+01  -1.7300000e+02   1.4378528e+02
   1.5318793e+02  -1.9059952e+02   2.1300000e+02   3.2219038e+01  -4.2000000e+01  -1.7300000e+02   1.4225396e+02
   1.4942776e+02  -1.9509186e+02   2.1300000e+02   3.5395150e+01  -4.2000000e+01  -1.7300000e+02   1.4147416e+02
   1.4662342e+02  -1.9663724e+02   2.1300000e+02   3.8072875e+01  -4.2000000e+01  -1.7300000e+02   1.4009228e+02
   1.4457929e+02  -1.9798305e+02   2.1300000e+02   3.9823081e+01  -4.2000000e+01  -1.7300000e+02   1.3651092e+02
   1.4254634e+02  -2.0181060e+02   2.1300000e+02   4.1580167e+01  -4.2000000e+01  -1.7300000e+02   1.3324701e+02
   1.4106556e+02  -2.0205750e+02   2.1300000e+02   4.2683975e+01  -4.2000000e+01  -1.7300000e+02   1.3038756e+02
   1.3882679e+02  -2.0700589e+02   2.1300000e+02   4.5077430e+01  -4.2000000e+01  -1.7300000e+02   1.2695426e+02
   1.3730829e+02  -2.1035920e+02   2.1300000e+02   4.7731131e+01  -4.2000000e+01  -1.7300000e+02   1.2372123e+02
   1.3552941e+02  -2.1269761e+02   2.1300000e+02   5.0999692e+01  -4.2000000e+01  -1.7300000e+02   1.2200840e+02
   1.3379200e+02  -2.1602620e+02   2.1300000e+02   5.4717273e+01  -4.2000000e+01  -1.7300000e+02   1.1880231e+02
   1.3415943e+02  -2.1489476e+02   2.1300000e+02   5.8622546e+01  -4.2000000e+01  -1.7300000e+02   1.1646748e+02
   1.4097955e+02  -2.0961646e+02   2.1300000e+02   6.1828271e+01  -4.2000000e+01  -1.7300000e+02   1.1772164e+02
   1.4696201e+02  -2.0186596e+02   2.1300000e+02   6.3126135e+01  -4.2000000e+01  -1.7300000e+02   1.2331591e+02
   1.5326740e+02  -1.9503707e+02   2.1300000e+02   6.5747052e+01  -4.2000000e+01  -1.7300000e+02   1.3269883e+02
   1.5831579e+02  -1.9100811e+02   2.1300000e+02   6.6777336e+01  -4.2000000e+01  -1.7300000e+02   1.4236391e+02
   1.6418689e+02  -1.8727832e+02   2.1300000e+02   6.3517737e+01  -4.2000000e+01  -1.7300000e+02   1.5250887e+02
   1.7143390e+02  -1.8287152e+02   2.1300000e+02   5.6419185e+01  -4.2000000e+01  -1.7300000e+02   1.6217090e+02
   1.7661294e+02  -1.8004738e+02   2.1300000e+02   4.7802169e+01  -4.2000000e+01  -1.7300000e+02   1.6860340e+02
   1.8511410e+02  -1.7865812e+02   2.1300000e+02   3.8894665e+01  -4.2000000e+01  -1.7300000e+02   1.6843260e+02
   1.9337916e+02  -1.7379025e+02   2.1300000e+02   2.8605215e+01  -4.2000000e+01  -1.7300000e+02   1.7219093e+02
   1.9910409e+02  -1.7214230e+02   2.1300000e+02   1.8081833e+01  -4.2000000e+01  -1.7300000e+02   1.7411522e+02
   2.0522298e+02  -1.6672882e+02   2.1300000e+02   7.0263797e+00  -4.2000000e+01  -1.7300000e+02   1.7791007e+02
   2.0848340e+02  -1.6255507e+02   2.1300000e+02  -3.6854587e+00  -4.2000000e+01  -1.7300000e+02   1.8263031e+02
   2.1101545e+02  -1.5884380e+02   2.1300000e+02  -1.4275264e+01  -4.2000000e+01  -1.7300000e+02   1.8919335e+02
   2.1148009e+02  -1.5730983e+02   2.1300000e+02  -2.3767527e+01  -4.2000000e+01  -1.7300000e+02   1.9508127e+02
   2.1014694e+02  -1.5744958e+02   2.1300000e+02  -3.3119763e+01  -4.2000000e+01  -1.7300000e+02   2.0104333e+02
   2.0603015e+02  -1.5989490e+02   2.1300000e+02  -4.2050122e+01  -4.2000000e+01  -1.7300000e+02   2.0660962e+02
   2.0298174e+02  -1.6258490e+02   2.1300000e+02  -4.7751968e+01  -4.2000000e+01  -1.7300000e+02   2.0897022e+02
   2.0242551e+02  -1.6172675e+02   2.1300000e+02  -4.7650995e+01  -4.2000000e+01  -1.7300000e+02   2.0777202e+02
   2.0082175e+02  -1.6262973e+02   2.1300000e+02  -4.3729763e+01  -4.2000000e+01  -1.7300000e+02   2.0336252e+02
   1.9889665e+02  -1.6346703e+02   2.1300000e+02  -4.0021090e+01  -4.2000000e+01  -1.7300000e+02   1.9880051e+02
   1.9644825e+02  -1.6527866e+02   2.1300000e+02  -3.5602610e+01  -4.2000000e+01  -1.7300000e+02   1.9360901e+02
   1.9473316e+02  -1.6615416e+02   2.1300000e+02  -3.2795402e+01  -4.2000000e+01  -1.7300000e+02   1.8926661e+02
   1.9269985e+02  -1.6754177e+02   2.1300000e+02  -2.8803639e+01  -4.2000000e+01  -1.7300000e+02   1.8426050e+02
   1.9043668e+02  -1.6854908e+02   2.1300000e+02  -2.4789707e+01  -4.2000000e+01  -1.7300000e+02   1.8006290e+02
   1.8893953e+02  -1.6935390e+02   2.1300000e+02  -2.1164611e+01  -4.2000000e+01  -1.7300000e+02   1.7502105e+02
   1.8662113e+02  -1.6992824e+02   2.1300000e+02  -1.7553182e+01  -4.2000000e+01  -1.7300000e+02   1.7178831e+02
   1.8446334e+02  -1.7095967e+02   2.1300000e+02  -1.3192592e+01  -4.2000000e+01  -1.7300000e+02   1.6812448e+02
   1.8058841e+02  -1.7486517e+02   2.1300000e+02  -6.5452450e+00  -4.2000000e+01  -1.7300000e+02   1.6376695e+02
   1.7648153e+02  -1.7781640e+02   2.1300000e+02  -2.7260298e-01  -4.2000000e+01  -1.7300000e+02   1.6163893e+02
   1.7362960e+02  -1.7887432e+02   2.1300000e+02   4.5359755e+00  -4.2000000e+01  -1.7300000e+02   1.5734052e+02
   1.7176537e+02  -1.7838678e+02   2.1300000e+02   8.5785505e+00  -4.2000000e+01  -1.7300000e+02   1.5357694e+02
   1.6875526e+02  -1.7914684e+02   2.1300000e+02   1.2957773e+01  -4.2000000e+01  -1.7300000e+02   1.4990011e+02
   1.6442455e+02  -1.8329145e+02   2.1300000e+02   1.9297681e+01  -4.2000000e+01  -1.7300000e+02   1.4686946e+02
   1.6129068e+02  -1.8674077e+02   2.1300000e+02   2.4724429e+01  -4.2000000e+01  -1.7300000e+02   1.4581559e+02
   1.5756587e+02  -1.8844532e+02   2.1300000e+02   2.9506344e+01  -4.2000000e+01  -1.7300000e+02   1.4372818e+02
   1.5368138e+02  -1.9259707e+02   2.1300000e+02   3.3454001e+01  -4.2000000e+01  -1.7300000e+02   1.4101828e+02
   1.5050947e+02  -1.9471825e+02   2.1300000e+02   3.7340285e+01  -4.2000000e+01  -1.7300000e+02   1.3928807e+02
   1.4722061e+02  -1.9796630e+02   2.1300000e+02   4.0383277e+01  -4.2000000e+01  -1.7300000e+02   1.3502099e+02
   1.4243059e+02  -2.0680977e+02   2.1300000e+02   4.4155993e+01  -4.2000000e+01  -1.7300000e+02   1.3151709e+02
   1.4003760e+02  -2.1139246e+02   2.1300000e+02   4.8686612e+01  -4.2000000e+01  -1.7300000e+02   1.2710857e+02
   1.3834419e+02  -2.1344921e+02   2.1300000e+02   5.2386959e+01  -4.2000000e+01  -1.7300000e+02   1.2462091e+02
   1.3613554e+02  -2.1609234e+02   2.1300000e+02   5.6232297e+01  -4.2000000e+01  -1.7300000e+02   1.2164741e+02
   1.3378258e+02  -2.1886386e+02   2.1300000e+02   5.9297659e+01  -4.2000000e+01  -1.7300000e+02   1.1692143e+02
   1.3274309e+02  -2.1937348e+02   2.1300000e+02   6.1872810e+01  -4.2000000e+01  -1.7300000e+02   1.1315270e+02
   1.3380289e+02  -2.1932739e+02   2.1300000e+02   6.2231216e+01  -4.2000000e+01  -1.7300000e+02   1.0825976e+02
   1.3699758e+02  -2.1437627e+02   2.1300000e+02   6.2247451e+01  -4.2000000e+01  -1.7300000e+02   1.0586999e+02
   1.4043230e+02  -2.1468885e+02   2.1300000e+02   6.1832692e+01  -4.2000000e+01  -1.7300000e+02   1.0466641e+02
   1.4697071e+02  -2.1073203e+02   2.1300000e+02   6.3500986e+01  -4.2000000e+01  -1.7300000e+02   1.0907668e+02
   1.5085647e+02  -2.0204697e+02   2.1300000e+02   6.4524216e+01  -4.2000000e+01  -1.7300000e+02   1.1758550e+02
   1.5369731e+02  -1.9572569e+02   2.1300000e+02   6.7227962e+01  -4.2000000e+01  -1.7300000e+02   1.2656445e+02
   1.5777330e+02  -1.9133040e+02   2.1300000e+02   6.7399947e+01  -4.2000000e+01  -1.7300000e+02   1.3627993e+02
   1.6359777e+02  -1.8572080e+02   2.1300000e+02   6.3840613e+01  -4.2000000e+01  -1.7300000e+02   1.4647705e+02
   1.6958228e+02  -1.8196927e+02   2.1300000e+02   5.7073905e+01  -4.2000000e+01  -1.7300000e+02   1.5508744e+02
   1.7411901e+02  -1.7884684e+02   2.1300000e+02   4.9869495e+01  -4.2000000e+01  -1.7300000e+02   1.6102792e+02
   1.8101131e+02  -1.7444581e+02   2.1300000e+02   3.9837948e+01  -4.2000000e+01  -1.7300000e+02   1.6493684e+02
   1.8821551e+02  -1.7335868e+02   2.1300000e+02   3.0398670e+01  -4.2000000e+01  -1.7300000e+02   1.6759386e+02
   1.9591183e+02  -1.7015068e+02   2.1300000e+02   2.0632944e+01  -4.2000000e+01  -1.7300000e+02   1.7170279e+02
   2.0240864e+02  -1.6756090e+02   2.1300000e+02   1.0056050e+01  -4.2000000e+01  -1.7300000e+02   1.7505874e+02
   2.0734795e+02  -1.6379423e+02   2.1300000e+02  -8.4521972e-01  -4.2000000e+01  -1.7300000e+02   1.7813189e+02
   2.0991386e+02  -1.5987099e+02   2.1300000e+02  -1.0935730e+01  -4.2000000e+01  -1.7300000e+02   1.8248736e+02
   2.1026065e+02  -1.5794719e+02   2.1300000e+02  -2.0289426e+01  -4.2000000e+01  -1.7300000e+02   1.8764807e+02
   2.0904627e+02  -1.5766459e+02   2.1300000e+02  -2.9608060e+01  -4.2000000e+01  -1.7300000e+02   1.9321670e+02
   2.0604595e+02  -1.5882580e+02   2.1300000e+02  -3.9048365e+01  -4.2000000e+01  -1.7300000e+02   1.9899553e+02
   2.0315396e+02  -1.6120750e+02   2.1300000e+02  -4.5081935e+01  -4.2000000e+01  -1.7300000e+02   2.0239674e+02
   2.0203141e+02  -1.6135301e+02   2.1300000e+02  -4.3746722e+01  -4.2000000e+01  -1.7300000e+02   2.0027758e+02
   2.0057574e+02  -1.6134581e+02   2.1300000e+02  -4.0890409e+01  -4.2000000e+01  -1.7300000e+02   1.9639408e+02
   1.9868634e+02  -1.6217855e+02   2.1300000e+02  -3.7086524e+01  -4.2000000e+01  -1.7300000e+02   1.9117541e+02
   1.9686478e+02  -1.6366071e+02   2.1300000e+02  -3.2853153e+01  -4.2000000e+01  -1.7300000e+02   1.8618021e+02
   1.9464739e+02  -1.6516996e+02   2.1300000e+02  -2.8647837e+01  -4.2000000e+01  -1.7300000e+02   1.8117043e+02
   1.9161223e+02  -1.6747271e+02   2.1300000e+02  -2.3340123e+01  -4.2000000e+01  -1.7300000e+02   1.7614764e+02
   1.8868637e+02  -1.7072015e+02   2.1300000e+02  -1.7892920e+01  -4.2000000e+01  -1.7300000e+02   1.7163147e+02
   1.8700380e+02  -1.7113400e+02   2.1300000e+02  -1.3770194e+01  -4.2000000e+01  -1.7300000e+02   1.6772613e+02
   1.8482391e+02  -1.7235997e+02   2.1300000e+02  -1.0155077e+01  -4.2000000e+01  -1.7300000e+02   1.6485403e+02
   1.8162213e+02  -1.7552697e+02   2.1300000e+02  -4.7963528e+00  -4.2000000e+01  -1.7300000e+02   1.6208202e+02
   1.7799635e+02  -1.7858354e+02   2.1300000e+02   1.2348938e+00  -4.2000000e+01  -1.7300000e+02   1.5846910e+02
   1.7465368e+02  -1.8159432e+02   2.1300000e+02   7.1939968e+00  -4.2000000e+01  -1.7300000e+02   1.5526615e+02
   1.7196935e+02  -1.8270223e+02   2.1300000e+02   1.1109285e+01  -4.2000000e+01  -1.7300000e+02   1.5379424e+02
   1.6926131e+02  -1.8324325e+02   2.1300000e+02   1.5356967e+01  -4.2000000e+01  -1.7300000e+02   1.5038379e+02
   1.6639384e+02  -1.8462801e+02   2.1300000e+02   1.9898019e+01  -4.2000000e+01  -1.7300000e+02   1.4690624e+02
   1.6197629e+02  -1.8828204e+02   2.1300000e+02   2.5451748e+01  -4.2000000e+01  -1.7300000e+02   1.4279972e+02
   1.5932480e+02  -1.9185615e+02   2.1300000e+02   2.9953493e+01  -4.2000000e+01  -1.7300000e+02   1.4165957e+02
   1.5715188e+02  -1.9397849e+02   2.1300000e+02   3.3304703e+01  -4.2000000e+01  -1.7300000e+02   1.3959542e+02
   1.5579755e+02  -1.9284094e+02   2.1300000e+02   3.4420450e+01  -4.2000000e+01  -1.7300000e+02   1.3781965e+02
   1.5442217e+02  -1.9361397e+02   2.1300000e+02   3.6814531e+01  -4.2000000e+01  -1.7300000e+02   1.3594713e+02
   1.5271135e+02  -1.9645043e+02   2.1300000e+02   3.8729944e+01  -4.2000000e+01  -1.7300000e+02   1.3328841e+02
   1.5064977e+02  -1.9846300e+02   2.1300000e+02   4.0840346e+01  -4.2000000e+01  -1.7300000e+02   1.3138671e+02
   1.4912587e+02  -2.0012503e+02   2.1300000e+02   4.3085695e+01  -4.2000000e+01  -1.7300000e+02   1.2961947e+02
   1.4708335e+02  -2.0317557e+02   2.1300000e+02   4.5123323e+01  -4.2000000e+01  -1.7300000e+02   1.2763963e+02
   1.4461980e+02  -2.0716624e+02   2.1300000e+02   4.7245051e+01  -4.2000000e+01  -1.7300000e+02   1.2456707e+02
   1.4294805e+02  -2.1241558e+02   2.1300000e+02   5.0489776e+01  -4.2000000e+01  -1.7300000e+02   1.2204989e+02
