   1.1100354e+01   1.3542783e+01  -1.7871790e+02  -1.2790475e+01   9.7682377e+01  -5.0127905e+01  -2.0594440e+02
   7.3443621e+00   1.5881262e+01  -1.8009942e+02  -1.4728324e+01   9.6088847e+01  -5.0012856e+01  -1.9921325e+02
   3.6035324e+00   1.2609871e+01  -1.8148876e+02  -1.6655596e+01   9.4497550e+01  -4.9948903e+01  -1.9248693e+02
  -1.3729720e-01   9.3384790e+00  -1.8287810e+02  -1.8582867e+01   9.2906253e+01  -4.9884951e+01  -1.8576061e+02
  -3.4600706e+00   7.0000000e+00  -1.9367343e+02  -7.8102684e+00   9.6971584e+01  -5.0000000e+01  -1.8722468e+02
  -7.9656338e+00   7.0000000e+00  -2.0494363e+02   2.2174780e+00   1.0213766e+02  -5.0000000e+01  -1.8566612e+02
  -1.1471298e+01   7.0000000e+00  -2.1454780e+02   8.9106677e+00   1.0737873e+02  -5.0000000e+01  -1.8163184e+02
  -1.2167142e+01   7.0000000e+00  -2.1993421e+02   1.3887765e+01   1.1228313e+02  -5.0000000e+01  -1.7734311e+02
  -1.2514169e+01   7.0000000e+00  -2.2270771e+02   1.8521341e+01   1.1657784e+02  -5.0000000e+01  -1.7341785e+02
  -1.2800045e+01   7.0000000e+00  -2.2529369e+02   2.2680368e+01   1.2004823e+02  -5.0000000e+01  -1.7028601e+02
  -1.2568783e+01   7.0000000e+00  -2.2766168e+02   2.7014600e+01   1.2349466e+02  -5.0000000e+01  -1.6725631e+02
  -1.0954347e+01   7.0000000e+00  -2.3107583e+02   3.2936806e+01   1.2710142e+02  -5.0000000e+01  -1.6504690e+02
  -7.0381678e+00   7.0000000e+00  -2.3472644e+02   4.0103511e+01   1.3119487e+02  -5.0000000e+01  -1.6325622e+02
  -4.9436644e+00   7.0000000e+00  -2.3793406e+02   4.2298219e+01   1.3513780e+02  -5.0000000e+01  -1.6162226e+02
  -5.6473074e+00   7.0000000e+00  -2.3708561e+02   4.1676797e+01   1.3926194e+02  -5.0000000e+01  -1.6100916e+02
  -4.1229510e+00   7.0000000e+00  -2.3741492e+02   3.8814881e+01   1.4300242e+02  -5.0000000e+01  -1.6160670e+02
  -3.7848386e+00   7.0000000e+00  -2.3682857e+02   3.6643644e+01   1.4664846e+02  -5.0000000e+01  -1.6351337e+02
  -2.4401412e+00   7.0000000e+00  -2.3745398e+02   3.5053671e+01   1.4997135e+02  -5.0000000e+01  -1.6636842e+02
  -2.2803752e+00   7.0000000e+00  -2.3712275e+02   3.3939623e+01   1.5301769e+02  -5.0000000e+01  -1.7120856e+02
  -1.9476048e+00   7.0000000e+00  -2.3692139e+02   3.2110452e+01   1.5584661e+02  -5.0000000e+01  -1.7812121e+02
  -1.1709189e+00   7.0000000e+00  -2.3591270e+02   3.1143381e+01   1.5779143e+02  -5.0000000e+01  -1.8510166e+02
  -2.4215761e-01   7.0000000e+00  -2.3411785e+02   2.8840926e+01   1.5762107e+02  -5.0000000e+01  -1.8982919e+02
   7.5204374e-01   7.0000000e+00  -2.3233215e+02   2.5886350e+01   1.5737883e+02  -5.0000000e+01  -1.9418704e+02
   8.4230910e-01   7.0000000e+00  -2.3045974e+02   2.4339147e+01   1.5710952e+02  -5.0000000e+01  -1.9817116e+02
   3.2645216e+00   7.0000000e+00  -2.2697467e+02   2.2386611e+01   1.5668932e+02  -5.0000000e+01  -2.0167269e+02
   5.9228833e+00   7.0000000e+00  -2.2249944e+02   2.0199511e+01   1.5561075e+02  -5.0000000e+01  -2.0508324e+02
   9.1647582e+00   7.0000000e+00  -2.1665103e+02   1.7801610e+01   1.5406671e+02  -5.0000000e+01  -2.0853482e+02
   1.3965608e+01   7.0000000e+00  -2.0834096e+02   1.4265644e+01   1.5182680e+02  -5.0000000e+01  -2.1188743e+02
   1.7376516e+01   7.0000000e+00  -1.9990589e+02   8.9872743e+00   1.4929731e+02  -5.0000000e+01  -2.1518822e+02
   2.2629609e+01   7.0000000e+00  -1.9168714e+02   2.5865824e+00   1.4625922e+02  -5.0000000e+01  -2.1862145e+02
   2.6478150e+01   7.0000000e+00  -1.8157109e+02  -3.9513011e+00   1.4258718e+02  -5.0000000e+01  -2.2217931e+02
   3.0120772e+01   7.0000000e+00  -1.7427464e+02  -8.1620358e+00   1.3854508e+02  -5.0000000e+01  -2.2588422e+02
   3.2696911e+01   7.0000000e+00  -1.7263975e+02  -9.7033322e+00   1.3439845e+02  -5.0000000e+01  -2.2951091e+02
   3.4939476e+01   7.0000000e+00  -1.6948660e+02  -8.8144100e+00   1.3043212e+02  -5.0000000e+01  -2.3282241e+02
   3.6378964e+01   7.0000000e+00  -1.6721223e+02  -1.0679748e+01   1.2674539e+02  -5.0000000e+01  -2.3591478e+02
   3.7456086e+01   7.0000000e+00  -1.6892544e+02  -9.2699248e+00   1.2477458e+02  -5.0000000e+01  -2.3730117e+02
   3.8399820e+01   7.0000000e+00  -1.6691630e+02  -9.1571145e+00   1.2289606e+02  -5.0000000e+01  -2.3910815e+02
   3.7057227e+01   7.0000000e+00  -1.6807479e+02  -9.2982280e+00   1.2173937e+02  -5.0000000e+01  -2.4257847e+02
   3.6326811e+01   7.0000000e+00  -1.7013059e+02  -9.4624604e+00   1.2059486e+02  -5.0000000e+01  -2.4606232e+02
   3.5683793e+01   7.0000000e+00  -1.6922134e+02  -8.4864491e+00   1.1953528e+02  -5.0000000e+01  -2.4934439e+02
   2.9828708e+01   7.0000000e+00  -1.6353905e+02  -1.0160992e+01   1.1839652e+02  -5.0000000e+01  -2.5257242e+02
   2.7481677e+01   7.0000000e+00  -1.5953841e+02  -1.3560748e+01   1.1509499e+02  -5.0000000e+01  -2.5060473e+02
   2.4675782e+01   7.0000000e+00  -1.5710530e+02  -1.4985880e+01   1.1118930e+02  -5.0000000e+01  -2.4618736e+02
   2.0422563e+01   7.0000000e+00  -1.6038687e+02  -1.4919690e+01   1.0648539e+02  -5.0000000e+01  -2.3932281e+02
   1.7147683e+01   7.0000000e+00  -1.6167434e+02  -1.4410087e+01   1.0128236e+02  -5.0000000e+01  -2.3150284e+02
   1.2024050e+01   7.0000000e+00  -1.6675717e+02  -1.3862095e+01   9.8219919e+01  -5.0000000e+01  -2.2599550e+02
   6.9487416e+00   7.0000000e+00  -1.7629998e+02  -1.0366792e+01   9.7317377e+01  -5.0000000e+01  -2.2052288e+02
   2.6172390e+00   7.0000000e+00  -1.8710599e+02  -4.6907848e+00   9.8956294e+01  -5.0000000e+01  -2.1431210e+02
  -4.0309768e+00   7.0000000e+00  -1.9828507e+02   1.8599611e+00   1.0214919e+02  -5.0000000e+01  -2.0881417e+02
  -1.0286676e+01   7.0000000e+00  -2.0947720e+02   7.2452835e+00   1.0682581e+02  -5.0000000e+01  -2.0324930e+02
  -1.1937183e+01   7.0000000e+00  -2.1723874e+02   1.0556837e+01   1.1143774e+02  -5.0000000e+01  -1.9747527e+02
  -1.3434583e+01   7.0000000e+00  -2.2154448e+02   1.3620031e+01   1.1575025e+02  -5.0000000e+01  -1.9187598e+02
  -1.4522670e+01   7.0000000e+00  -2.2510039e+02   1.7346852e+01   1.1930133e+02  -5.0000000e+01  -1.8725430e+02
  -1.5857959e+01   7.0000000e+00  -2.2692862e+02   2.0766023e+01   1.2256541e+02  -5.0000000e+01  -1.8297673e+02
  -1.6251293e+01   7.0000000e+00  -2.2848966e+02   2.4434797e+01   1.2577675e+02  -5.0000000e+01  -1.7890365e+02
  -1.4979263e+01   7.0000000e+00  -2.3021961e+02   2.9736481e+01   1.2892972e+02  -5.0000000e+01  -1.7547032e+02
  -1.2853297e+01   7.0000000e+00  -2.3278261e+02   3.6182003e+01   1.3241754e+02  -5.0000000e+01  -1.7272096e+02
  -9.4924574e+00   7.0000000e+00  -2.3570253e+02   4.0917477e+01   1.3617472e+02  -5.0000000e+01  -1.7162563e+02
  -8.6925275e+00   7.0000000e+00  -2.3627121e+02   4.0594869e+01   1.3955337e+02  -5.0000000e+01  -1.7091631e+02
  -7.1436220e+00   7.0000000e+00  -2.3740218e+02   3.8574431e+01   1.4272270e+02  -5.0000000e+01  -1.7045813e+02
  -6.3159111e+00   7.0000000e+00  -2.3934972e+02   3.7118175e+01   1.4583225e+02  -5.0000000e+01  -1.7069339e+02
  -4.7928023e+00   7.0000000e+00  -2.3922096e+02   3.4626328e+01   1.4850668e+02  -5.0000000e+01  -1.7242238e+02
  -5.5977946e+00   7.0000000e+00  -2.3851786e+02   3.3682880e+01   1.5121153e+02  -5.0000000e+01  -1.7512258e+02
  -4.1237700e+00   7.0000000e+00  -2.4009176e+02   3.1715459e+01   1.5419546e+02  -5.0000000e+01  -1.8009881e+02
  -3.7418042e+00   7.0000000e+00  -2.3997660e+02   3.0535599e+01   1.5684653e+02  -5.0000000e+01  -1.8653271e+02
  -2.7506782e+00   7.0000000e+00  -2.3906649e+02   2.8958693e+01   1.5795053e+02  -5.0000000e+01  -1.9236030e+02
  -2.5430980e+00   7.0000000e+00  -2.3853555e+02   2.7560687e+01   1.5848594e+02  -5.0000000e+01  -1.9639802e+02
  -1.4174832e+00   7.0000000e+00  -2.3746079e+02   2.6784311e+01   1.5883595e+02  -5.0000000e+01  -2.0011933e+02
  -9.9433009e-01   7.0000000e+00  -2.3598133e+02   2.4842453e+01   1.5895845e+02  -5.0000000e+01  -2.0347057e+02
   2.5305900e-01   7.0000000e+00  -2.3456207e+02   2.3067674e+01   1.5903539e+02  -5.0000000e+01  -2.0673675e+02
   3.2783130e+00   7.0000000e+00  -2.2988812e+02   2.0535343e+01   1.5856773e+02  -5.0000000e+01  -2.0978931e+02
   6.3643178e+00   7.0000000e+00  -2.2363518e+02   1.9155466e+01   1.5752221e+02  -5.0000000e+01  -2.1278076e+02
   8.6180499e+00   7.0000000e+00  -2.1710700e+02   1.7548153e+01   1.5635589e+02  -5.0000000e+01  -2.1572137e+02
   1.2587153e+01   7.0000000e+00  -2.0871092e+02   1.3112278e+01   1.5476521e+02  -5.0000000e+01  -2.1845819e+02
   1.7642314e+01   7.0000000e+00  -1.9909638e+02   7.6861555e+00   1.5282801e+02  -5.0000000e+01  -2.2138226e+02
   2.4118465e+01   7.0000000e+00  -1.8833473e+02   9.7958148e-01   1.5022288e+02  -5.0000000e+01  -2.2451430e+02
   2.8619066e+01   7.0000000e+00  -1.7714784e+02  -4.8077314e+00   1.4700453e+02  -5.0000000e+01  -2.2801731e+02
   3.1289866e+01   7.0000000e+00  -1.7200304e+02  -8.2325494e+00   1.4346283e+02  -5.0000000e+01  -2.3172596e+02
   3.3682272e+01   7.0000000e+00  -1.7253805e+02  -7.2789295e+00   1.3992988e+02  -5.0000000e+01  -2.3522663e+02
   3.5719073e+01   7.0000000e+00  -1.7102515e+02  -7.1981469e+00   1.3648238e+02  -5.0000000e+01  -2.3859019e+02
   3.6614681e+01   7.0000000e+00  -1.6888929e+02  -7.8915843e+00   1.3323648e+02  -5.0000000e+01  -2.4185883e+02
   3.7058212e+01   7.0000000e+00  -1.7129829e+02  -7.2360405e+00   1.3147874e+02  -5.0000000e+01  -2.4469284e+02
   3.6974556e+01   7.0000000e+00  -1.7193041e+02  -6.5289845e+00   1.2974519e+02  -5.0000000e+01  -2.4753725e+02
   3.6628092e+01   7.0000000e+00  -1.7440148e+02  -5.9119507e+00   1.2910618e+02  -5.0000000e+01  -2.4968612e+02
   3.6220720e+01   7.0000000e+00  -1.7528418e+02  -5.9720366e+00   1.2855466e+02  -5.0000000e+01  -2.5178921e+02
   3.6611885e+01   7.0000000e+00  -1.7652092e+02  -4.6489615e+00   1.2811557e+02  -5.0000000e+01  -2.5361726e+02
   3.7210540e+01   7.0000000e+00  -1.7745930e+02  -3.8199005e+00   1.2776039e+02  -5.0000000e+01  -2.5514513e+02
   3.8061970e+01   7.0000000e+00  -1.7593309e+02  -4.7943425e+00   1.2745823e+02  -5.0000000e+01  -2.5639602e+02
   3.7610138e+01   7.0000000e+00  -1.7580631e+02  -4.9882059e+00   1.2720432e+02  -5.0000000e+01  -2.5738857e+02
   3.5003561e+01   7.0000000e+00  -1.7630206e+02  -7.0443501e+00   1.2698878e+02  -5.0000000e+01  -2.5819279e+02
   3.2111556e+01   7.0000000e+00  -1.8167737e+02  -6.1332194e+00   1.2682717e+02  -5.0000000e+01  -2.5874385e+02
   2.7358793e+01   7.0000000e+00  -1.8049006e+02  -5.4238302e+00   1.2662178e+02  -5.0000000e+01  -2.5779633e+02
   2.0388651e+01   7.0000000e+00  -1.7093987e+02  -7.2588084e+00   1.2531853e+02  -5.0000000e+01  -2.5315504e+02
   1.5931410e+01   7.0000000e+00  -1.6383754e+02  -8.7243820e+00   1.2124217e+02  -5.0000000e+01  -2.4687534e+02
   1.3097612e+01   7.0000000e+00  -1.5840013e+02  -1.2394424e+01   1.1679550e+02  -5.0000000e+01  -2.4093067e+02
   8.5018996e+00   7.0000000e+00  -1.6474648e+02  -1.2463129e+01   1.1199389e+02  -5.0000000e+01  -2.3393867e+02
   3.0682165e+00   7.0000000e+00  -1.7420021e+02  -1.1225394e+01   1.0791226e+02  -5.0000000e+01  -2.2694737e+02
  -2.2315315e+00   7.0000000e+00  -1.8475072e+02  -7.3405972e+00   1.0591686e+02  -5.0000000e+01  -2.1959310e+02
  -6.0006826e+00   7.0000000e+00  -1.9518457e+02  -3.9032689e+00   1.0619119e+02  -5.0000000e+01  -2.1181259e+02
  -9.6286624e+00   7.0000000e+00  -2.0486226e+02   7.8025389e-01   1.0825150e+02  -5.0000000e+01  -2.0462921e+02
  -1.3184766e+01   7.0000000e+00  -2.1251897e+02   4.8263140e+00   1.1059439e+02  -5.0000000e+01  -1.9775304e+02
  -1.6323329e+01   7.0000000e+00  -2.1820942e+02   1.0054101e+01   1.1338756e+02  -5.0000000e+01  -1.9204618e+02
  -1.6919161e+01   7.0000000e+00  -2.2291695e+02   1.7102768e+01   1.1661988e+02  -5.0000000e+01  -1.8833386e+02
  -1.7359809e+01   7.0000000e+00  -2.2431336e+02   2.4946707e+01   1.1989153e+02  -5.0000000e+01  -1.8518752e+02
  -1.7308370e+01   7.0000000e+00  -2.2578501e+02   3.2796336e+01   1.2325562e+02  -5.0000000e+01  -1.8214423e+02
  -1.5972689e+01   7.0000000e+00  -2.2758751e+02   3.9976342e+01   1.2720473e+02  -5.0000000e+01  -1.7974130e+02
  -1.4939152e+01   7.0000000e+00  -2.2806294e+02   4.4068455e+01   1.3109898e+02  -5.0000000e+01  -1.7743495e+02
  -1.3661927e+01   7.0000000e+00  -2.2856672e+02   4.3242385e+01   1.3452346e+02  -5.0000000e+01  -1.7593892e+02
  -1.2145816e+01   7.0000000e+00  -2.2869126e+02   4.1226870e+01   1.3777070e+02  -5.0000000e+01  -1.7455986e+02
  -1.0763316e+01   7.0000000e+00  -2.2975153e+02   3.8479770e+01   1.4048743e+02  -5.0000000e+01  -1.7418862e+02
  -8.6604361e+00   7.0000000e+00  -2.3213672e+02   3.6906761e+01   1.4319747e+02  -5.0000000e+01  -1.7423571e+02
  -5.9434811e+00   7.0000000e+00  -2.3516241e+02   3.4807139e+01   1.4585029e+02  -5.0000000e+01  -1.7468613e+02
  -4.1060653e+00   7.0000000e+00  -2.3703769e+02   3.3064880e+01   1.4855578e+02  -5.0000000e+01  -1.7578140e+02
  -3.7058955e+00   7.0000000e+00  -2.3709300e+02   3.3013034e+01   1.5126870e+02  -5.0000000e+01  -1.7758999e+02
  -4.3300393e+00   7.0000000e+00  -2.3627848e+02   3.2482700e+01   1.5372295e+02  -5.0000000e+01  -1.8083305e+02
  -2.8620044e+00   7.0000000e+00  -2.3617868e+02   3.1808185e+01   1.5562793e+02  -5.0000000e+01  -1.8559083e+02
  -1.3172741e+00   7.0000000e+00  -2.3496362e+02   2.9535322e+01   1.5675953e+02  -5.0000000e+01  -1.9113335e+02
   5.3935102e-01   7.0000000e+00  -2.3448971e+02   2.8048812e+01   1.5645185e+02  -5.0000000e+01  -1.9680568e+02
   1.4992729e+00   7.0000000e+00  -2.3295208e+02   2.6623530e+01   1.5586453e+02  -5.0000000e+01  -2.0063080e+02
   2.5028401e+00   7.0000000e+00  -2.3087437e+02   2.4648410e+01   1.5525833e+02  -5.0000000e+01  -2.0424246e+02
   4.1619566e+00   7.0000000e+00  -2.2746757e+02   2.2964374e+01   1.5456244e+02  -5.0000000e+01  -2.0755804e+02
   7.0353736e+00   7.0000000e+00  -2.2388195e+02   2.2004531e+01   1.5274578e+02  -5.0000000e+01  -2.1010210e+02
   9.1100105e+00   7.0000000e+00  -2.1933670e+02   2.0233778e+01   1.5092664e+02  -5.0000000e+01  -2.1266962e+02
   1.1741030e+01   7.0000000e+00  -2.1435312e+02   1.7635264e+01   1.4895255e+02  -5.0000000e+01  -2.1524084e+02
   1.3935375e+01   7.0000000e+00  -2.0854857e+02   1.4413466e+01   1.4675604e+02  -5.0000000e+01  -2.1791241e+02
   1.7135738e+01   7.0000000e+00  -2.0227503e+02   1.1784726e+01   1.4440098e+02  -5.0000000e+01  -2.2051038e+02
   2.0488839e+01   7.0000000e+00  -1.9663801e+02   7.7773508e+00   1.4182427e+02  -5.0000000e+01  -2.2300635e+02
   2.2690395e+01   7.0000000e+00  -1.9013621e+02   4.3329969e+00   1.3917646e+02  -5.0000000e+01  -2.2532108e+02
   2.4968587e+01   7.0000000e+00  -1.8545717e+02   1.9490703e+00   1.3632051e+02  -5.0000000e+01  -2.2745814e+02
   2.6712206e+01   7.0000000e+00  -1.8139189e+02  -5.6759128e-01   1.3344455e+02  -5.0000000e+01  -2.2949919e+02
   2.8222174e+01   7.0000000e+00  -1.7996747e+02  -3.7239481e+00   1.3057307e+02  -5.0000000e+01  -2.3141444e+02
   2.8990890e+01   7.0000000e+00  -1.7703512e+02  -5.1841109e+00   1.2786499e+02  -5.0000000e+01  -2.3313118e+02
   2.9071939e+01   7.0000000e+00  -1.7415546e+02  -8.3392807e+00   1.2539255e+02  -5.0000000e+01  -2.3474848e+02
   2.9848260e+01   7.0000000e+00  -1.7289512e+02  -9.5823367e+00   1.2301799e+02  -5.0000000e+01  -2.3632680e+02
   2.8792836e+01   7.0000000e+00  -1.7377862e+02  -1.0839628e+01   1.2130268e+02  -5.0000000e+01  -2.3674690e+02
   2.6270547e+01   7.0000000e+00  -1.7387213e+02  -1.3036510e+01   1.1936742e+02  -5.0000000e+01  -2.3305174e+02
   2.2923977e+01   7.0000000e+00  -1.7336829e+02  -1.5656415e+01   1.1581109e+02  -5.0000000e+01  -2.3000521e+02
   1.9004884e+01   7.0000000e+00  -1.6996488e+02  -1.7740959e+01   1.0867804e+02  -5.0000000e+01  -2.2417874e+02
   1.2977435e+01   7.0000000e+00  -1.7506180e+02  -1.5698498e+01   1.0537470e+02  -5.0000000e+01  -2.1921707e+02
   9.3235724e+00   7.0000000e+00  -1.8196108e+02  -1.3587487e+01   1.0405758e+02  -5.0000000e+01  -2.1514983e+02
   4.8548982e+00   7.0000000e+00  -1.9017774e+02  -1.0172886e+01   1.0447723e+02  -5.0000000e+01  -2.1006102e+02
   5.6864262e-01   7.0000000e+00  -1.9992218e+02  -5.9127282e+00   1.0619000e+02  -5.0000000e+01  -2.0403079e+02
  -5.2077454e+00   7.0000000e+00  -2.0993088e+02  -1.4066962e+00   1.0992453e+02  -5.0000000e+01  -1.9725513e+02
  -9.5899837e+00   7.0000000e+00  -2.1837052e+02   2.9849273e+00   1.1403608e+02  -5.0000000e+01  -1.9031104e+02
  -1.2575393e+01   7.0000000e+00  -2.2317432e+02   7.4780582e+00   1.1823298e+02  -5.0000000e+01  -1.8416988e+02
  -1.3536457e+01   7.0000000e+00  -2.2623963e+02   1.1519263e+01   1.2122532e+02  -5.0000000e+01  -1.7999687e+02
  -1.3967462e+01   7.0000000e+00  -2.2804927e+02   1.5913008e+01   1.2406178e+02  -5.0000000e+01  -1.7643669e+02
  -1.5363890e+01   7.0000000e+00  -2.2832096e+02   2.0660269e+01   1.2652710e+02  -5.0000000e+01  -1.7385264e+02
  -1.4993922e+01   7.0000000e+00  -2.2979109e+02   2.6801159e+01   1.2913882e+02  -5.0000000e+01  -1.7198474e+02
  -1.2567964e+01   7.0000000e+00  -2.3275688e+02   3.3155560e+01   1.3242679e+02  -5.0000000e+01  -1.7131572e+02
  -1.0979980e+01   7.0000000e+00  -2.3499705e+02   3.7151057e+01   1.3580174e+02  -5.0000000e+01  -1.7094257e+02
  -1.0015121e+01   7.0000000e+00  -2.3623755e+02   3.6619154e+01   1.3900021e+02  -5.0000000e+01  -1.7181357e+02
  -9.4290338e+00   7.0000000e+00  -2.3669816e+02   3.5197347e+01   1.4205263e+02  -5.0000000e+01  -1.7272554e+02
  -7.7961228e+00   7.0000000e+00  -2.3779328e+02   3.4135400e+01   1.4485248e+02  -5.0000000e+01  -1.7410126e+02
  -6.4799505e+00   7.0000000e+00  -2.3904478e+02   3.3040326e+01   1.4759684e+02  -5.0000000e+01  -1.7560401e+02
  -5.4459314e+00   7.0000000e+00  -2.3903660e+02   3.1871485e+01   1.4986254e+02  -5.0000000e+01  -1.7836906e+02
  -5.1909091e+00   7.0000000e+00  -2.3931866e+02   3.1251302e+01   1.5233277e+02  -5.0000000e+01  -1.8253008e+02
  -4.0144227e+00   7.0000000e+00  -2.3975527e+02   3.0811153e+01   1.5474320e+02  -5.0000000e+01  -1.8811537e+02
  -3.5516807e+00   7.0000000e+00  -2.3827631e+02   2.9336175e+01   1.5675224e+02  -5.0000000e+01  -1.9506975e+02
  -1.5472876e+00   7.0000000e+00  -2.3741693e+02   2.8210210e+01   1.5729301e+02  -5.0000000e+01  -1.9912915e+02
  -1.0510572e+00   7.0000000e+00  -2.3516751e+02   2.6692434e+01   1.5767303e+02  -5.0000000e+01  -2.0292470e+02
  -7.6458933e-01   7.0000000e+00  -2.3348113e+02   2.6393820e+01   1.5788128e+02  -5.0000000e+01  -2.0648638e+02
   2.9267858e-01   7.0000000e+00  -2.3140557e+02   2.4749884e+01   1.5791353e+02  -5.0000000e+01  -2.0954986e+02
   8.7758425e-01   7.0000000e+00  -2.2915487e+02   2.3101975e+01   1.5790842e+02  -5.0000000e+01  -2.1253934e+02
   4.2817802e+00   7.0000000e+00  -2.2441924e+02   2.0505797e+01   1.5747232e+02  -5.0000000e+01  -2.1518448e+02
   8.2973689e+00   7.0000000e+00  -2.1997192e+02   1.7271374e+01   1.5600112e+02  -5.0000000e+01  -2.1784880e+02
   1.2505948e+01   7.0000000e+00  -2.1144509e+02   1.5203834e+01   1.5433574e+02  -5.0000000e+01  -2.2054140e+02
   1.6723058e+01   7.0000000e+00  -2.0317647e+02   1.1330032e+01   1.5216218e+02  -5.0000000e+01  -2.2324049e+02
   2.0088965e+01   7.0000000e+00  -1.9556249e+02   6.4667956e+00   1.4967515e+02  -5.0000000e+01  -2.2592732e+02
   2.4772930e+01   7.0000000e+00  -1.8681749e+02   1.7122782e+00   1.4693783e+02  -5.0000000e+01  -2.2855558e+02
   2.7935205e+01   7.0000000e+00  -1.7929682e+02  -3.4386350e+00   1.4393182e+02  -5.0000000e+01  -2.3113833e+02
   3.0029302e+01   7.0000000e+00  -1.7871865e+02  -3.0601868e+00   1.4059875e+02  -5.0000000e+01  -2.3360621e+02
   3.0942252e+01   7.0000000e+00  -1.7617202e+02  -4.4583844e+00   1.3722113e+02  -5.0000000e+01  -2.3566609e+02
   3.2045222e+01   7.0000000e+00  -1.7623135e+02  -4.6775509e+00   1.3391395e+02  -5.0000000e+01  -2.3758819e+02
   3.3350548e+01   7.0000000e+00  -1.7579907e+02  -5.2305405e+00   1.3073140e+02  -5.0000000e+01  -2.3961833e+02
   3.4493667e+01   7.0000000e+00  -1.7302518e+02  -5.9352697e+00   1.2776232e+02  -5.0000000e+01  -2.4154658e+02
   3.5100097e+01   7.0000000e+00  -1.7027295e+02  -6.3616944e+00   1.2592499e+02  -5.0000000e+01  -2.4409344e+02
   3.4138522e+01   7.0000000e+00  -1.6952489e+02  -7.0564219e+00   1.2500670e+02  -5.0000000e+01  -2.4606170e+02
   3.4266982e+01   7.0000000e+00  -1.7214846e+02  -7.7787254e+00   1.2410805e+02  -5.0000000e+01  -2.4800206e+02
   3.3856630e+01   7.0000000e+00  -1.7557144e+02  -9.9734369e+00   1.2334313e+02  -5.0000000e+01  -2.4999094e+02
   3.2621423e+01   7.0000000e+00  -1.7701688e+02  -1.0779695e+01   1.2271887e+02  -5.0000000e+01  -2.5189108e+02
   3.2264053e+01   7.0000000e+00  -1.7593562e+02  -1.1104862e+01   1.2220549e+02  -5.0000000e+01  -2.5357470e+02
   3.0078684e+01   7.0000000e+00  -1.7211630e+02  -1.1207945e+01   1.2170945e+02  -5.0000000e+01  -2.5516208e+02
   2.5072973e+01   7.0000000e+00  -1.6550478e+02  -1.3240833e+01   1.2015418e+02  -5.0000000e+01  -2.5202261e+02
   1.9269154e+01   7.0000000e+00  -1.6530799e+02  -1.2888037e+01   1.1611532e+02  -5.0000000e+01  -2.4551401e+02
   1.4519246e+01   7.0000000e+00  -1.6199659e+02  -1.3600117e+01   1.1101190e+02  -5.0000000e+01  -2.3782111e+02
   1.1286079e+01   7.0000000e+00  -1.6282142e+02  -1.3467950e+01   1.0561168e+02  -5.0000000e+01  -2.3094015e+02
   7.5526857e+00   7.0000000e+00  -1.7188872e+02  -1.1451099e+01   1.0179343e+02  -5.0000000e+01  -2.2309680e+02
   3.0068279e+00   7.0000000e+00  -1.8211960e+02  -7.2589651e+00   1.0094954e+02  -5.0000000e+01  -2.1673429e+02
  -1.8811629e+00   7.0000000e+00  -1.9321694e+02  -2.1415328e+00   1.0260400e+02  -5.0000000e+01  -2.0997312e+02
  -5.8959229e+00   7.0000000e+00  -2.0402079e+02   3.7365265e+00   1.0584086e+02  -5.0000000e+01  -2.0349171e+02
  -9.6342075e+00   7.0000000e+00  -2.1318507e+02   7.6806524e+00   1.0945906e+02  -5.0000000e+01  -1.9699496e+02
  -1.5301017e+01   7.0000000e+00  -2.2009062e+02   1.2227524e+01   1.1362189e+02  -5.0000000e+01  -1.9132518e+02
  -1.6152108e+01   7.0000000e+00  -2.2462914e+02   1.5241513e+01   1.1736277e+02  -5.0000000e+01  -1.8665316e+02
  -1.6541413e+01   7.0000000e+00  -2.2562861e+02   1.9219430e+01   1.2089879e+02  -5.0000000e+01  -1.8259993e+02
  -1.7105980e+01   7.0000000e+00  -2.2494531e+02   2.4507593e+01   1.2369430e+02  -5.0000000e+01  -1.8000300e+02
  -1.6811825e+01   7.0000000e+00  -2.2518555e+02   3.0258732e+01   1.2646544e+02  -5.0000000e+01  -1.7775834e+02
  -1.4675285e+01   7.0000000e+00  -2.2787538e+02   3.6713119e+01   1.2985003e+02  -5.0000000e+01  -1.7626905e+02
  -1.2045839e+01   7.0000000e+00  -2.3033352e+02   4.2195141e+01   1.3339343e+02  -5.0000000e+01  -1.7494400e+02
  -1.1104729e+01   7.0000000e+00  -2.3202093e+02   4.2675928e+01   1.3669244e+02  -5.0000000e+01  -1.7360443e+02
  -1.0167399e+01   7.0000000e+00  -2.3372409e+02   4.1033574e+01   1.3987048e+02  -5.0000000e+01  -1.7272680e+02
  -8.8618673e+00   7.0000000e+00  -2.3507970e+02   3.8711436e+01   1.4293569e+02  -5.0000000e+01  -1.7235199e+02
  -6.3382092e+00   7.0000000e+00  -2.3770404e+02   3.6793953e+01   1.4584842e+02  -5.0000000e+01  -1.7263541e+02
  -4.4817255e+00   7.0000000e+00  -2.3960400e+02   3.4425510e+01   1.4891574e+02  -5.0000000e+01  -1.7357121e+02
  -4.0689879e+00   7.0000000e+00  -2.4037855e+02   3.4126479e+01   1.5241158e+02  -5.0000000e+01  -1.7650734e+02
  -2.5688476e+00   7.0000000e+00  -2.4100051e+02   3.3346732e+01   1.5593064e+02  -5.0000000e+01  -1.8032567e+02
  -2.1388753e+00   7.0000000e+00  -2.3962513e+02   3.1879837e+01   1.5813092e+02  -5.0000000e+01  -1.8579438e+02
  -1.2638271e+00   7.0000000e+00  -2.3822575e+02   3.0375893e+01   1.5865586e+02  -5.0000000e+01  -1.9007758e+02
   1.0839123e+00   7.0000000e+00  -2.3666846e+02   2.8928296e+01   1.5805835e+02  -5.0000000e+01  -1.9314154e+02
   2.0385216e+00   7.0000000e+00  -2.3444029e+02   2.7488125e+01   1.5746354e+02  -5.0000000e+01  -1.9619170e+02
   3.5811188e+00   7.0000000e+00  -2.3206902e+02   2.6046197e+01   1.5683613e+02  -5.0000000e+01  -1.9922105e+02
   5.6378488e+00   7.0000000e+00  -2.2742750e+02   2.4126984e+01   1.5595117e+02  -5.0000000e+01  -2.0211173e+02
   7.4766045e+00   7.0000000e+00  -2.2291023e+02   2.1121924e+01   1.5465529e+02  -5.0000000e+01  -2.0509109e+02
   1.0537842e+01   7.0000000e+00  -2.1683758e+02   1.8778932e+01   1.5303654e+02  -5.0000000e+01  -2.0803644e+02
   1.3742813e+01   7.0000000e+00  -2.1070608e+02   1.5491852e+01   1.5105578e+02  -5.0000000e+01  -2.1091144e+02
   1.7629338e+01   7.0000000e+00  -2.0472914e+02   1.1381983e+01   1.4847042e+02  -5.0000000e+01  -2.1382603e+02
   2.1505246e+01   7.0000000e+00  -1.9741422e+02   7.6895152e+00   1.4560824e+02  -5.0000000e+01  -2.1661694e+02
   2.5032036e+01   7.0000000e+00  -1.9082304e+02   3.5714589e+00   1.4251990e+02  -5.0000000e+01  -2.1931386e+02
   2.8076964e+01   7.0000000e+00  -1.8416694e+02   2.7211455e-01   1.3870843e+02  -5.0000000e+01  -2.2163073e+02
   3.0697684e+01   7.0000000e+00  -1.8235612e+02  -1.7219158e+00   1.3478568e+02  -5.0000000e+01  -2.2358614e+02
   3.2874844e+01   7.0000000e+00  -1.8147086e+02  -2.1969935e+00   1.3087180e+02  -5.0000000e+01  -2.2541573e+02
   3.4686796e+01   7.0000000e+00  -1.7997662e+02  -1.8901260e+00   1.2790928e+02  -5.0000000e+01  -2.2605290e+02
   3.6391097e+01   7.0000000e+00  -1.7748197e+02  -2.0294358e+00   1.2522640e+02  -5.0000000e+01  -2.2680629e+02
   3.7733779e+01   7.0000000e+00  -1.7537983e+02  -3.2519838e+00   1.2350617e+02  -5.0000000e+01  -2.2819102e+02
   3.8213340e+01   7.0000000e+00  -1.7432358e+02  -3.3749569e+00   1.2200946e+02  -5.0000000e+01  -2.2952438e+02
   3.8707851e+01   7.0000000e+00  -1.7532515e+02  -3.8390054e+00   1.2185943e+02  -5.0000000e+01  -2.3077646e+02
   3.8894393e+01   7.0000000e+00  -1.7551243e+02  -4.2928795e+00   1.2171342e+02  -5.0000000e+01  -2.3203479e+02
   3.7266380e+01   7.0000000e+00  -1.7622154e+02  -4.2854020e+00   1.2159302e+02  -5.0000000e+01  -2.3324568e+02
   3.4223926e+01   7.0000000e+00  -1.7488941e+02  -6.9452004e+00   1.2120581e+02  -5.0000000e+01  -2.3409274e+02
   3.0902985e+01   7.0000000e+00  -1.7527610e+02  -9.3137666e+00   1.2006183e+02  -5.0000000e+01  -2.3114264e+02
   2.8134564e+01   7.0000000e+00  -1.7383171e+02  -1.3129975e+01   1.1739207e+02  -5.0000000e+01  -2.2515965e+02
   2.3652941e+01   7.0000000e+00  -1.6923169e+02  -1.4908947e+01   1.1093492e+02  -5.0000000e+01  -2.1806073e+02
   1.7871809e+01   7.0000000e+00  -1.7264002e+02  -1.4146798e+01   1.0739108e+02  -5.0000000e+01  -2.1353441e+02
   1.2869623e+01   7.0000000e+00  -1.8163028e+02  -9.3864610e+00   1.0645253e+02  -5.0000000e+01  -2.1013354e+02
   6.9466126e+00   7.0000000e+00  -1.9239840e+02  -2.5817685e+00   1.0669719e+02  -5.0000000e+01  -2.0701637e+02
   1.1715646e+00   7.0000000e+00  -2.0371460e+02   4.8558192e+00   1.0920863e+02  -5.0000000e+01  -2.0396084e+02
  -4.2297463e+00   7.0000000e+00  -2.1538026e+02   1.2766524e+01   1.1312977e+02  -5.0000000e+01  -1.9967689e+02
  -7.9271667e+00   7.0000000e+00  -2.2602862e+02   1.7960733e+01   1.1888767e+02  -5.0000000e+01  -1.9347297e+02
  -8.9824319e+00   7.0000000e+00  -2.3312734e+02   2.0871292e+01   1.2445211e+02  -5.0000000e+01  -1.8704228e+02
  -1.0044164e+01   7.0000000e+00  -2.3593733e+02   2.3360367e+01   1.2876025e+02  -5.0000000e+01  -1.8146261e+02
  -1.1636354e+01   7.0000000e+00  -2.3658890e+02   2.7614378e+01   1.3222826e+02  -5.0000000e+01  -1.7692956e+02
  -1.1590319e+01   7.0000000e+00  -2.3751382e+02   3.1256539e+01   1.3494521e+02  -5.0000000e+01  -1.7304136e+02
  -1.0970881e+01   7.0000000e+00  -2.3804998e+02   3.5294168e+01   1.3765628e+02  -5.0000000e+01  -1.6931688e+02
  -1.1415799e+01   7.0000000e+00  -2.3662848e+02   4.1006061e+01   1.4029196e+02  -5.0000000e+01  -1.6734718e+02
  -1.0895751e+01   7.0000000e+00  -2.3472841e+02   4.4918627e+01   1.4285901e+02  -5.0000000e+01  -1.6566993e+02
  -1.0666639e+01   7.0000000e+00  -2.3397406e+02   4.4939411e+01   1.4503824e+02  -5.0000000e+01  -1.6499956e+02
  -9.9992273e+00   7.0000000e+00  -2.3487348e+02   4.3755396e+01   1.4712260e+02  -5.0000000e+01  -1.6496111e+02
  -8.8758183e+00   7.0000000e+00  -2.3642245e+02   4.2280924e+01   1.4925188e+02  -5.0000000e+01  -1.6542159e+02
  -5.9341609e+00   7.0000000e+00  -2.3920050e+02   4.0303284e+01   1.5121566e+02  -5.0000000e+01  -1.6632355e+02
  -4.4555399e+00   7.0000000e+00  -2.4064009e+02   3.8329247e+01   1.5330683e+02  -5.0000000e+01  -1.6772327e+02
  -4.0281499e+00   7.0000000e+00  -2.4121646e+02   3.7377282e+01   1.5571226e+02  -5.0000000e+01  -1.7027625e+02
  -2.7960588e+00   7.0000000e+00  -2.4103455e+02   3.6955401e+01   1.5783118e+02  -5.0000000e+01  -1.7431698e+02
  -1.4953334e+00   7.0000000e+00  -2.4100195e+02   3.4494776e+01   1.5894884e+02  -5.0000000e+01  -1.7945571e+02
  -5.3467296e-01   7.0000000e+00  -2.3923227e+02   3.2801175e+01   1.5887299e+02  -5.0000000e+01  -1.8424263e+02
   6.8932044e-01   7.0000000e+00  -2.3798107e+02   3.1329081e+01   1.5862915e+02  -5.0000000e+01  -1.8859429e+02
   2.1846731e+00   7.0000000e+00  -2.3626256e+02   2.9945771e+01   1.5789788e+02  -5.0000000e+01  -1.9151283e+02
   2.6392271e+00   7.0000000e+00  -2.3448332e+02   2.8590620e+01   1.5713792e+02  -5.0000000e+01  -1.9441862e+02
   4.6406975e+00   7.0000000e+00  -2.3111976e+02   2.6418339e+01   1.5628686e+02  -5.0000000e+01  -1.9732329e+02
   5.5389776e+00   7.0000000e+00  -2.2786084e+02   2.4274894e+01   1.5534612e+02  -5.0000000e+01  -2.0022714e+02
   5.9175678e+00   7.0000000e+00  -2.2518845e+02   2.2090859e+01   1.5427573e+02  -5.0000000e+01  -2.0315904e+02
   7.8511312e+00   7.0000000e+00  -2.2246050e+02   1.9848550e+01   1.5321087e+02  -5.0000000e+01  -2.0605913e+02
   1.1113663e+01   7.0000000e+00  -2.1732859e+02   1.8024051e+01   1.5182348e+02  -5.0000000e+01  -2.0877235e+02
   1.3938114e+01   7.0000000e+00  -2.1175320e+02   1.5136018e+01   1.4988446e+02  -5.0000000e+01  -2.1131765e+02
   1.7990877e+01   7.0000000e+00  -2.0563180e+02   1.0968892e+01   1.4744453e+02  -5.0000000e+01  -2.1389665e+02
   2.1388247e+01   7.0000000e+00  -1.9789161e+02   6.4351312e+00   1.4469130e+02  -5.0000000e+01  -2.1649366e+02
   2.5605880e+01   7.0000000e+00  -1.8911868e+02   1.6941122e+00   1.4165986e+02  -5.0000000e+01  -2.1909814e+02
   2.8871681e+01   7.0000000e+00  -1.8182686e+02  -2.4659385e+00   1.3792472e+02  -5.0000000e+01  -2.2165247e+02
   3.1155179e+01   7.0000000e+00  -1.7594474e+02  -5.7194816e+00   1.3393725e+02  -5.0000000e+01  -2.2404411e+02
   3.3313549e+01   7.0000000e+00  -1.7423975e+02  -7.6316408e+00   1.2988339e+02  -5.0000000e+01  -2.2630828e+02
   3.4417124e+01   7.0000000e+00  -1.7149822e+02  -7.4210529e+00   1.2606727e+02  -5.0000000e+01  -2.2832609e+02
   3.4153155e+01   7.0000000e+00  -1.7295135e+02  -8.4615134e+00   1.2381887e+02  -5.0000000e+01  -2.2870686e+02
   3.3271620e+01   7.0000000e+00  -1.7196451e+02  -1.1751689e+01   1.2155486e+02  -5.0000000e+01  -2.2910788e+02
   3.0066018e+01   7.0000000e+00  -1.7527422e+02  -1.3236920e+01   1.1948075e+02  -5.0000000e+01  -2.2723612e+02
   2.6813573e+01   7.0000000e+00  -1.7377712e+02  -1.5694275e+01   1.1654264e+02  -5.0000000e+01  -2.2256021e+02
   2.2446826e+01   7.0000000e+00  -1.6918778e+02  -1.5549810e+01   1.0915580e+02  -5.0000000e+01  -2.1699750e+02
   1.7315807e+01   7.0000000e+00  -1.7044794e+02  -1.8544982e+01   1.0571471e+02  -5.0000000e+01  -2.1180348e+02
   1.2206855e+01   7.0000000e+00  -1.7918305e+02  -1.3851601e+01   1.0541917e+02  -5.0000000e+01  -2.0825463e+02
   7.3086845e+00   7.0000000e+00  -1.9002026e+02  -6.7127472e+00   1.0630495e+02  -5.0000000e+01  -2.0560396e+02
   7.4326016e-01   7.0000000e+00  -2.0132274e+02   7.4035768e-01   1.0812584e+02  -5.0000000e+01  -2.0311243e+02
  -5.4922753e+00   7.0000000e+00  -2.1303557e+02   7.3788422e+00   1.1122119e+02  -5.0000000e+01  -2.0018584e+02
  -1.0334507e+01   7.0000000e+00  -2.2441692e+02   1.4550190e+01   1.1640658e+02  -5.0000000e+01  -1.9535554e+02
  -1.0946938e+01   7.0000000e+00  -2.3220290e+02   1.6971873e+01   1.2139068e+02  -5.0000000e+01  -1.8993876e+02
  -1.1152936e+01   7.0000000e+00  -2.3424429e+02   1.9973080e+01   1.2585077e+02  -5.0000000e+01  -1.8479557e+02
  -1.1804232e+01   7.0000000e+00  -2.3425487e+02   2.4388135e+01   1.2955231e+02  -5.0000000e+01  -1.8044776e+02
  -1.1992171e+01   7.0000000e+00  -2.3250228e+02   2.8762037e+01   1.3241134e+02  -5.0000000e+01  -1.7697364e+02
  -1.1781989e+01   7.0000000e+00  -2.3240681e+02   3.3441827e+01   1.3484821e+02  -5.0000000e+01  -1.7419289e+02
  -9.9069853e+00   7.0000000e+00  -2.3454805e+02   3.8240712e+01   1.3737708e+02  -5.0000000e+01  -1.7211925e+02
  -8.6941243e+00   7.0000000e+00  -2.3642227e+02   4.2135142e+01   1.4017582e+02  -5.0000000e+01  -1.7043858e+02
  -6.1851132e+00   7.0000000e+00  -2.3868954e+02   4.1010732e+01   1.4298888e+02  -5.0000000e+01  -1.6939975e+02
  -4.4539690e+00   7.0000000e+00  -2.4020877e+02   3.8596934e+01   1.4586762e+02  -5.0000000e+01  -1.6859163e+02
  -2.8290787e+00   7.0000000e+00  -2.4182819e+02   3.6693853e+01   1.4865094e+02  -5.0000000e+01  -1.6864872e+02
  -2.5631156e+00   7.0000000e+00  -2.4102507e+02   3.5055903e+01   1.5116422e+02  -5.0000000e+01  -1.7042160e+02
  -2.0907286e+00   7.0000000e+00  -2.4049916e+02   3.3931064e+01   1.5372336e+02  -5.0000000e+01  -1.7257257e+02
  -1.9875973e+00   7.0000000e+00  -2.4000831e+02   3.2631213e+01   1.5678358e+02  -5.0000000e+01  -1.7809529e+02
  -3.1102010e-01   7.0000000e+00  -2.4031581e+02   3.1055723e+01   1.5847155e+02  -5.0000000e+01  -1.8371292e+02
   1.9008982e+00   7.0000000e+00  -2.3848423e+02   2.9689391e+01   1.5805348e+02  -5.0000000e+01  -1.8883993e+02
   2.9593694e+00   7.0000000e+00  -2.3695781e+02   2.8437756e+01   1.5708155e+02  -5.0000000e+01  -1.9257167e+02
   3.7407140e+00   7.0000000e+00  -2.3391295e+02   2.6277530e+01   1.5632953e+02  -5.0000000e+01  -1.9608622e+02
   4.0313606e+00   7.0000000e+00  -2.3077579e+02   2.4891635e+01   1.5564090e+02  -5.0000000e+01  -1.9941877e+02
   6.2836444e+00   7.0000000e+00  -2.2700701e+02   2.2912110e+01   1.5487518e+02  -5.0000000e+01  -2.0243040e+02
   7.2108420e+00   7.0000000e+00  -2.2407264e+02   2.0851598e+01   1.5379068e+02  -5.0000000e+01  -2.0525407e+02
   1.0068406e+01   7.0000000e+00  -2.1914778e+02   1.9559208e+01   1.5252874e+02  -5.0000000e+01  -2.0794161e+02
   1.2997116e+01   7.0000000e+00  -2.1352244e+02   1.7237916e+01   1.5065289e+02  -5.0000000e+01  -2.1056342e+02
   1.7166697e+01   7.0000000e+00  -2.0615664e+02   1.3657987e+01   1.4836996e+02  -5.0000000e+01  -2.1317482e+02
   2.0101545e+01   7.0000000e+00  -1.9909015e+02   9.6270468e+00   1.4571877e+02  -5.0000000e+01  -2.1570760e+02
   2.3304958e+01   7.0000000e+00  -1.9178017e+02   4.9417428e+00   1.4276893e+02  -5.0000000e+01  -2.1811905e+02
   2.6225833e+01   7.0000000e+00  -1.8547928e+02   7.2125760e-03   1.3953534e+02  -5.0000000e+01  -2.2047008e+02
   2.8830603e+01   7.0000000e+00  -1.7991241e+02  -3.7624394e+00   1.3598982e+02  -5.0000000e+01  -2.2249525e+02
   3.0822477e+01   7.0000000e+00  -1.7890158e+02  -5.3875442e+00   1.3243451e+02  -5.0000000e+01  -2.2414168e+02
   3.2398687e+01   7.0000000e+00  -1.7830958e+02  -5.8710120e+00   1.2897273e+02  -5.0000000e+01  -2.2568474e+02
   3.3725299e+01   7.0000000e+00  -1.7656968e+02  -6.2500219e+00   1.2558513e+02  -5.0000000e+01  -2.2719494e+02
   3.4679146e+01   7.0000000e+00  -1.7757959e+02  -6.4371645e+00   1.2379964e+02  -5.0000000e+01  -2.2822377e+02
   3.6127210e+01   7.0000000e+00  -1.7588467e+02  -6.2533844e+00   1.2209755e+02  -5.0000000e+01  -2.2938383e+02
   3.7200118e+01   7.0000000e+00  -1.7424694e+02  -6.0837826e+00   1.2041961e+02  -5.0000000e+01  -2.3054851e+02
   3.7928313e+01   7.0000000e+00  -1.7537709e+02  -6.2877545e+00   1.2033020e+02  -5.0000000e+01  -2.3118921e+02
   3.8997015e+01   7.0000000e+00  -1.7470211e+02  -6.7543693e+00   1.2029926e+02  -5.0000000e+01  -2.3191463e+02
   3.8557820e+01   7.0000000e+00  -1.7532207e+02  -7.2091870e+00   1.2026373e+02  -5.0000000e+01  -2.3265093e+02
   3.3416406e+01   7.0000000e+00  -1.7363348e+02  -9.2149413e+00   1.1992323e+02  -5.0000000e+01  -2.3362344e+02
   2.9051631e+01   7.0000000e+00  -1.7163228e+02  -1.1762640e+01   1.1791128e+02  -5.0000000e+01  -2.3255277e+02
   2.5093939e+01   7.0000000e+00  -1.6616968e+02  -1.5182618e+01   1.1257718e+02  -5.0000000e+01  -2.2757724e+02
   2.2063405e+01   7.0000000e+00  -1.6430667e+02  -1.5746658e+01   1.0606869e+02  -5.0000000e+01  -2.2073365e+02
   1.8028764e+01   7.0000000e+00  -1.6552181e+02  -1.5697821e+01   1.0109888e+02  -5.0000000e+01  -2.1539634e+02
   1.1982905e+01   7.0000000e+00  -1.7369027e+02  -1.3138080e+01   9.8448468e+01  -5.0000000e+01  -2.1226802e+02
   7.7482004e+00   7.0000000e+00  -1.8390302e+02  -8.3368403e+00   9.8578889e+01  -5.0000000e+01  -2.0966059e+02
   1.6074921e-01   7.0000000e+00  -1.9489562e+02  -1.8125932e+00   9.9552338e+01  -5.0000000e+01  -2.0754378e+02
  -4.8348100e+00   7.0000000e+00  -2.0648638e+02   4.4501523e+00   1.0285635e+02  -5.0000000e+01  -2.0433013e+02
  -9.8238073e+00   7.0000000e+00  -2.1803448e+02   1.1777707e+01   1.0818998e+02  -5.0000000e+01  -1.9963646e+02
  -1.0813935e+01   7.0000000e+00  -2.2762152e+02   1.6408810e+01   1.1433564e+02  -5.0000000e+01  -1.9324720e+02
  -1.1353025e+01   7.0000000e+00  -2.3023865e+02   1.9954202e+01   1.1991376e+02  -5.0000000e+01  -1.8725603e+02
  -1.1477379e+01   7.0000000e+00  -2.3123476e+02   2.3671347e+01   1.2440390e+02  -5.0000000e+01  -1.8207144e+02
  -1.0908322e+01   7.0000000e+00  -2.3114403e+02   2.8472279e+01   1.2785439e+02  -5.0000000e+01  -1.7787422e+02
  -9.8128005e+00   7.0000000e+00  -2.3176564e+02   3.3980250e+01   1.3122306e+02  -5.0000000e+01  -1.7393613e+02
  -7.7688916e+00   7.0000000e+00  -2.3347970e+02   4.0340953e+01   1.3491189e+02  -5.0000000e+01  -1.7039231e+02
  -6.2211365e+00   7.0000000e+00  -2.3545327e+02   4.4368321e+01   1.3891731e+02  -5.0000000e+01  -1.6798040e+02
  -4.8805394e+00   7.0000000e+00  -2.3659593e+02   4.3181520e+01   1.4254126e+02  -5.0000000e+01  -1.6563269e+02
  -4.6315168e+00   7.0000000e+00  -2.3592163e+02   4.1320379e+01   1.4596016e+02  -5.0000000e+01  -1.6478888e+02
  -3.3337143e+00   7.0000000e+00  -2.3694850e+02   3.9510222e+01   1.4923473e+02  -5.0000000e+01  -1.6470600e+02
  -3.0948963e+00   7.0000000e+00  -2.3707476e+02   3.7930185e+01   1.5286913e+02  -5.0000000e+01  -1.6703865e+02
  -1.6051384e+00   7.0000000e+00  -2.3900751e+02   3.6770452e+01   1.5637049e+02  -5.0000000e+01  -1.6982881e+02
  -1.2783186e+00   7.0000000e+00  -2.3832367e+02   3.5021142e+01   1.5841744e+02  -5.0000000e+01  -1.7444654e+02
  -4.8138109e-01   7.0000000e+00  -2.3779588e+02   3.3448115e+01   1.6028180e+02  -5.0000000e+01  -1.7900144e+02
   5.6878194e-03   7.0000000e+00  -2.3687566e+02   3.1545177e+01   1.6019597e+02  -5.0000000e+01  -1.8306278e+02
   1.8267314e+00   7.0000000e+00  -2.3612761e+02   3.0477938e+01   1.5995690e+02  -5.0000000e+01  -1.8689878e+02
   2.5065939e+00   7.0000000e+00  -2.3405933e+02   2.8311900e+01   1.5954770e+02  -5.0000000e+01  -1.9031019e+02
   2.4883581e+00   7.0000000e+00  -2.3172691e+02   2.7317109e+01   1.5903878e+02  -5.0000000e+01  -1.9352090e+02
   4.1068223e+00   7.0000000e+00  -2.2869564e+02   2.5867647e+01   1.5841294e+02  -5.0000000e+01  -1.9621217e+02
   6.1663379e+00   7.0000000e+00  -2.2506832e+02   2.4813468e+01   1.5735440e+02  -5.0000000e+01  -1.9889319e+02
   8.4166290e+00   7.0000000e+00  -2.2097447e+02   2.1437220e+01   1.5584700e+02  -5.0000000e+01  -2.0171105e+02
   1.1514125e+01   7.0000000e+00  -2.1554835e+02   1.8171309e+01   1.5396828e+02  -5.0000000e+01  -2.0480274e+02
   1.4571089e+01   7.0000000e+00  -2.0903504e+02   1.4411179e+01   1.5171778e+02  -5.0000000e+01  -2.0793852e+02
   1.7105326e+01   7.0000000e+00  -2.0230182e+02   1.0431471e+01   1.4935548e+02  -5.0000000e+01  -2.1104774e+02
   2.1359531e+01   7.0000000e+00  -1.9448180e+02   5.1443532e+00   1.4652016e+02  -5.0000000e+01  -2.1413690e+02
   2.5416079e+01   7.0000000e+00  -1.8530896e+02  -2.4006535e-01   1.4340869e+02  -5.0000000e+01  -2.1723125e+02
   2.8591052e+01   7.0000000e+00  -1.7874522e+02  -6.0218679e+00   1.3994902e+02  -5.0000000e+01  -2.2033710e+02
   3.1063045e+01   7.0000000e+00  -1.7538120e+02  -8.4084191e+00   1.3563585e+02  -5.0000000e+01  -2.2364861e+02
   3.3390164e+01   7.0000000e+00  -1.7391650e+02  -7.4539304e+00   1.3149894e+02  -5.0000000e+01  -2.2671731e+02
   3.5568021e+01   7.0000000e+00  -1.7041984e+02  -9.5007788e+00   1.2741816e+02  -5.0000000e+01  -2.2968983e+02
   3.7343578e+01   7.0000000e+00  -1.6836996e+02  -1.1222261e+01   1.2413670e+02  -5.0000000e+01  -2.3148425e+02
   3.8319860e+01   7.0000000e+00  -1.6986595e+02  -1.0314376e+01   1.2130552e+02  -5.0000000e+01  -2.3318393e+02
   3.9858464e+01   7.0000000e+00  -1.7010967e+02  -1.0523494e+01   1.2016578e+02  -5.0000000e+01  -2.3550459e+02
   4.0365135e+01   7.0000000e+00  -1.7075926e+02  -1.0051382e+01   1.1910959e+02  -5.0000000e+01  -2.3786186e+02
   3.9381054e+01   7.0000000e+00  -1.7074407e+02  -9.5911402e+00   1.1807116e+02  -5.0000000e+01  -2.4022413e+02
   3.6687602e+01   7.0000000e+00  -1.7217410e+02  -9.1312593e+00   1.1705591e+02  -5.0000000e+01  -2.4259826e+02
   3.4957472e+01   7.0000000e+00  -1.6750147e+02  -1.0394415e+01   1.1610151e+02  -5.0000000e+01  -2.4504313e+02
   3.0397680e+01   7.0000000e+00  -1.6361327e+02  -1.1596674e+01   1.1417049e+02  -5.0000000e+01  -2.4563788e+02
   2.7490692e+01   7.0000000e+00  -1.6122117e+02  -1.5334019e+01   1.1001594e+02  -5.0000000e+01  -2.3977118e+02
   2.5711165e+01   7.0000000e+00  -1.6193407e+02  -1.5919312e+01   1.0547334e+02  -5.0000000e+01  -2.3475832e+02
   2.2515218e+01   7.0000000e+00  -1.6449609e+02  -1.5862645e+01   1.0032075e+02  -5.0000000e+01  -2.2690973e+02
   1.8357994e+01   7.0000000e+00  -1.6709204e+02  -1.6017034e+01   9.7387990e+01  -5.0000000e+01  -2.2168301e+02
   1.3042813e+01   7.0000000e+00  -1.7498831e+02  -1.3254098e+01   9.7186989e+01  -5.0000000e+01  -2.1815898e+02
   9.9224728e+00   7.0000000e+00  -1.8415430e+02  -9.6028256e+00   9.8023039e+01  -5.0000000e+01  -2.1500767e+02
   3.8833523e+00   7.0000000e+00  -1.9484644e+02  -2.8308354e+00   1.0165476e+02  -5.0000000e+01  -2.1121164e+02
  -2.0375933e+00   7.0000000e+00  -2.0586137e+02   3.2874300e+00   1.0596537e+02  -5.0000000e+01  -2.0722777e+02
  -7.0177024e+00   7.0000000e+00  -2.1680649e+02   8.5703718e+00   1.1189886e+02  -5.0000000e+01  -2.0176936e+02
  -9.9681080e+00   7.0000000e+00  -2.2640308e+02   1.3661514e+01   1.1797278e+02  -5.0000000e+01  -1.9595151e+02
  -1.1672637e+01   7.0000000e+00  -2.3019957e+02   1.7660395e+01   1.2362770e+02  -5.0000000e+01  -1.9029069e+02
  -1.1998350e+01   7.0000000e+00  -2.3056389e+02   2.0834682e+01   1.2779533e+02  -5.0000000e+01  -1.8590356e+02
  -1.1372138e+01   7.0000000e+00  -2.3065095e+02   2.5072377e+01   1.3137060e+02  -5.0000000e+01  -1.8212565e+02
  -1.0614357e+01   7.0000000e+00  -2.3042045e+02   3.0175178e+01   1.3456883e+02  -5.0000000e+01  -1.7893718e+02
  -8.1054951e+00   7.0000000e+00  -2.3295361e+02   3.5921209e+01   1.3796071e+02  -5.0000000e+01  -1.7619921e+02
  -6.5980779e+00   7.0000000e+00  -2.3527235e+02   3.9981000e+01   1.4154140e+02  -5.0000000e+01  -1.7359851e+02
  -5.6447570e+00   7.0000000e+00  -2.3551606e+02   3.9276143e+01   1.4516586e+02  -5.0000000e+01  -1.7212895e+02
  -3.6760470e+00   7.0000000e+00  -2.3696755e+02   3.7405669e+01   1.4841282e+02  -5.0000000e+01  -1.7128724e+02
  -2.4330467e+00   7.0000000e+00  -2.3771409e+02   3.5904279e+01   1.5148329e+02  -5.0000000e+01  -1.7120469e+02
  -2.3191292e+00   7.0000000e+00  -2.3790079e+02   3.4347316e+01   1.5453531e+02  -5.0000000e+01  -1.7374085e+02
  -1.5493841e+00   7.0000000e+00  -2.3809680e+02   3.2427896e+01   1.5733875e+02  -5.0000000e+01  -1.7801217e+02
  -1.1556183e+00   7.0000000e+00  -2.3694466e+02   3.1160405e+01   1.5915013e+02  -5.0000000e+01  -1.8299162e+02
  -1.5503837e+00   7.0000000e+00  -2.3633546e+02   3.0519712e+01   1.5992254e+02  -5.0000000e+01  -1.8702781e+02
  -2.5660587e-01   7.0000000e+00  -2.3554155e+02   2.8062024e+01   1.5959041e+02  -5.0000000e+01  -1.9030957e+02
   6.4970670e-01   7.0000000e+00  -2.3447126e+02   2.6976230e+01   1.5926883e+02  -5.0000000e+01  -1.9351454e+02
   8.7214757e-01   7.0000000e+00  -2.3331569e+02   2.5999871e+01   1.5893248e+02  -5.0000000e+01  -1.9663153e+02
   1.8818374e+00   7.0000000e+00  -2.3098057e+02   2.5156215e+01   1.5856293e+02  -5.0000000e+01  -1.9927903e+02
   3.0225885e+00   7.0000000e+00  -2.2896170e+02   2.3146667e+01   1.5800319e+02  -5.0000000e+01  -2.0174796e+02
   4.6806030e+00   7.0000000e+00  -2.2615550e+02   2.1887758e+01   1.5728260e+02  -5.0000000e+01  -2.0407297e+02
   7.8054520e+00   7.0000000e+00  -2.2092256e+02   2.0007487e+01   1.5615660e+02  -5.0000000e+01  -2.0637686e+02
   1.0486578e+01   7.0000000e+00  -2.1477888e+02   1.7252783e+01   1.5450307e+02  -5.0000000e+01  -2.0886226e+02
   1.4791128e+01   7.0000000e+00  -2.0656843e+02   1.4579969e+01   1.5250353e+02  -5.0000000e+01  -2.1152564e+02
   1.7881757e+01   7.0000000e+00  -1.9823993e+02   9.4172930e+00   1.4983016e+02  -5.0000000e+01  -2.1438040e+02
   2.1286220e+01   7.0000000e+00  -1.8959821e+02   3.8535832e+00   1.4695728e+02  -5.0000000e+01  -2.1731828e+02
   2.3828693e+01   7.0000000e+00  -1.8407735e+02  -1.4970676e+00   1.4356688e+02  -5.0000000e+01  -2.2046665e+02
   2.5961954e+01   7.0000000e+00  -1.7979166e+02  -6.9423525e+00   1.4008525e+02  -5.0000000e+01  -2.2355880e+02
   2.7510695e+01   7.0000000e+00  -1.7407522e+02  -1.0621352e+01   1.3665772e+02  -5.0000000e+01  -2.2655183e+02
   2.9141075e+01   7.0000000e+00  -1.7147268e+02  -1.2575677e+01   1.3330073e+02  -5.0000000e+01  -2.2921885e+02
   3.0006337e+01   7.0000000e+00  -1.7054961e+02  -1.3276300e+01   1.3008943e+02  -5.0000000e+01  -2.3158810e+02
   3.0938094e+01   7.0000000e+00  -1.7005529e+02  -1.3009482e+01   1.2701054e+02  -5.0000000e+01  -2.3366115e+02
   3.2799651e+01   7.0000000e+00  -1.6827751e+02  -1.2642938e+01   1.2416698e+02  -5.0000000e+01  -2.3509520e+02
   3.3964152e+01   7.0000000e+00  -1.6593745e+02  -1.1537488e+01   1.2150589e+02  -5.0000000e+01  -2.3640309e+02
