   1.6930356e+02  -1.7580755e+02   1.8193973e+02  -1.3036447e+01  -8.2382156e+01  -1.2231249e+02   1.5419344e+02
   1.7302675e+02  -1.7687030e+02   1.9179967e+02  -1.5101280e+01  -8.4010771e+01  -1.3622966e+02   1.6094484e+02
   1.7674995e+02  -1.7793304e+02   2.0165960e+02  -1.7166113e+01  -8.5639385e+01  -1.5014682e+02   1.6769625e+02
   1.8047314e+02  -1.7899578e+02   2.1151954e+02  -1.9230946e+01  -8.7268000e+01  -1.6406399e+02   1.7444765e+02
   1.8947298e+02  -1.6855280e+02   2.1300000e+02  -7.2773409e+00  -9.7942956e+01  -1.7300000e+02   1.8469172e+02
   1.9300372e+02  -1.6962754e+02   2.1300000e+02   1.0229386e+00  -9.0052207e+01  -1.7300000e+02   1.9408172e+02
   1.9845029e+02  -1.6581100e+02   2.1300000e+02  -1.6803091e+00  -7.9954977e+01  -1.7300000e+02   1.9983463e+02
   2.0376097e+02  -1.5976582e+02   2.1300000e+02  -8.7931777e+00  -7.0628512e+01  -1.7300000e+02   2.0308985e+02
   2.0812835e+02  -1.5574790e+02   2.1300000e+02  -1.7181580e+01  -6.2543299e+01  -1.7300000e+02   2.0426715e+02
   2.1215826e+02  -1.5212043e+02   2.1300000e+02  -2.5484768e+01  -5.5500024e+01  -1.7300000e+02   2.0691264e+02
   2.1486513e+02  -1.5024879e+02   2.1300000e+02  -3.3606694e+01  -5.0187729e+01  -1.7300000e+02   2.0951314e+02
   2.1444023e+02  -1.5186948e+02   2.1300000e+02  -4.2555522e+01  -4.4928429e+01  -1.7300000e+02   2.1162040e+02
   2.1029291e+02  -1.5503696e+02   2.1300000e+02  -5.1019675e+01  -3.9164997e+01  -1.7300000e+02   2.1368751e+02
   2.0854637e+02  -1.5649225e+02   2.1300000e+02  -5.4056469e+01  -3.6714591e+01  -1.7300000e+02   2.1230182e+02
   2.0613068e+02  -1.5909977e+02   2.1300000e+02  -4.9010439e+01  -3.6884631e+01  -1.7300000e+02   2.0763260e+02
   2.0422333e+02  -1.5935682e+02   2.1300000e+02  -4.4260330e+01  -3.7432347e+01  -1.7300000e+02   2.0142806e+02
   2.0165800e+02  -1.6097707e+02   2.1300000e+02  -3.8763262e+01  -3.7791100e+01  -1.7300000e+02   1.9422574e+02
   1.9892913e+02  -1.6259569e+02   2.1300000e+02  -3.3821666e+01  -3.8401159e+01  -1.7300000e+02   1.8732996e+02
   1.9594067e+02  -1.6525184e+02   2.1300000e+02  -2.8541505e+01  -3.9256149e+01  -1.7300000e+02   1.8102198e+02
   1.9264710e+02  -1.6804801e+02   2.1300000e+02  -2.3029020e+01  -4.0436374e+01  -1.7300000e+02   1.7537185e+02
   1.8873820e+02  -1.7092401e+02   2.1300000e+02  -1.7457145e+01  -4.1836336e+01  -1.7300000e+02   1.7037095e+02
   1.8639168e+02  -1.7165097e+02   2.1300000e+02  -1.2866560e+01  -4.2675969e+01  -1.7300000e+02   1.6512833e+02
   1.8326462e+02  -1.7333365e+02   2.1300000e+02  -7.0310130e+00  -4.2851436e+01  -1.7300000e+02   1.6114503e+02
   1.7975963e+02  -1.7703111e+02   2.1300000e+02   1.2346245e-01  -4.3208050e+01  -1.7300000e+02   1.5641118e+02
   1.7539208e+02  -1.7953072e+02   2.1300000e+02   6.3082134e+00  -4.3592563e+01  -1.7300000e+02   1.5179659e+02
   1.7289877e+02  -1.7952025e+02   2.1300000e+02   1.0769464e+01  -4.4267056e+01  -1.7300000e+02   1.4768152e+02
   1.6980358e+02  -1.7999956e+02   2.1300000e+02   1.5193210e+01  -4.4550444e+01  -1.7300000e+02   1.4383453e+02
   1.6373536e+02  -1.8463164e+02   2.1300000e+02   2.1808811e+01  -4.5971439e+01  -1.7300000e+02   1.4016949e+02
   1.6058274e+02  -1.8818850e+02   2.1300000e+02   2.7383280e+01  -4.5126567e+01  -1.7300000e+02   1.3838280e+02
   1.5662338e+02  -1.8884864e+02   2.1300000e+02   3.1333008e+01  -4.5818165e+01  -1.7300000e+02   1.3696677e+02
   1.5300942e+02  -1.9484948e+02   2.1300000e+02   3.6732787e+01  -4.4520756e+01  -1.7300000e+02   1.3412163e+02
   1.4833850e+02  -1.9978272e+02   2.1300000e+02   4.2274529e+01  -4.1321098e+01  -1.7300000e+02   1.3099578e+02
   1.4417755e+02  -2.0475687e+02   2.1300000e+02   4.7154670e+01  -3.6848240e+01  -1.7300000e+02   1.2822973e+02
   1.4063020e+02  -2.1276351e+02   2.1300000e+02   5.3829327e+01  -2.9217110e+01  -1.7300000e+02   1.2516623e+02
   1.3915556e+02  -2.1533609e+02   2.1300000e+02   5.8726173e+01  -2.2407887e+01  -1.7300000e+02   1.2150263e+02
   1.3681695e+02  -2.1797562e+02   2.1300000e+02   6.3423170e+01  -1.5792483e+01  -1.7300000e+02   1.2012477e+02
   1.3605106e+02  -2.2002103e+02   2.1300000e+02   6.6731155e+01  -1.0616824e+01  -1.7300000e+02   1.1551081e+02
   1.3727735e+02  -2.1716838e+02   2.1300000e+02   6.8160824e+01  -6.7102847e+00  -1.7300000e+02   1.1087029e+02
   1.3774504e+02  -2.1371241e+02   2.1300000e+02   6.8387671e+01  -6.6793477e+00  -1.7300000e+02   1.0730153e+02
   1.3890921e+02  -2.1307115e+02   2.1300000e+02   6.7986236e+01  -6.8921855e+00  -1.7300000e+02   1.0538586e+02
   1.4707721e+02  -2.0934333e+02   2.1300000e+02   6.8058322e+01  -8.5017818e+00  -1.7300000e+02   1.0435476e+02
   1.5089927e+02  -2.0570240e+02   2.1300000e+02   7.0256383e+01  -1.0128301e+01  -1.7300000e+02   1.1068200e+02
   1.5449877e+02  -2.0275104e+02   2.1300000e+02   7.4319859e+01  -1.2766826e+01  -1.7300000e+02   1.1908792e+02
   1.5865771e+02  -1.9827070e+02   2.1300000e+02   7.9036232e+01  -1.7526412e+01  -1.7300000e+02   1.2962030e+02
   1.6278107e+02  -1.9474803e+02   2.1300000e+02   7.7560904e+01  -2.0847569e+01  -1.7300000e+02   1.4002889e+02
   1.6934832e+02  -1.8893797e+02   2.1300000e+02   7.2312287e+01  -2.6908880e+01  -1.7300000e+02   1.4991710e+02
   1.7521181e+02  -1.8215730e+02   2.1300000e+02   6.2941821e+01  -3.2734391e+01  -1.7300000e+02   1.5874757e+02
   1.8051176e+02  -1.7588002e+02   2.1300000e+02   5.1797440e+01  -3.7970243e+01  -1.7300000e+02   1.6711834e+02
   1.8812792e+02  -1.7307207e+02   2.1300000e+02   3.9948745e+01  -4.4381289e+01  -1.7300000e+02   1.7188390e+02
   1.9500247e+02  -1.7242021e+02   2.1300000e+02   2.8106056e+01  -4.9102431e+01  -1.7300000e+02   1.7506421e+02
   2.0092481e+02  -1.6581995e+02   2.1300000e+02   1.6545854e+01  -4.9995549e+01  -1.7300000e+02   1.7995450e+02
   2.0680597e+02  -1.6067071e+02   2.1300000e+02   5.4063238e+00  -4.9460652e+01  -1.7300000e+02   1.8386701e+02
   2.1243473e+02  -1.5609073e+02   2.1300000e+02  -5.8020728e+00  -4.6739138e+01  -1.7300000e+02   1.8810530e+02
   2.1707493e+02  -1.5222652e+02   2.1300000e+02  -1.6430318e+01  -4.3258019e+01  -1.7300000e+02   1.9289041e+02
   2.2032670e+02  -1.4898280e+02   2.1300000e+02  -2.6381140e+01  -3.9504735e+01  -1.7300000e+02   1.9820040e+02
   2.2060339e+02  -1.4826538e+02   2.1300000e+02  -3.6431011e+01  -3.5836861e+01  -1.7300000e+02   2.0348507e+02
   2.1728084e+02  -1.5221069e+02   2.1300000e+02  -4.6181120e+01  -3.1890520e+01  -1.7300000e+02   2.0706313e+02
   2.1276248e+02  -1.5583836e+02   2.1300000e+02  -5.2958455e+01  -2.9946233e+01  -1.7300000e+02   2.0595753e+02
   2.1108339e+02  -1.5673188e+02   2.1300000e+02  -5.1220201e+01  -3.0943277e+01  -1.7300000e+02   2.0275369e+02
   2.0912156e+02  -1.5731260e+02   2.1300000e+02  -4.7811912e+01  -3.2290845e+01  -1.7300000e+02   1.9810542e+02
   2.0695345e+02  -1.5958286e+02   2.1300000e+02  -4.3636090e+01  -3.3822177e+01  -1.7300000e+02   1.9176571e+02
   2.0383060e+02  -1.6069002e+02   2.1300000e+02  -3.8397310e+01  -3.5728873e+01  -1.7300000e+02   1.8452756e+02
   2.0001455e+02  -1.6496806e+02   2.1300000e+02  -3.2056366e+01  -3.7626763e+01  -1.7300000e+02   1.7799501e+02
   1.9648679e+02  -1.6733375e+02   2.1300000e+02  -2.6702273e+01  -3.9645621e+01  -1.7300000e+02   1.7234597e+02
   1.9377895e+02  -1.6932816e+02   2.1300000e+02  -2.2303405e+01  -4.0887243e+01  -1.7300000e+02   1.6793111e+02
   1.9065442e+02  -1.7090729e+02   2.1300000e+02  -1.7812587e+01  -4.2027226e+01  -1.7300000e+02   1.6360787e+02
   1.8712079e+02  -1.7396925e+02   2.1300000e+02  -1.2383026e+01  -4.3592094e+01  -1.7300000e+02   1.5939662e+02
   1.8345429e+02  -1.7618453e+02   2.1300000e+02  -7.3822996e+00  -4.4686207e+01  -1.7300000e+02   1.5576077e+02
   1.7931374e+02  -1.7960700e+02   2.1300000e+02  -6.7841483e-01  -4.6209833e+01  -1.7300000e+02   1.5093582e+02
   1.7588192e+02  -1.8199875e+02   2.1300000e+02   4.6354156e+00  -4.6559242e+01  -1.7300000e+02   1.4886784e+02
   1.7416090e+02  -1.8007419e+02   2.1300000e+02   8.6303871e+00  -4.7379320e+01  -1.7300000e+02   1.4507071e+02
   1.6984423e+02  -1.8263300e+02   2.1300000e+02   1.3673389e+01  -4.8742606e+01  -1.7300000e+02   1.4128754e+02
   1.6607185e+02  -1.8689794e+02   2.1300000e+02   1.9725730e+01  -4.8117432e+01  -1.7300000e+02   1.3904093e+02
   1.6204586e+02  -1.9089195e+02   2.1300000e+02   2.5785809e+01  -4.7473762e+01  -1.7300000e+02   1.3680684e+02
   1.5870578e+02  -1.9235606e+02   2.1300000e+02   3.0261921e+01  -4.7706273e+01  -1.7300000e+02   1.3306341e+02
   1.5356998e+02  -1.9599635e+02   2.1300000e+02   3.4977894e+01  -4.8179867e+01  -1.7300000e+02   1.3198731e+02
   1.4917456e+02  -2.0129922e+02   2.1300000e+02   3.9711579e+01  -4.5385652e+01  -1.7300000e+02   1.2867328e+02
   1.4582175e+02  -2.0491897e+02   2.1300000e+02   4.3510690e+01  -4.1896866e+01  -1.7300000e+02   1.2521803e+02
   1.4210802e+02  -2.0814965e+02   2.1300000e+02   4.7695500e+01  -3.6652752e+01  -1.7300000e+02   1.2244707e+02
   1.3949763e+02  -2.1180837e+02   2.1300000e+02   5.2480888e+01  -3.1996118e+01  -1.7300000e+02   1.1892460e+02
   1.3823027e+02  -2.1615268e+02   2.1300000e+02   5.7103834e+01  -2.7158003e+01  -1.7300000e+02   1.1463171e+02
   1.3693218e+02  -2.1513319e+02   2.1300000e+02   5.9831858e+01  -2.2415380e+01  -1.7300000e+02   1.1056231e+02
   1.3683057e+02  -2.1436175e+02   2.1300000e+02   6.2473455e+01  -2.1649157e+01  -1.7300000e+02   1.0642836e+02
   1.3653778e+02  -2.1393631e+02   2.1300000e+02   6.3498731e+01  -1.8790997e+01  -1.7300000e+02   1.0416172e+02
   1.3707782e+02  -2.1167326e+02   2.1300000e+02   6.3534359e+01  -1.6453631e+01  -1.7300000e+02   1.0283564e+02
   1.3647631e+02  -2.1101956e+02   2.1300000e+02   6.3098724e+01  -1.4140677e+01  -1.7300000e+02   1.0261282e+02
   1.3557173e+02  -2.1134788e+02   2.1300000e+02   6.2871669e+01  -1.2230284e+01  -1.7300000e+02   1.0184434e+02
   1.3489748e+02  -2.1176998e+02   2.1300000e+02   6.2571947e+01  -1.0430605e+01  -1.7300000e+02   1.0209389e+02
   1.3557419e+02  -2.1051930e+02   2.1300000e+02   6.2804127e+01  -8.8719026e+00  -1.7300000e+02   1.0150320e+02
   1.3895981e+02  -2.0556505e+02   2.1300000e+02   6.2401114e+01  -8.2016512e+00  -1.7300000e+02   1.0087471e+02
   1.4262566e+02  -1.9894835e+02   2.1300000e+02   6.2302983e+01  -8.9651701e+00  -1.7300000e+02   9.9985109e+01
   1.4808622e+02  -1.9903583e+02   2.1300000e+02   6.4673999e+01  -9.3383334e+00  -1.7300000e+02   1.0620282e+02
   1.5723109e+02  -1.9637329e+02   2.1300000e+02   6.9246299e+01  -1.1408886e+01  -1.7300000e+02   1.1654944e+02
   1.6372862e+02  -1.9601802e+02   2.1300000e+02   7.5679240e+01  -1.5574812e+01  -1.7300000e+02   1.2758280e+02
   1.6869514e+02  -1.9311727e+02   2.1300000e+02   7.7960935e+01  -2.0677160e+01  -1.7300000e+02   1.3875264e+02
   1.7356172e+02  -1.8632349e+02   2.1300000e+02   7.4138787e+01  -2.4687894e+01  -1.7300000e+02   1.4995432e+02
   1.8011999e+02  -1.7974438e+02   2.1300000e+02   6.6552382e+01  -2.9952306e+01  -1.7300000e+02   1.6058470e+02
   1.8594500e+02  -1.7540282e+02   2.1300000e+02   5.6289736e+01  -3.6081654e+01  -1.7300000e+02   1.7001900e+02
   1.9173632e+02  -1.6773209e+02   2.1300000e+02   4.5109763e+01  -4.1001496e+01  -1.7300000e+02   1.7913655e+02
   1.9754101e+02  -1.6467263e+02   2.1300000e+02   3.3243462e+01  -4.5406298e+01  -1.7300000e+02   1.8545847e+02
   2.0479767e+02  -1.5924456e+02   2.1300000e+02   2.1414214e+01  -4.7606773e+01  -1.7300000e+02   1.8761947e+02
   2.1133426e+02  -1.5646448e+02   2.1300000e+02   9.6463470e+00  -4.7213236e+01  -1.7300000e+02   1.8803369e+02
   2.1511081e+02  -1.5500114e+02   2.1300000e+02  -2.4443819e+00  -4.2931398e+01  -1.7300000e+02   1.8648029e+02
   2.1630677e+02  -1.5548702e+02   2.1300000e+02  -1.4414687e+01  -3.7993228e+01  -1.7300000e+02   1.8747698e+02
   2.1664270e+02  -1.5601182e+02   2.1300000e+02  -2.6256453e+01  -3.2344145e+01  -1.7300000e+02   1.9293551e+02
   2.1447672e+02  -1.5841218e+02   2.1300000e+02  -3.7873171e+01  -2.7259768e+01  -1.7300000e+02   1.9779871e+02
   2.1313941e+02  -1.5783665e+02   2.1300000e+02  -4.7020781e+01  -2.5089928e+01  -1.7300000e+02   2.0200536e+02
   2.1413278e+02  -1.5462036e+02   2.1300000e+02  -5.0826000e+01  -2.5531680e+01  -1.7300000e+02   2.0353957e+02
   2.1325553e+02  -1.5345516e+02   2.1300000e+02  -4.9824582e+01  -2.6645496e+01  -1.7300000e+02   2.0143621e+02
   2.1107997e+02  -1.5506647e+02   2.1300000e+02  -4.5662687e+01  -2.8457472e+01  -1.7300000e+02   1.9606458e+02
   2.0875854e+02  -1.5626348e+02   2.1300000e+02  -4.2138383e+01  -2.9891237e+01  -1.7300000e+02   1.9078295e+02
   2.0653492e+02  -1.5719203e+02   2.1300000e+02  -3.8926895e+01  -3.1033134e+01  -1.7300000e+02   1.8604606e+02
   2.0436002e+02  -1.5835904e+02   2.1300000e+02  -3.5492026e+01  -3.2363362e+01  -1.7300000e+02   1.8057732e+02
   2.0055544e+02  -1.6206469e+02   2.1300000e+02  -3.0503410e+01  -3.3960893e+01  -1.7300000e+02   1.7602167e+02
   1.9724543e+02  -1.6557877e+02   2.1300000e+02  -2.5282853e+01  -3.5751135e+01  -1.7300000e+02   1.7151510e+02
   1.9380048e+02  -1.6760973e+02   2.1300000e+02  -2.0950690e+01  -3.7414011e+01  -1.7300000e+02   1.6749028e+02
   1.9089203e+02  -1.6835367e+02   2.1300000e+02  -1.6835928e+01  -3.8742760e+01  -1.7300000e+02   1.6352477e+02
   1.8911583e+02  -1.6829166e+02   2.1300000e+02  -1.4434310e+01  -3.9435078e+01  -1.7300000e+02   1.6111659e+02
   1.8700698e+02  -1.6898696e+02   2.1300000e+02  -1.1730581e+01  -4.0277335e+01  -1.7300000e+02   1.5776845e+02
   1.8402995e+02  -1.7063487e+02   2.1300000e+02  -7.4806216e+00  -4.1523120e+01  -1.7300000e+02   1.5403481e+02
   1.8051249e+02  -1.7223905e+02   2.1300000e+02  -2.5297476e+00  -4.2500347e+01  -1.7300000e+02   1.5097324e+02
   1.7711002e+02  -1.7273449e+02   2.1300000e+02   9.3166018e-01  -4.3378286e+01  -1.7300000e+02   1.4851943e+02
   1.7292358e+02  -1.7556365e+02   2.1300000e+02   6.2820641e+00  -4.4599728e+01  -1.7300000e+02   1.4507914e+02
   1.6945968e+02  -1.7719516e+02   2.1300000e+02   1.1477874e+01  -4.5539905e+01  -1.7300000e+02   1.4266953e+02
   1.6630340e+02  -1.8010045e+02   2.1300000e+02   1.6879292e+01  -4.7296909e+01  -1.7300000e+02   1.3926968e+02
   1.6256177e+02  -1.8259739e+02   2.1300000e+02   2.0761264e+01  -4.7171295e+01  -1.7300000e+02   1.3855115e+02
   1.5940331e+02  -1.8413942e+02   2.1300000e+02   2.3920864e+01  -4.7447340e+01  -1.7300000e+02   1.3733080e+02
   1.5690156e+02  -1.8777863e+02   2.1300000e+02   2.7143788e+01  -4.4940118e+01  -1.7300000e+02   1.3621623e+02
   1.5462827e+02  -1.8971671e+02   2.1300000e+02   2.9452641e+01  -4.4218931e+01  -1.7300000e+02   1.3387432e+02
   1.5220253e+02  -1.9298930e+02   2.1300000e+02   3.3064779e+01  -4.1785784e+01  -1.7300000e+02   1.3176515e+02
   1.5075414e+02  -1.9348258e+02   2.1300000e+02   3.6503500e+01  -4.0705313e+01  -1.7300000e+02   1.2987295e+02
   1.4914634e+02  -1.9697872e+02   2.1300000e+02   4.0295652e+01  -3.6751416e+01  -1.7300000e+02   1.2724647e+02
   1.4898957e+02  -1.9888711e+02   2.1300000e+02   4.4522559e+01  -3.2339112e+01  -1.7300000e+02   1.2440594e+02
   1.4760834e+02  -2.0050728e+02   2.1300000e+02   4.9006855e+01  -2.6392602e+01  -1.7300000e+02   1.2225161e+02
   1.4768907e+02  -2.0214316e+02   2.1300000e+02   5.5741032e+01  -2.0452015e+01  -1.7300000e+02   1.2236120e+02
   1.5104405e+02  -1.9597936e+02   2.1300000e+02   6.0991275e+01  -1.7833053e+01  -1.7300000e+02   1.2910438e+02
   1.5499286e+02  -1.9107800e+02   2.1300000e+02   6.6412564e+01  -1.8572457e+01  -1.7300000e+02   1.3446657e+02
   1.6004046e+02  -1.8931807e+02   2.1300000e+02   6.9788206e+01  -2.1345615e+01  -1.7300000e+02   1.4161505e+02
   1.6734942e+02  -1.8648626e+02   2.1300000e+02   6.6983636e+01  -2.8884268e+01  -1.7300000e+02   1.5046268e+02
   1.7334134e+02  -1.8220023e+02   2.1300000e+02   6.0112648e+01  -3.5614501e+01  -1.7300000e+02   1.5962806e+02
   1.7841214e+02  -1.7850532e+02   2.1300000e+02   5.2104781e+01  -4.1517384e+01  -1.7300000e+02   1.6878804e+02
   1.8365034e+02  -1.7438327e+02   2.1300000e+02   4.3013282e+01  -4.8460871e+01  -1.7300000e+02   1.7718507e+02
   1.8975767e+02  -1.7266563e+02   2.1300000e+02   3.3390628e+01  -5.5214988e+01  -1.7300000e+02   1.8288030e+02
   1.9589697e+02  -1.6969202e+02   2.1300000e+02   2.3554768e+01  -5.8620915e+01  -1.7300000e+02   1.8616063e+02
   2.0100494e+02  -1.6742090e+02   2.1300000e+02   1.4102345e+01  -5.9739746e+01  -1.7300000e+02   1.8731947e+02
   2.0704098e+02  -1.6166044e+02   2.1300000e+02   3.5195384e+00  -5.7014410e+01  -1.7300000e+02   1.8838630e+02
   2.1199751e+02  -1.5694972e+02   2.1300000e+02  -7.4615169e+00  -5.2524974e+01  -1.7300000e+02   1.8990165e+02
   2.1600746e+02  -1.5387568e+02   2.1300000e+02  -1.8037251e+01  -4.7820317e+01  -1.7300000e+02   1.9238137e+02
   2.1631849e+02  -1.5373766e+02   2.1300000e+02  -2.8574925e+01  -4.2265917e+01  -1.7300000e+02   1.9475947e+02
   2.1374807e+02  -1.5631247e+02   2.1300000e+02  -3.8981827e+01  -3.6543088e+01  -1.7300000e+02   1.9544189e+02
   2.1168607e+02  -1.5719948e+02   2.1300000e+02  -4.5916629e+01  -3.2445116e+01  -1.7300000e+02   1.9459673e+02
   2.1153662e+02  -1.5653433e+02   2.1300000e+02  -4.5681490e+01  -3.1717011e+01  -1.7300000e+02   1.9064093e+02
   2.0985782e+02  -1.5798618e+02   2.1300000e+02  -4.2389015e+01  -3.1771483e+01  -1.7300000e+02   1.8588091e+02
   2.0827433e+02  -1.5836308e+02   2.1300000e+02  -3.9260111e+01  -3.2337177e+01  -1.7300000e+02   1.8097229e+02
   2.0603481e+02  -1.5990940e+02   2.1300000e+02  -3.6038982e+01  -3.3058554e+01  -1.7300000e+02   1.7630437e+02
   2.0241606e+02  -1.6260190e+02   2.1300000e+02  -3.1422856e+01  -3.5163799e+01  -1.7300000e+02   1.7123652e+02
   1.9849073e+02  -1.6612727e+02   2.1300000e+02  -2.6453285e+01  -3.7090760e+01  -1.7300000e+02   1.6708344e+02
   1.9463378e+02  -1.6892967e+02   2.1300000e+02  -2.1981283e+01  -3.9158393e+01  -1.7300000e+02   1.6388771e+02
   1.9011125e+02  -1.7213079e+02   2.1300000e+02  -1.6114367e+01  -4.1175027e+01  -1.7300000e+02   1.5975769e+02
   1.8686383e+02  -1.7317518e+02   2.1300000e+02  -1.1848346e+01  -4.2297220e+01  -1.7300000e+02   1.5726289e+02
   1.8440446e+02  -1.7453584e+02   2.1300000e+02  -7.0217626e+00  -4.2813973e+01  -1.7300000e+02   1.5385278e+02
   1.8148311e+02  -1.7719078e+02   2.1300000e+02  -2.1714133e+00  -4.2309676e+01  -1.7300000e+02   1.5048859e+02
   1.7960881e+02  -1.7806342e+02   2.1300000e+02   2.1000252e+00  -4.1433093e+01  -1.7300000e+02   1.4859727e+02
   1.7647236e+02  -1.8104428e+02   2.1300000e+02   7.6350113e+00  -4.0910883e+01  -1.7300000e+02   1.4485233e+02
   1.7318793e+02  -1.8122114e+02   2.1300000e+02   1.1634921e+01  -4.2764619e+01  -1.7300000e+02   1.4155809e+02
   1.7086166e+02  -1.7907621e+02   2.1300000e+02   1.3718798e+01  -4.4989112e+01  -1.7300000e+02   1.3994802e+02
   1.6615140e+02  -1.8158223e+02   2.1300000e+02   1.9501725e+01  -4.5749086e+01  -1.7300000e+02   1.3555392e+02
   1.6206473e+02  -1.8423871e+02   2.1300000e+02   2.3869312e+01  -4.5493602e+01  -1.7300000e+02   1.3440501e+02
   1.5912941e+02  -1.8688251e+02   2.1300000e+02   2.7306523e+01  -4.5373555e+01  -1.7300000e+02   1.3358738e+02
   1.5470259e+02  -1.9010164e+02   2.1300000e+02   3.0423025e+01  -4.5017027e+01  -1.7300000e+02   1.3227687e+02
   1.5125694e+02  -1.9451818e+02   2.1300000e+02   3.5372577e+01  -4.3555268e+01  -1.7300000e+02   1.3067230e+02
   1.4788558e+02  -1.9633030e+02   2.1300000e+02   3.7777560e+01  -4.1408785e+01  -1.7300000e+02   1.2751761e+02
   1.4633454e+02  -1.9963057e+02   2.1300000e+02   4.0480004e+01  -3.5356295e+01  -1.7300000e+02   1.2524350e+02
   1.4515050e+02  -1.9984066e+02   2.1300000e+02   4.1840019e+01  -3.2888960e+01  -1.7300000e+02   1.2211310e+02
   1.4326641e+02  -2.0213362e+02   2.1300000e+02   4.3301249e+01  -3.1211840e+01  -1.7300000e+02   1.1839680e+02
   1.4161587e+02  -2.0617218e+02   2.1300000e+02   4.6147922e+01  -2.7043048e+01  -1.7300000e+02   1.1632986e+02
   1.4109041e+02  -2.0821137e+02   2.1300000e+02   4.8244998e+01  -2.2090023e+01  -1.7300000e+02   1.1239935e+02
   1.4165034e+02  -2.1065527e+02   2.1300000e+02   5.1432982e+01  -1.6685698e+01  -1.7300000e+02   1.0945797e+02
   1.4049166e+02  -2.1121761e+02   2.1300000e+02   5.5581031e+01  -1.2430084e+01  -1.7300000e+02   1.0812291e+02
   1.4047038e+02  -2.0805944e+02   2.1300000e+02   5.7678542e+01  -1.0141372e+01  -1.7300000e+02   1.0613569e+02
   1.4193024e+02  -2.0546135e+02   2.1300000e+02   5.9324441e+01  -1.0066005e+01  -1.7300000e+02   1.0484262e+02
   1.4297920e+02  -2.0308031e+02   2.1300000e+02   5.9453542e+01  -1.0700176e+01  -1.7300000e+02   1.0380902e+02
   1.4610640e+02  -2.0204887e+02   2.1300000e+02   6.0534036e+01  -1.1212928e+01  -1.7300000e+02   1.0298197e+02
   1.5292532e+02  -2.0022036e+02   2.1300000e+02   6.4855247e+01  -1.3702237e+01  -1.7300000e+02   1.0980058e+02
   1.5985063e+02  -1.9342876e+02   2.1300000e+02   7.0837600e+01  -1.7610877e+01  -1.7300000e+02   1.2067194e+02
   1.6607042e+02  -1.9160846e+02   2.1300000e+02   7.4214905e+01  -1.9229099e+01  -1.7300000e+02   1.3186338e+02
   1.7052217e+02  -1.8829475e+02   2.1300000e+02   7.4762476e+01  -2.2923385e+01  -1.7300000e+02   1.4296117e+02
   1.7455565e+02  -1.8122161e+02   2.1300000e+02   6.8386570e+01  -2.6279400e+01  -1.7300000e+02   1.5362656e+02
   1.8002300e+02  -1.7710006e+02   2.1300000e+02   5.8610643e+01  -3.3164280e+01  -1.7300000e+02   1.6277298e+02
   1.8665336e+02  -1.7076235e+02   2.1300000e+02   4.7469014e+01  -3.9755875e+01  -1.7300000e+02   1.7092071e+02
   1.9258067e+02  -1.6709534e+02   2.1300000e+02   3.5514471e+01  -4.4551102e+01  -1.7300000e+02   1.7614094e+02
   1.9971656e+02  -1.6270628e+02   2.1300000e+02   2.3597147e+01  -4.7137871e+01  -1.7300000e+02   1.8030980e+02
   2.0775250e+02  -1.6136803e+02   2.1300000e+02   1.1786786e+01  -4.7332435e+01  -1.7300000e+02   1.8215254e+02
   2.1383216e+02  -1.5638355e+02   2.1300000e+02   2.4887105e-02  -4.5214189e+01  -1.7300000e+02   1.8554695e+02
   2.1721428e+02  -1.5251029e+02   2.1300000e+02  -1.1277267e+01  -4.1987800e+01  -1.7300000e+02   1.8945147e+02
   2.1858194e+02  -1.5127227e+02   2.1300000e+02  -2.2013975e+01  -3.9758944e+01  -1.7300000e+02   1.9273465e+02
   2.1825370e+02  -1.5128944e+02   2.1300000e+02  -3.1724960e+01  -3.6930528e+01  -1.7300000e+02   1.9705662e+02
   2.1455539e+02  -1.5547519e+02   2.1300000e+02  -4.1511705e+01  -3.3343329e+01  -1.7300000e+02   1.9912989e+02
   2.1002012e+02  -1.5931948e+02   2.1300000e+02  -4.7579562e+01  -3.1835000e+01  -1.7300000e+02   2.0015274e+02
   2.0912451e+02  -1.5948605e+02   2.1300000e+02  -4.8250585e+01  -3.2551302e+01  -1.7300000e+02   1.9917137e+02
   2.0794005e+02  -1.6012506e+02   2.1300000e+02  -4.6009547e+01  -3.3336701e+01  -1.7300000e+02   1.9678074e+02
   2.0608090e+02  -1.6114728e+02   2.1300000e+02  -4.2420646e+01  -3.4365145e+01  -1.7300000e+02   1.9225612e+02
   2.0450068e+02  -1.6114557e+02   2.1300000e+02  -3.9568977e+01  -3.5342315e+01  -1.7300000e+02   1.8749985e+02
   2.0240879e+02  -1.6188650e+02   2.1300000e+02  -3.6015251e+01  -3.5930596e+01  -1.7300000e+02   1.8301258e+02
   1.9968772e+02  -1.6434143e+02   2.1300000e+02  -3.1889692e+01  -3.6448894e+01  -1.7300000e+02   1.7888642e+02
   1.9650836e+02  -1.6618536e+02   2.1300000e+02  -2.8285671e+01  -3.7880726e+01  -1.7300000e+02   1.7533603e+02
   1.9335288e+02  -1.6817201e+02   2.1300000e+02  -2.3863077e+01  -3.9585171e+01  -1.7300000e+02   1.7128098e+02
   1.8981927e+02  -1.7025904e+02   2.1300000e+02  -1.8844229e+01  -4.1419404e+01  -1.7300000e+02   1.6761785e+02
   1.8646726e+02  -1.7095892e+02   2.1300000e+02  -1.4923782e+01  -4.2994546e+01  -1.7300000e+02   1.6461567e+02
   1.8417295e+02  -1.7158461e+02   2.1300000e+02  -1.1226565e+01  -4.3530500e+01  -1.7300000e+02   1.6186430e+02
   1.8146058e+02  -1.7261873e+02   2.1300000e+02  -7.3835640e+00  -4.4522071e+01  -1.7300000e+02   1.5861021e+02
   1.7750927e+02  -1.7386557e+02   2.1300000e+02  -1.9838392e+00  -4.5409448e+01  -1.7300000e+02   1.5502928e+02
   1.7459019e+02  -1.7474854e+02   2.1300000e+02   3.3663136e+00  -4.5081635e+01  -1.7300000e+02   1.5139060e+02
   1.6947064e+02  -1.7844127e+02   2.1300000e+02   9.9035141e+00  -4.6420896e+01  -1.7300000e+02   1.4837018e+02
   1.6528097e+02  -1.8126042e+02   2.1300000e+02   1.6091467e+01  -4.5932826e+01  -1.7300000e+02   1.4639579e+02
   1.6183066e+02  -1.8194312e+02   2.1300000e+02   1.9660857e+01  -4.7174961e+01  -1.7300000e+02   1.4493330e+02
   1.5809437e+02  -1.8440268e+02   2.1300000e+02   2.3631367e+01  -4.6259179e+01  -1.7300000e+02   1.4422456e+02
   1.5475378e+02  -1.8607100e+02   2.1300000e+02   2.6918842e+01  -4.4387256e+01  -1.7300000e+02   1.4311940e+02
   1.5068321e+02  -1.9154328e+02   2.1300000e+02   3.2616309e+01  -4.0077256e+01  -1.7300000e+02   1.4074627e+02
   1.4661981e+02  -1.9536762e+02   2.1300000e+02   3.7962876e+01  -3.4756270e+01  -1.7300000e+02   1.3937635e+02
   1.4319237e+02  -1.9933749e+02   2.1300000e+02   4.2182724e+01  -2.9450843e+01  -1.7300000e+02   1.3628117e+02
   1.4005961e+02  -2.0418749e+02   2.1300000e+02   4.6949587e+01  -2.2890229e+01  -1.7300000e+02   1.3509225e+02
   1.3752921e+02  -2.0889525e+02   2.1300000e+02   5.1383471e+01  -1.6184188e+01  -1.7300000e+02   1.3271057e+02
   1.3573637e+02  -2.1250295e+02   2.1300000e+02   5.4995219e+01  -1.1519678e+01  -1.7300000e+02   1.3095896e+02
   1.3479803e+02  -2.1537155e+02   2.1300000e+02   5.8025837e+01  -6.5099730e+00  -1.7300000e+02   1.2855267e+02
   1.3380518e+02  -2.1569305e+02   2.1300000e+02   5.9789997e+01  -2.6650566e+00  -1.7300000e+02   1.2677633e+02
   1.3345511e+02  -2.1565309e+02   2.1300000e+02   6.2520071e+01  -3.4161739e-01  -1.7300000e+02   1.2426765e+02
   1.3528741e+02  -2.1400146e+02   2.1300000e+02   6.5473813e+01   6.5208547e-01  -1.7300000e+02   1.2313831e+02
   1.3943028e+02  -2.1079310e+02   2.1300000e+02   6.9658926e+01  -3.5427474e+00  -1.7300000e+02   1.2649271e+02
   1.4360192e+02  -2.0664403e+02   2.1300000e+02   7.2359802e+01  -6.1839634e+00  -1.7300000e+02   1.3558077e+02
   1.4731846e+02  -2.0059523e+02   2.1300000e+02   7.3293884e+01  -1.0162356e+01  -1.7300000e+02   1.4477062e+02
   1.5380067e+02  -1.9758390e+02   2.1300000e+02   7.0434614e+01  -1.6291287e+01  -1.7300000e+02   1.5399207e+02
   1.6128042e+02  -1.9176716e+02   2.1300000e+02   6.4571503e+01  -2.4173301e+01  -1.7300000e+02   1.6178268e+02
   1.6773538e+02  -1.8559620e+02   2.1300000e+02   5.4614082e+01  -3.2677886e+01  -1.7300000e+02   1.6713063e+02
   1.7515738e+02  -1.7997531e+02   2.1300000e+02   4.3182715e+01  -4.1045359e+01  -1.7300000e+02   1.7155982e+02
   1.8172431e+02  -1.7800503e+02   2.1300000e+02   3.1528388e+01  -4.7522907e+01  -1.7300000e+02   1.7379186e+02
   1.8876171e+02  -1.7490363e+02   2.1300000e+02   1.9980544e+01  -5.0368639e+01  -1.7300000e+02   1.7586956e+02
   1.9572295e+02  -1.7128319e+02   2.1300000e+02   8.4885610e+00  -5.0430008e+01  -1.7300000e+02   1.7832589e+02
   2.0264574e+02  -1.6657905e+02   2.1300000e+02  -2.6524688e+00  -4.9365145e+01  -1.7300000e+02   1.8234248e+02
   2.0897643e+02  -1.6192745e+02   2.1300000e+02  -1.3634380e+01  -4.7385118e+01  -1.7300000e+02   1.8749187e+02
   2.1268176e+02  -1.5964829e+02   2.1300000e+02  -2.4125544e+01  -4.5154447e+01  -1.7300000e+02   1.9284973e+02
   2.1527104e+02  -1.5676944e+02   2.1300000e+02  -3.3833870e+01  -4.2429792e+01  -1.7300000e+02   1.9957871e+02
   2.1605376e+02  -1.5558640e+02   2.1300000e+02  -4.2686368e+01  -3.9470533e+01  -1.7300000e+02   2.0606315e+02
   2.1329633e+02  -1.5804417e+02   2.1300000e+02  -5.0495577e+01  -3.6843938e+01  -1.7300000e+02   2.0972996e+02
   2.0974117e+02  -1.6004336e+02   2.1300000e+02  -5.3542171e+01  -3.5798021e+01  -1.7300000e+02   2.1132404e+02
   2.0870416e+02  -1.6016965e+02   2.1300000e+02  -5.2813268e+01  -3.6228051e+01  -1.7300000e+02   2.0985224e+02
   2.0685510e+02  -1.6166686e+02   2.1300000e+02  -5.0500406e+01  -3.6286376e+01  -1.7300000e+02   2.0613117e+02
   2.0563450e+02  -1.6207539e+02   2.1300000e+02  -4.7715504e+01  -3.6133081e+01  -1.7300000e+02   2.0179038e+02
   2.0434105e+02  -1.6177030e+02   2.1300000e+02  -4.5316863e+01  -3.6284237e+01  -1.7300000e+02   1.9664494e+02
   2.0239449e+02  -1.6253514e+02   2.1300000e+02  -4.1590711e+01  -3.6496895e+01  -1.7300000e+02   1.9127757e+02
   2.0011568e+02  -1.6434856e+02   2.1300000e+02  -3.7394517e+01  -3.6663808e+01  -1.7300000e+02   1.8645576e+02
   1.9651321e+02  -1.6675821e+02   2.1300000e+02  -3.2748980e+01  -3.8075332e+01  -1.7300000e+02   1.8166926e+02
   1.9446578e+02  -1.6707844e+02   2.1300000e+02  -2.9336525e+01  -3.9106574e+01  -1.7300000e+02   1.7714144e+02
   1.9088748e+02  -1.6891121e+02   2.1300000e+02  -2.4138788e+01  -4.0614990e+01  -1.7300000e+02   1.7240758e+02
   1.8751086e+02  -1.7069756e+02   2.1300000e+02  -1.9298177e+01  -4.2301650e+01  -1.7300000e+02   1.6870175e+02
   1.8491688e+02  -1.7140959e+02   2.1300000e+02  -1.5622494e+01  -4.3364600e+01  -1.7300000e+02   1.6632380e+02
   1.8254919e+02  -1.7278340e+02   2.1300000e+02  -1.1680705e+01  -4.3580306e+01  -1.7300000e+02   1.6335734e+02
   1.7955425e+02  -1.7341904e+02   2.1300000e+02  -7.1500693e+00  -4.4703990e+01  -1.7300000e+02   1.5931738e+02
   1.7680590e+02  -1.7490311e+02   2.1300000e+02  -2.6769790e+00  -4.4964095e+01  -1.7300000e+02   1.5668298e+02
   1.7458915e+02  -1.7686228e+02   2.1300000e+02   1.8049360e+00  -4.5403650e+01  -1.7300000e+02   1.5395031e+02
   1.7133595e+02  -1.7871672e+02   2.1300000e+02   6.9827132e+00  -4.5753776e+01  -1.7300000e+02   1.5209070e+02
   1.6724781e+02  -1.8063806e+02   2.1300000e+02   1.1215916e+01  -4.7336587e+01  -1.7300000e+02   1.5049921e+02
   1.6389335e+02  -1.8319731e+02   2.1300000e+02   1.5350004e+01  -4.8315574e+01  -1.7300000e+02   1.4902847e+02
   1.6074871e+02  -1.8289698e+02   2.1300000e+02   1.9382847e+01  -4.9191522e+01  -1.7300000e+02   1.4708752e+02
   1.5767857e+02  -1.8595682e+02   2.1300000e+02   2.3981433e+01  -4.9105481e+01  -1.7300000e+02   1.4484262e+02
   1.5375369e+02  -1.8930918e+02   2.1300000e+02   2.8913313e+01  -4.6554022e+01  -1.7300000e+02   1.4221955e+02
   1.4984271e+02  -1.9381070e+02   2.1300000e+02   3.4774686e+01  -4.2358618e+01  -1.7300000e+02   1.4021575e+02
   1.4678679e+02  -1.9959949e+02   2.1300000e+02   4.0098133e+01  -3.7398553e+01  -1.7300000e+02   1.3838515e+02
   1.4328525e+02  -2.0415838e+02   2.1300000e+02   4.5960654e+01  -3.1636961e+01  -1.7300000e+02   1.3519882e+02
   1.4084804e+02  -2.1108441e+02   2.1300000e+02   5.3579919e+01  -2.3558496e+01  -1.7300000e+02   1.3252085e+02
   1.4028654e+02  -2.1138257e+02   2.1300000e+02   6.1148208e+01  -1.6331269e+01  -1.7300000e+02   1.3213061e+02
   1.4140388e+02  -2.1056910e+02   2.1300000e+02   6.7335679e+01  -1.1792304e+01  -1.7300000e+02   1.3158179e+02
   1.4472759e+02  -2.0441666e+02   2.1300000e+02   7.1622309e+01  -1.2722553e+01  -1.7300000e+02   1.3672313e+02
   1.4891249e+02  -1.9969485e+02   2.1300000e+02   7.4039798e+01  -1.3920781e+01  -1.7300000e+02   1.4465620e+02
   1.5489626e+02  -1.9644938e+02   2.1300000e+02   7.2229542e+01  -1.7526642e+01  -1.7300000e+02   1.5153610e+02
   1.6198613e+02  -1.9120493e+02   2.1300000e+02   6.8819382e+01  -2.3491434e+01  -1.7300000e+02   1.6054699e+02
   1.6837678e+02  -1.8472687e+02   2.1300000e+02   5.9436612e+01  -2.9987274e+01  -1.7300000e+02   1.6667361e+02
   1.7501078e+02  -1.7891146e+02   2.1300000e+02   4.8312746e+01  -3.8814961e+01  -1.7300000e+02   1.6987591e+02
   1.8255774e+02  -1.7670928e+02   2.1300000e+02   3.6740849e+01  -4.6570098e+01  -1.7300000e+02   1.7137518e+02
   1.9022934e+02  -1.7444757e+02   2.1300000e+02   2.5258723e+01  -5.0670216e+01  -1.7300000e+02   1.7334546e+02
   1.9647889e+02  -1.7314737e+02   2.1300000e+02   1.3852283e+01  -5.2485092e+01  -1.7300000e+02   1.7427246e+02
   2.0290136e+02  -1.6801812e+02   2.1300000e+02   2.6317000e+00  -5.2189135e+01  -1.7300000e+02   1.7725037e+02
   2.0766502e+02  -1.6331652e+02   2.1300000e+02  -8.2504860e+00  -5.0239913e+01  -1.7300000e+02   1.8187442e+02
   2.1076578e+02  -1.6010274e+02   2.1300000e+02  -1.8683586e+01  -4.6997104e+01  -1.7300000e+02   1.8788638e+02
   2.1146245e+02  -1.5864835e+02   2.1300000e+02  -2.7981156e+01  -4.5096002e+01  -1.7300000e+02   1.9382202e+02
   2.1267553e+02  -1.5681128e+02   2.1300000e+02  -3.6964616e+01  -4.2674682e+01  -1.7300000e+02   1.9934721e+02
   2.1119520e+02  -1.5775497e+02   2.1300000e+02  -4.5491808e+01  -3.9368997e+01  -1.7300000e+02   2.0372115e+02
   2.0776459e+02  -1.6054344e+02   2.1300000e+02  -5.0241094e+01  -3.7111319e+01  -1.7300000e+02   2.0410532e+02
   2.0669067e+02  -1.5956552e+02   2.1300000e+02  -4.9331611e+01  -3.7398930e+01  -1.7300000e+02   2.0195434e+02
   2.0502443e+02  -1.5985783e+02   2.1300000e+02  -4.5766302e+01  -3.7798991e+01  -1.7300000e+02   1.9806684e+02
   2.0373514e+02  -1.5993092e+02   2.1300000e+02  -4.2689627e+01  -3.8299203e+01  -1.7300000e+02   1.9282325e+02
   2.0072364e+02  -1.6184533e+02   2.1300000e+02  -3.7584196e+01  -3.8802245e+01  -1.7300000e+02   1.8667507e+02
   1.9778036e+02  -1.6386951e+02   2.1300000e+02  -3.2259702e+01  -3.9375541e+01  -1.7300000e+02   1.8116340e+02
   1.9515913e+02  -1.6606061e+02   2.1300000e+02  -2.7446803e+01  -3.9431785e+01  -1.7300000e+02   1.7649125e+02
   1.9330450e+02  -1.6649229e+02   2.1300000e+02  -2.4382322e+01  -3.9691893e+01  -1.7300000e+02   1.7250675e+02
   1.9001497e+02  -1.6706119e+02   2.1300000e+02  -2.0446146e+01  -4.1158543e+01  -1.7300000e+02   1.6795876e+02
   1.8726083e+02  -1.6834285e+02   2.1300000e+02  -1.6772709e+01  -4.2514540e+01  -1.7300000e+02   1.6461941e+02
   1.8468539e+02  -1.6894028e+02   2.1300000e+02  -1.2545957e+01  -4.2535161e+01  -1.7300000e+02   1.6214457e+02
   1.8126138e+02  -1.7172176e+02   2.1300000e+02  -6.5772614e+00  -4.3114724e+01  -1.7300000e+02   1.5852218e+02
   1.7666279e+02  -1.7424773e+02   2.1300000e+02  -4.4756966e-01  -4.3973577e+01  -1.7300000e+02   1.5532740e+02
   1.7460889e+02  -1.7560982e+02   2.1300000e+02   4.1738196e+00  -4.4190027e+01  -1.7300000e+02   1.5308245e+02
   1.7114221e+02  -1.7648818e+02   2.1300000e+02   8.3884235e+00  -4.4499446e+01  -1.7300000e+02   1.5067205e+02
   1.6780494e+02  -1.7776034e+02   2.1300000e+02   1.2944274e+01  -4.5077599e+01  -1.7300000e+02   1.4756598e+02
   1.6270738e+02  -1.8085900e+02   2.1300000e+02   1.9030360e+01  -4.5630545e+01  -1.7300000e+02   1.4474396e+02
   1.5922501e+02  -1.8474412e+02   2.1300000e+02   2.3558883e+01  -4.4622409e+01  -1.7300000e+02   1.4445516e+02
   1.5608369e+02  -1.8832679e+02   2.1300000e+02   2.8108611e+01  -4.3336817e+01  -1.7300000e+02   1.4389822e+02
   1.5325987e+02  -1.9061190e+02   2.1300000e+02   3.2111167e+01  -4.1509741e+01  -1.7300000e+02   1.4233583e+02
   1.4947876e+02  -1.9574265e+02   2.1300000e+02   3.7009687e+01  -3.7284276e+01  -1.7300000e+02   1.4145482e+02
   1.4655347e+02  -1.9792998e+02   2.1300000e+02   4.1229468e+01  -3.3254773e+01  -1.7300000e+02   1.4028109e+02
   1.4443802e+02  -1.9963601e+02   2.1300000e+02   4.4001276e+01  -3.0219577e+01  -1.7300000e+02   1.3689068e+02
   1.4215303e+02  -2.0381006e+02   2.1300000e+02   4.7248358e+01  -2.4662492e+01  -1.7300000e+02   1.3423326e+02
   1.4057781e+02  -2.0445141e+02   2.1300000e+02   4.9258122e+01  -1.9867863e+01  -1.7300000e+02   1.3228844e+02
   1.3821057e+02  -2.0916130e+02   2.1300000e+02   5.2487931e+01  -1.5450093e+01  -1.7300000e+02   1.2986882e+02
   1.3662816e+02  -2.1249833e+02   2.1300000e+02   5.5841794e+01  -1.0968474e+01  -1.7300000e+02   1.2817909e+02
   1.3494215e+02  -2.1440931e+02   2.1300000e+02   5.9339857e+01  -6.2848379e+00  -1.7300000e+02   1.2776462e+02
   1.3328295e+02  -2.1739282e+02   2.1300000e+02   6.3099699e+01  -1.3452618e+00  -1.7300000e+02   1.2607220e+02
   1.3361601e+02  -2.1636164e+02   2.1300000e+02   6.7336073e+01   3.0869874e-01  -1.7300000e+02   1.2401853e+02
   1.4052778e+02  -2.1100819e+02   2.1300000e+02   7.0235323e+01  -3.7314459e+00  -1.7300000e+02   1.2348608e+02
   1.4623435e+02  -2.0464550e+02   2.1300000e+02   7.1943958e+01  -6.9485345e+00  -1.7300000e+02   1.2929877e+02
   1.5169338e+02  -2.0022978e+02   2.1300000e+02   7.6121427e+01  -1.2258062e+01  -1.7300000e+02   1.3836506e+02
   1.5581325e+02  -1.9713456e+02   2.1300000e+02   7.6867050e+01  -1.5560782e+01  -1.7300000e+02   1.4776439e+02
   1.6155099e+02  -1.9340738e+02   2.1300000e+02   7.2388166e+01  -2.1176034e+01  -1.7300000e+02   1.5681339e+02
   1.6909381e+02  -1.8781554e+02   2.1300000e+02   6.4136017e+01  -2.9812184e+01  -1.7300000e+02   1.6380589e+02
   1.7436587e+02  -1.8280991e+02   2.1300000e+02   5.3650702e+01  -3.9594399e+01  -1.7300000e+02   1.6849859e+02
   1.8243266e+02  -1.8026991e+02   2.1300000e+02   4.2293411e+01  -4.7842252e+01  -1.7300000e+02   1.6895558e+02
   1.8905450e+02  -1.7585258e+02   2.1300000e+02   3.0791195e+01  -5.1275064e+01  -1.7300000e+02   1.7387034e+02
   1.9447320e+02  -1.7463806e+02   2.1300000e+02   1.9222386e+01  -5.2463192e+01  -1.7300000e+02   1.7645210e+02
   2.0057421e+02  -1.6940956e+02   2.1300000e+02   7.7416460e+00  -5.1304600e+01  -1.7300000e+02   1.8002326e+02
   2.0511540e+02  -1.6475651e+02   2.1300000e+02  -3.4300538e+00  -4.9279426e+01  -1.7300000e+02   1.8397559e+02
   2.0908918e+02  -1.6036000e+02   2.1300000e+02  -1.4238345e+01  -4.6077010e+01  -1.7300000e+02   1.9015506e+02
   2.1041318e+02  -1.5805360e+02   2.1300000e+02  -2.3994649e+01  -4.4868429e+01  -1.7300000e+02   1.9556407e+02
   2.0997186e+02  -1.5767715e+02   2.1300000e+02  -3.3213751e+01  -4.2266641e+01  -1.7300000e+02   2.0136106e+02
   2.0695130e+02  -1.5958276e+02   2.1300000e+02  -4.1667060e+01  -3.8509137e+01  -1.7300000e+02   2.0663047e+02
   2.0411401e+02  -1.6235238e+02   2.1300000e+02  -4.6595420e+01  -3.6895761e+01  -1.7300000e+02   2.0851955e+02
   2.0338907e+02  -1.6156628e+02   2.1300000e+02  -4.6257168e+01  -3.7432902e+01  -1.7300000e+02   2.0693876e+02
   2.0167163e+02  -1.6235693e+02   2.1300000e+02  -4.2577202e+01  -3.8326615e+01  -1.7300000e+02   2.0236345e+02
   1.9966727e+02  -1.6312972e+02   2.1300000e+02  -3.9064927e+01  -3.9008768e+01  -1.7300000e+02   1.9771426e+02
   1.9720870e+02  -1.6504589e+02   2.1300000e+02  -3.4657851e+01  -3.9083549e+01  -1.7300000e+02   1.9273513e+02
   1.9559008e+02  -1.6590790e+02   2.1300000e+02  -3.1890610e+01  -3.9054722e+01  -1.7300000e+02   1.8844794e+02
   1.9342147e+02  -1.6731285e+02   2.1300000e+02  -2.8055896e+01  -3.9684112e+01  -1.7300000e+02   1.8350023e+02
   1.9107441e+02  -1.6837680e+02   2.1300000e+02  -2.4152173e+01  -3.9988138e+01  -1.7300000e+02   1.7945782e+02
   1.8942489e+02  -1.6923743e+02   2.1300000e+02  -2.0654241e+01  -4.0573524e+01  -1.7300000e+02   1.7457372e+02
   1.8692275e+02  -1.6987859e+02   2.1300000e+02  -1.7233669e+01  -4.1128019e+01  -1.7300000e+02   1.7152385e+02
   1.8444288e+02  -1.7093822e+02   2.1300000e+02  -1.3163816e+01  -4.2120693e+01  -1.7300000e+02   1.6802478e+02
   1.8023395e+02  -1.7486667e+02   2.1300000e+02  -6.8157773e+00  -4.3250899e+01  -1.7300000e+02   1.6385559e+02
   1.7605631e+02  -1.7779142e+02   2.1300000e+02  -7.4807663e-01  -4.3720187e+01  -1.7300000e+02   1.6188018e+02
   1.7312142e+02  -1.7879948e+02   2.1300000e+02   3.8611278e+00  -4.4107562e+01  -1.7300000e+02   1.5768448e+02
   1.7121387e+02  -1.7827938e+02   2.1300000e+02   7.8894050e+00  -4.4165334e+01  -1.7300000e+02   1.5396281e+02
   1.6810351e+02  -1.7886443e+02   2.1300000e+02   1.2101454e+01  -4.4901761e+01  -1.7300000e+02   1.5012384e+02
   1.6390556e+02  -1.8288273e+02   2.1300000e+02   1.8264366e+01  -4.5193990e+01  -1.7300000e+02   1.4698840e+02
   1.6106544e+02  -1.8626186e+02   2.1300000e+02   2.3562786e+01  -4.4433420e+01  -1.7300000e+02   1.4593766e+02
   1.5750252e+02  -1.8813847e+02   2.1300000e+02   2.8725892e+01  -4.3287508e+01  -1.7300000e+02   1.4383036e+02
   1.5374851e+02  -1.9276863e+02   2.1300000e+02   3.3685784e+01  -4.0672236e+01  -1.7300000e+02   1.4115040e+02
   1.5058702e+02  -1.9540475e+02   2.1300000e+02   3.8766695e+01  -3.7874893e+01  -1.7300000e+02   1.3934735e+02
   1.4715380e+02  -1.9903977e+02   2.1300000e+02   4.2936803e+01  -3.4951587e+01  -1.7300000e+02   1.3520371e+02
   1.4212671e+02  -2.0783358e+02   2.1300000e+02   4.8601492e+01  -2.7466978e+01  -1.7300000e+02   1.3229704e+02
   1.3962878e+02  -2.1271774e+02   2.1300000e+02   5.4788756e+01  -2.1370515e+01  -1.7300000e+02   1.2870750e+02
   1.3770013e+02  -2.1551841e+02   2.1300000e+02   5.9756533e+01  -1.5522771e+01  -1.7300000e+02   1.2781316e+02
   1.3554325e+02  -2.1777558e+02   2.1300000e+02   6.3602644e+01  -1.2178638e+01  -1.7300000e+02   1.2520787e+02
   1.3325382e+02  -2.2033818e+02   2.1300000e+02   6.6150191e+01  -8.1878550e+00  -1.7300000e+02   1.2143393e+02
   1.3226144e+02  -2.2075316e+02   2.1300000e+02   6.8297367e+01  -6.6244571e+00  -1.7300000e+02   1.1752048e+02
   1.3347144e+02  -2.2025177e+02   2.1300000e+02   6.8569930e+01  -3.3238630e+00  -1.7300000e+02   1.1370709e+02
   1.3669865e+02  -2.1530683e+02   2.1300000e+02   6.8283063e+01  -2.7017532e+00  -1.7300000e+02   1.1085886e+02
   1.4010280e+02  -2.1561657e+02   2.1300000e+02   6.9086750e+01  -2.2317958e+00  -1.7300000e+02   1.1012351e+02
   1.4662340e+02  -2.1173814e+02   2.1300000e+02   7.1654189e+01  -5.7847521e+00  -1.7300000e+02   1.1364723e+02
   1.5012731e+02  -2.0516776e+02   2.1300000e+02   7.4382556e+01  -7.2629730e+00  -1.7300000e+02   1.2356775e+02
   1.5179494e+02  -2.0142312e+02   2.1300000e+02   7.8423976e+01  -1.1997898e+01  -1.7300000e+02   1.3230308e+02
   1.5530795e+02  -1.9757331e+02   2.1300000e+02   7.7641027e+01  -1.7550848e+01  -1.7300000e+02   1.4105271e+02
   1.6122703e+02  -1.9245180e+02   2.1300000e+02   7.2852445e+01  -2.3281362e+01  -1.7300000e+02   1.5008786e+02
   1.6761633e+02  -1.8691206e+02   2.1300000e+02   6.4873772e+01  -3.0699593e+01  -1.7300000e+02   1.5622890e+02
   1.7238549e+02  -1.8182535e+02   2.1300000e+02   5.5582239e+01  -3.8236797e+01  -1.7300000e+02   1.6093177e+02
   1.7905326e+02  -1.7638183e+02   2.1300000e+02   4.4288474e+01  -4.2716230e+01  -1.7300000e+02   1.6469081e+02
   1.8586665e+02  -1.7465824e+02   2.1300000e+02   3.2632204e+01  -4.7612618e+01  -1.7300000e+02   1.6818190e+02
   1.9272020e+02  -1.7174703e+02   2.1300000e+02   2.1305393e+01  -4.9784668e+01  -1.7300000e+02   1.7337077e+02
   1.9880760e+02  -1.6936629e+02   2.1300000e+02   1.0049008e+01  -5.0507769e+01  -1.7300000e+02   1.7694347e+02
   2.0445264e+02  -1.6553568e+02   2.1300000e+02  -1.0744480e+00  -4.8466941e+01  -1.7300000e+02   1.7968643e+02
   2.0834596e+02  -1.6092538e+02   2.1300000e+02  -1.1366622e+01  -4.5725134e+01  -1.7300000e+02   1.8366190e+02
   2.0979211e+02  -1.5835850e+02   2.1300000e+02  -2.0826925e+01  -4.3305289e+01  -1.7300000e+02   1.8866982e+02
   2.0968232e+02  -1.5743065e+02   2.1300000e+02  -2.9780036e+01  -4.0089695e+01  -1.7300000e+02   1.9373502e+02
   2.0794889e+02  -1.5799529e+02   2.1300000e+02  -3.8562041e+01  -3.5948953e+01  -1.7300000e+02   1.9885493e+02
   2.0563040e+02  -1.6025366e+02   2.1300000e+02  -4.3466055e+01  -3.3210033e+01  -1.7300000e+02   2.0117217e+02
   2.0429877e+02  -1.6044639e+02   2.1300000e+02  -4.1885175e+01  -3.4003829e+01  -1.7300000e+02   1.9854831e+02
   2.0252089e+02  -1.6062789e+02   2.1300000e+02  -3.9027416e+01  -3.5225156e+01  -1.7300000e+02   1.9463350e+02
   2.0027100e+02  -1.6161323e+02   2.1300000e+02  -3.5436857e+01  -3.6593488e+01  -1.7300000e+02   1.8955923e+02
   1.9826303e+02  -1.6327288e+02   2.1300000e+02  -3.1400786e+01  -3.7335984e+01  -1.7300000e+02   1.8487126e+02
   1.9596074e+02  -1.6480184e+02   2.1300000e+02  -2.7369395e+01  -3.8001952e+01  -1.7300000e+02   1.8018793e+02
   1.9255172e+02  -1.6722289e+02   2.1300000e+02  -2.2369062e+01  -3.9066486e+01  -1.7300000e+02   1.7522156e+02
   1.8929555e+02  -1.7057865e+02   2.1300000e+02  -1.7216753e+01  -4.0058263e+01  -1.7300000e+02   1.7099844e+02
   1.8730534e+02  -1.7108461e+02   2.1300000e+02  -1.3418023e+01  -4.1096671e+01  -1.7300000e+02   1.6741423e+02
   1.8495268e+02  -1.7232521e+02   2.1300000e+02  -1.0008628e+01  -4.1648342e+01  -1.7300000e+02   1.6469328e+02
   1.8144162e+02  -1.7551919e+02   2.1300000e+02  -4.8852095e+00  -4.2677101e+01  -1.7300000e+02   1.6205006e+02
   1.7753587e+02  -1.7857597e+02   2.1300000e+02   7.7389309e-01  -4.3858368e+01  -1.7300000e+02   1.5873952e+02
   1.7402740e+02  -1.8151240e+02   2.1300000e+02   6.3667302e+00  -4.4755172e+01  -1.7300000e+02   1.5571974e+02
   1.7165392e+02  -1.8248000e+02   2.1300000e+02   1.0333859e+01  -4.3958058e+01  -1.7300000e+02   1.5394561e+02
   1.6876031e+02  -1.8298662e+02   2.1300000e+02   1.4342346e+01  -4.4904077e+01  -1.7300000e+02   1.5071963e+02
   1.6619295e+02  -1.8439585e+02   2.1300000e+02   1.9166961e+01  -4.3693560e+01  -1.7300000e+02   1.4704701e+02
   1.6165895e+02  -1.8788874e+02   2.1300000e+02   2.4291883e+01  -4.5332045e+01  -1.7300000e+02   1.4302265e+02
   1.5925315e+02  -1.9134685e+02   2.1300000e+02   2.8619335e+01  -4.4690059e+01  -1.7300000e+02   1.4168951e+02
   1.5714492e+02  -1.9368823e+02   2.1300000e+02   3.2417245e+01  -4.3383384e+01  -1.7300000e+02   1.3971220e+02
   1.5585319e+02  -1.9268567e+02   2.1300000e+02   3.4099164e+01  -4.2395151e+01  -1.7300000e+02   1.3770718e+02
   1.5444787e+02  -1.9351822e+02   2.1300000e+02   3.6557300e+01  -4.2270888e+01  -1.7300000e+02   1.3594390e+02
   1.5279317e+02  -1.9670088e+02   2.1300000e+02   3.9446297e+01  -3.9973182e+01  -1.7300000e+02   1.3315131e+02
   1.5063657e+02  -1.9905413e+02   2.1300000e+02   4.2278366e+01  -3.8054774e+01  -1.7300000e+02   1.3150691e+02
   1.4909483e+02  -2.0079337e+02   2.1300000e+02   4.4950364e+01  -3.6993662e+01  -1.7300000e+02   1.2956207e+02
   1.4695697e+02  -2.0396074e+02   2.1300000e+02   4.7750354e+01  -3.4529936e+01  -1.7300000e+02   1.2786889e+02
   1.4439114e+02  -2.0814965e+02   2.1300000e+02   5.0850152e+01  -2.9652344e+01  -1.7300000e+02   1.2550150e+02
   1.4266655e+02  -2.1332649e+02   2.1300000e+02   5.5449224e+01  -2.3616923e+01  -1.7300000e+02   1.2375063e+02
