   1.6930356e+02  -1.7580755e+02   1.8193973e+02  -1.3036447e+01  -8.2382156e+01  -1.2231249e+02   1.5419344e+02
   1.7388128e+02  -1.7687107e+02   1.8229604e+02  -1.5101332e+01  -8.4005906e+01  -1.1975234e+02   1.6093208e+02
   1.7845901e+02  -1.7793459e+02   1.8265236e+02  -1.7166216e+01  -8.5629656e+01  -1.1719219e+02   1.6767072e+02
   1.8200000e+02  -1.7423765e+02   1.9321366e+02  -1.7735081e+01  -7.8623151e+01  -1.2490501e+02   1.7085472e+02
   1.8522644e+02  -1.7055082e+02   2.0362081e+02  -1.8239158e+01  -7.1649762e+01  -1.3253614e+02   1.7417136e+02
   1.8802616e+02  -1.6696410e+02   2.1383088e+02  -1.8627054e+01  -6.4730722e+01  -1.4003098e+02   1.7761502e+02
   1.8693008e+02  -1.6336896e+02   2.2231056e+02  -1.8023106e+01  -5.8186286e+01  -1.4631743e+02   1.8201351e+02
   1.8200000e+02  -1.6797427e+02   2.1835607e+02  -1.5985120e+01  -6.1351776e+01  -1.4434416e+02   1.9255288e+02
   1.8200000e+02  -1.6918543e+02   2.2245028e+02  -1.9950355e+01  -6.2932309e+01  -1.4826724e+02   2.0155812e+02
   1.8200000e+02  -1.6868674e+02   2.2746558e+02  -2.4323322e+01  -6.4279686e+01  -1.5181050e+02   2.0962272e+02
   1.8200000e+02  -1.6914042e+02   2.3259907e+02  -2.9092543e+01  -6.5122009e+01  -1.5420044e+02   2.1691204e+02
   1.8200000e+02  -1.7025493e+02   2.3785871e+02  -3.5212887e+01  -6.4823665e+01  -1.5757313e+02   2.2308135e+02
   1.8200000e+02  -1.7048889e+02   2.4144070e+02  -4.2051336e+01  -6.3019409e+01  -1.6228686e+02   2.2813086e+02
   1.8200000e+02  -1.7099121e+02   2.4361338e+02  -4.5910232e+01  -6.1680255e+01  -1.6247734e+02   2.2988077e+02
   1.8200000e+02  -1.7243131e+02   2.4169191e+02  -4.6745356e+01  -6.0091797e+01  -1.5995446e+02   2.2900852e+02
   1.8200000e+02  -1.7185524e+02   2.3995962e+02  -4.7034158e+01  -5.7943712e+01  -1.5742328e+02   2.2515236e+02
   1.8200000e+02  -1.7224589e+02   2.3707539e+02  -4.6513373e+01  -5.5066540e+01  -1.5526357e+02   2.1891231e+02
   1.8200000e+02  -1.7221620e+02   2.3494693e+02  -4.4576286e+01  -5.1284467e+01  -1.5393727e+02   2.1112002e+02
   1.8200000e+02  -1.7310844e+02   2.3273787e+02  -4.1529412e+01  -4.7132613e+01  -1.5281409e+02   2.0235394e+02
   1.8200000e+02  -1.7398224e+02   2.3135498e+02  -3.6616702e+01  -4.2202635e+01  -1.5235675e+02   1.9327312e+02
   1.8200000e+02  -1.7466061e+02   2.2986104e+02  -3.0394583e+01  -3.6919171e+01  -1.5312851e+02   1.8382805e+02
   1.8200000e+02  -1.7416643e+02   2.3008420e+02  -2.4036522e+01  -3.3026834e+01  -1.5395295e+02   1.7455784e+02
   1.8200000e+02  -1.7441023e+02   2.2942604e+02  -1.7248678e+01  -2.8678861e+01  -1.5490103e+02   1.6631482e+02
   1.8200000e+02  -1.7637552e+02   2.2948928e+02  -9.3865844e+00  -2.4382287e+01  -1.5679910e+02   1.5862529e+02
   1.8200000e+02  -1.7650582e+02   2.3079367e+02  -4.3728426e+00  -2.0157137e+01  -1.5813538e+02   1.5154753e+02
   1.8200000e+02  -1.7522233e+02   2.3182267e+02  -9.6207477e-01  -1.8701692e+01  -1.5897991e+02   1.4625336e+02
   1.8200000e+02  -1.7414719e+02   2.3218911e+02   8.9180225e-01  -1.6935509e+01  -1.5869685e+02   1.4105541e+02
   1.8200000e+02  -1.7526313e+02   2.3401912e+02   1.0565499e+00  -1.4012079e+01  -1.5646951e+02   1.3528531e+02
   1.8200000e+02  -1.7711870e+02   2.3461267e+02   1.0859887e+00  -1.0360103e+01  -1.5307179e+02   1.3097363e+02
   1.8200000e+02  -1.7592234e+02   2.3594965e+02  -1.2269979e-01  -7.0238158e+00  -1.4993884e+02   1.2725264e+02
   1.8200000e+02  -1.7898481e+02   2.3829740e+02  -9.4012376e-01  -4.1554386e+00  -1.4582298e+02   1.2272507e+02
   1.8200000e+02  -1.8045485e+02   2.4219325e+02  -2.3151345e+00  -1.1317008e+00  -1.4265533e+02   1.1872622e+02
   1.8200000e+02  -1.8215222e+02   2.4718683e+02  -3.7207864e+00   1.8227210e+00  -1.3979342e+02   1.1514215e+02
   1.8200000e+02  -1.8681791e+02   2.5424650e+02  -4.8139822e+00   4.4592868e+00  -1.3715523e+02   1.1176740e+02
   1.8200000e+02  -1.8845807e+02   2.5966320e+02  -5.1693447e+00   7.1607449e+00  -1.3410070e+02   1.0747239e+02
   1.8200000e+02  -1.8935670e+02   2.6696196e+02  -5.5424707e+00   9.2728725e+00  -1.3124580e+02   1.0398689e+02
   1.8200000e+02  -1.9088628e+02   2.7265335e+02  -5.3383844e+00   1.0946696e+01  -1.2789751e+02   9.9911367e+01
   1.8200000e+02  -1.8962871e+02   2.7678371e+02  -4.1634327e+00   1.2084868e+01  -1.2362328e+02   9.5302985e+01
   1.8200000e+02  -1.8723995e+02   2.7921125e+02  -2.6875607e+00   1.2509339e+01  -1.1870658e+02   9.1672471e+01
   1.8200000e+02  -1.8752555e+02   2.8141548e+02  -1.6408798e+00   1.2546861e+01  -1.1411608e+02   8.9290871e+01
   1.8200000e+02  -1.8963785e+02   2.8332887e+02  -4.1556627e-01   1.2343933e+01  -1.0930333e+02   8.9228797e+01
   1.8200000e+02  -1.8883010e+02   2.8214592e+02   7.7974882e-01   1.3320579e+01  -1.0341572e+02   9.4234138e+01
   1.8200000e+02  -1.8734131e+02   2.7831748e+02   6.0898087e-01   1.8378926e+01  -9.8276885e+01   1.0301568e+02
   1.8200000e+02  -1.8480617e+02   2.7454407e+02  -7.0746141e-01   2.4442440e+01  -9.4405834e+01   1.1386990e+02
   1.8200000e+02  -1.8383732e+02   2.7073083e+02  -4.1201960e+00   3.0182763e+01  -9.3796047e+01   1.2521650e+02
   1.8200000e+02  -1.8217916e+02   2.6887553e+02  -8.4227757e+00   2.9793666e+01  -9.6650703e+01   1.3693417e+02
   1.8200000e+02  -1.7926118e+02   2.6538437e+02  -1.2876277e+01   2.6882112e+01  -1.0097644e+02   1.4840088e+02
   1.8200000e+02  -1.7609008e+02   2.6080615e+02  -1.6694234e+01   2.2481637e+01  -1.0508316e+02   1.5969453e+02
   1.8200000e+02  -1.7750686e+02   2.5789504e+02  -1.9242644e+01   1.6324882e+01  -1.0775330e+02   1.7025331e+02
   1.8200000e+02  -1.8088242e+02   2.5489702e+02  -2.2017364e+01   1.0155038e+01  -1.1025523e+02   1.8004500e+02
   1.8200000e+02  -1.7824279e+02   2.5282162e+02  -2.6399597e+01   4.3663430e+00  -1.1296737e+02   1.9004264e+02
   1.8200000e+02  -1.7693014e+02   2.5205512e+02  -3.1864440e+01  -8.5363539e-01  -1.1428740e+02   1.9948149e+02
   1.8200000e+02  -1.7546292e+02   2.5227096e+02  -3.8737334e+01  -5.6924636e+00  -1.1589554e+02   2.0862902e+02
   1.8200000e+02  -1.7499667e+02   2.5255857e+02  -4.5930602e+01  -9.8420504e+00  -1.1663591e+02   2.1695394e+02
   1.8200000e+02  -1.7399436e+02   2.5415791e+02  -5.3951149e+01  -1.3539160e+01  -1.1678402e+02   2.2475034e+02
   1.8200000e+02  -1.7311991e+02   2.5557124e+02  -6.2737059e+01  -1.6219729e+01  -1.1834400e+02   2.3134087e+02
   1.8200000e+02  -1.7421475e+02   2.5696546e+02  -7.1833046e+01  -1.8196577e+01  -1.2129884e+02   2.3586707e+02
   1.8200000e+02  -1.7500257e+02   2.5807691e+02  -7.9753961e+01  -1.9602454e+01  -1.2166527e+02   2.3499653e+02
   1.8200000e+02  -1.7590709e+02   2.5638931e+02  -8.4436720e+01  -2.0916649e+01  -1.1670306e+02   2.3320765e+02
   1.8200000e+02  -1.7537793e+02   2.5477001e+02  -8.7968541e+01  -2.2153980e+01  -1.1123291e+02   2.2863824e+02
   1.8200000e+02  -1.7694138e+02   2.5230441e+02  -9.0134261e+01  -2.2968706e+01  -1.0590651e+02   2.2144380e+02
   1.8200000e+02  -1.7697712e+02   2.4964521e+02  -9.1422340e+01  -2.3691012e+01  -1.0069505e+02   2.1256260e+02
   1.8200000e+02  -1.7920446e+02   2.4581191e+02  -9.1865141e+01  -2.3457361e+01  -9.5981775e+01   2.0318126e+02
   1.8200000e+02  -1.7992372e+02   2.4348044e+02  -9.0706200e+01  -2.2332291e+01  -9.3101866e+01   1.9345368e+02
   1.8200000e+02  -1.8066317e+02   2.4161826e+02  -8.9709858e+01  -2.1470628e+01  -9.0637862e+01   1.8439922e+02
   1.8200000e+02  -1.8063496e+02   2.3990225e+02  -8.7218905e+01  -2.0437481e+01  -8.9766010e+01   1.7595761e+02
   1.8200000e+02  -1.8151955e+02   2.3841991e+02  -8.3194120e+01  -1.8990024e+01  -9.0063690e+01   1.6810388e+02
   1.8200000e+02  -1.8143252e+02   2.3779037e+02  -7.8425175e+01  -1.7763472e+01  -9.2329886e+01   1.6161049e+02
   1.8200000e+02  -1.8237995e+02   2.3654429e+02  -7.2139016e+01  -1.5853733e+01  -9.4526176e+01   1.5443016e+02
   1.8200000e+02  -1.8237134e+02   2.3680299e+02  -6.5441780e+01  -1.4028258e+01  -9.9137600e+01   1.4991604e+02
   1.8200000e+02  -1.8003061e+02   2.3682536e+02  -5.8823852e+01  -1.4182204e+01  -1.0386851e+02   1.4582927e+02
   1.8200000e+02  -1.7947562e+02   2.3645235e+02  -5.1504686e+01  -1.3834467e+01  -1.0837595e+02   1.4040725e+02
   1.8200000e+02  -1.8063691e+02   2.3620202e+02  -4.4339581e+01  -1.1557916e+01  -1.1265321e+02   1.3574991e+02
   1.8200000e+02  -1.8194882e+02   2.3700969e+02  -3.7809138e+01  -8.6622610e+00  -1.1500412e+02   1.3091106e+02
   1.8200000e+02  -1.8167947e+02   2.3839675e+02  -3.2310155e+01  -5.9367857e+00  -1.1706604e+02   1.2563486e+02
   1.8200000e+02  -1.8182194e+02   2.4082898e+02  -2.7907837e+01  -3.4324406e+00  -1.1815623e+02   1.2187373e+02
   1.8200000e+02  -1.8314388e+02   2.4547943e+02  -2.4650812e+01  -1.0193288e+00  -1.1856772e+02   1.1736487e+02
   1.8200000e+02  -1.8413868e+02   2.5080274e+02  -2.1928587e+01   1.3339881e+00  -1.1825711e+02   1.1361120e+02
   1.8200000e+02  -1.8451950e+02   2.5619341e+02  -1.9278279e+01   3.6842823e+00  -1.1788634e+02   1.0989052e+02
   1.8200000e+02  -1.8603461e+02   2.6155187e+02  -1.6715063e+01   5.9406775e+00  -1.1737683e+02   1.0616534e+02
   1.8200000e+02  -1.8903093e+02   2.6863711e+02  -1.4751410e+01   7.5240018e+00  -1.1594440e+02   1.0249445e+02
   1.8200000e+02  -1.8770101e+02   2.7411397e+02  -1.2728032e+01   8.7310863e+00  -1.1360903e+02   9.8247542e+01
   1.8200000e+02  -1.8711544e+02   2.7862401e+02  -1.0735866e+01   9.2882131e+00  -1.1047274e+02   9.4402149e+01
   1.8200000e+02  -1.8639230e+02   2.8448812e+02  -9.4400581e+00   9.5380065e+00  -1.0749401e+02   9.1081495e+01
   1.8200000e+02  -1.8526535e+02   2.8789095e+02  -7.9227435e+00   9.5241982e+00  -1.0403557e+02   8.7844595e+01
   1.8200000e+02  -1.8455223e+02   2.9114240e+02  -6.4831014e+00   9.4487300e+00  -1.0057635e+02   8.4805492e+01
   1.8200000e+02  -1.8411455e+02   2.9379029e+02  -6.1047753e+00   9.0924484e+00  -9.7485461e+01   8.3354034e+01
   1.8200000e+02  -1.8456548e+02   2.9475604e+02  -5.6511871e+00   8.5477158e+00  -9.4054112e+01   8.1847713e+01
   1.8200000e+02  -1.8433420e+02   2.9568033e+02  -5.2321857e+00   7.9653644e+00  -9.0655208e+01   8.0518099e+01
   1.8200000e+02  -1.8297571e+02   2.9592295e+02  -4.7833753e+00   7.0886603e+00  -8.7108971e+01   8.0833836e+01
   1.8200000e+02  -1.7928198e+02   2.9639642e+02  -4.2592196e+00   6.2158414e+00  -8.3598230e+01   8.1346977e+01
   1.8200000e+02  -1.8134593e+02   2.9807200e+02  -3.9028260e+00   5.0051573e+00  -8.0959671e+01   8.4782648e+01
   1.8200000e+02  -1.8445971e+02   2.9787322e+02  -3.6086081e+00   6.5750425e+00  -7.8111454e+01   9.3485972e+01
   1.8200000e+02  -1.8690838e+02   2.9487331e+02  -3.3738740e+00   1.3366701e+01  -7.5914147e+01   1.0378596e+02
   1.8200000e+02  -1.8684288e+02   2.8756302e+02  -6.6853966e+00   2.2624259e+01  -7.6943878e+01   1.1576334e+02
   1.8200000e+02  -1.8298577e+02   2.8078490e+02  -1.1111909e+01   3.1104049e+01  -7.9639892e+01   1.2800495e+02
   1.8200000e+02  -1.8040242e+02   2.7743775e+02  -1.6900351e+01   3.4818263e+01  -8.3520192e+01   1.4012169e+02
   1.8200000e+02  -1.7952616e+02   2.7339684e+02  -2.2207469e+01   3.4412792e+01  -8.6700302e+01   1.5193646e+02
   1.8200000e+02  -1.7572009e+02   2.7073764e+02  -2.7443237e+01   3.2776091e+01  -8.9084324e+01   1.6359003e+02
   1.8200000e+02  -1.7571729e+02   2.6714683e+02  -3.3474176e+01   3.0119242e+01  -9.1066887e+01   1.7486860e+02
   1.8200000e+02  -1.7527918e+02   2.6502989e+02  -3.9732461e+01   2.6451281e+01  -9.2610929e+01   1.8574764e+02
   1.8200000e+02  -1.7659525e+02   2.6391895e+02  -4.7098730e+01   2.2197595e+01  -9.3671726e+01   1.9597105e+02
   1.8200000e+02  -1.7640273e+02   2.6473329e+02  -5.6525812e+01   1.7293283e+01  -9.7435006e+01   2.0568854e+02
   1.8200000e+02  -1.7652055e+02   2.6565286e+02  -6.5802848e+01   1.2730382e+01  -1.0083122e+02   2.1445039e+02
   1.8200000e+02  -1.7551018e+02   2.6492953e+02  -7.5633976e+01   9.6651959e+00  -1.0388564e+02   2.2282264e+02
   1.8200000e+02  -1.7572188e+02   2.6526425e+02  -8.5381407e+01   6.4876878e+00  -1.0726650e+02   2.2941236e+02
   1.8200000e+02  -1.7643046e+02   2.6388352e+02  -9.4020744e+01   4.1465953e+00  -1.0522017e+02   2.3270197e+02
   1.8200000e+02  -1.7536165e+02   2.6316352e+02  -1.0065331e+02   1.6545713e+00  -9.9692078e+01   2.3410998e+02
   1.8200000e+02  -1.7509738e+02   2.6088750e+02  -1.0577912e+02  -3.7356307e-01  -9.3516326e+01   2.3265246e+02
   1.8200000e+02  -1.7607886e+02   2.5867559e+02  -1.0891624e+02  -2.5785703e+00  -8.7068368e+01   2.2704319e+02
   1.8200000e+02  -1.7662545e+02   2.5651104e+02  -1.1200890e+02  -5.0873610e+00  -8.1114699e+01   2.1958945e+02
   1.8200000e+02  -1.7686796e+02   2.5417886e+02  -1.1474896e+02  -7.8381335e+00  -7.5349327e+01   2.1120737e+02
   1.8200000e+02  -1.7758152e+02   2.5141021e+02  -1.1674175e+02  -1.0733653e+01  -6.9809499e+01   2.0183774e+02
   1.8200000e+02  -1.7893666e+02   2.4763654e+02  -1.1877265e+02  -1.2805302e+01  -6.4599252e+01   1.9320772e+02
   1.8200000e+02  -1.8100659e+02   2.4382751e+02  -1.2053713e+02  -1.4401449e+01  -5.9414200e+01   1.8484950e+02
   1.8200000e+02  -1.8163791e+02   2.4038859e+02  -1.2270540e+02  -1.5793447e+01  -5.4919117e+01   1.7738284e+02
   1.8200000e+02  -1.8136182e+02   2.3713463e+02  -1.2433153e+02  -1.6839311e+01  -5.0844233e+01   1.7053494e+02
   1.8200000e+02  -1.8141745e+02   2.3438589e+02  -1.2635032e+02  -1.7862008e+01  -4.7722820e+01   1.6537735e+02
   1.8200000e+02  -1.8240201e+02   2.3151744e+02  -1.2661735e+02  -1.7892064e+01  -4.6009778e+01   1.6030590e+02
   1.8200000e+02  -1.8317724e+02   2.2848155e+02  -1.2573395e+02  -1.7727874e+01  -4.4518250e+01   1.5482197e+02
   1.8200000e+02  -1.8370698e+02   2.2532923e+02  -1.2458564e+02  -1.7517655e+01  -4.3447456e+01   1.5037437e+02
   1.8200000e+02  -1.8237208e+02   2.2268732e+02  -1.2384853e+02  -1.7866332e+01  -4.3515329e+01   1.4691412e+02
   1.8200000e+02  -1.8298371e+02   2.1982632e+02  -1.2170252e+02  -1.8004322e+01  -4.3479187e+01   1.4226420e+02
   1.8200000e+02  -1.8270772e+02   2.1711683e+02  -1.1860450e+02  -1.7948379e+01  -4.4533991e+01   1.3855105e+02
   1.8200000e+02  -1.8399907e+02   2.1489783e+02  -1.1477690e+02  -1.8211774e+01  -4.5473642e+01   1.3411343e+02
   1.8200000e+02  -1.8340826e+02   2.1255661e+02  -1.1149703e+02  -1.7896269e+01  -4.7166583e+01   1.3120993e+02
   1.8200000e+02  -1.8346998e+02   2.1034850e+02  -1.0802055e+02  -1.7496868e+01  -4.8970661e+01   1.2832339e+02
   1.8200000e+02  -1.8368689e+02   2.0846034e+02  -1.0375471e+02  -1.6603996e+01  -5.0672878e+01   1.2646077e+02
   1.8200000e+02  -1.8374970e+02   2.0718305e+02  -9.9948611e+01  -1.5394327e+01  -5.3152701e+01   1.2367655e+02
   1.8200000e+02  -1.8352466e+02   2.0666306e+02  -9.5197114e+01  -1.4127320e+01  -5.5031153e+01   1.2119216e+02
   1.8200000e+02  -1.8273679e+02   2.0638316e+02  -9.0554339e+01  -1.2755997e+01  -5.6964487e+01   1.1882152e+02
   1.8200000e+02  -1.8302829e+02   2.0759252e+02  -8.5125604e+01  -1.1014743e+01  -5.8389806e+01   1.1637837e+02
   1.8200000e+02  -1.8331980e+02   2.0880189e+02  -7.9696870e+01  -9.2734891e+00  -5.9815125e+01   1.1393521e+02
   1.8200000e+02  -1.8303473e+02   2.1100486e+02  -7.3456594e+01  -6.7823964e+00  -6.0389942e+01   1.1227892e+02
   1.8200000e+02  -1.8290952e+02   2.1578258e+02  -6.6827978e+01  -4.5543220e+00  -6.0226324e+01   1.1150585e+02
   1.8200000e+02  -1.7878502e+02   2.1922119e+02  -6.1556697e+01  -1.8321801e+00  -6.1572394e+01   1.1555119e+02
   1.8200000e+02  -1.7533919e+02   2.2222835e+02  -5.6778609e+01   1.2718682e-01  -6.4110163e+01   1.2023471e+02
   1.8200000e+02  -1.7517580e+02   2.2651830e+02  -5.1552370e+01  -1.5851729e+00  -6.6405307e+01   1.2709779e+02
   1.8200000e+02  -1.7619493e+02   2.3240166e+02  -4.6834781e+01  -6.1976413e+00  -6.9084967e+01   1.3736177e+02
   1.8200000e+02  -1.7565188e+02   2.3281434e+02  -4.7079689e+01  -1.1424408e+01  -7.3462442e+01   1.4860145e+02
   1.8200000e+02  -1.7557089e+02   2.3100136e+02  -4.5646658e+01  -1.6495999e+01  -7.6794317e+01   1.5974031e+02
   1.8200000e+02  -1.7501793e+02   2.2954973e+02  -4.6202299e+01  -2.2766926e+01  -8.0020972e+01   1.7062924e+02
   1.8200000e+02  -1.7727343e+02   2.2850896e+02  -4.7854899e+01  -2.8861343e+01  -8.1950359e+01   1.8029453e+02
   1.8200000e+02  -1.7866609e+02   2.2869855e+02  -5.2058875e+01  -3.4080887e+01  -8.3972230e+01   1.8921343e+02
   1.8200000e+02  -1.8018395e+02   2.3062535e+02  -5.7572253e+01  -3.8515253e+01  -8.5263271e+01   1.9687146e+02
   1.8200000e+02  -1.7876361e+02   2.3416273e+02  -6.5216613e+01  -4.2091909e+01  -8.7154949e+01   2.0472891e+02
   1.8200000e+02  -1.7772204e+02   2.3749282e+02  -7.3491454e+01  -4.4463956e+01  -8.8493403e+01   2.1149391e+02
   1.8200000e+02  -1.7766168e+02   2.4116150e+02  -8.2116749e+01  -4.6361508e+01  -8.8333985e+01   2.1785975e+02
   1.8200000e+02  -1.7735200e+02   2.4445079e+02  -9.1358211e+01  -4.6761370e+01  -9.0040341e+01   2.2280837e+02
   1.8200000e+02  -1.7728607e+02   2.4706821e+02  -1.0092955e+02  -4.5329294e+01  -9.2243455e+01   2.2404564e+02
   1.8200000e+02  -1.7732710e+02   2.4736851e+02  -1.0865055e+02  -4.3287254e+01  -9.0822250e+01   2.2073280e+02
   1.8200000e+02  -1.7721570e+02   2.4656744e+02  -1.1259887e+02  -4.1699696e+01  -8.5136985e+01   2.1501931e+02
   1.8200000e+02  -1.7819453e+02   2.4474482e+02  -1.1579584e+02  -3.9583698e+01  -7.8871743e+01   2.0857358e+02
   1.8200000e+02  -1.7838659e+02   2.4307577e+02  -1.1890566e+02  -3.7162261e+01  -7.2770369e+01   2.0104618e+02
   1.8200000e+02  -1.7938443e+02   2.4138835e+02  -1.2166993e+02  -3.4263835e+01  -6.6788177e+01   1.9296839e+02
   1.8200000e+02  -1.8037711e+02   2.3969732e+02  -1.2394566e+02  -3.1489845e+01  -6.0382981e+01   1.8500961e+02
   1.8200000e+02  -1.8229919e+02   2.3774510e+02  -1.2627447e+02  -2.8214267e+01  -5.4432367e+01   1.7764757e+02
   1.8200000e+02  -1.8343270e+02   2.3658447e+02  -1.2882043e+02  -2.5682630e+01  -4.9088974e+01   1.7153020e+02
   1.8200000e+02  -1.8517075e+02   2.3375885e+02  -1.2903031e+02  -2.3076297e+01  -4.5241456e+01   1.6475027e+02
   1.8200000e+02  -1.8503290e+02   2.3204077e+02  -1.2999268e+02  -2.1425279e+01  -4.2349029e+01   1.5977303e+02
   1.8200000e+02  -1.8562133e+02   2.2981873e+02  -1.2964518e+02  -2.0486660e+01  -4.0127020e+01   1.5499530e+02
   1.8200000e+02  -1.8622288e+02   2.2755698e+02  -1.2950923e+02  -1.9387866e+01  -3.8326967e+01   1.5031459e+02
   1.8200000e+02  -1.8667519e+02   2.2525813e+02  -1.2910813e+02  -1.8367277e+01  -3.6737005e+01   1.4724355e+02
   1.8200000e+02  -1.8830029e+02   2.2229521e+02  -1.2740197e+02  -1.6998489e+01  -3.5264223e+01   1.4248862e+02
   1.8200000e+02  -1.8810993e+02   2.1995103e+02  -1.2537606e+02  -1.6877193e+01  -3.5545343e+01   1.3811577e+02
   1.8200000e+02  -1.8737471e+02   2.1743523e+02  -1.2413951e+02  -1.6557507e+01  -3.6627847e+01   1.3521594e+02
   1.8200000e+02  -1.8625616e+02   2.1402774e+02  -1.2090206e+02  -1.6405106e+01  -3.6667039e+01   1.3064873e+02
   1.8200000e+02  -1.8620327e+02   2.1058759e+02  -1.1770204e+02  -1.6060374e+01  -3.7573221e+01   1.2735785e+02
   1.8200000e+02  -1.8738812e+02   2.0737914e+02  -1.1450909e+02  -1.5705108e+01  -3.8795496e+01   1.2408023e+02
   1.8200000e+02  -1.8705932e+02   2.0384321e+02  -1.1090935e+02  -1.5099079e+01  -3.9709666e+01   1.2124996e+02
   1.8200000e+02  -1.8736753e+02   2.0056489e+02  -1.0706322e+02  -1.4460557e+01  -4.0616443e+01   1.1841484e+02
   1.8200000e+02  -1.8516773e+02   1.9732765e+02  -1.0339652e+02  -1.3717810e+01  -4.1447840e+01   1.1586101e+02
   1.8200000e+02  -1.8554967e+02   1.9493316e+02  -1.0018805e+02  -1.2572153e+01  -4.2609360e+01   1.1418530e+02
   1.8200000e+02  -1.8505398e+02   1.9263522e+02  -9.7211589e+01  -1.1334468e+01  -4.3770888e+01   1.1240783e+02
   1.8200000e+02  -1.8515197e+02   1.9061396e+02  -9.4380085e+01  -9.9860204e+00  -4.4861232e+01   1.1022388e+02
   1.8200000e+02  -1.8645055e+02   1.8886284e+02  -9.1543932e+01  -8.6059343e+00  -4.5801998e+01   1.0808988e+02
   1.8200000e+02  -1.8745510e+02   1.8771078e+02  -8.8987299e+01  -6.9457979e+00  -4.5931548e+01   1.0631683e+02
   1.8200000e+02  -1.8900289e+02   1.8816697e+02  -8.6453082e+01  -5.6169524e+00  -4.5340916e+01   1.0505624e+02
   1.8200000e+02  -1.8813918e+02   1.8871810e+02  -8.3985736e+01  -4.3150524e+00  -4.4715503e+01   1.0383508e+02
   1.8200000e+02  -1.8515190e+02   1.8942358e+02  -8.1588729e+01  -3.0279468e+00  -4.4053482e+01   1.0260928e+02
   1.8200000e+02  -1.8323187e+02   1.9242809e+02  -7.9097209e+01  -1.9453897e+00  -4.3754336e+01   1.0073735e+02
   1.8200000e+02  -1.8169947e+02   1.9546935e+02  -7.6497782e+01  -8.5083940e-01  -4.3630366e+01   9.8890175e+01
   1.8200000e+02  -1.8218239e+02   1.9866701e+02  -7.3605914e+01   2.1229751e-01  -4.3757351e+01   9.7158033e+01
   1.8200000e+02  -1.8380628e+02   2.0298921e+02  -7.0633238e+01   5.9617631e-01  -4.5163699e+01   1.0054667e+02
   1.8200000e+02  -1.8065681e+02   2.1013816e+02  -6.6914754e+01  -3.2593519e+00  -4.6471410e+01   1.0965087e+02
   1.8200000e+02  -1.8151053e+02   2.1705235e+02  -6.1402384e+01  -7.2953685e+00  -4.6883588e+01   1.2016863e+02
   1.8200000e+02  -1.8013875e+02   2.2217663e+02  -5.7648831e+01  -1.1154667e+01  -4.9106471e+01   1.3138352e+02
   1.8200000e+02  -1.7550502e+02   2.2249311e+02  -6.0072347e+01  -1.4836165e+01  -5.4011713e+01   1.4271614e+02
   1.8200000e+02  -1.7517271e+02   2.2313236e+02  -6.2037311e+01  -2.0577312e+01  -5.8476201e+01   1.5358850e+02
   1.8200000e+02  -1.7344500e+02   2.2340619e+02  -6.6893790e+01  -2.7338011e+01  -6.1740144e+01   1.6465799e+02
   1.8200000e+02  -1.7408552e+02   2.2472901e+02  -7.2866326e+01  -3.3149918e+01  -6.4079397e+01   1.7526386e+02
   1.8200000e+02  -1.7523444e+02   2.2680307e+02  -7.9653643e+01  -3.8081101e+01  -6.4378745e+01   1.8541512e+02
   1.8200000e+02  -1.7944253e+02   2.3061017e+02  -8.7104247e+01  -4.1844014e+01  -6.3282530e+01   1.9447938e+02
   1.8200000e+02  -1.7952639e+02   2.3475867e+02  -9.5902863e+01  -4.4824140e+01  -6.2496239e+01   2.0343338e+02
   1.8200000e+02  -1.7903951e+02   2.3778666e+02  -1.0476644e+02  -4.6370614e+01  -6.1649007e+01   2.1124004e+02
   1.8200000e+02  -1.7853930e+02   2.4149688e+02  -1.1386598e+02  -4.7026485e+01  -6.0804123e+01   2.1783761e+02
   1.8200000e+02  -1.7830883e+02   2.4404613e+02  -1.2303207e+02  -4.6654327e+01  -6.0208700e+01   2.2391339e+02
   1.8200000e+02  -1.7899889e+02   2.4619734e+02  -1.3259588e+02  -4.4266995e+01  -6.1621601e+01   2.2520128e+02
   1.8200000e+02  -1.7977147e+02   2.4580512e+02  -1.4074823e+02  -4.0964291e+01  -5.9919987e+01   2.2256335e+02
   1.8200000e+02  -1.8030744e+02   2.4472777e+02  -1.4506664e+02  -3.7909699e+01  -5.3964854e+01   2.1732135e+02
   1.8200000e+02  -1.8072222e+02   2.4327511e+02  -1.4808623e+02  -3.4559312e+01  -4.7251103e+01   2.1114213e+02
   1.8200000e+02  -1.8138139e+02   2.4204557e+02  -1.5060792e+02  -3.1111069e+01  -4.0277236e+01   2.0405095e+02
   1.8200000e+02  -1.8125545e+02   2.4143223e+02  -1.5336949e+02  -2.7926893e+01  -3.3491598e+01   1.9615735e+02
   1.8200000e+02  -1.8210752e+02   2.4006568e+02  -1.5593896e+02  -2.4371346e+01  -2.6672039e+01   1.8808149e+02
   1.8200000e+02  -1.8366539e+02   2.3890341e+02  -1.5919406e+02  -2.1411893e+01  -2.0218719e+01   1.8180974e+02
   1.8200000e+02  -1.8432591e+02   2.3690186e+02  -1.6228886e+02  -2.0190960e+01  -1.4873240e+01   1.7629076e+02
   1.8200000e+02  -1.8561794e+02   2.3439305e+02  -1.6426222e+02  -1.9752923e+01  -9.7843730e+00   1.7059417e+02
   1.8200000e+02  -1.8597931e+02   2.3175306e+02  -1.6563643e+02  -2.0271464e+01  -5.8384610e+00   1.6605279e+02
   1.8200000e+02  -1.8574630e+02   2.2894381e+02  -1.6683899e+02  -2.0850897e+01  -3.1980192e+00   1.6165049e+02
   1.8200000e+02  -1.8623618e+02   2.2571656e+02  -1.6760037e+02  -2.1105990e+01  -4.1982919e-01   1.5743277e+02
   1.8200000e+02  -1.8736398e+02   2.2217093e+02  -1.6760224e+02  -2.1689681e+01   1.5108029e+00   1.5299796e+02
   1.8200000e+02  -1.8780861e+02   2.1823548e+02  -1.6722742e+02  -2.2157577e+01   3.7200567e+00   1.4869242e+02
   1.8200000e+02  -1.8924084e+02   2.1349868e+02  -1.6591603e+02  -2.2350786e+01   5.9781234e+00   1.4370352e+02
   1.8200000e+02  -1.8987513e+02   2.0892722e+02  -1.6459994e+02  -2.3217771e+01   7.3380335e+00   1.3982951e+02
   1.8200000e+02  -1.9114331e+02   2.0384051e+02  -1.6279644e+02  -2.3981692e+01   8.4407053e+00   1.3631647e+02
   1.8200000e+02  -1.9209022e+02   1.9923731e+02  -1.6076487e+02  -2.5091852e+01   9.3207754e+00   1.3301248e+02
   1.8200000e+02  -1.9188119e+02   1.9411204e+02  -1.5891493e+02  -2.6038336e+01   9.5838063e+00   1.3083752e+02
   1.8200000e+02  -1.9130526e+02   1.8886753e+02  -1.5695811e+02  -2.6972333e+01   9.8047607e+00   1.2878918e+02
   1.8200000e+02  -1.8941126e+02   1.8242653e+02  -1.5501234e+02  -2.7859304e+01   9.5910827e+00   1.2653460e+02
   1.8200000e+02  -1.8751726e+02   1.7598553e+02  -1.5306657e+02  -2.8746275e+01   9.3774046e+00   1.2428002e+02
   1.8200000e+02  -1.8678006e+02   1.6919230e+02  -1.5121176e+02  -2.9605384e+01   9.0850916e+00   1.2201373e+02
   1.8200000e+02  -1.8694449e+02   1.6113710e+02  -1.4974161e+02  -3.0526708e+01   9.0604203e+00   1.2066195e+02
   1.8200000e+02  -1.8836084e+02   1.5305279e+02  -1.4839074e+02  -3.1492418e+01   9.1207425e+00   1.1930883e+02
   1.8200000e+02  -1.8980639e+02   1.4466986e+02  -1.4799439e+02  -3.2895990e+01   1.0395393e+01   1.1824451e+02
   1.8200000e+02  -1.9086880e+02   1.3610011e+02  -1.4771266e+02  -3.4317087e+01   1.1711117e+01   1.1719968e+02
   1.8200000e+02  -1.9028524e+02   1.2746439e+02  -1.4758187e+02  -3.5759672e+01   1.3096718e+01   1.1620238e+02
   1.8200000e+02  -1.8977449e+02   1.1941918e+02  -1.4842687e+02  -3.7466118e+01   1.5030850e+01   1.1481475e+02
   1.8200000e+02  -1.8926374e+02   1.1137397e+02  -1.4927186e+02  -3.9172564e+01   1.6964981e+01   1.1342712e+02
   1.8200000e+02  -1.8900069e+02   1.0585045e+02  -1.5011088e+02  -4.1978315e+01   1.9723849e+01   1.1023358e+02
   1.8200000e+02  -1.8777741e+02   1.0380563e+02  -1.4985877e+02  -4.6703968e+01   2.3996168e+01   1.0669351e+02
   1.8200000e+02  -1.8539801e+02   1.1238764e+02  -1.4576826e+02  -5.5088639e+01   3.0024979e+01   1.0893326e+02
   1.8200000e+02  -1.8857547e+02   1.2286973e+02  -1.4065359e+02  -6.5285177e+01   3.6614246e+01   1.1661892e+02
   1.8200000e+02  -1.9146085e+02   1.3387085e+02  -1.3734726e+02  -7.5974210e+01   4.2132662e+01   1.2652706e+02
   1.8200000e+02  -1.9286805e+02   1.4426508e+02  -1.3982901e+02  -8.4982906e+01   4.4614995e+01   1.3552494e+02
   1.8200000e+02  -1.9519731e+02   1.5456545e+02  -1.4615375e+02  -8.8439717e+01   4.3988830e+01   1.4172046e+02
   1.8200000e+02  -1.9764474e+02   1.6595863e+02  -1.5433422e+02  -8.5564379e+01   3.8676638e+01   1.4592404e+02
   1.8200000e+02  -2.0024960e+02   1.7821799e+02  -1.6389284e+02  -8.0392865e+01   3.0583145e+01   1.5181924e+02
   1.8200000e+02  -1.9955783e+02   1.9080667e+02  -1.7324644e+02  -7.5837755e+01   2.2354557e+01   1.6019203e+02
   1.8200000e+02  -1.9654831e+02   2.0335050e+02  -1.8019178e+02  -7.3992692e+01   1.6409686e+01   1.7019672e+02
   1.8200000e+02  -1.9165482e+02   2.1540891e+02  -1.8385879e+02  -7.1685474e+01   1.3063460e+01   1.8115002e+02
   1.8200000e+02  -1.8739563e+02   2.2593304e+02  -1.8685837e+02  -6.7183630e+01   1.0545078e+01   1.9238808e+02
   1.8200000e+02  -1.8395200e+02   2.3351571e+02  -1.8949368e+02  -6.1836881e+01   8.3075046e+00   2.0349208e+02
   1.8200000e+02  -1.8148033e+02   2.3930836e+02  -1.9249137e+02  -5.5993515e+01   5.4638733e+00   2.1363784e+02
   1.8200000e+02  -1.8122811e+02   2.4321897e+02  -1.9631887e+02  -4.9647672e+01   1.1845810e+00   2.2044113e+02
   1.8200000e+02  -1.8081977e+02   2.4331514e+02  -1.9744430e+02  -4.3222575e+01  -1.2034570e+00   2.2053144e+02
   1.8200000e+02  -1.8090500e+02   2.4278726e+02  -1.9527791e+02  -3.7070862e+01  -4.7659696e-01   2.1583967e+02
   1.8200000e+02  -1.8177598e+02   2.4274543e+02  -1.9280869e+02  -3.0423568e+01   8.6914833e-01   2.0837039e+02
   1.8200000e+02  -1.8228871e+02   2.4324429e+02  -1.9112081e+02  -2.4075812e+01   3.6558957e+00   2.0124162e+02
   1.8200000e+02  -1.8123867e+02   2.4447951e+02  -1.9191042e+02  -2.0555701e+01   8.1139962e+00   1.9318911e+02
   1.8200000e+02  -1.8204001e+02   2.4298376e+02  -1.9432200e+02  -1.9034546e+01   1.4488345e+01   1.8556985e+02
   1.8200000e+02  -1.8342842e+02   2.4101393e+02  -1.9688070e+02  -1.7764257e+01   1.9627741e+01   1.8060798e+02
   1.8200000e+02  -1.8384865e+02   2.3882934e+02  -1.9965932e+02  -1.8381612e+01   2.3832741e+01   1.7652573e+02
   1.8200000e+02  -1.8433973e+02   2.3668662e+02  -1.9987725e+02  -1.8565245e+01   2.6778343e+01   1.7087224e+02
   1.8200000e+02  -1.8474907e+02   2.3415277e+02  -2.0018626e+02  -1.8807977e+01   2.9640228e+01   1.6621446e+02
   1.8200000e+02  -1.8499382e+02   2.3162214e+02  -2.0073606e+02  -1.9315716e+01   3.2109324e+01   1.6222691e+02
   1.8200000e+02  -1.8495541e+02   2.2902559e+02  -2.0141683e+02  -1.9946346e+01   3.4228624e+01   1.5885920e+02
   1.8200000e+02  -1.8634926e+02   2.2585599e+02  -2.0163547e+02  -2.0173176e+01   3.6614962e+01   1.5479200e+02
   1.8200000e+02  -1.8720527e+02   2.2251527e+02  -2.0117427e+02  -2.0715218e+01   3.9142342e+01   1.4988124e+02
   1.8200000e+02  -1.8824302e+02   2.1886272e+02  -2.0076108e+02  -2.0983931e+01   4.1168596e+01   1.4627345e+02
   1.8200000e+02  -1.9020059e+02   2.1582470e+02  -1.9970933e+02  -2.1732430e+01   4.3389244e+01   1.4251145e+02
   1.8200000e+02  -1.9179009e+02   2.1200990e+02  -1.9835864e+02  -2.2049911e+01   4.5277935e+01   1.3944054e+02
   1.8200000e+02  -1.9228833e+02   2.0831340e+02  -1.9730683e+02  -2.2935788e+01   4.6036853e+01   1.3690125e+02
   1.8200000e+02  -1.9257091e+02   2.0465582e+02  -1.9593596e+02  -2.4096875e+01   4.6739582e+01   1.3438859e+02
   1.8200000e+02  -1.9254711e+02   2.0029914e+02  -1.9344165e+02  -2.5431979e+01   4.7402802e+01   1.3115653e+02
   1.8200000e+02  -1.9334933e+02   1.9521192e+02  -1.9028430e+02  -2.6899605e+01   4.7728930e+01   1.2826063e+02
   1.8200000e+02  -1.9264557e+02   1.8908705e+02  -1.8722690e+02  -2.8084198e+01   4.7370566e+01   1.2571165e+02
   1.8200000e+02  -1.9119162e+02   1.8266981e+02  -1.8416271e+02  -2.9301964e+01   4.6880832e+01   1.2342432e+02
   1.8200000e+02  -1.9210521e+02   1.7547626e+02  -1.8099589e+02  -3.0849114e+01   4.5968638e+01   1.2157567e+02
   1.8200000e+02  -1.9184727e+02   1.6796898e+02  -1.7757439e+02  -3.2409618e+01   4.5223302e+01   1.1980433e+02
   1.8200000e+02  -1.9296359e+02   1.5890535e+02  -1.7389172e+02  -3.3848692e+01   4.4893147e+01   1.1826511e+02
   1.8200000e+02  -1.9195692e+02   1.4976578e+02  -1.7018146e+02  -3.5333391e+01   4.4734714e+01   1.1687083e+02
   1.8200000e+02  -1.9200891e+02   1.4126249e+02  -1.6640954e+02  -3.8376587e+01   4.6617976e+01   1.1560755e+02
   1.8200000e+02  -1.8910069e+02   1.3647174e+02  -1.6307602e+02  -4.3687470e+01   4.8929647e+01   1.1446684e+02
   1.8200000e+02  -1.8859680e+02   1.4103299e+02  -1.5926179e+02  -5.2226790e+01   5.2349881e+01   1.1925291e+02
   1.8200000e+02  -1.9146490e+02   1.4968103e+02  -1.5700859e+02  -6.1826180e+01   5.4911264e+01   1.2688659e+02
   1.8200000e+02  -1.9265361e+02   1.5879076e+02  -1.5793508e+02  -7.1160379e+01   5.5096317e+01   1.3667148e+02
   1.8200000e+02  -1.9224065e+02   1.6895285e+02  -1.6450294e+02  -7.5529657e+01   5.0305101e+01   1.4507610e+02
   1.8200000e+02  -1.9181274e+02   1.8073650e+02  -1.7217055e+02  -7.5773538e+01   4.3686464e+01   1.5156636e+02
   1.8200000e+02  -1.9190458e+02   1.9299885e+02  -1.7930950e+02  -7.4075374e+01   3.7556189e+01   1.5901729e+02
   1.8200000e+02  -1.9352786e+02   2.0538445e+02  -1.8444694e+02  -7.1577206e+01   3.3422458e+01   1.6808825e+02
   1.8200000e+02  -1.9254424e+02   2.1739700e+02  -1.8795813e+02  -6.7264913e+01   3.0785167e+01   1.7828329e+02
   1.8200000e+02  -1.8912179e+02   2.2789636e+02  -1.8860608e+02  -6.0169507e+01   2.9384598e+01   1.8880790e+02
   1.8200000e+02  -1.8601176e+02   2.3450179e+02  -1.8961113e+02  -5.2990468e+01   2.7019011e+01   1.9895473e+02
   1.8200000e+02  -1.8386715e+02   2.3910272e+02  -1.9176138e+02  -4.6926477e+01   2.3367933e+01   2.0797598e+02
   1.8200000e+02  -1.8212332e+02   2.4204140e+02  -1.9416949e+02  -4.2049940e+01   1.9356960e+01   2.1516608e+02
   1.8200000e+02  -1.8008268e+02   2.4555054e+02  -1.9606438e+02  -3.8029957e+01   1.4993086e+01   2.1974863e+02
   1.8200000e+02  -1.7899105e+02   2.4786149e+02  -1.9835183e+02  -3.3770439e+01   9.7733589e+00   2.1977091e+02
   1.8200000e+02  -1.8004362e+02   2.4733968e+02  -1.9861712e+02  -2.8609724e+01   6.4832581e+00   2.1255514e+02
   1.8200000e+02  -1.7934549e+02   2.4696061e+02  -1.9583375e+02  -2.3755378e+01   8.0989103e+00   2.0385385e+02
   1.8200000e+02  -1.7958702e+02   2.4566390e+02  -1.9426496e+02  -1.9991591e+01   1.1210866e+01   1.9572603e+02
   1.8200000e+02  -1.7919026e+02   2.4563352e+02  -1.9440854e+02  -1.9290563e+01   1.4897247e+01   1.8905608e+02
   1.8200000e+02  -1.8024375e+02   2.4289109e+02  -1.9737897e+02  -1.9111295e+01   2.1420921e+01   1.8187601e+02
   1.8200000e+02  -1.8126531e+02   2.4019278e+02  -2.0079812e+02  -1.8737215e+01   2.7445994e+01   1.7665108e+02
   1.8200000e+02  -1.8335723e+02   2.3742850e+02  -2.0208746e+02  -1.8191500e+01   3.1449076e+01   1.7100366e+02
   1.8200000e+02  -1.8318952e+02   2.3606224e+02  -2.0373881e+02  -1.8756543e+01   3.4559421e+01   1.6654846e+02
   1.8200000e+02  -1.8227332e+02   2.3414427e+02  -2.0543046e+02  -1.9096427e+01   3.7552088e+01   1.6201729e+02
   1.8200000e+02  -1.8266035e+02   2.3197903e+02  -2.0677551e+02  -1.9903433e+01   4.0521935e+01   1.5789500e+02
   1.8200000e+02  -1.8341041e+02   2.2806707e+02  -2.0723703e+02  -1.9565144e+01   4.3773661e+01   1.5350919e+02
   1.8200000e+02  -1.8470201e+02   2.2453992e+02  -2.0758156e+02  -1.9622053e+01   4.6947654e+01   1.4971648e+02
   1.8200000e+02  -1.8522301e+02   2.2059007e+02  -2.0818153e+02  -1.9542457e+01   4.9519715e+01   1.4575634e+02
   1.8200000e+02  -1.8607543e+02   2.1756792e+02  -2.0811115e+02  -2.0652666e+01   5.1837381e+01   1.4260217e+02
   1.8200000e+02  -1.8580533e+02   2.1364084e+02  -2.0842823e+02  -2.1369293e+01   5.3553564e+01   1.3945838e+02
   1.8200000e+02  -1.8566617e+02   2.0970544e+02  -2.0842384e+02  -2.2818617e+01   5.5160807e+01   1.3600643e+02
   1.8200000e+02  -1.8616052e+02   2.0485099e+02  -2.0769087e+02  -2.4028564e+01   5.6789632e+01   1.3222924e+02
   1.8200000e+02  -1.8788529e+02   1.9999826e+02  -2.0617850e+02  -2.5346687e+01   5.8150141e+01   1.3002779e+02
   1.8200000e+02  -1.8925110e+02   1.9492615e+02  -2.0424810e+02  -2.6643402e+01   5.9465671e+01   1.2793231e+02
   1.8200000e+02  -1.9025892e+02   1.8903210e+02  -2.0071246e+02  -2.7999312e+01   5.9812379e+01   1.2563998e+02
   1.8200000e+02  -1.9018286e+02   1.8214662e+02  -1.9741770e+02  -2.9128873e+01   5.9326982e+01   1.2424739e+02
   1.8200000e+02  -1.8973851e+02   1.7517616e+02  -1.9401550e+02  -3.0306288e+01   5.8763937e+01   1.2289926e+02
   1.8200000e+02  -1.8990339e+02   1.6814402e+02  -1.9054106e+02  -3.1565335e+01   5.8041156e+01   1.2122467e+02
   1.8200000e+02  -1.9044986e+02   1.6056533e+02  -1.8681663e+02  -3.2916161e+01   5.7229520e+01   1.1952758e+02
   1.8200000e+02  -1.8950706e+02   1.5292820e+02  -1.8291706e+02  -3.4335123e+01   5.6471332e+01   1.1802206e+02
   1.8200000e+02  -1.9022276e+02   1.4491321e+02  -1.7901011e+02  -3.5743868e+01   5.5716002e+01   1.1648688e+02
   1.8200000e+02  -1.9135541e+02   1.3650291e+02  -1.7515510e+02  -3.7172181e+01   5.5075065e+01   1.1507242e+02
   1.8200000e+02  -1.9057074e+02   1.2723585e+02  -1.7157719e+02  -3.8599371e+01   5.4788827e+01   1.1418741e+02
   1.8200000e+02  -1.9111808e+02   1.1783853e+02  -1.6811001e+02  -4.0016381e+01   5.4575029e+01   1.1333380e+02
   1.8200000e+02  -1.9026887e+02   1.0941502e+02  -1.6559954e+02  -4.1717938e+01   5.5033573e+01   1.1211292e+02
   1.8200000e+02  -1.9012315e+02   1.0233580e+02  -1.6382325e+02  -4.4598061e+01   5.6864082e+01   1.0869794e+02
   1.8200000e+02  -1.8865202e+02   1.0388350e+02  -1.6069366e+02  -5.0430185e+01   6.1106956e+01   1.0662475e+02
   1.8200000e+02  -1.8928251e+02   1.1239484e+02  -1.5637949e+02  -5.9548973e+01   6.5731482e+01   1.1024819e+02
   1.8200000e+02  -1.9059825e+02   1.2186731e+02  -1.5279427e+02  -6.9857656e+01   6.9867062e+01   1.1970109e+02
   1.8200000e+02  -1.9322702e+02   1.3173620e+02  -1.5174540e+02  -8.0374830e+01   7.2446126e+01   1.3031623e+02
   1.8200000e+02  -1.9560969e+02   1.4073679e+02  -1.5396573e+02  -9.0014054e+01   7.3646700e+01   1.4010838e+02
   1.8200000e+02  -1.9510374e+02   1.4278782e+02  -1.5495094e+02  -9.7437990e+01   7.8474220e+01   1.4640255e+02
   1.8200000e+02  -1.9475451e+02   1.3581543e+02  -1.4824626e+02  -1.0535756e+02   8.6809241e+01   1.5234063e+02
   1.8200000e+02  -1.9226161e+02   1.2587567e+02  -1.3926821e+02  -1.1211049e+02   9.6295599e+01   1.6189666e+02
   1.8200000e+02  -1.9063085e+02   1.1600132e+02  -1.3175857e+02  -1.1648062e+02   1.0287352e+02   1.7215009e+02
   1.8200000e+02  -1.8737072e+02   1.0916850e+02  -1.2504656e+02  -1.1975486e+02   1.0558336e+02   1.8297714e+02
   1.8200000e+02  -1.8539624e+02   1.0433327e+02  -1.1867011e+02  -1.2219188e+02   1.0509143e+02   1.9334882e+02
   1.8200000e+02  -1.8259129e+02   1.0105501e+02  -1.1139203e+02  -1.2487435e+02   1.0456667e+02   2.0336116e+02
   1.8200000e+02  -1.8065406e+02   9.8599232e+01  -1.0357755e+02  -1.2692586e+02   1.0324410e+02   2.1270423e+02
   1.8200000e+02  -1.7920529e+02   9.5877212e+01  -9.4837312e+01  -1.2934816e+02   1.0354835e+02   2.2114551e+02
   1.8200000e+02  -1.7901383e+02   9.3140820e+01  -8.5917075e+01  -1.3232478e+02   1.0539642e+02   2.2821853e+02
   1.8200000e+02  -1.8003086e+02   9.1499375e+01  -7.8430967e+01  -1.3539796e+02   1.0426812e+02   2.3247800e+02
   1.8200000e+02  -1.8015739e+02   8.9337876e+01  -7.4183910e+01  -1.3805390e+02   9.9900189e+01   2.3416231e+02
   1.8200000e+02  -1.8099535e+02   8.7441859e+01  -7.2101095e+01  -1.4129481e+02   9.5084371e+01   2.3148869e+02
   1.8200000e+02  -1.8206705e+02   8.5322597e+01  -7.1155272e+01  -1.4532290e+02   9.0827066e+01   2.2609452e+02
   1.8200000e+02  -1.8346571e+02   8.3149096e+01  -7.1490219e+01  -1.5047776e+02   8.7010347e+01   2.1884206e+02
   1.8200000e+02  -1.8411517e+02   8.1324761e+01  -7.2217530e+01  -1.5648430e+02   8.3822133e+01   2.1104570e+02
   1.8200000e+02  -1.8513413e+02   7.8732400e+01  -7.4187817e+01  -1.6274149e+02   8.0582878e+01   2.0258002e+02
   1.8200000e+02  -1.8503969e+02   7.4761304e+01  -7.5998288e+01  -1.6865935e+02   7.8271717e+01   1.9459141e+02
   1.8200000e+02  -1.8573243e+02   7.0712305e+01  -7.8416239e+01  -1.7455698e+02   7.6594403e+01   1.8634477e+02
   1.8200000e+02  -1.8458873e+02   6.7083796e+01  -8.0229380e+01  -1.8024205e+02   7.5763792e+01   1.8042677e+02
   1.8200000e+02  -1.8456174e+02   6.2572894e+01  -8.2793938e+01  -1.8455836e+02   7.5552463e+01   1.7468611e+02
   1.8200000e+02  -1.8522363e+02   5.8762244e+01  -8.7260394e+01  -1.8696572e+02   7.6676220e+01   1.6858339e+02
   1.8200000e+02  -1.8479176e+02   5.5081827e+01  -9.1801988e+01  -1.8869384e+02   7.8794426e+01   1.6410412e+02
   1.8200000e+02  -1.8387481e+02   5.2768143e+01  -9.6121799e+01  -1.9079626e+02   8.1815651e+01   1.5897127e+02
   1.8200000e+02  -1.8269430e+02   5.0429594e+01  -1.0171298e+02  -1.9191589e+02   8.5339386e+01   1.5416516e+02
   1.8200000e+02  -1.8131672e+02   4.8216529e+01  -1.0740021e+02  -1.9263412e+02   8.9349082e+01   1.4913568e+02
   1.8200000e+02  -1.8163780e+02   4.7067469e+01  -1.1451252e+02  -1.9256115e+02   9.2962609e+01   1.4387058e+02
   1.8200000e+02  -1.8218348e+02   4.6427251e+01  -1.2141304e+02  -1.9231892e+02   9.6613808e+01   1.4036466e+02
   1.8200000e+02  -1.8117722e+02   4.5589580e+01  -1.2778082e+02  -1.9104576e+02   1.0028263e+02   1.3643427e+02
   1.8200000e+02  -1.8216626e+02   4.5281819e+01  -1.3360079e+02  -1.8876121e+02   1.0227918e+02   1.3201760e+02
   1.8200000e+02  -1.8199478e+02   4.5566550e+01  -1.3864354e+02  -1.8641760e+02   1.0427830e+02   1.2844773e+02
   1.8200000e+02  -1.8260044e+02   4.5933192e+01  -1.4340193e+02  -1.8413149e+02   1.0621376e+02   1.2457664e+02
   1.8200000e+02  -1.8620619e+02   4.5080281e+01  -1.4710885e+02  -1.8203480e+02   1.0616355e+02   1.2204348e+02
   1.8200000e+02  -1.8872803e+02   4.4343941e+01  -1.5073817e+02  -1.7992399e+02   1.0597652e+02   1.1942171e+02
   1.8200000e+02  -1.8969624e+02   4.4710657e+01  -1.5332155e+02  -1.7753431e+02   1.0506081e+02   1.1668444e+02
   1.8200000e+02  -1.9014194e+02   4.5084938e+01  -1.5581229e+02  -1.7521221e+02   1.0413627e+02   1.1403376e+02
   1.8200000e+02  -1.9072161e+02   4.4956744e+01  -1.5703527e+02  -1.7334125e+02   1.0317974e+02   1.1165837e+02
   1.8200000e+02  -1.9022083e+02   4.4952409e+01  -1.5821918e+02  -1.7150142e+02   1.0219843e+02   1.0923935e+02
   1.8200000e+02  -1.9083208e+02   4.4814768e+01  -1.5935670e+02  -1.6971453e+02   1.0122191e+02   1.0680832e+02
   1.8200000e+02  -1.8863988e+02   4.4925748e+01  -1.6044618e+02  -1.6797810e+02   1.0023052e+02   1.0443562e+02
   1.8200000e+02  -1.9117888e+02   4.4842206e+01  -1.6152192e+02  -1.6633160e+02   9.9265934e+01   1.0211302e+02
   1.8200000e+02  -1.9198193e+02   4.6063383e+01  -1.6253499e+02  -1.6558506e+02   9.8450558e+01   1.0292259e+02
   1.8200000e+02  -1.8659124e+02   4.8748972e+01  -1.6292891e+02  -1.6500039e+02   9.7229939e+01   1.1105340e+02
   1.8200000e+02  -1.8320087e+02   5.3821753e+01  -1.6388799e+02  -1.6713950e+02   9.4549329e+01   1.1910330e+02
   1.8200000e+02  -1.8197751e+02   5.8729273e+01  -1.6345738e+02  -1.7003456e+02   9.3395476e+01   1.2837551e+02
   1.8200000e+02  -1.8038989e+02   6.0485077e+01  -1.6084501e+02  -1.7434171e+02   9.5058976e+01   1.3900253e+02
   1.8200000e+02  -1.7921140e+02   6.0614640e+01  -1.5849301e+02  -1.8058681e+02   9.8244467e+01   1.4898224e+02
   1.8200000e+02  -1.7784672e+02   5.9376671e+01  -1.5615274e+02  -1.8749132e+02   1.0201179e+02   1.5794003e+02
   1.8200000e+02  -1.7663917e+02   5.6391145e+01  -1.5351199e+02  -1.9352837e+02   1.0621138e+02   1.6669322e+02
   1.8200000e+02  -1.7936136e+02   5.6030676e+01  -1.5177288e+02  -1.9974866e+02   1.0921531e+02   1.7512240e+02
   1.8200000e+02  -1.8045424e+02   5.6129505e+01  -1.4817035e+02  -2.0448309e+02   1.1173819e+02   1.8440844e+02
   1.8200000e+02  -1.8145292e+02   5.8747622e+01  -1.4296945e+02  -2.0819086e+02   1.1414389e+02   1.9364928e+02
   1.8200000e+02  -1.8138510e+02   6.0971337e+01  -1.3696962e+02  -2.1085898e+02   1.1548649e+02   2.0156598e+02
   1.8200000e+02  -1.8002156e+02   6.2815431e+01  -1.3080734e+02  -2.1289161e+02   1.1616928e+02   2.0852017e+02
   1.8200000e+02  -1.7908112e+02   6.4567474e+01  -1.2375352e+02  -2.1379555e+02   1.1665128e+02   2.1482846e+02
   1.8200000e+02  -1.7803546e+02   6.6076933e+01  -1.1583967e+02  -2.1431527e+02   1.1794455e+02   2.2074050e+02
   1.8200000e+02  -1.7721243e+02   6.7616734e+01  -1.0757236e+02  -2.1391175e+02   1.2033588e+02   2.2525871e+02
   1.8200000e+02  -1.7806904e+02   6.7874363e+01  -1.0074521e+02  -2.1291720e+02   1.1979962e+02   2.2648510e+02
   1.8200000e+02  -1.7864479e+02   6.6536473e+01  -9.7473262e+01  -2.1214726e+02   1.1552337e+02   2.2475674e+02
   1.8200000e+02  -1.7830668e+02   6.5368105e+01  -9.5138427e+01  -2.1136905e+02   1.1105023e+02   2.2041651e+02
   1.8200000e+02  -1.7848366e+02   6.3718356e+01  -9.3697230e+01  -2.1033710e+02   1.0674136e+02   2.1415507e+02
   1.8200000e+02  -1.7968083e+02   6.1292959e+01  -9.3180037e+01  -2.0878112e+02   1.0286261e+02   2.0688078e+02
   1.8200000e+02  -1.8046679e+02   5.9341347e+01  -9.4276099e+01  -2.0669761e+02   1.0026712e+02   1.9908978e+02
   1.8200000e+02  -1.8115543e+02   5.7344205e+01  -9.5493395e+01  -2.0461415e+02   9.7612037e+01   1.9130643e+02
   1.8200000e+02  -1.8283038e+02   5.5695164e+01  -9.7644883e+01  -2.0278290e+02   9.5972058e+01   1.8415437e+02
   1.8200000e+02  -1.8248764e+02   5.5161483e+01  -9.9714352e+01  -2.0166244e+02   9.5034628e+01   1.7768694e+02
   1.8200000e+02  -1.8228661e+02   5.4307976e+01  -1.0323635e+02  -2.0051571e+02   9.6496446e+01   1.7282341e+02
   1.8200000e+02  -1.8287858e+02   5.3374896e+01  -1.0847177e+02  -1.9922798e+02   9.8573773e+01   1.6820243e+02
   1.8200000e+02  -1.8320480e+02   5.2495187e+01  -1.1487663e+02  -1.9806054e+02   1.0165927e+02   1.6277192e+02
   1.8200000e+02  -1.8361824e+02   5.2159894e+01  -1.2198658e+02  -1.9676435e+02   1.0558376e+02   1.5753465e+02
   1.8200000e+02  -1.8272007e+02   5.2150442e+01  -1.2860140e+02  -1.9542846e+02   1.1036426e+02   1.5421997e+02
   1.8200000e+02  -1.8137682e+02   5.2635576e+01  -1.3561947e+02  -1.9475062e+02   1.1499518e+02   1.4994313e+02
   1.8200000e+02  -1.8069209e+02   5.1927522e+01  -1.4263495e+02  -1.9329018e+02   1.1969042e+02   1.4503061e+02
   1.8200000e+02  -1.8121040e+02   5.2318998e+01  -1.4894105e+02  -1.9277460e+02   1.2324055e+02   1.3918734e+02
   1.8200000e+02  -1.8285693e+02   5.2022093e+01  -1.5398860e+02  -1.9121482e+02   1.2537912e+02   1.3536263e+02
   1.8200000e+02  -1.8370176e+02   5.2056828e+01  -1.5762618e+02  -1.8943368e+02   1.2645597e+02   1.3185157e+02
   1.8200000e+02  -1.8223126e+02   5.2009668e+01  -1.6007441e+02  -1.8730152e+02   1.2784287e+02   1.2895154e+02
   1.8200000e+02  -1.8212396e+02   5.2729239e+01  -1.6179574e+02  -1.8583961e+02   1.2780388e+02   1.2626179e+02
   1.8200000e+02  -1.8371609e+02   5.2556933e+01  -1.6346112e+02  -1.8384671e+02   1.2732793e+02   1.2290210e+02
   1.8200000e+02  -1.8442719e+02   5.2819436e+01  -1.6437727e+02  -1.8194186e+02   1.2692527e+02   1.2047703e+02
   1.8200000e+02  -1.8484572e+02   5.3205081e+01  -1.6529113e+02  -1.8012501e+02   1.2636331e+02   1.1813350e+02
   1.8200000e+02  -1.8621429e+02   5.3515994e+01  -1.6614795e+02  -1.7838306e+02   1.2571915e+02   1.1580818e+02
   1.8200000e+02  -1.8822382e+02   5.2610646e+01  -1.6668119e+02  -1.7636430e+02   1.2418380e+02   1.1371927e+02
   1.8200000e+02  -1.9166527e+02   5.1563457e+01  -1.6719513e+02  -1.7440203e+02   1.2267819e+02   1.1168195e+02
