   1.6930356e+02  -1.7580755e+02   1.8193973e+02  -1.3036447e+01  -8.2382156e+01  -1.2231249e+02   1.5419344e+02
   1.7302800e+02  -1.7687063e+02   1.8229562e+02  -1.5101935e+01  -8.4011285e+01  -1.1974562e+02   1.6094757e+02
   1.7672421e+02  -1.7554436e+02   1.8722102e+02  -1.0949582e+01  -8.0066790e+01  -1.2533741e+02   1.6817214e+02
   1.8250897e+02  -1.7370736e+02   1.9960984e+02   5.1812746e-01  -6.9465933e+01  -1.3933741e+02   1.7555731e+02
   1.9039792e+02  -1.6994341e+02   2.1043503e+02   9.5508041e+00  -5.6398707e+01  -1.5333741e+02   1.8462602e+02
   1.9611637e+02  -1.6823567e+02   2.2001042e+02   1.9744066e+01  -4.4372312e+01  -1.6733741e+02   1.9308617e+02
   2.0521481e+02  -1.5971890e+02   2.2490157e+02   2.4904787e+01  -3.5706312e+01  -1.8133741e+02   2.0130052e+02
   2.1192238e+02  -1.5084185e+02   2.2647139e+02   2.7641805e+01  -3.0795731e+01  -1.9533741e+02   2.0826370e+02
   2.1663351e+02  -1.4487510e+02   2.2824376e+02   3.1774481e+01  -2.6773124e+01  -2.0915666e+02   2.1152160e+02
   2.2219899e+02  -1.3761722e+02   2.2863859e+02   2.5241869e+01  -2.4606673e+01  -2.1347334e+02   2.1570914e+02
   2.2577735e+02  -1.3312279e+02   2.2972011e+02   2.3871598e+01  -2.2755723e+01  -2.2042774e+02   2.1814930e+02
   2.2781928e+02  -1.3018997e+02   2.3221632e+02   2.6040192e+01  -2.0967330e+01  -2.3142023e+02   2.1745107e+02
   2.2641652e+02  -1.2971331e+02   2.3574977e+02   2.6531584e+01  -1.7360045e+01  -2.3904485e+02   2.1276915e+02
   2.2429434e+02  -1.3238479e+02   2.3625200e+02   2.5298242e+01  -1.7049727e+01  -2.3649409e+02   2.0310177e+02
   2.1643948e+02  -1.4296975e+02   2.3603857e+02   3.0865395e+01  -1.4792173e+01  -2.3353071e+02   1.9694728e+02
   2.1405125e+02  -1.4399242e+02   2.3506150e+02   2.2759977e+01  -1.7046621e+01  -2.2182979e+02   1.9152929e+02
   2.0968730e+02  -1.4884269e+02   2.3498901e+02   2.6531783e+01  -1.7001719e+01  -2.1972132e+02   1.8515282e+02
   2.0546909e+02  -1.5257010e+02   2.3560070e+02   2.7361524e+01  -1.8584405e+01  -2.1615558e+02   1.8097978e+02
   2.0071365e+02  -1.5804146e+02   2.3543880e+02   2.7425769e+01  -2.0025013e+01  -2.1152317e+02   1.7702464e+02
   1.9648186e+02  -1.6263393e+02   2.3546430e+02   2.2765989e+01  -2.0748831e+01  -2.0231877e+02   1.7337918e+02
   1.9096563e+02  -1.6816531e+02   2.3501514e+02   2.5478929e+01  -2.0407853e+01  -2.0032326e+02   1.6922762e+02
   1.8888883e+02  -1.6921692e+02   2.3323152e+02   1.9627155e+01  -2.3358715e+01  -1.9177024e+02   1.6419183e+02
   1.8507575e+02  -1.7255260e+02   2.3205080e+02   1.2706607e+01  -2.2777917e+01  -1.8041547e+02   1.6094601e+02
   1.8048014e+02  -1.7827018e+02   2.3022751e+02   1.8071427e+01  -2.3115775e+01  -1.7954201e+02   1.5615370e+02
   1.7545333e+02  -1.8154913e+02   2.2823683e+02   1.3242102e+01  -2.5613152e+01  -1.7119558e+02   1.5183454e+02
   1.7304757e+02  -1.8134322e+02   2.2562878e+02   1.5628056e+01  -3.0087101e+01  -1.7142370e+02   1.4778298e+02
   1.6969721e+02  -1.8190545e+02   2.2186690e+02   1.7370225e+01  -3.4202924e+01  -1.7035859e+02   1.4373077e+02
   1.6322969e+02  -1.8633046e+02   2.1776149e+02   1.2665659e+01  -3.9081610e+01  -1.6052166e+02   1.4027794e+02
   1.6052752e+02  -1.8854374e+02   2.1412152e+02   2.6524574e+00  -4.0558355e+01  -1.4652166e+02   1.3852556e+02
   1.5675883e+02  -1.8733593e+02   2.1066581e+02  -6.1310514e+00  -4.5759290e+01  -1.3627457e+02   1.3702702e+02
   1.5385351e+02  -1.9073018e+02   2.0539848e+02  -8.9534826e+00  -4.9204781e+01  -1.2719681e+02   1.3355124e+02
   1.5074652e+02  -1.9077691e+02   2.0005957e+02   1.2523262e+00  -5.4344201e+01  -1.3346449e+02   1.3040380e+02
   1.4826094e+02  -1.9018089e+02   1.9407535e+02   9.3045099e-01  -5.8205861e+01  -1.3030102e+02   1.2739983e+02
   1.4655962e+02  -1.9083075e+02   1.8539415e+02   1.4930451e+01  -6.2596323e+01  -1.3986562e+02   1.2484394e+02
   1.4537132e+02  -1.8847139e+02   1.8044880e+02   1.9410785e+01  -6.4460308e+01  -1.4187598e+02   1.2103408e+02
   1.4358531e+02  -1.8505424e+02   1.7389345e+02   3.3410783e+01  -7.0487493e+01  -1.5410143e+02   1.2030813e+02
   1.4165935e+02  -1.8033399e+02   1.6669239e+02   3.1730249e+01  -7.9024745e+01  -1.5340673e+02   1.1509229e+02
   1.4171406e+02  -1.7593158e+02   1.6392721e+02   2.6298355e+01  -8.2100698e+01  -1.4936273e+02   1.1042831e+02
   1.4147156e+02  -1.7186510e+02   1.6434934e+02   1.5840093e+01  -9.0291465e+01  -1.4230308e+02   1.0721341e+02
   1.4199937e+02  -1.7190376e+02   1.6343900e+02   1.9900046e+01  -9.4276162e+01  -1.4724557e+02   1.0620696e+02
   1.4832683e+02  -1.7480783e+02   1.6024632e+02   5.9000461e+00  -9.9633708e+01  -1.3324557e+02   1.0544247e+02
   1.4944863e+02  -1.7209517e+02   1.5836228e+02  -8.0999539e+00  -9.9249558e+01  -1.2093776e+02   1.1449829e+02
   1.5236555e+02  -1.7232421e+02   1.5876813e+02  -2.2099954e+01  -1.0054089e+02  -1.0805084e+02   1.2252441e+02
   1.5733666e+02  -1.7342844e+02   1.6144643e+02  -2.1578383e+01  -1.0129904e+02  -1.0783493e+02   1.3574553e+02
   1.6230783e+02  -1.7617213e+02   1.6903051e+02  -1.8246693e+01  -9.2448883e+01  -1.1168147e+02   1.4523517e+02
   1.6957335e+02  -1.7535060e+02   1.8213485e+02  -1.6056137e+01  -8.1270573e+01  -1.1885091e+02   1.5253124e+02
   1.7656234e+02  -1.7252143e+02   1.9438480e+02  -8.6147181e+00  -6.9466905e+01  -1.3101345e+02   1.6108315e+02
   1.8245324e+02  -1.6945467e+02   2.0409776e+02   1.4280960e-01  -6.1039339e+01  -1.4501345e+02   1.7171957e+02
   1.9081432e+02  -1.6879625e+02   2.1308498e+02   1.1184559e+01  -5.2353686e+01  -1.5901345e+02   1.7734866e+02
   1.9887923e+02  -1.6754498e+02   2.2111407e+02   2.0689679e+01  -4.2548587e+01  -1.7137657e+02   1.8263554e+02
   2.0764730e+02  -1.5675758e+02   2.2567911e+02   1.9861594e+01  -3.5625367e+01  -1.8001079e+02   1.9235906e+02
   2.1474987e+02  -1.4941575e+02   2.2830097e+02   2.6490301e+01  -3.1574250e+01  -1.9401079e+02   1.9888158e+02
   2.2299269e+02  -1.4003716e+02   2.2972547e+02   2.3485013e+01  -2.6530299e+01  -2.0122540e+02   2.0508156e+02
   2.2800891e+02  -1.3466288e+02   2.2946009e+02   2.5376631e+01  -2.3927167e+01  -2.1143258e+02   2.0879390e+02
   2.3328677e+02  -1.2758314e+02   2.2989652e+02   2.1188291e+01  -2.1189390e+01  -2.1632174e+02   2.1312142e+02
   2.3546039e+02  -1.2305377e+02   2.3106847e+02   2.5502334e+01  -1.9674160e+01  -2.3032174e+02   2.1585218e+02
   2.3393106e+02  -1.2478921e+02   2.3323756e+02   2.4118672e+01  -1.7622092e+01  -2.3588433e+02   2.1138331e+02
   2.3103865e+02  -1.2746426e+02   2.3670581e+02   2.7164241e+01  -1.6744588e+01  -2.3995730e+02   2.0003342e+02
   2.2560127e+02  -1.3392913e+02   2.3544122e+02   2.7761618e+01  -1.7882633e+01  -2.3550502e+02   1.9297208e+02
   2.2309571e+02  -1.3584588e+02   2.3640528e+02   2.3740631e+01  -1.7264524e+01  -2.2713759e+02   1.8937041e+02
   2.1966232e+02  -1.4042535e+02   2.3730965e+02   2.2639610e+01  -1.7365636e+01  -2.2047547e+02   1.8367612e+02
   2.1384192e+02  -1.4553932e+02   2.3671849e+02   2.2281110e+01  -2.0184074e+01  -2.1472126e+02   1.7770297e+02
   2.0744806e+02  -1.5425256e+02   2.3748136e+02   2.9351094e+01  -1.8614134e+01  -2.1472952e+02   1.7292538e+02
   2.0381240e+02  -1.5717784e+02   2.3860573e+02   2.1970969e+01  -1.8860227e+01  -2.0344379e+02   1.7014130e+02
   2.0003028e+02  -1.6106613e+02   2.3802155e+02   2.2993401e+01  -2.0124541e+01  -2.0119318e+02   1.6655379e+02
   1.9530207e+02  -1.6523824e+02   2.3726415e+02   2.0178620e+01  -2.1038601e+01  -1.9464909e+02   1.6319594e+02
   1.9044905e+02  -1.7061343e+02   2.3672706e+02   1.6792198e+01  -2.1052120e+01  -1.8692892e+02   1.5948712e+02
   1.8557534e+02  -1.7485047e+02   2.3595309e+02   1.7584603e+01  -2.2393361e+01  -1.8400704e+02   1.5606978e+02
   1.8005093e+02  -1.8088867e+02   2.3398424e+02   1.6306663e+01  -2.2879084e+01  -1.7681676e+02   1.5099828e+02
   1.7618404e+02  -1.8406686e+02   2.3323343e+02   1.3027440e+01  -2.3803218e+01  -1.7086207e+02   1.4958138e+02
   1.7504448e+02  -1.8126244e+02   2.2965867e+02   1.3214438e+01  -3.0258667e+01  -1.6979944e+02   1.4525247e+02
   1.6947468e+02  -1.8532429e+02   2.2529142e+02   1.3937081e+01  -3.4751966e+01  -1.6664748e+02   1.4158307e+02
   1.6550903e+02  -1.8983793e+02   2.2276924e+02   1.3540878e+01  -3.4959080e+01  -1.6149843e+02   1.3929304e+02
   1.6156541e+02  -1.9293429e+02   2.1890244e+02   3.8248278e+00  -3.7495297e+01  -1.4749843e+02   1.3704108e+02
   1.5876065e+02  -1.9245896e+02   2.1454294e+02  -4.2140219e+00  -4.2364578e+01  -1.3677920e+02   1.3270426e+02
   1.5391037e+02  -1.9398802e+02   2.0986743e+02  -6.5433699e+00  -4.7873443e+01  -1.3043637e+02   1.3205918e+02
   1.5110492e+02  -1.9563399e+02   2.0536000e+02  -9.5125739e-01  -5.0709444e+01  -1.3186233e+02   1.2797458e+02
   1.4933358e+02  -1.9427344e+02   1.9911699e+02  -2.6143955e+00  -5.5584169e+01  -1.2840350e+02   1.2447500e+02
   1.4705010e+02  -1.9237145e+02   1.9365023e+02   1.1385604e+01  -5.9064077e+01  -1.4086393e+02   1.2220896e+02
   1.4545682e+02  -1.8974480e+02   1.8659342e+02   2.2809851e+01  -6.5771664e+01  -1.4968859e+02   1.1879595e+02
   1.4485954e+02  -1.8813318e+02   1.7910202e+02   2.3952367e+01  -6.9852970e+01  -1.4773619e+02   1.1465760e+02
   1.4318993e+02  -1.8115091e+02   1.7290116e+02   2.5726411e+01  -7.4765503e+01  -1.5049619e+02   1.1085904e+02
   1.4193852e+02  -1.7553707e+02   1.6728223e+02   2.7959652e+01  -8.7837054e+01  -1.5434133e+02   1.0649040e+02
   1.4145474e+02  -1.7295922e+02   1.6410573e+02   3.2064651e+01  -8.4226385e+01  -1.5791688e+02   1.0525438e+02
   1.4158011e+02  -1.7105995e+02   1.6457384e+02   3.0267456e+01  -8.2055621e+01  -1.5733304e+02   1.0369048e+02
   1.4110484e+02  -1.7008194e+02   1.6472754e+02   3.6787100e+01  -8.1310277e+01  -1.6523707e+02   1.0380302e+02
   1.4040259e+02  -1.6935207e+02   1.6461102e+02   3.7804717e+01  -8.5301653e+01  -1.6706807e+02   1.0306964e+02
   1.3912298e+02  -1.6780210e+02   1.6440784e+02   2.8163539e+01  -8.3570188e+01  -1.5814534e+02   1.0351904e+02
   1.3927545e+02  -1.6650112e+02   1.6387886e+02   2.8956433e+01  -8.7413299e+01  -1.5971483e+02   1.0282489e+02
   1.4124186e+02  -1.6358775e+02   1.6338156e+02   1.4956433e+01  -8.8202704e+01  -1.4765457e+02   1.0226173e+02
   1.4420296e+02  -1.6057155e+02   1.6222721e+02   2.4125702e+01  -9.8291534e+01  -1.5881680e+02   1.0182814e+02
   1.4836485e+02  -1.6499116e+02   1.5701121e+02   2.7394591e+01  -1.0018763e+02  -1.5971026e+02   1.1126148e+02
   1.5618337e+02  -1.7081987e+02   1.5670425e+02   1.3394591e+01  -1.0323618e+02  -1.4706799e+02   1.2526148e+02
   1.6297528e+02  -1.7801247e+02   1.5805006e+02   1.6880751e+00  -1.0503815e+02  -1.3306799e+02   1.3832061e+02
   1.6730511e+02  -1.7947489e+02   1.6657053e+02  -1.1181438e+01  -9.8420578e+01  -1.1906799e+02   1.4798086e+02
   1.7198941e+02  -1.7601031e+02   1.7696335e+02  -1.1329036e+01  -8.6767759e+01  -1.2220378e+02   1.5878965e+02
   1.7921637e+02  -1.7275534e+02   1.8913779e+02  -1.2492357e+01  -7.6634442e+01  -1.2607843e+02   1.6722770e+02
   1.8585611e+02  -1.7169879e+02   1.9942855e+02   3.4345730e-03  -6.7000237e+01  -1.4007843e+02   1.7521210e+02
   1.9333377e+02  -1.6356586e+02   2.0900079e+02   3.3210090e+00  -5.7465867e+01  -1.5045495e+02   1.8766487e+02
   2.0076572e+02  -1.6006402e+02   2.1692434e+02   1.2853858e+01  -4.7740871e+01  -1.6445495e+02   1.9619929e+02
   2.0986927e+02  -1.5237389e+02   2.1975080e+02   1.6584569e+01  -4.2887082e+01  -1.7619672e+02   1.9880756e+02
   2.1927901e+02  -1.4540728e+02   2.2554572e+02   2.3265155e+01  -3.2556994e+01  -1.9019672e+02   2.0400843e+02
   2.2872947e+02  -1.3390046e+02   2.2932928e+02   2.1227802e+01  -2.5435808e+01  -2.0419672e+02   2.0855152e+02
   2.3463307e+02  -1.2693366e+02   2.3253141e+02   2.1722684e+01  -2.1323407e+01  -2.1819672e+02   2.1398004e+02
   2.3836344e+02  -1.2146519e+02   2.3274848e+02   2.2800692e+01  -1.6335511e+01  -2.3219672e+02   2.1854437e+02
   2.3679195e+02  -1.2247944e+02   2.3379430e+02   2.9470464e+01  -1.6597814e+01  -2.4619672e+02   2.1142350e+02
   2.3117108e+02  -1.2947832e+02   2.3480274e+02   3.7339125e+01  -1.3527190e+01  -2.5142055e+02   2.0181355e+02
   2.3054697e+02  -1.2842019e+02   2.3368206e+02   3.3426242e+01  -1.5079307e+01  -2.4581001e+02   1.9555446e+02
   2.2712851e+02  -1.3134046e+02   2.3384174e+02   3.5010364e+01  -1.4680705e+01  -2.4301568e+02   1.9094272e+02
   2.2197126e+02  -1.3751339e+02   2.3349999e+02   3.3335407e+01  -1.5869395e+01  -2.3540254e+02   1.8511396e+02
   2.1914768e+02  -1.3990319e+02   2.3417528e+02   3.0488827e+01  -1.6620966e+01  -2.2929594e+02   1.8229138e+02
   2.1656762e+02  -1.4161813e+02   2.3491049e+02   2.7996575e+01  -1.7735135e+01  -2.2382425e+02   1.7940560e+02
   2.1306945e+02  -1.4478433e+02   2.3461075e+02   2.3059407e+01  -1.9875822e+01  -2.1540652e+02   1.7508611e+02
   2.0580289e+02  -1.5348856e+02   2.3572149e+02   3.4571652e+01  -1.9606587e+01  -2.2045222e+02   1.7200984e+02
   2.0185365e+02  -1.5884156e+02   2.3525755e+02   3.5835951e+01  -1.9541798e+01  -2.1727896e+02   1.6814945e+02
   1.9659863e+02  -1.6335648e+02   2.3507494e+02   3.8467240e+01  -2.1210475e+01  -2.1617667e+02   1.6544883e+02
   1.9414076e+02  -1.6424190e+02   2.3370886e+02   2.8874646e+01  -2.2241153e+01  -2.0476861e+02   1.6211309e+02
   1.9240394e+02  -1.6404629e+02   2.3364700e+02   2.3142123e+01  -2.3633305e+01  -1.9813355e+02   1.6054530e+02
   1.8964838e+02  -1.6602305e+02   2.3265168e+02   1.6953543e+01  -2.4505355e+01  -1.8979272e+02   1.5755754e+02
   1.8588086e+02  -1.6921340e+02   2.3132350e+02   1.1056910e+01  -2.5354922e+01  -1.8065581e+02   1.5429518e+02
   1.8143537e+02  -1.7238571e+02   2.2888944e+02   1.0139252e+01  -2.7659841e+01  -1.7610306e+02   1.5124774e+02
   1.7744641e+02  -1.7365076e+02   2.2712840e+02   1.2272321e+01  -3.0529226e+01  -1.7664952e+02   1.4899824e+02
   1.7265325e+02  -1.7765811e+02   2.2464581e+02   1.2810185e+01  -3.2747962e+01  -1.7256333e+02   1.4526098e+02
   1.6916910e+02  -1.7917851e+02   2.2201316e+02   1.2500766e+01  -3.5860172e+01  -1.6904100e+02   1.4288759e+02
   1.6598961e+02  -1.8171816e+02   2.1886484e+02   9.2722020e+00  -4.0035163e+01  -1.6189118e+02   1.3953976e+02
   1.6232716e+02  -1.8371842e+02   2.1659316e+02   1.0551175e+01  -4.1766923e+01  -1.6068354e+02   1.3882863e+02
   1.5939180e+02  -1.8427836e+02   2.1411384e+02   2.6666736e+00  -4.4114724e+01  -1.5091816e+02   1.3752146e+02
   1.5715384e+02  -1.8715468e+02   2.1208910e+02   1.7210106e+00  -4.2923275e+01  -1.4700502e+02   1.3640075e+02
   1.5535149e+02  -1.8720264e+02   2.0908689e+02  -6.5577126e-01  -4.6521591e+01  -1.4409682e+02   1.3375270e+02
   1.5355228e+02  -1.8855521e+02   2.0606189e+02   1.0060690e+00  -4.7491710e+01  -1.4244657e+02   1.3163326e+02
   1.5245980e+02  -1.8754494e+02   2.0468263e+02   5.3394471e-02  -4.8975113e+01  -1.3929914e+02   1.2987439e+02
   1.5174437e+02  -1.8796733e+02   1.9984040e+02   3.4149277e+00  -5.0323731e+01  -1.3912490e+02   1.2702259e+02
   1.5207927e+02  -1.8791037e+02   1.9713560e+02   2.8073217e+00  -4.8645654e+01  -1.3455741e+02   1.2435258e+02
   1.5118935e+02  -1.8322921e+02   1.8704657e+02   1.0919713e-01  -5.5325321e+01  -1.2996120e+02   1.2263763e+02
   1.5142973e+02  -1.7978586e+02   1.7767425e+02   6.3200680e+00  -6.3613692e+01  -1.3142627e+02   1.2306803e+02
   1.5302104e+02  -1.7250482e+02   1.7552071e+02  -4.6678192e+00  -7.0398211e+01  -1.2479470e+02   1.3015575e+02
   1.5561203e+02  -1.6770636e+02   1.7464401e+02  -1.2390629e+01  -7.8241036e+01  -1.1965447e+02   1.3309531e+02
   1.5983609e+02  -1.6901870e+02   1.7553242e+02  -1.6721028e+01  -8.0568686e+01  -1.1494441e+02   1.3958017e+02
   1.6844856e+02  -1.7462013e+02   1.8725015e+02  -9.7040115e+00  -7.2325319e+01  -1.2070157e+02   1.5139608e+02
   1.7432644e+02  -1.7376550e+02   1.9808525e+02  -1.1418920e+01  -6.5272085e+01  -1.2444889e+02   1.6151334e+02
   1.7924443e+02  -1.7376560e+02   2.0496199e+02  -1.2142940e+00  -5.9637590e+01  -1.3495416e+02   1.7129475e+02
   1.8516558e+02  -1.7091747e+02   2.1254958e+02   2.9375273e+00  -5.4847573e+01  -1.4295835e+02   1.8060112e+02
   1.9225689e+02  -1.6951870e+02   2.1873499e+02   1.1578278e+01  -4.8930523e+01  -1.5402067e+02   1.8695550e+02
   2.0020669e+02  -1.6481574e+02   2.2369463e+02   1.8364813e+01  -4.2657299e+01  -1.6642369e+02   1.9335469e+02
   2.0766903e+02  -1.5948223e+02   2.2877678e+02   2.4444181e+01  -3.5648900e+01  -1.7851665e+02   1.9885753e+02
   2.1759668e+02  -1.4766259e+02   2.3115713e+02   2.4069367e+01  -3.0163105e+01  -1.8942394e+02   2.0421358e+02
   2.2283767e+02  -1.4093167e+02   2.3049235e+02   2.3734039e+01  -2.8125606e+01  -1.9957316e+02   2.0554289e+02
   2.2791912e+02  -1.3534619e+02   2.3091546e+02   2.8054798e+01  -2.6001332e+01  -2.1308508e+02   2.0725743e+02
   2.3044816e+02  -1.3133654e+02   2.3229989e+02   2.9865608e+01  -2.1987864e+01  -2.2438637e+02   2.0566605e+02
   2.3046716e+02  -1.2991795e+02   2.3423769e+02   3.0154330e+01  -1.9828702e+01  -2.3343966e+02   1.9820597e+02
   2.3001822e+02  -1.3032093e+02   2.3522789e+02   2.8589140e+01  -1.6788030e+01  -2.3475698e+02   1.8882281e+02
   2.2802596e+02  -1.3237393e+02   2.3487826e+02   2.4330301e+01  -1.7175435e+01  -2.2735464e+02   1.8229472e+02
   2.2448496e+02  -1.3672221e+02   2.3582084e+02   2.5654712e+01  -1.7192238e+01  -2.2409881e+02   1.7853213e+02
   2.2143808e+02  -1.3897603e+02   2.3607956e+02   2.5966516e+01  -1.8733675e+01  -2.2125218e+02   1.7491514e+02
   2.1753636e+02  -1.4288719e+02   2.3655464e+02   2.4389788e+01  -1.9772137e+01  -2.1631640e+02   1.7158148e+02
   2.1204163e+02  -1.4854520e+02   2.3714443e+02   2.1734037e+01  -2.0543004e+01  -2.0918385e+02   1.6850366e+02
   2.0597606e+02  -1.5570314e+02   2.3805880e+02   2.8306701e+01  -1.9532405e+01  -2.0986974e+02   1.6504423e+02
   1.9985204e+02  -1.6156211e+02   2.3840976e+02   3.1197724e+01  -2.1282511e+01  -2.0850610e+02   1.6308461e+02
   1.9360137e+02  -1.6808778e+02   2.3648738e+02   2.5157543e+01  -2.1609137e+01  -1.9788862e+02   1.5907483e+02
   1.8990148e+02  -1.6995754e+02   2.3625450e+02   2.2881063e+01  -2.2443565e+01  -1.9340210e+02   1.5726329e+02
   1.8653569e+02  -1.7316069e+02   2.3377284e+02   2.2764854e+01  -2.3665215e+01  -1.8992201e+02   1.5363996e+02
   1.8272851e+02  -1.7743921e+02   2.3232421e+02   2.5524481e+01  -2.3050827e+01  -1.8919619e+02   1.4992790e+02
   1.8074828e+02  -1.7849609e+02   2.3069678e+02   2.1239287e+01  -2.3452195e+01  -1.8294315e+02   1.4856173e+02
   1.7704089e+02  -1.8248367e+02   2.2809249e+02   1.5470038e+01  -2.3817474e+01  -1.7318233e+02   1.4469154e+02
   1.7342427e+02  -1.8281903e+02   2.2603548e+02   1.0131541e+01  -2.8758237e+01  -1.6583542e+02   1.4179261e+02
   1.7113160e+02  -1.8049889e+02   2.2508925e+02   1.0739739e+01  -3.3226417e+01  -1.6583535e+02   1.4051932e+02
   1.6593214e+02  -1.8276267e+02   2.1707928e+02   1.4395588e+01  -4.0473582e+01  -1.6506897e+02   1.3548605e+02
   1.6205955e+02  -1.8454992e+02   2.1451252e+02   8.3761436e+00  -4.1788815e+01  -1.5629188e+02   1.3462962e+02
   1.5919254e+02  -1.8648997e+02   2.1281358e+02  -2.0867893e-01  -4.2917801e+01  -1.4531117e+02   1.3400545e+02
   1.5500214e+02  -1.8772692e+02   2.0785017e+02  -5.2602856e+00  -4.7101442e+01  -1.3765604e+02   1.3294746e+02
   1.5249767e+02  -1.8951899e+02   2.0470531e+02  -4.0623841e+00  -4.9768685e+01  -1.3454417e+02   1.3086495e+02
   1.5043204e+02  -1.8699301e+02   1.9984150e+02   1.4045951e-01  -5.5787885e+01  -1.3949871e+02   1.2702265e+02
   1.4967528e+02  -1.8813664e+02   1.9676680e+02  -1.3277101e+00  -5.1624144e+01  -1.3510744e+02   1.2572278e+02
   1.4875744e+02  -1.8615559e+02   1.9501624e+02  -3.9571141e+00  -5.4765952e+01  -1.3336794e+02   1.2222697e+02
   1.4741418e+02  -1.8580487e+02   1.9228288e+02  -3.6645947e+00  -5.6779843e+01  -1.3189529e+02   1.1858915e+02
   1.4646581e+02  -1.8586402e+02   1.8733945e+02   3.1091308e+00  -5.7193308e+01  -1.3559684e+02   1.1727921e+02
   1.4598918e+02  -1.8408235e+02   1.8247362e+02   6.7698440e+00  -5.8020302e+01  -1.3836152e+02   1.1338385e+02
   1.4696321e+02  -1.8488305e+02   1.7877833e+02   1.4927690e+01  -5.5880441e+01  -1.4206657e+02   1.1077540e+02
   1.4596139e+02  -1.8114912e+02   1.7358150e+02   1.9358143e+01  -6.2591036e+01  -1.4395713e+02   1.0937707e+02
   1.4470882e+02  -1.7336963e+02   1.6815295e+02   5.3581431e+00  -7.1020200e+01  -1.3121091e+02   1.0713231e+02
   1.4546689e+02  -1.7104019e+02   1.6708969e+02   1.3929972e+00  -7.6268041e+01  -1.2766672e+02   1.0570696e+02
   1.4538226e+02  -1.6854142e+02   1.6725386e+02  -4.4917128e+00  -8.1050119e+01  -1.2493857e+02   1.0497984e+02
   1.4692567e+02  -1.6835631e+02   1.6437229e+02   3.6876747e+00  -8.6885041e+01  -1.3304092e+02   1.0481893e+02
   1.5200557e+02  -1.7118976e+02   1.6140911e+02  -1.0051848e+01  -9.5795221e+01  -1.1904092e+02   1.1475180e+02
   1.5801499e+02  -1.7020524e+02   1.6335289e+02  -1.4645867e+01  -9.6725760e+01  -1.1793469e+02   1.2875180e+02
   1.6410887e+02  -1.7543548e+02   1.6358866e+02  -1.5073948e+01  -9.4368648e+01  -1.1393356e+02   1.4130004e+02
   1.6829187e+02  -1.7571098e+02   1.7079368e+02  -9.0329299e+00  -9.0951534e+01  -1.2206368e+02   1.5048997e+02
   1.7300581e+02  -1.7125573e+02   1.8270611e+02  -9.4295639e+00  -8.0152205e+01  -1.2828305e+02   1.5936515e+02
   1.7994495e+02  -1.7112765e+02   1.9522634e+02   1.4355219e+00  -6.9658504e+01  -1.4201755e+02   1.6643310e+02
   1.8841005e+02  -1.6525109e+02   2.0578822e+02   4.6591504e+00  -6.1092852e+01  -1.5368724e+02   1.7665711e+02
   1.9593449e+02  -1.6165664e+02   2.1475006e+02   1.3205165e+01  -5.2236758e+01  -1.6768724e+02   1.8519521e+02
   2.0470541e+02  -1.5555822e+02   2.1942231e+02   1.6418325e+01  -4.5777141e+01  -1.7750243e+02   1.9177609e+02
   2.1462090e+02  -1.5194346e+02   2.2402476e+02   2.4308422e+01  -3.6033698e+01  -1.8973814e+02   1.9488436e+02
   2.2324315e+02  -1.4124454e+02   2.2655143e+02   1.7042226e+01  -2.9992966e+01  -1.9311156e+02   2.0177211e+02
   2.2622167e+02  -1.3714080e+02   2.2756606e+02   2.3637514e+01  -2.7039662e+01  -2.0711156e+02   2.0477920e+02
   2.2903068e+02  -1.3340471e+02   2.2973136e+02   2.9625774e+01  -2.4595821e+01  -2.2111156e+02   2.0740730e+02
   2.2991822e+02  -1.3141534e+02   2.3172722e+02   3.6711057e+01  -2.1568945e+01  -2.3511156e+02   2.0942658e+02
   2.2904460e+02  -1.3195831e+02   2.3416003e+02   3.3584519e+01  -1.9289289e+01  -2.3985301e+02   2.0397300e+02
   2.2459092e+02  -1.3683116e+02   2.3772425e+02   4.0186163e+01  -1.6624248e+01  -2.4735384e+02   1.9864818e+02
   2.2355010e+02  -1.3771601e+02   2.3634656e+02   3.2226931e+01  -1.7296411e+01  -2.3814180e+02   1.9313963e+02
   2.2224945e+02  -1.3899115e+02   2.3668918e+02   3.0192402e+01  -1.5800408e+01  -2.3293468e+02   1.8963802e+02
   2.1909432e+02  -1.4234128e+02   2.3721648e+02   3.0457202e+01  -1.5801628e+01  -2.2844035e+02   1.8539610e+02
   2.1710397e+02  -1.4277944e+02   2.3762684e+02   2.5200133e+01  -1.7596514e+01  -2.2071231e+02   1.8220537e+02
   2.1349371e+02  -1.4593720e+02   2.3767274e+02   2.0597659e+01  -1.7845069e+01  -2.1241673e+02   1.7874344e+02
   2.0775119e+02  -1.5262987e+02   2.3850785e+02   2.9083435e+01  -1.7625948e+01  -2.1549933e+02   1.7544378e+02
   2.0318874e+02  -1.5635058e+02   2.3912601e+02   2.4732376e+01  -1.8001392e+01  -2.0830005e+02   1.7377419e+02
   1.9828510e+02  -1.6118672e+02   2.3779259e+02   2.1797845e+01  -1.9922748e+01  -2.0171137e+02   1.7029082e+02
   1.9324727e+02  -1.6580763e+02   2.3685546e+02   2.0050142e+01  -2.1072852e+01  -1.9596534e+02   1.6752242e+02
   1.8888070e+02  -1.6797491e+02   2.3640911e+02   1.6189535e+01  -2.2708994e+01  -1.8953735e+02   1.6533016e+02
   1.8628834e+02  -1.6976751e+02   2.3470184e+02   1.6944742e+01  -2.2995878e+01  -1.8767412e+02   1.6197135e+02
   1.8237159e+02  -1.7237431e+02   2.3296682e+02   1.3360518e+01  -2.5722276e+01  -1.8159624e+02   1.5940979e+02
   1.7751805e+02  -1.7549499e+02   2.2938415e+02   1.3393700e+01  -2.8720050e+01  -1.7770646e+02   1.5556380e+02
   1.7495481e+02  -1.7640763e+02   2.2617998e+02   8.9473966e+00  -3.0494241e+01  -1.7043487e+02   1.5148042e+02
   1.6880754e+02  -1.8112661e+02   2.2277586e+02   6.8224175e+00  -3.4516908e+01  -1.6356798e+02   1.4899050e+02
   1.6476106e+02  -1.8375726e+02   2.2019313e+02   8.9514026e+00  -3.5807969e+01  -1.6127196e+02   1.4681511e+02
   1.6152275e+02  -1.8341870e+02   2.1772110e+02   1.8513171e+00  -3.9924350e+01  -1.5333739e+02   1.4547735e+02
   1.5798100e+02  -1.8483837e+02   2.1386398e+02   7.0525415e-01  -4.2431136e+01  -1.4927293e+02   1.4450916e+02
   1.5505865e+02  -1.8486765e+02   2.1066638e+02  -2.8466959e+00  -4.4127917e+01  -1.4402419e+02   1.4311697e+02
   1.5197493e+02  -1.8685617e+02   2.0514246e+02   1.0467805e+00  -4.6762522e+01  -1.4269100e+02   1.4009423e+02
   1.4925004e+02  -1.8683016e+02   2.0128899e+02   5.1322838e+00  -4.8050806e+01  -1.4345627e+02   1.3867071e+02
   1.4720342e+02  -1.8600074e+02   1.9643060e+02   3.5433240e+00  -5.1388558e+01  -1.4035509e+02   1.3517024e+02
   1.4542353e+02  -1.8615628e+02   1.9163579e+02   1.7543324e+01  -5.2898741e+01  -1.5090497e+02   1.3444259e+02
   1.4395044e+02  -1.8550153e+02   1.8609287e+02   2.9426032e+01  -5.6043015e+01  -1.6016576e+02   1.3204084e+02
   1.4276172e+02  -1.8436593e+02   1.8199008e+02   2.6610328e+01  -5.9133137e+01  -1.5569296e+02   1.3004728e+02
   1.4226970e+02  -1.8392244e+02   1.7807491e+02   3.7135193e+01  -6.0159558e+01  -1.6381151e+02   1.2803469e+02
   1.4138449e+02  -1.8103229e+02   1.7527679e+02   3.7672464e+01  -6.1191956e+01  -1.6361952e+02   1.2606428e+02
   1.4058431e+02  -1.7737351e+02   1.7112993e+02   4.5804095e+01  -6.6257803e+01  -1.7084450e+02   1.2362643e+02
   1.4153657e+02  -1.7481034e+02   1.6675627e+02   5.9804095e+01  -7.2016841e+01  -1.8356962e+02   1.2291279e+02
   1.4389927e+02  -1.7286968e+02   1.6391538e+02   4.5804095e+01  -8.2466395e+01  -1.6956962e+02   1.2694789e+02
   1.4677770e+02  -1.7164791e+02   1.6285799e+02   3.1804095e+01  -8.5160357e+01  -1.5557918e+02   1.3845225e+02
   1.4940042e+02  -1.6869506e+02   1.6745957e+02   1.7804095e+01  -8.7212209e+01  -1.4610853e+02   1.4783640e+02
   1.5624294e+02  -1.7473945e+02   1.7736638e+02   3.8040946e+00  -7.9425106e+01  -1.3348829e+02   1.5565713e+02
   1.6434203e+02  -1.7652358e+02   1.8966535e+02  -1.0195905e+01  -6.8586562e+01  -1.2347194e+02   1.6151107e+02
   1.7107799e+02  -1.7597432e+02   2.0286160e+02  -1.0080412e+01  -5.8779886e+01  -1.3033887e+02   1.6762806e+02
   1.8037619e+02  -1.7207655e+02   2.1686160e+02  -5.1832654e+00  -4.7044244e+01  -1.4433887e+02   1.7775513e+02
   1.8819884e+02  -1.7012600e+02   2.2662196e+02   2.9234581e+00  -3.8800812e+01  -1.5833887e+02   1.8529230e+02
   1.9923100e+02  -1.6173996e+02   2.3205981e+02   8.4019521e+00  -3.2813034e+01  -1.7233887e+02   1.9177468e+02
   2.0749944e+02  -1.5547360e+02   2.3330125e+02   1.3629588e+01  -2.9204962e+01  -1.8357499e+02   1.9479976e+02
   2.1654584e+02  -1.4609649e+02   2.3515139e+02   1.7538774e+01  -2.6864224e+01  -1.9504755e+02   2.0222381e+02
   2.2474903e+02  -1.3758833e+02   2.3556909e+02   1.5421779e+01  -2.4319270e+01  -2.0137835e+02   2.0944218e+02
   2.3024006e+02  -1.3278411e+02   2.3722603e+02   2.2913192e+01  -2.0115818e+01  -2.1537835e+02   2.1464170e+02
   2.3423049e+02  -1.2726729e+02   2.3680185e+02   2.8730594e+01  -1.8207301e+01  -2.2937834e+02   2.1887103e+02
   2.3591324e+02  -1.2459172e+02   2.3715124e+02   3.2026740e+01  -1.6056097e+01  -2.3982649e+02   2.2093987e+02
   2.3134450e+02  -1.3012503e+02   2.3789991e+02   4.1143945e+01  -1.7619114e+01  -2.5308130e+02   2.1437940e+02
   2.2549860e+02  -1.3612501e+02   2.3895288e+02   4.5959802e+01  -1.4282074e+01  -2.5671663e+02   2.0750494e+02
   2.2377944e+02  -1.3767294e+02   2.3790924e+02   4.2320114e+01  -1.2867554e+01  -2.5053104e+02   2.0074424e+02
   2.2252126e+02  -1.3909034e+02   2.3792093e+02   3.2781312e+01  -1.2965015e+01  -2.3869729e+02   1.9596178e+02
   2.2007882e+02  -1.4145196e+02   2.3757109e+02   2.9060985e+01  -1.3764855e+01  -2.3221481e+02   1.9263888e+02
   2.1768415e+02  -1.4190591e+02   2.3841502e+02   2.7426321e+01  -1.6890624e+01  -2.2764810e+02   1.8851002e+02
   2.1362785e+02  -1.4586897e+02   2.3813368e+02   2.4142561e+01  -1.7926472e+01  -2.2029224e+02   1.8424056e+02
   2.0974056e+02  -1.5033092e+02   2.3877203e+02   2.2984175e+01  -1.6793206e+01  -2.1502746e+02   1.8146857e+02
   2.0280706e+02  -1.5692446e+02   2.3918820e+02   2.5405224e+01  -1.8760223e+01  -2.1281420e+02   1.7888271e+02
   2.0147766e+02  -1.5697306e+02   2.3875497e+02   1.5307034e+01  -1.9547208e+01  -2.0082644e+02   1.7521171e+02
   1.9487631e+02  -1.6319624e+02   2.3770821e+02   1.4304650e+01  -2.1319469e+01  -1.9476804e+02   1.7169917e+02
   1.9015303e+02  -1.6712796e+02   2.3732504e+02   1.2437401e+01  -2.2015715e+01  -1.8916707e+02   1.6927189e+02
   1.8710524e+02  -1.6878638e+02   2.3665647e+02   1.1764907e+01  -2.2939447e+01  -1.8624764e+02   1.6735705e+02
   1.8404766e+02  -1.7180621e+02   2.3513499e+02   1.1444356e+01  -2.3361443e+01  -1.8281580e+02   1.6417953e+02
   1.7984013e+02  -1.7403059e+02   2.3288037e+02   8.7306868e+00  -2.6615616e+01  -1.7685375e+02   1.6024949e+02
   1.7716221e+02  -1.7651433e+02   2.3101587e+02   5.2018298e+00  -2.6358930e+01  -1.7044814e+02   1.5766896e+02
   1.7510618e+02  -1.7876097e+02   2.2938757e+02   2.6261651e+00  -2.6992318e+01  -1.6488296e+02   1.5461335e+02
   1.7113428e+02  -1.8167200e+02   2.2744180e+02   2.1067740e+00  -2.8574325e+01  -1.6063510e+02   1.5328184e+02
   1.6659807e+02  -1.8369516e+02   2.2474577e+02   2.8092660e+00  -3.3190248e+01  -1.5899084e+02   1.5157782e+02
   1.6317505e+02  -1.8649172e+02   2.2283702e+02   1.3498752e+00  -3.4823259e+01  -1.5412057e+02   1.4970602e+02
   1.6042678e+02  -1.8493369e+02   2.1935704e+02  -1.9241638e+00  -3.9601116e+01  -1.4941121e+02   1.4762942e+02
   1.5746640e+02  -1.8723595e+02   2.1531593e+02  -4.5815771e+00  -4.2324494e+01  -1.4223513e+02   1.4458698e+02
   1.5395614e+02  -1.8828475e+02   2.1041938e+02  -6.0298109e+00  -4.5063706e+01  -1.3705304e+02   1.4171945e+02
   1.5118416e+02  -1.8916967e+02   2.0585458e+02  -1.1488078e-01  -4.7661837e+01  -1.3866003e+02   1.3936538e+02
   1.4934822e+02  -1.9090090e+02   2.0087745e+02  -1.8213275e+00  -5.0157829e+01  -1.3357497e+02   1.3741273e+02
   1.4742966e+02  -1.8965607e+02   1.9465763e+02   1.2320651e+00  -5.3980409e+01  -1.3272829e+02   1.3396932e+02
   1.4672392e+02  -1.8972441e+02   1.8614658e+02   1.5232065e+01  -5.8406371e+01  -1.4122498e+02   1.3149115e+02
   1.4646577e+02  -1.8410776e+02   1.7785317e+02   2.9232065e+01  -6.5132998e+01  -1.5104910e+02   1.3133575e+02
   1.4591195e+02  -1.7681940e+02   1.6807602e+02   1.8430055e+01  -7.7041926e+01  -1.3920567e+02   1.3058908e+02
   1.4787105e+02  -1.7110957e+02   1.6626750e+02   5.3078150e+00  -8.4637182e+01  -1.2955170e+02   1.3626390e+02
   1.5082335e+02  -1.6920734e+02   1.6769040e+02  -8.6921850e+00  -8.6090917e+01  -1.1826397e+02   1.4468889e+02
   1.5663516e+02  -1.7271591e+02   1.7380299e+02  -1.0112113e+01  -8.3772556e+01  -1.1959271e+02   1.5013195e+02
   1.6410286e+02  -1.7550425e+02   1.8527043e+02  -1.2391290e+01  -6.9772556e+01  -1.1569274e+02   1.6120756e+02
   1.7150083e+02  -1.7415245e+02   1.9879450e+02  -1.2718850e+01  -5.8825219e+01  -1.2346642e+02   1.6670595e+02
   1.7974304e+02  -1.7022252e+02   2.1197383e+02  -8.4281687e+00  -5.1577043e+01  -1.3746642e+02   1.7248686e+02
   1.8876608e+02  -1.6904929e+02   2.2293554e+02   9.5908875e-01  -4.1878288e+01  -1.5146642e+02   1.7904885e+02
   2.0216700e+02  -1.6030306e+02   2.3107186e+02   6.6442612e+00  -3.2424526e+01  -1.6546642e+02   1.8635653e+02
   2.0921058e+02  -1.5701267e+02   2.3510463e+02   1.5927299e+01  -2.8729152e+01  -1.7946642e+02   1.9080755e+02
   2.1776984e+02  -1.4700129e+02   2.3519676e+02   1.1574534e+01  -2.8396642e+01  -1.8369269e+02   1.9590479e+02
   2.2247185e+02  -1.4137441e+02   2.3587902e+02   1.7749904e+01  -2.5223193e+01  -1.9628539e+02   2.0211929e+02
   2.2689973e+02  -1.3626532e+02   2.3665554e+02   2.3765694e+01  -2.0662310e+01  -2.1028539e+02   2.0816539e+02
   2.2659580e+02  -1.3586517e+02   2.3704647e+02   3.1452564e+01  -1.8587033e+01  -2.2428539e+02   2.1150648e+02
   2.2864521e+02  -1.3209859e+02   2.3661910e+02   3.7334534e+01  -1.9499390e+01  -2.3799130e+02   2.1225913e+02
   2.2916262e+02  -1.3018516e+02   2.3819292e+02   3.5455736e+01  -1.8746316e+01  -2.4302762e+02   2.1026420e+02
   2.2476879e+02  -1.3573160e+02   2.3928846e+02   3.5927568e+01  -1.6064206e+01  -2.4375826e+02   2.0099031e+02
   2.2252640e+02  -1.3627023e+02   2.3882400e+02   3.0169719e+01  -1.7106641e+01  -2.3467481e+02   1.9532736e+02
   2.1893717e+02  -1.3955607e+02   2.3848485e+02   2.8224218e+01  -1.6230033e+01  -2.2818433e+02   1.9030963e+02
   2.1728849e+02  -1.4033526e+02   2.3909764e+02   2.5544945e+01  -1.7693456e+01  -2.2208633e+02   1.8626325e+02
   2.1033586e+02  -1.4801009e+02   2.3831260e+02   2.9309991e+01  -1.8674345e+01  -2.1989938e+02   1.8021435e+02
   2.0562146e+02  -1.5285330e+02   2.3842797e+02   2.7679746e+01  -1.8162705e+01  -2.1397862e+02   1.7717333e+02
   2.0170964e+02  -1.5719749e+02   2.3796575e+02   2.2601321e+01  -1.8289118e+01  -2.0529858e+02   1.7392151e+02
   1.9957835e+02  -1.5774594e+02   2.3867189e+02   1.8386407e+01  -1.9513781e+01  -1.9927963e+02   1.7147556e+02
   1.9340671e+02  -1.6201356e+02   2.3788848e+02   1.9277047e+01  -2.2117120e+01  -1.9635604e+02   1.6782574e+02
   1.8957506e+02  -1.6508442e+02   2.3731370e+02   1.7049651e+01  -2.3650761e+01  -1.9132726e+02   1.6534003e+02
   1.8706496e+02  -1.6679446e+02   2.3474196e+02   1.2231875e+01  -2.3098136e+01  -1.8420148e+02   1.6229812e+02
   1.8195434e+02  -1.7248742e+02   2.3235255e+02   1.4257622e+01  -2.3691811e+01  -1.8111040e+02   1.5902102e+02
   1.7638594e+02  -1.7648041e+02   2.3046813e+02   1.2137619e+01  -2.5506468e+01  -1.7488361e+02   1.5592855e+02
   1.7481797e+02  -1.7756184e+02   2.2872301e+02   1.1305785e+01  -2.6850718e+01  -1.7169644e+02   1.5372072e+02
   1.7075044e+02  -1.7895308e+02   2.2520889e+02   1.5013658e+01  -3.1001793e+01  -1.7298594e+02   1.5114659e+02
   1.6720042e+02  -1.8032638e+02   2.2168797e+02   1.8995903e+01  -3.5223319e+01  -1.7376068e+02   1.4770831e+02
   1.6217089e+02  -1.8272154e+02   2.1774905e+02   1.3877725e+01  -3.9035620e+01  -1.6456229e+02   1.4486515e+02
   1.5902785e+02  -1.8576190e+02   2.1552677e+02   8.4844422e+00  -3.9499740e+01  -1.5616345e+02   1.4466062e+02
   1.5621960e+02  -1.8804037e+02   2.1297539e+02   3.2409515e+00  -4.0982135e+01  -1.4766246e+02   1.4388474e+02
   1.5398649e+02  -1.8811520e+02   2.0952585e+02  -2.7244343e+00  -4.3538398e+01  -1.3954392e+02   1.4189507e+02
   1.5106134e+02  -1.9085894e+02   2.0624722e+02  -7.1100212e-01  -4.3430382e+01  -1.3679818e+02   1.4079873e+02
   1.4919182e+02  -1.8994717e+02   2.0326752e+02   4.8907784e+00  -4.5144740e+01  -1.4033266e+02   1.3942876e+02
   1.4800656e+02  -1.8794431e+02   1.9908998e+02   3.2816405e+00  -4.8932243e+01  -1.3813931e+02   1.3560232e+02
   1.4672401e+02  -1.8868634e+02   1.9501796e+02   7.4147668e+00  -4.9202533e+01  -1.3932942e+02   1.3338165e+02
   1.4580777e+02  -1.8627922e+02   1.9228602e+02   5.6241871e+00  -5.0029457e+01  -1.3710046e+02   1.3142127e+02
   1.4444368e+02  -1.8597505e+02   1.8670176e+02   1.0101468e+01  -5.4022322e+01  -1.3916267e+02   1.2915187e+02
   1.4346731e+02  -1.8527274e+02   1.8258645e+02   2.1066943e+01  -5.6791545e+01  -1.4808278e+02   1.2763384e+02
   1.4235175e+02  -1.8236035e+02   1.7761630e+02   2.7115107e+01  -5.9617237e+01  -1.5179548e+02   1.2742236e+02
   1.4058624e+02  -1.7853853e+02   1.7073071e+02   3.3298589e+01  -6.5336949e+01  -1.5621878e+02   1.2562338e+02
   1.3977557e+02  -1.7329371e+02   1.6544250e+02   4.1194209e+01  -7.5600316e+01  -1.6402284e+02   1.2342774e+02
   1.4466678e+02  -1.7333358e+02   1.6347338e+02   2.7194210e+01  -8.4279063e+01  -1.5065980e+02   1.2311557e+02
   1.4837063e+02  -1.7063255e+02   1.6361421e+02   1.3194210e+01  -8.7028398e+01  -1.4026241e+02   1.2992104e+02
   1.5152771e+02  -1.6862072e+02   1.6417786e+02  -8.0578980e-01  -9.3873099e+01  -1.2951581e+02   1.4040807e+02
   1.5539127e+02  -1.7045714e+02   1.6676024e+02  -1.4805790e+01  -9.2942918e+01  -1.1680166e+02   1.4919009e+02
   1.6257330e+02  -1.7493800e+02   1.7852861e+02  -1.9785754e+01  -8.2514750e+01  -1.1323041e+02   1.5715887e+02
   1.7187030e+02  -1.7516148e+02   1.9252861e+02  -1.7098638e+01  -7.2281642e+01  -1.2248974e+02   1.6269109e+02
   1.7773462e+02  -1.7427286e+02   2.0652861e+02  -8.3152225e+00  -6.3873073e+01  -1.3648974e+02   1.7060077e+02
   1.8796923e+02  -1.7304914e+02   2.1919077e+02  -3.6436999e+00  -4.9873073e+01  -1.4437923e+02   1.7470343e+02
   1.9938634e+02  -1.6337680e+02   2.2959821e+02   2.2954596e+00  -3.6356531e+01  -1.5837923e+02   1.8870343e+02
   2.0471470e+02  -1.6204095e+02   2.3271248e+02   1.2561005e+01  -3.0594575e+01  -1.7237923e+02   1.9278068e+02
   2.1330758e+02  -1.5157621e+02   2.3322409e+02   1.1859062e+01  -2.8207961e+01  -1.8161523e+02   1.9859436e+02
   2.1644035e+02  -1.4797099e+02   2.3340928e+02   1.6893182e+01  -2.6022927e+01  -1.9284270e+02   2.0290897e+02
   2.2172159e+02  -1.4093827e+02   2.3359760e+02   1.9138774e+01  -2.2865747e+01  -2.0483273e+02   2.1033451e+02
   2.2300628e+02  -1.3836233e+02   2.3554201e+02   2.6650817e+01  -2.1505448e+01  -2.1883273e+02   2.1610943e+02
   2.2305449e+02  -1.3702887e+02   2.3631215e+02   3.3053505e+01  -1.8618255e+01  -2.3283273e+02   2.1809881e+02
   2.1821967e+02  -1.4121368e+02   2.3666211e+02   3.6592846e+01  -1.6919430e+01  -2.4196183e+02   2.1450669e+02
   2.1517082e+02  -1.4451263e+02   2.3820655e+02   3.6374299e+01  -1.5162449e+01  -2.4288912e+02   2.0817556e+02
   2.1378717e+02  -1.4476554e+02   2.3739783e+02   3.3396244e+01  -1.6412264e+01  -2.3680666e+02   2.0174457e+02
   2.0869967e+02  -1.5064276e+02   2.3586037e+02   3.6802388e+01  -1.7528097e+01  -2.3423046e+02   1.9504708e+02
   2.0702497e+02  -1.5151555e+02   2.3584706e+02   2.8085903e+01  -1.7502847e+01  -2.2297022e+02   1.9165080e+02
   2.0347830e+02  -1.5569490e+02   2.3574791e+02   2.6478451e+01  -1.6739157e+01  -2.1701826e+02   1.8739284e+02
   2.0201972e+02  -1.5617038e+02   2.3761342e+02   2.1633280e+01  -1.6635642e+01  -2.1016301e+02   1.8559404e+02
   1.9841177e+02  -1.5981496e+02   2.3656082e+02   1.6402028e+01  -1.8971900e+01  -2.0165987e+02   1.8166284e+02
   1.9547233e+02  -1.6224967e+02   2.3652986e+02   1.4597072e+01  -1.8175762e+01  -1.9672454e+02   1.7843229e+02
   1.9354350e+02  -1.6376581e+02   2.3587403e+02   1.0107996e+01  -1.9655936e+01  -1.8968087e+02   1.7380956e+02
   1.8904686e+02  -1.6680632e+02   2.3639822e+02   1.3829170e+01  -2.0967855e+01  -1.8981514e+02   1.7221124e+02
   1.8611276e+02  -1.6932190e+02   2.3449878e+02   9.0924092e+00  -2.2020025e+01  -1.8223455e+02   1.6888012e+02
   1.8046842e+02  -1.7628682e+02   2.3255547e+02   1.3023294e+01  -2.2028579e+01  -1.7999265e+02   1.6430599e+02
   1.7551970e+02  -1.8049093e+02   2.3114982e+02   1.1690695e+01  -2.2268466e+01  -1.7474075e+02   1.6295605e+02
   1.7264797e+02  -1.8164411e+02   2.2886008e+02   1.8335724e+01  -2.5906102e+01  -1.7846977e+02   1.5789407e+02
   1.7133841e+02  -1.8026195e+02   2.2580416e+02   1.1110282e+01  -2.9283857e+01  -1.6975593e+02   1.5397621e+02
   1.6802650e+02  -1.8093721e+02   2.2256037e+02   6.3287305e+00  -3.2915586e+01  -1.6262552e+02   1.5044454e+02
   1.6338790e+02  -1.8548987e+02   2.2017662e+02   5.4363419e+00  -3.4412770e+01  -1.5598584e+02   1.4728267e+02
   1.6082760e+02  -1.8796887e+02   2.1757682e+02   1.3906988e+00  -3.6084113e+01  -1.4843818e+02   1.4614138e+02
   1.5761893e+02  -1.8810833e+02   2.1377006e+02  -4.5164728e-01  -3.9444868e+01  -1.4340477e+02   1.4365739e+02
   1.5435707e+02  -1.9046717e+02   2.0908176e+02  -5.8771582e+00  -4.2061920e+01  -1.3386917e+02   1.4057620e+02
   1.5203745e+02  -1.9043244e+02   2.0634478e+02  -3.9509930e+00  -4.4025414e+01  -1.3252444e+02   1.3861317e+02
   1.4981658e+02  -1.8967885e+02   2.0093089e+02  -3.4643332e+00  -4.9312937e+01  -1.3079646e+02   1.3388982e+02
   1.4715240e+02  -1.9192259e+02   1.9300659e+02   9.8633423e+00  -5.2058092e+01  -1.3843846e+02   1.3146391e+02
   1.4576666e+02  -1.8988318e+02   1.8569270e+02   8.1486629e+00  -5.8668229e+01  -1.3345867e+02   1.2778159e+02
   1.4416640e+02  -1.8752093e+02   1.8111661e+02   1.3207419e+01  -6.1454493e+01  -1.3643354e+02   1.2715566e+02
   1.4264538e+02  -1.8483258e+02   1.7630071e+02   2.7207415e+01  -6.6336292e+01  -1.4824107e+02   1.2430160e+02
   1.4018334e+02  -1.8022778e+02   1.7033446e+02   2.1682361e+01  -7.0903354e+01  -1.4275048e+02   1.2032024e+02
   1.3890211e+02  -1.7709184e+02   1.6765581e+02   2.7155521e+01  -7.6815671e+01  -1.4859704e+02   1.1648029e+02
   1.3974589e+02  -1.7705323e+02   1.6590789e+02   3.0318564e+01  -7.4339496e+01  -1.5101931e+02   1.1312375e+02
   1.4194455e+02  -1.7492179e+02   1.6551161e+02   2.5835504e+01  -7.9270724e+01  -1.4890211e+02   1.1049269e+02
   1.4364827e+02  -1.7612256e+02   1.6178212e+02   1.6141236e+01  -8.3223805e+01  -1.3832184e+02   1.1047609e+02
   1.4868852e+02  -1.7784315e+02   1.5997681e+02   6.1622909e+00  -9.1994526e+01  -1.2865071e+02   1.1511587e+02
   1.4946936e+02  -1.7142915e+02   1.6062554e+02  -7.8377089e+00  -9.1956329e+01  -1.2007703e+02   1.2866123e+02
   1.5051976e+02  -1.6835372e+02   1.6332576e+02  -2.1837709e+01  -9.7726664e+01  -1.1057340e+02   1.3316877e+02
   1.5566903e+02  -1.7099150e+02   1.7013759e+02  -2.0541179e+01  -9.0701162e+01  -1.1169930e+02   1.4163030e+02
   1.6262010e+02  -1.7312085e+02   1.8157405e+02  -2.1811935e+01  -7.8642980e+01  -1.1322453e+02   1.5065777e+02
   1.7048365e+02  -1.7334342e+02   1.9348267e+02  -1.5713721e+01  -6.8300837e+01  -1.2247000e+02   1.5508551e+02
   1.7536985e+02  -1.7179708e+02   2.0311791e+02  -1.2646134e+01  -6.1736938e+01  -1.2986219e+02   1.6041441e+02
   1.8312790e+02  -1.6926361e+02   2.1116600e+02  -3.6608037e+00  -5.2183269e+01  -1.4386219e+02   1.6663063e+02
   1.9010435e+02  -1.6942049e+02   2.2089296e+02   8.6025571e+00  -4.1958745e+01  -1.5786219e+02   1.7390177e+02
   1.9943893e+02  -1.6364543e+02   2.2678296e+02   1.3269039e+01  -3.3942102e+01  -1.6886572e+02   1.8248253e+02
   2.0916772e+02  -1.5582712e+02   2.3311736e+02   1.8686273e+01  -2.5951617e+01  -1.8205661e+02   1.9127564e+02
   2.1578693e+02  -1.4928227e+02   2.3252119e+02   2.0748944e+01  -2.5140899e+01  -1.9278865e+02   1.9307036e+02
   2.1964070e+02  -1.4406122e+02   2.3275868e+02   2.5697094e+01  -2.3031614e+01  -2.0436769e+02   1.9595045e+02
   2.2105978e+02  -1.4102328e+02   2.3417322e+02   3.2519782e+01  -2.1156742e+01  -2.1836769e+02   2.0099464e+02
   2.2040244e+02  -1.4037720e+02   2.3412409e+02   3.7688895e+01  -2.0104341e+01  -2.3181054e+02   2.0333200e+02
   2.2019618e+02  -1.3854739e+02   2.3527754e+02   3.4230315e+01  -1.7514367e+01  -2.3702331e+02   2.0409179e+02
   2.1705371e+02  -1.4230447e+02   2.3614674e+02   3.2131814e+01  -1.4792441e+01  -2.3574094e+02   1.9813328e+02
   2.1314482e+02  -1.4608484e+02   2.3492331e+02   2.8761391e+01  -1.6923598e+01  -2.2822288e+02   1.9266716e+02
   2.1059548e+02  -1.4742223e+02   2.3554715e+02   2.6476116e+01  -1.8187441e+01  -2.2237028e+02   1.8943004e+02
   2.0700302e+02  -1.5066334e+02   2.3604750e+02   2.9240746e+01  -1.9012216e+01  -2.2041482e+02   1.8461870e+02
   2.0431677e+02  -1.5391033e+02   2.3565185e+02   2.4609720e+01  -1.8778284e+01  -2.1204693e+02   1.8081802e+02
   2.0116233e+02  -1.5681405e+02   2.3605372e+02   1.7953941e+01  -1.8696021e+01  -2.0204198e+02   1.7788823e+02
   1.9637519e+02  -1.6178129e+02   2.3540687e+02   1.8352749e+01  -1.9074696e+01  -1.9822734e+02   1.7384695e+02
   1.9201004e+02  -1.6739847e+02   2.3510815e+02   2.0558970e+01  -1.9119754e+01  -1.9580178e+02   1.7036702e+02
   1.9050639e+02  -1.6743489e+02   2.3457664e+02   1.0858920e+01  -2.0823738e+01  -1.8447423e+02   1.6771625e+02
   1.8717706e+02  -1.7031738e+02   2.3423956e+02   1.1675308e+01  -2.1033324e+01  -1.8239098e+02   1.6556169e+02
   1.8224952e+02  -1.7607041e+02   2.3337362e+02   1.5846591e+01  -2.0984802e+01  -1.8152347e+02   1.6297344e+02
   1.7741713e+02  -1.8080525e+02   2.3161458e+02   1.8311329e+01  -2.2609984e+01  -1.7930849e+02   1.5925091e+02
   1.7377024e+02  -1.8442559e+02   2.3089403e+02   1.2794065e+01  -2.2855873e+01  -1.6986503e+02   1.5630528e+02
   1.7119414e+02  -1.8582718e+02   2.2976771e+02   1.7396903e+01  -2.3522312e+01  -1.7207586e+02   1.5457709e+02
   1.6801305e+02  -1.8633509e+02   2.2635478e+02   1.9379745e+01  -2.8949578e+01  -1.7151158e+02   1.5100791e+02
   1.6551326e+02  -1.8756653e+02   2.2321862e+02   2.0934157e+01  -3.0468175e+01  -1.6965741e+02   1.4705990e+02
   1.6104045e+02  -1.9008318e+02   2.1912126e+02   1.8153622e+01  -3.7072857e+01  -1.6379530e+02   1.4297486e+02
   1.5899131e+02  -1.9287200e+02   2.1789690e+02   7.3772331e+00  -3.6548084e+01  -1.4979530e+02   1.4174136e+02
   1.5736895e+02  -1.9375916e+02   2.1508971e+02   2.0168225e-01  -3.8215184e+01  -1.4019801e+02   1.3938996e+02
   1.5653194e+02  -1.9144174e+02   2.1325701e+02  -5.3207798e+00  -3.9704588e+01  -1.3501544e+02   1.3735301e+02
   1.5512117e+02  -1.9209363e+02   2.1281083e+02  -7.2533828e+00  -3.9737076e+01  -1.3043592e+02   1.3554917e+02
   1.5401865e+02  -1.9328849e+02   2.0901613e+02  -6.8464384e+00  -4.1505820e+01  -1.2805229e+02   1.3248698e+02
   1.5238892e+02  -1.9366594e+02   2.0663911e+02  -7.3458984e+00  -4.3844716e+01  -1.2587271e+02   1.3093683e+02
   1.5151666e+02  -1.9310395e+02   2.0372218e+02  -5.7178021e+00  -4.7244103e+01  -1.2580493e+02   1.2898212e+02
   1.5036111e+02  -1.9302068e+02   1.9900993e+02  -3.9143124e+00  -5.0621947e+01  -1.2499168e+02   1.2716019e+02
   1.4893077e+02  -1.9197280e+02   1.9190063e+02  -4.4819844e+00  -5.4486354e+01  -1.2253307e+02   1.2488315e+02
   1.4826873e+02  -1.9368026e+02   1.8754658e+02   9.5180156e+00  -5.5810883e+01  -1.3306955e+02   1.2356259e+02
