  -1.3149473e+01   2.0907491e+01   1.0515673e+02   3.9424927e+01  -2.1266064e+01  -2.4562851e+01  -2.5960541e+01
  -9.8836631e-01   6.9112130e+00   1.0740961e+02   3.5554284e+01  -2.2395069e+01  -3.0106954e+01  -1.9581802e+01
   1.1172741e+01  -7.0850648e+00   1.0966249e+02   3.1683641e+01  -2.3524074e+01  -3.5651057e+01  -1.3203063e+01
   2.3581607e+01  -1.6370684e+01   1.1878314e+02   3.7813465e+01  -3.7523424e+01  -4.9651057e+01  -7.4371056e+00
   2.8016451e+01  -1.4000000e+01   1.2077234e+02   3.8999631e+01  -4.4000000e+01  -6.0000000e+01  -1.1991101e+00
   2.5341085e+01  -1.4000000e+01   1.2663975e+02   4.3549825e+01  -4.4000000e+01  -6.0000000e+01   3.0946217e+00
   2.6021768e+01  -1.4000000e+01   1.3014995e+02   4.0720252e+01  -4.4000000e+01  -6.0000000e+01   8.2421893e+00
   2.4614785e+01  -1.4000000e+01   1.3328394e+02   3.7984292e+01  -4.4000000e+01  -6.0000000e+01   1.2075346e+01
   2.5024274e+01  -1.4000000e+01   1.3635739e+02   3.3873344e+01  -4.4000000e+01  -6.0000000e+01   1.7470004e+01
   2.7028844e+01  -1.4000000e+01   1.3865627e+02   3.0578199e+01  -4.4000000e+01  -6.0000000e+01   2.1649078e+01
   2.9003188e+01  -1.4000000e+01   1.4308637e+02   2.4662699e+01  -4.4000000e+01  -6.0000000e+01   2.7536892e+01
   3.0150124e+01  -1.4000000e+01   1.4744723e+02   2.1070268e+01  -4.4000000e+01  -6.0000000e+01   3.1324364e+01
   3.1350509e+01  -1.4000000e+01   1.5384913e+02   1.5574219e+01  -4.4000000e+01  -6.0000000e+01   3.5531159e+01
   3.0925151e+01  -1.4000000e+01   1.6213326e+02   1.2252455e+01  -4.4000000e+01  -6.0000000e+01   4.0002420e+01
   3.2659959e+01  -1.4000000e+01   1.6415201e+02   7.0237907e+00  -4.4000000e+01  -6.0000000e+01   4.4148179e+01
   3.5401731e+01  -1.4000000e+01   1.6742390e+02   2.4945543e+00  -4.4000000e+01  -6.0000000e+01   4.8739333e+01
   3.3818343e+01  -1.4000000e+01   1.6809114e+02  -2.1956306e+00  -4.4000000e+01  -6.0000000e+01   5.4460179e+01
   3.3420765e+01  -1.4000000e+01   1.7332367e+02  -5.2227301e+00  -4.4000000e+01  -6.0000000e+01   5.8179785e+01
   3.4115334e+01  -1.4000000e+01   1.7654346e+02  -9.5749255e+00  -4.4000000e+01  -6.0000000e+01   6.1604273e+01
   3.4245117e+01  -1.4000000e+01   1.7591467e+02  -1.1861189e+01  -4.4000000e+01  -6.0000000e+01   6.5059304e+01
   3.2170755e+01  -1.4000000e+01   1.7890066e+02  -1.3260767e+01  -4.4000000e+01  -6.0000000e+01   7.0349373e+01
   3.0193758e+01  -1.4000000e+01   1.8297924e+02  -1.0863002e+01  -4.4000000e+01  -6.0000000e+01   7.0767531e+01
   2.6518955e+01  -1.4000000e+01   1.7783818e+02  -1.2790825e+01  -4.4000000e+01  -6.0000000e+01   6.5973615e+01
   2.3034194e+01  -1.4000000e+01   1.7031171e+02  -1.8522547e+01  -4.4000000e+01  -6.0000000e+01   5.5602797e+01
   1.7981910e+01  -1.4000000e+01   1.6262064e+02  -2.0343335e+01  -4.4000000e+01  -6.0000000e+01   4.6533918e+01
   1.5977704e+01  -1.4000000e+01   1.5149188e+02  -1.1571101e+01  -4.4000000e+01  -6.0000000e+01   3.5576779e+01
   1.1910482e+01  -1.4000000e+01   1.4096742e+02   7.1745126e-01  -4.4000000e+01  -6.0000000e+01   2.5591537e+01
   1.0596996e+01  -1.4000000e+01   1.3071060e+02   1.3274726e+01  -4.4000000e+01  -6.0000000e+01   1.8222679e+01
   8.8615512e+00  -1.4000000e+01   1.2665427e+02   2.4406483e+01  -4.4000000e+01  -6.0000000e+01   7.5037004e+00
   9.6521809e+00  -1.4000000e+01   1.2441037e+02   3.1158308e+01  -4.4000000e+01  -6.0000000e+01  -2.2808910e+00
   1.2093236e+01  -1.4000000e+01   1.2105218e+02   3.6510140e+01  -4.4000000e+01  -6.0000000e+01  -1.1797536e+01
   1.5320579e+01  -1.4000000e+01   1.1915664e+02   4.3564190e+01  -4.4000000e+01  -6.0000000e+01  -2.0271876e+01
   1.8363051e+01  -1.4000000e+01   1.1609048e+02   5.4181199e+01  -4.4000000e+01  -6.0000000e+01  -2.3844882e+01
   1.9249604e+01  -1.4000000e+01   1.1744398e+02   6.0687717e+01  -4.4000000e+01  -6.0000000e+01  -2.4808354e+01
   2.1250629e+01  -1.4000000e+01   1.1837937e+02   5.9478305e+01  -4.4000000e+01  -6.0000000e+01  -2.2102591e+01
   2.3146279e+01  -1.4000000e+01   1.2039519e+02   5.4695374e+01  -4.4000000e+01  -6.0000000e+01  -1.5905323e+01
   2.2384769e+01  -1.4000000e+01   1.2474437e+02   5.0875292e+01  -4.4000000e+01  -6.0000000e+01  -8.4454412e+00
   2.2262070e+01  -1.4000000e+01   1.2782980e+02   4.6551843e+01  -4.4000000e+01  -6.0000000e+01  -8.2746596e-01
   2.1509904e+01  -1.4000000e+01   1.3164212e+02   4.3652467e+01  -4.4000000e+01  -6.0000000e+01   4.9577465e+00
   2.2285151e+01  -1.4000000e+01   1.3257488e+02   4.1089646e+01  -4.4000000e+01  -6.0000000e+01   9.7901278e+00
   2.2254008e+01  -1.4000000e+01   1.3498940e+02   3.8826699e+01  -4.4000000e+01  -6.0000000e+01   1.3997258e+01
   2.3310841e+01  -1.4000000e+01   1.3551317e+02   3.4756502e+01  -4.4000000e+01  -6.0000000e+01   1.9564561e+01
   2.4077957e+01  -1.4000000e+01   1.3846600e+02   3.3742565e+01  -4.4000000e+01  -6.0000000e+01   2.1368748e+01
   2.4599958e+01  -1.4000000e+01   1.3855302e+02   3.1603985e+01  -4.4000000e+01  -6.0000000e+01   2.4050254e+01
   2.5791265e+01  -1.4000000e+01   1.3998427e+02   2.9139958e+01  -4.4000000e+01  -6.0000000e+01   2.5792516e+01
   2.7612449e+01  -1.4000000e+01   1.4251679e+02   2.6769985e+01  -4.4000000e+01  -6.0000000e+01   2.7374688e+01
   2.7914620e+01  -1.4000000e+01   1.4720859e+02   2.3207034e+01  -4.4000000e+01  -6.0000000e+01   3.0816692e+01
   2.8021853e+01  -1.4000000e+01   1.5298498e+02   2.0671133e+01  -4.4000000e+01  -6.0000000e+01   3.5205917e+01
   2.6919399e+01  -1.4000000e+01   1.5843815e+02   1.5081097e+01  -4.4000000e+01  -6.0000000e+01   3.9864974e+01
   2.7734896e+01  -1.4000000e+01   1.6327602e+02   1.0153492e+01  -4.4000000e+01  -6.0000000e+01   4.2377927e+01
   3.2705244e+01  -1.4000000e+01   1.6138561e+02   7.5500688e+00  -4.4000000e+01  -6.0000000e+01   4.4105470e+01
   3.4972859e+01  -1.4000000e+01   1.6203902e+02   4.4035670e+00  -4.4000000e+01  -6.0000000e+01   4.7550186e+01
   3.6280892e+01  -1.4000000e+01   1.6119125e+02   1.3269835e+00  -4.4000000e+01  -6.0000000e+01   5.0066869e+01
   3.4546928e+01  -1.4000000e+01   1.6640471e+02  -3.8019256e+00  -4.4000000e+01  -6.0000000e+01   5.7193662e+01
   3.5748194e+01  -1.4000000e+01   1.6771761e+02  -8.0830846e+00  -4.4000000e+01  -6.0000000e+01   6.1747278e+01
   3.4314049e+01  -1.4000000e+01   1.7152727e+02  -9.7093771e+00  -4.4000000e+01  -6.0000000e+01   6.5607466e+01
   3.4096983e+01  -1.4000000e+01   1.7417870e+02  -1.3201596e+01  -4.4000000e+01  -6.0000000e+01   7.1839706e+01
   3.4012203e+01  -1.4000000e+01   1.7475381e+02  -1.1232395e+01  -4.4000000e+01  -6.0000000e+01   7.3058242e+01
   3.3140220e+01  -1.4000000e+01   1.8055329e+02  -9.1593725e+00  -4.4000000e+01  -6.0000000e+01   7.2134076e+01
   3.0565668e+01  -1.4000000e+01   1.8076259e+02  -7.6430351e+00  -4.4000000e+01  -6.0000000e+01   7.1401786e+01
   2.5828545e+01  -1.4000000e+01   1.7732477e+02  -1.2540592e+01  -4.4000000e+01  -6.0000000e+01   6.6146334e+01
   2.3096752e+01  -1.4000000e+01   1.7216761e+02  -1.8849103e+01  -4.4000000e+01  -6.0000000e+01   5.5723311e+01
   2.0900346e+01  -1.4000000e+01   1.6192069e+02  -1.8818719e+01  -4.4000000e+01  -6.0000000e+01   4.4365363e+01
   1.8572610e+01  -1.4000000e+01   1.5213370e+02  -1.2195073e+01  -4.4000000e+01  -6.0000000e+01   3.4790738e+01
   1.3595311e+01  -1.4000000e+01   1.4180620e+02  -1.5131496e-01  -4.4000000e+01  -6.0000000e+01   2.8480691e+01
   1.0533901e+01  -1.4000000e+01   1.3442437e+02   1.2582501e+01  -4.4000000e+01  -6.0000000e+01   2.2571393e+01
   9.2734612e+00  -1.4000000e+01   1.2832107e+02   2.5067253e+01  -4.4000000e+01  -6.0000000e+01   1.4243680e+01
   9.8330738e+00  -1.4000000e+01   1.2505451e+02   3.4491521e+01  -4.4000000e+01  -6.0000000e+01   4.2322383e+00
   1.0074716e+01  -1.4000000e+01   1.2159074e+02   4.0446852e+01  -4.4000000e+01  -6.0000000e+01  -5.2423992e+00
   1.3054246e+01  -1.4000000e+01   1.1764850e+02   4.3198928e+01  -4.4000000e+01  -6.0000000e+01  -1.4310117e+01
   1.6410445e+01  -1.4000000e+01   1.1450080e+02   4.9290727e+01  -4.4000000e+01  -6.0000000e+01  -2.2848564e+01
   1.8453505e+01  -1.4000000e+01   1.1420457e+02   5.8932130e+01  -4.4000000e+01  -6.0000000e+01  -2.6390488e+01
   1.8854286e+01  -1.4000000e+01   1.1437554e+02   6.2613061e+01  -4.4000000e+01  -6.0000000e+01  -2.9057606e+01
   2.0097934e+01  -1.4000000e+01   1.1610297e+02   6.0436201e+01  -4.4000000e+01  -6.0000000e+01  -2.3320311e+01
   2.0094149e+01  -1.4000000e+01   1.1926161e+02   5.6250617e+01  -4.4000000e+01  -6.0000000e+01  -1.6722901e+01
   2.0821709e+01  -1.4000000e+01   1.2142762e+02   5.2334147e+01  -4.4000000e+01  -6.0000000e+01  -9.5883134e+00
   2.2169861e+01  -1.4000000e+01   1.2235124e+02   4.8517158e+01  -4.4000000e+01  -6.0000000e+01  -2.0909461e+00
   2.1426049e+01  -1.4000000e+01   1.2591670e+02   4.6407461e+01  -4.4000000e+01  -6.0000000e+01   3.8974172e+00
   2.0215007e+01  -1.4000000e+01   1.2952873e+02   4.3028112e+01  -4.4000000e+01  -6.0000000e+01   9.9354219e+00
   1.8611222e+01  -1.4000000e+01   1.3303082e+02   4.1622795e+01  -4.4000000e+01  -6.0000000e+01   1.5631799e+01
   1.9911544e+01  -1.4000000e+01   1.3559802e+02   3.7881110e+01  -4.4000000e+01  -6.0000000e+01   1.9396682e+01
   2.0309374e+01  -1.4000000e+01   1.3720009e+02   3.4614651e+01  -4.4000000e+01  -6.0000000e+01   2.2498884e+01
   2.3114614e+01  -1.4000000e+01   1.3753567e+02   3.1948018e+01  -4.4000000e+01  -6.0000000e+01   2.4925802e+01
   2.6080735e+01  -1.4000000e+01   1.4043989e+02   2.7529291e+01  -4.4000000e+01  -6.0000000e+01   2.7584460e+01
   2.6699893e+01  -1.4000000e+01   1.4486671e+02   2.5565587e+01  -4.4000000e+01  -6.0000000e+01   2.9910079e+01
   2.7449644e+01  -1.4000000e+01   1.4937597e+02   2.0348968e+01  -4.4000000e+01  -6.0000000e+01   3.3991374e+01
   2.7352657e+01  -1.4000000e+01   1.5464179e+02   1.6557087e+01  -4.4000000e+01  -6.0000000e+01   3.8803802e+01
   2.9401971e+01  -1.4000000e+01   1.5604848e+02   1.1778970e+01  -4.4000000e+01  -6.0000000e+01   4.1056752e+01
   3.1495649e+01  -1.4000000e+01   1.6176446e+02   7.7267057e+00  -4.4000000e+01  -6.0000000e+01   4.5483737e+01
   3.2489651e+01  -1.4000000e+01   1.6635663e+02   4.8566738e+00  -4.4000000e+01  -6.0000000e+01   4.9222357e+01
   3.3986976e+01  -1.4000000e+01   1.6868574e+02   1.2900800e+00  -4.4000000e+01  -6.0000000e+01   5.3982634e+01
   3.2430491e+01  -1.4000000e+01   1.7185829e+02  -1.6091617e+00  -4.4000000e+01  -6.0000000e+01   5.9458423e+01
   3.3764288e+01  -1.4000000e+01   1.7131371e+02  -4.7510091e+00  -4.4000000e+01  -6.0000000e+01   6.4603849e+01
   3.3565129e+01  -1.4000000e+01   1.7425979e+02  -9.0146565e+00  -4.4000000e+01  -6.0000000e+01   6.6959928e+01
   2.9834524e+01  -1.4000000e+01   1.7931594e+02  -1.1545184e+01  -4.4000000e+01  -6.0000000e+01   6.4200990e+01
   2.6028289e+01  -1.4000000e+01   1.7747437e+02  -1.3258877e+01  -4.4000000e+01  -6.0000000e+01   5.2553100e+01
   2.3620633e+01  -1.4000000e+01   1.6968176e+02  -1.8558166e+01  -4.4000000e+01  -6.0000000e+01   4.5989894e+01
   2.0336632e+01  -1.4000000e+01   1.6211324e+02  -1.9066848e+01  -4.4000000e+01  -6.0000000e+01   3.8489055e+01
   1.8681022e+01  -1.4000000e+01   1.5089738e+02  -1.1695971e+01  -4.4000000e+01  -6.0000000e+01   2.8898235e+01
   1.4959682e+01  -1.4000000e+01   1.3942010e+02  -5.2487060e-01  -4.4000000e+01  -6.0000000e+01   2.2011214e+01
   1.0572736e+01  -1.4000000e+01   1.3313271e+02   1.2154457e+01  -4.4000000e+01  -6.0000000e+01   1.5936102e+01
   9.3674322e+00  -1.4000000e+01   1.2774702e+02   2.3838108e+01  -4.4000000e+01  -6.0000000e+01   6.0243096e+00
   1.1987103e+01  -1.4000000e+01   1.2380103e+02   3.1633835e+01  -4.4000000e+01  -6.0000000e+01  -3.7419226e+00
   1.2921913e+01  -1.4000000e+01   1.1962499e+02   3.8360510e+01  -4.4000000e+01  -6.0000000e+01  -1.3390536e+01
   1.6210766e+01  -1.4000000e+01   1.1618141e+02   4.2089370e+01  -4.4000000e+01  -6.0000000e+01  -2.2814541e+01
   1.8513782e+01  -1.4000000e+01   1.1301813e+02   5.0760715e+01  -4.4000000e+01  -6.0000000e+01  -2.9887581e+01
   1.9245855e+01  -1.4000000e+01   1.1158705e+02   6.1367430e+01  -4.4000000e+01  -6.0000000e+01  -3.1971890e+01
   2.0475528e+01  -1.4000000e+01   1.1186347e+02   6.5407436e+01  -4.4000000e+01  -6.0000000e+01  -3.1746087e+01
   1.9599821e+01  -1.4000000e+01   1.1534400e+02   6.2462844e+01  -4.4000000e+01  -6.0000000e+01  -2.5849465e+01
   2.1079908e+01  -1.4000000e+01   1.1788811e+02   5.8320654e+01  -4.4000000e+01  -6.0000000e+01  -1.9615121e+01
   2.1228945e+01  -1.4000000e+01   1.2086314e+02   5.5007316e+01  -4.4000000e+01  -6.0000000e+01  -1.3995494e+01
   2.1835042e+01  -1.4000000e+01   1.2271652e+02   5.1912491e+01  -4.4000000e+01  -6.0000000e+01  -8.3740462e+00
   2.1206799e+01  -1.4000000e+01   1.2642636e+02   4.8567985e+01  -4.4000000e+01  -6.0000000e+01  -2.0701622e+00
   2.2176538e+01  -1.4000000e+01   1.2760780e+02   4.5650073e+01  -4.4000000e+01  -6.0000000e+01   3.4578961e+00
   2.1333389e+01  -1.4000000e+01   1.3020348e+02   4.3275767e+01  -4.4000000e+01  -6.0000000e+01   8.0777774e+00
   1.9597580e+01  -1.4000000e+01   1.3412312e+02   4.1644910e+01  -4.4000000e+01  -6.0000000e+01   1.2509117e+01
   2.1132706e+01  -1.4000000e+01   1.3507392e+02   3.7392094e+01  -4.4000000e+01  -6.0000000e+01   1.7016339e+01
   2.3500740e+01  -1.4000000e+01   1.3516247e+02   3.3441876e+01  -4.4000000e+01  -6.0000000e+01   2.1063829e+01
   2.5750606e+01  -1.4000000e+01   1.3544319e+02   3.0679848e+01  -4.4000000e+01  -6.0000000e+01   2.4145027e+01
   2.7851222e+01  -1.4000000e+01   1.3881042e+02   2.6469142e+01  -4.4000000e+01  -6.0000000e+01   2.7152262e+01
   2.6918637e+01  -1.4000000e+01   1.4467433e+02   2.4532251e+01  -4.4000000e+01  -6.0000000e+01   2.9851585e+01
   2.8553990e+01  -1.4000000e+01   1.5047547e+02   1.9184377e+01  -4.4000000e+01  -6.0000000e+01   3.3642274e+01
   3.0034784e+01  -1.4000000e+01   1.5343736e+02   1.5165627e+01  -4.4000000e+01  -6.0000000e+01   3.7014635e+01
   3.1159202e+01  -1.4000000e+01   1.5840170e+02   1.1016385e+01  -4.4000000e+01  -6.0000000e+01   3.9704312e+01
   3.2446338e+01  -1.4000000e+01   1.6039921e+02   9.4633426e+00  -4.4000000e+01  -6.0000000e+01   4.4146268e+01
   3.3439657e+01  -1.4000000e+01   1.6486537e+02   3.6397408e+00  -4.4000000e+01  -6.0000000e+01   4.8193205e+01
   3.3122637e+01  -1.4000000e+01   1.6895872e+02  -1.8177357e-01  -4.4000000e+01  -6.0000000e+01   5.1244968e+01
   3.1751040e+01  -1.4000000e+01   1.7474734e+02  -5.1563723e+00  -4.4000000e+01  -6.0000000e+01   5.5358697e+01
   3.2211543e+01  -1.4000000e+01   1.7736768e+02  -1.0938172e+01  -4.4000000e+01  -6.0000000e+01   6.1703100e+01
   3.3913204e+01  -1.4000000e+01   1.7882606e+02  -1.4968790e+01  -4.4000000e+01  -6.0000000e+01   6.4852386e+01
   3.3259480e+01  -1.4000000e+01   1.7964871e+02  -1.3029458e+01  -4.4000000e+01  -6.0000000e+01   6.6604280e+01
   3.0217085e+01  -1.4000000e+01   1.8098627e+02  -1.1801446e+01  -4.4000000e+01  -6.0000000e+01   6.5229575e+01
   2.5588566e+01  -1.4000000e+01   1.7687740e+02  -1.8780437e+01  -4.4000000e+01  -6.0000000e+01   5.7694859e+01
   2.2483715e+01  -1.4000000e+01   1.7038277e+02  -2.3486117e+01  -4.4000000e+01  -6.0000000e+01   4.8513747e+01
   1.9146711e+01  -1.4000000e+01   1.5990686e+02  -1.8262923e+01  -4.4000000e+01  -6.0000000e+01   3.7306235e+01
   1.8112274e+01  -1.4000000e+01   1.4928547e+02  -1.2483449e+01  -4.4000000e+01  -6.0000000e+01   2.6342968e+01
   1.3799166e+01  -1.4000000e+01   1.3829485e+02  -1.6415153e-01  -4.4000000e+01  -6.0000000e+01   1.9480175e+01
   9.3962349e+00  -1.4000000e+01   1.3165213e+02   1.2255931e+01  -4.4000000e+01  -6.0000000e+01   1.2257092e+01
   6.7956756e+00  -1.4000000e+01   1.2696724e+02   2.1887229e+01  -4.4000000e+01  -6.0000000e+01   2.4209621e+00
   7.9743476e+00  -1.4000000e+01   1.2565201e+02   2.7105746e+01  -4.4000000e+01  -6.0000000e+01  -6.0725292e+00
   1.1224379e+01  -1.4000000e+01   1.2172125e+02   3.2260496e+01  -4.4000000e+01  -6.0000000e+01  -1.4976469e+01
   1.5282899e+01  -1.4000000e+01   1.1864788e+02   3.7915832e+01  -4.4000000e+01  -6.0000000e+01  -2.3776638e+01
   1.6167846e+01  -1.4000000e+01   1.1871903e+02   4.6367338e+01  -4.4000000e+01  -6.0000000e+01  -2.9869210e+01
   1.9070294e+01  -1.4000000e+01   1.1659507e+02   5.5224939e+01  -4.4000000e+01  -6.0000000e+01  -3.0854933e+01
   1.9287211e+01  -1.4000000e+01   1.1643871e+02   6.2099966e+01  -4.4000000e+01  -6.0000000e+01  -2.8886442e+01
   1.8885174e+01  -1.4000000e+01   1.1849157e+02   6.0702062e+01  -4.4000000e+01  -6.0000000e+01  -2.3953787e+01
   1.7541917e+01  -1.4000000e+01   1.2267725e+02   5.6675053e+01  -4.4000000e+01  -6.0000000e+01  -1.7084143e+01
   1.8605580e+01  -1.4000000e+01   1.2460177e+02   5.3065994e+01  -4.4000000e+01  -6.0000000e+01  -1.1317350e+01
   2.0509212e+01  -1.4000000e+01   1.2515087e+02   4.8908246e+01  -4.4000000e+01  -6.0000000e+01  -4.7010603e+00
   2.1159152e+01  -1.4000000e+01   1.2657398e+02   4.5086528e+01  -4.4000000e+01  -6.0000000e+01   2.6148076e+00
   2.0966980e+01  -1.4000000e+01   1.2932954e+02   4.3328550e+01  -4.4000000e+01  -6.0000000e+01   6.9170068e+00
   2.1267633e+01  -1.4000000e+01   1.3201137e+02   4.0514197e+01  -4.4000000e+01  -6.0000000e+01   1.1766198e+01
   2.1006983e+01  -1.4000000e+01   1.3516273e+02   3.8967892e+01  -4.4000000e+01  -6.0000000e+01   1.6150681e+01
   2.1052172e+01  -1.4000000e+01   1.3749045e+02   3.6588464e+01  -4.4000000e+01  -6.0000000e+01   1.9418940e+01
   2.3629852e+01  -1.4000000e+01   1.3830503e+02   3.2347172e+01  -4.4000000e+01  -6.0000000e+01   2.3706592e+01
   2.6488665e+01  -1.4000000e+01   1.4039898e+02   2.7980354e+01  -4.4000000e+01  -6.0000000e+01   2.6981498e+01
   2.7183118e+01  -1.4000000e+01   1.4571253e+02   2.4342607e+01  -4.4000000e+01  -6.0000000e+01   3.0152540e+01
   2.7490216e+01  -1.4000000e+01   1.4875636e+02   2.1279630e+01  -4.4000000e+01  -6.0000000e+01   3.5444759e+01
   2.7413152e+01  -1.4000000e+01   1.5638377e+02   1.7009054e+01  -4.4000000e+01  -6.0000000e+01   3.9686914e+01
   2.9645430e+01  -1.4000000e+01   1.6098872e+02   1.0589314e+01  -4.4000000e+01  -6.0000000e+01   4.3045851e+01
   3.1584886e+01  -1.4000000e+01   1.6481733e+02   5.8039302e+00  -4.4000000e+01  -6.0000000e+01   4.7154535e+01
   3.2353688e+01  -1.4000000e+01   1.6713503e+02   1.6188103e+00  -4.4000000e+01  -6.0000000e+01   5.1457297e+01
   3.2807080e+01  -1.4000000e+01   1.6794153e+02  -2.2898115e+00  -4.4000000e+01  -6.0000000e+01   5.5339011e+01
   3.2472431e+01  -1.4000000e+01   1.7444545e+02  -7.2609629e+00  -4.4000000e+01  -6.0000000e+01   6.0273090e+01
   3.4359961e+01  -1.4000000e+01   1.7432902e+02  -1.1539648e+01  -4.4000000e+01  -6.0000000e+01   6.3234985e+01
   3.1187541e+01  -1.4000000e+01   1.7728992e+02  -1.4288091e+01  -4.4000000e+01  -6.0000000e+01   6.9477935e+01
   2.6221374e+01  -1.4000000e+01   1.7902081e+02  -1.1203720e+01  -4.4000000e+01  -6.0000000e+01   7.2047822e+01
   2.4165297e+01  -1.4000000e+01   1.7398210e+02  -1.5281929e+01  -4.4000000e+01  -6.0000000e+01   6.3652786e+01
   2.1684431e+01  -1.4000000e+01   1.6324925e+02  -1.6449025e+01  -4.4000000e+01  -6.0000000e+01   5.2233411e+01
   2.1276174e+01  -1.4000000e+01   1.5423028e+02  -1.3711490e+01  -4.4000000e+01  -6.0000000e+01   4.0189767e+01
   1.7406909e+01  -1.4000000e+01   1.4677053e+02  -3.2628256e+00  -4.4000000e+01  -6.0000000e+01   2.8523036e+01
   1.2782943e+01  -1.4000000e+01   1.3552478e+02   9.2310853e+00  -4.4000000e+01  -6.0000000e+01   2.5496641e+01
   1.0537501e+01  -1.4000000e+01   1.2702652e+02   2.1471722e+01  -4.4000000e+01  -6.0000000e+01   1.6154269e+01
   1.1259693e+01  -1.4000000e+01   1.2339235e+02   2.8389332e+01  -4.4000000e+01  -6.0000000e+01   7.2518786e+00
   1.0755839e+01  -1.4000000e+01   1.2226457e+02   3.2860380e+01  -4.4000000e+01  -6.0000000e+01  -1.6729951e+00
   1.3509320e+01  -1.4000000e+01   1.2088651e+02   3.5554333e+01  -4.4000000e+01  -6.0000000e+01  -1.0754217e+01
   1.4290191e+01  -1.4000000e+01   1.1866641e+02   3.7977292e+01  -4.4000000e+01  -6.0000000e+01  -1.9146548e+01
   1.5845189e+01  -1.4000000e+01   1.1597079e+02   4.2260859e+01  -4.4000000e+01  -6.0000000e+01  -2.7656042e+01
   1.8046823e+01  -1.4000000e+01   1.1314945e+02   4.8820897e+01  -4.4000000e+01  -6.0000000e+01  -3.4005483e+01
   2.1291027e+01  -1.4000000e+01   1.1118068e+02   5.8301150e+01  -4.4000000e+01  -6.0000000e+01  -3.4397827e+01
   2.0777044e+01  -1.4000000e+01   1.1257499e+02   6.3825437e+01  -4.4000000e+01  -6.0000000e+01  -3.2497163e+01
   2.1603816e+01  -1.4000000e+01   1.1460422e+02   6.0653603e+01  -4.4000000e+01  -6.0000000e+01  -2.5903332e+01
   2.2118409e+01  -1.4000000e+01   1.1797790e+02   5.6755731e+01  -4.4000000e+01  -6.0000000e+01  -1.8890604e+01
   2.2840216e+01  -1.4000000e+01   1.1982419e+02   5.3113003e+01  -4.4000000e+01  -6.0000000e+01  -1.2209265e+01
   2.1104168e+01  -1.4000000e+01   1.2377453e+02   4.9590918e+01  -4.4000000e+01  -6.0000000e+01  -6.0599735e+00
   2.1431408e+01  -1.4000000e+01   1.2591017e+02   4.7278839e+01  -4.4000000e+01  -6.0000000e+01  -9.7243119e-01
   2.3251956e+01  -1.4000000e+01   1.2548165e+02   4.5526503e+01  -4.4000000e+01  -6.0000000e+01   2.9575812e+00
   2.0922044e+01  -1.4000000e+01   1.2867025e+02   4.3850733e+01  -4.4000000e+01  -6.0000000e+01   7.5872484e+00
   2.0319026e+01  -1.4000000e+01   1.3145386e+02   4.1826272e+01  -4.4000000e+01  -6.0000000e+01   1.2143608e+01
   2.1097766e+01  -1.4000000e+01   1.3310048e+02   4.0156805e+01  -4.4000000e+01  -6.0000000e+01   1.5223824e+01
   2.0312800e+01  -1.4000000e+01   1.3734244e+02   3.6863228e+01  -4.4000000e+01  -6.0000000e+01   1.9612533e+01
   2.4194866e+01  -1.4000000e+01   1.3485302e+02   3.2700178e+01  -4.4000000e+01  -6.0000000e+01   2.1818217e+01
   2.5789423e+01  -1.4000000e+01   1.3731515e+02   3.0660593e+01  -4.4000000e+01  -6.0000000e+01   2.2910439e+01
   2.7597691e+01  -1.4000000e+01   1.3964593e+02   2.7267666e+01  -4.4000000e+01  -6.0000000e+01   2.6066180e+01
   2.7113001e+01  -1.4000000e+01   1.4399498e+02   2.3310756e+01  -4.4000000e+01  -6.0000000e+01   2.9382600e+01
   2.8381816e+01  -1.4000000e+01   1.4645179e+02   2.0360051e+01  -4.4000000e+01  -6.0000000e+01   3.3515758e+01
   2.8125964e+01  -1.4000000e+01   1.5534555e+02   1.7129213e+01  -4.4000000e+01  -6.0000000e+01   3.6937573e+01
   2.8562937e+01  -1.4000000e+01   1.6013558e+02   1.1524995e+01  -4.4000000e+01  -6.0000000e+01   4.0074753e+01
   3.0114995e+01  -1.4000000e+01   1.6334769e+02   7.0643908e+00  -4.4000000e+01  -6.0000000e+01   4.2769462e+01
   3.0902065e+01  -1.4000000e+01   1.6861323e+02   3.0341303e+00  -4.4000000e+01  -6.0000000e+01   4.5659556e+01
   3.1038310e+01  -1.4000000e+01   1.6929959e+02   1.6606438e+00  -4.4000000e+01  -6.0000000e+01   4.9010769e+01
   3.0828859e+01  -1.4000000e+01   1.7185271e+02  -2.7849366e+00  -4.4000000e+01  -6.0000000e+01   5.1500335e+01
   2.8635563e+01  -1.4000000e+01   1.7804891e+02  -8.9164868e+00  -4.4000000e+01  -6.0000000e+01   5.2387450e+01
   2.6777225e+01  -1.4000000e+01   1.8014168e+02  -1.3738329e+01  -4.4000000e+01  -6.0000000e+01   5.1005646e+01
   2.4617611e+01  -1.4000000e+01   1.7364591e+02  -2.0654122e+01  -4.4000000e+01  -6.0000000e+01   5.0900269e+01
   2.1391594e+01  -1.4000000e+01   1.6962171e+02  -2.5790750e+01  -4.4000000e+01  -6.0000000e+01   4.1915924e+01
   1.8555448e+01  -1.4000000e+01   1.6377538e+02  -2.4776655e+01  -4.4000000e+01  -6.0000000e+01   3.2267784e+01
   1.6189275e+01  -1.4000000e+01   1.5216629e+02  -1.8019433e+01  -4.4000000e+01  -6.0000000e+01   2.3861107e+01
   1.3878088e+01  -1.4000000e+01   1.4043127e+02  -5.8660742e+00  -4.4000000e+01  -6.0000000e+01   1.9245298e+01
   9.7750235e+00  -1.4000000e+01   1.3236788e+02   6.8367030e+00  -4.4000000e+01  -6.0000000e+01   1.5178725e+01
   9.9112120e+00  -1.4000000e+01   1.2765505e+02   1.9134400e+01  -4.4000000e+01  -6.0000000e+01   6.8407369e+00
   1.0594172e+01  -1.4000000e+01   1.2379501e+02   3.0591859e+01  -4.4000000e+01  -6.0000000e+01  -2.5909034e+00
   1.3333850e+01  -1.4000000e+01   1.2097611e+02   4.0046800e+01  -4.4000000e+01  -6.0000000e+01  -1.2086930e+01
   1.6282647e+01  -1.4000000e+01   1.1827038e+02   4.9177420e+01  -4.4000000e+01  -6.0000000e+01  -2.0807634e+01
   1.9127108e+01  -1.4000000e+01   1.1624849e+02   5.9415480e+01  -4.4000000e+01  -6.0000000e+01  -2.7226740e+01
   2.3271391e+01  -1.4000000e+01   1.1188426e+02   6.4436461e+01  -4.4000000e+01  -6.0000000e+01  -3.2096855e+01
   2.2876863e+01  -1.4000000e+01   1.1459526e+02   6.2050351e+01  -4.4000000e+01  -6.0000000e+01  -2.8082990e+01
   2.2318633e+01  -1.4000000e+01   1.1955015e+02   5.7795979e+01  -4.4000000e+01  -6.0000000e+01  -2.0184847e+01
   2.1287181e+01  -1.4000000e+01   1.2355051e+02   5.3092976e+01  -4.4000000e+01  -6.0000000e+01  -1.1944118e+01
   2.1380646e+01  -1.4000000e+01   1.2656526e+02   4.8683267e+01  -4.4000000e+01  -6.0000000e+01  -3.9071556e+00
   1.8523649e+01  -1.4000000e+01   1.3175212e+02   4.6319636e+01  -4.4000000e+01  -6.0000000e+01   3.2429197e+00
   1.8987769e+01  -1.4000000e+01   1.3348834e+02   4.2487437e+01  -4.4000000e+01  -6.0000000e+01   8.7398427e+00
   1.9609352e+01  -1.4000000e+01   1.3621371e+02   3.9063553e+01  -4.4000000e+01  -6.0000000e+01   1.4082400e+01
   2.2747713e+01  -1.4000000e+01   1.3693023e+02   3.4357352e+01  -4.4000000e+01  -6.0000000e+01   1.9690232e+01
   2.2115222e+01  -1.4000000e+01   1.3839179e+02   3.2404482e+01  -4.4000000e+01  -6.0000000e+01   2.3367024e+01
   2.3602685e+01  -1.4000000e+01   1.3866275e+02   2.9703391e+01  -4.4000000e+01  -6.0000000e+01   2.6609872e+01
   2.4604664e+01  -1.4000000e+01   1.4387503e+02   2.5998138e+01  -4.4000000e+01  -6.0000000e+01   2.9966352e+01
   2.6248866e+01  -1.4000000e+01   1.4790426e+02   2.1083524e+01  -4.4000000e+01  -6.0000000e+01   3.2924154e+01
   2.8280412e+01  -1.4000000e+01   1.5020049e+02   1.7187790e+01  -4.4000000e+01  -6.0000000e+01   3.6753775e+01
   2.9508774e+01  -1.4000000e+01   1.5377030e+02   1.3886184e+01  -4.4000000e+01  -6.0000000e+01   4.0560895e+01
   2.9929979e+01  -1.4000000e+01   1.6325433e+02   8.2360077e+00  -4.4000000e+01  -6.0000000e+01   4.5027525e+01
   3.1712477e+01  -1.4000000e+01   1.6559268e+02   4.4660462e+00  -4.4000000e+01  -6.0000000e+01   4.9215366e+01
   3.3514419e+01  -1.4000000e+01   1.6956042e+02   9.3790728e-01  -4.4000000e+01  -6.0000000e+01   5.2926908e+01
   3.1706124e+01  -1.4000000e+01   1.7261783e+02  -4.0943960e+00  -4.4000000e+01  -6.0000000e+01   5.6922205e+01
   3.1521450e+01  -1.4000000e+01   1.7317171e+02  -5.6838268e+00  -4.4000000e+01  -6.0000000e+01   6.2844134e+01
   3.6148601e+01  -1.4000000e+01   1.6747857e+02  -8.1400007e+00  -4.4000000e+01  -6.0000000e+01   6.6060672e+01
   3.5674855e+01  -1.4000000e+01   1.6842926e+02  -9.9687212e+00  -4.4000000e+01  -6.0000000e+01   7.0416208e+01
   3.6265668e+01  -1.4000000e+01   1.7120259e+02  -9.9214889e+00  -4.4000000e+01  -6.0000000e+01   7.3189878e+01
   3.5428447e+01  -1.4000000e+01   1.7461522e+02  -9.8120733e+00  -4.4000000e+01  -6.0000000e+01   7.4252625e+01
   3.0132656e+01  -1.4000000e+01   1.8247924e+02  -1.2132815e+01  -4.4000000e+01  -6.0000000e+01   7.4444283e+01
   2.7828889e+01  -1.4000000e+01   1.7764882e+02  -1.3284186e+01  -4.4000000e+01  -6.0000000e+01   7.0082487e+01
   2.4475792e+01  -1.4000000e+01   1.7630415e+02  -1.6313908e+01  -4.4000000e+01  -6.0000000e+01   6.1763723e+01
   2.3565388e+01  -1.4000000e+01   1.6550168e+02  -1.6037840e+01  -4.4000000e+01  -6.0000000e+01   5.1902499e+01
   2.1272290e+01  -1.4000000e+01   1.5618687e+02  -1.2565640e+01  -4.4000000e+01  -6.0000000e+01   4.0913187e+01
   1.8627047e+01  -1.4000000e+01   1.4758683e+02  -4.4685993e+00  -4.4000000e+01  -6.0000000e+01   3.6222361e+01
   1.3991493e+01  -1.4000000e+01   1.3746820e+02   5.7301206e+00  -4.4000000e+01  -6.0000000e+01   2.7007755e+01
   9.8145371e+00  -1.4000000e+01   1.3290737e+02   1.8288726e+01  -4.4000000e+01  -6.0000000e+01   1.9436403e+01
   9.0886979e+00  -1.4000000e+01   1.2750735e+02   2.5969904e+01  -4.4000000e+01  -6.0000000e+01   9.7519957e+00
   7.8664607e+00  -1.4000000e+01   1.2367248e+02   3.2122581e+01  -4.4000000e+01  -6.0000000e+01   1.0649739e+00
   9.1295580e+00  -1.4000000e+01   1.2100252e+02   3.5019704e+01  -4.4000000e+01  -6.0000000e+01  -7.1030429e+00
   1.0377760e+01  -1.4000000e+01   1.1896658e+02   3.8575554e+01  -4.4000000e+01  -6.0000000e+01  -1.5663149e+01
   1.4151682e+01  -1.4000000e+01   1.1717539e+02   4.4779527e+01  -4.4000000e+01  -6.0000000e+01  -2.3106762e+01
   1.6616427e+01  -1.4000000e+01   1.1674204e+02   5.3277069e+01  -4.4000000e+01  -6.0000000e+01  -2.8482120e+01
   1.9470136e+01  -1.4000000e+01   1.1646643e+02   6.0771338e+01  -4.4000000e+01  -6.0000000e+01  -2.7515424e+01
   1.9583020e+01  -1.4000000e+01   1.1795493e+02   6.1075437e+01  -4.4000000e+01  -6.0000000e+01  -2.3353112e+01
   1.9922801e+01  -1.4000000e+01   1.1970472e+02   5.8796388e+01  -4.4000000e+01  -6.0000000e+01  -1.8319060e+01
   2.1951479e+01  -1.4000000e+01   1.2051462e+02   5.5445601e+01  -4.4000000e+01  -6.0000000e+01  -1.2229474e+01
   2.1734128e+01  -1.4000000e+01   1.2318537e+02   5.0722969e+01  -4.4000000e+01  -6.0000000e+01  -5.0130997e+00
   2.1860394e+01  -1.4000000e+01   1.2565587e+02   4.7276176e+01  -4.4000000e+01  -6.0000000e+01   1.3704844e+00
   2.0376944e+01  -1.4000000e+01   1.2783585e+02   4.6338197e+01  -4.4000000e+01  -6.0000000e+01   5.0244873e+00
   2.0519325e+01  -1.4000000e+01   1.2895522e+02   4.3887729e+01  -4.4000000e+01  -6.0000000e+01   9.1312985e+00
   2.0051414e+01  -1.4000000e+01   1.3052300e+02   4.2211324e+01  -4.4000000e+01  -6.0000000e+01   1.2643438e+01
   2.0560849e+01  -1.4000000e+01   1.3102661e+02   4.1050961e+01  -4.4000000e+01  -6.0000000e+01   1.6699908e+01
   2.0803225e+01  -1.4000000e+01   1.3215386e+02   3.7841953e+01  -4.4000000e+01  -6.0000000e+01   2.0843800e+01
   2.1563858e+01  -1.4000000e+01   1.3308203e+02   3.5628593e+01  -4.4000000e+01  -6.0000000e+01   2.3210394e+01
   2.1418212e+01  -1.4000000e+01   1.3579903e+02   3.3622178e+01  -4.4000000e+01  -6.0000000e+01   2.5927480e+01
   2.3358991e+01  -1.4000000e+01   1.3522031e+02   3.2139753e+01  -4.4000000e+01  -6.0000000e+01   2.6702547e+01
   2.4619461e+01  -1.4000000e+01   1.3693019e+02   2.9543347e+01  -4.4000000e+01  -6.0000000e+01   2.9418609e+01
   2.5805366e+01  -1.4000000e+01   1.3904765e+02   2.6171307e+01  -4.4000000e+01  -6.0000000e+01   3.1370333e+01
   2.7550572e+01  -1.4000000e+01   1.4239254e+02   2.2126031e+01  -4.4000000e+01  -6.0000000e+01   3.3988624e+01
   2.7591337e+01  -1.4000000e+01   1.4615174e+02   1.7749333e+01  -4.4000000e+01  -6.0000000e+01   3.7542340e+01
   2.9751529e+01  -1.4000000e+01   1.4927586e+02   1.3472111e+01  -4.4000000e+01  -6.0000000e+01   4.1299321e+01
   3.0921235e+01  -1.4000000e+01   1.5360960e+02   8.1722488e+00  -4.4000000e+01  -6.0000000e+01   4.3901961e+01
   3.0961009e+01  -1.4000000e+01   1.6155400e+02   3.5623675e+00  -4.4000000e+01  -6.0000000e+01   4.8661759e+01
   3.2023073e+01  -1.4000000e+01   1.6509440e+02  -5.1792658e-01  -4.4000000e+01  -6.0000000e+01   5.1782274e+01
   3.1723269e+01  -1.4000000e+01   1.6910731e+02  -2.3825425e+00  -4.4000000e+01  -6.0000000e+01   5.5523127e+01
   3.0974609e+01  -1.4000000e+01   1.7394447e+02  -5.9731175e+00  -4.4000000e+01  -6.0000000e+01   5.9651145e+01
   3.1557067e+01  -1.4000000e+01   1.8096230e+02  -1.0699039e+01  -4.4000000e+01  -6.0000000e+01   6.4008057e+01
   3.1565318e+01  -1.4000000e+01   1.8383904e+02  -1.0740839e+01  -4.4000000e+01  -6.0000000e+01   6.5788665e+01
   3.0582834e+01  -1.4000000e+01   1.8296917e+02  -1.0906041e+01  -4.4000000e+01  -6.0000000e+01   6.9091302e+01
   2.6924546e+01  -1.4000000e+01   1.8243018e+02  -1.4394475e+01  -4.4000000e+01  -6.0000000e+01   6.7375027e+01
   2.3407518e+01  -1.4000000e+01   1.7242671e+02  -1.7122478e+01  -4.4000000e+01  -6.0000000e+01   5.8553820e+01
   2.1192409e+01  -1.4000000e+01   1.6233075e+02  -1.9425351e+01  -4.4000000e+01  -6.0000000e+01   4.8317933e+01
   2.0482406e+01  -1.4000000e+01   1.5185094e+02  -1.4222618e+01  -4.4000000e+01  -6.0000000e+01   3.6556810e+01
   1.6157408e+01  -1.4000000e+01   1.4236284e+02  -2.3979985e+00  -4.4000000e+01  -6.0000000e+01   2.6724716e+01
   1.1576026e+01  -1.4000000e+01   1.3521868e+02   1.0085916e+01  -4.4000000e+01  -6.0000000e+01   2.0750589e+01
   8.6474568e+00  -1.4000000e+01   1.2984439e+02   2.0821553e+01  -4.4000000e+01  -6.0000000e+01   1.0510955e+01
   1.0336405e+01  -1.4000000e+01   1.2537308e+02   2.9389766e+01  -4.4000000e+01  -6.0000000e+01   1.7092796e+00
   1.2075219e+01  -1.4000000e+01   1.2132864e+02   3.6064450e+01  -4.4000000e+01  -6.0000000e+01  -7.4617253e+00
   1.7051086e+01  -1.4000000e+01   1.1751362e+02   4.1527390e+01  -4.4000000e+01  -6.0000000e+01  -1.6387369e+01
   1.9397043e+01  -1.4000000e+01   1.1527777e+02   4.8007977e+01  -4.4000000e+01  -6.0000000e+01  -2.4805100e+01
   2.1912885e+01  -1.4000000e+01   1.1283056e+02   5.6594333e+01  -4.4000000e+01  -6.0000000e+01  -3.0737586e+01
   2.4422941e+01  -1.4000000e+01   1.0981664e+02   6.3923935e+01  -4.4000000e+01  -6.0000000e+01  -3.0946382e+01
   2.4473662e+01  -1.4000000e+01   1.1090517e+02   6.3193348e+01  -4.4000000e+01  -6.0000000e+01  -2.8023865e+01
   2.2976612e+01  -1.4000000e+01   1.1520852e+02   5.9177608e+01  -4.4000000e+01  -6.0000000e+01  -2.1439243e+01
   2.2740983e+01  -1.4000000e+01   1.1839179e+02   5.4904460e+01  -4.4000000e+01  -6.0000000e+01  -1.4089942e+01
   2.0912607e+01  -1.4000000e+01   1.2189913e+02   5.1784042e+01  -4.4000000e+01  -6.0000000e+01  -8.4418522e+00
   2.0004496e+01  -1.4000000e+01   1.2414404e+02   4.9426060e+01  -4.4000000e+01  -6.0000000e+01  -3.6357931e+00
   2.1878974e+01  -1.4000000e+01   1.2526371e+02   4.6473424e+01  -4.4000000e+01  -6.0000000e+01   2.5137120e+00
   2.2325735e+01  -1.4000000e+01   1.2675911e+02   4.4714142e+01  -4.4000000e+01  -6.0000000e+01   6.1017627e+00
   2.1953601e+01  -1.4000000e+01   1.2912071e+02   4.2147644e+01  -4.4000000e+01  -6.0000000e+01   1.1748333e+01
   2.1652800e+01  -1.4000000e+01   1.3152709e+02   4.0057332e+01  -4.4000000e+01  -6.0000000e+01   1.5931696e+01
   2.1929365e+01  -1.4000000e+01   1.3438573e+02   3.7595722e+01  -4.4000000e+01  -6.0000000e+01   1.9447236e+01
   2.3240454e+01  -1.4000000e+01   1.3645446e+02   3.4163879e+01  -4.4000000e+01  -6.0000000e+01   2.3182795e+01
   2.4860315e+01  -1.4000000e+01   1.3686912e+02   3.1444557e+01  -4.4000000e+01  -6.0000000e+01   2.4780911e+01
   2.7196007e+01  -1.4000000e+01   1.3873545e+02   3.0580395e+01  -4.4000000e+01  -6.0000000e+01   2.5244982e+01
   2.8347374e+01  -1.4000000e+01   1.4008170e+02   2.7712451e+01  -4.4000000e+01  -6.0000000e+01   2.6584232e+01
   2.7209323e+01  -1.4000000e+01   1.4556884e+02   2.3447260e+01  -4.4000000e+01  -6.0000000e+01   3.1465799e+01
   2.7749336e+01  -1.4000000e+01   1.4915191e+02   2.0235229e+01  -4.4000000e+01  -6.0000000e+01   3.5049334e+01
   2.8640430e+01  -1.4000000e+01   1.5266077e+02   1.5483666e+01  -4.4000000e+01  -6.0000000e+01   4.0474496e+01
   3.1012395e+01  -1.4000000e+01   1.5737776e+02   9.4631854e+00  -4.4000000e+01  -6.0000000e+01   4.3473300e+01
   3.2667062e+01  -1.4000000e+01   1.5994396e+02   6.1374796e+00  -4.4000000e+01  -6.0000000e+01   4.4340620e+01
   3.2666293e+01  -1.4000000e+01   1.6263788e+02   4.0216420e+00  -4.4000000e+01  -6.0000000e+01   5.0250680e+01
   3.3042317e+01  -1.4000000e+01   1.6592678e+02  -8.7467594e-01  -4.4000000e+01  -6.0000000e+01   5.4707338e+01
   3.2441242e+01  -1.4000000e+01   1.6951815e+02  -7.5752174e+00  -4.4000000e+01  -6.0000000e+01   5.9589396e+01
   3.1531552e+01  -1.4000000e+01   1.7182766e+02  -1.1091746e+01  -4.4000000e+01  -6.0000000e+01   6.1452545e+01
   2.8463229e+01  -1.4000000e+01   1.7254860e+02  -1.3838319e+01  -4.4000000e+01  -6.0000000e+01   5.7537419e+01
   2.4597660e+01  -1.4000000e+01   1.7190345e+02  -1.6874741e+01  -4.4000000e+01  -6.0000000e+01   5.1822367e+01
   2.2110481e+01  -1.4000000e+01   1.6320680e+02  -1.6550055e+01  -4.4000000e+01  -6.0000000e+01   4.6107304e+01
   1.8387817e+01  -1.4000000e+01   1.5760610e+02  -1.5304973e+01  -4.4000000e+01  -6.0000000e+01   3.6143014e+01
   1.6892035e+01  -1.4000000e+01   1.4768683e+02  -7.1725379e+00  -4.4000000e+01  -6.0000000e+01   2.6873955e+01
   1.2980367e+01  -1.4000000e+01   1.3630620e+02   4.7616161e+00  -4.4000000e+01  -6.0000000e+01   2.0926186e+01
   9.1011048e+00  -1.4000000e+01   1.2935305e+02   1.7285833e+01  -4.4000000e+01  -6.0000000e+01   1.5967577e+01
   9.5625600e+00  -1.4000000e+01   1.2570661e+02   2.5339747e+01  -4.4000000e+01  -6.0000000e+01   7.3509449e+00
   8.7176974e+00  -1.4000000e+01   1.2271464e+02   3.1739313e+01  -4.4000000e+01  -6.0000000e+01  -1.9930924e+00
   1.0956417e+01  -1.4000000e+01   1.1942427e+02   3.5218298e+01  -4.4000000e+01  -6.0000000e+01  -1.1088193e+01
   1.0637607e+01  -1.4000000e+01   1.1699064e+02   3.9676780e+01  -4.4000000e+01  -6.0000000e+01  -1.9314271e+01
   1.5544897e+01  -1.4000000e+01   1.1512864e+02   4.3066317e+01  -4.4000000e+01  -6.0000000e+01  -2.7711997e+01
   1.7237097e+01  -1.4000000e+01   1.1371451e+02   4.9294192e+01  -4.4000000e+01  -6.0000000e+01  -3.4313247e+01
   1.9105059e+01  -1.4000000e+01   1.1190446e+02   5.8389789e+01  -4.4000000e+01  -6.0000000e+01  -3.7752354e+01
   2.2716926e+01  -1.4000000e+01   1.0839788e+02   6.5485881e+01  -4.4000000e+01  -6.0000000e+01  -3.6777292e+01
   2.3130837e+01  -1.4000000e+01   1.0973526e+02   6.4010080e+01  -4.4000000e+01  -6.0000000e+01  -3.3039581e+01
   2.3427356e+01  -1.4000000e+01   1.1296678e+02   6.0136811e+01  -4.4000000e+01  -6.0000000e+01  -2.5479622e+01
   2.2966209e+01  -1.4000000e+01   1.1672701e+02   5.5907114e+01  -4.4000000e+01  -6.0000000e+01  -1.7794198e+01
   2.1313835e+01  -1.4000000e+01   1.2055862e+02   5.2781641e+01  -4.4000000e+01  -6.0000000e+01  -1.0569022e+01
   2.1005719e+01  -1.4000000e+01   1.2347205e+02   5.0000091e+01  -4.4000000e+01  -6.0000000e+01  -4.2277010e+00
   2.2207027e+01  -1.4000000e+01   1.2511280e+02   4.5849311e+01  -4.4000000e+01  -6.0000000e+01   3.1797179e+00
   2.1019763e+01  -1.4000000e+01   1.2798115e+02   4.3275415e+01  -4.4000000e+01  -6.0000000e+01   9.4002424e+00
   2.0831118e+01  -1.4000000e+01   1.3037358e+02   4.1702313e+01  -4.4000000e+01  -6.0000000e+01   1.3971491e+01
   1.8956887e+01  -1.4000000e+01   1.3343512e+02   4.0253327e+01  -4.4000000e+01  -6.0000000e+01   1.8283139e+01
   1.9466058e+01  -1.4000000e+01   1.3534903e+02   3.6991886e+01  -4.4000000e+01  -6.0000000e+01   2.2184599e+01
   1.9630044e+01  -1.4000000e+01   1.3710610e+02   3.4542061e+01  -4.4000000e+01  -6.0000000e+01   2.5037650e+01
   2.2698411e+01  -1.4000000e+01   1.3686319e+02   3.1439376e+01  -4.4000000e+01  -6.0000000e+01   2.7485426e+01
   2.3996806e+01  -1.4000000e+01   1.3914070e+02   2.8888934e+01  -4.4000000e+01  -6.0000000e+01   3.0310441e+01
   2.5320889e+01  -1.4000000e+01   1.4270256e+02   2.3639507e+01  -4.4000000e+01  -6.0000000e+01   3.4966540e+01
   2.4448541e+01  -1.4000000e+01   1.4998128e+02   2.1744316e+01  -4.4000000e+01  -6.0000000e+01   3.9112111e+01
   2.6119546e+01  -1.4000000e+01   1.5415136e+02   1.5701931e+01  -4.4000000e+01  -6.0000000e+01   4.4006653e+01
   2.8026914e+01  -1.4000000e+01   1.6231895e+02   9.6569464e+00  -4.4000000e+01  -6.0000000e+01   4.7512913e+01
   2.9809667e+01  -1.4000000e+01   1.6877751e+02   3.3784506e+00  -4.4000000e+01  -6.0000000e+01   5.2125276e+01
   3.1266101e+01  -1.4000000e+01   1.6898882e+02  -1.2245884e+00  -4.4000000e+01  -6.0000000e+01   5.5484200e+01
   3.0573410e+01  -1.4000000e+01   1.6949518e+02  -4.4976662e+00  -4.4000000e+01  -6.0000000e+01   6.0704298e+01
   3.2754894e+01  -1.4000000e+01   1.6857610e+02  -8.0642206e+00  -4.4000000e+01  -6.0000000e+01   6.6471671e+01
   2.9083916e+01  -1.4000000e+01   1.7484899e+02  -9.5970327e+00  -4.4000000e+01  -6.0000000e+01   6.9430883e+01
   2.7651355e+01  -1.4000000e+01   1.7903352e+02  -1.3170859e+01  -4.4000000e+01  -6.0000000e+01   7.3731621e+01
   2.4908609e+01  -1.4000000e+01   1.7395569e+02  -1.6858493e+01  -4.4000000e+01  -6.0000000e+01   6.5696585e+01
   2.0874292e+01  -1.4000000e+01   1.6302645e+02  -2.1565681e+01  -4.4000000e+01  -6.0000000e+01   5.4913581e+01
   1.7812372e+01  -1.4000000e+01   1.5729449e+02  -1.9239196e+01  -4.4000000e+01  -6.0000000e+01   4.3276726e+01
   1.4348517e+01  -1.4000000e+01   1.4866583e+02  -1.1553534e+01  -4.4000000e+01  -6.0000000e+01   3.1047958e+01
   1.0705905e+01  -1.4000000e+01   1.3743184e+02   3.7509284e-01  -4.4000000e+01  -6.0000000e+01   2.0677350e+01
   7.4391911e+00  -1.4000000e+01   1.2923249e+02   1.1815493e+01  -4.4000000e+01  -6.0000000e+01   1.1810837e+01
   6.4140975e+00  -1.4000000e+01   1.2478670e+02   2.0780398e+01  -4.4000000e+01  -6.0000000e+01   3.4719460e+00
   3.9484705e+00  -1.4000000e+01   1.2340197e+02   2.9017064e+01  -4.4000000e+01  -6.0000000e+01  -4.6037435e+00
   4.0578244e+00  -1.4000000e+01   1.2113816e+02   3.5040519e+01  -4.4000000e+01  -6.0000000e+01  -1.1650787e+01
   7.5610558e+00  -1.4000000e+01   1.1836679e+02   3.8471702e+01  -4.4000000e+01  -6.0000000e+01  -1.9432298e+01
   1.1910990e+01  -1.4000000e+01   1.1492242e+02   4.4062481e+01  -4.4000000e+01  -6.0000000e+01  -2.6569223e+01
   1.6293258e+01  -1.4000000e+01   1.1237799e+02   5.2695763e+01  -4.4000000e+01  -6.0000000e+01  -3.2370250e+01
   2.2044395e+01  -1.4000000e+01   1.0899425e+02   6.2803078e+01  -4.4000000e+01  -6.0000000e+01  -3.3607062e+01
   2.3249202e+01  -1.4000000e+01   1.0833930e+02   6.4443315e+01  -4.4000000e+01  -6.0000000e+01  -3.3558261e+01
   2.2061056e+01  -1.4000000e+01   1.1262136e+02   6.1809220e+01  -4.4000000e+01  -6.0000000e+01  -2.8736014e+01
   2.2732307e+01  -1.4000000e+01   1.1614565e+02   5.7039467e+01  -4.4000000e+01  -6.0000000e+01  -2.0792175e+01
   2.0229458e+01  -1.4000000e+01   1.2145782e+02   5.2809367e+01  -4.4000000e+01  -6.0000000e+01  -1.2745315e+01
   2.0325281e+01  -1.4000000e+01   1.2435778e+02   4.8449057e+01  -4.4000000e+01  -6.0000000e+01  -4.2777596e+00
   2.1614970e+01  -1.4000000e+01   1.2507459e+02   4.4818929e+01  -4.4000000e+01  -6.0000000e+01   3.8016981e+00
   2.1416458e+01  -1.4000000e+01   1.2729854e+02   4.2105556e+01  -4.4000000e+01  -6.0000000e+01   1.0128247e+01
   1.9741425e+01  -1.4000000e+01   1.3152739e+02   4.0116045e+01  -4.4000000e+01  -6.0000000e+01   1.5738178e+01
   2.0361116e+01  -1.4000000e+01   1.3307657e+02   3.6063237e+01  -4.4000000e+01  -6.0000000e+01   2.0919266e+01
   2.0543467e+01  -1.4000000e+01   1.3586253e+02   3.3293220e+01  -4.4000000e+01  -6.0000000e+01   2.5110363e+01
   2.1363583e+01  -1.4000000e+01   1.3865595e+02   3.1451000e+01  -4.4000000e+01  -6.0000000e+01   2.7490308e+01
   2.4962049e+01  -1.4000000e+01   1.3767090e+02   2.7031910e+01  -4.4000000e+01  -6.0000000e+01   2.9473539e+01
   2.5495533e+01  -1.4000000e+01   1.4326546e+02   2.3801257e+01  -4.4000000e+01  -6.0000000e+01   3.2974320e+01
   2.5551381e+01  -1.4000000e+01   1.4931981e+02   2.0437739e+01  -4.4000000e+01  -6.0000000e+01   3.6912201e+01
   2.5462488e+01  -1.4000000e+01   1.5716769e+02   1.6622809e+01  -4.4000000e+01  -6.0000000e+01   4.1629886e+01
   2.8246257e+01  -1.4000000e+01   1.6176788e+02   1.0976744e+01  -4.4000000e+01  -6.0000000e+01   4.3909736e+01
   3.1926751e+01  -1.4000000e+01   1.6258171e+02   4.4968917e+00  -4.4000000e+01  -6.0000000e+01   4.9236040e+01
   3.4215827e+01  -1.4000000e+01   1.5961872e+02   2.6216221e+00  -4.4000000e+01  -6.0000000e+01   5.3235830e+01
   3.2971360e+01  -1.4000000e+01   1.6488172e+02  -2.4078870e+00  -4.4000000e+01  -6.0000000e+01   5.8878298e+01
   3.4528934e+01  -1.4000000e+01   1.6568216e+02  -5.5246975e+00  -4.4000000e+01  -6.0000000e+01   6.3233466e+01
   3.4750795e+01  -1.4000000e+01   1.7292358e+02  -9.7349355e+00  -4.4000000e+01  -6.0000000e+01   6.6823819e+01
   3.5358440e+01  -1.4000000e+01   1.7162296e+02  -1.0813242e+01  -4.4000000e+01  -6.0000000e+01   7.4210725e+01
   3.6400489e+01  -1.4000000e+01   1.7037916e+02  -6.6075310e+00  -4.4000000e+01  -6.0000000e+01   7.5074000e+01
   3.4911118e+01  -1.4000000e+01   1.7484771e+02  -6.1969692e+00  -4.4000000e+01  -6.0000000e+01   7.6789509e+01
   3.5504379e+01  -1.4000000e+01   1.7452483e+02  -5.4614071e+00  -4.4000000e+01  -6.0000000e+01   7.6982662e+01
   3.4568319e+01  -1.4000000e+01   1.8077262e+02  -4.4127506e+00  -4.4000000e+01  -6.0000000e+01   7.5812985e+01
   3.4875744e+01  -1.4000000e+01   1.8242802e+02  -5.2091415e+00  -4.4000000e+01  -6.0000000e+01   7.4378211e+01
   3.2375110e+01  -1.4000000e+01   1.8144572e+02  -6.0726057e+00  -4.4000000e+01  -6.0000000e+01   7.2822534e+01
   2.5289102e+01  -1.4000000e+01   1.8247009e+02  -1.1017517e+01  -4.4000000e+01  -6.0000000e+01   7.1840025e+01
   2.3265000e+01  -1.4000000e+01   1.7521147e+02  -1.8728087e+01  -4.4000000e+01  -6.0000000e+01   6.2185777e+01
   2.2457112e+01  -1.4000000e+01   1.6618150e+02  -2.3637856e+01  -4.4000000e+01  -6.0000000e+01   5.0866878e+01
   2.0277326e+01  -1.4000000e+01   1.5924029e+02  -2.3405310e+01  -4.4000000e+01  -6.0000000e+01   3.9584482e+01
   1.9051657e+01  -1.4000000e+01   1.5330016e+02  -1.9131299e+01  -4.4000000e+01  -6.0000000e+01   2.9658040e+01
   1.5125274e+01  -1.4000000e+01   1.4689314e+02  -8.9438094e+00  -4.4000000e+01  -6.0000000e+01   1.8648323e+01
   1.2630435e+01  -1.4000000e+01   1.3882155e+02   3.4590983e+00  -4.4000000e+01  -6.0000000e+01   1.1246273e+01
   8.8080180e+00  -1.4000000e+01   1.3280446e+02   1.5938171e+01  -4.4000000e+01  -6.0000000e+01   4.2270975e+00
   9.6420951e+00  -1.4000000e+01   1.2822945e+02   2.7953201e+01  -4.4000000e+01  -6.0000000e+01  -2.5561247e+00
   1.3545946e+01  -1.4000000e+01   1.2368273e+02   3.8548111e+01  -4.4000000e+01  -6.0000000e+01  -1.0830956e+01
   1.7669293e+01  -1.4000000e+01   1.1841312e+02   4.8470232e+01  -4.4000000e+01  -6.0000000e+01  -1.7593653e+01
   1.9545706e+01  -1.4000000e+01   1.1539415e+02   5.5510497e+01  -4.4000000e+01  -6.0000000e+01  -2.2496636e+01
   2.1086496e+01  -1.4000000e+01   1.1437945e+02   5.6746207e+01  -4.4000000e+01  -6.0000000e+01  -2.1494795e+01
   1.9149066e+01  -1.4000000e+01   1.1922001e+02   5.3645128e+01  -4.4000000e+01  -6.0000000e+01  -1.6135789e+01
   1.8040323e+01  -1.4000000e+01   1.2324200e+02   4.9622247e+01  -4.4000000e+01  -6.0000000e+01  -8.7505605e+00
   1.9783250e+01  -1.4000000e+01   1.2356881e+02   4.6607311e+01  -4.4000000e+01  -6.0000000e+01  -2.3992534e+00
   1.8971023e+01  -1.4000000e+01   1.2661342e+02   4.3526849e+01  -4.4000000e+01  -6.0000000e+01   5.6680665e+00
   2.0486045e+01  -1.4000000e+01   1.2854824e+02   3.9775301e+01  -4.4000000e+01  -6.0000000e+01   1.2814947e+01
   1.9163359e+01  -1.4000000e+01   1.3260011e+02   3.6861572e+01  -4.4000000e+01  -6.0000000e+01   1.9077273e+01
   1.9354171e+01  -1.4000000e+01   1.3513335e+02   3.3023002e+01  -4.4000000e+01  -6.0000000e+01   2.4546897e+01
   2.0192552e+01  -1.4000000e+01   1.3655299e+02   3.0788182e+01  -4.4000000e+01  -6.0000000e+01   2.7808259e+01
   2.0147015e+01  -1.4000000e+01   1.3809070e+02   2.8964315e+01  -4.4000000e+01  -6.0000000e+01   3.0844969e+01
   2.2431025e+01  -1.4000000e+01   1.4022345e+02   2.6913324e+01  -4.4000000e+01  -6.0000000e+01   3.1591185e+01
   2.5852200e+01  -1.4000000e+01   1.4075439e+02   2.3259234e+01  -4.4000000e+01  -6.0000000e+01   3.3396925e+01
   2.4592249e+01  -1.4000000e+01   1.4692064e+02   2.0862265e+01  -4.4000000e+01  -6.0000000e+01   3.7304808e+01
   2.5020090e+01  -1.4000000e+01   1.5350264e+02   1.7638072e+01  -4.4000000e+01  -6.0000000e+01   4.1622754e+01
   2.6897083e+01  -1.4000000e+01   1.6089175e+02   1.3020182e+01  -4.4000000e+01  -6.0000000e+01   4.5805697e+01
   2.8673104e+01  -1.4000000e+01   1.6608072e+02   8.2475877e+00  -4.4000000e+01  -6.0000000e+01   4.7574556e+01
   3.1362701e+01  -1.4000000e+01   1.6411567e+02   3.5266089e+00  -4.4000000e+01  -6.0000000e+01   5.2081012e+01
   3.2842752e+01  -1.4000000e+01   1.6287896e+02   1.7174625e+00  -4.4000000e+01  -6.0000000e+01   5.6088715e+01
   3.2665783e+01  -1.4000000e+01   1.6731002e+02  -3.4492390e+00  -4.4000000e+01  -6.0000000e+01   6.1658030e+01
   3.2359715e+01  -1.4000000e+01   1.7161085e+02  -6.6686960e+00  -4.4000000e+01  -6.0000000e+01   6.5823110e+01
   3.4077209e+01  -1.4000000e+01   1.7188872e+02  -6.7131397e+00  -4.4000000e+01  -6.0000000e+01   6.8172705e+01
   3.5507140e+01  -1.4000000e+01   1.6769873e+02  -8.1488955e+00  -4.4000000e+01  -6.0000000e+01   7.1128355e+01
   3.5916383e+01  -1.4000000e+01   1.6648926e+02  -7.6125659e+00  -4.4000000e+01  -6.0000000e+01   7.5429581e+01
   3.6852461e+01  -1.4000000e+01   1.6820215e+02  -4.3505455e+00  -4.4000000e+01  -6.0000000e+01   7.7300363e+01
   3.9747615e+01  -1.4000000e+01   1.6527210e+02  -3.0100720e+00  -4.4000000e+01  -6.0000000e+01   7.6642596e+01
   3.9923171e+01  -1.4000000e+01   1.6674393e+02  -4.5610288e+00  -4.4000000e+01  -6.0000000e+01   7.6662453e+01
   3.9290063e+01  -1.4000000e+01   1.6702457e+02  -5.2651336e-01  -4.4000000e+01  -6.0000000e+01   7.6180445e+01
   4.0395734e+01  -1.4000000e+01   1.6105868e+02  -3.2877599e-01  -4.4000000e+01  -6.0000000e+01   7.7735228e+01
   4.0384843e+01  -1.4000000e+01   1.5427731e+02   4.0917499e-01  -4.4000000e+01  -6.0000000e+01   7.8960831e+01
   3.3333400e+01  -1.4000000e+01   1.5617531e+02  -5.4299825e+00  -4.4000000e+01  -6.0000000e+01   7.0445164e+01
   2.8203540e+01  -1.4000000e+01   1.5659577e+02  -1.2551249e+01  -4.4000000e+01  -6.0000000e+01   6.0906734e+01
   2.1526403e+01  -1.4000000e+01   1.5422577e+02  -1.9287827e+01  -4.4000000e+01  -6.0000000e+01   5.0177934e+01
   1.8563911e+01  -1.4000000e+01   1.5462393e+02  -2.2044452e+01  -4.4000000e+01  -6.0000000e+01   3.8311866e+01
   1.3903738e+01  -1.4000000e+01   1.5169838e+02  -1.7249459e+01  -4.4000000e+01  -6.0000000e+01   2.6130697e+01
   1.0706187e+01  -1.4000000e+01   1.4481680e+02  -7.4390617e+00  -4.4000000e+01  -6.0000000e+01   1.4477763e+01
   9.3841455e+00  -1.4000000e+01   1.3617005e+02   4.5191215e+00  -4.4000000e+01  -6.0000000e+01   5.1973107e+00
   9.1298542e+00  -1.4000000e+01   1.2904662e+02   1.6093708e+01  -4.4000000e+01  -6.0000000e+01  -3.5349848e+00
   1.0764827e+01  -1.4000000e+01   1.2392814e+02   2.7091741e+01  -4.4000000e+01  -6.0000000e+01  -1.0372508e+01
   1.3168838e+01  -1.4000000e+01   1.2097167e+02   3.6863753e+01  -4.4000000e+01  -6.0000000e+01  -1.9013212e+01
   1.2429158e+01  -1.4000000e+01   1.1984380e+02   4.5606986e+01  -4.4000000e+01  -6.0000000e+01  -2.6641817e+01
   1.9810240e+01  -1.4000000e+01   1.1435684e+02   5.5290597e+01  -4.4000000e+01  -6.0000000e+01  -3.3036716e+01
   2.5590559e+01  -1.4000000e+01   1.0903543e+02   6.5292426e+01  -4.4000000e+01  -6.0000000e+01  -3.7788306e+01
   2.6033283e+01  -1.4000000e+01   1.0612391e+02   7.0788606e+01  -4.4000000e+01  -6.0000000e+01  -4.2474935e+01
   2.6030016e+01  -1.4000000e+01   1.0902997e+02   6.8736267e+01  -4.4000000e+01  -6.0000000e+01  -3.9753766e+01
   2.6464387e+01  -1.4000000e+01   1.1081346e+02   6.5396262e+01  -4.4000000e+01  -6.0000000e+01  -3.4770368e+01
   2.6162999e+01  -1.4000000e+01   1.1469054e+02   6.0665056e+01  -4.4000000e+01  -6.0000000e+01  -2.7567427e+01
   2.5043086e+01  -1.4000000e+01   1.2033016e+02   5.5083646e+01  -4.4000000e+01  -6.0000000e+01  -1.8918096e+01
   2.5448268e+01  -1.4000000e+01   1.2413445e+02   5.0079747e+01  -4.4000000e+01  -6.0000000e+01  -1.1311761e+01
   2.4661764e+01  -1.4000000e+01   1.2880393e+02   4.5384934e+01  -4.4000000e+01  -6.0000000e+01  -2.6547997e+00
   2.5252911e+01  -1.4000000e+01   1.3134860e+02   4.1833205e+01  -4.4000000e+01  -6.0000000e+01   3.2269146e+00
   2.4264004e+01  -1.4000000e+01   1.3465404e+02   3.9679182e+01  -4.4000000e+01  -6.0000000e+01   9.0243320e+00
   2.3779486e+01  -1.4000000e+01   1.3721577e+02   3.7068774e+01  -4.4000000e+01  -6.0000000e+01   1.2877342e+01
   2.4626297e+01  -1.4000000e+01   1.3788000e+02   3.3255790e+01  -4.4000000e+01  -6.0000000e+01   1.7848429e+01
   2.4701899e+01  -1.4000000e+01   1.4009063e+02   3.2062679e+01  -4.4000000e+01  -6.0000000e+01   2.0618808e+01
   2.8193899e+01  -1.4000000e+01   1.4030007e+02   2.8506596e+01  -4.4000000e+01  -6.0000000e+01   2.2512493e+01
   2.8040085e+01  -1.4000000e+01   1.4564807e+02   2.4613205e+01  -4.4000000e+01  -6.0000000e+01   2.7813709e+01
   2.8332464e+01  -1.4000000e+01   1.5173783e+02   2.1965068e+01  -4.4000000e+01  -6.0000000e+01   3.1794765e+01
   3.0089695e+01  -1.4000000e+01   1.5699872e+02   1.5612863e+01  -4.4000000e+01  -6.0000000e+01   3.5939920e+01
   2.9182098e+01  -1.4000000e+01   1.6475341e+02   1.1999790e+01  -4.4000000e+01  -6.0000000e+01   3.8778892e+01
   3.0517552e+01  -1.4000000e+01   1.6796824e+02   7.2731161e+00  -4.4000000e+01  -6.0000000e+01   4.3915074e+01
   3.2835108e+01  -1.4000000e+01   1.6823548e+02   3.5005801e+00  -4.4000000e+01  -6.0000000e+01   4.4927619e+01
   3.3058203e+01  -1.4000000e+01   1.7107668e+02   2.9323211e-01  -4.4000000e+01  -6.0000000e+01   4.8585623e+01
   3.4007871e+01  -1.4000000e+01   1.7013505e+02  -9.8699928e-01  -4.4000000e+01  -6.0000000e+01   5.2005811e+01
   3.2478665e+01  -1.4000000e+01   1.7420771e+02  -3.7234448e+00  -4.4000000e+01  -6.0000000e+01   5.4840524e+01
   3.1533388e+01  -1.4000000e+01   1.7779408e+02  -6.4191100e+00  -4.4000000e+01  -6.0000000e+01   5.7649352e+01
   3.3243396e+01  -1.4000000e+01   1.8306246e+02  -1.1640182e+01  -4.4000000e+01  -6.0000000e+01   6.1843694e+01
   3.1561211e+01  -1.4000000e+01   1.8448481e+02  -1.2424417e+01  -4.4000000e+01  -6.0000000e+01   6.3176143e+01
   2.7702366e+01  -1.4000000e+01   1.8239263e+02  -1.4780158e+01  -4.4000000e+01  -6.0000000e+01   6.1210201e+01
   2.4084707e+01  -1.4000000e+01   1.7666355e+02  -2.1653693e+01  -4.4000000e+01  -6.0000000e+01   5.3089563e+01
   2.0426472e+01  -1.4000000e+01   1.6604537e+02  -1.9074228e+01  -4.4000000e+01  -6.0000000e+01   4.2133393e+01
   1.8411011e+01  -1.4000000e+01   1.5445576e+02  -1.1310240e+01  -4.4000000e+01  -6.0000000e+01   3.4057357e+01
   1.3698811e+01  -1.4000000e+01   1.4278726e+02   5.2448253e-01  -4.4000000e+01  -6.0000000e+01   2.7631170e+01
   9.6662750e+00  -1.4000000e+01   1.3401861e+02   1.3136384e+01  -4.4000000e+01  -6.0000000e+01   2.2398161e+01
   1.0638100e+01  -1.4000000e+01   1.2802735e+02   2.5699510e+01  -4.4000000e+01  -6.0000000e+01   1.4583743e+01
   1.1846168e+01  -1.4000000e+01   1.2313404e+02   3.7295281e+01  -4.4000000e+01  -6.0000000e+01   4.7313162e+00
   1.3362208e+01  -1.4000000e+01   1.1936565e+02   4.6115647e+01  -4.4000000e+01  -6.0000000e+01  -5.7237056e+00
   1.6578766e+01  -1.4000000e+01   1.1672556e+02   5.0447907e+01  -4.4000000e+01  -6.0000000e+01  -1.6045927e+01
   2.1003940e+01  -1.4000000e+01   1.1243096e+02   5.7930220e+01  -4.4000000e+01  -6.0000000e+01  -2.4764348e+01
   2.0080906e+01  -1.4000000e+01   1.1285061e+02   6.4132437e+01  -4.4000000e+01  -6.0000000e+01  -3.0856562e+01
   2.0449914e+01  -1.4000000e+01   1.1320346e+02   6.4723888e+01  -4.4000000e+01  -6.0000000e+01  -3.2083800e+01
   2.0324811e+01  -1.4000000e+01   1.1652750e+02   6.2029064e+01  -4.4000000e+01  -6.0000000e+01  -2.6942927e+01
   2.2838406e+01  -1.4000000e+01   1.1713808e+02   5.9481402e+01  -4.4000000e+01  -6.0000000e+01  -2.1597142e+01
   2.3946326e+01  -1.4000000e+01   1.1952281e+02   5.6007959e+01  -4.4000000e+01  -6.0000000e+01  -1.6262830e+01
   2.3120914e+01  -1.4000000e+01   1.2306584e+02   5.4131420e+01  -4.4000000e+01  -6.0000000e+01  -1.0781467e+01
   2.3530354e+01  -1.4000000e+01   1.2543755e+02   5.0445598e+01  -4.4000000e+01  -6.0000000e+01  -3.9909624e+00
   2.3837860e+01  -1.4000000e+01   1.2809215e+02   4.7609680e+01  -4.4000000e+01  -6.0000000e+01   7.7278239e-01
   2.4687163e+01  -1.4000000e+01   1.3060724e+02   4.4008580e+01  -4.4000000e+01  -6.0000000e+01   6.0186341e+00
   2.4172665e+01  -1.4000000e+01   1.3300494e+02   4.2798487e+01  -4.4000000e+01  -6.0000000e+01   8.7657493e+00
   2.4305663e+01  -1.4000000e+01   1.3457281e+02   4.0161096e+01  -4.4000000e+01  -6.0000000e+01   1.2304263e+01
   2.7152301e+01  -1.4000000e+01   1.3588092e+02   3.6372042e+01  -4.4000000e+01  -6.0000000e+01   1.5429484e+01
   2.6503958e+01  -1.4000000e+01   1.3987283e+02   3.4272428e+01  -4.4000000e+01  -6.0000000e+01   1.8746319e+01
   2.9407472e+01  -1.4000000e+01   1.4031415e+02   2.9126274e+01  -4.4000000e+01  -6.0000000e+01   2.2957482e+01
   3.1054534e+01  -1.4000000e+01   1.4202924e+02   2.3923301e+01  -4.4000000e+01  -6.0000000e+01   2.6465018e+01
   3.0030331e+01  -1.4000000e+01   1.4661252e+02   2.2145056e+01  -4.4000000e+01  -6.0000000e+01   3.0731393e+01
   2.9054746e+01  -1.4000000e+01   1.5497414e+02   1.7894352e+01  -4.4000000e+01  -6.0000000e+01   3.5383743e+01
   3.2534957e+01  -1.4000000e+01   1.5697307e+02   1.1819679e+01  -4.4000000e+01  -6.0000000e+01   3.8593321e+01
   3.3144960e+01  -1.4000000e+01   1.5923871e+02   8.9218164e+00  -4.4000000e+01  -6.0000000e+01   4.1274313e+01
   3.3231405e+01  -1.4000000e+01   1.6520702e+02   4.4816504e+00  -4.4000000e+01  -6.0000000e+01   4.6581785e+01
   3.2050165e+01  -1.4000000e+01   1.7252114e+02  -1.6372541e+00  -4.4000000e+01  -6.0000000e+01   4.9791520e+01
   3.2134966e+01  -1.4000000e+01   1.7440617e+02  -6.3106658e+00  -4.4000000e+01  -6.0000000e+01   5.2901025e+01
   3.1816727e+01  -1.4000000e+01   1.7780035e+02  -1.1425574e+01  -4.4000000e+01  -6.0000000e+01   5.6747048e+01
   2.7791687e+01  -1.4000000e+01   1.7901499e+02  -1.4490717e+01  -4.4000000e+01  -6.0000000e+01   5.3646209e+01
   2.5203544e+01  -1.4000000e+01   1.7275489e+02  -1.9425763e+01  -4.4000000e+01  -6.0000000e+01   5.0358837e+01
   2.2605732e+01  -1.4000000e+01   1.6877173e+02  -2.4654053e+01  -4.4000000e+01  -6.0000000e+01   4.3156829e+01
   2.0201564e+01  -1.4000000e+01   1.6104035e+02  -2.2919003e+01  -4.4000000e+01  -6.0000000e+01   3.3600172e+01
   1.7602440e+01  -1.4000000e+01   1.4958020e+02  -1.5216418e+01  -4.4000000e+01  -6.0000000e+01   2.4737261e+01
   1.4272008e+01  -1.4000000e+01   1.3793800e+02  -3.1651761e+00  -4.4000000e+01  -6.0000000e+01   1.9990613e+01
   1.0655053e+01  -1.4000000e+01   1.3187699e+02   9.4908955e+00  -4.4000000e+01  -6.0000000e+01   1.4149457e+01
   9.3225344e+00  -1.4000000e+01   1.2718808e+02   2.1083957e+01  -4.4000000e+01  -6.0000000e+01   4.6803786e+00
   9.8659066e+00  -1.4000000e+01   1.2363165e+02   2.9129871e+01  -4.4000000e+01  -6.0000000e+01  -4.2541737e+00
   1.1461767e+01  -1.4000000e+01   1.2049141e+02   3.4987248e+01  -4.4000000e+01  -6.0000000e+01  -1.3010739e+01
   1.2154890e+01  -1.4000000e+01   1.1792770e+02   3.9994590e+01  -4.4000000e+01  -6.0000000e+01  -2.1507218e+01
   1.4800801e+01  -1.4000000e+01   1.1590492e+02   4.6707662e+01  -4.4000000e+01  -6.0000000e+01  -2.8516052e+01
   1.6051652e+01  -1.4000000e+01   1.1435590e+02   5.3685933e+01  -4.4000000e+01  -6.0000000e+01  -3.4793413e+01
   1.6987871e+01  -1.4000000e+01   1.1446157e+02   6.2116046e+01  -4.4000000e+01  -6.0000000e+01  -3.4427897e+01
   1.8771823e+01  -1.4000000e+01   1.1424432e+02   6.3612969e+01  -4.4000000e+01  -6.0000000e+01  -3.2385870e+01
   1.9219160e+01  -1.4000000e+01   1.1640883e+02   6.0514372e+01  -4.4000000e+01  -6.0000000e+01  -2.5439081e+01
   1.9935370e+01  -1.4000000e+01   1.1882519e+02   5.6858488e+01  -4.4000000e+01  -6.0000000e+01  -1.8747964e+01
   1.9454267e+01  -1.4000000e+01   1.2234388e+02   5.3700676e+01  -4.4000000e+01  -6.0000000e+01  -1.2249661e+01
   2.0925308e+01  -1.4000000e+01   1.2405754e+02   4.9124641e+01  -4.4000000e+01  -6.0000000e+01  -4.3364946e+00
   2.0726383e+01  -1.4000000e+01   1.2671905e+02   4.6389644e+01  -4.4000000e+01  -6.0000000e+01   2.6026525e+00
   1.9741289e+01  -1.4000000e+01   1.2887661e+02   4.4992172e+01  -4.4000000e+01  -6.0000000e+01   6.8354107e+00
   1.8984649e+01  -1.4000000e+01   1.3186709e+02   4.2691495e+01  -4.4000000e+01  -6.0000000e+01   1.1361372e+01
   1.9348672e+01  -1.4000000e+01   1.3316167e+02   3.9950385e+01  -4.4000000e+01  -6.0000000e+01   1.6486762e+01
   2.1930445e+01  -1.4000000e+01   1.3458330e+02   3.7018258e+01  -4.4000000e+01  -6.0000000e+01   2.0626459e+01
   2.1786678e+01  -1.4000000e+01   1.3705131e+02   3.5101884e+01  -4.4000000e+01  -6.0000000e+01   2.4009222e+01
   2.2499215e+01  -1.4000000e+01   1.3747007e+02   3.1451617e+01  -4.4000000e+01  -6.0000000e+01   2.7132427e+01
   2.4154779e+01  -1.4000000e+01   1.4013861e+02   2.8999555e+01  -4.4000000e+01  -6.0000000e+01   2.8281744e+01
   2.6571027e+01  -1.4000000e+01   1.4187332e+02   2.6076733e+01  -4.4000000e+01  -6.0000000e+01   2.9405291e+01
   2.6326302e+01  -1.4000000e+01   1.4597412e+02   2.3144698e+01  -4.4000000e+01  -6.0000000e+01   3.2678242e+01
   2.7615464e+01  -1.4000000e+01   1.4829723e+02   2.0230880e+01  -4.4000000e+01  -6.0000000e+01   3.5309670e+01
   2.7550136e+01  -1.4000000e+01   1.5454984e+02   1.7332071e+01  -4.4000000e+01  -6.0000000e+01   4.0580807e+01
   2.7515757e+01  -1.4000000e+01   1.6061374e+02   1.2082315e+01  -4.4000000e+01  -6.0000000e+01   4.4670928e+01
   2.9284752e+01  -1.4000000e+01   1.6605668e+02   6.2225307e+00  -4.4000000e+01  -6.0000000e+01   4.6934573e+01
   3.1222852e+01  -1.4000000e+01   1.6876625e+02   1.5865206e+00  -4.4000000e+01  -6.0000000e+01   5.2219539e+01
   3.0760270e+01  -1.4000000e+01   1.6831888e+02  -5.8301343e-02  -4.4000000e+01  -6.0000000e+01   5.5938786e+01
   3.1334593e+01  -1.4000000e+01   1.7088402e+02  -3.4525561e+00  -4.4000000e+01  -6.0000000e+01   5.8868092e+01
   3.0442145e+01  -1.4000000e+01   1.7720882e+02  -8.8893979e+00  -4.4000000e+01  -6.0000000e+01   6.3954268e+01
   3.2066609e+01  -1.4000000e+01   1.8063401e+02  -1.3421323e+01  -4.4000000e+01  -6.0000000e+01   6.6179320e+01
   3.1935482e+01  -1.4000000e+01   1.7962764e+02  -1.3833118e+01  -4.4000000e+01  -6.0000000e+01   7.1700678e+01
   3.0924919e+01  -1.4000000e+01   1.7933367e+02  -1.2263072e+01  -4.4000000e+01  -6.0000000e+01   7.3749704e+01
   2.5165399e+01  -1.4000000e+01   1.8497143e+02  -1.4922483e+01  -4.4000000e+01  -6.0000000e+01   7.2445999e+01
   2.3327134e+01  -1.4000000e+01   1.7634513e+02  -1.6470654e+01  -4.4000000e+01  -6.0000000e+01   6.6134046e+01
   2.2410483e+01  -1.4000000e+01   1.6512074e+02  -1.4538813e+01  -4.4000000e+01  -6.0000000e+01   6.1508442e+01
   1.8450969e+01  -1.4000000e+01   1.5496844e+02  -1.2124018e+01  -4.4000000e+01  -6.0000000e+01   4.9370828e+01
   1.5793056e+01  -1.4000000e+01   1.4575689e+02  -9.1584093e+00  -4.4000000e+01  -6.0000000e+01   3.8296499e+01
   1.3221065e+01  -1.4000000e+01   1.3858613e+02   1.2314457e-01  -4.4000000e+01  -6.0000000e+01   2.6869765e+01
   8.7555639e+00  -1.4000000e+01   1.3424325e+02   1.0900678e+01  -4.4000000e+01  -6.0000000e+01   1.9628263e+01
   9.5713481e+00  -1.4000000e+01   1.2915353e+02   2.0345299e+01  -4.4000000e+01  -6.0000000e+01   9.7448768e+00
   9.4471149e+00  -1.4000000e+01   1.2555448e+02   2.9319303e+01  -4.4000000e+01  -6.0000000e+01   1.6853771e+00
   1.3142877e+01  -1.4000000e+01   1.2102510e+02   3.5849217e+01  -4.4000000e+01  -6.0000000e+01  -6.8725503e+00
   1.6392539e+01  -1.4000000e+01   1.1630070e+02   4.3755756e+01  -4.4000000e+01  -6.0000000e+01  -1.3939249e+01
   1.9816118e+01  -1.4000000e+01   1.1544846e+02   5.3871932e+01  -4.4000000e+01  -6.0000000e+01  -1.8026210e+01
   2.1448854e+01  -1.4000000e+01   1.1432196e+02   5.8062324e+01  -4.4000000e+01  -6.0000000e+01  -1.8837717e+01
   2.0584744e+01  -1.4000000e+01   1.1732213e+02   5.6368674e+01  -4.4000000e+01  -6.0000000e+01  -1.4838228e+01
   1.9770976e+01  -1.4000000e+01   1.2101273e+02   5.2590325e+01  -4.4000000e+01  -6.0000000e+01  -9.1716769e+00
   2.0614503e+01  -1.4000000e+01   1.2357814e+02   4.8490106e+01  -4.4000000e+01  -6.0000000e+01  -3.0690520e+00
   2.0805948e+01  -1.4000000e+01   1.2627618e+02   4.5241776e+01  -4.4000000e+01  -6.0000000e+01   2.8534590e+00
   2.0670242e+01  -1.4000000e+01   1.2818504e+02   4.2895667e+01  -4.4000000e+01  -6.0000000e+01   8.5450546e+00
   2.0304946e+01  -1.4000000e+01   1.3094143e+02   4.1136485e+01  -4.4000000e+01  -6.0000000e+01   1.3612829e+01
   1.9262840e+01  -1.4000000e+01   1.3524599e+02   3.7691313e+01  -4.4000000e+01  -6.0000000e+01   1.8708022e+01
   2.1765619e+01  -1.4000000e+01   1.3521138e+02   3.4288294e+01  -4.4000000e+01  -6.0000000e+01   2.3672289e+01
   2.1988708e+01  -1.4000000e+01   1.3628769e+02   3.1386894e+01  -4.4000000e+01  -6.0000000e+01   2.8013927e+01
   2.2146353e+01  -1.4000000e+01   1.3923607e+02   3.0284375e+01  -4.4000000e+01  -6.0000000e+01   3.0509522e+01
   2.3377450e+01  -1.4000000e+01   1.4343854e+02   2.8090648e+01  -4.4000000e+01  -6.0000000e+01   3.1975479e+01
   2.5276204e+01  -1.4000000e+01   1.4503036e+02   2.4376193e+01  -4.4000000e+01  -6.0000000e+01   3.4476293e+01
   2.8580368e+01  -1.4000000e+01   1.4611198e+02   2.0441983e+01  -4.4000000e+01  -6.0000000e+01   3.5724981e+01
   2.8878892e+01  -1.4000000e+01   1.4977366e+02   1.8153380e+01  -4.4000000e+01  -6.0000000e+01   3.9652289e+01
   2.8064044e+01  -1.4000000e+01   1.5395659e+02   1.4701040e+01  -4.4000000e+01  -6.0000000e+01   4.3619243e+01
   2.9746114e+01  -1.4000000e+01   1.6104750e+02   1.0395018e+01  -4.4000000e+01  -6.0000000e+01   4.6206606e+01
   3.1967523e+01  -1.4000000e+01   1.6652659e+02   4.4892638e+00  -4.4000000e+01  -6.0000000e+01   4.9926155e+01
   3.4259393e+01  -1.4000000e+01   1.6649931e+02   1.5068520e+00  -4.4000000e+01  -6.0000000e+01   5.3653382e+01
   3.3349627e+01  -1.4000000e+01   1.6933786e+02  -3.4114724e+00  -4.4000000e+01  -6.0000000e+01   5.7713358e+01
   3.2576821e+01  -1.4000000e+01   1.7128470e+02  -5.6062627e+00  -4.4000000e+01  -6.0000000e+01   6.2865038e+01
   3.4047846e+01  -1.4000000e+01   1.7225846e+02  -8.9659606e+00  -4.4000000e+01  -6.0000000e+01   6.4735545e+01
   3.3848058e+01  -1.4000000e+01   1.7659243e+02  -1.3339315e+01  -4.4000000e+01  -6.0000000e+01   6.7980787e+01
   3.1589163e+01  -1.4000000e+01   1.8150493e+02  -1.1005436e+01  -4.4000000e+01  -6.0000000e+01   6.9781173e+01
   2.8402185e+01  -1.4000000e+01   1.8276104e+02  -1.1826224e+01  -4.4000000e+01  -6.0000000e+01   6.6343973e+01
   2.5504620e+01  -1.4000000e+01   1.7485623e+02  -1.8138745e+01  -4.4000000e+01  -6.0000000e+01   5.9633208e+01
   2.1657820e+01  -1.4000000e+01   1.7181308e+02  -2.1573156e+01  -4.4000000e+01  -6.0000000e+01   5.2036244e+01
   2.0974073e+01  -1.4000000e+01   1.6278377e+02  -2.1158734e+01  -4.4000000e+01  -6.0000000e+01   4.1406055e+01
   1.9387413e+01  -1.4000000e+01   1.5231214e+02  -1.4944871e+01  -4.4000000e+01  -6.0000000e+01   3.1007815e+01
   1.4386821e+01  -1.4000000e+01   1.4106875e+02  -3.7978686e+00  -4.4000000e+01  -6.0000000e+01   2.5681890e+01
   1.0699945e+01  -1.4000000e+01   1.3297554e+02   8.7496421e+00  -4.4000000e+01  -6.0000000e+01   1.7722076e+01
   7.3703036e+00  -1.4000000e+01   1.2826914e+02   2.0614533e+01  -4.4000000e+01  -6.0000000e+01   8.0542549e+00
   9.1137570e+00  -1.4000000e+01   1.2445964e+02   2.8254066e+01  -4.4000000e+01  -6.0000000e+01   1.0224370e-01
   9.1296886e+00  -1.4000000e+01   1.2205182e+02   3.3257554e+01  -4.4000000e+01  -6.0000000e+01  -9.6293515e+00
   1.1881510e+01  -1.4000000e+01   1.1832668e+02   3.5825325e+01  -4.4000000e+01  -6.0000000e+01  -1.8757520e+01
   1.3943962e+01  -1.4000000e+01   1.1491063e+02   4.2176203e+01  -4.4000000e+01  -6.0000000e+01  -2.6820641e+01
   1.5915200e+01  -1.4000000e+01   1.1309562e+02   5.0851803e+01  -4.4000000e+01  -6.0000000e+01  -3.3450702e+01
   1.8737032e+01  -1.4000000e+01   1.1128630e+02   6.1556723e+01  -4.4000000e+01  -6.0000000e+01  -3.2676391e+01
   2.0422732e+01  -1.4000000e+01   1.1065473e+02   6.5568959e+01  -4.4000000e+01  -6.0000000e+01  -3.2801693e+01
   1.9547886e+01  -1.4000000e+01   1.1369447e+02   6.3484230e+01  -4.4000000e+01  -6.0000000e+01  -2.7460176e+01
   1.9957505e+01  -1.4000000e+01   1.1565443e+02   6.1011668e+01  -4.4000000e+01  -6.0000000e+01  -2.1966711e+01
   1.9676775e+01  -1.4000000e+01   1.1805179e+02   5.6905417e+01  -4.4000000e+01  -6.0000000e+01  -1.5697934e+01
   1.8899576e+01  -1.4000000e+01   1.2176020e+02   5.3911282e+01  -4.4000000e+01  -6.0000000e+01  -9.7390192e+00
   2.1242366e+01  -1.4000000e+01   1.2199847e+02   5.0330289e+01  -4.4000000e+01  -6.0000000e+01  -3.1006168e+00
   2.1401654e+01  -1.4000000e+01   1.2417161e+02   4.7207304e+01  -4.4000000e+01  -6.0000000e+01   3.8891365e+00
   2.1189954e+01  -1.4000000e+01   1.2598335e+02   4.5730745e+01  -4.4000000e+01  -6.0000000e+01   7.8730121e+00
   2.0295352e+01  -1.4000000e+01   1.2982913e+02   4.3866521e+01  -4.4000000e+01  -6.0000000e+01   1.2443485e+01
   2.0608813e+01  -1.4000000e+01   1.3235282e+02   4.1152404e+01  -4.4000000e+01  -6.0000000e+01   1.6921290e+01
   2.1102575e+01  -1.4000000e+01   1.3375948e+02   3.6758902e+01  -4.4000000e+01  -6.0000000e+01   2.1845459e+01
   2.3157211e+01  -1.4000000e+01   1.3549187e+02   3.4958867e+01  -4.4000000e+01  -6.0000000e+01   2.4103445e+01
   2.4986771e+01  -1.4000000e+01   1.3836153e+02   3.1123040e+01  -4.4000000e+01  -6.0000000e+01   2.6858584e+01
   2.7155537e+01  -1.4000000e+01   1.3965359e+02   2.5556288e+01  -4.4000000e+01  -6.0000000e+01   3.0725486e+01
   2.7173801e+01  -1.4000000e+01   1.4513288e+02   2.2300246e+01  -4.4000000e+01  -6.0000000e+01   3.2864003e+01
   2.9650105e+01  -1.4000000e+01   1.4821602e+02   1.7921726e+01  -4.4000000e+01  -6.0000000e+01   3.6004524e+01
   3.0038483e+01  -1.4000000e+01   1.5402842e+02   1.4544513e+01  -4.4000000e+01  -6.0000000e+01   3.8990480e+01
   3.1111933e+01  -1.4000000e+01   1.6057409e+02   8.9425988e+00  -4.4000000e+01  -6.0000000e+01   4.1157871e+01
   3.1053790e+01  -1.4000000e+01   1.6685768e+02   3.8532336e+00  -4.4000000e+01  -6.0000000e+01   4.5099819e+01
   3.3449685e+01  -1.4000000e+01   1.6826539e+02   4.1662843e-01  -4.4000000e+01  -6.0000000e+01   4.8785501e+01
   3.3038912e+01  -1.4000000e+01   1.7113951e+02  -1.0938015e+00  -4.4000000e+01  -6.0000000e+01   5.2879558e+01
   3.1912778e+01  -1.4000000e+01   1.7553019e+02  -4.7593802e+00  -4.4000000e+01  -6.0000000e+01   5.7132035e+01
   3.2518381e+01  -1.4000000e+01   1.8011248e+02  -8.4021859e+00  -4.4000000e+01  -6.0000000e+01   5.9255439e+01
   3.3434207e+01  -1.4000000e+01   1.8293009e+02  -1.1359004e+01  -4.4000000e+01  -6.0000000e+01   6.1055476e+01
   2.9794017e+01  -1.4000000e+01   1.8253375e+02  -1.2073312e+01  -4.4000000e+01  -6.0000000e+01   6.5015599e+01
   2.7346861e+01  -1.4000000e+01   1.7681968e+02  -1.7566541e+01  -4.4000000e+01  -6.0000000e+01   6.1110020e+01
   2.3703295e+01  -1.4000000e+01   1.7301204e+02  -1.9878111e+01  -4.4000000e+01  -6.0000000e+01   5.5019454e+01
   2.0367150e+01  -1.4000000e+01   1.6466716e+02  -1.8217183e+01  -4.4000000e+01  -6.0000000e+01   4.3342098e+01
   1.9379764e+01  -1.4000000e+01   1.5523418e+02  -1.4392389e+01  -4.4000000e+01  -6.0000000e+01   3.1697092e+01
   1.8803977e+01  -1.4000000e+01   1.4702961e+02  -7.0700672e+00  -4.4000000e+01  -6.0000000e+01   2.0792630e+01
   1.5204600e+01  -1.4000000e+01   1.3696752e+02   5.1645658e+00  -4.4000000e+01  -6.0000000e+01   1.2524533e+01
   1.0104303e+01  -1.4000000e+01   1.3095465e+02   1.7466837e+01  -4.4000000e+01  -6.0000000e+01   8.3383951e+00
   1.1878074e+01  -1.4000000e+01   1.2572788e+02   2.6387386e+01  -4.4000000e+01  -6.0000000e+01   8.2122462e-01
   1.4773118e+01  -1.4000000e+01   1.2172295e+02   3.3871729e+01  -4.4000000e+01  -6.0000000e+01  -8.6062733e+00
   1.7735107e+01  -1.4000000e+01   1.1820514e+02   4.1725418e+01  -4.4000000e+01  -6.0000000e+01  -1.7194127e+01
   1.8670830e+01  -1.4000000e+01   1.1578360e+02   5.1339645e+01  -4.4000000e+01  -6.0000000e+01  -2.3278750e+01
   2.2934893e+01  -1.4000000e+01   1.1381883e+02   6.1421955e+01  -4.4000000e+01  -6.0000000e+01  -2.6086326e+01
   2.2490917e+01  -1.4000000e+01   1.1692508e+02   6.1122125e+01  -4.4000000e+01  -6.0000000e+01  -2.5119292e+01
   2.3851433e+01  -1.4000000e+01   1.1869699e+02   5.8088130e+01  -4.4000000e+01  -6.0000000e+01  -2.0763255e+01
   2.3207610e+01  -1.4000000e+01   1.2230244e+02   5.4983150e+01  -4.4000000e+01  -6.0000000e+01  -1.5198642e+01
   2.3963209e+01  -1.4000000e+01   1.2370069e+02   5.1850289e+01  -4.4000000e+01  -6.0000000e+01  -9.5336131e+00
   2.3628152e+01  -1.4000000e+01   1.2672277e+02   4.8731516e+01  -4.4000000e+01  -6.0000000e+01  -3.9242384e+00
   2.3431485e+01  -1.4000000e+01   1.2882765e+02   4.6122191e+01  -4.4000000e+01  -6.0000000e+01   4.3732117e-01
   2.3140130e+01  -1.4000000e+01   1.3235276e+02   4.2582430e+01  -4.4000000e+01  -6.0000000e+01   5.5008928e+00
   2.3034703e+01  -1.4000000e+01   1.3445070e+02   4.0998536e+01  -4.4000000e+01  -6.0000000e+01   9.5861059e+00
   2.4390810e+01  -1.4000000e+01   1.3624749e+02   3.7149232e+01  -4.4000000e+01  -6.0000000e+01   1.5268483e+01
   2.6113026e+01  -1.4000000e+01   1.3715960e+02   3.5003076e+01  -4.4000000e+01  -6.0000000e+01   1.7822128e+01
   2.5112228e+01  -1.4000000e+01   1.4059013e+02   3.3541173e+01  -4.4000000e+01  -6.0000000e+01   2.1419499e+01
   2.6497908e+01  -1.4000000e+01   1.4291034e+02   2.9010162e+01  -4.4000000e+01  -6.0000000e+01   2.5458180e+01
   2.9913133e+01  -1.4000000e+01   1.4476528e+02   2.3648301e+01  -4.4000000e+01  -6.0000000e+01   2.8350196e+01
   3.1832422e+01  -1.4000000e+01   1.4603823e+02   2.2019854e+01  -4.4000000e+01  -6.0000000e+01   3.0042976e+01
   3.0171124e+01  -1.4000000e+01   1.4968229e+02   2.0456528e+01  -4.4000000e+01  -6.0000000e+01   3.4452714e+01
   3.2248817e+01  -1.4000000e+01   1.5094062e+02   1.6232922e+01  -4.4000000e+01  -6.0000000e+01   3.6216677e+01
   3.2508407e+01  -1.4000000e+01   1.5475429e+02   1.3725619e+01  -4.4000000e+01  -6.0000000e+01   3.9042464e+01
   3.3696871e+01  -1.4000000e+01   1.5573171e+02   1.0771689e+01  -4.4000000e+01  -6.0000000e+01   4.2242293e+01
   3.4842017e+01  -1.4000000e+01   1.6002807e+02   6.0804347e+00  -4.4000000e+01  -6.0000000e+01   4.7440898e+01
   3.3906362e+01  -1.4000000e+01   1.6698096e+02   2.5276912e+00  -4.4000000e+01  -6.0000000e+01   4.9703217e+01
   3.1838629e+01  -1.4000000e+01   1.7197779e+02  -2.4443891e+00  -4.4000000e+01  -6.0000000e+01   5.4987172e+01
   3.3355391e+01  -1.4000000e+01   1.7362568e+02  -9.1549176e+00  -4.4000000e+01  -6.0000000e+01   6.0588910e+01
   3.3644535e+01  -1.4000000e+01   1.7575243e+02  -1.4123537e+01  -4.4000000e+01  -6.0000000e+01   6.1468388e+01
   3.1254435e+01  -1.4000000e+01   1.7896599e+02  -1.1707129e+01  -4.4000000e+01  -6.0000000e+01   6.3193623e+01
   2.7514189e+01  -1.4000000e+01   1.8099077e+02  -1.2353015e+01  -4.4000000e+01  -6.0000000e+01   5.9293006e+01
   2.5862294e+01  -1.4000000e+01   1.7466331e+02  -1.6694343e+01  -4.4000000e+01  -6.0000000e+01   5.3685173e+01
   2.3387901e+01  -1.4000000e+01   1.7250459e+02  -1.7554359e+01  -4.4000000e+01  -6.0000000e+01   4.4965174e+01
   2.0588734e+01  -1.4000000e+01   1.6110813e+02  -1.2425740e+01  -4.4000000e+01  -6.0000000e+01   3.5314158e+01
   2.0252602e+01  -1.4000000e+01   1.5010440e+02  -3.2503766e+00  -4.4000000e+01  -6.0000000e+01   3.0334435e+01
   1.6030927e+01  -1.4000000e+01   1.3968815e+02   8.1372404e+00  -4.4000000e+01  -6.0000000e+01   2.3725605e+01
   1.2253235e+01  -1.4000000e+01   1.3227912e+02   1.9475110e+01  -4.4000000e+01  -6.0000000e+01   1.8514213e+01
   1.3421951e+01  -1.4000000e+01   1.2592186e+02   2.8295262e+01  -4.4000000e+01  -6.0000000e+01   8.8429917e+00
   1.3096488e+01  -1.4000000e+01   1.2405093e+02   3.2808618e+01  -4.4000000e+01  -6.0000000e+01   9.6963913e-01
   1.3859133e+01  -1.4000000e+01   1.2098511e+02   3.6275270e+01  -4.4000000e+01  -6.0000000e+01  -6.8448695e+00
   1.7417127e+01  -1.4000000e+01   1.1624227e+02   3.9878005e+01  -4.4000000e+01  -6.0000000e+01  -1.4890297e+01
   1.7795755e+01  -1.4000000e+01   1.1439043e+02   4.3428191e+01  -4.4000000e+01  -6.0000000e+01  -2.1551197e+01
   2.0095742e+01  -1.4000000e+01   1.1236154e+02   4.8838938e+01  -4.4000000e+01  -6.0000000e+01  -2.6735018e+01
   2.0321606e+01  -1.4000000e+01   1.1410286e+02   5.7880167e+01  -4.4000000e+01  -6.0000000e+01  -2.5521290e+01
   2.0122617e+01  -1.4000000e+01   1.1684758e+02   6.0221521e+01  -4.4000000e+01  -6.0000000e+01  -2.2581785e+01
   1.9899413e+01  -1.4000000e+01   1.1932887e+02   5.8059557e+01  -4.4000000e+01  -6.0000000e+01  -1.8208680e+01
   2.3093487e+01  -1.4000000e+01   1.1944801e+02   5.3997458e+01  -4.4000000e+01  -6.0000000e+01  -1.2719992e+01
   2.1348982e+01  -1.4000000e+01   1.2331340e+02   5.0966637e+01  -4.4000000e+01  -6.0000000e+01  -5.6610248e+00
   2.1709911e+01  -1.4000000e+01   1.2608865e+02   4.7723620e+01  -4.4000000e+01  -6.0000000e+01   5.4604321e-01
   2.1751955e+01  -1.4000000e+01   1.2758255e+02   4.5339932e+01  -4.4000000e+01  -6.0000000e+01   4.9509005e+00
   2.0429142e+01  -1.4000000e+01   1.2971556e+02   4.2981011e+01  -4.4000000e+01  -6.0000000e+01   1.0317419e+01
   1.9799446e+01  -1.4000000e+01   1.3243866e+02   4.0874180e+01  -4.4000000e+01  -6.0000000e+01   1.4437720e+01
   1.9551818e+01  -1.4000000e+01   1.3348438e+02   3.9425492e+01  -4.4000000e+01  -6.0000000e+01   1.7332905e+01
   1.9830886e+01  -1.4000000e+01   1.3569928e+02   3.7782802e+01  -4.4000000e+01  -6.0000000e+01   2.0905532e+01
   2.0534504e+01  -1.4000000e+01   1.3665070e+02   3.6722892e+01  -4.4000000e+01  -6.0000000e+01   2.4126373e+01
   2.0898448e+01  -1.4000000e+01   1.3705702e+02   3.4565745e+01  -4.4000000e+01  -6.0000000e+01   2.7069550e+01
   2.0285241e+01  -1.4000000e+01   1.3954499e+02   3.4133674e+01  -4.4000000e+01  -6.0000000e+01   2.8560633e+01
   2.2198489e+01  -1.4000000e+01   1.3939029e+02   3.1058105e+01  -4.4000000e+01  -6.0000000e+01   3.1395852e+01
   2.1979122e+01  -1.4000000e+01   1.4184332e+02   2.7864200e+01  -4.4000000e+01  -6.0000000e+01   3.5223932e+01
   2.3903702e+01  -1.4000000e+01   1.4360452e+02   2.3395788e+01  -4.4000000e+01  -6.0000000e+01   3.7075865e+01
   2.6738245e+01  -1.4000000e+01   1.4748278e+02   2.0724202e+01  -4.4000000e+01  -6.0000000e+01   3.8503679e+01
   2.7665935e+01  -1.4000000e+01   1.4983835e+02   1.8924080e+01  -4.4000000e+01  -6.0000000e+01   4.0169381e+01
   2.7744443e+01  -1.4000000e+01   1.5349895e+02   1.5885960e+01  -4.4000000e+01  -6.0000000e+01   4.4348541e+01
   2.9792577e+01  -1.4000000e+01   1.5750253e+02   9.4483391e+00  -4.4000000e+01  -6.0000000e+01   4.6825833e+01
   2.9705407e+01  -1.4000000e+01   1.6343826e+02   4.3882208e+00  -4.4000000e+01  -6.0000000e+01   4.8494505e+01
   3.2212959e+01  -1.4000000e+01   1.6444421e+02   1.9525210e+00  -4.4000000e+01  -6.0000000e+01   5.2527774e+01
   3.3947779e+01  -1.4000000e+01   1.6816043e+02  -1.5714050e+00  -4.4000000e+01  -6.0000000e+01   5.7344149e+01
   3.1341261e+01  -1.4000000e+01   1.7330524e+02  -6.1993239e+00  -4.4000000e+01  -6.0000000e+01   6.3011856e+01
   3.3119560e+01  -1.4000000e+01   1.7201962e+02  -9.9883158e+00  -4.4000000e+01  -6.0000000e+01   6.3696612e+01
   3.4081045e+01  -1.4000000e+01   1.7698159e+02  -1.4116228e+01  -4.4000000e+01  -6.0000000e+01   6.8168668e+01
   3.4970597e+01  -1.4000000e+01   1.7661431e+02  -1.2194304e+01  -4.4000000e+01  -6.0000000e+01   6.9074062e+01
   3.6052028e+01  -1.4000000e+01   1.7384589e+02  -1.0578319e+01  -4.4000000e+01  -6.0000000e+01   7.3305676e+01
   3.3503362e+01  -1.4000000e+01   1.7955164e+02  -7.0565520e+00  -4.4000000e+01  -6.0000000e+01   7.4064559e+01
   3.3714769e+01  -1.4000000e+01   1.8061352e+02  -6.2200760e+00  -4.4000000e+01  -6.0000000e+01   7.4116908e+01
   3.2051178e+01  -1.4000000e+01   1.7907878e+02  -5.8441398e+00  -4.4000000e+01  -6.0000000e+01   7.5478547e+01
   2.9594792e+01  -1.4000000e+01   1.8417246e+02  -7.0078604e+00  -4.4000000e+01  -6.0000000e+01   7.2782576e+01
   2.5575291e+01  -1.4000000e+01   1.7972939e+02  -1.4487091e+01  -4.4000000e+01  -6.0000000e+01   6.6150754e+01
   2.1084530e+01  -1.4000000e+01   1.7117860e+02  -2.1363210e+01  -4.4000000e+01  -6.0000000e+01   5.6333940e+01
   1.9912761e+01  -1.4000000e+01   1.6630554e+02  -2.3152735e+01  -4.4000000e+01  -6.0000000e+01   4.4707393e+01
   1.7690447e+01  -1.4000000e+01   1.5634149e+02  -1.4805128e+01  -4.4000000e+01  -6.0000000e+01   3.2804976e+01
   1.7367016e+01  -1.4000000e+01   1.4583802e+02  -3.2003672e+00  -4.4000000e+01  -6.0000000e+01   2.1444202e+01
   1.3505265e+01  -1.4000000e+01   1.3723366e+02   9.3821448e+00  -4.4000000e+01  -6.0000000e+01   1.3512394e+01
   1.2158341e+01  -1.4000000e+01   1.3271351e+02   2.0639999e+01  -4.4000000e+01  -6.0000000e+01   2.8271950e+00
   1.3119547e+01  -1.4000000e+01   1.2860787e+02   2.9273897e+01  -4.4000000e+01  -6.0000000e+01  -6.6412918e+00
   1.5290259e+01  -1.4000000e+01   1.2376528e+02   3.7416152e+01  -4.4000000e+01  -6.0000000e+01  -1.5464625e+01
   1.8116223e+01  -1.4000000e+01   1.1956107e+02   4.5879856e+01  -4.4000000e+01  -6.0000000e+01  -2.4240478e+01
   2.1588859e+01  -1.4000000e+01   1.1529947e+02   5.6214812e+01  -4.4000000e+01  -6.0000000e+01  -3.0210915e+01
   2.2425176e+01  -1.4000000e+01   1.1268497e+02   6.4745222e+01  -4.4000000e+01  -6.0000000e+01  -3.4058603e+01
   2.4487383e+01  -1.4000000e+01   1.1245099e+02   6.4790650e+01  -4.4000000e+01  -6.0000000e+01  -3.3846010e+01
   2.4336988e+01  -1.4000000e+01   1.1495447e+02   6.1183991e+01  -4.4000000e+01  -6.0000000e+01  -2.8519555e+01
   2.3991023e+01  -1.4000000e+01   1.1998022e+02   5.6181914e+01  -4.4000000e+01  -6.0000000e+01  -2.0792544e+01
   2.4894701e+01  -1.4000000e+01   1.2333377e+02   5.1209409e+01  -4.4000000e+01  -6.0000000e+01  -1.1914600e+01
   2.4335603e+01  -1.4000000e+01   1.2713554e+02   4.6619392e+01  -4.4000000e+01  -6.0000000e+01  -2.7647138e+00
   2.6963908e+01  -1.4000000e+01   1.2910397e+02   4.2479797e+01  -4.4000000e+01  -6.0000000e+01   3.7433403e+00
   2.2505673e+01  -1.4000000e+01   1.3627526e+02   3.8385928e+01  -4.4000000e+01  -6.0000000e+01   1.0599779e+01
   2.4070787e+01  -1.4000000e+01   1.3940880e+02   3.4160653e+01  -4.4000000e+01  -6.0000000e+01   1.6752950e+01
   2.7987940e+01  -1.4000000e+01   1.3912511e+02   2.9777613e+01  -4.4000000e+01  -6.0000000e+01   1.9620293e+01
   2.9532966e+01  -1.4000000e+01   1.4413969e+02   2.5915495e+01  -4.4000000e+01  -6.0000000e+01   2.4037705e+01
   3.0514408e+01  -1.4000000e+01   1.4696759e+02   2.0754876e+01  -4.4000000e+01  -6.0000000e+01   2.7647217e+01
   2.8550153e+01  -1.4000000e+01   1.5261907e+02   1.7615972e+01  -4.4000000e+01  -6.0000000e+01   3.2877934e+01
   2.9938474e+01  -1.4000000e+01   1.5682068e+02   1.4780288e+01  -4.4000000e+01  -6.0000000e+01   3.5716459e+01
   3.1185512e+01  -1.4000000e+01   1.5951256e+02   1.1445181e+01  -4.4000000e+01  -6.0000000e+01   3.8297358e+01
   3.2735400e+01  -1.4000000e+01   1.6531459e+02   4.8144077e+00  -4.4000000e+01  -6.0000000e+01   4.3688407e+01
   3.5117565e+01  -1.4000000e+01   1.6455421e+02   1.7267915e+00  -4.4000000e+01  -6.0000000e+01   4.8612476e+01
   3.3730080e+01  -1.4000000e+01   1.6921230e+02  -1.7510015e+00  -4.4000000e+01  -6.0000000e+01   5.3181237e+01
   3.3681689e+01  -1.4000000e+01   1.7168022e+02  -5.6698759e+00  -4.4000000e+01  -6.0000000e+01   5.8181185e+01
   3.4081226e+01  -1.4000000e+01   1.7231861e+02  -8.9388460e+00  -4.4000000e+01  -6.0000000e+01   6.3426896e+01
   3.4849258e+01  -1.4000000e+01   1.7294921e+02  -1.4304283e+01  -4.4000000e+01  -6.0000000e+01   6.6862529e+01
   3.2786725e+01  -1.4000000e+01   1.7566367e+02  -1.5424647e+01  -4.4000000e+01  -6.0000000e+01   7.2391211e+01
   3.3732589e+01  -1.4000000e+01   1.7474311e+02  -1.4862126e+01  -4.4000000e+01  -6.0000000e+01   7.3004695e+01
   3.3644842e+01  -1.4000000e+01   1.7748532e+02  -1.2092451e+01  -4.4000000e+01  -6.0000000e+01   7.3139257e+01
   3.1147093e+01  -1.4000000e+01   1.8145043e+02  -1.0941116e+01  -4.4000000e+01  -6.0000000e+01   7.1003291e+01
   2.7558068e+01  -1.4000000e+01   1.8440292e+02  -1.3090532e+01  -4.4000000e+01  -6.0000000e+01   6.6177813e+01
   2.5109583e+01  -1.4000000e+01   1.7741687e+02  -1.9049110e+01  -4.4000000e+01  -6.0000000e+01   5.7182574e+01
   2.3573611e+01  -1.4000000e+01   1.7520557e+02  -1.9758112e+01  -4.4000000e+01  -6.0000000e+01   4.8449059e+01
   1.9334719e+01  -1.4000000e+01   1.6328222e+02  -1.4644546e+01  -4.4000000e+01  -6.0000000e+01   3.8277248e+01
   1.6622449e+01  -1.4000000e+01   1.5122224e+02  -3.9092134e+00  -4.4000000e+01  -6.0000000e+01   3.2312524e+01
   1.1069232e+01  -1.4000000e+01   1.3942598e+02   8.0099297e+00  -4.4000000e+01  -6.0000000e+01   2.8191012e+01
   1.1802158e+01  -1.4000000e+01   1.3019273e+02   2.0505524e+01  -4.4000000e+01  -6.0000000e+01   1.9345041e+01
   1.0796239e+01  -1.4000000e+01   1.2624541e+02   3.1423806e+01  -4.4000000e+01  -6.0000000e+01   9.1892897e+00
   1.1314615e+01  -1.4000000e+01   1.2268647e+02   3.7223179e+01  -4.4000000e+01  -6.0000000e+01  -4.4450224e-01
   1.2946452e+01  -1.4000000e+01   1.2026271e+02   4.0714749e+01  -4.4000000e+01  -6.0000000e+01  -1.0043251e+01
   1.4186883e+01  -1.4000000e+01   1.1822868e+02   4.2891735e+01  -4.4000000e+01  -6.0000000e+01  -1.9186053e+01
   1.7816207e+01  -1.4000000e+01   1.1379085e+02   4.7545855e+01  -4.4000000e+01  -6.0000000e+01  -2.7263237e+01
   2.0498460e+01  -1.4000000e+01   1.1144906e+02   5.5218196e+01  -4.4000000e+01  -6.0000000e+01  -3.4367492e+01
   2.1997189e+01  -1.4000000e+01   1.0944615e+02   6.4499246e+01  -4.4000000e+01  -6.0000000e+01  -3.5992625e+01
   2.3128483e+01  -1.4000000e+01   1.0907369e+02   6.6309855e+01  -4.4000000e+01  -6.0000000e+01  -3.7094425e+01
   2.4370281e+01  -1.4000000e+01   1.1090290e+02   6.3430707e+01  -4.4000000e+01  -6.0000000e+01  -3.1704703e+01
   2.2391937e+01  -1.4000000e+01   1.1494843e+02   5.9332984e+01  -4.4000000e+01  -6.0000000e+01  -2.4796784e+01
   2.2920945e+01  -1.4000000e+01   1.1819722e+02   5.4729193e+01  -4.4000000e+01  -6.0000000e+01  -1.6482976e+01
   2.2691847e+01  -1.4000000e+01   1.2122179e+02   5.0384647e+01  -4.4000000e+01  -6.0000000e+01  -9.6414511e+00
   2.3025878e+01  -1.4000000e+01   1.2358110e+02   4.7531688e+01  -4.4000000e+01  -6.0000000e+01  -3.0722034e+00
   2.2006696e+01  -1.4000000e+01   1.2658253e+02   4.6571263e+01  -4.4000000e+01  -6.0000000e+01   1.7008373e+00
   2.1869058e+01  -1.4000000e+01   1.2849901e+02   4.3952653e+01  -4.4000000e+01  -6.0000000e+01   6.1685934e+00
   2.1955813e+01  -1.4000000e+01   1.2972816e+02   4.2876548e+01  -4.4000000e+01  -6.0000000e+01   9.7235110e+00
   2.2928579e+01  -1.4000000e+01   1.3025440e+02   4.0585897e+01  -4.4000000e+01  -6.0000000e+01   1.4456021e+01
   2.2728025e+01  -1.4000000e+01   1.3085102e+02   3.8103334e+01  -4.4000000e+01  -6.0000000e+01   1.8674995e+01
   2.1909815e+01  -1.4000000e+01   1.3439304e+02   3.6266679e+01  -4.4000000e+01  -6.0000000e+01   2.1669149e+01
   2.3986563e+01  -1.4000000e+01   1.3275794e+02   3.4875127e+01  -4.4000000e+01  -6.0000000e+01   2.2455369e+01
   2.4453525e+01  -1.4000000e+01   1.3325438e+02   3.3176641e+01  -4.4000000e+01  -6.0000000e+01   2.3861043e+01
   2.5916483e+01  -1.4000000e+01   1.3389355e+02   3.2759142e+01  -4.4000000e+01  -6.0000000e+01   2.4200745e+01
   2.6079101e+01  -1.4000000e+01   1.3661442e+02   3.0010075e+01  -4.4000000e+01  -6.0000000e+01   2.6770465e+01
   2.6406423e+01  -1.4000000e+01   1.4109590e+02   2.6387342e+01  -4.4000000e+01  -6.0000000e+01   3.0302778e+01
   2.8223142e+01  -1.4000000e+01   1.4439115e+02   2.2552980e+01  -4.4000000e+01  -6.0000000e+01   3.2174411e+01
   2.8385434e+01  -1.4000000e+01   1.4817580e+02   1.6308949e+01  -4.4000000e+01  -6.0000000e+01   3.7081987e+01
   2.7385117e+01  -1.4000000e+01   1.5587990e+02   1.2536712e+01  -4.4000000e+01  -6.0000000e+01   4.2102621e+01
   2.9168352e+01  -1.4000000e+01   1.6039307e+02   8.0301562e+00  -4.4000000e+01  -6.0000000e+01   4.6759469e+01
   3.0678016e+01  -1.4000000e+01   1.6502649e+02   3.0393896e+00  -4.4000000e+01  -6.0000000e+01   5.0751917e+01
   3.2251283e+01  -1.4000000e+01   1.6784322e+02  -3.7282877e-01  -4.4000000e+01  -6.0000000e+01   5.2533262e+01
   3.1754515e+01  -1.4000000e+01   1.6960972e+02  -2.1536308e+00  -4.4000000e+01  -6.0000000e+01   5.6568182e+01
   3.1567222e+01  -1.4000000e+01   1.7312386e+02  -4.7733094e+00  -4.4000000e+01  -6.0000000e+01   6.0765471e+01
   3.1181313e+01  -1.4000000e+01   1.7552841e+02  -8.2392730e+00  -4.4000000e+01  -6.0000000e+01   6.5436897e+01
   3.3225704e+01  -1.4000000e+01   1.7626019e+02  -1.0843414e+01  -4.4000000e+01  -6.0000000e+01   6.5144220e+01
   3.4426918e+01  -1.4000000e+01   1.7810635e+02  -1.0444257e+01  -4.4000000e+01  -6.0000000e+01   6.8308575e+01
   3.3115084e+01  -1.4000000e+01   1.8097927e+02  -9.4967581e+00  -4.4000000e+01  -6.0000000e+01   7.0454923e+01
   3.2571405e+01  -1.4000000e+01   1.8631227e+02  -8.2353889e+00  -4.4000000e+01  -6.0000000e+01   7.1742744e+01
   3.2615323e+01  -1.4000000e+01   1.8861060e+02  -8.0965487e+00  -4.4000000e+01  -6.0000000e+01   7.1966375e+01
   3.0664559e+01  -1.4000000e+01   1.8482858e+02  -8.4964495e+00  -4.4000000e+01  -6.0000000e+01   7.2800851e+01
   2.5850913e+01  -1.4000000e+01   1.8215918e+02  -1.3791093e+01  -4.4000000e+01  -6.0000000e+01   6.8558703e+01
   2.3737966e+01  -1.4000000e+01   1.8298538e+02  -1.6899432e+01  -4.4000000e+01  -6.0000000e+01   6.9567362e+01
   2.0221932e+01  -1.4000000e+01   1.7101922e+02  -1.1474277e+01  -4.4000000e+01  -6.0000000e+01   6.3417179e+01
   1.9591202e+01  -1.4000000e+01   1.5919341e+02  -5.9480594e+00  -4.4000000e+01  -6.0000000e+01   5.3424543e+01
   1.7134744e+01  -1.4000000e+01   1.4806497e+02  -7.1015380e-01  -4.4000000e+01  -6.0000000e+01   4.3812086e+01
   1.4337480e+01  -1.4000000e+01   1.4019596e+02   3.7227289e+00  -4.4000000e+01  -6.0000000e+01   3.1682785e+01
   1.2316879e+01  -1.4000000e+01   1.3499671e+02   7.4582325e+00  -4.4000000e+01  -6.0000000e+01   2.0268330e+01
   9.9546539e+00  -1.4000000e+01   1.3209770e+02   1.0712711e+01  -4.4000000e+01  -6.0000000e+01   1.3111195e+01
   7.3380791e+00  -1.4000000e+01   1.2998793e+02   1.5672615e+01  -4.4000000e+01  -6.0000000e+01   4.9851174e+00
   9.0313331e+00  -1.4000000e+01   1.2560457e+02   2.3548420e+01  -4.4000000e+01  -6.0000000e+01  -3.3303912e+00
   9.7187405e+00  -1.4000000e+01   1.2187091e+02   3.2660932e+01  -4.4000000e+01  -6.0000000e+01  -1.0643213e+01
   1.4262431e+01  -1.4000000e+01   1.1959445e+02   4.1447193e+01  -4.4000000e+01  -6.0000000e+01  -1.7434388e+01
   1.7708009e+01  -1.4000000e+01   1.1722834e+02   5.1975074e+01  -4.4000000e+01  -6.0000000e+01  -2.0716420e+01
   2.0640001e+01  -1.4000000e+01   1.1396710e+02   5.8974302e+01  -4.4000000e+01  -6.0000000e+01  -2.2692712e+01
   2.0816691e+01  -1.4000000e+01   1.1637120e+02   5.7583536e+01  -4.4000000e+01  -6.0000000e+01  -1.8929276e+01
   2.0559474e+01  -1.4000000e+01   1.2027714e+02   5.2670746e+01  -4.4000000e+01  -6.0000000e+01  -1.2564630e+01
   2.2947554e+01  -1.4000000e+01   1.2118388e+02   4.8610679e+01  -4.4000000e+01  -6.0000000e+01  -6.0131533e+00
   2.2292767e+01  -1.4000000e+01   1.2445506e+02   4.6248802e+01  -4.4000000e+01  -6.0000000e+01  -7.7316013e-01
   2.2652533e+01  -1.4000000e+01   1.2800238e+02   4.2683837e+01  -4.4000000e+01  -6.0000000e+01   5.5059990e+00
   2.0441662e+01  -1.4000000e+01   1.3251895e+02   3.9658848e+01  -4.4000000e+01  -6.0000000e+01   1.2977910e+01
   1.9529514e+01  -1.4000000e+01   1.3775116e+02   3.6008063e+01  -4.4000000e+01  -6.0000000e+01   1.9105221e+01
   1.9399866e+01  -1.4000000e+01   1.4055761e+02   3.3340306e+01  -4.4000000e+01  -6.0000000e+01   2.3334259e+01
   2.2820065e+01  -1.4000000e+01   1.4136263e+02   2.9915875e+01  -4.4000000e+01  -6.0000000e+01   2.6399634e+01
   2.4403613e+01  -1.4000000e+01   1.4571068e+02   2.4760989e+01  -4.4000000e+01  -6.0000000e+01   3.1155862e+01
   2.6891049e+01  -1.4000000e+01   1.4896333e+02   2.1118067e+01  -4.4000000e+01  -6.0000000e+01   3.2804256e+01
   2.8285271e+01  -1.4000000e+01   1.5617271e+02   1.4425902e+01  -4.4000000e+01  -6.0000000e+01   3.9215895e+01
   3.0173011e+01  -1.4000000e+01   1.6240250e+02   9.6749314e+00  -4.4000000e+01  -6.0000000e+01   4.2262528e+01
   3.1892076e+01  -1.4000000e+01   1.6508162e+02   6.5444786e+00  -4.4000000e+01  -6.0000000e+01   4.5984399e+01
   3.2619410e+01  -1.4000000e+01   1.6593452e+02   2.3415935e+00  -4.4000000e+01  -6.0000000e+01   5.1576299e+01
   3.3753418e+01  -1.4000000e+01   1.6740972e+02  -3.9132808e+00  -4.4000000e+01  -6.0000000e+01   5.7620572e+01
   3.3639236e+01  -1.4000000e+01   1.6660770e+02  -3.9146729e+00  -4.4000000e+01  -6.0000000e+01   6.4325870e+01
   3.5617714e+01  -1.4000000e+01   1.6541606e+02  -4.2139153e+00  -4.4000000e+01  -6.0000000e+01   6.6845066e+01
   3.4838369e+01  -1.4000000e+01   1.6850279e+02  -6.5194808e+00  -4.4000000e+01  -6.0000000e+01   6.8934400e+01
   3.6279194e+01  -1.4000000e+01   1.6680111e+02  -6.3846591e+00  -4.4000000e+01  -6.0000000e+01   7.3781110e+01
   3.5117759e+01  -1.4000000e+01   1.6905101e+02  -6.1581527e+00  -4.4000000e+01  -6.0000000e+01   7.4104198e+01
   3.5295256e+01  -1.4000000e+01   1.7198052e+02  -5.2394695e+00  -4.4000000e+01  -6.0000000e+01   7.4142413e+01
   3.3293046e+01  -1.4000000e+01   1.7900392e+02  -7.1627165e+00  -4.4000000e+01  -6.0000000e+01   7.5732716e+01
   3.1102115e+01  -1.4000000e+01   1.8505853e+02  -1.1838334e+01  -4.4000000e+01  -6.0000000e+01   7.1988921e+01
   2.8071441e+01  -1.4000000e+01   1.8357812e+02  -1.2054111e+01  -4.4000000e+01  -6.0000000e+01   6.8733793e+01
   2.4982753e+01  -1.4000000e+01   1.7731333e+02  -1.7971168e+01  -4.4000000e+01  -6.0000000e+01   5.8900778e+01
   2.1410250e+01  -1.4000000e+01   1.7080375e+02  -2.2432346e+01  -4.4000000e+01  -6.0000000e+01   4.9518973e+01
   1.8123392e+01  -1.4000000e+01   1.6086179e+02  -1.8163688e+01  -4.4000000e+01  -6.0000000e+01   3.9274174e+01
   1.5803394e+01  -1.4000000e+01   1.4941808e+02  -8.1342383e+00  -4.4000000e+01  -6.0000000e+01   3.0180036e+01
   1.1086879e+01  -1.4000000e+01   1.3735853e+02   3.7797939e+00  -4.4000000e+01  -6.0000000e+01   2.3113591e+01
