  -1.3149473e+01   2.0907491e+01   1.0515673e+02   3.9424927e+01  -2.1266064e+01  -2.4562851e+01  -2.5960541e+01
  -1.3656173e+00   6.9166691e+00   1.1005806e+02   3.5173890e+01  -2.0502442e+01  -2.7487943e+01  -1.9628457e+01
   1.0418239e+01  -7.0741528e+00   1.1495939e+02   3.0922852e+01  -1.9738820e+01  -3.0413034e+01  -1.3296374e+01
   1.3578944e+01  -1.4000000e+01   1.2895926e+02   2.3463591e+01  -2.9764029e+01  -3.2095222e+01  -8.8202955e+00
   1.6739649e+01  -2.0925847e+01   1.4295913e+02   1.6004330e+01  -3.9789238e+01  -3.3777410e+01  -4.3442174e+00
   1.9906481e+01  -1.4000000e+01   1.4400000e+02   8.6524873e+00  -4.9772815e+01  -3.5374513e+01   1.7680394e-01
   2.0671974e+01  -1.4000000e+01   1.4400000e+02   1.4533557e+01  -5.2241578e+01  -3.0037825e+01   8.3174298e+00
   2.0880910e+01  -1.4000000e+01   1.4400000e+02   1.3509364e+01  -5.0812619e+01  -3.1220325e+01   1.2409596e+01
   2.2949835e+01  -1.4000000e+01   1.4400000e+02   1.2208811e+01  -5.0075507e+01  -3.4448862e+01   1.7397546e+01
   2.6075406e+01  -1.4000000e+01   1.4400000e+02   1.1808135e+01  -4.8944418e+01  -3.8285083e+01   2.1125143e+01
   2.9730223e+01  -1.4000000e+01   1.4400000e+02   1.0526955e+01  -4.7951375e+01  -4.3287451e+01   2.7000195e+01
   3.1662730e+01  -1.4000000e+01   1.4400000e+02   1.2074287e+01  -4.6923564e+01  -4.8044203e+01   3.1118311e+01
   3.2870794e+01  -1.4000000e+01   1.4400000e+02   1.3014409e+01  -4.4087454e+01  -5.3408181e+01   3.6177425e+01
   3.1308425e+01  -1.4000000e+01   1.4400000e+02   1.5838370e+01  -4.3546367e+01  -5.6526927e+01   4.1307100e+01
   3.2859495e+01  -1.4000000e+01   1.4400000e+02   1.6900636e+01  -4.3473924e+01  -6.1071991e+01   4.6454460e+01
   3.5431360e+01  -1.4000000e+01   1.4400000e+02   1.8016635e+01  -4.3123267e+01  -6.5512801e+01   5.2632225e+01
   3.4419899e+01  -1.4000000e+01   1.4400000e+02   1.7277420e+01  -4.4593450e+01  -7.0328541e+01   5.8292501e+01
   3.3385564e+01  -1.4000000e+01   1.4400000e+02   1.7948364e+01  -4.3996488e+01  -7.3956516e+01   6.3692200e+01
   3.3398933e+01  -1.4000000e+01   1.4400000e+02   1.7911407e+01  -4.3784032e+01  -7.7838175e+01   6.8208443e+01
   3.2944324e+01  -1.4000000e+01   1.4400000e+02   1.8061011e+01  -4.3615906e+01  -8.1275430e+01   7.2447175e+01
   3.0899917e+01  -1.4000000e+01   1.4400000e+02   1.8175076e+01  -4.3981354e+01  -8.4564304e+01   7.7351039e+01
   2.6794390e+01  -1.4000000e+01   1.4400000e+02   2.1192673e+01  -4.4347835e+01  -8.6273478e+01   7.8514121e+01
   2.4632230e+01  -1.4000000e+01   1.4400000e+02   2.3920229e+01  -4.4514766e+01  -8.9203458e+01   7.5688065e+01
   2.3127275e+01  -1.4000000e+01   1.4400000e+02   2.1177263e+01  -4.2230460e+01  -9.3651754e+01   6.6103876e+01
   1.7866495e+01  -1.4000000e+01   1.4400000e+02   1.8718013e+01  -4.2474258e+01  -9.5984880e+01   5.4945090e+01
   1.5616071e+01  -1.4000000e+01   1.4400000e+02   1.8757083e+01  -4.3628664e+01  -9.0850284e+01   4.2655400e+01
   9.5509870e+00  -1.4000000e+01   1.4400000e+02   2.4712534e+01  -4.7343468e+01  -8.1950962e+01   3.0494204e+01
   5.8801770e+00  -1.4000000e+01   1.4400000e+02   3.0986478e+01  -5.4731693e+01  -7.3389363e+01   2.1579665e+01
   1.5895723e+00  -1.4000000e+01   1.4400000e+02   3.6045029e+01  -5.7311072e+01  -6.5311362e+01   1.3097051e+01
  -2.5095184e-01  -1.4000000e+01   1.4400000e+02   3.6953357e+01  -5.8193316e+01  -5.8226957e+01   5.9665596e+00
  -1.6494470e+00  -1.4000000e+01   1.4400000e+02   3.6907204e+01  -5.8664224e+01  -5.1374134e+01  -6.7447394e-01
  -9.7430071e-01  -1.4000000e+01   1.4400000e+02   3.6412592e+01  -5.6962073e+01  -4.4434501e+01  -7.4421063e+00
   1.3781643e+00  -1.4000000e+01   1.4400000e+02   3.8468535e+01  -5.4794398e+01  -3.6369391e+01  -1.1733490e+01
   4.4176010e+00  -1.4000000e+01   1.4400000e+02   3.6636112e+01  -5.3057816e+01  -3.0601567e+01  -1.3734721e+01
   7.8426336e+00  -1.4000000e+01   1.4400000e+02   3.1858922e+01  -5.3748354e+01  -2.7811737e+01  -1.2204767e+01
   9.4981856e+00  -1.4000000e+01   1.4400000e+02   2.6508415e+01  -5.2495590e+01  -2.6734535e+01  -8.0810869e+00
   1.2508516e+01  -1.4000000e+01   1.4400000e+02   2.2282711e+01  -5.2030047e+01  -2.6523491e+01  -2.8407260e+00
   1.4355063e+01  -1.4000000e+01   1.4400000e+02   1.8540051e+01  -5.0823104e+01  -2.6843608e+01   2.8444483e+00
   1.6022174e+01  -1.4000000e+01   1.4400000e+02   1.6203424e+01  -4.9870941e+01  -2.7781704e+01   7.1845212e+00
   1.7774121e+01  -1.4000000e+01   1.4400000e+02   1.4607078e+01  -5.0294974e+01  -2.8733577e+01   1.1158426e+01
   1.9704024e+01  -1.4000000e+01   1.4400000e+02   1.3817295e+01  -5.0929880e+01  -3.0628013e+01   1.4607550e+01
   2.1459268e+01  -1.4000000e+01   1.4400000e+02   1.2470408e+01  -5.1790187e+01  -3.3004379e+01   1.9536601e+01
   2.3597802e+01  -1.4000000e+01   1.4400000e+02   1.3594404e+01  -5.0842660e+01  -3.6230315e+01   2.0833476e+01
   2.4427248e+01  -1.4000000e+01   1.4400000e+02   1.3844532e+01  -5.1185419e+01  -3.8845210e+01   2.3344205e+01
   2.6019643e+01  -1.4000000e+01   1.4400000e+02   1.3732646e+01  -5.0217414e+01  -4.1622537e+01   2.4929679e+01
   2.8292162e+01  -1.4000000e+01   1.4400000e+02   1.4525416e+01  -4.8813968e+01  -4.5400576e+01   2.6658764e+01
   2.9279509e+01  -1.4000000e+01   1.4400000e+02   1.5739351e+01  -4.7751627e+01  -4.9923716e+01   3.0376180e+01
   2.9629481e+01  -1.4000000e+01   1.4400000e+02   1.8566273e+01  -4.7103445e+01  -5.4008610e+01   3.5181904e+01
   2.8340722e+01  -1.4000000e+01   1.4400000e+02   1.8919461e+01  -4.4578591e+01  -5.9012614e+01   4.0573348e+01
   2.8484374e+01  -1.4000000e+01   1.4400000e+02   1.9691183e+01  -4.4457776e+01  -6.2717468e+01   4.4137109e+01
   3.3098896e+01  -1.4000000e+01   1.4400000e+02   2.1570618e+01  -4.3648579e+01  -6.6951509e+01   4.7176673e+01
   3.5459141e+01  -1.4000000e+01   1.4400000e+02   2.2960186e+01  -4.2907501e+01  -7.1589631e+01   5.1108301e+01
   3.6609445e+01  -1.4000000e+01   1.4400000e+02   2.3932090e+01  -4.2481774e+01  -7.6655850e+01   5.3965692e+01
   3.5474014e+01  -1.4000000e+01   1.4400000e+02   2.3644159e+01  -4.5219740e+01  -8.1504356e+01   6.0220369e+01
   3.6008542e+01  -1.4000000e+01   1.4400000e+02   2.3978100e+01  -4.6449670e+01  -8.5648655e+01   6.5555793e+01
   3.3515667e+01  -1.4000000e+01   1.4400000e+02   2.6051067e+01  -4.6830629e+01  -8.8616337e+01   7.0058881e+01
   3.4307060e+01  -1.4000000e+01   1.4400000e+02   2.5254814e+01  -4.9235400e+01  -9.2510691e+01   7.5989043e+01
   3.3095238e+01  -1.4000000e+01   1.4400000e+02   2.8190596e+01  -4.9970266e+01  -9.4637401e+01   7.9460995e+01
   3.0171430e+01  -1.4000000e+01   1.4400000e+02   3.2677805e+01  -5.0138823e+01  -9.6486013e+01   8.1355679e+01
   2.7747619e+01  -1.4000000e+01   1.4400000e+02   3.8116838e+01  -5.0038927e+01  -9.8732417e+01   8.2120046e+01
   2.4226389e+01  -1.4000000e+01   1.4400000e+02   4.1880009e+01  -5.0158815e+01  -1.0296916e+02   7.7569194e+01
   2.2643730e+01  -1.4000000e+01   1.4400000e+02   4.0218901e+01  -4.7533544e+01  -1.0858223e+02   6.8061127e+01
   2.1327623e+01  -1.4000000e+01   1.4400000e+02   3.6112456e+01  -4.2837713e+01  -1.1265159e+02   5.6092930e+01
   1.7901516e+01  -1.4000000e+01   1.4400000e+02   3.3144148e+01  -4.2101052e+01  -1.0879105e+02   4.3954104e+01
   1.2253568e+01  -1.4000000e+01   1.4400000e+02   3.8705825e+01  -4.7522851e+01  -9.9476508e+01   3.2026201e+01
   6.8463090e+00  -1.4000000e+01   1.4400000e+02   4.6840794e+01  -5.1139603e+01  -8.9301467e+01   2.2664832e+01
   2.4490352e+00  -1.4000000e+01   1.4400000e+02   5.2264347e+01  -5.4108422e+01  -8.0206490e+01   1.6059167e+01
   9.2885755e-02  -1.4000000e+01   1.4400000e+02   5.3241593e+01  -5.3968510e+01  -7.2101046e+01   9.0693226e+00
  -2.6108946e+00  -1.4000000e+01   1.4400000e+02   5.2779633e+01  -5.3768516e+01  -6.4396120e+01   2.8591123e+00
  -3.9878343e+00  -1.4000000e+01   1.4400000e+02   4.9313479e+01  -5.3446243e+01  -5.7518433e+01  -3.2508500e+00
  -4.1360962e+00  -1.4000000e+01   1.4400000e+02   4.7137734e+01  -5.1888610e+01  -5.0034152e+01  -9.7843400e+00
  -6.1127510e-01  -1.4000000e+01   1.4400000e+02   4.6661904e+01  -4.9144062e+01  -4.2158685e+01  -1.4279009e+01
   1.6016331e+00  -1.4000000e+01   1.4400000e+02   4.2676055e+01  -4.8928818e+01  -3.6962072e+01  -1.5760498e+01
   3.4883503e+00  -1.4000000e+01   1.4400000e+02   3.7972203e+01  -5.0078492e+01  -3.3386175e+01  -1.1498758e+01
   5.8110757e+00  -1.4000000e+01   1.4400000e+02   3.2424375e+01  -5.0277859e+01  -3.1699836e+01  -6.7884809e+00
   8.2295395e+00  -1.4000000e+01   1.4400000e+02   2.7792056e+01  -5.0482882e+01  -3.0365279e+01  -2.1135951e+00
   1.1102483e+01  -1.4000000e+01   1.4400000e+02   2.3659060e+01  -5.1968314e+01  -2.9295273e+01   3.1731761e+00
   1.4256426e+01  -1.4000000e+01   1.4400000e+02   2.1148647e+01  -5.3236087e+01  -2.9221542e+01   7.0416754e+00
   1.5034442e+01  -1.4000000e+01   1.4400000e+02   1.8714607e+01  -5.2935240e+01  -2.9893383e+01   1.1890403e+01
   1.6344106e+01  -1.4000000e+01   1.4400000e+02   1.8360381e+01  -5.3790640e+01  -3.1511135e+01   1.6370014e+01
   1.8557634e+01  -1.4000000e+01   1.4400000e+02   1.7019672e+01  -5.2481070e+01  -3.4748507e+01   1.9416848e+01
   1.9371419e+01  -1.4000000e+01   1.4400000e+02   1.6183363e+01  -5.0921210e+01  -3.7697574e+01   2.2268442e+01
   2.2859492e+01  -1.4000000e+01   1.4400000e+02   1.6015555e+01  -5.2219934e+01  -4.0675871e+01   2.4206680e+01
   2.6778604e+01  -1.4000000e+01   1.4400000e+02   1.5573106e+01  -5.1656503e+01  -4.5580703e+01   2.6543692e+01
   2.8193855e+01  -1.4000000e+01   1.4400000e+02   1.8509062e+01  -5.1277500e+01  -5.0159790e+01   2.8782761e+01
   2.9592470e+01  -1.4000000e+01   1.4400000e+02   1.8367593e+01  -5.0360990e+01  -5.4941835e+01   3.3131765e+01
   2.9411702e+01  -1.4000000e+01   1.4400000e+02   1.9575058e+01  -4.8470335e+01  -5.8712370e+01   3.8756236e+01
   3.1324532e+01  -1.4000000e+01   1.4400000e+02   2.0007583e+01  -4.8869900e+01  -6.3694313e+01   4.1569992e+01
   3.2043931e+01  -1.4000000e+01   1.4400000e+02   2.2444889e+01  -4.7767626e+01  -6.7318880e+01   4.7022940e+01
   3.2144862e+01  -1.4000000e+01   1.4400000e+02   2.5525970e+01  -4.6464494e+01  -7.0598856e+01   5.1925767e+01
   3.3813649e+01  -1.4000000e+01   1.4400000e+02   2.7282733e+01  -4.7369552e+01  -7.5087150e+01   5.6955374e+01
   3.3449042e+01  -1.4000000e+01   1.4400000e+02   2.8257661e+01  -4.7346793e+01  -7.9840462e+01   6.3509569e+01
   3.4125062e+01  -1.4000000e+01   1.4400000e+02   2.8845366e+01  -5.0043764e+01  -8.5010203e+01   6.8019280e+01
   3.2834740e+01  -1.4000000e+01   1.4400000e+02   3.0202013e+01  -5.0491675e+01  -8.9871518e+01   7.2444009e+01
   2.7665903e+01  -1.4000000e+01   1.4400000e+02   3.3798018e+01  -5.0285184e+01  -9.3987436e+01   7.2769666e+01
   2.5872177e+01  -1.4000000e+01   1.4400000e+02   3.5259130e+01  -4.3480364e+01  -9.8182470e+01   6.6663158e+01
   2.3617306e+01  -1.4000000e+01   1.4400000e+02   3.1507874e+01  -3.9354746e+01  -1.0427488e+02   5.7575383e+01
   2.0176742e+01  -1.4000000e+01   1.4400000e+02   3.0301001e+01  -3.9360976e+01  -1.0740121e+02   4.6781855e+01
   1.8467145e+01  -1.4000000e+01   1.4400000e+02   2.7834812e+01  -4.1935201e+01  -1.0275046e+02   3.4705885e+01
   1.3926619e+01  -1.4000000e+01   1.4400000e+02   3.2472282e+01  -5.0728661e+01  -9.3833580e+01   2.3509361e+01
   7.7465307e+00  -1.4000000e+01   1.4400000e+02   3.9171231e+01  -5.4308056e+01  -8.4175928e+01   1.6382406e+01
   3.1789534e+00  -1.4000000e+01   1.4400000e+02   4.4096125e+01  -5.6826508e+01  -7.5428639e+01   1.0021594e+01
   1.1256081e+00  -1.4000000e+01   1.4400000e+02   4.5166054e+01  -5.7480175e+01  -6.7428518e+01   3.9483266e+00
  -1.6972855e+00  -1.4000000e+01   1.4400000e+02   4.6036573e+01  -5.8236648e+01  -5.9495316e+01  -2.1807031e+00
  -3.0565424e+00  -1.4000000e+01   1.4400000e+02   4.3319673e+01  -5.8209222e+01  -5.2679349e+01  -8.5142753e+00
  -1.4509420e+00  -1.4000000e+01   1.4400000e+02   4.2914750e+01  -5.7307068e+01  -4.4913486e+01  -1.3263605e+01
   1.3474071e+00  -1.4000000e+01   1.4400000e+02   4.4102033e+01  -5.4605131e+01  -3.6863077e+01  -1.7354126e+01
   3.1747124e+00  -1.4000000e+01   1.4400000e+02   4.0839943e+01  -5.4598786e+01  -3.1154217e+01  -1.7219969e+01
   4.6393845e+00  -1.4000000e+01   1.4400000e+02   3.5799570e+01  -5.4290519e+01  -2.8174397e+01  -1.3220700e+01
   6.2072521e+00  -1.4000000e+01   1.4400000e+02   3.0462887e+01  -5.2763307e+01  -2.6573367e+01  -9.5913954e+00
   8.4943718e+00  -1.4000000e+01   1.4400000e+02   2.5811335e+01  -5.1932032e+01  -2.5367247e+01  -6.1320574e+00
   1.0673342e+01  -1.4000000e+01   1.4400000e+02   2.2128431e+01  -5.1983278e+01  -2.4493468e+01  -2.3798962e+00
   1.3135629e+01  -1.4000000e+01   1.4400000e+02   1.8941942e+01  -5.1898991e+01  -2.4923383e+01   2.0812897e+00
   1.5420100e+01  -1.4000000e+01   1.4400000e+02   1.6762951e+01  -5.3262330e+01  -2.5189741e+01   6.0996558e+00
   1.6927598e+01  -1.4000000e+01   1.4400000e+02   1.5226906e+01  -5.3545836e+01  -2.6395834e+01   9.6384313e+00
   1.7615330e+01  -1.4000000e+01   1.4400000e+02   1.5208242e+01  -5.2949904e+01  -2.8888165e+01   1.3203866e+01
   1.9401006e+01  -1.4000000e+01   1.4400000e+02   1.4061566e+01  -5.2316242e+01  -3.2042170e+01   1.7201392e+01
   2.2253705e+01  -1.4000000e+01   1.4400000e+02   1.2738081e+01  -5.3172114e+01  -3.4950008e+01   2.0726547e+01
   2.4909661e+01  -1.4000000e+01   1.4400000e+02   1.2032434e+01  -5.3419143e+01  -3.7276862e+01   2.3263734e+01
   2.8345157e+01  -1.4000000e+01   1.4400000e+02   1.0380358e+01  -5.2163304e+01  -4.0651809e+01   2.5909084e+01
   2.8290467e+01  -1.4000000e+01   1.4400000e+02   1.2183996e+01  -5.0145428e+01  -4.4343614e+01   2.8831134e+01
   3.0461557e+01  -1.4000000e+01   1.4400000e+02   1.1937465e+01  -4.8101644e+01  -4.9012183e+01   3.3255035e+01
   3.2046247e+01  -1.4000000e+01   1.4400000e+02   1.2623465e+01  -4.7860641e+01  -5.2915657e+01   3.7128924e+01
   3.2235595e+01  -1.4000000e+01   1.4400000e+02   1.3877255e+01  -4.7360058e+01  -5.6427790e+01   4.0853052e+01
   3.2554443e+01  -1.4000000e+01   1.4400000e+02   1.6752989e+01  -4.5792024e+01  -5.9918944e+01   4.5891684e+01
   3.3267108e+01  -1.4000000e+01   1.4400000e+02   1.7288277e+01  -4.5334479e+01  -6.3949103e+01   5.0798482e+01
   3.2901052e+01  -1.4000000e+01   1.4400000e+02   1.8051498e+01  -4.4637671e+01  -6.7811336e+01   5.5476752e+01
   3.1685195e+01  -1.4000000e+01   1.4400000e+02   1.7797810e+01  -4.4105699e+01  -7.2274182e+01   6.0719066e+01
   3.1386903e+01  -1.4000000e+01   1.4400000e+02   1.5887568e+01  -4.6378906e+01  -7.6618588e+01   6.6133765e+01
   3.2679184e+01  -1.4000000e+01   1.4400000e+02   1.4306036e+01  -4.8024105e+01  -8.0378966e+01   7.0710824e+01
   3.1095212e+01  -1.4000000e+01   1.4400000e+02   1.5904499e+01  -4.8251749e+01  -8.2193205e+01   7.4118031e+01
   2.7644204e+01  -1.4000000e+01   1.4400000e+02   1.9306686e+01  -4.7619347e+01  -8.4235950e+01   7.5118324e+01
   2.4533027e+01  -1.4000000e+01   1.4400000e+02   1.8031222e+01  -4.6205067e+01  -8.8610661e+01   6.8962553e+01
   2.2077181e+01  -1.4000000e+01   1.4400000e+02   1.5321582e+01  -4.2514886e+01  -9.2765678e+01   5.9661308e+01
   1.9612632e+01  -1.4000000e+01   1.4400000e+02   1.4528685e+01  -3.7936451e+01  -9.2919327e+01   4.7705659e+01
   1.6890998e+01  -1.4000000e+01   1.4400000e+02   1.1899587e+01  -4.0165606e+01  -8.8804622e+01   3.5448608e+01
   1.1681224e+01  -1.4000000e+01   1.4400000e+02   1.9423758e+01  -4.9356297e+01  -7.9540152e+01   2.3738089e+01
   6.4088658e+00  -1.4000000e+01   1.4400000e+02   2.6216710e+01  -5.6829159e+01  -7.1433521e+01   1.5428280e+01
   1.5898839e+00  -1.4000000e+01   1.4400000e+02   3.0938716e+01  -6.0552873e+01  -6.3982094e+01   9.2751661e+00
   4.9748622e-02  -1.4000000e+01   1.4400000e+02   3.1603441e+01  -6.1468469e+01  -5.7527992e+01   3.2455374e+00
  -9.7381784e-01  -1.4000000e+01   1.4400000e+02   3.1599087e+01  -6.1943065e+01  -5.0788181e+01  -2.8057162e+00
  -1.7539624e+00  -1.4000000e+01   1.4400000e+02   3.0992511e+01  -6.1061365e+01  -4.4106312e+01  -9.0298154e+00
  -1.5675218e+00  -1.4000000e+01   1.4400000e+02   3.1601517e+01  -5.8358433e+01  -3.6889623e+01  -1.4899356e+01
   2.0315863e-01  -1.4000000e+01   1.4400000e+02   3.2485972e+01  -5.4803409e+01  -2.9708940e+01  -1.7696614e+01
   2.9648903e+00  -1.4000000e+01   1.4400000e+02   3.1905507e+01  -5.2826131e+01  -2.3826800e+01  -1.7252057e+01
   4.7171204e+00  -1.4000000e+01   1.4400000e+02   2.7913665e+01  -5.2379576e+01  -2.1270028e+01  -1.3409929e+01
   5.8866986e+00  -1.4000000e+01   1.4400000e+02   2.3465678e+01  -5.0993593e+01  -2.0626357e+01  -8.1207138e+00
   8.1901478e+00  -1.4000000e+01   1.4400000e+02   1.9717225e+01  -5.0861176e+01  -2.0434172e+01  -4.3926694e+00
   1.0155985e+01  -1.4000000e+01   1.4400000e+02   1.6425474e+01  -5.0591478e+01  -2.0726102e+01   4.8285113e-01
   1.2530403e+01  -1.4000000e+01   1.4400000e+02   1.3794984e+01  -5.1700135e+01  -2.1418665e+01   6.2148190e+00
   1.4761514e+01  -1.4000000e+01   1.4400000e+02   1.2444478e+01  -5.2195390e+01  -2.2481992e+01   9.1460861e+00
   1.7260350e+01  -1.4000000e+01   1.4400000e+02   1.0627575e+01  -5.1621417e+01  -2.4561998e+01   1.2820517e+01
   1.9227002e+01  -1.4000000e+01   1.4400000e+02   1.1134288e+01  -5.1825695e+01  -2.7310132e+01   1.6366881e+01
   2.0331546e+01  -1.4000000e+01   1.4400000e+02   1.1589525e+01  -5.1211229e+01  -3.0769607e+01   1.9185939e+01
   2.3394014e+01  -1.4000000e+01   1.4400000e+02   1.0989480e+01  -5.1309121e+01  -3.4983450e+01   2.3155691e+01
   2.6970209e+01  -1.4000000e+01   1.4400000e+02   1.0514637e+01  -5.0753551e+01  -3.9264081e+01   2.6038152e+01
   2.8421970e+01  -1.4000000e+01   1.4400000e+02   1.1449775e+01  -4.8825821e+01  -4.3994298e+01   2.9499012e+01
   2.8921228e+01  -1.4000000e+01   1.4400000e+02   1.2944931e+01  -4.7907341e+01  -4.8294544e+01   3.5110341e+01
   2.8607509e+01  -1.4000000e+01   1.4400000e+02   1.4582705e+01  -4.6864518e+01  -5.2505592e+01   4.0212943e+01
   3.0581531e+01  -1.4000000e+01   1.4400000e+02   1.4590354e+01  -4.7080044e+01  -5.7112576e+01   4.4498926e+01
   3.1952975e+01  -1.4000000e+01   1.4400000e+02   1.5590010e+01  -4.7036321e+01  -6.0683453e+01   4.9399678e+01
   3.2459487e+01  -1.4000000e+01   1.4400000e+02   1.6256652e+01  -4.6765718e+01  -6.4527898e+01   5.4711414e+01
   3.2969069e+01  -1.4000000e+01   1.4400000e+02   1.6354150e+01  -4.6487387e+01  -6.8832739e+01   5.9706068e+01
   3.1761907e+01  -1.4000000e+01   1.4400000e+02   1.5767940e+01  -4.7427725e+01  -7.3326977e+01   6.4847927e+01
   3.3294397e+01  -1.4000000e+01   1.4400000e+02   1.4909754e+01  -4.7001536e+01  -7.7441366e+01   6.9769886e+01
   3.0316572e+01  -1.4000000e+01   1.4400000e+02   1.3452655e+01  -4.8071820e+01  -8.0914201e+01   7.4789639e+01
   2.4189239e+01  -1.4000000e+01   1.4400000e+02   1.5460473e+01  -4.8430266e+01  -8.2730484e+01   7.6990180e+01
   2.4168319e+01  -1.4000000e+01   1.4400000e+02   1.5227472e+01  -4.6364929e+01  -8.5755308e+01   7.2297343e+01
   2.2799649e+01  -1.4000000e+01   1.4400000e+02   1.3934692e+01  -4.1824862e+01  -8.8692238e+01   6.0871601e+01
   2.2039969e+01  -1.4000000e+01   1.4400000e+02   1.2484344e+01  -3.8036395e+01  -8.9198280e+01   4.8520066e+01
   1.6576652e+01  -1.4000000e+01   1.4400000e+02   1.5445902e+01  -3.9915849e+01  -8.2231784e+01   3.6127013e+01
   1.0179453e+01  -1.4000000e+01   1.4400000e+02   2.4078367e+01  -5.0293164e+01  -7.2894514e+01   2.7197887e+01
   5.0741572e+00  -1.4000000e+01   1.4400000e+02   3.1009897e+01  -5.6706696e+01  -6.4926738e+01   2.0667980e+01
   2.3630163e+00  -1.4000000e+01   1.4400000e+02   3.3447007e+01  -5.9100946e+01  -5.8246611e+01   1.4912629e+01
   5.9734113e-01  -1.4000000e+01   1.4400000e+02   3.3487498e+01  -5.9808901e+01  -5.2209136e+01   8.3832416e+00
   4.3729547e-01  -1.4000000e+01   1.4400000e+02   3.1103235e+01  -5.9570884e+01  -4.7034727e+01   1.0506891e+00
  -1.2374893e+00  -1.4000000e+01   1.4400000e+02   2.8836635e+01  -5.9732230e+01  -4.1693322e+01  -5.2419142e+00
  -3.6758322e+00  -1.4000000e+01   1.4400000e+02   2.7628596e+01  -5.9831796e+01  -3.5512236e+01  -1.0967898e+01
  -4.0946961e+00  -1.4000000e+01   1.4400000e+02   2.7410813e+01  -5.9350330e+01  -2.8849412e+01  -1.5386028e+01
  -1.2331908e+00  -1.4000000e+01   1.4400000e+02   2.8772723e+01  -5.6470386e+01  -2.1822390e+01  -1.8670203e+01
   2.1402864e+00  -1.4000000e+01   1.4400000e+02   2.6877123e+01  -5.3559770e+01  -1.6961530e+01  -1.9039053e+01
   4.0165444e+00  -1.4000000e+01   1.4400000e+02   2.2531310e+01  -5.2558141e+01  -1.5273028e+01  -1.4114491e+01
   7.2246972e+00  -1.4000000e+01   1.4400000e+02   1.8134765e+01  -5.2168590e+01  -1.5022444e+01  -9.3050752e+00
   9.1022306e+00  -1.4000000e+01   1.4400000e+02   1.5209081e+01  -5.2930172e+01  -1.4445496e+01  -5.0801788e+00
   1.0193842e+01  -1.4000000e+01   1.4400000e+02   1.2556980e+01  -5.2172430e+01  -1.5087939e+01  -7.4837943e-01
   1.2603114e+01  -1.4000000e+01   1.4400000e+02   1.0842648e+01  -5.2796722e+01  -1.5715357e+01   2.6289845e+00
   1.4711192e+01  -1.4000000e+01   1.4400000e+02   9.7916604e+00  -5.3690022e+01  -1.6180338e+01   5.5695835e+00
   1.5322203e+01  -1.4000000e+01   1.4400000e+02   8.9207716e+00  -5.4035929e+01  -1.7204032e+01   9.4871137e+00
   1.6816990e+01  -1.4000000e+01   1.4400000e+02   7.8210135e+00  -5.4240321e+01  -1.8560121e+01   1.3128192e+01
   1.9051412e+01  -1.4000000e+01   1.4400000e+02   8.1356533e+00  -5.4789823e+01  -2.1238479e+01   1.5280510e+01
   1.9932250e+01  -1.4000000e+01   1.4400000e+02   6.9417538e+00  -5.2722427e+01  -2.4554312e+01   1.9237521e+01
   2.3112562e+01  -1.4000000e+01   1.4400000e+02   5.9972776e+00  -5.3969972e+01  -2.7271973e+01   2.0984382e+01
   2.5718211e+01  -1.4000000e+01   1.4400000e+02   5.7459320e+00  -5.3162564e+01  -3.0065878e+01   2.1643212e+01
   2.8736933e+01  -1.4000000e+01   1.4400000e+02   5.2703595e+00  -5.3428811e+01  -3.3465044e+01   2.4456033e+01
   2.9061544e+01  -1.4000000e+01   1.4400000e+02   4.7521177e+00  -5.2106534e+01  -3.6847240e+01   2.7816053e+01
   3.0591572e+01  -1.4000000e+01   1.4400000e+02   5.5006328e+00  -5.2164774e+01  -4.0252837e+01   3.2046244e+01
   2.9942657e+01  -1.4000000e+01   1.4400000e+02   6.4453984e+00  -5.0499851e+01  -4.2899193e+01   3.6618687e+01
   3.0087724e+01  -1.4000000e+01   1.4400000e+02   5.7215080e+00  -5.0158642e+01  -4.6238757e+01   4.0889111e+01
   3.0643874e+01  -1.4000000e+01   1.4400000e+02   5.7411789e+00  -4.9783210e+01  -4.9043694e+01   4.4295691e+01
   3.0755556e+01  -1.4000000e+01   1.4400000e+02   6.0914129e+00  -4.8810373e+01  -5.1393566e+01   4.8510264e+01
   3.0437068e+01  -1.4000000e+01   1.4400000e+02   6.6833671e+00  -4.7045254e+01  -5.3802983e+01   5.2655052e+01
   3.0055945e+01  -1.4000000e+01   1.4400000e+02   5.8053705e+00  -4.5823324e+01  -5.7783474e+01   5.6640024e+01
   2.6640628e+01  -1.4000000e+01   1.4400000e+02   4.0122558e+00  -4.4526821e+01  -6.2203723e+01   5.9356764e+01
   2.4697070e+01  -1.4000000e+01   1.4400000e+02   1.9765264e+00  -4.1581259e+01  -6.5860380e+01   6.0305282e+01
   2.3716397e+01  -1.4000000e+01   1.4400000e+02  -2.7620667e+00  -4.0956512e+01  -7.0726748e+01   5.7933673e+01
   2.0720188e+01  -1.4000000e+01   1.4400000e+02  -6.8728208e+00  -3.8201166e+01  -7.4330786e+01   4.9928428e+01
   1.8501393e+01  -1.4000000e+01   1.4400000e+02  -7.8364169e+00  -3.3790192e+01  -7.5148009e+01   3.9928360e+01
   1.6063544e+01  -1.4000000e+01   1.4400000e+02  -6.3235703e+00  -4.0224640e+01  -7.1800993e+01   2.8350802e+01
   1.2167783e+01  -1.4000000e+01   1.4400000e+02   3.0484496e+00  -5.0995834e+01  -6.2792326e+01   1.8424404e+01
   5.0325638e+00  -1.4000000e+01   1.4400000e+02   1.2439222e+01  -5.6804944e+01  -5.3370476e+01   1.3970576e+01
   1.1228674e+00  -1.4000000e+01   1.4400000e+02   1.8939190e+01  -5.8455548e+01  -4.5407860e+01   8.2881330e+00
  -2.1608911e+00  -1.4000000e+01   1.4400000e+02   2.3909373e+01  -5.8241646e+01  -3.7612583e+01   1.2244666e+00
  -2.3812454e+00  -1.4000000e+01   1.4400000e+02   2.5193650e+01  -5.6472816e+01  -3.1083923e+01  -6.1778181e+00
  -1.0727875e+00  -1.4000000e+01   1.4400000e+02   2.5866934e+01  -5.4698609e+01  -2.4915163e+01  -1.3140977e+01
   2.6521777e+00  -1.4000000e+01   1.4400000e+02   2.6515836e+01  -5.2804333e+01  -1.8791791e+01  -1.9117904e+01
   4.6247485e+00  -1.4000000e+01   1.4400000e+02   2.4287858e+01  -5.3514067e+01  -1.4945424e+01  -2.0767695e+01
   5.8734199e+00  -1.4000000e+01   1.4400000e+02   2.0796707e+01  -5.4235510e+01  -1.2851601e+01  -1.6925769e+01
   9.7704026e+00  -1.4000000e+01   1.4400000e+02   1.6980711e+01  -5.4994187e+01  -1.3105341e+01  -1.1241426e+01
   1.1434610e+01  -1.4000000e+01   1.4400000e+02   1.3843058e+01  -5.4251516e+01  -1.3939214e+01  -5.4807857e+00
   1.3386943e+01  -1.4000000e+01   1.4400000e+02   1.1420965e+01  -5.3434011e+01  -1.5454163e+01   3.3948598e-02
   1.4523727e+01  -1.4000000e+01   1.4400000e+02   1.0812452e+01  -5.1574657e+01  -1.8641917e+01   5.2675369e+00
   1.5851452e+01  -1.4000000e+01   1.4400000e+02   9.8825853e+00  -5.1687545e+01  -2.1703706e+01   9.8969919e+00
   1.7880954e+01  -1.4000000e+01   1.4400000e+02   9.1151316e+00  -5.0945979e+01  -2.5029343e+01   1.4350680e+01
   2.1644772e+01  -1.4000000e+01   1.4400000e+02   8.2755837e+00  -5.1710256e+01  -2.8948911e+01   1.9345176e+01
   2.1769130e+01  -1.4000000e+01   1.4400000e+02   8.9700732e+00  -5.1250722e+01  -3.1807743e+01   2.2801532e+01
   2.3565800e+01  -1.4000000e+01   1.4400000e+02   9.4360818e+00  -5.1229447e+01  -3.5535153e+01   2.5744195e+01
   2.5825417e+01  -1.4000000e+01   1.4400000e+02   9.5479324e+00  -4.9940559e+01  -4.0224684e+01   2.9306095e+01
   2.7643023e+01  -1.4000000e+01   1.4400000e+02   9.3566703e+00  -4.6326182e+01  -4.5365197e+01   3.2886363e+01
   3.0108113e+01  -1.4000000e+01   1.4400000e+02   1.0185378e+01  -4.6604826e+01  -4.9691115e+01   3.7027232e+01
   3.1082074e+01  -1.4000000e+01   1.4400000e+02   1.2044027e+01  -4.5920656e+01  -5.4098694e+01   4.1531128e+01
   3.0392683e+01  -1.4000000e+01   1.4400000e+02   1.3161601e+01  -4.4198003e+01  -5.7775134e+01   4.7277285e+01
   3.1797658e+01  -1.4000000e+01   1.4400000e+02   1.4373764e+01  -4.3330711e+01  -6.1287036e+01   5.2440131e+01
   3.3150408e+01  -1.4000000e+01   1.4400000e+02   1.5500256e+01  -4.3156225e+01  -6.4830603e+01   5.6992289e+01
   3.2253534e+01  -1.4000000e+01   1.4400000e+02   1.4540731e+01  -4.3948754e+01  -6.9382168e+01   6.1931811e+01
   3.1062840e+01  -1.4000000e+01   1.4400000e+02   1.5072267e+01  -4.4911770e+01  -7.2597869e+01   6.7221451e+01
   3.6111849e+01  -1.4000000e+01   1.4400000e+02   1.4538368e+01  -4.5668453e+01  -7.7032426e+01   7.1383243e+01
   3.5806320e+01  -1.4000000e+01   1.4400000e+02   1.4680992e+01  -4.7218399e+01  -8.0007717e+01   7.5132511e+01
   3.5605362e+01  -1.4000000e+01   1.4400000e+02   1.5730888e+01  -4.8661295e+01  -8.2388650e+01   7.8126717e+01
   3.4479482e+01  -1.4000000e+01   1.4400000e+02   1.7322090e+01  -4.9786403e+01  -8.4385687e+01   8.0238206e+01
   2.7858759e+01  -1.4000000e+01   1.4400000e+02   1.8778598e+01  -5.0660185e+01  -8.6481910e+01   8.1048024e+01
   2.5987042e+01  -1.4000000e+01   1.4400000e+02   2.0982283e+01  -5.0375921e+01  -8.8482358e+01   7.9758219e+01
   2.3642099e+01  -1.4000000e+01   1.4400000e+02   2.2609965e+01  -4.9208746e+01  -9.1020362e+01   7.3098043e+01
   2.4478471e+01  -1.4000000e+01   1.4400000e+02   2.1663397e+01  -4.5102627e+01  -9.3681915e+01   6.2232422e+01
   2.1935128e+01  -1.4000000e+01   1.4400000e+02   1.9623760e+01  -4.1369600e+01  -9.3849556e+01   5.0136217e+01
   1.8905286e+01  -1.4000000e+01   1.4400000e+02   2.2476593e+01  -4.6086921e+01  -8.8300902e+01   3.8786248e+01
   1.2989961e+01  -1.4000000e+01   1.4400000e+02   2.4517902e+01  -5.2291345e+01  -7.9505630e+01   2.7715959e+01
   7.2623595e+00  -1.4000000e+01   1.4400000e+02   3.2439251e+01  -5.5016827e+01  -7.0464743e+01   2.0482751e+01
   3.0839537e+00  -1.4000000e+01   1.4400000e+02   3.4821437e+01  -5.7761042e+01  -6.3694427e+01   1.4790100e+01
  -7.3009283e-01  -1.4000000e+01   1.4400000e+02   3.7004905e+01  -5.9729234e+01  -5.6573268e+01   9.5830259e+00
  -2.3854252e+00  -1.4000000e+01   1.4400000e+02   3.5722909e+01  -5.9996237e+01  -5.0729470e+01   4.1903886e+00
  -3.6056791e+00  -1.4000000e+01   1.4400000e+02   3.4135075e+01  -6.0183648e+01  -4.4822814e+01  -2.1752807e+00
  -1.7705211e+00  -1.4000000e+01   1.4400000e+02   3.3049916e+01  -5.9600052e+01  -3.8531352e+01  -8.1212462e+00
   6.4614047e-02  -1.4000000e+01   1.4400000e+02   3.3464809e+01  -5.7755951e+01  -3.1803503e+01  -1.3686539e+01
   4.2158182e+00  -1.4000000e+01   1.4400000e+02   3.3084866e+01  -5.5522403e+01  -2.5880182e+01  -1.5305367e+01
   5.7916433e+00  -1.4000000e+01   1.4400000e+02   2.9952705e+01  -5.4220123e+01  -2.2547557e+01  -1.3061732e+01
   7.3903386e+00  -1.4000000e+01   1.4400000e+02   2.6255098e+01  -5.3793137e+01  -2.0951776e+01  -9.7458870e+00
   9.4227719e+00  -1.4000000e+01   1.4400000e+02   2.2716370e+01  -5.3507587e+01  -2.0173115e+01  -5.4914161e+00
   1.0815786e+01  -1.4000000e+01   1.4400000e+02   1.8788245e+01  -5.2488662e+01  -2.0561885e+01   4.1133725e-02
   1.3137155e+01  -1.4000000e+01   1.4400000e+02   1.5971684e+01  -5.2488912e+01  -2.1271785e+01   4.8431225e+00
   1.4412199e+01  -1.4000000e+01   1.4400000e+02   1.5114088e+01  -5.3437519e+01  -2.1893276e+01   7.5101250e+00
   1.5634621e+01  -1.4000000e+01   1.4400000e+02   1.3999250e+01  -5.4529619e+01  -2.3022690e+01   1.0904674e+01
   1.6228825e+01  -1.4000000e+01   1.4400000e+02   1.3394933e+01  -5.4253373e+01  -2.4323220e+01   1.3738769e+01
   1.7941595e+01  -1.4000000e+01   1.4400000e+02   1.3420977e+01  -5.5974772e+01  -2.5506735e+01   1.7184326e+01
   1.8639709e+01  -1.4000000e+01   1.4400000e+02   1.2528297e+01  -5.5593664e+01  -2.7779683e+01   2.0742859e+01
   2.0157392e+01  -1.4000000e+01   1.4400000e+02   1.1899534e+01  -5.5728147e+01  -2.9910698e+01   2.2794323e+01
   2.1357704e+01  -1.4000000e+01   1.4400000e+02   1.1359569e+01  -5.5361951e+01  -3.2406475e+01   2.5131230e+01
   2.3071491e+01  -1.4000000e+01   1.4400000e+02   1.1815090e+01  -5.4658175e+01  -3.4851512e+01   2.5508520e+01
   2.5224721e+01  -1.4000000e+01   1.4400000e+02   1.1525456e+01  -5.4842285e+01  -3.7881318e+01   2.7982959e+01
   2.7096821e+01  -1.4000000e+01   1.4400000e+02   1.1182370e+01  -5.4371330e+01  -4.1588863e+01   2.9804718e+01
   2.9143241e+01  -1.4000000e+01   1.4400000e+02   1.0937076e+01  -5.2574975e+01  -4.5882797e+01   3.2557507e+01
   2.9563817e+01  -1.4000000e+01   1.4400000e+02   1.0897806e+01  -5.1807488e+01  -5.0155564e+01   3.6417023e+01
   3.1756164e+01  -1.4000000e+01   1.4400000e+02   1.1590521e+01  -5.1437242e+01  -5.4288212e+01   4.0812284e+01
   3.2497697e+01  -1.4000000e+01   1.4400000e+02   1.1657931e+01  -5.1234867e+01  -5.8960266e+01   4.4249859e+01
   3.1786187e+01  -1.4000000e+01   1.4400000e+02   1.2977042e+01  -5.1027858e+01  -6.1903326e+01   4.9597035e+01
   3.2524213e+01  -1.4000000e+01   1.4400000e+02   1.3457137e+01  -4.9786455e+01  -6.4859478e+01   5.4370360e+01
   3.1576836e+01  -1.4000000e+01   1.4400000e+02   1.4727262e+01  -4.9090662e+01  -6.7494183e+01   5.8870124e+01
   3.0100487e+01  -1.4000000e+01   1.4400000e+02   1.5492945e+01  -4.8213134e+01  -7.0591615e+01   6.4357555e+01
   2.9073744e+01  -1.4000000e+01   1.4400000e+02   1.5279885e+01  -4.8133515e+01  -7.4387251e+01   6.9501699e+01
   2.7688273e+01  -1.4000000e+01   1.4400000e+02   1.6215008e+01  -4.7857665e+01  -7.7131668e+01   7.3306347e+01
   2.7166612e+01  -1.4000000e+01   1.4400000e+02   1.7190770e+01  -4.7593242e+01  -7.9886646e+01   7.7106355e+01
   2.4432948e+01  -1.4000000e+01   1.4400000e+02   1.7746678e+01  -4.7572043e+01  -8.3427828e+01   7.7043010e+01
   2.3486591e+01  -1.4000000e+01   1.4400000e+02   1.6614734e+01  -4.4606197e+01  -8.7112550e+01   6.9679815e+01
   2.2098149e+01  -1.4000000e+01   1.4400000e+02   1.2689163e+01  -4.0161943e+01  -9.0974615e+01   5.8310014e+01
   2.0738571e+01  -1.4000000e+01   1.4400000e+02   1.0831663e+01  -3.9130191e+01  -8.9220014e+01   4.5878939e+01
   1.4687845e+01  -1.4000000e+01   1.4400000e+02   1.6157986e+01  -4.3969115e+01  -8.1342154e+01   3.3607394e+01
   8.7287155e+00  -1.4000000e+01   1.4400000e+02   2.4422810e+01  -5.0549700e+01  -7.2134740e+01   2.3474606e+01
   2.6667919e+00  -1.4000000e+01   1.4400000e+02   2.9401438e+01  -5.4088877e+01  -6.4242709e+01   1.4859951e+01
   9.4727324e-01  -1.4000000e+01   1.4400000e+02   3.2449379e+01  -5.5243335e+01  -5.6400926e+01   8.5792355e+00
  -1.1553714e+00  -1.4000000e+01   1.4400000e+02   3.3689024e+01  -5.5331314e+01  -4.9063216e+01   1.6976575e+00
  -1.2754150e+00  -1.4000000e+01   1.4400000e+02   3.2237172e+01  -5.3702861e+01  -4.2509253e+01  -5.3152058e+00
  -1.8255717e+00  -1.4000000e+01   1.4400000e+02   3.1177047e+01  -5.2392223e+01  -3.5845836e+01  -1.1614345e+01
  -1.0885389e+00  -1.4000000e+01   1.4400000e+02   3.1564541e+01  -5.0217864e+01  -2.8802624e+01  -1.7255498e+01
   1.8051847e+00  -1.4000000e+01   1.4400000e+02   3.0800946e+01  -4.8695592e+01  -2.2717652e+01  -1.8670295e+01
   3.6653690e+00  -1.4000000e+01   1.4400000e+02   2.6688347e+01  -4.9643522e+01  -1.9517987e+01  -1.5940271e+01
   5.3971810e+00  -1.4000000e+01   1.4400000e+02   2.2394531e+01  -4.9945086e+01  -1.8070235e+01  -1.0656300e+01
   6.8224968e+00  -1.4000000e+01   1.4400000e+02   1.8296940e+01  -4.9055631e+01  -1.7250933e+01  -5.5101816e+00
   8.0786896e+00  -1.4000000e+01   1.4400000e+02   1.5065691e+01  -4.8538461e+01  -1.7017992e+01  -1.7531276e+00
   8.5067791e+00  -1.4000000e+01   1.4400000e+02   1.2798370e+01  -4.7771475e+01  -1.6473175e+01   1.5692609e+00
   1.1994426e+01  -1.4000000e+01   1.4400000e+02   1.0693318e+01  -4.9788436e+01  -1.7168834e+01   6.0725351e+00
   1.3941889e+01  -1.4000000e+01   1.4400000e+02   9.7261654e+00  -5.0472260e+01  -1.8134385e+01   8.6975766e+00
   1.5701137e+01  -1.4000000e+01   1.4400000e+02   8.7333711e+00  -5.1215422e+01  -1.9639169e+01   1.3216136e+01
   1.7206125e+01  -1.4000000e+01   1.4400000e+02   8.0116409e+00  -5.1460388e+01  -2.1129589e+01   1.6608956e+01
   1.9676352e+01  -1.4000000e+01   1.4400000e+02   7.5021278e+00  -5.2295938e+01  -2.3864298e+01   1.9324686e+01
   2.2185296e+01  -1.4000000e+01   1.4400000e+02   6.6487252e+00  -5.2007145e+01  -2.7126268e+01   2.2667129e+01
   2.3834816e+01  -1.4000000e+01   1.4400000e+02   6.4623716e+00  -5.1112262e+01  -2.9924597e+01   2.4006511e+01
   2.7105957e+01  -1.4000000e+01   1.4400000e+02   7.5021171e+00  -5.1271847e+01  -3.2794991e+01   2.4181658e+01
   2.8289014e+01  -1.4000000e+01   1.4400000e+02   8.1286552e+00  -4.9372319e+01  -3.7299004e+01   2.5553589e+01
   2.8344717e+01  -1.4000000e+01   1.4400000e+02   8.6317595e+00  -4.7401895e+01  -4.2042805e+01   3.0908493e+01
   2.9030515e+01  -1.4000000e+01   1.4400000e+02   1.0074610e+01  -4.6166480e+01  -4.6563127e+01   3.5077237e+01
   3.0357901e+01  -1.4000000e+01   1.4400000e+02   1.0813807e+01  -4.6025506e+01  -5.1578984e+01   4.1017519e+01
   3.2137227e+01  -1.4000000e+01   1.4400000e+02   1.0717821e+01  -4.4547705e+01  -5.5966569e+01   4.5434158e+01
   3.3169961e+01  -1.4000000e+01   1.4400000e+02   1.1733869e+01  -4.2413736e+01  -5.9450837e+01   4.8102389e+01
   3.2640383e+01  -1.4000000e+01   1.4400000e+02   1.3415157e+01  -4.1583573e+01  -6.2865901e+01   5.3446309e+01
   3.3111754e+01  -1.4000000e+01   1.4400000e+02   1.3664996e+01  -4.1335348e+01  -6.7578535e+01   5.8612427e+01
   3.3039444e+01  -1.4000000e+01   1.4400000e+02   1.1335044e+01  -4.3736711e+01  -7.2373460e+01   6.3806549e+01
   3.0444411e+01  -1.4000000e+01   1.4400000e+02   1.0926877e+01  -4.3446466e+01  -7.5552954e+01   6.6996545e+01
   2.7778009e+01  -1.4000000e+01   1.4400000e+02   1.0673433e+01  -4.1838252e+01  -7.9368895e+01   6.5903195e+01
   2.4735242e+01  -1.4000000e+01   1.4400000e+02   9.5284221e+00  -3.6881281e+01  -8.2892686e+01   6.1683332e+01
   2.2606359e+01  -1.4000000e+01   1.4400000e+02   9.4164350e+00  -3.4079861e+01  -8.5851921e+01   5.3491928e+01
   1.8898970e+01  -1.4000000e+01   1.4400000e+02   8.4770531e+00  -3.3752500e+01  -8.5673353e+01   4.2536112e+01
   1.6835271e+01  -1.4000000e+01   1.4400000e+02   1.1679403e+01  -4.1505498e+01  -8.0942264e+01   3.0690715e+01
   1.1178979e+01  -1.4000000e+01   1.4400000e+02   1.9216597e+01  -5.1525716e+01  -7.2531672e+01   2.1713838e+01
   4.9362759e+00  -1.4000000e+01   1.4400000e+02   2.6720164e+01  -5.6946173e+01  -6.4118403e+01   1.8584063e+01
   1.6266204e+00  -1.4000000e+01   1.4400000e+02   2.9577887e+01  -5.8225056e+01  -5.7359803e+01   1.3623288e+01
  -2.4180582e+00  -1.4000000e+01   1.4400000e+02   3.1943596e+01  -5.8966348e+01  -5.0303674e+01   7.1810878e+00
  -4.3989216e+00  -1.4000000e+01   1.4400000e+02   3.1001943e+01  -5.8771515e+01  -4.4230608e+01   7.2053426e-01
  -5.8776495e+00  -1.4000000e+01   1.4400000e+02   3.0175081e+01  -5.9299175e+01  -3.8318836e+01  -4.6950661e+00
  -4.4593894e+00  -1.4000000e+01   1.4400000e+02   2.7624387e+01  -5.9840515e+01  -3.3721292e+01  -1.0746922e+01
  -4.0113099e+00  -1.4000000e+01   1.4400000e+02   2.6759969e+01  -5.8760156e+01  -2.7880250e+01  -1.5965554e+01
  -1.8963288e+00  -1.4000000e+01   1.4400000e+02   2.7511853e+01  -5.5751764e+01  -2.1332116e+01  -2.1280912e+01
   2.1844190e-01  -1.4000000e+01   1.4400000e+02   2.6764571e+01  -5.2382853e+01  -1.5618451e+01  -2.2411783e+01
   2.2001041e+00  -1.4000000e+01   1.4400000e+02   2.2212801e+01  -5.2030202e+01  -1.3411335e+01  -1.8823190e+01
   3.9046426e+00  -1.4000000e+01   1.4400000e+02   1.8003248e+01  -5.0811542e+01  -1.2131813e+01  -1.3040205e+01
   6.2734727e+00  -1.4000000e+01   1.4400000e+02   1.4010982e+01  -5.0023863e+01  -1.2025417e+01  -7.5408605e+00
   8.1272389e+00  -1.4000000e+01   1.4400000e+02   1.1468553e+01  -4.9954096e+01  -1.2071069e+01  -2.9867935e+00
   1.0761186e+01  -1.4000000e+01   1.4400000e+02   9.6600014e+00  -5.0921011e+01  -1.2843452e+01   8.4932678e-01
   1.3323662e+01  -1.4000000e+01   1.4400000e+02   7.5605143e+00  -5.2258126e+01  -1.4034973e+01   6.3099163e+00
   1.4585860e+01  -1.4000000e+01   1.4400000e+02   6.7819749e+00  -5.2860871e+01  -1.5652030e+01   1.1183728e+01
   1.6917825e+01  -1.4000000e+01   1.4400000e+02   6.5835121e+00  -5.4400248e+01  -1.7690741e+01   1.4657672e+01
   1.6664535e+01  -1.4000000e+01   1.4400000e+02   7.1004205e+00  -5.3506580e+01  -2.0095627e+01   1.8451047e+01
   1.8220607e+01  -1.4000000e+01   1.4400000e+02   7.1886159e+00  -5.2708409e+01  -2.4418818e+01   2.1835079e+01
   1.8901264e+01  -1.4000000e+01   1.4400000e+02   7.6951605e+00  -5.1328171e+01  -2.8096441e+01   2.4472311e+01
   2.1946644e+01  -1.4000000e+01   1.4400000e+02   7.8814123e+00  -5.1358302e+01  -3.1948697e+01   2.6639637e+01
   2.3746422e+01  -1.4000000e+01   1.4400000e+02   9.0394889e+00  -4.9736594e+01  -3.6985910e+01   2.9524324e+01
   2.6530795e+01  -1.4000000e+01   1.4400000e+02   8.6191419e+00  -5.0790345e+01  -4.2030941e+01   3.4023358e+01
   2.5894091e+01  -1.4000000e+01   1.4400000e+02   1.1677468e+01  -4.9166942e+01  -4.6364830e+01   3.8747070e+01
   2.7588247e+01  -1.4000000e+01   1.4400000e+02   1.2104183e+01  -5.0042502e+01  -5.1864226e+01   4.4210731e+01
   2.8608947e+01  -1.4000000e+01   1.4400000e+02   1.3181060e+01  -5.0099754e+01  -5.6122517e+01   4.8804478e+01
   2.9917394e+01  -1.4000000e+01   1.4400000e+02   1.3371236e+01  -4.9280045e+01  -5.9956168e+01   5.4630453e+01
   3.1124711e+01  -1.4000000e+01   1.4400000e+02   1.3271064e+01  -4.8610735e+01  -6.3987187e+01   5.9122017e+01
   3.0412948e+01  -1.4000000e+01   1.4400000e+02   1.2783045e+01  -4.9601915e+01  -6.8271621e+01   6.3765881e+01
   3.2437526e+01  -1.4000000e+01   1.4400000e+02   1.1589156e+01  -5.1349890e+01  -7.2755662e+01   6.8907410e+01
   2.8393680e+01  -1.4000000e+01   1.4400000e+02   1.1749567e+01  -5.1930250e+01  -7.5879711e+01   7.3447769e+01
   2.6712323e+01  -1.4000000e+01   1.4400000e+02   9.9565493e+00  -5.3476062e+01  -7.9611383e+01   7.6866078e+01
   2.5094621e+01  -1.4000000e+01   1.4400000e+02   9.0999918e+00  -5.1606715e+01  -8.2106872e+01   7.2746320e+01
   2.2554624e+01  -1.4000000e+01   1.4400000e+02   4.6914697e+00  -4.5874380e+01  -8.5512345e+01   6.1661041e+01
   1.8940103e+01  -1.4000000e+01   1.4400000e+02   4.4931226e+00  -3.8621369e+01  -8.5004207e+01   4.9827838e+01
   1.4391403e+01  -1.4000000e+01   1.4400000e+02   5.2044220e+00  -3.8783833e+01  -8.0398566e+01   3.7371806e+01
   7.9480655e+00  -1.4000000e+01   1.4400000e+02   1.2092362e+01  -4.8078200e+01  -7.1925099e+01   2.5764012e+01
   1.8496788e+00  -1.4000000e+01   1.4400000e+02   1.8645703e+01  -5.6150823e+01  -6.3804910e+01   1.7890978e+01
  -2.1056986e+00  -1.4000000e+01   1.4400000e+02   2.4215178e+01  -6.0174186e+01  -5.6077768e+01   1.2623755e+01
  -6.0891735e+00  -1.4000000e+01   1.4400000e+02   2.8623485e+01  -6.0697028e+01  -4.8386513e+01   6.1238997e+00
  -8.0918264e+00  -1.4000000e+01   1.4400000e+02   3.0432380e+01  -6.1079281e+01  -4.1603464e+01   7.5740952e-01
  -8.9108357e+00  -1.4000000e+01   1.4400000e+02   2.8924928e+01  -6.0653728e+01  -3.5768226e+01  -5.0743969e+00
  -9.3423038e+00  -1.4000000e+01   1.4400000e+02   2.8338212e+01  -5.8939842e+01  -2.9273354e+01  -1.0854858e+01
  -7.1087845e+00  -1.4000000e+01   1.4400000e+02   2.8343909e+01  -5.5898577e+01  -2.2782306e+01  -1.7057306e+01
  -1.2874910e+00  -1.4000000e+01   1.4400000e+02   2.8097583e+01  -5.2400957e+01  -1.6581354e+01  -2.1489138e+01
   9.9926030e-01  -1.4000000e+01   1.4400000e+02   2.3994740e+01  -5.2395079e+01  -1.3696028e+01  -2.0120558e+01
   3.8512544e+00  -1.4000000e+01   1.4400000e+02   1.9524139e+01  -5.2304162e+01  -1.2705616e+01  -1.5632360e+01
   6.5483812e+00  -1.4000000e+01   1.4400000e+02   1.5172347e+01  -5.2646767e+01  -1.2124297e+01  -9.7378523e+00
   8.3690312e+00  -1.4000000e+01   1.4400000e+02   1.2142651e+01  -5.1931931e+01  -1.2891854e+01  -4.2817543e+00
   1.0812075e+01  -1.4000000e+01   1.4400000e+02   9.5969108e+00  -5.2214793e+01  -1.4056765e+01   1.3723760e+00
   1.2984963e+01  -1.4000000e+01   1.4400000e+02   8.1299281e+00  -5.3267736e+01  -1.4886324e+01   6.9192437e+00
   1.4904362e+01  -1.4000000e+01   1.4400000e+02   7.1907934e+00  -5.4087425e+01  -1.6699874e+01   1.1737110e+01
   1.6508895e+01  -1.4000000e+01   1.4400000e+02   6.9212093e+00  -5.4490492e+01  -1.9379199e+01   1.6383065e+01
   1.8563837e+01  -1.4000000e+01   1.4400000e+02   5.9462792e+00  -5.5063022e+01  -2.2718066e+01   2.0703705e+01
   1.9723751e+01  -1.4000000e+01   1.4400000e+02   5.7040909e+00  -5.3168362e+01  -2.6351188e+01   2.4395502e+01
   2.1696080e+01  -1.4000000e+01   1.4400000e+02   6.1720209e+00  -5.3146211e+01  -2.9757391e+01   2.6475356e+01
   2.5618000e+01  -1.4000000e+01   1.4400000e+02   5.7433407e+00  -5.4115554e+01  -3.3939054e+01   2.7918817e+01
   2.7065352e+01  -1.4000000e+01   1.4400000e+02   6.7519666e+00  -5.2811485e+01  -3.8753741e+01   3.1529988e+01
   2.7430530e+01  -1.4000000e+01   1.4400000e+02   7.6380403e+00  -4.9763439e+01  -4.2999584e+01   3.6356935e+01
   2.6727820e+01  -1.4000000e+01   1.4400000e+02   8.9571392e+00  -4.8751011e+01  -4.6871512e+01   4.1720981e+01
   2.8993390e+01  -1.4000000e+01   1.4400000e+02   9.4411228e+00  -4.7508978e+01  -5.0999774e+01   4.5580430e+01
   3.2970967e+01  -1.4000000e+01   1.4400000e+02   8.2043516e+00  -4.8562976e+01  -5.5343287e+01   5.1311495e+01
   3.4509773e+01  -1.4000000e+01   1.4400000e+02   8.6738263e+00  -5.0236088e+01  -5.9046199e+01   5.4900685e+01
   3.4083457e+01  -1.4000000e+01   1.4400000e+02   7.5483417e+00  -5.2493349e+01  -6.3175797e+01   6.0454738e+01
   3.5344718e+01  -1.4000000e+01   1.4400000e+02   6.8275301e+00  -5.4429649e+01  -6.6731441e+01   6.5126241e+01
   3.4118995e+01  -1.4000000e+01   1.4400000e+02   5.7852606e+00  -5.4057971e+01  -6.8913955e+01   7.0789447e+01
   3.5703859e+01  -1.4000000e+01   1.4400000e+02   4.4096795e+00  -5.5881369e+01  -7.1318759e+01   7.7081748e+01
   3.5911559e+01  -1.4000000e+01   1.4400000e+02   6.6965689e+00  -5.6140371e+01  -7.2530821e+01   8.0180498e+01
   3.3448815e+01  -1.4000000e+01   1.4400000e+02   8.3165073e+00  -5.6472490e+01  -7.4067209e+01   8.2516375e+01
   3.3731184e+01  -1.4000000e+01   1.4400000e+02   1.0100303e+01  -5.6739673e+01  -7.5587645e+01   8.3882545e+01
   3.1158832e+01  -1.4000000e+01   1.4400000e+02   1.1908154e+01  -5.6997229e+01  -7.7082704e+01   8.5071213e+01
   3.0823422e+01  -1.4000000e+01   1.4400000e+02   1.3841428e+01  -5.7019092e+01  -7.8521777e+01   8.5948255e+01
   2.8967667e+01  -1.4000000e+01   1.4400000e+02   1.6079571e+01  -5.6987639e+01  -8.0062538e+01   8.4634051e+01
   2.2673044e+01  -1.4000000e+01   1.4400000e+02   1.7067313e+01  -5.7430112e+01  -8.2913422e+01   8.0040502e+01
   2.3158122e+01  -1.4000000e+01   1.4400000e+02   1.4725089e+01  -5.4885790e+01  -8.6492656e+01   7.1975100e+01
   2.3156982e+01  -1.4000000e+01   1.4400000e+02   1.1344079e+01  -4.8186837e+01  -8.9938349e+01   6.1256573e+01
   2.1333766e+01  -1.4000000e+01   1.4400000e+02   7.8404555e+00  -3.9683211e+01  -9.1609962e+01   4.9488966e+01
   1.9591077e+01  -1.4000000e+01   1.4400000e+02   7.2840476e+00  -3.6506310e+01  -9.0461280e+01   3.7638395e+01
   1.4586364e+01  -1.4000000e+01   1.4400000e+02   1.0575139e+01  -3.9430922e+01  -8.3476107e+01   2.5467151e+01
   9.4364664e+00  -1.4000000e+01   1.4400000e+02   1.8897932e+01  -4.6546172e+01  -7.3701053e+01   1.4629435e+01
   3.3695310e+00  -1.4000000e+01   1.4400000e+02   2.7073249e+01  -5.2550568e+01  -6.4225809e+01   6.5784485e+00
   4.2927609e-01  -1.4000000e+01   1.4400000e+02   3.3214933e+01  -5.4306975e+01  -5.5035467e+01   1.0557852e+00
  -4.9475215e-01  -1.4000000e+01   1.4400000e+02   3.5605607e+01  -5.3332136e+01  -4.6775571e+01  -5.1730606e+00
  -3.2486459e-01  -1.4000000e+01   1.4400000e+02   3.6551465e+01  -5.1287104e+01  -3.8895080e+01  -9.8626434e+00
   8.0105707e-01  -1.4000000e+01   1.4400000e+02   3.4363572e+01  -4.9003438e+01  -3.2559647e+01  -1.2752943e+01
   3.4378985e+00  -1.4000000e+01   1.4400000e+02   3.0098423e+01  -5.0547466e+01  -2.8473327e+01  -9.9964508e+00
   5.5905941e+00  -1.4000000e+01   1.4400000e+02   2.5263650e+01  -5.1088420e+01  -2.6775477e+01  -5.8214148e+00
   7.0623580e+00  -1.4000000e+01   1.4400000e+02   2.1172464e+01  -5.1199268e+01  -2.5889894e+01  -6.3124528e-01
   9.1339858e+00  -1.4000000e+01   1.4400000e+02   1.8240738e+01  -5.1535516e+01  -2.5179366e+01   3.4816407e+00
   1.1685319e+01  -1.4000000e+01   1.4400000e+02   1.6074409e+01  -5.2562628e+01  -2.6075958e+01   9.2344755e+00
   1.4781188e+01  -1.4000000e+01   1.4400000e+02   1.4214755e+01  -5.3748964e+01  -2.7848205e+01   1.4372879e+01
   1.6513059e+01  -1.4000000e+01   1.4400000e+02   1.3156311e+01  -5.3598088e+01  -3.0684269e+01   1.9675634e+01
   1.7894373e+01  -1.4000000e+01   1.4400000e+02   1.2371101e+01  -5.2881324e+01  -3.4318500e+01   2.4367316e+01
   1.9640695e+01  -1.4000000e+01   1.4400000e+02   1.2422495e+01  -5.3080874e+01  -3.7076128e+01   2.7252519e+01
   2.0245021e+01  -1.4000000e+01   1.4400000e+02   1.2573603e+01  -5.2557284e+01  -3.9678826e+01   2.9814960e+01
   2.3301031e+01  -1.4000000e+01   1.4400000e+02   1.3158306e+01  -5.2791796e+01  -4.2889678e+01   3.0417377e+01
   2.7265263e+01  -1.4000000e+01   1.4400000e+02   1.3597089e+01  -5.3695496e+01  -4.7508869e+01   3.1807042e+01
   2.6611101e+01  -1.4000000e+01   1.4400000e+02   1.5383142e+01  -5.2877744e+01  -5.1136010e+01   3.6011455e+01
   2.6907716e+01  -1.4000000e+01   1.4400000e+02   1.7146716e+01  -5.2275035e+01  -5.4994265e+01   4.0894257e+01
   2.7905932e+01  -1.4000000e+01   1.4400000e+02   1.8974626e+01  -5.1613180e+01  -5.8813602e+01   4.5887587e+01
   2.8653942e+01  -1.4000000e+01   1.4400000e+02   2.0986550e+01  -5.0948269e+01  -6.2554577e+01   4.9260746e+01
   3.1731635e+01  -1.4000000e+01   1.4400000e+02   2.1092424e+01  -5.1535984e+01  -6.7262311e+01   5.3606812e+01
   3.2828086e+01  -1.4000000e+01   1.4400000e+02   2.2915022e+01  -5.3302650e+01  -7.1753035e+01   5.7344321e+01
   3.3440584e+01  -1.4000000e+01   1.4400000e+02   2.1934889e+01  -5.5943687e+01  -7.6679191e+01   6.2617054e+01
   3.3098465e+01  -1.4000000e+01   1.4400000e+02   2.1807120e+01  -5.8613884e+01  -8.0523187e+01   6.6718853e+01
   3.4025124e+01  -1.4000000e+01   1.4400000e+02   2.3917718e+01  -5.9606841e+01  -8.3498538e+01   7.0617105e+01
   3.5114492e+01  -1.4000000e+01   1.4400000e+02   2.5726467e+01  -6.0671281e+01  -8.6971167e+01   7.3404368e+01
   3.6569633e+01  -1.4000000e+01   1.4400000e+02   2.7237177e+01  -6.1905455e+01  -9.0930049e+01   7.7878005e+01
   3.6797476e+01  -1.4000000e+01   1.4400000e+02   3.1770079e+01  -6.2573681e+01  -9.3639694e+01   8.1076061e+01
   3.9625040e+01  -1.4000000e+01   1.4400000e+02   3.6265759e+01  -6.3010104e+01  -9.6679968e+01   8.1428176e+01
   3.9520176e+01  -1.4000000e+01   1.4400000e+02   4.0247481e+01  -6.3499514e+01  -1.0033550e+02   8.1498589e+01
   3.8173574e+01  -1.4000000e+01   1.4400000e+02   4.7065578e+01  -6.3401268e+01  -1.0294237e+02   8.3272450e+01
   4.0380007e+01  -1.4000000e+01   1.4400000e+02   5.1164246e+01  -6.2777602e+01  -1.0777646e+02   8.5530090e+01
   4.0531504e+01  -1.4000000e+01   1.4400000e+02   5.4040134e+01  -6.1654507e+01  -1.1283785e+02   8.5486185e+01
   3.4353317e+01  -1.4000000e+01   1.4400000e+02   5.0954646e+01  -5.6512866e+01  -1.1515818e+02   7.8180163e+01
   2.9370646e+01  -1.4000000e+01   1.4400000e+02   4.5675469e+01  -4.8967031e+01  -1.1866860e+02   6.8446467e+01
   2.2664818e+01  -1.4000000e+01   1.4400000e+02   3.8668345e+01  -4.0752582e+01  -1.2164208e+02   5.6912553e+01
   2.0085225e+01  -1.4000000e+01   1.4400000e+02   3.2161906e+01  -3.2742169e+01  -1.2065699e+02   4.4705599e+01
   1.4851917e+01  -1.4000000e+01   1.4400000e+02   2.9778142e+01  -3.1177260e+01  -1.1440673e+02   3.2355352e+01
   1.0193059e+01  -1.4000000e+01   1.4400000e+02   3.0485361e+01  -3.6518262e+01  -1.0554536e+02   2.0529803e+01
   4.8201545e+00  -1.4000000e+01   1.4400000e+02   3.6353058e+01  -4.4807389e+01  -9.5561363e+01   1.0569023e+01
   3.5621096e-01  -1.4000000e+01   1.4400000e+02   4.2750384e+01  -5.1611190e+01  -8.5761966e+01   3.8041589e+00
  -2.7864065e+00  -1.4000000e+01   1.4400000e+02   4.8337158e+01  -5.4161877e+01  -7.6092420e+01  -1.1982314e-01
  -6.0210565e+00  -1.4000000e+01   1.4400000e+02   5.1004276e+01  -5.2030775e+01  -6.6921458e+01  -7.2720087e+00
  -6.9387822e+00  -1.4000000e+01   1.4400000e+02   5.1055213e+01  -4.9782018e+01  -5.8311322e+01  -1.4254515e+01
  -3.4287560e+00  -1.4000000e+01   1.4400000e+02   5.0189826e+01  -4.7851013e+01  -4.9998060e+01  -2.0072766e+01
   4.4668391e-01  -1.4000000e+01   1.4400000e+02   4.8377453e+01  -4.6050034e+01  -4.2272092e+01  -2.5052894e+01
   2.8764093e+00  -1.4000000e+01   1.4400000e+02   4.4264722e+01  -4.7700436e+01  -3.6369908e+01  -2.5760063e+01
   4.5309207e+00  -1.4000000e+01   1.4400000e+02   3.8855925e+01  -5.0050693e+01  -3.1846061e+01  -2.2983811e+01
   6.9454227e+00  -1.4000000e+01   1.4400000e+02   3.2904329e+01  -5.0854077e+01  -2.8773583e+01  -1.9213708e+01
   9.0687037e+00  -1.4000000e+01   1.4400000e+02   2.7621273e+01  -5.1180861e+01  -2.6546610e+01  -1.4431219e+01
   1.1111968e+01  -1.4000000e+01   1.4400000e+02   2.2909782e+01  -5.1420101e+01  -2.5348125e+01  -8.7131245e+00
   1.4532460e+01  -1.4000000e+01   1.4400000e+02   1.8369984e+01  -5.0823097e+01  -2.5392604e+01  -4.7290614e+00
   1.7137274e+01  -1.4000000e+01   1.4400000e+02   1.5290032e+01  -5.0873530e+01  -2.6009551e+01   1.4964001e+00
   1.9204556e+01  -1.4000000e+01   1.4400000e+02   1.3195464e+01  -5.0513210e+01  -2.6792725e+01   5.4603121e+00
   2.1350955e+01  -1.4000000e+01   1.4400000e+02   1.2876964e+01  -5.1711152e+01  -2.8640722e+01   9.9327843e+00
   2.2245615e+01  -1.4000000e+01   1.4400000e+02   1.2419786e+01  -5.0526955e+01  -3.1299959e+01   1.3075797e+01
   2.3709951e+01  -1.4000000e+01   1.4400000e+02   1.1742454e+01  -5.0850701e+01  -3.4431315e+01   1.7630979e+01
   2.4926523e+01  -1.4000000e+01   1.4400000e+02   1.3117112e+01  -5.0755834e+01  -3.7571001e+01   1.9892010e+01
   2.8489596e+01  -1.4000000e+01   1.4400000e+02   1.3136737e+01  -5.0352249e+01  -4.1828184e+01   2.1550594e+01
   2.9614343e+01  -1.4000000e+01   1.4400000e+02   1.3541217e+01  -4.9414318e+01  -4.5897046e+01   2.6993830e+01
   3.0175144e+01  -1.4000000e+01   1.4400000e+02   1.5362784e+01  -4.8195018e+01  -4.9151715e+01   3.1336506e+01
   3.2052000e+01  -1.4000000e+01   1.4400000e+02   1.4960384e+01  -4.7305993e+01  -5.3656436e+01   3.6705251e+01
   2.9523362e+01  -1.4000000e+01   1.4400000e+02   1.6907092e+01  -4.5683769e+01  -5.6392444e+01   4.0493609e+01
   3.0399919e+01  -1.4000000e+01   1.4400000e+02   1.7881528e+01  -4.5928387e+01  -6.0067877e+01   4.5919524e+01
   3.2707798e+01  -1.4000000e+01   1.4400000e+02   1.8908696e+01  -4.5528374e+01  -6.3769143e+01   4.9295263e+01
   3.2676623e+01  -1.4000000e+01   1.4400000e+02   1.9941712e+01  -4.5399275e+01  -6.7465280e+01   5.3350017e+01
   3.3887927e+01  -1.4000000e+01   1.4400000e+02   2.1383038e+01  -4.4610687e+01  -7.1030897e+01   5.7375113e+01
   3.2240052e+01  -1.4000000e+01   1.4400000e+02   2.2474435e+01  -4.4025816e+01  -7.5131768e+01   6.1317131e+01
   3.0445497e+01  -1.4000000e+01   1.4400000e+02   2.4122060e+01  -4.3345851e+01  -7.8940540e+01   6.5144112e+01
   3.0296880e+01  -1.4000000e+01   1.4400000e+02   2.4985004e+01  -4.3356039e+01  -8.3402463e+01   7.0026919e+01
   2.7564883e+01  -1.4000000e+01   1.4400000e+02   2.7860368e+01  -4.3274685e+01  -8.6604028e+01   7.2796546e+01
   2.4608843e+01  -1.4000000e+01   1.4400000e+02   3.0418111e+01  -4.3757376e+01  -9.1166767e+01   7.1500755e+01
   2.2875483e+01  -1.4000000e+01   1.4400000e+02   2.6486261e+01  -4.2671047e+01  -9.6933312e+01   6.4157351e+01
   2.0495162e+01  -1.4000000e+01   1.4400000e+02   2.4641956e+01  -3.9299865e+01  -9.9112149e+01   5.2650356e+01
   1.8312121e+01  -1.4000000e+01   1.4400000e+02   2.4458943e+01  -4.4133447e+01  -9.5116752e+01   4.0662855e+01
   1.2539837e+01  -1.4000000e+01   1.4400000e+02   3.1283986e+01  -5.0839591e+01  -8.6229216e+01   2.9000805e+01
   6.2517794e+00  -1.4000000e+01   1.4400000e+02   3.9569394e+01  -5.3799715e+01  -7.6800353e+01   2.0690587e+01
   3.3965978e+00  -1.4000000e+01   1.4400000e+02   4.5749529e+01  -5.4304020e+01  -6.7768218e+01   1.4059875e+01
   3.0475181e-01  -1.4000000e+01   1.4400000e+02   4.8540071e+01  -5.3757053e+01  -5.9583170e+01   7.2521051e+00
  -1.4973168e+00  -1.4000000e+01   1.4400000e+02   4.8659434e+01  -5.2507288e+01  -5.1805036e+01  -8.8671373e-01
  -2.2264934e+00  -1.4000000e+01   1.4400000e+02   4.4992343e+01  -5.1638183e+01  -4.5409979e+01  -8.7562871e+00
  -7.3310674e-01  -1.4000000e+01   1.4400000e+02   4.2825844e+01  -4.9904706e+01  -3.8194706e+01  -1.5067475e+01
   5.4653245e-01  -1.4000000e+01   1.4400000e+02   4.0384580e+01  -4.8980848e+01  -3.1712747e+01  -1.8934584e+01
   1.6195159e+00  -1.4000000e+01   1.4400000e+02   3.6031299e+01  -4.9748182e+01  -2.7252553e+01  -1.8839065e+01
   3.5081681e+00  -1.4000000e+01   1.4400000e+02   3.1240409e+01  -4.9798944e+01  -2.4611812e+01  -1.4980027e+01
   6.9198666e+00  -1.4000000e+01   1.4400000e+02   2.6742165e+01  -5.1057112e+01  -2.2505697e+01  -1.1484930e+01
   9.3227117e+00  -1.4000000e+01   1.4400000e+02   2.2506282e+01  -5.1050216e+01  -2.1332155e+01  -8.3269225e+00
   1.2426424e+01  -1.4000000e+01   1.4400000e+02   1.9417827e+01  -5.2218197e+01  -2.0148704e+01  -4.8494725e+00
   1.4666047e+01  -1.4000000e+01   1.4400000e+02   1.6697320e+01  -5.2449185e+01  -2.0272509e+01  -2.1821728e-02
   1.6690839e+01  -1.4000000e+01   1.4400000e+02   1.4264701e+01  -5.2179201e+01  -2.0622969e+01   3.2840416e+00
   1.9344351e+01  -1.4000000e+01   1.4400000e+02   1.2414675e+01  -5.2770679e+01  -2.2279574e+01   7.4342443e+00
   2.0924579e+01  -1.4000000e+01   1.4400000e+02   1.2308569e+01  -5.3004137e+01  -2.3994396e+01   9.3917980e+00
   2.2321512e+01  -1.4000000e+01   1.4400000e+02   1.1768374e+01  -5.3338231e+01  -2.6251920e+01   1.2341982e+01
   2.5988321e+01  -1.4000000e+01   1.4400000e+02   1.1294220e+01  -5.2884657e+01  -3.0493522e+01   1.4787984e+01
   2.6637239e+01  -1.4000000e+01   1.4400000e+02   1.3046939e+01  -5.1140900e+01  -3.5229645e+01   1.7820994e+01
   3.0133992e+01  -1.4000000e+01   1.4400000e+02   1.2343155e+01  -5.1505870e+01  -4.0049049e+01   2.1832244e+01
   3.2143599e+01  -1.4000000e+01   1.4400000e+02   1.1528633e+01  -5.0325248e+01  -4.4834280e+01   2.5291494e+01
   3.1496975e+01  -1.4000000e+01   1.4400000e+02   1.3875750e+01  -4.8067573e+01  -4.8728048e+01   3.0022371e+01
   3.0561732e+01  -1.4000000e+01   1.4400000e+02   1.5471828e+01  -4.5238798e+01  -5.3077191e+01   3.5808042e+01
   3.3819024e+01  -1.4000000e+01   1.4400000e+02   1.5612719e+01  -4.5909542e+01  -5.8268156e+01   3.9745157e+01
   3.3611736e+01  -1.4000000e+01   1.4400000e+02   1.7555132e+01  -4.2736580e+01  -6.2381601e+01   4.3895946e+01
   3.3353279e+01  -1.4000000e+01   1.4400000e+02   1.9033455e+01  -4.1574067e+01  -6.6367966e+01   4.9710554e+01
   3.1488501e+01  -1.4000000e+01   1.4400000e+02   1.9599567e+01  -4.0468884e+01  -7.0738008e+01   5.4960401e+01
   3.1424985e+01  -1.4000000e+01   1.4400000e+02   1.9579065e+01  -3.9589694e+01  -7.5497834e+01   5.9341154e+01
   3.0819500e+01  -1.4000000e+01   1.4400000e+02   1.8967888e+01  -3.8580376e+01  -8.0544961e+01   6.4613211e+01
   2.6182220e+01  -1.4000000e+01   1.4400000e+02   1.9301888e+01  -3.6839157e+01  -8.4790563e+01   6.4141602e+01
   2.4848338e+01  -1.4000000e+01   1.4400000e+02   1.6080253e+01  -3.4554765e+01  -8.9926356e+01   5.9810473e+01
   2.2269767e+01  -1.4000000e+01   1.4400000e+02   1.2521153e+01  -3.3789034e+01  -9.4804365e+01   5.1460895e+01
   2.0148702e+01  -1.4000000e+01   1.4400000e+02   1.2644180e+01  -3.5005312e+01  -9.5308215e+01   4.0781921e+01
   1.7119694e+01  -1.4000000e+01   1.4400000e+02   1.3027637e+01  -4.2496120e+01  -9.0518202e+01   2.8935368e+01
   1.2563778e+01  -1.4000000e+01   1.4400000e+02   2.1158475e+01  -5.2725160e+01  -8.1088470e+01   1.9286392e+01
   7.3021784e+00  -1.4000000e+01   1.4400000e+02   2.9083349e+01  -5.6996044e+01  -7.2222845e+01   1.3526495e+01
   3.0942332e+00  -1.4000000e+01   1.4400000e+02   3.2959804e+01  -6.0013225e+01  -6.5032611e+01   8.8028943e+00
   1.1454273e-01  -1.4000000e+01   1.4400000e+02   3.5093173e+01  -6.0739915e+01  -5.7779095e+01   4.2139160e+00
  -1.3963677e+00  -1.4000000e+01   1.4400000e+02   3.5206892e+01  -6.1090760e+01  -5.0838903e+01  -1.2509801e+00
  -3.1784414e+00  -1.4000000e+01   1.4400000e+02   3.4488822e+01  -6.0999675e+01  -4.4319616e+01  -6.7892637e+00
  -2.0699377e+00  -1.4000000e+01   1.4400000e+02   3.3798986e+01  -6.0385226e+01  -3.7855200e+01  -1.1790005e+01
  -1.9187504e+00  -1.4000000e+01   1.4400000e+02   3.3250122e+01  -5.9383518e+01  -3.1241307e+01  -1.6840612e+01
  -4.1042497e-01  -1.4000000e+01   1.4400000e+02   3.4096376e+01  -5.5732258e+01  -2.4304002e+01  -1.9535418e+01
   1.3842195e+00  -1.4000000e+01   1.4400000e+02   3.0385692e+01  -5.3986896e+01  -2.0324053e+01  -1.8619836e+01
   3.4866732e+00  -1.4000000e+01   1.4400000e+02   2.5742759e+01  -5.3176671e+01  -1.8548945e+01  -1.3297450e+01
   5.3511205e+00  -1.4000000e+01   1.4400000e+02   2.1537664e+01  -5.2255698e+01  -1.7625054e+01  -8.7471618e+00
   7.7079516e+00  -1.4000000e+01   1.4400000e+02   1.8085919e+01  -5.2002989e+01  -1.7317227e+01  -4.7033697e+00
   9.7753555e+00  -1.4000000e+01   1.4400000e+02   1.4824989e+01  -5.1243998e+01  -1.7959619e+01   1.0112408e+00
   1.2379008e+01  -1.4000000e+01   1.4400000e+02   1.3039631e+01  -5.1972573e+01  -1.8981065e+01   6.0252028e+00
   1.3677234e+01  -1.4000000e+01   1.4400000e+02   1.2070173e+01  -5.2219893e+01  -1.9858933e+01   9.0989869e+00
   1.4762584e+01  -1.4000000e+01   1.4400000e+02   1.1272575e+01  -5.1378422e+01  -2.2095416e+01   1.2736360e+01
   1.6385410e+01  -1.4000000e+01   1.4400000e+02   1.0564042e+01  -5.2402833e+01  -2.4236232e+01   1.7139672e+01
   2.0523512e+01  -1.4000000e+01   1.4400000e+02   9.6995300e+00  -5.4077499e+01  -2.6865722e+01   2.0378489e+01
   2.1813519e+01  -1.4000000e+01   1.4400000e+02   1.0027560e+01  -5.4051398e+01  -2.9716032e+01   2.3312143e+01
   2.2792514e+01  -1.4000000e+01   1.4400000e+02   9.6696662e+00  -5.3518514e+01  -3.3326437e+01   2.6064965e+01
   2.5108248e+01  -1.4000000e+01   1.4400000e+02   1.0492528e+01  -5.2983653e+01  -3.7494524e+01   2.7002265e+01
   2.7616775e+01  -1.4000000e+01   1.4400000e+02   1.1432197e+01  -5.1747249e+01  -4.1981897e+01   2.8133442e+01
   2.8268636e+01  -1.4000000e+01   1.4400000e+02   1.2685281e+01  -5.1460545e+01  -4.6012864e+01   3.1515403e+01
   2.9437424e+01  -1.4000000e+01   1.4400000e+02   1.4260202e+01  -5.1608703e+01  -5.0051693e+01   3.4269912e+01
   2.9159788e+01  -1.4000000e+01   1.4400000e+02   1.6375826e+01  -4.9729934e+01  -5.3746047e+01   4.0347427e+01
   2.8747129e+01  -1.4000000e+01   1.4400000e+02   1.6981437e+01  -4.9093144e+01  -5.7936449e+01   4.5622705e+01
   2.9489913e+01  -1.4000000e+01   1.4400000e+02   1.7588083e+01  -4.8215049e+01  -6.1876497e+01   4.9482259e+01
   3.1041059e+01  -1.4000000e+01   1.4400000e+02   1.8258694e+01  -4.8828258e+01  -6.5557428e+01   5.4818360e+01
   3.0337348e+01  -1.4000000e+01   1.4400000e+02   1.9556419e+01  -4.9108886e+01  -6.9079786e+01   5.8722568e+01
   3.0746471e+01  -1.4000000e+01   1.4400000e+02   2.0425547e+01  -4.8965544e+01  -7.3196788e+01   6.2934387e+01
   2.9939048e+01  -1.4000000e+01   1.4400000e+02   1.9249562e+01  -5.0292396e+01  -7.8018533e+01   6.7951581e+01
   3.0489199e+01  -1.4000000e+01   1.4400000e+02   1.8563555e+01  -5.1113551e+01  -8.1982294e+01   7.2174950e+01
   3.0109693e+01  -1.4000000e+01   1.4400000e+02   1.8451272e+01  -5.1557180e+01  -8.5131762e+01   7.7991908e+01
   2.8718569e+01  -1.4000000e+01   1.4400000e+02   2.0217511e+01  -5.1628803e+01  -8.7270250e+01   8.1316962e+01
   2.2364838e+01  -1.4000000e+01   1.4400000e+02   2.2181739e+01  -5.1791282e+01  -8.9385551e+01   8.0272107e+01
   2.3583059e+01  -1.4000000e+01   1.4400000e+02   2.2196675e+01  -4.9957187e+01  -9.2066572e+01   7.6246574e+01
   2.4260641e+01  -1.4000000e+01   1.4400000e+02   2.0608066e+01  -4.8044619e+01  -9.3461921e+01   6.7546741e+01
   1.9951307e+01  -1.4000000e+01   1.4400000e+02   1.8360604e+01  -4.3433493e+01  -9.2175640e+01   5.5157943e+01
   1.5526211e+01  -1.4000000e+01   1.4400000e+02   1.5300926e+01  -4.5672815e+01  -8.8143115e+01   4.2903773e+01
   1.1631335e+01  -1.4000000e+01   1.4400000e+02   1.8180163e+01  -4.9568758e+01  -8.0344242e+01   3.0680955e+01
   6.4448785e+00  -1.4000000e+01   1.4400000e+02   2.3782974e+01  -5.3239829e+01  -7.1918862e+01   2.2035437e+01
   3.7080166e+00  -1.4000000e+01   1.4400000e+02   2.8162751e+01  -5.5260839e+01  -6.3867136e+01   1.4224370e+01
   6.2244765e-01  -1.4000000e+01   1.4400000e+02   3.1960147e+01  -5.5383068e+01  -5.5748260e+01   8.3746104e+00
  -1.6680105e+00  -1.4000000e+01   1.4400000e+02   3.3077858e+01  -5.4905728e+01  -4.8217578e+01   2.6157626e+00
  -2.6662783e+00  -1.4000000e+01   1.4400000e+02   3.4173229e+01  -5.2717604e+01  -4.0632289e+01  -2.5708052e+00
  -3.6609094e-02  -1.4000000e+01   1.4400000e+02   3.5149789e+01  -4.8276300e+01  -3.3248708e+01  -8.4605792e+00
   3.0576073e+00  -1.4000000e+01   1.4400000e+02   3.1840164e+01  -4.8369260e+01  -2.8357440e+01  -8.6274584e+00
   4.9798543e+00  -1.4000000e+01   1.4400000e+02   2.7563895e+01  -4.8974768e+01  -2.5735732e+01  -5.4491533e+00
   6.8579431e+00  -1.4000000e+01   1.4400000e+02   2.3346080e+01  -4.9638883e+01  -2.4927624e+01  -1.4506901e+00
   9.1268051e+00  -1.4000000e+01   1.4400000e+02   1.9137777e+01  -5.0123921e+01  -2.4243628e+01   2.5371216e+00
   1.1522698e+01  -1.4000000e+01   1.4400000e+02   1.5746792e+01  -4.9787037e+01  -2.4406568e+01   6.7505772e+00
   1.2977900e+01  -1.4000000e+01   1.4400000e+02   1.4445091e+01  -5.0514520e+01  -2.5071514e+01   1.1221441e+01
   1.5066843e+01  -1.4000000e+01   1.4400000e+02   1.3239726e+01  -5.0775599e+01  -2.6155017e+01   1.4936946e+01
   1.6586875e+01  -1.4000000e+01   1.4400000e+02   1.1366415e+01  -4.9541228e+01  -2.9042635e+01   1.9367283e+01
   2.0060055e+01  -1.4000000e+01   1.4400000e+02   1.0610160e+01  -5.1926222e+01  -3.1474638e+01   2.3548953e+01
   2.1199229e+01  -1.4000000e+01   1.4400000e+02   1.0276560e+01  -5.2384735e+01  -3.4222463e+01   2.7429521e+01
   2.2401288e+01  -1.4000000e+01   1.4400000e+02   1.1535653e+01  -5.1354459e+01  -3.7377864e+01   2.9704059e+01
   2.4234051e+01  -1.4000000e+01   1.4400000e+02   1.2319127e+01  -5.0056548e+01  -4.1028978e+01   3.1293409e+01
   2.6638284e+01  -1.4000000e+01   1.4400000e+02   1.2564918e+01  -5.0088152e+01  -4.5207282e+01   3.3682604e+01
   3.0278063e+01  -1.4000000e+01   1.4400000e+02   1.2796712e+01  -4.9544150e+01  -4.9498508e+01   3.5007288e+01
   3.0542621e+01  -1.4000000e+01   1.4400000e+02   1.4879267e+01  -4.8534114e+01  -5.3385719e+01   3.9475191e+01
   2.9851045e+01  -1.4000000e+01   1.4400000e+02   1.6458296e+01  -4.8804741e+01  -5.7534627e+01   4.4060385e+01
   3.0506876e+01  -1.4000000e+01   1.4400000e+02   1.8482490e+01  -4.7770656e+01  -6.1063394e+01   4.8166639e+01
   3.2085423e+01  -1.4000000e+01   1.4400000e+02   1.9563006e+01  -4.6888125e+01  -6.5178605e+01   5.3186725e+01
   3.4390799e+01  -1.4000000e+01   1.4400000e+02   2.0716647e+01  -4.6166054e+01  -6.9237435e+01   5.7753648e+01
   3.3923880e+01  -1.4000000e+01   1.4400000e+02   1.9989057e+01  -4.6646955e+01  -7.3554573e+01   6.2370789e+01
   3.3110079e+01  -1.4000000e+01   1.4400000e+02   2.0279450e+01  -4.8991638e+01  -7.7477508e+01   6.6685503e+01
   3.4698513e+01  -1.4000000e+01   1.4400000e+02   1.9907431e+01  -4.8522192e+01  -8.1539044e+01   7.1059319e+01
   3.3627023e+01  -1.4000000e+01   1.4400000e+02   1.9054006e+01  -4.9118071e+01  -8.5338313e+01   7.4535063e+01
   2.8873975e+01  -1.4000000e+01   1.4400000e+02   2.1993136e+01  -4.9103364e+01  -8.6989158e+01   7.7416566e+01
   2.5350561e+01  -1.4000000e+01   1.4400000e+02   2.5775741e+01  -4.8880472e+01  -8.8628780e+01   7.7216154e+01
   2.5044875e+01  -1.4000000e+01   1.4400000e+02   2.3896696e+01  -4.7552681e+01  -9.3115374e+01   7.0732594e+01
   2.1343984e+01  -1.4000000e+01   1.4400000e+02   2.2503556e+01  -4.4006726e+01  -9.7221781e+01   6.2367282e+01
   2.1405529e+01  -1.4000000e+01   1.4400000e+02   1.9384909e+01  -3.9191310e+01  -9.9787913e+01   5.0966106e+01
   1.9245856e+01  -1.4000000e+01   1.4400000e+02   1.7907255e+01  -4.0841991e+01  -9.6030852e+01   3.8862600e+01
   1.3428944e+01  -1.4000000e+01   1.4400000e+02   2.3766588e+01  -5.0291199e+01  -8.7169714e+01   2.7369357e+01
   8.2356815e+00  -1.4000000e+01   1.4400000e+02   3.1045478e+01  -5.6334012e+01  -7.7933633e+01   1.8147490e+01
   2.6136982e+00  -1.4000000e+01   1.4400000e+02   3.6090355e+01  -5.9101267e+01  -7.0068527e+01   1.2134056e+01
   7.8742089e-01  -1.4000000e+01   1.4400000e+02   3.8017527e+01  -6.0452449e+01  -6.2737329e+01   8.1182018e+00
  -1.7419631e+00  -1.4000000e+01   1.4400000e+02   3.7953073e+01  -6.1317257e+01  -5.5831526e+01   1.3562324e+00
  -3.1852578e+00  -1.4000000e+01   1.4400000e+02   3.6039186e+01  -6.2570284e+01  -4.9965965e+01  -4.3242299e+00
  -5.5304289e+00  -1.4000000e+01   1.4400000e+02   3.6301085e+01  -6.1462936e+01  -4.2718691e+01  -9.4519121e+00
  -3.9628818e+00  -1.4000000e+01   1.4400000e+02   3.6421404e+01  -5.9548007e+01  -3.5648159e+01  -1.5372942e+01
  -7.3711758e-01  -1.4000000e+01   1.4400000e+02   3.8222988e+01  -5.5546948e+01  -2.7856683e+01  -1.8761440e+01
   9.2152104e-01  -1.4000000e+01   1.4400000e+02   3.4590506e+01  -5.2986302e+01  -2.3114785e+01  -1.9287033e+01
   2.4439511e+00  -1.4000000e+01   1.4400000e+02   3.0371166e+01  -5.2977879e+01  -2.0468276e+01  -1.4823921e+01
   4.4999890e+00  -1.4000000e+01   1.4400000e+02   2.6140811e+01  -5.3006711e+01  -1.8426537e+01  -1.1181661e+01
   4.8809376e+00  -1.4000000e+01   1.4400000e+02   2.1990536e+01  -5.2036493e+01  -1.7238959e+01  -6.5269938e+00
   7.7970178e+00  -1.4000000e+01   1.4400000e+02   1.8721231e+01  -5.2584424e+01  -1.7272785e+01  -2.7987498e+00
   1.0700524e+01  -1.4000000e+01   1.4400000e+02   1.5826073e+01  -5.3651286e+01  -1.7296938e+01   1.9505628e+00
   1.2995143e+01  -1.4000000e+01   1.4400000e+02   1.4099141e+01  -5.4814047e+01  -1.8189858e+01   7.1828222e+00
   1.4846282e+01  -1.4000000e+01   1.4400000e+02   1.2889756e+01  -5.5479245e+01  -1.8860115e+01   1.0189708e+01
   1.6962627e+01  -1.4000000e+01   1.4400000e+02   1.2061850e+01  -5.5712502e+01  -2.1007834e+01   1.3563017e+01
   1.8834671e+01  -1.4000000e+01   1.4400000e+02   1.1204011e+01  -5.5828930e+01  -2.3354941e+01   1.7178760e+01
   1.9715030e+01  -1.4000000e+01   1.4400000e+02   9.4247322e+00  -5.4556218e+01  -2.6090381e+01   2.1570110e+01
   2.2837448e+01  -1.4000000e+01   1.4400000e+02   9.3593886e+00  -5.4730338e+01  -2.8699434e+01   2.3205212e+01
   2.5773133e+01  -1.4000000e+01   1.4400000e+02   8.3847590e+00  -5.4129500e+01  -3.2532092e+01   2.5507616e+01
   2.8687828e+01  -1.4000000e+01   1.4400000e+02   6.4046400e+00  -5.3804707e+01  -3.6662075e+01   2.9159566e+01
   2.9292496e+01  -1.4000000e+01   1.4400000e+02   6.1917936e+00  -5.1538197e+01  -3.9423793e+01   3.1498415e+01
   3.2212224e+01  -1.4000000e+01   1.4400000e+02   5.4898458e+00  -5.1570370e+01  -4.2728224e+01   3.4918719e+01
   3.2307460e+01  -1.4000000e+01   1.4400000e+02   6.1128269e+00  -5.0278204e+01  -4.5407091e+01   3.8700308e+01
   3.2068574e+01  -1.4000000e+01   1.4400000e+02   5.9449107e+00  -4.9032513e+01  -4.8729316e+01   4.2330068e+01
   3.1221565e+01  -1.4000000e+01   1.4400000e+02   5.4903699e+00  -4.6594117e+01  -5.1308448e+01   4.7766795e+01
   3.3137247e+01  -1.4000000e+01   1.4400000e+02   5.0386375e+00  -4.5402947e+01  -5.3828573e+01   5.2597033e+01
   3.2556545e+01  -1.4000000e+01   1.4400000e+02   5.4916833e+00  -4.5188136e+01  -5.6447524e+01   5.7182552e+01
   3.1183411e+01  -1.4000000e+01   1.4400000e+02   5.1243190e+00  -4.5193772e+01  -5.9634472e+01   6.2267816e+01
   3.0556356e+01  -1.4000000e+01   1.4400000e+02   4.4718591e+00  -4.4781321e+01  -6.2554299e+01   6.6525789e+01
   2.9993275e+01  -1.4000000e+01   1.4400000e+02   3.4531519e+00  -4.4565223e+01  -6.5357829e+01   6.9700103e+01
   2.6708643e+01  -1.4000000e+01   1.4400000e+02   2.4441057e+00  -4.4399461e+01  -6.8133545e+01   7.2773641e+01
   2.6016901e+01  -1.4000000e+01   1.4400000e+02  -9.0064437e-02  -4.4594864e+01  -7.1438198e+01   6.9643314e+01
   2.3004408e+01  -1.4000000e+01   1.4400000e+02  -1.1424686e+00  -4.2483226e+01  -7.2664306e+01   6.4652339e+01
   2.0837871e+01  -1.4000000e+01   1.4400000e+02  -2.3154475e+00  -3.6427151e+01  -7.3550378e+01   5.3636780e+01
   1.9644544e+01  -1.4000000e+01   1.4400000e+02  -3.1551701e+00  -3.5569817e+01  -7.3192771e+01   4.1470948e+01
   1.7812984e+01  -1.4000000e+01   1.4400000e+02  -4.9553690e-01  -3.9974256e+01  -6.9612082e+01   2.9243056e+01
   1.2446139e+01  -1.4000000e+01   1.4400000e+02   7.2972536e+00  -4.8728726e+01  -6.2127213e+01   1.7908408e+01
   5.6371532e+00  -1.4000000e+01   1.4400000e+02   1.5714528e+01  -5.4925692e+01  -5.3665487e+01   1.2697811e+01
   3.6989579e+00  -1.4000000e+01   1.4400000e+02   2.0368590e+01  -5.8308720e+01  -4.7104588e+01   8.4163433e+00
   1.3954619e+00  -1.4000000e+01   1.4400000e+02   2.3211484e+01  -5.8128537e+01  -4.0214483e+01   1.4333814e+00
   4.1687026e-01  -1.4000000e+01   1.4400000e+02   2.4847257e+01  -5.6616144e+01  -3.3569625e+01  -5.4167538e+00
   1.2182245e+00  -1.4000000e+01   1.4400000e+02   2.6735899e+01  -5.5250410e+01  -2.6669519e+01  -1.0900160e+01
   6.6733570e+00  -1.4000000e+01   1.4400000e+02   2.7189199e+01  -5.3525234e+01  -2.0686132e+01  -1.5387868e+01
   7.9074309e+00  -1.4000000e+01   1.4400000e+02   2.3676168e+01  -5.3420104e+01  -1.8071052e+01  -1.4799969e+01
   9.8822252e+00  -1.4000000e+01   1.4400000e+02   1.9784554e+01  -5.2756217e+01  -1.6885473e+01  -1.2149517e+01
   1.1618107e+01  -1.4000000e+01   1.4400000e+02   1.6579392e+01  -5.2105720e+01  -1.6550833e+01  -8.4720573e+00
   1.3358597e+01  -1.4000000e+01   1.4400000e+02   1.3600929e+01  -5.1838584e+01  -1.6375854e+01  -4.6288055e+00
   1.5084267e+01  -1.4000000e+01   1.4400000e+02   1.1321846e+01  -5.0742553e+01  -1.7274949e+01  -3.1792811e-01
   1.6211261e+01  -1.4000000e+01   1.4400000e+02   9.4889477e+00  -4.9597257e+01  -1.8226604e+01   2.9144618e+00
   1.7327264e+01  -1.4000000e+01   1.4400000e+02   7.6636277e+00  -4.8358502e+01  -1.9734537e+01   7.3277364e+00
   1.9547038e+01  -1.4000000e+01   1.4400000e+02   7.6554915e+00  -4.9094261e+01  -2.1963207e+01   1.0477303e+01
   2.1924010e+01  -1.4000000e+01   1.4400000e+02   6.8919992e+00  -4.9515973e+01  -2.4702482e+01   1.5582864e+01
   2.4355361e+01  -1.4000000e+01   1.4400000e+02   7.1801402e+00  -4.9403687e+01  -2.7532762e+01   1.7520856e+01
   2.4680335e+01  -1.4000000e+01   1.4400000e+02   8.0315101e+00  -4.7738618e+01  -3.0478430e+01   2.0999024e+01
   2.7164739e+01  -1.4000000e+01   1.4400000e+02   7.4061679e+00  -4.7834405e+01  -3.4743511e+01   2.4905226e+01
   3.1541922e+01  -1.4000000e+01   1.4400000e+02   6.4615946e+00  -4.8341096e+01  -3.8936976e+01   2.7608834e+01
   3.3378421e+01  -1.4000000e+01   1.4400000e+02   8.6366584e+00  -4.7588158e+01  -4.2949078e+01   2.9493851e+01
   3.1948513e+01  -1.4000000e+01   1.4400000e+02   1.0974990e+01  -4.6150415e+01  -4.6764564e+01   3.4377137e+01
   3.3754821e+01  -1.4000000e+01   1.4400000e+02   1.1588880e+01  -4.5669334e+01  -5.1662152e+01   3.6811629e+01
   3.3439521e+01  -1.4000000e+01   1.4400000e+02   1.3819737e+01  -4.3439465e+01  -5.5718786e+01   4.0553584e+01
   3.3980848e+01  -1.4000000e+01   1.4400000e+02   1.5756612e+01  -4.3003143e+01  -6.0058396e+01   4.4249251e+01
   3.5244602e+01  -1.4000000e+01   1.4400000e+02   1.7025827e+01  -4.4072529e+01  -6.4207062e+01   4.9715163e+01
   3.3904457e+01  -1.4000000e+01   1.4400000e+02   1.8835046e+01  -4.1591671e+01  -6.7382417e+01   5.4556170e+01
   3.1700562e+01  -1.4000000e+01   1.4400000e+02   1.8953219e+01  -4.1655443e+01  -7.1592552e+01   5.9814968e+01
   3.4626318e+01  -1.4000000e+01   1.4400000e+02   1.5848082e+01  -4.4148562e+01  -7.7135450e+01   6.6237364e+01
   3.3847755e+01  -1.4000000e+01   1.4400000e+02   1.4360267e+01  -4.3493888e+01  -8.0994275e+01   7.0123470e+01
   2.9560305e+01  -1.4000000e+01   1.4400000e+02   1.6879011e+01  -4.2591543e+01  -8.2502627e+01   7.2835483e+01
   2.4805969e+01  -1.4000000e+01   1.4400000e+02   2.0025263e+01  -4.1622834e+01  -8.4747103e+01   7.0886489e+01
   2.4985974e+01  -1.4000000e+01   1.4400000e+02   1.9531029e+01  -4.0180214e+01  -8.9072585e+01   6.4901386e+01
   2.2474072e+01  -1.4000000e+01   1.4400000e+02   2.0716689e+01  -3.6812260e+01  -9.1432178e+01   5.6490888e+01
   2.1124134e+01  -1.4000000e+01   1.4400000e+02   1.9965233e+01  -3.6464116e+01  -9.2510426e+01   4.4769759e+01
   2.0652534e+01  -1.4000000e+01   1.4400000e+02   2.3375081e+01  -4.3290712e+01  -8.7217595e+01   3.3341764e+01
   1.5393445e+01  -1.4000000e+01   1.4400000e+02   2.9830237e+01  -5.1310148e+01  -7.9392478e+01   2.2970801e+01
   9.6347685e+00  -1.4000000e+01   1.4400000e+02   3.4489798e+01  -5.5444242e+01  -7.2152695e+01   1.8928598e+01
   6.3951997e+00  -1.4000000e+01   1.4400000e+02   3.8350707e+01  -5.8661830e+01  -6.5330758e+01   1.3402523e+01
   4.3187162e+00  -1.4000000e+01   1.4400000e+02   3.8648275e+01  -5.9496368e+01  -5.9636225e+01   8.6445980e+00
   2.4681057e+00  -1.4000000e+01   1.4400000e+02   3.7819033e+01  -6.0460298e+01  -5.3866579e+01   3.9015157e+00
   1.4612454e+00  -1.4000000e+01   1.4400000e+02   3.6390892e+01  -6.1047963e+01  -4.7945597e+01  -6.1895864e-01
   5.9143067e-01  -1.4000000e+01   1.4400000e+02   3.4289568e+01  -6.1245575e+01  -4.2347083e+01  -4.7348751e+00
   1.2885266e+00  -1.4000000e+01   1.4400000e+02   3.2853813e+01  -6.0681736e+01  -3.6227322e+01  -8.8544271e+00
   3.9662954e+00  -1.4000000e+01   1.4400000e+02   3.4110454e+01  -5.7458121e+01  -2.9288330e+01  -1.1736621e+01
   6.5656391e+00  -1.4000000e+01   1.4400000e+02   3.1350971e+01  -5.5358223e+01  -2.5358465e+01  -1.1547152e+01
   8.0657801e+00  -1.4000000e+01   1.4400000e+02   2.7659469e+01  -5.4855603e+01  -2.3588523e+01  -9.0989812e+00
   1.0253496e+01  -1.4000000e+01   1.4400000e+02   2.3278230e+01  -5.4866358e+01  -2.2643562e+01  -5.5985726e+00
   1.2278435e+01  -1.4000000e+01   1.4400000e+02   2.0377241e+01  -5.4912140e+01  -2.2691352e+01  -6.3530954e-01
   1.4127157e+01  -1.4000000e+01   1.4400000e+02   1.7927886e+01  -5.4180151e+01  -2.3351749e+01   3.8611051e+00
   1.5134494e+01  -1.4000000e+01   1.4400000e+02   1.6045477e+01  -5.3489889e+01  -2.3898422e+01   7.3002328e+00
   1.5233696e+01  -1.4000000e+01   1.4400000e+02   1.4629633e+01  -5.3475076e+01  -2.4543061e+01   1.2051410e+01
   1.6497966e+01  -1.4000000e+01   1.4400000e+02   1.3671397e+01  -5.3070467e+01  -2.6379345e+01   1.5349289e+01
   1.7186827e+01  -1.4000000e+01   1.4400000e+02   1.3277127e+01  -5.2990942e+01  -2.7963149e+01   1.7606735e+01
   1.8779760e+01  -1.4000000e+01   1.4400000e+02   1.2988231e+01  -5.3179182e+01  -2.9789817e+01   2.0937065e+01
   2.0519650e+01  -1.4000000e+01   1.4400000e+02   1.3841851e+01  -5.4463453e+01  -3.1951218e+01   2.3598298e+01
   2.1076852e+01  -1.4000000e+01   1.4400000e+02   1.4149947e+01  -5.4054533e+01  -3.4841105e+01   2.6341706e+01
   2.0923205e+01  -1.4000000e+01   1.4400000e+02   1.5531888e+01  -5.2664979e+01  -3.7305224e+01   2.7605693e+01
   2.3170763e+01  -1.4000000e+01   1.4400000e+02   1.5614929e+01  -5.3145699e+01  -4.1177681e+01   3.0276401e+01
   2.3675334e+01  -1.4000000e+01   1.4400000e+02   1.5806679e+01  -5.3380364e+01  -4.4959231e+01   3.4053732e+01
   2.6129414e+01  -1.4000000e+01   1.4400000e+02   1.5007241e+01  -5.3135283e+01  -4.8847053e+01   3.5573880e+01
   2.9126389e+01  -1.4000000e+01   1.4400000e+02   1.6563512e+01  -5.2796874e+01  -5.2484601e+01   3.7230539e+01
   2.9989098e+01  -1.4000000e+01   1.4400000e+02   1.8711150e+01  -5.1929607e+01  -5.6227375e+01   3.9352540e+01
   2.9839464e+01  -1.4000000e+01   1.4400000e+02   2.0775611e+01  -5.2373587e+01  -6.0830235e+01   4.3778543e+01
   3.1803151e+01  -1.4000000e+01   1.4400000e+02   2.0121559e+01  -5.0949353e+01  -6.5535363e+01   4.7887069e+01
   3.0515874e+01  -1.4000000e+01   1.4400000e+02   2.1159300e+01  -4.9718636e+01  -6.9178508e+01   5.0734300e+01
   3.2354266e+01  -1.4000000e+01   1.4400000e+02   2.3497443e+01  -4.9593257e+01  -7.2551428e+01   5.4928130e+01
   3.3965687e+01  -1.4000000e+01   1.4400000e+02   2.5352064e+01  -4.9905945e+01  -7.6510109e+01   6.0677128e+01
   3.1568940e+01  -1.4000000e+01   1.4400000e+02   2.5305660e+01  -5.2679578e+01  -8.1198979e+01   6.5703696e+01
   3.3295966e+01  -1.4000000e+01   1.4400000e+02   2.5277388e+01  -5.2098275e+01  -8.5533002e+01   6.9675969e+01
   3.3371822e+01  -1.4000000e+01   1.4400000e+02   2.4884975e+01  -5.3157891e+01  -9.0002700e+01   7.4155789e+01
   3.4064251e+01  -1.4000000e+01   1.4400000e+02   2.7559656e+01  -5.2057773e+01  -9.3009180e+01   7.9041454e+01
   3.5092412e+01  -1.4000000e+01   1.4400000e+02   3.0969056e+01  -5.2760041e+01  -9.6395541e+01   8.0901080e+01
   3.1277170e+01  -1.4000000e+01   1.4400000e+02   3.6516317e+01  -5.2936948e+01  -9.8799961e+01   8.3587356e+01
   3.1027845e+01  -1.4000000e+01   1.4400000e+02   4.2103729e+01  -5.3021343e+01  -1.0180742e+02   8.4163445e+01
   2.9520711e+01  -1.4000000e+01   1.4400000e+02   4.7975281e+01  -5.3180375e+01  -1.0548041e+02   8.4113028e+01
   2.5731183e+01  -1.4000000e+01   1.4400000e+02   5.4587311e+01  -5.3237106e+01  -1.0897236e+02   8.3962324e+01
   2.3684454e+01  -1.4000000e+01   1.4400000e+02   5.5938165e+01  -5.4727014e+01  -1.1551457e+02   7.5897008e+01
   2.1053057e+01  -1.4000000e+01   1.4400000e+02   5.1659435e+01  -5.2613394e+01  -1.2207004e+02   6.5638526e+01
   1.9906708e+01  -1.4000000e+01   1.4400000e+02   4.9044432e+01  -4.4994266e+01  -1.2631086e+02   5.4212804e+01
   1.8181520e+01  -1.4000000e+01   1.4400000e+02   4.5208812e+01  -3.7664452e+01  -1.2284002e+02   4.1878802e+01
   1.6221805e+01  -1.4000000e+01   1.4400000e+02   4.5369385e+01  -3.9093037e+01  -1.1433390e+02   2.9732779e+01
   1.0093479e+01  -1.4000000e+01   1.4400000e+02   5.0374747e+01  -4.4990977e+01  -1.0440947e+02   1.8844047e+01
   5.4174733e+00  -1.4000000e+01   1.4400000e+02   5.3644724e+01  -4.7857702e+01  -9.4938095e+01   8.7703133e+00
   2.7425667e+00  -1.4000000e+01   1.4400000e+02   5.5151963e+01  -5.0103084e+01  -8.5832430e+01   1.1776007e+00
   1.0175130e+00  -1.4000000e+01   1.4400000e+02   5.6126268e+01  -5.0343290e+01  -7.6839444e+01  -5.3982694e+00
  -4.3548498e-01  -1.4000000e+01   1.4400000e+02   5.6268764e+01  -4.9080841e+01  -6.7940727e+01  -1.2409568e+01
   1.7264983e+00  -1.4000000e+01   1.4400000e+02   5.6798433e+01  -4.7335147e+01  -5.9188597e+01  -1.7787266e+01
   3.8375468e+00  -1.4000000e+01   1.4400000e+02   5.4605017e+01  -4.6448563e+01  -5.1268303e+01  -2.0274576e+01
   5.4913445e+00  -1.4000000e+01   1.4400000e+02   4.8983496e+01  -4.8314877e+01  -4.6207136e+01  -1.9130686e+01
   7.7364896e+00  -1.4000000e+01   1.4400000e+02   4.2640755e+01  -4.9876442e+01  -4.2494395e+01  -1.5111528e+01
   1.0456237e+01  -1.4000000e+01   1.4400000e+02   3.6648899e+01  -5.0422482e+01  -4.0077353e+01  -1.0148950e+01
   1.4153562e+01  -1.4000000e+01   1.4400000e+02   3.1220218e+01  -5.1328592e+01  -3.8555410e+01  -4.5390846e+00
   1.6539459e+01  -1.4000000e+01   1.4400000e+02   2.7092831e+01  -5.2117140e+01  -3.7708453e+01   1.9974322e+00
   2.0828225e+01  -1.4000000e+01   1.4400000e+02   2.3296600e+01  -5.3064013e+01  -3.7725012e+01   5.7132210e+00
   2.0091641e+01  -1.4000000e+01   1.4400000e+02   2.1132541e+01  -4.9375492e+01  -4.0236100e+01   1.1644005e+01
   2.3376151e+01  -1.4000000e+01   1.4400000e+02   1.9966648e+01  -4.9046617e+01  -4.3685800e+01   1.6953262e+01
   2.7668812e+01  -1.4000000e+01   1.4400000e+02   1.8307135e+01  -4.9953973e+01  -4.6653098e+01   1.9068875e+01
   3.0713932e+01  -1.4000000e+01   1.4400000e+02   1.8905447e+01  -4.9373203e+01  -5.0853977e+01   2.3205343e+01
   3.1763753e+01  -1.4000000e+01   1.4400000e+02   1.8404478e+01  -4.6895038e+01  -5.5492526e+01   2.7138481e+01
   3.0259652e+01  -1.4000000e+01   1.4400000e+02   1.9180063e+01  -4.3615551e+01  -5.8780562e+01   3.3127312e+01
   3.1191156e+01  -1.4000000e+01   1.4400000e+02   2.1401419e+01  -4.2916336e+01  -6.2559608e+01   3.7089697e+01
   3.1492464e+01  -1.4000000e+01   1.4400000e+02   2.4083158e+01  -4.1228632e+01  -6.7178386e+01   4.0406349e+01
   3.3092461e+01  -1.4000000e+01   1.4400000e+02   2.4459523e+01  -3.9454839e+01  -7.1836565e+01   4.6783529e+01
   3.5425698e+01  -1.4000000e+01   1.4400000e+02   2.5647475e+01  -4.0918778e+01  -7.6196109e+01   5.2090800e+01
   3.4963228e+01  -1.4000000e+01   1.4400000e+02   2.6428935e+01  -4.2363861e+01  -8.0900181e+01   5.7823150e+01
   3.3840256e+01  -1.4000000e+01   1.4400000e+02   2.7480161e+01  -4.3848315e+01  -8.5403905e+01   6.2573259e+01
   3.3380864e+01  -1.4000000e+01   1.4400000e+02   2.9120123e+01  -4.5316970e+01  -8.9272464e+01   6.7435154e+01
   3.4451752e+01  -1.4000000e+01   1.4400000e+02   2.8153313e+01  -4.7197460e+01  -9.4191331e+01   7.1918782e+01
   3.2560690e+01  -1.4000000e+01   1.4400000e+02   2.8465465e+01  -4.9252452e+01  -9.7615525e+01   7.7028568e+01
   3.3162246e+01  -1.4000000e+01   1.4400000e+02   3.0397890e+01  -5.0272368e+01  -1.0011803e+02   7.9647548e+01
   3.1266334e+01  -1.4000000e+01   1.4400000e+02   3.5354605e+01  -5.0642195e+01  -1.0170051e+02   8.0933875e+01
   2.8042761e+01  -1.4000000e+01   1.4400000e+02   4.1009424e+01  -5.0516427e+01  -1.0392427e+02   8.1677538e+01
   2.3683412e+01  -1.4000000e+01   1.4400000e+02   4.7349826e+01  -5.0339893e+01  -1.0642393e+02   8.0323979e+01
   2.3898904e+01  -1.4000000e+01   1.4400000e+02   4.6987081e+01  -4.8716433e+01  -1.1214683e+02   7.1611390e+01
   2.2278823e+01  -1.4000000e+01   1.4400000e+02   4.8979932e+01  -4.4361004e+01  -1.1670136e+02   6.2500611e+01
   1.9870841e+01  -1.4000000e+01   1.4400000e+02   4.4194470e+01  -4.0098986e+01  -1.1743797e+02   5.0263066e+01
   1.6367984e+01  -1.4000000e+01   1.4400000e+02   4.6283853e+01  -4.5432398e+01  -1.0973084e+02   3.8120284e+01
   9.8135094e+00  -1.4000000e+01   1.4400000e+02   5.1817866e+01  -5.1867137e+01  -1.0059931e+02   2.7771102e+01
   7.3820705e+00  -1.4000000e+01   1.4400000e+02   5.8369530e+01  -5.4783027e+01  -9.1297536e+01   1.9158320e+01
   3.7487263e+00  -1.4000000e+01   1.4400000e+02   5.9684972e+01  -5.6089577e+01  -8.3540337e+01   1.2597041e+01
   1.6906803e+00  -1.4000000e+01   1.4400000e+02   5.8746091e+01  -5.6448012e+01  -7.6104401e+01   6.9574456e+00
   3.8584451e-02  -1.4000000e+01   1.4400000e+02   5.6253961e+01  -5.6884795e+01  -6.9137208e+01   4.5293919e-01
  -1.6744280e+00  -1.4000000e+01   1.4400000e+02   5.2498785e+01  -5.7410831e+01  -6.2652441e+01  -5.7808608e+00
  -1.6712638e+00  -1.4000000e+01   1.4400000e+02   4.9454205e+01  -5.7458034e+01  -5.5571213e+01  -1.0780792e+01
  -7.0470067e-01  -1.4000000e+01   1.4400000e+02   4.7419896e+01  -5.5195658e+01  -4.8102622e+01  -1.6603861e+01
   2.6450827e+00  -1.4000000e+01   1.4400000e+02   4.6644495e+01  -5.3140292e+01  -4.0350849e+01  -1.9287622e+01
   3.3301205e+00  -1.4000000e+01   1.4400000e+02   4.2485064e+01  -5.3375788e+01  -3.5168114e+01  -1.9846637e+01
   4.9932461e+00  -1.4000000e+01   1.4400000e+02   3.7260107e+01  -5.4202473e+01  -3.1313346e+01  -1.6728447e+01
   5.6433339e+00  -1.4000000e+01   1.4400000e+02   3.2308828e+01  -5.3696377e+01  -2.8658709e+01  -1.2200410e+01
   8.3753498e+00  -1.4000000e+01   1.4400000e+02   2.7700088e+01  -5.4326208e+01  -2.7340716e+01  -6.9274937e+00
   9.9122503e+00  -1.4000000e+01   1.4400000e+02   2.3573146e+01  -5.3776877e+01  -2.6656447e+01  -2.7437563e+00
   1.3033348e+01  -1.4000000e+01   1.4400000e+02   2.0345501e+01  -5.4464310e+01  -2.6167964e+01   1.5168791e+00
   1.5133355e+01  -1.4000000e+01   1.4400000e+02   1.9243616e+01  -5.4830025e+01  -2.6310189e+01   4.7184346e+00
   1.6059991e+01  -1.4000000e+01   1.4400000e+02   1.7531203e+01  -5.4779817e+01  -2.7009587e+01   8.2318411e+00
   1.7553804e+01  -1.4000000e+01   1.4400000e+02   1.6889211e+01  -5.5391745e+01  -2.7526341e+01   1.1035674e+01
   1.9258207e+01  -1.4000000e+01   1.4400000e+02   1.5848869e+01  -5.6283821e+01  -2.8441338e+01   1.5063666e+01
   1.9595490e+01  -1.4000000e+01   1.4400000e+02   1.4741014e+01  -5.6389327e+01  -2.9682396e+01   1.8613436e+01
   2.0771053e+01  -1.4000000e+01   1.4400000e+02   1.3898711e+01  -5.5189678e+01  -3.1890542e+01   2.1293675e+01
   2.2348762e+01  -1.4000000e+01   1.4400000e+02   1.3760881e+01  -5.5528349e+01  -3.3431133e+01   2.1851709e+01
   2.3442826e+01  -1.4000000e+01   1.4400000e+02   1.3305686e+01  -5.5805549e+01  -3.5214428e+01   2.3037395e+01
   2.5305712e+01  -1.4000000e+01   1.4400000e+02   1.3713841e+01  -5.5973969e+01  -3.6499751e+01   2.3011921e+01
   2.6592378e+01  -1.4000000e+01   1.4400000e+02   1.3109059e+01  -5.5240209e+01  -3.9280280e+01   2.5297249e+01
   2.7860317e+01  -1.4000000e+01   1.4400000e+02   1.3163255e+01  -5.3529200e+01  -4.3477945e+01   2.8804956e+01
   2.9972688e+01  -1.4000000e+01   1.4400000e+02   1.3678522e+01  -5.2609274e+01  -4.7835397e+01   3.0791612e+01
   3.0765611e+01  -1.4000000e+01   1.4400000e+02   1.2314537e+01  -5.2593598e+01  -5.2718259e+01   3.5928635e+01
   2.9129927e+01  -1.4000000e+01   1.4400000e+02   1.3729423e+01  -5.2252304e+01  -5.5416153e+01   4.1508693e+01
   3.0455382e+01  -1.4000000e+01   1.4400000e+02   1.4435249e+01  -5.2212759e+01  -5.8856977e+01   4.6801870e+01
   3.1298258e+01  -1.4000000e+01   1.4400000e+02   1.4800347e+01  -5.3596949e+01  -6.2242125e+01   5.1462551e+01
   3.1853218e+01  -1.4000000e+01   1.4400000e+02   1.6185450e+01  -5.3626470e+01  -6.4794117e+01   5.4589105e+01
   3.1857842e+01  -1.4000000e+01   1.4400000e+02   1.7339949e+01  -5.3506531e+01  -6.7768186e+01   5.9386331e+01
   3.0912333e+01  -1.4000000e+01   1.4400000e+02   1.8132671e+01  -5.3969946e+01  -7.1463241e+01   6.3292421e+01
   3.1218205e+01  -1.4000000e+01   1.4400000e+02   1.7630948e+01  -5.5525156e+01  -7.5896196e+01   6.8154515e+01
   3.2751229e+01  -1.4000000e+01   1.4400000e+02   1.8004547e+01  -5.4776920e+01  -7.9245700e+01   7.2152866e+01
   3.2306560e+01  -1.4000000e+01   1.4400000e+02   1.9666871e+01  -5.4426706e+01  -8.1656536e+01   7.5467925e+01
   2.9833611e+01  -1.4000000e+01   1.4400000e+02   2.2121489e+01  -5.4307745e+01  -8.3903289e+01   7.7862296e+01
   2.8136028e+01  -1.4000000e+01   1.4400000e+02   2.5597970e+01  -5.4258225e+01  -8.6240578e+01   8.0792173e+01
   2.7151270e+01  -1.4000000e+01   1.4400000e+02   2.9505065e+01  -5.4216438e+01  -8.8547774e+01   8.2459403e+01
   2.6605422e+01  -1.4000000e+01   1.4400000e+02   3.3489852e+01  -5.4281175e+01  -9.1583922e+01   8.2880944e+01
   2.4137175e+01  -1.4000000e+01   1.4400000e+02   3.4834584e+01  -5.4094198e+01  -9.6322197e+01   8.0607794e+01
   2.2150317e+01  -1.4000000e+01   1.4400000e+02   3.5871947e+01  -5.4626208e+01  -1.0062438e+02   7.8264865e+01
   2.1902667e+01  -1.4000000e+01   1.4400000e+02   3.7517131e+01  -5.2056396e+01  -1.0204901e+02   6.9913379e+01
   2.1519957e+01  -1.4000000e+01   1.4400000e+02   3.5412164e+01  -4.8777656e+01  -9.9118744e+01   5.8091268e+01
   1.8070211e+01  -1.4000000e+01   1.4400000e+02   3.1002242e+01  -4.7733943e+01  -9.3741836e+01   4.6168106e+01
   1.3510066e+01  -1.4000000e+01   1.4400000e+02   2.7592131e+01  -4.7601607e+01  -8.7180327e+01   3.4006442e+01
   9.9027489e+00  -1.4000000e+01   1.4400000e+02   2.5821265e+01  -5.2111918e+01  -8.0000175e+01   2.2961472e+01
   7.0035788e+00  -1.4000000e+01   1.4400000e+02   2.5539747e+01  -5.6939177e+01  -7.3594153e+01   1.5746741e+01
   3.2631491e+00  -1.4000000e+01   1.4400000e+02   2.6327633e+01  -5.9671844e+01  -6.6979141e+01   9.7224513e+00
   1.1765121e+00  -1.4000000e+01   1.4400000e+02   2.9299480e+01  -6.1445047e+01  -5.9290816e+01   4.8682090e+00
  -1.7831813e+00  -1.4000000e+01   1.4400000e+02   3.3227699e+01  -6.0253640e+01  -5.1100506e+01   2.0293664e-01
  -1.9960801e+00  -1.4000000e+01   1.4400000e+02   3.4634371e+01  -5.6276148e+01  -4.3282893e+01  -6.0670678e+00
   1.9202257e-01  -1.4000000e+01   1.4400000e+02   3.6322356e+01  -5.2091411e+01  -3.5341129e+01  -1.0945060e+01
   2.1585002e+00  -1.4000000e+01   1.4400000e+02   3.4234297e+01  -5.0073768e+01  -2.9220557e+01  -1.2259823e+01
   4.6843510e+00  -1.4000000e+01   1.4400000e+02   2.9382445e+01  -5.0745099e+01  -2.6228401e+01  -8.8920380e+00
   6.5842377e+00  -1.4000000e+01   1.4400000e+02   2.4072111e+01  -5.0503310e+01  -2.5593992e+01  -4.0505131e+00
   9.4924295e+00  -1.4000000e+01   1.4400000e+02   1.9782591e+01  -5.0793199e+01  -2.4882807e+01   2.8612696e-01
   1.2236585e+01  -1.4000000e+01   1.4400000e+02   1.6632898e+01  -5.1061987e+01  -2.4760266e+01   3.7186222e+00
   1.4841591e+01  -1.4000000e+01   1.4400000e+02   1.3948218e+01  -5.1110819e+01  -2.5706533e+01   8.2782780e+00
   1.6678534e+01  -1.4000000e+01   1.4400000e+02   1.2769145e+01  -5.1633631e+01  -2.8008885e+01   1.4262541e+01
   1.8274789e+01  -1.4000000e+01   1.4400000e+02   1.2213627e+01  -4.9788810e+01  -3.2316773e+01   1.9393553e+01
   1.9021792e+01  -1.4000000e+01   1.4400000e+02   1.2496627e+01  -4.7829760e+01  -3.6101047e+01   2.3336728e+01
   2.3098909e+01  -1.4000000e+01   1.4400000e+02   1.3565508e+01  -4.8982828e+01  -4.1017711e+01   2.5908724e+01
   2.5728286e+01  -1.4000000e+01   1.4400000e+02   1.3458215e+01  -4.8536217e+01  -4.6269861e+01   3.0705038e+01
   2.8451324e+01  -1.4000000e+01   1.4400000e+02   1.4470923e+01  -4.7279387e+01  -5.0559631e+01   3.2685973e+01
   3.0243316e+01  -1.4000000e+01   1.4400000e+02   1.3751707e+01  -4.7232120e+01  -5.5164773e+01   3.9455187e+01
   3.0908065e+01  -1.4000000e+01   1.4400000e+02   1.5229343e+01  -4.6006816e+01  -5.8220125e+01   4.4056413e+01
   3.1603942e+01  -1.4000000e+01   1.4400000e+02   1.7266948e+01  -4.4398750e+01  -6.1377132e+01   4.8696117e+01
   3.2832970e+01  -1.4000000e+01   1.4400000e+02   1.7574634e+01  -4.4212356e+01  -6.5892049e+01   5.4619637e+01
   3.5170813e+01  -1.4000000e+01   1.4400000e+02   1.5160424e+01  -4.7372064e+01  -7.1592193e+01   6.0905827e+01
   3.4465584e+01  -1.4000000e+01   1.4400000e+02   1.6675393e+01  -4.8996185e+01  -7.5142893e+01   6.7036796e+01
   3.5519922e+01  -1.4000000e+01   1.4400000e+02   1.8852005e+01  -4.9258316e+01  -7.8991644e+01   7.0693768e+01
   3.4633743e+01  -1.4000000e+01   1.4400000e+02   2.0479417e+01  -4.8005028e+01  -8.3022115e+01   7.4897066e+01
   3.6317202e+01  -1.4000000e+01   1.4400000e+02   2.2938258e+01  -4.8333839e+01  -8.6801099e+01   7.9096081e+01
   3.4576758e+01  -1.4000000e+01   1.4400000e+02   2.6442660e+01  -4.7756456e+01  -8.9896381e+01   8.1648415e+01
   3.3962175e+01  -1.4000000e+01   1.4400000e+02   3.0829775e+01  -4.7329865e+01  -9.2760647e+01   8.2726568e+01
   3.0877939e+01  -1.4000000e+01   1.4400000e+02   3.5045078e+01  -4.7554991e+01  -9.6011279e+01   8.3833445e+01
   2.7669883e+01  -1.4000000e+01   1.4400000e+02   3.8770626e+01  -4.7559756e+01  -9.9488834e+01   8.4473874e+01
   2.5331233e+01  -1.4000000e+01   1.4400000e+02   4.3449607e+01  -4.7536525e+01  -1.0368632e+02   8.1739725e+01
   2.4389582e+01  -1.4000000e+01   1.4400000e+02   4.2549027e+01  -4.5525852e+01  -1.0922593e+02   7.3282566e+01
   2.0735107e+01  -1.4000000e+01   1.4400000e+02   4.1598264e+01  -4.3549211e+01  -1.1474661e+02   6.3041875e+01
   1.8200853e+01  -1.4000000e+01   1.4400000e+02   3.7705597e+01  -3.9345137e+01  -1.1581437e+02   5.0999984e+01
   1.5032716e+01  -1.4000000e+01   1.4400000e+02   3.9446680e+01  -4.3837431e+01  -1.0907174e+02   3.8725234e+01
   9.0313641e+00  -1.4000000e+01   1.4400000e+02   4.3292577e+01  -5.1375791e+01  -1.0011772e+02   2.7344611e+01
