   7.1128422e+00  -5.3322712e+00   1.0410044e+02   3.9405249e+01  -2.1130037e+01  -2.4579984e+01  -2.5978926e+01
   7.0128072e+00  -2.5472793e+00   1.0683078e+02   3.5166987e+01  -2.0394591e+01  -2.7515889e+01  -1.9628326e+01
   8.9076427e+00   2.4578062e+00   1.0995477e+02   2.2644959e+01  -2.3982889e+01  -2.4101169e+01  -1.2175849e+01
   9.3432219e+00   3.9616383e+00   1.1309938e+02   2.6272221e+01  -2.5529060e+01  -3.3259724e+01  -6.8553041e+00
   1.0599093e+01   8.7976466e+00   1.1517005e+02   1.9402317e+01  -2.5317011e+01  -3.5622619e+01  -1.1570848e+00
   1.1735249e+01   1.4014192e+01   1.1804448e+02   1.3222692e+01  -2.4704953e+01  -3.6193892e+01   2.2646672e+00
   1.4098307e+01   1.6152022e+01   1.2062366e+02   1.4983062e+01  -2.5740084e+01  -4.2999925e+01   6.3645323e+00
   1.2802259e+01   1.5875208e+01   1.2316186e+02   1.4145515e+01  -2.6008262e+01  -4.4144968e+01   1.0352528e+01
   1.4350333e+01   1.9461711e+01   1.2607881e+02   1.0156715e+01  -2.6576723e+01  -4.6907041e+01   1.3841291e+01
   1.7247341e+01   1.7752427e+01   1.2939740e+02   1.4665299e+01  -3.0286453e+01  -5.2470962e+01   1.8760364e+01
   2.1084010e+01   1.8973708e+01   1.3642028e+02   1.1164412e+01  -3.5058475e+01  -5.4852996e+01   2.4332903e+01
   2.3074257e+01   1.9183146e+01   1.4007385e+02   1.7318733e+01  -3.6830569e+01  -6.4110656e+01   2.7675336e+01
   2.5430275e+01   1.7007583e+01   1.4852108e+02   2.4333422e+01  -4.1866221e+01  -7.4610582e+01   3.3560829e+01
   2.4512251e+01   2.0743031e+01   1.4961214e+02   3.4230055e+01  -3.9165073e+01  -8.8610582e+01   3.7117469e+01
   2.7789242e+01   1.8988569e+01   1.5518593e+02   2.4208963e+01  -4.4562451e+01  -8.1700264e+01   4.2221357e+01
   3.2752983e+01   1.4815143e+01   1.6521817e+02   3.3206422e+01  -5.2751725e+01  -9.4199899e+01   4.7498424e+01
   3.1823185e+01   1.4109983e+01   1.6792741e+02   1.9206422e+01  -5.7971005e+01  -8.4309040e+01   5.3367715e+01
   3.2472901e+01   1.4179771e+01   1.7343296e+02   1.7985201e+01  -5.5132698e+01  -8.7555256e+01   5.7203434e+01
   3.4523612e+01   1.0059163e+01   1.8291822e+02   1.0299061e+01  -6.4497095e+01  -8.2717193e+01   6.0680777e+01
   3.4293501e+01   5.5838965e+00   1.8813227e+02   1.2047948e+01  -6.8100861e+01  -8.6423387e+01   6.4788623e+01
   3.2995512e+01   6.5790380e+00   1.9068396e+02   7.1819396e+00  -7.3473036e+01  -8.2508084e+01   6.9722138e+01
   3.2578121e+01   5.1337906e+00   1.9729449e+02   2.1181940e+01  -8.3266990e+01  -9.4423910e+01   6.8407633e+01
   2.8003853e+01   3.9569483e+00   1.9623047e+02   3.3706626e+01  -8.8493854e+01  -1.0515046e+02   6.1306335e+01
   2.3245300e+01   5.6757118e+00   1.9114954e+02   1.9706627e+01  -8.7426843e+01  -9.1181185e+01   4.7575534e+01
   1.7167854e+01   1.3544132e+01   1.7714954e+02   5.7066270e+00  -7.8322062e+01  -7.8946829e+01   3.7935270e+01
   1.2838544e+01   1.3461362e+01   1.6314954e+02   7.0487620e-01  -7.0516305e+01  -6.4946829e+01   2.5454088e+01
   3.6112836e+00   1.1807966e+01   1.4914954e+02   8.2667381e+00  -5.7476932e+01  -6.1569636e+01   2.0786573e+01
  -7.3363239e-01   8.1738956e+00   1.3514954e+02   1.9668195e+01  -5.0527666e+01  -6.1213715e+01   1.7613223e+01
  -2.8625345e+00   4.2368415e+00   1.2114954e+02   2.3608162e+01  -3.6527666e+01  -5.4992021e+01   4.0822850e+00
  -1.6345988e+00   2.3751335e-01   1.1584318e+02   2.5038384e+01  -2.8440443e+01  -4.8411271e+01  -3.1680896e+00
   5.4361610e-01  -2.5585453e+00   1.1223895e+02   2.8793883e+01  -2.6416422e+01  -4.4205845e+01  -1.1980928e+01
   2.4347651e+00  -1.7393569e+00   1.1104049e+02   2.4524133e+01  -2.4304996e+01  -3.2666522e+01  -1.9360517e+01
   3.9302184e+00   1.2755054e+00   1.0883833e+02   2.4654075e+01  -2.3435822e+01  -2.4241831e+01  -2.2689348e+01
   4.0781183e+00   5.2759090e+00   1.1060743e+02   2.0332263e+01  -2.0401782e+01  -2.0127738e+01  -2.0460143e+01
   6.4974897e+00   6.7429545e+00   1.1166122e+02   2.2902945e+01  -2.1713600e+01  -2.7150600e+01  -1.5732979e+01
   8.1469958e+00   8.9354856e+00   1.1369559e+02   1.4722647e+01  -2.2460218e+01  -2.4832299e+01  -9.6103371e+00
   8.1349271e+00   1.0447668e+01   1.1725676e+02   1.7436495e+01  -2.3645865e+01  -3.2629514e+01  -3.4605262e+00
   8.8212271e+00   1.2946416e+01   1.1904248e+02   1.2779418e+01  -2.4475773e+01  -3.3285538e+01   1.3178526e+00
   8.7345421e+00   1.4975870e+01   1.2016935e+02   1.1633792e+01  -2.1914642e+01  -3.6248110e+01   4.7129414e+00
   1.0308710e+01   1.6447546e+01   1.2099757e+02   1.1204335e+01  -2.3762121e+01  -3.9109230e+01   7.7069176e+00
   1.0782023e+01   1.8993800e+01   1.2225096e+02   9.1883886e+00  -2.3206651e+01  -4.1376694e+01   9.9625650e+00
   1.3218576e+01   2.1364662e+01   1.2540905e+02   3.7387456e+00  -2.7660585e+01  -4.0755864e+01   1.3994293e+01
   1.3911178e+01   1.9294953e+01   1.2676140e+02   1.6846747e+01  -2.7707090e+01  -5.3781973e+01   1.6667930e+01
   1.4942171e+01   1.9593812e+01   1.2775626e+02   1.0834532e+01  -3.0317575e+01  -4.9142234e+01   1.9199439e+01
   1.6565017e+01   2.0882525e+01   1.2876773e+02   8.0217232e+00  -2.9563677e+01  -4.9109370e+01   2.0036161e+01
   1.8873719e+01   1.9782647e+01   1.3202366e+02   1.4873851e+01  -3.1651570e+01  -5.7424528e+01   2.2848049e+01
   2.0093379e+01   1.9769231e+01   1.3764186e+02   1.8851064e+01  -3.5218203e+01  -6.4521905e+01   2.6861098e+01
   2.0746095e+01   2.1394426e+01   1.4133234e+02   2.6627185e+01  -3.5578091e+01  -7.5829347e+01   3.0939240e+01
   2.0750149e+01   2.0716014e+01   1.4779123e+02   1.8504876e+01  -3.8211624e+01  -7.1737802e+01   3.6835619e+01
   2.1014867e+01   2.4506255e+01   1.4652397e+02   1.1185985e+01  -3.5248370e+01  -6.9144015e+01   3.7230477e+01
   2.7909470e+01   1.6842112e+01   1.5513294e+02   2.5185985e+01  -4.6606528e+01  -8.0658784e+01   4.2103469e+01
   3.1441039e+01   1.1622579e+01   1.6419539e+02   2.4475741e+01  -5.5711909e+01  -8.0559315e+01   4.7174923e+01
   3.2590816e+01   9.3717895e+00   1.6591341e+02   2.7062134e+01  -5.7646069e+01  -8.7020914e+01   5.0351979e+01
   3.2699728e+01   1.0904758e+01   1.7153644e+02   1.3062134e+01  -6.4588292e+01  -7.8969937e+01   5.6816985e+01
   3.3908495e+01   5.5170640e+00   1.7956850e+02   1.2272751e+01  -7.1269172e+01  -8.1816511e+01   6.1688806e+01
   3.3437312e+01   3.9197297e+00   1.8650405e+02   1.3599649e+01  -7.3425650e+01  -8.4877042e+01   6.5730676e+01
   3.3615441e+01   4.5606926e+00   1.8797817e+02  -4.0035068e-01  -8.1866812e+01  -7.3648387e+01   7.1120826e+01
   3.3525183e+01   3.3466329e+00   1.9020133e+02   1.2275173e+01  -7.4352891e+01  -8.5556260e+01   7.2543101e+01
   3.4535639e+01   3.8377755e+00   1.9517603e+02   2.5487709e+01  -6.7428529e+01  -9.9556260e+01   7.0967334e+01
   3.2165369e+01   2.5557932e+00   1.9769759e+02   3.9487709e+01  -7.3952126e+01  -1.1178203e+02   6.9140137e+01
   2.7280055e+01   4.6006948e+00   1.9587124e+02   2.6822012e+01  -8.7952125e+01  -9.7782027e+01   6.0944892e+01
   2.4048152e+01   5.5637781e+00   1.9439562e+02   1.3716946e+01  -8.9000498e+01  -8.6222409e+01   4.6955486e+01
   1.9282797e+01   7.4801146e+00   1.8039562e+02   1.1102983e+01  -8.3077940e+01  -7.8201558e+01   3.4504208e+01
   1.5851907e+01   1.3957283e+01   1.6639562e+02  -1.6685080e+00  -7.1817455e+01  -6.4201560e+01   2.6342847e+01
   5.9504066e+00   1.1786702e+01   1.5239562e+02   1.2331491e+01  -6.2607427e+01  -6.4839252e+01   2.5558952e+01
  -9.7315560e-01   9.5356964e+00   1.3839562e+02   2.1530477e+01  -4.8607463e+01  -6.1569911e+01   2.0308628e+01
  -3.4103794e+00   6.1911090e+00   1.2439562e+02   2.3042711e+01  -3.6122705e+01  -5.2594582e+01   1.1502102e+01
  -1.8902201e+00   1.4212489e+00   1.1493531e+02   2.1442549e+01  -2.6157758e+01  -4.0818446e+01   1.3944522e+00
  -1.7127372e+00  -2.5755909e+00   1.1120849e+02   2.8472821e+01  -2.4066332e+01  -3.9412875e+01  -6.5148562e+00
   6.2814308e-01  -5.5531524e+00   1.0937457e+02   2.6454210e+01  -2.5471596e+01  -3.1109748e+01  -1.3931316e+01
   2.1709159e+00  -6.4905482e+00   1.0772851e+02   3.2570917e+01  -2.3428033e+01  -2.9741912e+01  -2.1447453e+01
   2.3027437e+00  -1.2529149e+00   1.0813783e+02   2.6200808e+01  -1.8880037e+01  -1.9498934e+01  -2.2003355e+01
   2.5920793e+00  -8.9465347e-02   1.0916168e+02   3.0043566e+01  -1.7124687e+01  -2.5125592e+01  -1.8561347e+01
   4.3610057e+00   5.5037303e+00   1.0982338e+02   1.9661916e+01  -1.9578068e+01  -2.2675236e+01  -1.3548311e+01
   4.6372962e+00   7.1283443e+00   1.1177236e+02   1.5288782e+01  -1.9490579e+01  -2.3665040e+01  -7.8450768e+00
   6.0031596e+00   8.7466324e+00   1.1274905e+02   1.5469470e+01  -2.0907674e+01  -2.8401909e+01  -3.4723655e+00
   8.2006655e+00   1.0719498e+01   1.1359527e+02   1.2593266e+01  -2.4095592e+01  -2.9920185e+01   8.9659873e-01
   8.1051760e+00   1.2253947e+01   1.1473174e+02   1.9620529e+01  -2.2554847e+01  -4.1020174e+01   4.7475653e+00
   7.4056240e+00   1.6120855e+01   1.1760282e+02   9.5892819e+00  -2.2649328e+01  -3.6548070e+01   7.9807663e+00
   6.3438878e+00   1.7780904e+01   1.1858719e+02   1.2609727e+01  -2.1843200e+01  -4.3143553e+01   1.2113552e+01
   8.5716645e+00   1.8598784e+01   1.2203673e+02   1.4302190e+01  -2.4110671e+01  -4.8478515e+01   1.5177408e+01
   9.3449192e+00   2.0521897e+01   1.2385253e+02   9.3309371e+00  -2.4497945e+01  -4.7339295e+01   1.7168165e+01
   1.3568485e+01   2.1651846e+01   1.2526095e+02   1.1908439e+01  -2.8184657e+01  -5.2859944e+01   1.8222561e+01
   1.7198888e+01   1.9604074e+01   1.2987896e+02   1.7466804e+01  -3.2254497e+01  -6.0501052e+01   2.2904777e+01
   1.8381390e+01   1.9801318e+01   1.3418324e+02   2.7400856e+01  -3.5198848e+01  -7.1970435e+01   2.4964106e+01
   2.0389506e+01   2.2559035e+01   1.3893496e+02   1.3552186e+01  -3.5984492e+01  -6.4142102e+01   2.8516914e+01
   2.0981331e+01   2.2757102e+01   1.4420984e+02   1.4349311e+01  -3.7239934e+01  -6.7520554e+01   3.3966991e+01
   2.3701620e+01   2.1601873e+01   1.4515441e+02   1.9984931e+01  -4.0579582e+01  -7.6639324e+01   3.5980813e+01
   2.5917974e+01   1.8999963e+01   1.5209457e+02   2.6723242e+01  -4.4537135e+01  -8.3968124e+01   4.3406318e+01
   2.8362441e+01   1.6739955e+01   1.6012716e+02   3.4452535e+01  -4.9612226e+01  -9.2697043e+01   4.8102622e+01
   3.1912133e+01   1.4686369e+01   1.6748113e+02   2.5559403e+01  -5.9828667e+01  -8.6357483e+01   5.2397613e+01
   3.1278356e+01   1.6422409e+01   1.6938691e+02   1.5052248e+01  -5.4801887e+01  -8.0487644e+01   5.7954049e+01
   3.3299950e+01   8.8302950e+00   1.7828183e+02   2.0716294e+01  -6.8801886e+01  -8.7814070e+01   6.3323348e+01
   3.3385245e+01   3.3431439e+00   1.8980181e+02   2.3593961e+01  -7.9516071e+01  -9.5416551e+01   6.5251071e+01
   3.1492956e+01   3.0080341e+00   1.9718735e+02   3.7536814e+01  -8.6497144e+01  -1.0941655e+02   5.9994979e+01
   2.7135385e+01   3.7142553e+00   1.9697845e+02   2.7493479e+01  -7.2497144e+01  -9.9682080e+01   4.5994979e+01
   2.3359281e+01   5.6906962e+00   1.9062742e+02   1.4867725e+01  -8.4359716e+01  -8.5682080e+01   4.2409866e+01
   1.8727447e+01   1.1393306e+01   1.7662742e+02   5.3802906e+00  -7.8049565e+01  -7.5464663e+01   3.2783300e+01
   1.4649442e+01   1.2170119e+01   1.6262742e+02   1.1472367e+00  -7.0147036e+01  -6.5423800e+01   2.2064506e+01
   7.3298033e+00   1.1731664e+01   1.4862742e+02   7.2278631e+00  -6.2859471e+01  -6.1529816e+01   1.8679253e+01
  -5.4871564e-01   9.0936045e+00   1.3462742e+02   1.6005291e+01  -4.8859472e+01  -5.9466216e+01   1.4497260e+01
  -2.2579652e+00   5.4061617e+00   1.2062742e+02   2.1224926e+01  -3.4859472e+01  -5.3905625e+01   2.2307071e+00
   6.4290245e-01   1.2469278e+00   1.1489162e+02   1.8613614e+01  -2.8461159e+01  -4.1235008e+01  -5.3894051e+00
   9.8092855e-01  -2.3910232e+00   1.1029085e+02   2.6487810e+01  -2.4911007e+01  -3.9426075e+01  -1.5198609e+01
   3.6648079e+00  -4.3126113e+00   1.0755211e+02   2.3745052e+01  -2.3260572e+01  -3.1126184e+01  -2.3015562e+01
   3.9080951e+00  -3.0412181e+00   1.0680269e+02   2.7863247e+01  -2.2830757e+01  -2.7879207e+01  -2.7960911e+01
   3.2081529e+00  -1.7485560e+00   1.0690738e+02   3.3037937e+01  -2.0144436e+01  -2.3853621e+01  -2.7754888e+01
   4.6056364e+00   3.2619872e+00   1.0684695e+02   2.2590844e+01  -1.9388259e+01  -1.8054649e+01  -2.3733414e+01
   3.7351151e+00   5.5727190e+00   1.1062162e+02   2.0552581e+01  -2.1084924e+01  -2.2334797e+01  -1.5557002e+01
   5.4315803e+00   6.5362352e+00   1.1204929e+02   1.8676551e+01  -2.1506147e+01  -2.4258719e+01  -1.0711458e+01
   6.1319490e+00   7.5868057e+00   1.1337699e+02   1.9961705e+01  -2.1098565e+01  -2.9365349e+01  -7.0261339e+00
   7.4599240e+00   9.3752554e+00   1.1347765e+02   2.0474520e+01  -2.1197219e+01  -3.4134437e+01  -3.8957028e+00
   7.5699766e+00   1.1704965e+01   1.1627559e+02   1.6891460e+01  -2.1925224e+01  -3.5409971e+01   4.5876274e-01
   9.3788459e+00   1.4128677e+01   1.1603628e+02   1.5131578e+01  -2.2394035e+01  -3.8000342e+01   3.0077083e+00
   8.8904151e+00   1.4916392e+01   1.1787372e+02   1.6229503e+01  -2.2791405e+01  -4.2088568e+01   6.5661415e+00
   7.3920470e+00   1.6274174e+01   1.1922803e+02   2.0188647e+01  -2.0696509e+01  -4.9541615e+01   1.0078581e+01
   9.8285854e+00   1.9262636e+01   1.2132569e+02   9.1722415e+00  -2.3420566e+01  -4.3686544e+01   1.2707917e+01
   1.3384769e+01   2.0751896e+01   1.2328432e+02   6.0229330e+00  -2.7358403e+01  -4.4301872e+01   1.5182737e+01
   1.6354209e+01   2.0547052e+01   1.2536424e+02   5.8710138e+00  -3.0713421e+01  -4.5594510e+01   1.8209594e+01
   1.9675089e+01   2.0701750e+01   1.3134725e+02   5.1640781e+00  -3.4385259e+01  -4.8254546e+01   2.1560769e+01
   1.8311430e+01   2.0840588e+01   1.3376050e+02   1.5607459e+01  -3.2869663e+01  -6.0988485e+01   2.4769518e+01
   2.1892487e+01   2.1284197e+01   1.4165159e+02   1.2199928e+01  -3.7334061e+01  -6.2156108e+01   2.9100859e+01
   2.3621703e+01   2.2668391e+01   1.4212228e+02   1.4252836e+01  -3.6376297e+01  -6.8225005e+01   3.1800473e+01
   2.4922852e+01   2.0382502e+01   1.4746216e+02   2.2867750e+01  -4.1309328e+01  -7.7978042e+01   3.6086477e+01
   2.7047958e+01   1.5468872e+01   1.5497346e+02   3.6867750e+01  -4.7947989e+01  -9.0461325e+01   4.3559326e+01
   2.9596922e+01   1.5683517e+01   1.6127872e+02   2.2867750e+01  -5.1901195e+01  -8.1668320e+01   4.7183225e+01
   3.0147207e+01   1.6805472e+01   1.6411708e+02   2.4608277e+01  -5.0310120e+01  -8.8567667e+01   4.9782062e+01
   3.0707539e+01   1.8790867e+01   1.6978914e+02   1.3533625e+01  -5.0793674e+01  -8.4113953e+01   5.3059665e+01
   3.2821097e+01   1.4977238e+01   1.7775733e+02   5.5798150e+00  -6.4793674e+01  -8.0204380e+01   5.9739718e+01
   3.5208378e+01   6.2281833e+00   1.9084264e+02   5.9474714e+00  -7.8793673e+01  -8.1948041e+01   6.2865524e+01
   3.4486357e+01   4.6019740e+00   1.9335702e+02   1.9947471e+01  -7.8684967e+01  -9.3811899e+01   6.4858725e+01
   3.2052700e+01   3.2099507e+00   1.9789581e+02   3.3947470e+01  -8.2339975e+01  -1.0681841e+02   6.1833492e+01
   2.7114940e+01   3.4382672e+00   1.9980630e+02   1.9947470e+01  -9.1703012e+01  -9.5050788e+01   5.1213090e+01
   2.2921074e+01   5.0342790e+00   1.9528734e+02   7.5164324e+00  -9.1203316e+01  -8.1050789e+01   4.2707062e+01
   1.6972015e+01   7.6321313e+00   1.8128734e+02   8.1255899e+00  -8.0515415e+01  -7.8102478e+01   3.0978363e+01
   1.4912613e+01   1.2277155e+01   1.6728734e+02  -4.2200257e+00  -7.2438824e+01  -6.4507106e+01   1.9109459e+01
   5.1445603e+00   9.9499378e+00   1.5328734e+02   9.7799733e+00  -6.6768449e+01  -6.3476829e+01   2.0082686e+01
  -1.3011809e+00   9.2108849e+00   1.3928734e+02   2.3779972e+01  -5.3150465e+01  -7.0806552e+01   1.4222109e+01
  -4.8436746e+00   4.7809249e+00   1.2528734e+02   2.4359446e+01  -3.9531224e+01  -6.1131003e+01   3.6045760e+00
  -3.0186369e+00  -3.2722493e-01   1.1788543e+02   2.9306865e+01  -2.8373923e+01  -5.8319899e+01  -3.9926986e+00
   2.6134220e-01  -4.1182318e+00   1.1325923e+02   3.1179065e+01  -2.6221598e+01  -5.0501005e+01  -1.3605766e+01
   3.5322175e+00  -5.1431308e+00   1.1015012e+02   2.7910073e+01  -2.3711067e+01  -3.9913529e+01  -2.1076348e+01
   2.2717063e+00  -2.3455117e+00   1.1124424e+02   2.1686176e+01  -1.9840093e+01  -2.7235153e+01  -2.4712265e+01
   4.1990871e+00   1.1336740e+00   1.0986475e+02   1.8933191e+01  -2.0483726e+01  -1.8785335e+01  -2.4728480e+01
   3.6842641e+00   3.4785703e+00   1.0982828e+02   2.3107056e+01  -1.8119956e+01  -2.0831684e+01  -2.0871903e+01
   3.4943425e+00   6.0250157e+00   1.1185219e+02   1.9285776e+01  -1.9361218e+01  -2.2093484e+01  -1.5077334e+01
   2.5564160e+00   8.5381702e+00   1.1486043e+02   1.4808230e+01  -1.9751030e+01  -2.3626665e+01  -9.3032874e+00
   4.5153565e+00   8.7533453e+00   1.1603420e+02   1.7730179e+01  -2.1760076e+01  -2.9448136e+01  -5.7535260e+00
   6.6782987e+00   1.0134919e+01   1.1682053e+02   1.5355849e+01  -2.4342866e+01  -3.1473100e+01  -8.8236050e-01
   8.0388728e+00   1.3640901e+01   1.1760623e+02   1.0666491e+01  -2.5657147e+01  -3.2989683e+01   3.1889270e+00
   8.2065326e+00   1.5178988e+01   1.1767253e+02   1.1329329e+01  -2.2409719e+01  -3.6652225e+01   5.1960062e+00
   9.0781603e+00   1.5479885e+01   1.2023215e+02   1.1705881e+01  -2.3798469e+01  -3.9954596e+01   1.0172577e+01
   9.3370880e+00   1.8274299e+01   1.2090959e+02   1.5717514e+01  -2.2918244e+01  -4.8393210e+01   1.2409150e+01
   9.7808644e+00   1.9390114e+01   1.2246735e+02   1.7399971e+01  -2.3280189e+01  -5.3325697e+01   1.4752525e+01
   1.3747393e+01   1.9908997e+01   1.2614030e+02   1.2619237e+01  -2.8456729e+01  -5.1797364e+01   1.9114809e+01
   1.7626590e+01   1.9885470e+01   1.3021020e+02   1.3502048e+01  -3.2215908e+01  -5.5653948e+01   2.2380918e+01
   1.8605908e+01   2.0165515e+01   1.3443316e+02   1.7776783e+01  -3.2339404e+01  -6.3205245e+01   2.6040657e+01
   1.9810640e+01   1.9249199e+01   1.3892855e+02   1.8461048e+01  -3.6632439e+01  -6.5142245e+01   3.2361773e+01
   1.9731782e+01   2.1972924e+01   1.4212097e+02   2.6182058e+01  -3.4491224e+01  -7.9142245e+01   3.5891765e+01
   2.3860792e+01   2.1872881e+01   1.4885414e+02   1.9695646e+01  -4.1063791e+01  -7.7024560e+01   3.9173192e+01
   2.7037797e+01   1.9832117e+01   1.5547298e+02   2.2115349e+01  -4.7216275e+01  -8.0705617e+01   4.4272154e+01
   2.9275439e+01   1.6276653e+01   1.6326354e+02   2.1409935e+01  -5.3516960e+01  -8.2107596e+01   4.9880934e+01
   3.0067112e+01   1.5573787e+01   1.6499331e+02   1.8512962e+01  -5.3140939e+01  -8.3921801e+01   5.4174252e+01
   3.2167695e+01   1.3749725e+01   1.7588848e+02   2.1038622e+01  -6.4097603e+01  -9.3325615e+01   5.8476879e+01
   3.4053197e+01   3.0933985e+00   1.8988848e+02   1.9419414e+01  -7.4737931e+01  -9.3036060e+01   6.2475942e+01
   3.1647754e+01   2.9780400e+00   1.9561762e+02   5.7045698e+00  -8.6777714e+01  -7.9036064e+01   6.8426504e+01
   2.8007881e+01   3.6351588e+00   1.9905037e+02   1.9704570e+01  -9.1461637e+01  -9.1024009e+01   6.9873064e+01
   2.4723319e+01   4.6182553e+00   1.9528267e+02   1.1821826e+01  -8.5477043e+01  -8.4142916e+01   5.8735592e+01
   1.9755441e+01   5.6069270e+00   1.8212151e+02   1.7034720e+01  -8.1909237e+01  -8.5090158e+01   4.4735592e+01
   1.7485968e+01   7.5380905e+00   1.6812151e+02   1.7190459e+01  -7.0115480e+01  -8.3101359e+01   3.0735592e+01
   1.1366776e+01   1.2137319e+01   1.5412151e+02   9.9073231e+00  -5.8935362e+01  -6.9101359e+01   2.1000254e+01
   2.9035974e+00   1.0274283e+01   1.4012151e+02   1.6849090e+01  -5.3640208e+01  -6.2704682e+01   2.4002257e+01
  -1.3839875e+00   7.9704576e+00   1.2612151e+02   2.2640994e+01  -4.1803710e+01  -6.0117154e+01   1.4843513e+01
  -7.8316947e-01   4.0480608e+00   1.1642913e+02   2.0280813e+01  -3.1965437e+01  -5.0406691e+01   7.7044638e+00
  -1.4993219e+00   2.5172939e+00   1.1450569e+02   1.8178949e+01  -2.8786725e+01  -4.2691400e+01  -1.1674392e+00
   1.3256018e+00  -2.1872547e+00   1.1322065e+02   2.8713288e+01  -2.6574754e+01  -4.6689552e+01  -8.1243986e+00
   1.2026287e+00  -4.8244353e+00   1.1291927e+02   2.8941376e+01  -2.7291539e+01  -4.1704760e+01  -1.4648385e+01
   2.6707017e+00  -6.5589100e+00   1.0875480e+02   3.1314419e+01  -2.2342344e+01  -3.8245709e+01  -2.3240326e+01
   3.2324604e+00  -4.7930110e+00   1.0820200e+02   2.2555061e+01  -2.2811672e+01  -2.4245710e+01  -2.6964630e+01
   5.4867054e+00  -3.1359972e-01   1.0602087e+02   2.0648908e+01  -2.0924157e+01  -1.6771800e+01  -2.7577488e+01
   3.8006209e+00   1.5639919e+00   1.0842588e+02   2.3055273e+01  -1.7616750e+01  -1.8617247e+01  -2.1306509e+01
   5.2159774e+00   5.4079173e+00   1.1013333e+02   1.6921319e+01  -2.0913186e+01  -1.9952213e+01  -1.4708696e+01
   6.4465345e+00   7.2325992e+00   1.1239986e+02   1.6043921e+01  -2.2166449e+01  -2.4059930e+01  -9.8073660e+00
   8.1881471e+00   1.0242561e+01   1.1196310e+02   1.3751529e+01  -2.2619247e+01  -2.6509085e+01  -8.3175190e+00
   6.5972408e+00   1.1961873e+01   1.1363130e+02   1.2684780e+01  -2.0004729e+01  -3.0380287e+01  -3.5433353e+00
   8.1048808e+00   1.3281219e+01   1.1545589e+02   1.3398017e+01  -2.2670829e+01  -3.3707073e+01  -9.0642712e-01
   1.0487668e+01   1.4862896e+01   1.1417777e+02   1.3400594e+01  -2.3254850e+01  -3.6513017e+01   9.8825701e-01
   8.0217887e+00   1.7546239e+01   1.1615797e+02   8.6422119e+00  -2.1937274e+01  -3.5778390e+01   3.8647887e+00
   8.0715391e+00   2.0318400e+01   1.1758349e+02   4.5759976e+00  -2.1573327e+01  -3.5700921e+01   6.2380759e+00
   9.5430272e+00   1.9318853e+01   1.1938213e+02   1.4915809e+01  -2.4027225e+01  -4.7425692e+01   9.8407629e+00
   8.9363911e+00   2.2342086e+01   1.2311751e+02   3.5770948e+00  -2.2917209e+01  -4.0967153e+01   1.3424865e+01
   1.5400876e+01   2.2888889e+01   1.2325016e+02   2.6194788e+00  -2.8686111e+01  -4.2587621e+01   1.3433039e+01
   1.6173446e+01   2.1202513e+01   1.2546015e+02   7.6226708e+00  -2.9508147e+01  -4.7674584e+01   1.6002393e+01
   1.9538346e+01   2.1654061e+01   1.3051010e+02   8.2976387e+00  -3.4572250e+01  -5.1553767e+01   1.9519788e+01
   1.9704668e+01   2.1742852e+01   1.3612460e+02   3.9448133e+00  -3.7053522e+01  -4.9782555e+01   2.3203706e+01
   2.1596222e+01   2.1182869e+01   1.3820551e+02   1.1156476e+01  -3.8965244e+01  -5.9500060e+01   2.7952346e+01
   2.0922584e+01   2.6273782e+01   1.4266465e+02   1.4293628e+01  -3.4931602e+01  -6.9157848e+01   2.9831843e+01
   2.1258330e+01   2.7761491e+01   1.4289283e+02   1.2076652e+01  -3.3059179e+01  -7.1829355e+01   3.2497295e+01
   2.3861469e+01   2.3056671e+01   1.4864218e+02   2.3268298e+01  -4.2386172e+01  -8.2121775e+01   3.7552847e+01
   2.6041889e+01   2.2513894e+01   1.5554108e+02   2.1922453e+01  -4.4778540e+01  -8.3244437e+01   4.1501772e+01
   2.7189244e+01   1.7809542e+01   1.6119986e+02   3.4860428e+01  -4.9424502e+01  -9.6044099e+01   4.7194965e+01
   2.7390707e+01   1.8553883e+01   1.6249292e+02   3.8640156e+01  -4.7190097e+01  -1.0753299e+02   4.9478126e+01
   2.7871906e+01   1.5742310e+01   1.7461101e+02   4.5684074e+01  -5.5057137e+01  -1.2153299e+02   4.9424764e+01
   2.8339559e+01   1.0190458e+01   1.8768804e+02   4.0428709e+01  -6.7732558e+01  -1.1596710e+02   4.7618278e+01
   2.5449591e+01   6.0912304e+00   1.9203457e+02   2.6428709e+01  -8.1732557e+01  -1.0287579e+02   4.7441320e+01
   2.2025657e+01   5.7832630e+00   1.9460691e+02   1.2460259e+01  -8.9741539e+01  -8.8875788e+01   3.5996076e+01
   1.7484580e+01   9.3213703e+00   1.8359657e+02   1.0114999e+01  -8.0968991e+01  -8.5726044e+01   2.5635250e+01
   1.2072829e+01   1.2012438e+01   1.6959657e+02  -8.7501010e-01  -7.4497739e+01  -7.1726044e+01   1.9291261e+01
   5.1844242e+00   9.1377400e+00   1.5559657e+02   9.3051375e+00  -6.8981683e+01  -6.5990502e+01   1.9727731e+01
  -3.1615572e+00   8.3747272e+00   1.4159657e+02   1.3139747e+01  -5.4981684e+01  -5.6339933e+01   1.5850742e+01
  -3.6577658e+00   3.0237557e+00   1.2759657e+02   1.7388890e+01  -4.1249413e+01  -4.7211655e+01   5.1355261e+00
  -1.1311843e+00  -2.3028847e+00   1.1359657e+02   2.5597694e+01  -2.7249414e+01  -4.1581614e+01  -8.8644722e+00
   1.5428049e+00  -4.2833411e+00   1.1001723e+02   2.7756380e+01  -2.2735342e+01  -3.3681796e+01  -1.7141939e+01
   2.6726203e+00  -3.6125865e+00   1.0900479e+02   3.0334511e+01  -2.0515813e+01  -2.8405707e+01  -2.3528784e+01
   3.8355133e+00  -2.0052826e+00   1.0860819e+02   3.8803126e+01  -1.6707520e+01  -2.9665162e+01  -2.6332923e+01
   7.1664912e+00   4.2957389e-02   1.0774612e+02   3.5170314e+01  -2.0744830e+01  -2.7705265e+01  -2.4515333e+01
   6.7173003e+00   5.6520053e+00   1.1061110e+02   2.1170314e+01  -2.1759309e+01  -2.2618216e+01  -1.8838877e+01
   7.4098326e+00   8.4345556e+00   1.1453313e+02   2.0095941e+01  -2.3948142e+01  -2.8276225e+01  -1.1761710e+01
   7.0696485e+00   1.0063253e+01   1.1630164e+02   1.8523953e+01  -2.3464724e+01  -3.2068178e+01  -5.7663557e+00
   7.9890106e+00   1.1947134e+01   1.1821802e+02   1.6092489e+01  -2.4898832e+01  -3.4346945e+01  -8.1294246e-01
   5.9368793e+00   1.2585058e+01   1.2066638e+02   2.4278133e+01  -2.3259520e+01  -4.6183689e+01   4.7552187e+00
   7.0191016e+00   1.5235876e+01   1.2073134e+02   1.4557795e+01  -2.2505392e+01  -4.1446469e+01   7.4807309e+00
   8.0756460e+00   1.7672349e+01   1.2247507e+02   1.3977268e+01  -2.2597468e+01  -4.6122640e+01   1.1203945e+01
   1.2827383e+01   1.9834971e+01   1.2601875e+02   1.2570145e+01  -2.7939836e+01  -4.9987438e+01   1.5319248e+01
   1.1561327e+01   2.2950391e+01   1.2458899e+02   9.4933382e+00  -2.3243600e+01  -5.1171679e+01   1.6504298e+01
   1.4142901e+01   2.1434729e+01   1.2691572e+02   1.3912083e+01  -2.7984093e+01  -5.6967409e+01   2.0718327e+01
   1.5687176e+01   2.1727199e+01   1.3190222e+02   1.7022940e+01  -3.0117902e+01  -6.3483933e+01   2.4699555e+01
   1.8308333e+01   1.9608301e+01   1.3773714e+02   1.4814221e+01  -3.2586844e+01  -6.2731688e+01   2.9411937e+01
   2.1503711e+01   2.1327638e+01   1.4005976e+02   1.4871189e+01  -3.4694893e+01  -6.7160039e+01   3.2111455e+01
   2.3139397e+01   1.8988823e+01   1.4483733e+02   2.5095236e+01  -3.9281634e+01  -7.8497002e+01   3.7317853e+01
   2.4335975e+01   2.0621403e+01   1.5251618e+02   2.4781418e+01  -4.0156290e+01  -8.3676078e+01   4.2640396e+01
   2.8061481e+01   1.6091960e+01   1.6125142e+02   2.6538053e+01  -5.0657911e+01  -8.4779879e+01   4.7901217e+01
   3.1232554e+01   1.5675501e+01   1.6669754e+02   2.7610679e+01  -5.4723421e+01  -8.9866479e+01   5.1405670e+01
   3.0453905e+01   1.8322961e+01   1.6776075e+02   1.4186332e+01  -5.2053792e+01  -8.4060512e+01   5.4605723e+01
   3.0357656e+01   1.3833262e+01   1.7276624e+02   2.3136106e+01  -6.0740470e+01  -9.3526645e+01   6.2226810e+01
   3.3742789e+01   2.3676000e+00   1.8235299e+02   1.8764050e+01  -7.3850412e+01  -8.9560099e+01   6.6190163e+01
   3.3620682e+01   3.1344349e+00   1.8359007e+02   7.1645278e+00  -7.9941292e+01  -7.7610646e+01   6.9961345e+01
   3.4829939e+01   1.6644993e+00   1.8778625e+02   1.5836134e+01  -8.3082333e+01  -8.8192005e+01   7.2425555e+01
   3.4652252e+01   1.1331545e+00   1.9240382e+02   1.2948959e+01  -8.2990873e+01  -8.4414441e+01   7.3361259e+01
   3.2281795e+01   4.8796229e+00   1.9803107e+02   1.2327906e+01  -8.9100488e+01  -8.5898566e+01   7.1446550e+01
   2.8960892e+01   2.3960544e+00   1.9882988e+02   1.3633403e+01  -8.7001089e+01  -8.5370374e+01   6.7017588e+01
   2.5943033e+01   6.6260012e+00   1.9395182e+02   1.5859886e+01  -8.5319074e+01  -8.8126664e+01   5.5705007e+01
   2.2058322e+01   7.1583811e+00   1.7995182e+02   1.1418049e+01  -8.0156504e+01  -7.8974697e+01   4.6096063e+01
   1.8021743e+01   1.1132284e+01   1.6595182e+02   9.4155310e+00  -6.7011453e+01  -7.6258034e+01   3.2855043e+01
   1.3054538e+01   1.3999187e+01   1.5396473e+02   5.8106838e+00  -6.2645791e+01  -6.4623690e+01   3.0861399e+01
   5.2361881e+00   1.0029719e+01   1.4070734e+02   1.1773809e+01  -5.3860950e+01  -6.1143884e+01   2.4444099e+01
  -1.2540501e+00   9.2894899e+00   1.2768133e+02   2.5773809e+01  -3.9860950e+01  -6.6741938e+01   1.6518526e+01
  -2.2945930e+00   5.9362724e+00   1.2061906e+02   1.9210269e+01  -3.3205085e+01  -5.2741941e+01   8.9505643e+00
  -3.8827311e+00   1.2300899e+00   1.1566070e+02   2.5840432e+01  -2.8862723e+01  -5.0491109e+01   1.9880326e+00
  -2.7685386e+00  -2.4736129e+00   1.1375537e+02   2.8356503e+01  -2.8373756e+01  -4.6896018e+01  -4.3168846e+00
  -1.6797829e+00  -4.6578945e+00   1.1133620e+02   3.0849657e+01  -2.5548582e+01  -4.3342484e+01  -1.3900161e+01
   1.0842879e+00  -3.2762912e+00   1.1022453e+02   3.0251689e+01  -2.4239357e+01  -3.7349611e+01  -2.0049979e+01
   2.4967547e+00   1.1914144e+00   1.0930717e+02   2.4498463e+01  -2.1018348e+01  -2.7052475e+01  -2.5418739e+01
   4.7158464e+00   5.0940860e+00   1.0981750e+02   2.3480325e+01  -2.1621084e+01  -2.3427597e+01  -2.2699724e+01
   4.5118246e+00   7.3092275e+00   1.1127662e+02   1.9475765e+01  -2.1227171e+01  -2.2328739e+01  -1.7321939e+01
   5.1296444e+00   8.5941100e+00   1.1154029e+02   1.8721126e+01  -2.0197884e+01  -2.5351782e+01  -1.2919071e+01
   7.7025018e+00   1.1294460e+01   1.1152464e+02   1.4514315e+01  -2.1684704e+01  -2.6005607e+01  -9.4334145e+00
   7.5277988e+00   1.2530892e+01   1.1526859e+02   1.1111135e+01  -2.4454648e+01  -2.7440370e+01  -3.0133433e+00
   8.6324915e+00   1.3621355e+01   1.1744489e+02   1.3189183e+01  -2.6825930e+01  -3.3290196e+01   1.3693571e+00
   7.4792679e+00   1.4545753e+01   1.1584066e+02   1.7585348e+01  -2.2937389e+01  -4.0498890e+01   3.2248093e+00
   8.2601913e+00   1.6154978e+01   1.1723590e+02   1.3697722e+01  -2.4652457e+01  -3.9934087e+01   6.0931961e+00
   7.7552719e+00   1.7785812e+01   1.1688397e+02   1.0648260e+01  -2.2459097e+01  -3.9822929e+01   8.2614945e+00
   9.0423048e+00   2.0162965e+01   1.1769362e+02   9.3320807e+00  -2.5011987e+01  -4.1545476e+01   1.0397570e+01
   9.7243798e+00   2.2231141e+01   1.2017482e+02   4.9300540e+00  -2.5881627e+01  -4.1470617e+01   1.3762861e+01
   1.0932414e+01   2.2812941e+01   1.2018651e+02   3.6402518e+00  -2.6073163e+01  -4.2081825e+01   1.5059175e+01
   1.0780768e+01   2.2035132e+01   1.2250813e+02   6.7496195e+00  -2.7450273e+01  -4.6703891e+01   1.8803195e+01
   1.3390621e+01   2.1342622e+01   1.2223132e+02   1.0995516e+01  -2.8403414e+01  -5.1428357e+01   1.9442210e+01
   1.5427879e+01   2.2605675e+01   1.2566958e+02   6.5133895e+00  -3.0668106e+01  -4.9779026e+01   2.2336290e+01
   1.7436888e+01   2.1930505e+01   1.2906350e+02   9.3725491e+00  -3.4185059e+01  -5.4880324e+01   2.4619818e+01
   1.9815505e+01   1.9490298e+01   1.3419505e+02   1.2598953e+01  -3.7647315e+01  -5.9269462e+01   2.9341729e+01
   2.0356799e+01   2.0192928e+01   1.3749648e+02   1.1444366e+01  -3.9054233e+01  -6.2213142e+01   3.2864447e+01
   2.3516693e+01   1.8589050e+01   1.4281041e+02   1.3469639e+01  -4.3569610e+01  -6.5827824e+01   3.7572292e+01
   2.4638368e+01   1.8851805e+01   1.4513618e+02   1.5534151e+01  -4.4508302e+01  -7.3065731e+01   4.0646783e+01
   2.5440783e+01   2.0946452e+01   1.5112744e+02   1.0159357e+01  -4.6738767e+01  -7.0867235e+01   4.5525068e+01
   2.8183295e+01   1.7770500e+01   1.5910676e+02   1.0415422e+01  -5.1303598e+01  -7.2822080e+01   4.9779160e+01
   2.8710789e+01   1.7114286e+01   1.6365705e+02   2.1423431e+01  -5.3832520e+01  -8.6822079e+01   5.3792175e+01
   2.9206266e+01   1.6286424e+01   1.7013084e+02   1.8929235e+01  -5.2576722e+01  -8.8927498e+01   5.8550235e+01
   3.2432854e+01   1.3724198e+01   1.8204224e+02   2.3059142e+01  -6.2764850e+01  -9.9237465e+01   6.2303848e+01
   3.3806653e+01   7.6204265e+00   1.9277012e+02   3.6880278e+01  -6.8356586e+01  -1.1323746e+02   6.4249726e+01
   3.2762918e+01   4.1571829e+00   1.9685040e+02   4.2900586e+01  -7.6078364e+01  -1.1879732e+02   6.7684951e+01
   2.9366775e+01   3.5457536e+00   2.0115444e+02   2.9008965e+01  -8.7520991e+01  -1.0479732e+02   6.3528166e+01
   2.3463082e+01   4.7948584e+00   1.9268671e+02   1.7082479e+01  -8.2292546e+01  -9.0797318e+01   5.4136887e+01
   1.8991791e+01   6.8417286e+00   1.8147140e+02   6.5956162e+00  -7.9628365e+01  -7.8921018e+01   4.3103485e+01
   1.5971002e+01   7.1724919e+00   1.6747140e+02   9.1186630e+00  -7.1377824e+01  -7.6694008e+01   2.9331428e+01
   7.9203515e+00   7.9161902e+00   1.5347140e+02   1.5549531e+01  -6.2190122e+01  -7.0690398e+01   2.5581515e+01
   8.1974763e-01   6.9968555e+00   1.3947140e+02   2.9549530e+01  -4.9577381e+01  -7.4429870e+01   2.1273205e+01
  -2.9016447e+00   3.5288996e+00   1.2547140e+02   2.5097566e+01  -3.5806996e+01  -6.0429896e+01   1.0028940e+01
  -9.7328766e-01  -1.4914235e+00   1.1692728e+02   2.9347714e+01  -2.9123814e+01  -5.2055826e+01   2.1844640e+00
   2.5710261e-01  -5.0601138e+00   1.1239584e+02   3.5572464e+01  -2.5736794e+01  -4.8400865e+01  -7.3032643e+00
   3.8538623e+00  -8.3623084e+00   1.1036149e+02   3.8029741e+01  -2.5228529e+01  -4.1406777e+01  -1.4064770e+01
   3.8495361e+00  -6.7373013e+00   1.1034088e+02   3.4045564e+01  -2.3636405e+01  -3.3075491e+01  -1.9929669e+01
   5.3295068e+00  -3.3318047e+00   1.0745471e+02   3.0294170e+01  -1.9844194e+01  -2.4199926e+01  -2.5330514e+01
   6.9719090e+00   1.5638314e-01   1.0638118e+02   2.7147492e+01  -2.0509390e+01  -1.9670080e+01  -2.2209353e+01
   6.7032149e+00   2.5307129e+00   1.0910622e+02   2.3673565e+01  -2.1959836e+01  -2.1423416e+01  -1.6633952e+01
   6.0953365e+00   5.8816601e+00   1.1088133e+02   1.9479345e+01  -2.0950140e+01  -2.4695231e+01  -1.0486054e+01
   6.4040083e+00   7.6884623e+00   1.1229819e+02   1.3546020e+01  -2.1176561e+01  -2.2974696e+01  -5.8841021e+00
   5.3373529e+00   7.2344622e+00   1.1433526e+02   1.7327059e+01  -2.1057612e+01  -2.9112398e+01  -1.4773652e+00
   5.0530134e+00   9.1294175e+00   1.1392282e+02   1.4964265e+01  -1.9406070e+01  -3.0202185e+01   6.7660096e-01
   8.2303747e+00   1.1351405e+01   1.1524255e+02   1.6525759e+01  -2.3160470e+01  -3.6357596e+01   4.6524078e+00
   8.9341371e+00   1.2902728e+01   1.1551918e+02   1.6254035e+01  -2.2277267e+01  -3.8786220e+01   6.2021575e+00
   9.2077681e+00   1.5721986e+01   1.1797068e+02   1.1153961e+01  -2.3796594e+01  -3.8116058e+01   1.0057455e+01
   9.5967146e+00   1.8491365e+01   1.1980457e+02   7.5176821e+00  -2.4167586e+01  -3.8252440e+01   1.1827245e+01
   1.0610072e+01   2.0104361e+01   1.2158479e+02   9.3380919e+00  -2.4254687e+01  -4.3915312e+01   1.3978368e+01
   1.3048567e+01   2.0824948e+01   1.2525854e+02   7.4903793e+00  -2.7557615e+01  -4.5241448e+01   1.7766887e+01
   1.5270935e+01   2.1338445e+01   1.2620728e+02   6.0249218e+00  -2.8277189e+01  -4.5796737e+01   1.8553342e+01
   1.7671306e+01   1.9783567e+01   1.2717921e+02   1.4427501e+01  -3.0005809e+01  -5.3614375e+01   2.0015823e+01
   1.8831170e+01   1.7033904e+01   1.3045062e+02   1.6351238e+01  -3.2550469e+01  -5.5669128e+01   2.3662020e+01
   1.8937773e+01   1.9291111e+01   1.3644443e+02   1.4420922e+01  -3.3954989e+01  -5.9715620e+01   2.8253090e+01
   1.9638661e+01   1.9567325e+01   1.3755679e+02   2.0045205e+01  -3.2981019e+01  -6.8409317e+01   3.1859425e+01
   2.2267161e+01   1.9938246e+01   1.4382398e+02   1.8619552e+01  -3.8402529e+01  -7.1641027e+01   3.7351792e+01
   2.5155078e+01   1.8582268e+01   1.4908534e+02   1.5067459e+01  -4.1070776e+01  -7.0964935e+01   4.1293737e+01
   2.6984333e+01   1.7057472e+01   1.5250455e+02   2.2714145e+01  -4.1437391e+01  -8.0533595e+01   4.3077452e+01
   2.8360780e+01   1.3629617e+01   1.6065405e+02   3.4919355e+01  -4.9732444e+01  -9.4036565e+01   5.0471453e+01
   3.0330654e+01   1.1767242e+01   1.6815844e+02   2.8371423e+01  -5.6343824e+01  -9.3229831e+01   5.4471829e+01
   3.1531154e+01   1.1740536e+01   1.7426282e+02   1.4371423e+01  -6.5511722e+01  -8.5556217e+01   5.7844801e+01
   3.1134117e+01   3.8963470e+00   1.8826282e+02   2.3353412e+01  -7.6227504e+01  -9.5661787e+01   6.0539379e+01
   2.8348905e+01   2.3704263e+00   1.9340231e+02   3.3417235e+01  -8.0775402e+01  -1.0715352e+02   5.4547710e+01
   2.4398748e+01   4.9231987e+00   1.9228789e+02   1.9417235e+01  -7.4702080e+01  -9.4804366e+01   4.9342999e+01
   1.9999444e+01   6.3254397e+00   1.8235145e+02   1.6806991e+01  -7.6005756e+01  -8.8305005e+01   4.3949058e+01
   1.4881698e+01   1.2062532e+01   1.6835145e+02   2.8069913e+00  -6.2806640e+01  -7.5796449e+01   3.1746572e+01
   1.0902698e+01   1.2794535e+01   1.5435145e+02   5.3925264e+00  -6.0086361e+01  -6.8468097e+01   2.1654080e+01
   3.8529114e+00   1.1861021e+01   1.4035145e+02   1.0148387e+01  -5.2812794e+01  -6.3018938e+01   1.7934280e+01
  -2.7832088e+00   7.8840049e+00   1.2635145e+02   1.9194961e+01  -3.9244210e+01  -6.0015982e+01   1.4919077e+01
  -2.0131180e+00   3.0497301e+00   1.1755250e+02   1.8314111e+01  -3.0328588e+01  -5.0380642e+01   7.9512940e+00
  -2.6733187e+00  -1.5667527e+00   1.1306225e+02   2.4851099e+01  -2.5835280e+01  -4.7015881e+01  -1.5892875e+00
  -2.5308256e-01  -5.6508963e+00   1.1001458e+02   2.7742289e+01  -2.5110701e+01  -4.2357865e+01  -9.7164654e+00
  -1.7704500e+00  -8.3914545e+00   1.0955274e+02   4.1742289e+01  -2.3552507e+01  -5.0168950e+01  -1.5913379e+01
   2.6909695e+00  -7.7513616e+00   1.0836899e+02   3.9232589e+01  -2.3433878e+01  -4.4954387e+01  -2.2710120e+01
   2.2141018e+00  -5.8430124e+00   1.0926615e+02   3.1852286e+01  -2.2295375e+01  -3.3266645e+01  -2.5421570e+01
   2.6032883e+00  -6.1157976e+00   1.0821396e+02   4.1065579e+01  -1.7907864e+01  -3.2988617e+01  -2.7093776e+01
   4.8989618e+00  -3.7578447e+00   1.0685369e+02   3.5582199e+01  -1.9442546e+01  -2.4830703e+01  -2.2268001e+01
   4.5516938e+00  -8.5462824e-01   1.1057131e+02   2.9265170e+01  -2.1536936e+01  -2.5206393e+01  -1.5163141e+01
   5.5850011e+00   3.2986346e+00   1.1069526e+02   1.9526275e+01  -2.0773167e+01  -2.2443803e+01  -9.7560927e+00
   5.8542695e+00   4.6181610e+00   1.1359073e+02   1.8931024e+01  -2.2872971e+01  -2.6036424e+01  -4.8269897e+00
   5.6194282e+00   6.5377675e+00   1.1395564e+02   1.9798495e+01  -2.1601038e+01  -3.0947168e+01  -1.5990811e+00
   6.6084260e+00   7.9819818e+00   1.1467064e+02   2.3728847e+01  -2.1917776e+01  -3.8624773e+01   1.7800934e+00
   8.6436062e+00   1.1460530e+01   1.1575379e+02   1.4811894e+01  -2.4219753e+01  -3.5467039e+01   5.7266010e+00
   7.9426622e+00   1.4947281e+01   1.1586686e+02   1.2173185e+01  -2.1908010e+01  -3.8207600e+01   8.3826154e+00
   8.4386086e+00   1.6385788e+01   1.1663834e+02   1.4540704e+01  -2.1644404e+01  -4.3508225e+01   1.1138559e+01
   6.3894591e+00   1.8331876e+01   1.1759747e+02   1.4906172e+01  -1.9068451e+01  -4.7552027e+01   1.4358226e+01
   7.9753320e+00   1.7922616e+01   1.2121125e+02   1.9077252e+01  -2.4298536e+01  -5.4415832e+01   1.8565683e+01
   8.2832257e+00   1.9203991e+01   1.2205576e+02   1.2400195e+01  -2.3565855e+01  -5.0064495e+01   2.0353358e+01
   1.2388542e+01   1.9573744e+01   1.2327916e+02   1.4222814e+01  -2.6673326e+01  -5.4523042e+01   2.2493769e+01
   1.3668083e+01   1.7211491e+01   1.2656086e+02   2.3002780e+01  -2.8888284e+01  -6.3864816e+01   2.7693613e+01
   1.6910038e+01   2.1122063e+01   1.3217710e+02   1.0666149e+01  -3.2915237e+01  -5.8364482e+01   3.0193594e+01
   1.5705584e+01   2.1152513e+01   1.3613398e+02   2.3155496e+01  -3.2637629e+01  -7.2364482e+01   3.5098318e+01
   1.8597990e+01   2.1087268e+01   1.4044341e+02   2.7002384e+01  -3.7048482e+01  -8.1818621e+01   4.0278933e+01
   2.0709319e+01   2.3294914e+01   1.4527903e+02   2.5439797e+01  -3.7891558e+01  -8.5528792e+01   4.3510092e+01
   2.6211633e+01   2.0753745e+01   1.5927903e+02   2.1403342e+01  -4.8887079e+01  -8.3912712e+01   4.9141450e+01
   2.8736572e+01   1.5674946e+01   1.6582621e+02   2.2392453e+01  -5.6264742e+01  -8.6731597e+01   5.3988130e+01
   2.8812054e+01   1.2807232e+01   1.7093060e+02   2.4829274e+01  -6.5048912e+01  -9.2644382e+01   5.9519446e+01
   3.1448799e+01   4.5353731e+00   1.8283453e+02   2.2376016e+01  -7.9048912e+01  -9.2638536e+01   6.5546671e+01
   2.9384398e+01   4.0296492e+00   1.9228495e+02   2.7866375e+01  -8.2367564e+01  -1.0011780e+02   6.7641222e+01
   2.8986475e+01   2.6694214e+00   1.9991708e+02   1.3866375e+01  -9.6367561e+01  -8.7478687e+01   7.0578072e+01
   2.5108987e+01   1.8336378e+00   2.0034020e+02   9.3394261e+00  -9.5237321e+01  -8.0861809e+01   6.0302359e+01
   1.8013165e+01   1.7517904e+00   1.9269871e+02   3.9406699e+00  -9.6629668e+01  -7.3140798e+01   4.7517617e+01
   1.4963355e+01   7.5381064e+00   1.7973483e+02   7.8746269e+00  -8.2629668e+01  -7.6726804e+01   3.4368070e+01
   9.5012371e+00   9.1862557e+00   1.6573483e+02   3.2862563e+00  -7.0687746e+01  -6.7724391e+01   2.3033304e+01
   1.1992907e+00   7.1692991e+00   1.5173483e+02   1.2720665e+01  -6.5542189e+01  -6.4416160e+01   2.1866232e+01
  -4.7167458e+00   6.0240833e+00   1.3773483e+02   1.3071189e+01  -5.3320553e+01  -5.7354490e+01   1.6953448e+01
  -5.8210591e+00   1.5615233e+00   1.2373483e+02   1.6747129e+01  -4.0272087e+01  -5.0632357e+01   6.8774600e+00
  -7.0430384e+00  -4.8518621e+00   1.1549316e+02   3.0747129e+01  -2.7764511e+01  -5.2281713e+01  -3.4106066e+00
  -6.6486565e+00  -8.4329126e+00   1.1368132e+02   4.4747129e+01  -2.7600698e+01  -5.7504920e+01  -9.2210205e+00
  -3.1127963e+00  -1.0631425e+01   1.1103038e+02   3.6860606e+01  -2.6446400e+01  -4.3504920e+01  -1.5852478e+01
  -4.9940250e-01  -1.0427039e+01   1.0904432e+02   3.0093780e+01  -2.6826879e+01  -2.9504920e+01  -2.1969738e+01
   1.3464897e+00  -8.4157388e+00   1.0780650e+02   3.3653351e+01  -2.3772380e+01  -2.5861633e+01  -2.6603027e+01
   5.3211137e+00  -4.3721499e+00   1.0492748e+02   3.5005675e+01  -2.0282133e+01  -2.2357465e+01  -2.5948647e+01
   5.0160357e+00  -1.3551225e+00   1.0767699e+02   2.9022987e+01  -2.0515561e+01  -2.2680697e+01  -1.9447660e+01
   4.2987090e+00   1.0390609e+00   1.1134282e+02   2.7419109e+01  -2.0066118e+01  -2.7552564e+01  -1.1801791e+01
   6.3912762e+00   4.6791193e+00   1.1191392e+02   2.0563720e+01  -2.1621042e+01  -2.7669939e+01  -7.0768497e+00
   4.8382153e+00   7.0420638e+00   1.1449355e+02   1.9698441e+01  -2.0651319e+01  -3.2210522e+01  -2.6713815e+00
   6.2352853e+00   9.3128500e+00   1.1537854e+02   1.6758929e+01  -2.2249185e+01  -3.4312221e+01   1.9819560e+00
   8.3766959e+00   1.2298153e+01   1.1562429e+02   1.4038454e+01  -2.5229914e+01  -3.6272045e+01   5.2529591e+00
   8.7763611e+00   1.4183792e+01   1.1743989e+02   1.3168291e+01  -2.6131885e+01  -3.9097131e+01   9.1002744e+00
   7.5050077e+00   1.8210264e+01   1.1888468e+02   1.1779838e+01  -2.3473724e+01  -4.3737906e+01   1.1927657e+01
   9.5500807e+00   2.0332907e+01   1.2160443e+02   9.1368066e+00  -2.7705869e+01  -4.6087681e+01   1.5226958e+01
   9.7468078e+00   1.9788213e+01   1.2397552e+02   1.2141057e+01  -2.7367475e+01  -5.1177468e+01   2.0290439e+01
   1.0824557e+01   2.0855696e+01   1.2409337e+02   1.2988217e+01  -2.6745649e+01  -5.4259444e+01   2.1358298e+01
   1.7051501e+01   2.1110766e+01   1.2851009e+02   9.4935648e+00  -3.4546641e+01  -5.3667850e+01   2.2598703e+01
   1.7157234e+01   2.0505420e+01   1.3339902e+02   1.7613396e+01  -3.5473592e+01  -6.4483743e+01   2.7848821e+01
   1.7992515e+01   2.0991344e+01   1.3901063e+02   1.3004873e+01  -3.5861814e+01  -6.2122938e+01   3.2502163e+01
   1.8145193e+01   2.2435629e+01   1.4350909e+02   2.2653503e+01  -3.7588880e+01  -7.6122938e+01   3.7256214e+01
   2.1794711e+01   2.1846160e+01   1.4744124e+02   2.5383804e+01  -3.8884758e+01  -8.2553883e+01   3.9920622e+01
   2.8877566e+01   1.6381621e+01   1.6014370e+02   1.4277033e+01  -5.2884757e+01  -7.2061462e+01   4.7036524e+01
   3.0605511e+01   8.4231379e+00   1.6650624e+02   2.8277033e+01  -6.6884756e+01  -8.4474011e+01   5.3319501e+01
   3.1080926e+01   1.1467563e+01   1.6976485e+02   1.4277033e+01  -6.9404666e+01  -7.8285863e+01   5.7322174e+01
   3.2658445e+01   5.8028568e+00   1.7736961e+02   1.5865823e+01  -7.9150819e+01  -8.1436669e+01   6.2149781e+01
   3.4195991e+01   4.3554439e+00   1.8737799e+02   8.0336613e+00  -7.3866877e+01  -7.8877576e+01   6.6429938e+01
   3.3369599e+01   6.6598626e-01   1.8975762e+02   3.7322489e+00  -8.7866873e+01  -7.4308310e+01   7.4514178e+01
   3.4312663e+01   4.1863437e-01   1.8838184e+02   1.7732249e+01  -7.4729761e+01  -8.6734709e+01   7.5377193e+01
   3.4548303e+01   3.0111349e+00   1.8970953e+02   2.6539252e+01  -7.4389551e+01  -9.8104437e+01   7.6523017e+01
   3.4965846e+01   1.3761439e+00   1.9075580e+02   3.2669585e+01  -7.4490930e+01  -1.0350321e+02   7.6649065e+01
   3.5938748e+01   3.3784901e+00   1.9395805e+02   4.5156815e+01  -6.8667530e+01  -1.1750320e+02   7.4953146e+01
   3.6544080e+01   5.8610136e-01   1.9884782e+02   4.6843752e+01  -6.6674418e+01  -1.2017690e+02   7.2502104e+01
   3.3902625e+01  -7.7613778e-01   2.0171217e+02   4.4179751e+01  -8.0674418e+01  -1.1546098e+02   7.0701474e+01
   2.8072574e+01   2.7666370e+00   2.0391707e+02   3.0369884e+01  -9.4674417e+01  -1.0146098e+02   6.5438824e+01
   2.4546089e+01   1.8743847e+00   2.0321660e+02   1.6369886e+01  -1.0239047e+02  -8.7460987e+01   5.2102427e+01
   2.1173731e+01   1.0084507e+00   1.9826677e+02   9.3822633e+00  -1.0147233e+02  -7.7055197e+01   3.9971777e+01
   1.7195427e+01   3.4149691e+00   1.8832389e+02   8.1215357e+00  -9.4405540e+01  -7.4129748e+01   3.0670186e+01
   1.4536222e+01   6.5482819e+00   1.7511529e+02   7.9677758e+00  -8.5154720e+01  -7.1476930e+01   2.4407419e+01
   8.9817312e+00   1.0349443e+01   1.6111529e+02   1.7802971e+00  -7.1155976e+01  -6.0217334e+01   1.4098808e+01
   1.7356698e+00   5.1699039e+00   1.4711529e+02   1.5780297e+01  -5.8955821e+01  -5.9017207e+01   1.1967008e+01
  -3.3831019e+00   3.4453929e+00   1.3311529e+02   2.9780296e+01  -4.4955830e+01  -6.2483284e+01   2.3367484e+00
  -2.0234731e+00  -6.7654852e-01   1.1976011e+02   2.9286026e+01  -3.0955831e+01  -4.8483285e+01  -6.5229655e+00
   1.8111119e+00  -3.4661961e+00   1.1426597e+02   2.7748560e+01  -2.6818577e+01  -3.4803524e+01  -1.3644729e+01
   3.7326171e+00  -4.0817638e+00   1.1111362e+02   2.7978606e+01  -2.5403054e+01  -2.5677547e+01  -1.6386607e+01
   3.0448757e+00  -3.5044095e+00   1.1143702e+02   3.0290242e+01  -2.2128528e+01  -2.5492362e+01  -1.4930966e+01
   4.7087739e+00   1.4710275e-01   1.1169419e+02   2.7005495e+01  -2.4133033e+01  -2.8011613e+01  -1.0063165e+01
   3.2403867e+00   2.8897477e+00   1.1491163e+02   2.6474397e+01  -2.2134894e+01  -3.4511438e+01  -3.5706943e+00
   3.3497455e+00   6.0870041e+00   1.1549762e+02   1.9299290e+01  -2.1162663e+01  -3.3361516e+01   7.0151801e-01
   5.6766364e+00   6.4789666e+00   1.1507583e+02   2.3351560e+01  -2.3341805e+01  -3.9966364e+01   4.3716862e+00
   5.6216728e+00   9.6342059e+00   1.1710405e+02   2.2185435e+01  -2.4357334e+01  -4.4520361e+01   9.5023591e+00
   8.0001740e+00   1.2983074e+01   1.1805689e+02   1.7707734e+01  -2.5378353e+01  -4.5602583e+01   1.2954072e+01
   7.3913199e+00   1.6171110e+01   1.2149149e+02   1.6170147e+01  -2.6646356e+01  -4.9565917e+01   1.6863983e+01
   8.5160851e+00   1.8272342e+01   1.2471990e+02   1.2530409e+01  -2.8602702e+01  -5.0563157e+01   2.0734921e+01
   1.0186105e+01   2.1020792e+01   1.2567149e+02   6.7668370e+00  -2.8769396e+01  -4.8182694e+01   2.1581798e+01
   1.0079744e+01   2.0037291e+01   1.2678301e+02   6.6457467e+00  -2.9631436e+01  -4.8583492e+01   2.5315049e+01
   1.3293511e+01   2.0502732e+01   1.2850547e+02   1.3115753e+01  -3.1963516e+01  -5.7307289e+01   2.5333241e+01
   1.8366759e+01   1.9020462e+01   1.3329210e+02   1.5337258e+01  -3.8948225e+01  -6.0951047e+01   2.7989619e+01
   1.6782288e+01   2.2040282e+01   1.3682387e+02   1.5896725e+01  -3.7000086e+01  -6.6039435e+01   3.1484918e+01
   1.7777916e+01   2.3095002e+01   1.4090101e+02   2.2323984e+01  -3.8409811e+01  -7.6013865e+01   3.5918152e+01
   2.0528509e+01   2.2822535e+01   1.4721269e+02   2.6451358e+01  -4.2082326e+01  -8.2674153e+01   4.1108957e+01
   2.2221295e+01   2.2420571e+01   1.4980715e+02   3.0743547e+01  -4.2689343e+01  -8.8888422e+01   4.3013869e+01
   2.7946719e+01   1.5521696e+01   1.6114133e+02   1.8356216e+01  -5.6689343e+01  -7.5823802e+01   5.0225465e+01
   2.9583943e+01   1.1430829e+01   1.6532195e+02   3.0799898e+01  -6.7567675e+01  -8.9823802e+01   5.5099023e+01
   3.1450879e+01   1.0853591e+01   1.7282349e+02   1.6799898e+01  -7.4994910e+01  -8.0424406e+01   5.9515746e+01
   3.2537942e+01   1.1012068e+01   1.7762190e+02   8.4132961e+00  -7.9961853e+01  -7.5541756e+01   6.2465190e+01
   3.3544061e+01   3.8636053e+00   1.8612306e+02   1.9304289e+01  -8.6231058e+01  -8.5248224e+01   6.6252098e+01
   3.3300422e+01  -8.4352206e-01   1.8844816e+02   1.7141763e+01  -9.2983873e+01  -8.5120169e+01   7.0005539e+01
   3.2160298e+01  -2.3574105e+00   1.8845336e+02   1.8322526e+01  -9.2608887e+01  -8.6271218e+01   7.5046358e+01
   3.3624879e+01  -3.4327323e+00   1.9025531e+02   3.2322526e+01  -8.9520233e+01  -9.7340656e+01   7.6408716e+01
   3.4486913e+01  -8.5069825e+00   1.9218055e+02   3.2999497e+01  -9.2570676e+01  -9.4694881e+01   7.5402799e+01
   3.4745330e+01  -9.5498916e+00   1.9621891e+02   2.1108602e+01  -9.8846592e+01  -8.3291066e+01   7.5139085e+01
   3.4689457e+01  -1.1085816e+01   1.9899550e+02   3.5108602e+01  -8.4846638e+01  -9.5515721e+01   7.3812188e+01
   3.0862937e+01  -1.5581478e+01   1.9867531e+02   4.2240278e+01  -8.0887773e+01  -1.0077766e+02   7.4234230e+01
   2.7547990e+01  -1.9538130e+01   1.9951175e+02   5.6240278e+01  -8.6866427e+01  -1.1173731e+02   7.4124831e+01
   2.2655685e+01  -1.1744091e+01   2.0025686e+02   4.2240279e+01  -9.3999276e+01  -1.0200137e+02   6.0124833e+01
   2.0429531e+01  -6.7702214e+00   1.9888938e+02   2.8240279e+01  -9.6777958e+01  -9.0076336e+01   5.1845918e+01
   1.5657347e+01  -5.3672506e-01   1.9341757e+02   1.4240279e+01  -9.9679069e+01  -7.7440138e+01   4.1562466e+01
   1.4027902e+01   3.2530218e+00   1.8421014e+02   2.8355938e+00  -8.8120476e+01  -7.0122899e+01   2.7562466e+01
   9.2078785e+00   7.9811618e+00   1.7021014e+02   5.6664449e+00  -7.4120478e+01  -7.3649915e+01   1.6755891e+01
   3.2053459e+00   6.3245277e+00   1.5621014e+02   5.1180767e+00  -6.4774924e+01  -6.2000930e+01   1.0916022e+01
  -1.7718650e+00   3.5983542e+00   1.4221014e+02   1.1357634e+01  -5.3811642e+01  -5.7370987e+01   7.7327584e+00
  -3.0096009e+00  -6.6851795e-01   1.2821014e+02   2.1181562e+01  -4.2261367e+01  -5.4039383e+01  -2.4013006e+00
  -5.4046910e-01  -4.6750306e+00   1.1578520e+02   2.3743248e+01  -2.9671431e+01  -4.3117821e+01  -1.0225628e+01
   2.0588363e+00  -7.8290748e+00   1.1031552e+02   2.3860827e+01  -2.2947960e+01  -2.9286314e+01  -2.0811611e+01
  -7.7355885e-01  -1.0800840e+01   1.1158523e+02   3.7860825e+01  -1.8680068e+01  -3.2668261e+01  -2.5321699e+01
   6.3255206e+00  -8.6340919e+00   1.0637707e+02   3.9152708e+01  -2.1849650e+01  -2.5497290e+01  -3.1508738e+01
   8.3529282e+00  -5.3995918e+00   1.0525222e+02   3.9094107e+01  -1.9783156e+01  -2.0933956e+01  -3.3583636e+01
   7.3580333e+00  -2.9625054e+00   1.0667970e+02   4.2085374e+01  -1.8150217e+01  -2.7915841e+01  -3.0318156e+01
   7.6112433e+00   1.5239869e+00   1.0994075e+02   2.8085375e+01  -2.0396975e+01  -2.1865916e+01  -2.3353434e+01
   8.1090212e+00   6.7747896e-01   1.1309871e+02   2.8730116e+01  -2.3809154e+01  -2.5519805e+01  -1.6092089e+01
   8.8816479e+00   3.7356854e+00   1.1390925e+02   2.5485146e+01  -2.3482127e+01  -2.8966704e+01  -1.1637130e+01
   9.1738080e+00   8.2741571e+00   1.1593887e+02   1.6500169e+01  -2.2622020e+01  -2.7315370e+01  -7.7929940e+00
   1.0649080e+01   8.0996849e+00   1.1831761e+02   2.0244655e+01  -2.4017826e+01  -3.4620409e+01  -2.9331084e+00
   1.1403745e+01   1.3075175e+01   1.2084823e+02   1.3062343e+01  -2.4771750e+01  -3.4841269e+01   9.1559716e-01
   1.3007493e+01   1.6133741e+01   1.2167075e+02   8.9543650e+00  -2.4292513e+01  -3.5115686e+01   2.2896523e+00
   1.3195416e+01   1.9577375e+01   1.2398342e+02   9.8205757e+00  -2.5185176e+01  -4.1064530e+01   4.8958782e+00
   1.2876416e+01   1.9845812e+01   1.2489662e+02   1.1840415e+01  -2.3801082e+01  -4.6004811e+01   8.4756083e+00
   1.4922238e+01   2.1328837e+01   1.2744678e+02   9.0156173e+00  -2.7471128e+01  -4.7623951e+01   1.2594022e+01
   1.4860200e+01   2.0600334e+01   1.2765553e+02   1.6818113e+01  -2.7553142e+01  -5.6207157e+01   1.5234358e+01
   1.9373077e+01   1.9409230e+01   1.3019311e+02   1.5025671e+01  -3.1373576e+01  -5.5774531e+01   1.7869320e+01
   2.0073474e+01   2.1661999e+01   1.3599105e+02   1.2627027e+01  -3.3526629e+01  -5.8552725e+01   2.3211850e+01
   2.0914199e+01   2.3251039e+01   1.3972360e+02   1.9671131e+01  -3.3931890e+01  -6.8619811e+01   2.6176259e+01
   2.4689944e+01   2.4638790e+01   1.4690620e+02   8.7518921e+00  -3.7029071e+01  -6.3395483e+01   3.0105586e+01
   2.0649695e+01   2.6876475e+01   1.4383528e+02   2.0121185e+01  -2.9855924e+01  -7.7395483e+01   3.2850385e+01
   2.5027862e+01   2.4075754e+01   1.5273660e+02   2.2043194e+01  -4.1449494e+01  -8.1463083e+01   3.9812232e+01
   2.7924298e+01   2.2765655e+01   1.5462614e+02   2.2412743e+01  -4.0682314e+01  -8.3680867e+01   4.0914531e+01
   2.9752060e+01   2.1296007e+01   1.6091165e+02   2.0560734e+01  -4.7099046e+01  -8.4088660e+01   4.5379464e+01
   3.1720114e+01   1.6512835e+01   1.6615975e+02   2.1560073e+01  -5.2096986e+01  -8.4915334e+01   5.0372023e+01
   3.0937037e+01   1.8374538e+01   1.6835847e+02   2.2872324e+01  -5.0065673e+01  -9.1615133e+01   5.2527542e+01
   3.0428293e+01   1.8270067e+01   1.7115735e+02   2.6761901e+01  -4.9556442e+01  -9.8828902e+01   5.5674111e+01
   3.4914393e+01   1.2913239e+01   1.8515735e+02   2.4175188e+01  -6.3556441e+01  -1.0071044e+02   5.9882634e+01
   3.4129653e+01   6.1876429e+00   1.9549798e+02   3.8175187e+01  -7.5616031e+01  -1.1276723e+02   6.0869636e+01
   3.0273386e+01   4.1292796e+00   1.9803337e+02   5.2175181e+01  -8.9217403e+01  -1.2534775e+02   5.6000728e+01
   2.5899053e+01   7.6693443e+00   1.9189243e+02   3.8175181e+01  -8.4774441e+01  -1.1296482e+02   4.4639569e+01
   1.9586942e+01   1.0602608e+01   1.7789243e+02   2.6273470e+01  -7.4478292e+01  -9.8964819e+01   3.1491992e+01
   1.5623004e+01   1.3102723e+01   1.6389243e+02   1.9296166e+01  -7.0916467e+01  -8.4964819e+01   2.5366261e+01
   6.4706696e+00   1.2615657e+01   1.4989243e+02   1.8055349e+01  -6.0995126e+01  -7.0964819e+01   2.2626804e+01
  -1.8538226e+00   1.1732016e+01   1.3589243e+02   1.6542608e+01  -4.6995132e+01  -5.6964829e+01   1.7361321e+01
  -2.4279024e+00   6.2152069e+00   1.2189243e+02   2.2360732e+01  -3.3304923e+01  -4.7836638e+01   7.8235456e+00
  -4.5530123e-01   2.5213463e+00   1.0994710e+02   2.1803697e+01  -2.2386017e+01  -3.6384975e+01  -3.3271129e+00
   9.5767947e-01  -1.4695667e+00   1.0622766e+02   2.6879018e+01  -1.9600767e+01  -2.9508353e+01  -1.5346155e+01
   3.2218114e+00  -3.0046851e+00   1.0600027e+02   2.3287512e+01  -1.9260916e+01  -2.0639013e+01  -2.2105295e+01
   5.3631709e+00  -2.6131758e+00   1.0576697e+02   2.6049912e+01  -2.1671646e+01  -1.6703751e+01  -2.6459132e+01
   2.9656956e+00   6.0542658e-01   1.0885374e+02   2.6723607e+01  -1.9533245e+01  -1.7829497e+01  -2.6695880e+01
   3.8872864e+00   3.1826681e+00   1.0882657e+02   2.0967203e+01  -1.9227205e+01  -1.6309928e+01  -2.3828312e+01
   4.0228762e+00   6.8451194e+00   1.1155985e+02   1.5178731e+01  -1.9957948e+01  -1.6962770e+01  -1.8216632e+01
   7.7144547e+00   7.9129460e+00   1.1083438e+02   1.7389273e+01  -2.2179741e+01  -2.2315096e+01  -1.5212064e+01
   8.8111976e+00   9.6759155e+00   1.1253146e+02   1.5160816e+01  -2.1982895e+01  -2.4422640e+01  -1.1470872e+01
   8.8822236e+00   1.1415280e+01   1.1414627e+02   1.4446677e+01  -2.1313864e+01  -2.6898881e+01  -7.9467795e+00
   1.0217645e+01   1.3424318e+01   1.1689567e+02   1.5375722e+01  -2.5055583e+01  -3.2638440e+01  -3.0174086e+00
   1.1069703e+01   1.5842639e+01   1.1733974e+02   1.1148176e+01  -2.2967958e+01  -3.2442007e+01  -9.0570093e-01
   1.3005755e+01   1.9512425e+01   1.2014591e+02   7.2483546e+00  -2.4444263e+01  -3.4452464e+01   1.6690001e+00
   1.2593738e+01   1.9603525e+01   1.2039756e+02   1.2320303e+01  -2.2844088e+01  -4.1120016e+01   3.7193260e+00
   1.3514061e+01   2.0286705e+01   1.2273438e+02   1.0753357e+01  -2.5546036e+01  -4.2363539e+01   6.8551940e+00
   1.7339873e+01   1.8752374e+01   1.2577635e+02   1.9385747e+01  -2.9951118e+01  -5.3334003e+01   1.1050560e+01
   1.6519618e+01   1.8255193e+01   1.2845493e+02   2.6144212e+01  -2.9566666e+01  -6.1814439e+01   1.5204256e+01
   2.1489923e+01   1.9429574e+01   1.3290774e+02   1.4450135e+01  -3.5545169e+01  -5.4484010e+01   1.8476616e+01
   2.3555150e+01   1.8274936e+01   1.3633601e+02   1.1418149e+01  -3.8071236e+01  -5.4347423e+01   2.2509566e+01
   2.2260634e+01   1.9375761e+01   1.3792991e+02   1.7313938e+01  -3.5457010e+01  -6.3064387e+01   2.7156669e+01
   2.1825118e+01   2.1738314e+01   1.4339515e+02   2.1701210e+01  -3.3616999e+01  -7.3555639e+01   3.1854107e+01
   2.6989759e+01   1.9672431e+01   1.4825449e+02   2.2720489e+01  -4.2123960e+01  -7.7583721e+01   3.5237889e+01
   2.7345138e+01   1.5933727e+01   1.5279383e+02   3.3902271e+01  -4.2021806e+01  -8.9002134e+01   4.0454488e+01
   2.9012570e+01   1.7064644e+01   1.5918595e+02   2.5409455e+01  -4.5307936e+01  -8.5173584e+01   4.5829223e+01
   2.8582193e+01   2.0750769e+01   1.6211142e+02   1.8095927e+01  -4.0920431e+01  -8.5681256e+01   4.7987626e+01
   2.9896760e+01   1.8935917e+01   1.6638413e+02   2.1865900e+01  -4.4646960e+01  -9.4563328e+01   5.1304291e+01
   3.2061952e+01   1.2548060e+01   1.8038413e+02   2.2732580e+01  -5.6558561e+01  -9.8793421e+01   5.5460187e+01
   2.9261452e+01   7.1191360e+00   1.9163018e+02   3.4080204e+01  -7.0558501e+01  -1.0932211e+02   5.0541423e+01
   2.5326218e+01   4.4892278e+00   1.9369218e+02   2.0080204e+01  -8.1587607e+01  -9.5322108e+01   4.7539993e+01
   2.2710549e+01   5.1080640e+00   1.9555399e+02   8.2406738e+00  -9.2377091e+01  -8.2481114e+01   3.8272338e+01
   1.8575190e+01   9.1426222e+00   1.8155399e+02   2.0716250e+00  -8.2549164e+01  -7.4996870e+01   2.7567726e+01
   1.3668177e+01   1.2098896e+01   1.6755399e+02  -5.9615926e-01  -7.5142286e+01  -6.8904315e+01   1.9274347e+01
   5.6600615e+00   9.8966287e+00   1.5355399e+02   1.1904181e+01  -6.8482950e+01  -6.7817048e+01   2.0177231e+01
  -8.4850692e-01   7.9240923e+00   1.3955399e+02   2.5904180e+01  -5.4482950e+01  -7.1006108e+01   1.4685823e+01
  -2.7943357e+00   4.9376941e+00   1.2555399e+02   2.4240067e+01  -4.0482950e+01  -6.0800456e+01   5.1968106e+00
  -1.5958908e+00   8.9018177e-01   1.1429770e+02   2.0718413e+01  -2.6604099e+01  -4.7521257e+01  -4.1617683e+00
  -3.0927573e-01  -2.7188173e+00   1.1191378e+02   2.7032807e+01  -2.5335028e+01  -4.4830947e+01  -1.1659872e+01
  -1.4270259e-01  -4.5516592e+00   1.0951997e+02   3.1021636e+01  -2.2712577e+01  -4.2377093e+01  -1.9482523e+01
   1.2667564e+00  -4.3072436e+00   1.0946800e+02   3.5760857e+01  -2.2661988e+01  -4.0890737e+01  -2.3562501e+01
   1.6655913e+00  -2.2697964e+00   1.0819238e+02   2.7105474e+01  -1.9835939e+01  -2.6890737e+01  -2.9312476e+01
   1.3770405e+00   4.9027987e-01   1.0890814e+02   2.5396887e+01  -1.8234301e+01  -1.9884181e+01  -2.5934521e+01
   2.8500834e+00   2.0357422e+00   1.0921652e+02   2.1981028e+01  -1.8351017e+01  -1.8365858e+01  -2.0879432e+01
   3.3875471e+00   5.2842533e+00   1.1097177e+02   1.7085190e+01  -1.9890715e+01  -2.0380311e+01  -1.3597625e+01
   4.4568984e+00   7.6097768e+00   1.1178479e+02   1.3560550e+01  -2.0149559e+01  -2.1409581e+01  -1.0487517e+01
   4.7426803e+00   9.1157177e+00   1.1370009e+02   1.5893298e+01  -2.0387766e+01  -2.7870457e+01  -6.3620958e+00
   6.8277580e+00   1.1526007e+01   1.1485146e+02   1.2743980e+01  -2.2498506e+01  -3.0301569e+01  -8.1918680e-01
   7.4233623e+00   1.3798641e+01   1.1665291e+02   1.5069898e+01  -2.3717748e+01  -3.7025980e+01   2.9102490e+00
   6.9122558e+00   1.4536762e+01   1.1729881e+02   1.6025614e+01  -2.3221902e+01  -3.9941619e+01   5.3752953e+00
   6.3815920e+00   1.6695084e+01   1.1826921e+02   1.3740683e+01  -2.1085170e+01  -4.2011475e+01   8.7302869e+00
   7.4625861e+00   1.9991114e+01   1.1912581e+02   6.5236434e+00  -2.2191338e+01  -3.9494601e+01   1.1130382e+01
   1.1602952e+01   2.1480334e+01   1.2253645e+02   7.5160751e+00  -2.7223169e+01  -4.3791978e+01   1.4107616e+01
   1.1365899e+01   2.2714083e+01   1.2391448e+02   1.1597529e+01  -2.6696432e+01  -5.1187614e+01   1.7004215e+01
   1.3097870e+01   2.2791525e+01   1.2622830e+02   8.7414545e+00  -2.9065862e+01  -5.1226740e+01   2.0104463e+01
   1.4889665e+01   2.0992652e+01   1.2803277e+02   1.7908656e+01  -3.0895118e+01  -6.1062954e+01   2.2152987e+01
   1.7922937e+01   1.9007699e+01   1.3149331e+02   1.9287655e+01  -3.4563316e+01  -6.2300283e+01   2.4741359e+01
   1.8393194e+01   2.2553320e+01   1.3477462e+02   1.3968257e+01  -3.3897512e+01  -6.2166746e+01   2.6448547e+01
   1.9939108e+01   2.0910525e+01   1.3661002e+02   1.8934324e+01  -3.7221073e+01  -6.7713854e+01   3.0017476e+01
   2.0357820e+01   2.1509082e+01   1.4260459e+02   2.1058596e+01  -3.7464396e+01  -7.2633531e+01   3.6781977e+01
   2.0893309e+01   2.4075467e+01   1.4605062e+02   1.6514178e+01  -3.7378950e+01  -7.4054566e+01   4.0043773e+01
   2.3342210e+01   2.3049667e+01   1.5090882e+02   1.6322872e+01  -4.0340713e+01  -7.6561416e+01   4.2903087e+01
   2.7867621e+01   1.9158311e+01   1.6089623e+02   1.7775869e+01  -5.3245395e+01  -7.8866486e+01   4.9913004e+01
   2.7245493e+01   1.6465534e+01   1.6245792e+02   2.9611944e+01  -5.4533655e+01  -9.2866486e+01   5.4499937e+01
   2.9348609e+01   1.4634166e+01   1.6930048e+02   2.4089371e+01  -5.7578434e+01  -9.1366587e+01   5.7580168e+01
   3.1186838e+01   1.4879202e+01   1.7855825e+02   1.1040566e+01  -6.6957483e+01  -8.4701110e+01   6.1434000e+01
   3.3868998e+01   7.4940418e+00   1.9149809e+02   1.0568231e+01  -7.7437736e+01  -8.5991307e+01   6.3906815e+01
   3.2862633e+01   3.3948705e+00   1.9617414e+02   4.4491480e+00  -7.7918219e+01  -7.7919723e+01   7.1019465e+01
   3.1959009e+01   2.1650825e+00   1.9819573e+02   1.4750501e+01  -8.0543948e+01  -8.7755585e+01   7.2280143e+01
   2.8444737e+01   5.1775031e+00   2.0288518e+02   1.4428482e+01  -9.4543948e+01  -8.7358505e+01   6.7732441e+01
   2.4080499e+01   5.2783502e+00   1.9556287e+02   4.1308249e+00  -8.5668835e+01  -7.5898680e+01   6.2652644e+01
   2.0156049e+01   5.4909742e+00   1.8156287e+02   3.8122149e+00  -8.3961738e+01  -7.1374879e+01   5.9457855e+01
   1.5504447e+01   9.2497566e+00   1.6756287e+02   1.2321934e+01  -7.0324233e+01  -7.9609328e+01   4.5457855e+01
   1.0910391e+01   1.3216793e+01   1.5398966e+02   1.3130300e+00  -6.3699262e+01  -6.5609329e+01   3.1457855e+01
   4.8718772e+00   9.5059839e+00   1.4377668e+02   1.2282834e+01  -5.6956990e+01  -6.6230142e+01   2.2337607e+01
  -1.6078556e+00   6.5713938e+00   1.3458636e+02   2.4842194e+01  -4.6203660e+01  -7.0027841e+01   1.9905404e+01
  -1.1760971e+00   1.9390236e+00   1.2216776e+02   2.4326863e+01  -3.3862712e+01  -5.8334189e+01   8.5994023e+00
  -2.1505124e+00  -2.5052255e+00   1.1775685e+02   3.3360010e+01  -2.9017218e+01  -5.5154208e+01   3.1633432e+00
   1.3759465e+00  -4.5054425e+00   1.1257448e+02   2.7636379e+01  -2.7641926e+01  -4.1154208e+01  -4.3183124e+00
   2.3165465e+00  -5.4798028e+00   1.0955683e+02   2.4572728e+01  -2.5952273e+01  -2.7827822e+01  -1.0246685e+01
   3.5374908e+00  -1.3678381e+00   1.0887840e+02   2.5518804e+01  -2.1187139e+01  -2.2119284e+01  -1.4945504e+01
   4.9757070e+00   2.1017893e+00   1.1027249e+02   2.0625687e+01  -2.3759601e+01  -2.0010033e+01  -1.2038117e+01
   4.3481408e+00   4.7534229e+00   1.1257264e+02   2.1156837e+01  -2.3085030e+01  -2.6462225e+01  -6.6203431e+00
   4.4191970e+00   6.8696158e+00   1.1411013e+02   1.9809019e+01  -2.2234648e+01  -3.0917762e+01  -2.0994352e+00
   6.1071944e+00   8.7712334e+00   1.1547842e+02   1.5136475e+01  -2.3272178e+01  -3.0686746e+01   1.6798225e+00
   6.9181683e+00   1.0159862e+01   1.1762626e+02   1.4651003e+01  -2.4272555e+01  -3.4031522e+01   6.0010335e+00
   7.4258805e+00   1.2772300e+01   1.1757941e+02   1.6088797e+01  -2.3238543e+01  -4.0266347e+01   9.2537009e+00
   7.7956429e+00   1.4739852e+01   1.1951277e+02   1.4843484e+01  -2.3576202e+01  -4.2217412e+01   1.2419229e+01
   7.2090939e+00   1.7060279e+01   1.2192255e+02   1.0572242e+01  -2.1839976e+01  -4.3330715e+01   1.6466740e+01
   1.1571715e+01   2.0326919e+01   1.2372359e+02   8.0077112e+00  -2.7752387e+01  -4.5769525e+01   1.8325735e+01
   1.2097932e+01   2.0798695e+01   1.2633759e+02   7.3437972e+00  -3.0024010e+01  -4.7787882e+01   2.2515913e+01
   1.2197479e+01   2.1939318e+01   1.2668556e+02   1.2774439e+01  -2.7803430e+01  -5.5794049e+01   2.4225770e+01
   1.3483862e+01   2.0505014e+01   1.2896898e+02   1.4130780e+01  -2.8130966e+01  -5.7072440e+01   2.7039562e+01
   1.6981648e+01   2.0377814e+01   1.3363084e+02   1.2654098e+01  -3.4094412e+01  -5.7972221e+01   2.9617642e+01
   2.1598500e+01   1.9613390e+01   1.3755782e+02   1.2518228e+01  -3.7868507e+01  -5.9898198e+01   3.1023811e+01
   2.2160396e+01   1.8156324e+01   1.4260253e+02   1.8921685e+01  -4.1481595e+01  -6.7011645e+01   3.6548303e+01
   2.1823263e+01   2.0339538e+01   1.4460760e+02   1.7391281e+01  -4.1267139e+01  -7.0250958e+01   3.9793325e+01
   2.3784698e+01   2.0605733e+01   1.4967324e+02   2.1481271e+01  -4.1863580e+01  -7.7255987e+01   4.3153421e+01
   2.8185897e+01   1.8641876e+01   1.5949424e+02   1.6802342e+01  -4.8653690e+01  -7.5965635e+01   4.7781225e+01
   3.1620921e+01   1.3725617e+01   1.6618799e+02   2.2771634e+01  -5.6914393e+01  -8.2567941e+01   5.2586890e+01
   3.1592789e+01   1.5267953e+01   1.6832011e+02   8.7716344e+00  -5.6533485e+01  -7.4111570e+01   5.6193609e+01
   3.1697379e+01   1.4365172e+01   1.7128056e+02   1.3037155e+01  -6.4248257e+01  -8.1807722e+01   6.1027577e+01
   3.3244585e+01   9.2289845e+00   1.7930447e+02   7.7310847e+00  -6.3070621e+01  -7.9262290e+01   6.4030762e+01
   3.4154666e+01   5.4261836e+00   1.8988957e+02   2.7920393e+00  -7.5115456e+01  -7.8134496e+01   6.6980759e+01
   3.3383121e+01   5.1403835e+00   1.9540260e+02   1.6792039e+01  -7.5797109e+01  -9.0347537e+01   6.8607477e+01
   3.0855441e+01   5.3816710e+00   1.9734525e+02   3.0792039e+01  -8.1015424e+01  -1.0375883e+02   6.2374250e+01
   2.6211650e+01   3.6668009e+00   1.9645432e+02   1.6829501e+01  -9.0831404e+01  -8.9758831e+01   5.4521358e+01
   2.2507532e+01   6.5566217e+00   1.9448600e+02   1.0918235e+01  -8.8976332e+01  -8.4115655e+01   4.6923201e+01
   1.9589949e+01   8.1065459e+00   1.8201229e+02   4.0423254e+00  -8.2649989e+01  -7.3359157e+01   3.3877941e+01
   1.5924463e+01   1.0922018e+01   1.6801229e+02  -7.5957584e-01  -7.5290228e+01  -6.4810545e+01   2.3762470e+01
   7.1983505e+00   1.1732177e+01   1.5401229e+02   5.6593637e+00  -6.8964032e+01  -6.0149044e+01   2.2942749e+01
   3.0158990e-01   9.8015338e+00   1.4001229e+02   1.9659363e+01  -5.4964036e+01  -6.5798300e+01   1.6224068e+01
  -4.4163310e+00   7.3205866e+00   1.2601229e+02   1.8339005e+01  -4.0964036e+01  -5.6418946e+01   6.9473619e+00
  -2.4847048e+00   2.7392505e+00   1.1770254e+02   1.9695748e+01  -3.2118186e+01  -4.8415899e+01   8.1247835e-01
  -2.2502388e+00  -1.5874813e+00   1.1336039e+02   2.7946551e+01  -2.6455232e+01  -4.8458429e+01  -1.0428669e+01
   3.0328721e-01  -5.5209663e+00   1.1077993e+02   3.2074892e+01  -2.6746943e+01  -4.6418035e+01  -1.7656707e+01
   1.2767269e+00  -5.3557374e+00   1.0704840e+02   2.4976706e+01  -2.3060336e+01  -3.2418035e+01  -2.4530816e+01
   1.5879463e+00  -5.1515730e+00   1.0691199e+02   3.2851096e+01  -2.0965258e+01  -3.1471619e+01  -2.9890460e+01
   3.0098832e+00  -1.5304126e+00   1.0541052e+02   2.9988442e+01  -1.9276734e+01  -2.1276059e+01  -2.7031366e+01
   3.4897837e+00   8.6613844e-02   1.0631892e+02   2.7448340e+01  -1.7108527e+01  -2.0349505e+01  -2.1419219e+01
   3.1483862e+00   4.3961205e+00   1.0838986e+02   2.2155995e+01  -1.8264044e+01  -2.2295070e+01  -1.5952963e+01
   4.1941772e+00   4.5893972e+00   1.0976517e+02   2.5109143e+01  -2.0278852e+01  -2.7463393e+01  -1.1838671e+01
   3.9921087e+00   7.2609924e+00   1.1043344e+02   1.5099773e+01  -1.9624356e+01  -2.2705514e+01  -8.1720817e+00
   4.3659193e+00   8.6466634e+00   1.1270416e+02   2.0249629e+01  -2.0840552e+01  -3.2151455e+01  -4.5690980e+00
   7.6224978e+00   1.1216195e+01   1.1267415e+02   1.6643378e+01  -2.4324995e+01  -3.3251602e+01  -1.2386251e+00
   8.3635014e+00   1.4881970e+01   1.1425664e+02   1.2933653e+01  -2.5380133e+01  -3.5265580e+01   2.5629701e+00
   8.5320559e+00   1.6974295e+01   1.1381194e+02   1.0278495e+01  -2.3747212e+01  -3.5485655e+01   3.6929762e+00
   7.9254409e+00   1.7761924e+01   1.1648620e+02   1.3250669e+01  -2.3674983e+01  -4.1543365e+01   8.3743476e+00
   8.8815294e+00   2.0157151e+01   1.1828782e+02   9.4046889e+00  -2.4360663e+01  -4.1918236e+01   1.1352199e+01
   1.0064846e+01   2.4328118e+01   1.2072956e+02  -1.9503570e+00  -2.4073517e+01  -3.6689961e+01   1.3873128e+01
   1.3319327e+01   2.3374858e+01   1.2262652e+02   9.7793673e+00  -2.7509790e+01  -4.9589942e+01   1.5914099e+01
   1.6069236e+01   2.2394886e+01   1.2733851e+02   8.6000295e+00  -3.1393909e+01  -5.0221202e+01   1.9928444e+01
   2.0039496e+01   2.2366415e+01   1.3259465e+02   1.8070338e+00  -3.6182082e+01  -4.7129431e+01   2.4118529e+01
   2.0040667e+01   2.2297806e+01   1.3725901e+02   2.7134664e+00  -3.6604247e+01  -4.9604536e+01   2.6190495e+01
   2.4192105e+01   2.1415455e+01   1.4206077e+02   3.5852758e+00  -4.1974346e+01  -5.3125871e+01   3.0013804e+01
   2.3965718e+01   2.3412518e+01   1.4363360e+02   1.1019704e+01  -3.8560719e+01  -6.5265676e+01   3.2876775e+01
   2.5219356e+01   2.1462751e+01   1.4945481e+02   1.5422353e+01  -4.2347414e+01  -7.2298820e+01   3.7112831e+01
   2.5691922e+01   2.1960326e+01   1.5403336e+02   1.2174391e+01  -4.0655269e+01  -7.2833430e+01   4.2333432e+01
   3.0162987e+01   1.7590127e+01   1.6245540e+02   1.9557169e+01  -5.0515517e+01  -8.1270049e+01   4.6995902e+01
   3.0498906e+01   1.7238475e+01   1.6548537e+02   3.0388271e+01  -5.2759600e+01  -9.5270049e+01   5.1026036e+01
   3.0057439e+01   1.9242422e+01   1.6739115e+02   2.7525917e+01  -5.0493747e+01  -9.8867279e+01   5.5010989e+01
   3.2562631e+01   1.6107589e+01   1.7677456e+02   3.1102226e+01  -5.4306280e+01  -1.0602245e+02   5.7187251e+01
   3.5477987e+01   7.7060896e+00   1.9067669e+02   4.4097803e+01  -6.8306280e+01  -1.2002245e+02   5.8566341e+01
   3.1931910e+01   4.6844689e+00   1.9492785e+02   5.8097803e+01  -8.0077647e+01  -1.3381081e+02   6.2761990e+01
   2.8541333e+01   2.4445862e+00   1.9648482e+02   4.4097803e+01  -9.0847502e+01  -1.1981081e+02   5.5802561e+01
   2.4294248e+01   6.6213871e+00   1.9034234e+02   3.0438232e+01  -8.1971556e+01  -1.0581081e+02   5.0448159e+01
   1.8789986e+01   9.7326165e+00   1.7764023e+02   1.8174782e+01  -6.8464241e+01  -9.1810809e+01   3.6448159e+01
   1.5724350e+01   1.1931567e+01   1.6364023e+02   8.0265761e+00  -6.2332608e+01  -7.7810809e+01   2.2544394e+01
   1.2622072e+01   1.4208634e+01   1.4964023e+02   1.6787690e-01  -5.3062186e+01  -6.4509225e+01   1.2652969e+01
   5.4404694e+00   1.0503043e+01   1.3564023e+02   1.3624790e+01  -4.4932963e+01  -6.6378845e+01   8.9408216e+00
  -1.5725378e+00   7.0500752e+00   1.2319284e+02   1.9167892e+01  -3.2087203e+01  -6.0317355e+01   6.9112642e+00
   2.3008455e-01   2.6766995e+00   1.1911523e+02   2.5379266e+01  -3.2791959e+01  -5.5810233e+01   2.1362891e+00
   3.0376141e+00  -4.9566231e-01   1.1256674e+02   2.2676588e+01  -2.7000248e+01  -4.1810233e+01  -9.0710068e+00
   4.4184461e+00  -2.6755624e+00   1.0966010e+02   2.5395460e+01  -2.3920732e+01  -3.3983986e+01  -1.6437763e+01
   3.7808980e+00  -1.2336380e+00   1.0904891e+02   2.7673268e+01  -2.2062539e+01  -2.8539122e+01  -2.0467945e+01
   7.2227098e+00   9.2891915e-01   1.0862037e+02   3.3979382e+01  -2.1505327e+01  -2.8008523e+01  -2.1693033e+01
   6.6610591e+00   5.5362648e+00   1.1207597e+02   2.2253750e+01  -2.1226476e+01  -2.3733328e+01  -1.7451184e+01
   8.4692472e+00   6.7908315e+00   1.1345049e+02   2.1826857e+01  -2.2973472e+01  -2.7482202e+01  -1.2942041e+01
   8.2692109e+00   8.3057711e+00   1.1566395e+02   2.0547772e+01  -2.2118804e+01  -3.0254610e+01  -8.2746413e+00
   9.5178510e+00   8.2089970e+00   1.1689255e+02   2.0499398e+01  -2.3952696e+01  -3.2340282e+01  -3.6682305e+00
   9.7353331e+00   1.0397401e+01   1.1849190e+02   1.9106071e+01  -2.3619720e+01  -3.5757466e+01   3.0051793e-01
   1.0025844e+01   1.1400905e+01   1.1911106e+02   1.8345844e+01  -2.2943938e+01  -3.7895407e+01   2.9268692e+00
   1.0304748e+01   1.6275489e+01   1.2068722e+02   6.3181650e+00  -2.0835020e+01  -3.2113540e+01   4.5474360e+00
   1.1178698e+01   1.6931183e+01   1.2171723e+02   1.2597603e+01  -2.2462890e+01  -4.0941438e+01   7.2575463e+00
   1.3737794e+01   2.0862357e+01   1.2529895e+02   6.0419483e+00  -2.5206630e+01  -4.0540509e+01   1.0814384e+01
   1.6040978e+01   1.9279526e+01   1.2690990e+02   1.1625760e+01  -2.7996002e+01  -4.6300966e+01   1.3474082e+01
   1.4890765e+01   2.1371859e+01   1.2824718e+02   1.1531843e+01  -2.5169747e+01  -4.9729830e+01   1.6509942e+01
   1.8375968e+01   2.1179386e+01   1.3434540e+02   8.7880984e+00  -3.2718275e+01  -5.0173679e+01   2.0482588e+01
   2.3915655e+01   2.0681123e+01   1.3975654e+02   4.2949343e+00  -3.8592461e+01  -4.8448423e+01   2.2669222e+01
   2.4981926e+01   1.9224788e+01   1.3913404e+02   1.3791515e+01  -3.7366197e+01  -5.8707292e+01   2.5705801e+01
   2.3113366e+01   2.0016077e+01   1.4106566e+02   1.6663919e+01  -3.5953228e+01  -6.4213496e+01   3.0862970e+01
   2.5762347e+01   1.8135025e+01   1.4369106e+02   1.5161051e+01  -3.9756800e+01  -6.4388988e+01   3.3242263e+01
   2.5709160e+01   1.7030289e+01   1.4653384e+02   2.7202239e+01  -3.9296478e+01  -7.8388988e+01   3.7541388e+01
   2.7159876e+01   1.5109359e+01   1.4998287e+02   3.2580840e+01  -4.3385139e+01  -8.5309976e+01   4.1783575e+01
   3.0393728e+01   1.3861027e+01   1.5874700e+02   2.3786176e+01  -5.3048016e+01  -7.9179034e+01   4.6850160e+01
   3.0355428e+01   1.6119403e+01   1.6283325e+02   2.1100542e+01  -4.5456732e+01  -8.1941348e+01   4.8903385e+01
   2.9201833e+01   1.8745819e+01   1.6471046e+02   1.6733526e+01  -4.6961571e+01  -8.4658688e+01   5.3860833e+01
   3.4265492e+01   1.6113246e+01   1.7349123e+02   5.8190118e+00  -5.8555631e+01  -8.1493292e+01   5.7901897e+01
   3.3719823e+01   7.8193365e+00   1.8569714e+02   6.8562583e+00  -6.4787574e+01  -8.4259802e+01   6.0306730e+01
   3.2266061e+01   7.4294436e+00   1.8957582e+02   2.0856258e+01  -6.7438155e+01  -9.5203528e+01   6.2065688e+01
   2.9620339e+01   6.6583961e+00   1.9418484e+02   3.4856258e+01  -7.5503935e+01  -1.0920353e+02   5.5708994e+01
   2.6680765e+01   6.6481137e+00   1.9061353e+02   2.2163228e+01  -8.0778477e+01  -9.5203528e+01   4.9514573e+01
   2.3313619e+01   1.2843213e+01   1.8001485e+02   1.4492997e+01  -6.8125035e+01  -8.7551425e+01   3.8404421e+01
   1.7654837e+01   1.2601684e+01   1.6601485e+02   9.3906362e+00  -6.3455342e+01  -7.6237190e+01   2.8630219e+01
   1.4722008e+01   1.4078890e+01   1.5201485e+02   6.9718411e+00  -5.7465423e+01  -6.5511647e+01   2.4807439e+01
   7.3998849e+00   1.4300406e+01   1.3801485e+02   1.4475510e+01  -4.7047926e+01  -6.5647119e+01   1.7262864e+01
   9.6776742e-01   1.2585088e+01   1.2401485e+02   1.1265263e+01  -3.3047927e+01  -5.4625220e+01   1.4044223e+01
   1.8370526e+00   1.0510353e+01   1.1520221e+02   1.3127141e+01  -2.7038115e+01  -4.8445333e+01   3.8000363e+00
   8.5060957e-01   6.3923522e+00   1.1459609e+02   1.9830647e+01  -2.6500901e+01  -4.8985108e+01   1.0863932e+00
   1.4058443e+00   3.1468439e+00   1.1171693e+02   2.3724157e+01  -2.5285082e+01  -4.6917069e+01  -5.3659911e+00
   4.3444972e+00   2.5521730e-01   1.0915071e+02   2.4811568e+01  -2.7815871e+01  -4.0982147e+01  -1.2349639e+01
   3.6065783e+00  -4.4645911e-01   1.0818522e+02   2.3144961e+01  -2.5055413e+01  -3.6071923e+01  -1.6395800e+01
   5.2138945e+00  -5.5698892e-01   1.0743232e+02   2.6885848e+01  -2.5322975e+01  -3.4425948e+01  -2.0340278e+01
   4.8449903e+00   3.7014039e+00   1.0838349e+02   2.3245041e+01  -2.2328481e+01  -2.4773527e+01  -2.0397760e+01
   4.8642822e+00   5.8881782e+00   1.1012092e+02   2.4009107e+01  -2.0518934e+01  -2.7191165e+01  -1.5800338e+01
   5.1998553e+00   7.2014486e+00   1.1157597e+02   2.5168186e+01  -2.0937005e+01  -3.2127770e+01  -1.1746672e+01
   8.8368304e+00   9.0685714e+00   1.1188834e+02   1.9279380e+01  -2.3864751e+01  -3.0607950e+01  -8.2938593e+00
   7.4575858e+00   1.1081340e+01   1.1409212e+02   2.0041811e+01  -2.2998835e+01  -3.6443041e+01  -2.7387856e+00
   8.5512529e+00   1.3415688e+01   1.1614289e+02   1.6497681e+01  -2.4141526e+01  -3.6962817e+01   8.5434096e-01
   8.9487592e+00   1.5306187e+01   1.1596365e+02   1.3658901e+01  -2.3042902e+01  -3.7581818e+01   3.0270999e+00
   7.9307970e+00   1.8274899e+01   1.1782673e+02   7.8971453e+00  -2.3177587e+01  -3.6231182e+01   6.3576322e+00
   7.7375950e+00   1.9913325e+01   1.1930085e+02   5.9828640e+00  -2.2684161e+01  -3.7564386e+01   8.9381534e+00
   7.7312210e+00   2.0114024e+01   1.1923539e+02   7.1602915e+00  -2.2615294e+01  -4.0372235e+01   1.0938287e+01
   8.7322866e+00   2.2125072e+01   1.2212372e+02   6.1021321e+00  -2.4559285e+01  -4.2452907e+01   1.4012149e+01
   1.0134956e+01   2.2579862e+01   1.2315501e+02   1.0871646e+01  -2.7302614e+01  -4.8837362e+01   1.6613242e+01
   1.0621944e+01   2.2636795e+01   1.2366017e+02   9.9589181e+00  -2.6971955e+01  -5.0124130e+01   2.0133293e+01
   9.4980103e+00   2.2069135e+01   1.2425758e+02   1.5665625e+01  -2.5118785e+01  -5.6021505e+01   2.1723178e+01
   1.2814267e+01   2.2972899e+01   1.2560154e+02   1.3065423e+01  -2.8595086e+01  -5.6866420e+01   2.4366054e+01
   1.3065010e+01   2.3278683e+01   1.2955626e+02   9.5137002e+00  -3.1581520e+01  -5.5675105e+01   2.8468525e+01
   1.6563898e+01   2.3047902e+01   1.3305471e+02   5.0265428e+00  -3.5509423e+01  -5.3314537e+01   2.9746492e+01
   2.0257599e+01   2.1848165e+01   1.3841905e+02   1.3884512e+01  -3.9834224e+01  -6.3043619e+01   3.2144164e+01
   2.0800432e+01   2.2086336e+01   1.3850686e+02   1.8572027e+01  -3.7919404e+01  -6.9624031e+01   3.4317004e+01
   2.1136956e+01   2.1404283e+01   1.4187859e+02   2.5155592e+01  -4.1241379e+01  -7.8983537e+01   3.9701797e+01
   2.4397104e+01   2.1884571e+01   1.4683081e+02   1.1155592e+01  -4.1215613e+01  -6.9485710e+01   4.2431463e+01
   2.3719667e+01   2.2057285e+01   1.4955796e+02   1.5208589e+01  -4.1148536e+01  -7.6910608e+01   4.4742339e+01
   2.7602730e+01   1.7916549e+01   1.5653975e+02   2.1516605e+01  -5.0198624e+01  -8.2531422e+01   5.0850615e+01
   3.1160460e+01   1.6761165e+01   1.6376096e+02   1.9954474e+01  -5.5409409e+01  -8.4428819e+01   5.5778603e+01
   3.0042002e+01   1.9696319e+01   1.6677939e+02   9.4541263e+00  -6.0007887e+01  -8.0151911e+01   5.9860095e+01
   3.2052281e+01   1.3186405e+01   1.7337117e+02   7.5763406e+00  -5.8716512e+01  -8.0488343e+01   6.2375879e+01
   3.4709167e+01   8.9054977e+00   1.8521435e+02   6.4155123e+00  -7.1290293e+01  -8.4804677e+01   6.6804986e+01
   3.4625217e+01   6.2175556e+00   1.8719434e+02   1.4099650e+01  -5.7290294e+01  -9.0956967e+01   6.8262383e+01
   3.5164833e+01   3.7911330e+00   1.8666403e+02   2.0303546e+01  -7.1290292e+01  -9.5272643e+01   7.3279716e+01
   3.4078759e+01   8.5880724e+00   1.8635669e+02   3.4303545e+01  -5.7290297e+01  -1.0927264e+02   7.3501650e+01
   3.4706153e+01   6.2995966e+00   1.8909838e+02   4.5375604e+01  -6.2352208e+01  -1.2031091e+02   7.3360549e+01
   3.3039875e+01   4.1286519e+00   1.9216361e+02   4.3251531e+01  -7.4611522e+01  -1.1668378e+02   7.4425831e+01
   3.2297825e+01   2.6110457e+00   2.0113850e+02   4.5838293e+01  -7.9789080e+01  -1.1831658e+02   6.9644870e+01
   2.8146674e+01   4.1749415e+00   1.9888612e+02   3.1838294e+01  -9.3789076e+01  -1.0532043e+02   5.5763667e+01
   2.2079600e+01   5.3564049e+00   1.9541327e+02   1.9459538e+01  -9.8223020e+01  -9.1320434e+01   4.6363248e+01
   2.0200763e+01   8.9132085e+00   1.8693951e+02   6.7641513e+00  -8.4335265e+01  -7.8651656e+01   3.2363249e+01
   1.4631187e+01   9.4316141e+00   1.7293951e+02   5.3139590e+00  -7.3333172e+01  -7.1481236e+01   2.4100939e+01
   1.0508857e+01   8.0077070e+00   1.5893951e+02   9.0926797e+00  -6.6667648e+01  -6.3317371e+01   1.8389042e+01
   2.8799916e+00   7.8511385e+00   1.4493951e+02   1.6806398e+01  -5.4707790e+01  -6.0370795e+01   1.4408181e+01
   7.3875807e-01   4.5361783e+00   1.3093951e+02   1.8318021e+01  -4.0707807e+01  -5.0997204e+01   8.5995357e-01
   2.1508861e+00   1.5487156e+00   1.2040909e+02   1.5954390e+01  -2.9991862e+01  -3.9352683e+01  -7.5044143e+00
   3.4269763e+00  -3.7853583e+00   1.1578139e+02   2.7172223e+01  -2.8452142e+01  -3.6841685e+01  -1.6197104e+01
   4.5103228e+00  -6.9987256e+00   1.1227188e+02   3.6006271e+01  -2.4294642e+01  -3.3807254e+01  -2.4102286e+01
   5.6821030e+00  -5.8409288e+00   1.1017434e+02   4.4226602e+01  -2.1481641e+01  -3.3420219e+01  -2.7747853e+01
   5.2741755e+00  -2.2058027e+00   1.0975181e+02   3.8743254e+01  -1.8324993e+01  -2.7736285e+01  -2.5695236e+01
   7.3130614e+00   8.0396850e-01   1.1100204e+02   2.9267797e+01  -2.0955968e+01  -2.4471988e+01  -2.0123111e+01
   7.4401080e+00   2.7868097e+00   1.1359180e+02   2.6306237e+01  -2.2679131e+01  -2.7907411e+01  -1.3280756e+01
   8.2981656e+00   7.2108328e+00   1.1497986e+02   2.0247596e+01  -2.1558119e+01  -2.9756838e+01  -9.3171250e+00
   1.0511822e+01   8.8559104e+00   1.1700594e+02   2.2082324e+01  -2.4359190e+01  -3.6849472e+01  -3.4689874e+00
   1.1119883e+01   1.3792839e+01   1.1878531e+02   1.2771180e+01  -2.4840029e+01  -3.4535290e+01   2.5253590e-01
   1.4880630e+01   1.4517558e+01   1.1995410e+02   1.7803983e+01  -2.6187068e+01  -4.3147221e+01   3.6528001e+00
   1.0341341e+01   1.8031936e+01   1.2524161e+02   1.1497697e+01  -2.3234788e+01  -4.3802850e+01   9.1647983e+00
   1.4090622e+01   1.9987247e+01   1.2847836e+02   1.2454699e+01  -2.6899000e+01  -4.9572198e+01   1.3123312e+01
   1.9168077e+01   1.9254045e+01   1.3005117e+02   9.5460216e+00  -3.1768847e+01  -4.8391541e+01   1.5057819e+01
   2.1552087e+01   2.0064546e+01   1.3549244e+02   1.5864342e+01  -3.4568194e+01  -5.9034397e+01   1.9635965e+01
   2.3124988e+01   1.7638393e+01   1.4043626e+02   1.2344438e+01  -3.8519503e+01  -5.6989584e+01   2.4634224e+01
   2.1642852e+01   2.0622777e+01   1.4384357e+02   8.5518162e+00  -3.4768493e+01  -5.8424535e+01   2.9499451e+01
   2.2978530e+01   2.1806217e+01   1.4382352e+02   1.9267750e+01  -3.3538993e+01  -7.2424535e+01   3.1840437e+01
   2.5046063e+01   1.7060674e+01   1.5108252e+02   3.3267750e+01  -4.0993086e+01  -8.6424535e+01   3.7024706e+01
   2.9017933e+01   1.7214587e+01   1.6044922e+02   1.9267750e+01  -4.5595381e+01  -7.7978845e+01   4.2408186e+01
   3.2155053e+01   1.3733891e+01   1.6446769e+02   1.9927017e+01  -5.5433186e+01  -7.8978849e+01   4.7543554e+01
   3.2289787e+01   1.7492590e+01   1.6654129e+02   1.4467357e+01  -5.1373627e+01  -8.1384879e+01   5.0973389e+01
   3.2547468e+01   1.4499066e+01   1.7122627e+02   1.7989638e+01  -5.8267165e+01  -8.8931569e+01   5.7061210e+01
   3.3386409e+01   9.6171965e+00   1.7881192e+02   1.2847043e+01  -6.8253818e+01  -8.4726163e+01   6.2985773e+01
   3.4343064e+01   5.1487184e+00   1.8611999e+02   1.4833805e+00  -7.7182762e+01  -7.7766577e+01   6.5849141e+01
   3.2878067e+01   7.7573376e+00   1.8558178e+02  -1.7973548e+00  -7.6228966e+01  -7.5721303e+01   7.1711514e+01
   3.3330616e+01   6.6831689e+00   1.8565758e+02   5.9589731e-01  -6.9902063e+01  -7.7738740e+01   7.2534538e+01
   3.4248836e+01   6.7264122e+00   1.8821346e+02   1.4595897e+01  -6.9431406e+01  -8.9975374e+01   7.2487230e+01
   3.2946036e+01   4.1466911e+00   1.9652556e+02   2.7054074e+01  -7.0402500e+01  -1.0204430e+02   6.9293421e+01
   3.0634001e+01   3.8553443e+00   2.0135715e+02   4.0956663e+01  -8.2102584e+01  -1.1604430e+02   6.1680207e+01
   2.6924696e+01   5.4688800e+00   1.9567415e+02   2.6956663e+01  -8.6399809e+01  -1.0204431e+02   4.9580746e+01
   2.4822284e+01   9.9439688e+00   1.8850676e+02   1.6897097e+01  -7.8167150e+01  -8.9675569e+01   4.1667155e+01
   1.7839473e+01   1.0712811e+01   1.7450676e+02   7.0592447e+00  -7.3167613e+01  -7.5675569e+01   3.1140424e+01
   1.2461284e+01   1.2414548e+01   1.6050676e+02   6.3906099e+00  -6.9322542e+01  -6.1856246e+01   2.7659335e+01
   3.1082883e+00   1.3534818e+01   1.4650676e+02   9.7199475e+00  -5.8003607e+01  -5.6447440e+01   2.4695081e+01
   3.8541678e-01   1.0222010e+01   1.3250676e+02   1.8376989e+01  -4.6493813e+01  -5.2409268e+01   1.4217330e+01
  -1.3811282e+00   7.9398678e+00   1.1850676e+02   1.6923564e+01  -3.2493813e+01  -4.5508619e+01   5.2357451e+00
  -8.0197282e-01   3.0675609e+00   1.1381312e+02   2.5423459e+01  -2.8207064e+01  -4.5782213e+01  -1.9435309e+00
   5.3044131e-01   1.3609622e+00   1.1101550e+02   2.2607193e+01  -2.5009233e+01  -3.7926920e+01  -1.1010446e+01
   1.2126898e+00  -2.2238222e+00   1.1051798e+02   2.6952954e+01  -2.4472880e+01  -3.6737534e+01  -1.7992163e+01
   3.7097923e+00  -4.7464099e+00   1.0836628e+02   3.0897628e+01  -2.5474558e+01  -3.3604210e+01  -2.3369954e+01
   4.4468584e+00  -4.9539561e+00   1.0727670e+02   3.5556505e+01  -2.0851571e+01  -3.0723317e+01  -2.8340523e+01
   4.9689240e+00  -2.1228360e+00   1.0749421e+02   3.8298487e+01  -2.0668442e+01  -2.8714392e+01  -2.6583642e+01
   5.9581396e+00  -1.0075182e-01   1.0709211e+02   3.3894274e+01  -1.9300700e+01  -2.7554218e+01  -2.3880053e+01
   7.5228267e+00   3.3495102e+00   1.0865684e+02   2.5264557e+01  -2.2101041e+01  -2.5168464e+01  -1.8379719e+01
   5.8662949e+00   5.8734038e+00   1.1047898e+02   1.9083834e+01  -2.0585598e+01  -2.4536031e+01  -1.3355980e+01
   7.9149049e+00   8.9727540e+00   1.1188225e+02   1.7735525e+01  -2.3150579e+01  -2.9281634e+01  -9.1682101e+00
   8.2394251e+00   1.1048560e+01   1.1285408e+02   1.3349120e+01  -2.2339898e+01  -2.9375895e+01  -6.2144613e+00
   9.5350184e+00   1.2703248e+01   1.1454797e+02   1.3729921e+01  -2.4337920e+01  -3.3391955e+01  -2.2820329e+00
   9.0258777e+00   1.3949151e+01   1.1553672e+02   1.9877151e+01  -2.3231172e+01  -4.2100982e+01   8.1536904e-01
   9.2934780e+00   1.7177551e+01   1.1599328e+02   9.2193888e+00  -2.1623467e+01  -3.5701975e+01   2.7298477e+00
   9.8613874e+00   1.8965635e+01   1.1631805e+02   9.6865223e+00  -2.1971439e+01  -3.8669765e+01   4.3951967e+00
   1.1894739e+01   2.2561495e+01   1.1830479e+02   2.2902771e+00  -2.4589789e+01  -3.5582733e+01   6.8075545e+00
   1.1738525e+01   2.3645348e+01   1.1908130e+02  -4.1703574e-01  -2.4451892e+01  -3.5790527e+01   1.0179287e+01
   1.0885426e+01   2.3334555e+01   1.2228223e+02   3.3864260e+00  -2.5364232e+01  -4.1493558e+01   1.3901944e+01
   1.4020848e+01   2.1236221e+01   1.2107539e+02   6.9225800e+00  -2.8530983e+01  -4.4104004e+01   1.5030062e+01
   1.4568766e+01   2.1123867e+01   1.2259285e+02   5.8935313e+00  -3.0266563e+01  -4.4236845e+01   1.6721234e+01
   1.5906927e+01   2.0664481e+01   1.2148033e+02   1.0612053e+01  -2.9495460e+01  -4.9035806e+01   1.7131450e+01
   1.6519684e+01   2.2263854e+01   1.2473606e+02   8.4692855e+00  -2.9973901e+01  -5.0915202e+01   1.9871158e+01
   1.7722995e+01   2.1540829e+01   1.3051699e+02   1.2725191e+01  -3.3198227e+01  -5.7893443e+01   2.4675531e+01
   2.0254516e+01   2.0716866e+01   1.3372557e+02   1.6226989e+01  -3.5650938e+01  -6.3320294e+01   2.6730156e+01
   2.1963880e+01   2.1398578e+01   1.4024114e+02   7.7012441e+00  -4.0665307e+01  -6.0450557e+01   3.2047327e+01
   1.9887133e+01   2.4716032e+01   1.4165081e+02   1.3527754e+01  -3.7223354e+01  -7.0998922e+01   3.6511728e+01
   2.3355920e+01   2.2496553e+01   1.4783438e+02   1.4498692e+01  -4.4339583e+01  -7.3112649e+01   4.2225116e+01
   2.6713669e+01   2.0573187e+01   1.5618689e+02   1.3441673e+01  -5.4334566e+01  -7.3820541e+01   4.6627345e+01
   2.8300323e+01   1.8513744e+01   1.5982030e+02   2.2454625e+01  -5.4444564e+01  -8.4786170e+01   4.9535396e+01
   2.9081033e+01   1.7840936e+01   1.6380459e+02   1.6996205e+01  -5.6673711e+01  -8.0847435e+01   5.4228995e+01
   3.0068774e+01   1.6183772e+01   1.6956502e+02   2.6135403e+01  -6.3373132e+01  -9.4847435e+01   5.8203740e+01
   3.1544035e+01   1.4590482e+01   1.7596550e+02   1.4253379e+01  -6.9996639e+01  -8.6346742e+01   6.2434460e+01
   3.3549364e+01   1.0130326e+01   1.8230720e+02   1.2485403e+01  -6.5280957e+01  -8.6448900e+01   6.3516211e+01
   3.5177541e+01   4.7861173e+00   1.9068253e+02   2.4856760e+01  -7.4280690e+01  -9.8094598e+01   6.7301722e+01
   3.4749713e+01   3.4717642e+00   1.9532580e+02   3.7491035e+01  -7.5906312e+01  -1.1209460e+02   6.9490505e+01
   3.5358437e+01   4.5002702e+00   1.9770340e+02   5.1249349e+01  -7.2977483e+01  -1.2596744e+02   7.0127907e+01
   3.6040737e+01   2.8876197e+00   2.0213958e+02   4.9799558e+01  -7.7295599e+01  -1.2368360e+02   6.9655139e+01
   3.3147423e+01  -5.9367359e-01   2.0560236e+02   4.1664049e+01  -9.1295596e+01  -1.1251112e+02   6.9633526e+01
   2.8089842e+01   3.3433407e+00   2.0184587e+02   2.7664049e+01  -8.9787576e+01  -9.9889772e+01   6.4027207e+01
   2.6531888e+01   9.2808372e+00   1.9463784e+02   1.3664049e+01  -9.0052136e+01  -8.6747236e+01   6.5055406e+01
   1.9433318e+01   8.3613119e+00   1.8063784e+02   7.0780764e+00  -7.9178192e+01  -7.3310524e+01   6.0655543e+01
   1.6773396e+01   9.8829094e+00   1.6663784e+02   5.3906876e+00  -7.1478038e+01  -6.4776141e+01   4.8379057e+01
   1.1624941e+01   1.2045514e+01   1.5263784e+02   4.1310048e+00  -6.0695723e+01  -6.0180947e+01   3.9486837e+01
   6.0766266e+00   9.6728358e+00   1.4213792e+02   1.4372301e+01  -5.0353531e+01  -6.7990069e+01   2.7521559e+01
   2.6441297e+00   7.4595081e+00   1.3532829e+02   1.7749764e+01  -4.6883567e+01  -6.7899814e+01   1.8867979e+01
  -5.9343404e-01   5.5357220e+00   1.3268308e+02   2.4684119e+01  -4.6318342e+01  -7.1264629e+01   1.4559536e+01
  -3.5413309e+00   3.9681846e+00   1.2614358e+02   2.2520721e+01  -3.7698547e+01  -6.4988658e+01   6.6601683e+00
  -2.0724980e+00  -3.8000642e-01   1.1990939e+02   2.5226617e+01  -3.3852726e+01  -5.5599515e+01  -1.6054731e+00
  -2.2023501e+00  -5.2108062e+00   1.1520528e+02   3.7902461e+01  -2.9135864e+01  -5.4293348e+01  -8.1079463e+00
   1.4699061e+00  -5.6990657e+00   1.1257948e+02   3.4280192e+01  -2.6858014e+01  -4.0293349e+01  -1.3969051e+01
   2.6567738e+00  -2.2977585e+00   1.1088474e+02   2.8771707e+01  -2.3349549e+01  -2.6293349e+01  -1.7107637e+01
   4.3400506e+00   3.8984381e-02   1.0908732e+02   2.4479713e+01  -2.1586067e+01  -2.0721151e+01  -1.5378056e+01
   4.6415996e+00   3.9152622e+00   1.1183863e+02   2.3427085e+01  -2.2607243e+01  -2.7315788e+01  -9.4844178e+00
   4.8899536e+00   6.4964751e+00   1.1464512e+02   1.6776186e+01  -2.3040717e+01  -2.7355027e+01  -3.9900264e+00
   8.2103703e+00   7.8592570e+00   1.1474507e+02   1.6932306e+01  -2.5583045e+01  -3.1610881e+01  -2.2372442e-01
   8.0087490e+00   8.5259471e+00   1.1667389e+02   1.9831317e+01  -2.4333815e+01  -3.7485212e+01   3.8521718e+00
   9.2939824e+00   1.1874980e+01   1.1876740e+02   1.5627751e+01  -2.4121128e+01  -3.9005612e+01   7.6016009e+00
   8.1479727e+00   1.5692892e+01   1.2095601e+02   1.3510418e+01  -2.3686811e+01  -4.3432758e+01   1.2172626e+01
   8.0969552e+00   1.7737288e+01   1.2457966e+02   1.6639638e+01  -2.3150448e+01  -5.2037085e+01   1.6767784e+01
   8.3570503e+00   1.9834363e+01   1.2565187e+02   1.5860251e+01  -2.2128734e+01  -5.5334687e+01   1.9248249e+01
   1.3359697e+01   1.9455145e+01   1.2871096e+02   2.1999073e+01  -2.8963870e+01  -6.3689305e+01   2.1877911e+01
   1.6080029e+01   2.1078779e+01   1.3477144e+02   1.4804034e+01  -3.2420213e+01  -6.1497223e+01   2.6826136e+01
   1.9345104e+01   2.0887662e+01   1.3789577e+02   1.7190573e+01  -3.3973022e+01  -6.5564427e+01   2.7860767e+01
   2.3094873e+01   2.2828603e+01   1.4820393e+02   1.0457357e+01  -4.0641790e+01  -6.6189306e+01   3.4984331e+01
   2.4294482e+01   2.1698798e+01   1.5000056e+02   2.3084887e+01  -3.9854237e+01  -8.0189306e+01   3.8500823e+01
   2.6872696e+01   1.7560157e+01   1.5654019e+02   3.6566616e+01  -4.4891388e+01  -9.4189305e+01   4.4861668e+01
   2.9106360e+01   1.6083088e+01   1.6164978e+02   2.3061878e+01  -5.0670112e+01  -8.4119717e+01   5.0772000e+01
   3.2618468e+01   1.5196905e+01   1.6696185e+02   1.3705715e+01  -5.9795143e+01  -8.3139389e+01   5.5466343e+01
   3.1557407e+01   7.3100221e+00   1.7534529e+02   2.2546074e+01  -7.1644633e+01  -8.8152084e+01   6.4479106e+01
   3.2893964e+01   4.3126285e-01   1.8326360e+02   3.4561029e+01  -7.7108789e+01  -1.0215208e+02   6.7209935e+01
   3.2299877e+01  -2.2191248e-01   1.8863564e+02   2.7401656e+01  -6.7499330e+01  -9.8658484e+01   6.9409084e+01
   3.2631235e+01  -1.6811570e+00   1.8735639e+02   2.5702511e+01  -7.5654621e+01  -9.5659557e+01   7.4910903e+01
   3.2709913e+01   4.7906144e-01   1.8797203e+02   2.7551619e+01  -6.1654621e+01  -9.9532635e+01   7.3961770e+01
   3.4052387e+01   9.4876083e-01   1.8881041e+02   4.1211792e+01  -6.0888492e+01  -1.1353263e+02   7.3755860e+01
   3.4203501e+01   3.5171400e+00   1.9397337e+02   2.7493581e+01  -7.4888491e+01  -1.0106372e+02   7.4817547e+01
   3.3500288e+01   2.5777557e+00   2.0275369e+02   1.3493581e+01  -7.3521885e+01  -8.8185869e+01   7.0138844e+01
   3.0350649e+01   6.2838193e-01   2.0603037e+02   2.7493581e+01  -8.7521882e+01  -9.9878146e+01   6.4473154e+01
   2.6357315e+01   2.1603475e+00   2.0262427e+02   1.6549605e+01  -9.2641034e+01  -8.8792832e+01   5.0988760e+01
   2.2226901e+01   5.6088741e+00   1.9499482e+02   1.2803697e+01  -9.4434223e+01  -8.2882194e+01   4.2622725e+01
   1.6780436e+01   1.0006892e+01   1.8099482e+02   3.3306939e+00  -8.1749471e+01  -7.1986162e+01   3.2511900e+01
   1.1821680e+01   1.1930381e+01   1.6699482e+02   4.0421956e+00  -7.6448376e+01  -6.4104726e+01   2.5669366e+01
   2.8449946e+00   1.0453902e+01   1.5299482e+02   1.4285136e+01  -6.6619982e+01  -6.5425599e+01   2.4221720e+01
