  -1.3149473e+01   2.0907491e+01   1.0515673e+02   3.9424927e+01  -2.1266064e+01  -2.4562851e+01  -2.5960541e+01
  -1.3907325e+00   8.7472108e+00   1.1915673e+02   3.5196131e+01  -2.0506616e+01  -3.8562843e+01  -1.9621123e+01
   5.1849783e-01  -4.1062699e+00   1.3315662e+02   4.4461926e+01  -2.4984354e+01  -5.2562704e+01  -7.5575649e+00
   2.4413083e+00  -1.6635386e+01   1.4400000e+02   5.3616883e+01  -2.9486614e+01  -6.0000000e+01   4.3752823e+00
   4.6244325e+00  -7.2200212e+00   1.4400000e+02   5.0407470e+01  -3.8723114e+01  -6.0000000e+01   7.1134231e+00
   1.0028956e+01  -8.2940185e+00   1.4400000e+02   4.8331598e+01  -4.5513353e+01  -6.0000000e+01   1.0233844e+01
   1.6503489e+01  -1.0596653e+01   1.4400000e+02   4.3977373e+01  -4.9991290e+01  -6.0000000e+01   1.2235234e+01
   1.9419523e+01  -1.2607766e+01   1.4400000e+02   3.9593696e+01  -4.9811330e+01  -6.0000000e+01   1.3768691e+01
   2.4547191e+01  -1.6710332e+01   1.4400000e+02   3.2197998e+01  -4.8456259e+01  -6.0000000e+01   1.5949580e+01
   2.8388431e+01  -1.7262046e+01   1.4400000e+02   2.7635915e+01  -4.6865209e+01  -6.0000000e+01   1.9336917e+01
   3.3920341e+01  -2.0246056e+01   1.4400000e+02   1.9572352e+01  -4.3534355e+01  -6.0000000e+01   2.4309370e+01
   3.7494375e+01  -2.3181430e+01   1.4400000e+02   1.4727720e+01  -3.9373578e+01  -6.0000000e+01   2.7525071e+01
   3.9416492e+01  -2.5074637e+01   1.4400000e+02   9.9698680e+00  -3.4207723e+01  -6.0000000e+01   3.2601888e+01
   4.1162013e+01  -3.1503039e+01   1.4400000e+02   6.2399022e+00  -2.8425905e+01  -6.0000000e+01   3.6359081e+01
   4.3736591e+01  -3.3038810e+01   1.4400000e+02   1.4388308e+00  -2.5470438e+01  -6.0000000e+01   4.1289694e+01
   4.8183840e+01  -3.6743974e+01   1.4400000e+02  -2.6998217e+00  -2.0291803e+01  -6.0000000e+01   4.6974370e+01
   4.7570305e+01  -3.7233498e+01   1.4400000e+02  -7.5799684e+00  -2.1367866e+01  -6.0000000e+01   5.2377160e+01
   4.7944163e+01  -4.0405361e+01   1.4400000e+02  -1.0491540e+01  -1.6499092e+01  -6.0000000e+01   5.6882528e+01
   4.9695641e+01  -4.3603857e+01   1.4400000e+02  -1.5162561e+01  -1.2720607e+01  -6.0000000e+01   6.0754528e+01
   4.8807289e+01  -4.2795279e+01   1.4400000e+02  -1.7524448e+01  -9.3861807e+00  -6.0000000e+01   6.4590854e+01
   4.7195182e+01  -4.3467777e+01   1.4400000e+02  -1.9115075e+01  -8.9729047e+00  -6.0000000e+01   6.9550556e+01
   4.2333224e+01  -4.2926445e+01   1.4400000e+02  -1.7331112e+01  -9.3619639e+00  -6.0000000e+01   6.9677194e+01
   3.7027537e+01  -3.6059281e+01   1.4400000e+02  -1.8268887e+01  -1.2295703e+01  -6.0000000e+01   6.4901493e+01
   3.2687883e+01  -3.0119717e+01   1.4400000e+02  -2.2625736e+01  -1.7607462e+01  -6.0000000e+01   5.4529424e+01
   2.6330612e+01  -2.7719552e+01   1.4400000e+02  -2.2323865e+01  -2.7456289e+01  -6.0000000e+01   4.3522525e+01
   2.2109132e+01  -2.2016592e+01   1.4400000e+02  -1.3260791e+01  -3.7223778e+01  -6.0000000e+01   3.1677192e+01
   1.5091317e+01  -1.9271289e+01   1.4400000e+02  -1.3346486e+00  -4.4262009e+01  -6.0000000e+01   2.2192282e+01
   1.0483810e+01  -1.8154645e+01   1.4400000e+02   1.0024234e+01  -5.1571280e+01  -6.0000000e+01   1.9604348e+01
   4.4732732e+00  -1.5200970e+01   1.4400000e+02   2.1403702e+01  -5.3522127e+01  -6.0000000e+01   1.4637292e+01
  -1.2736599e+00  -9.6209455e+00   1.4400000e+02   3.2576486e+01  -5.3884197e+01  -6.0000000e+01   1.1005369e+01
  -6.5985031e+00  -4.1089884e+00   1.4400000e+02   4.3559579e+01  -5.3217200e+01  -6.0000000e+01   6.9550018e+00
  -9.2104992e+00   1.3072847e-01   1.4400000e+02   5.4354013e+01  -5.0378381e+01  -6.0000000e+01   2.0857137e+00
  -7.6937915e+00   3.1060700e-01   1.4400000e+02   6.5316920e+01  -4.7119114e+01  -6.0000000e+01  -1.0626065e+00
  -5.5380034e+00   1.1982385e+00   1.4400000e+02   7.3246707e+01  -4.6764216e+01  -6.0000000e+01  -4.0446917e+00
  -3.0095723e+00   2.4324222e+00   1.4400000e+02   7.4410390e+01  -4.9831431e+01  -6.0000000e+01  -3.3661155e+00
  -1.5551823e+00   2.3241206e+00   1.4400000e+02   7.0520678e+01  -5.0416955e+01  -6.0000000e+01   1.9615791e-01
   3.0444695e+00  -5.9875042e-01   1.4400000e+02   6.5052796e+01  -5.1632096e+01  -6.0000000e+01   3.9228495e+00
   7.1485329e+00  -4.0858108e+00   1.4400000e+02   5.8201505e+01  -5.1758266e+01  -6.0000000e+01   7.6023292e+00
   1.1697167e+01  -8.2558602e+00   1.4400000e+02   5.1166279e+01  -5.1011918e+01  -6.0000000e+01   9.8783294e+00
   1.5921317e+01  -1.1691802e+01   1.4400000e+02   4.4932183e+01  -5.0782932e+01  -6.0000000e+01   1.2025791e+01
   2.0850002e+01  -1.5826525e+01   1.4400000e+02   3.8581137e+01  -5.0246147e+01  -6.0000000e+01   1.3302211e+01
   2.5426524e+01  -1.9555321e+01   1.4400000e+02   3.1167216e+01  -4.9623731e+01  -6.0000000e+01   1.6081781e+01
   2.7639570e+01  -1.9684620e+01   1.4400000e+02   2.9004472e+01  -4.7474624e+01  -6.0000000e+01   1.7601736e+01
   2.8820348e+01  -2.0250566e+01   1.4400000e+02   2.6274431e+01  -4.7386639e+01  -6.0000000e+01   2.0063255e+01
   3.1309261e+01  -2.1502966e+01   1.4400000e+02   2.2879951e+01  -4.5683344e+01  -6.0000000e+01   2.0908012e+01
   3.3204822e+01  -2.1177895e+01   1.4400000e+02   2.0848095e+01  -4.3926926e+01  -6.0000000e+01   2.3061595e+01
   3.5076583e+01  -2.3220871e+01   1.4400000e+02   1.6582189e+01  -4.0633709e+01  -6.0000000e+01   2.6682629e+01
   3.7644478e+01  -2.7508403e+01   1.4400000e+02   1.2624991e+01  -3.5672655e+01  -6.0000000e+01   3.0503991e+01
   3.6905489e+01  -2.9087507e+01   1.4400000e+02   6.8799279e+00  -3.0369654e+01  -6.0000000e+01   3.6043385e+01
   3.9862108e+01  -3.3785585e+01   1.4400000e+02   2.0053960e+00  -2.6926425e+01  -6.0000000e+01   3.7108590e+01
   4.2832853e+01  -3.0472650e+01   1.4400000e+02   2.1661641e+00  -2.7025070e+01  -6.0000000e+01   4.1217332e+01
   4.5224163e+01  -3.0900910e+01   1.4400000e+02  -5.5568292e-01  -2.5507435e+01  -6.0000000e+01   4.5949632e+01
   4.6230461e+01  -3.0590701e+01   1.4400000e+02  -3.3093071e+00  -2.5889790e+01  -6.0000000e+01   4.8958349e+01
   4.7609641e+01  -3.5245238e+01   1.4400000e+02  -8.7516090e+00  -2.6369505e+01  -6.0000000e+01   5.5481346e+01
   4.8974994e+01  -3.6630520e+01   1.4400000e+02  -1.3112202e+01  -2.4332756e+01  -6.0000000e+01   6.0614930e+01
   4.7124218e+01  -3.8650711e+01   1.4400000e+02  -1.5518662e+01  -2.1031731e+01  -6.0000000e+01   6.4849024e+01
   5.0076997e+01  -4.1312340e+01   1.4400000e+02  -1.9290556e+01  -2.1459207e+01  -6.0000000e+01   7.0761740e+01
   4.8493472e+01  -4.1270576e+01   1.4400000e+02  -1.7849609e+01  -1.8397983e+01  -6.0000000e+01   7.2867186e+01
   4.6413108e+01  -4.4243318e+01   1.4400000e+02  -1.5985864e+01  -1.2853568e+01  -6.0000000e+01   7.2862621e+01
   4.2773811e+01  -4.1506560e+01   1.4400000e+02  -1.4661889e+01  -8.5300708e+00  -6.0000000e+01   7.1840521e+01
   3.6273960e+01  -3.5380330e+01   1.4400000e+02  -1.8129981e+01  -1.2321299e+01  -6.0000000e+01   6.5466790e+01
   3.2671819e+01  -3.1161459e+01   1.4400000e+02  -2.2973005e+01  -1.6713804e+01  -6.0000000e+01   5.4761257e+01
   2.7841188e+01  -2.4035627e+01   1.4400000e+02  -2.1791589e+01  -2.5336175e+01  -6.0000000e+01   4.3323787e+01
   2.5362831e+01  -2.3838145e+01   1.4400000e+02  -1.5035563e+01  -3.4892182e+01  -6.0000000e+01   3.1860639e+01
   1.7591195e+01  -1.9967569e+01   1.4400000e+02  -3.1509856e+00  -4.4067472e+01  -6.0000000e+01   2.5276905e+01
   1.2055201e+01  -1.9589508e+01   1.4400000e+02   8.9250012e+00  -4.7213707e+01  -6.0000000e+01   2.1568694e+01
   7.1923856e+00  -1.8589776e+01   1.4400000e+02   2.0652018e+01  -4.9539232e+01  -6.0000000e+01   1.7914348e+01
   1.1731640e+00  -1.3022217e+01   1.4400000e+02   3.2170813e+01  -4.9366547e+01  -6.0000000e+01   1.4212411e+01
  -5.6168905e+00  -7.3342842e+00   1.4400000e+02   4.3563669e+01  -4.8299232e+01  -6.0000000e+01   1.0742969e+01
  -1.1889454e+01   2.2722457e-01   1.4400000e+02   5.4424745e+01  -4.7405339e+01  -6.0000000e+01   6.6108496e+00
  -1.5456839e+01   5.5294722e+00   1.4400000e+02   6.5325908e+01  -4.4759308e+01  -6.0000000e+01   1.0754122e+00
  -1.2721867e+01   5.5720191e+00   1.4400000e+02   7.5608641e+01  -4.1906296e+01  -6.0000000e+01  -3.4888386e+00
  -1.1335121e+01   7.1036258e+00   1.4400000e+02   8.0908013e+01  -4.3962307e+01  -6.0000000e+01  -5.6506073e+00
  -8.8454915e+00   5.6278136e+00   1.4400000e+02   7.9474070e+01  -4.7174755e+01  -6.0000000e+01  -2.4758355e+00
  -5.6566564e+00   3.8203739e+00   1.4400000e+02   7.4703016e+01  -4.9085926e+01  -6.0000000e+01   1.3353195e+00
  -2.2362499e+00   1.7036230e+00   1.4400000e+02   6.9708615e+01  -5.0340518e+01  -6.0000000e+01   4.9857441e+00
   1.7040308e+00  -6.1436202e-01   1.4400000e+02   6.4525621e+01  -5.2283497e+01  -6.0000000e+01   9.4802448e+00
   7.3392657e+00  -4.5258289e+00   1.4400000e+02   5.8984016e+01  -5.4157447e+01  -6.0000000e+01   1.1716618e+01
   1.1623148e+01  -9.5754969e+00   1.4400000e+02   5.1370770e+01  -5.4431721e+01  -6.0000000e+01   1.3703946e+01
   1.6776976e+01  -1.4853745e+01   1.4400000e+02   4.4359395e+01  -5.4202434e+01  -6.0000000e+01   1.5588443e+01
   2.0731659e+01  -1.7092476e+01   1.4400000e+02   3.7265302e+01  -5.1752549e+01  -6.0000000e+01   1.7172652e+01
   2.3625242e+01  -2.0151707e+01   1.4400000e+02   3.0403884e+01  -4.8393126e+01  -6.0000000e+01   1.8679881e+01
   2.8780516e+01  -2.2098307e+01   1.4400000e+02   2.5536982e+01  -4.8290605e+01  -6.0000000e+01   1.9606898e+01
   3.1540303e+01  -2.0769245e+01   1.4400000e+02   2.1882513e+01  -4.7214853e+01  -6.0000000e+01   2.2976510e+01
   3.3690283e+01  -2.2634345e+01   1.4400000e+02   1.9580939e+01  -4.4932524e+01  -6.0000000e+01   2.4914917e+01
   3.7678942e+01  -2.7225926e+01   1.4400000e+02   1.1434012e+01  -3.9192559e+01  -6.0000000e+01   2.8351591e+01
   3.8710381e+01  -3.0121351e+01   1.4400000e+02   7.2193620e+00  -3.3045053e+01  -6.0000000e+01   3.3612059e+01
   4.0998076e+01  -3.0024338e+01   1.4400000e+02   4.1452911e+00  -3.4348398e+01  -6.0000000e+01   3.5666087e+01
   4.1683702e+01  -3.0843052e+01   1.4400000e+02   2.4016933e+00  -3.0517370e+01  -6.0000000e+01   4.2185646e+01
   4.3025129e+01  -3.3493469e+01   1.4400000e+02   2.0019310e-01  -2.5590963e+01  -6.0000000e+01   4.7127991e+01
   4.6771293e+01  -3.7102385e+01   1.4400000e+02  -4.1215217e+00  -2.4414673e+01  -6.0000000e+01   5.1771876e+01
   4.7490776e+01  -3.9173041e+01   1.4400000e+02  -6.8669686e+00  -2.0128044e+01  -6.0000000e+01   5.7788282e+01
   4.8760863e+01  -3.9612248e+01   1.4400000e+02  -1.1047615e+01  -2.3390541e+01  -6.0000000e+01   6.2510319e+01
   4.7636033e+01  -4.0609590e+01   1.4400000e+02  -1.4965960e+01  -1.9795794e+01  -6.0000000e+01   6.6235485e+01
   4.2076888e+01  -4.0619947e+01   1.4400000e+02  -1.7104761e+01  -1.6543002e+01  -6.0000000e+01   6.3266168e+01
   3.7163144e+01  -3.4455089e+01   1.4400000e+02  -1.8675083e+01  -7.0494667e+00  -6.0000000e+01   5.2729921e+01
   3.3068668e+01  -3.0168386e+01   1.4400000e+02  -2.2844732e+01  -1.4422715e+01  -6.0000000e+01   4.5483097e+01
   2.7977496e+01  -2.6709989e+01   1.4400000e+02  -2.1217582e+01  -2.4973037e+01  -6.0000000e+01   3.6130572e+01
   2.4736373e+01  -2.2071525e+01   1.4400000e+02  -1.4049160e+01  -3.5778282e+01  -6.0000000e+01   2.5431470e+01
   1.8288580e+01  -1.9236469e+01   1.4400000e+02  -3.1211126e+00  -4.6760661e+01  -6.0000000e+01   1.9151599e+01
   1.1278393e+01  -1.7551094e+01   1.4400000e+02   8.6394752e+00  -5.0805982e+01  -6.0000000e+01   1.6950542e+01
   5.8973648e+00  -1.5761847e+01   1.4400000e+02   2.0086426e+01  -5.2796761e+01  -6.0000000e+01   1.2993804e+01
   8.3153289e-01  -1.0813634e+01   1.4400000e+02   3.1260666e+01  -5.3137224e+01  -6.0000000e+01   9.7060346e+00
  -5.4419651e+00  -5.6940272e+00   1.4400000e+02   4.2574615e+01  -5.2327306e+01  -6.0000000e+01   6.1470748e+00
  -1.1299257e+01   1.2569909e+00   1.4400000e+02   5.3315476e+01  -5.1425796e+01  -6.0000000e+01   1.7178071e+00
  -1.2268516e+01   4.2514076e+00   1.4400000e+02   6.4259906e+01  -4.9276645e+01  -6.0000000e+01  -2.1865144e+00
  -1.0233742e+01   4.6072056e+00   1.4400000e+02   7.5354084e+01  -4.5707466e+01  -6.0000000e+01  -5.7118523e+00
  -9.1342616e+00   5.4807667e+00   1.4400000e+02   8.2053864e+01  -4.8010396e+01  -6.0000000e+01  -7.0275528e+00
  -7.2142044e+00   4.5347821e+00   1.4400000e+02   8.0841904e+01  -5.0341632e+01  -6.0000000e+01  -4.4961205e+00
  -5.8112316e+00   4.7838242e+00   1.4400000e+02   7.7564837e+01  -5.0623216e+01  -6.0000000e+01  -1.0952716e+00
  -2.7890462e+00   3.1451816e+00   1.4400000e+02   7.3312845e+01  -5.1115681e+01  -6.0000000e+01   1.4803176e+00
   5.3241869e-01   9.0924412e-01   1.4400000e+02   6.8606500e+01  -5.2047049e+01  -6.0000000e+01   4.5403863e+00
   5.3223626e+00  -2.8651820e+00   1.4400000e+02   6.2233413e+01  -5.3117214e+01  -6.0000000e+01   7.3001886e+00
   9.8031421e+00  -6.3655494e+00   1.4400000e+02   5.6148181e+01  -5.4454801e+01  -6.0000000e+01   9.7237199e+00
   1.3877846e+01  -9.7906211e+00   1.4400000e+02   5.0242310e+01  -5.4722602e+01  -6.0000000e+01   1.1532608e+01
   1.7464106e+01  -1.3818305e+01   1.4400000e+02   4.4316855e+01  -5.3365850e+01  -6.0000000e+01   1.2954467e+01
   2.1317989e+01  -1.6803206e+01   1.4400000e+02   3.6919071e+01  -5.1576675e+01  -6.0000000e+01   1.5133679e+01
   2.6106120e+01  -1.9212330e+01   1.4400000e+02   3.0219908e+01  -5.1167950e+01  -6.0000000e+01   1.7249627e+01
   2.9737519e+01  -2.0279418e+01   1.4400000e+02   2.5741799e+01  -5.0302315e+01  -6.0000000e+01   1.9574740e+01
   3.3708918e+01  -2.1338593e+01   1.4400000e+02   2.0427120e+01  -4.7721168e+01  -6.0000000e+01   2.2095696e+01
   3.4110212e+01  -2.3201868e+01   1.4400000e+02   1.7872975e+01  -4.3149252e+01  -6.0000000e+01   2.4792945e+01
   3.8153841e+01  -2.6638015e+01   1.4400000e+02   1.0817698e+01  -3.7168199e+01  -6.0000000e+01   2.8906997e+01
   4.1359411e+01  -2.9324566e+01   1.4400000e+02   6.9248938e+00  -3.4483231e+01  -6.0000000e+01   3.1623559e+01
   4.1444600e+01  -2.9794256e+01   1.4400000e+02   4.8660023e+00  -3.2635433e+01  -6.0000000e+01   3.5346271e+01
   4.0787229e+01  -2.8412867e+01   1.4400000e+02   5.0170904e+00  -3.0288197e+01  -6.0000000e+01   4.1703105e+01
   4.3823352e+01  -3.2768181e+01   1.4400000e+02  -9.0017186e-01  -2.6397297e+01  -6.0000000e+01   4.6174851e+01
   4.5365598e+01  -3.6457339e+01   1.4400000e+02  -4.9201955e+00  -2.1516100e+01  -6.0000000e+01   4.9422610e+01
   4.6627770e+01  -4.1417291e+01   1.4400000e+02  -1.0403442e+01  -1.6169644e+01  -6.0000000e+01   5.3266268e+01
   4.8178994e+01  -4.4171265e+01   1.4400000e+02  -1.6456297e+01  -1.7560118e+01  -6.0000000e+01   5.9138718e+01
   5.0482995e+01  -4.5993617e+01   1.4400000e+02  -2.0666674e+01  -1.5014333e+01  -6.0000000e+01   6.3265240e+01
   4.7949146e+01  -4.4958226e+01   1.4400000e+02  -1.9060421e+01  -1.1926746e+01  -6.0000000e+01   6.5664006e+01
   4.2877216e+01  -4.2049124e+01   1.4400000e+02  -1.7494627e+01  -9.0423946e+00  -6.0000000e+01   6.4642664e+01
   3.7219163e+01  -3.6364210e+01   1.4400000e+02  -2.3356222e+01  -1.2974766e+01  -6.0000000e+01   5.6214376e+01
   3.1508285e+01  -3.0002104e+01   1.4400000e+02  -2.6325199e+01  -1.9199354e+01  -6.0000000e+01   4.6869204e+01
   2.5231987e+01  -2.2473847e+01   1.4400000e+02  -2.0269344e+01  -2.7347937e+01  -6.0000000e+01   3.5682482e+01
   2.3038248e+01  -2.0579921e+01   1.4400000e+02  -1.4765176e+01  -3.7015312e+01  -6.0000000e+01   2.3915297e+01
   1.5773876e+01  -1.7631995e+01   1.4400000e+02  -3.0070748e+00  -4.6862789e+01  -6.0000000e+01   1.8253997e+01
   9.9912769e+00  -1.7497904e+01   1.4400000e+02   8.4567014e+00  -5.3403871e+01  -6.0000000e+01   1.4675546e+01
   3.2568278e+00  -1.4206687e+01   1.4400000e+02   1.9539494e+01  -5.6606123e+01  -6.0000000e+01   1.1534647e+01
  -2.4630731e+00  -7.8438738e+00   1.4400000e+02   3.0481156e+01  -5.6957290e+01  -6.0000000e+01   8.3939634e+00
  -7.6906176e+00  -1.2651878e+00   1.4400000e+02   4.1356209e+01  -5.6540643e+01  -6.0000000e+01   5.1632850e+00
  -1.2018724e+01   4.2018234e+00   1.4400000e+02   5.1993739e+01  -5.4388093e+01  -6.0000000e+01   1.0422588e+00
  -1.3022869e+01   5.3393419e+00   1.4400000e+02   6.2293081e+01  -5.0512189e+01  -6.0000000e+01  -3.8796524e+00
  -1.1756212e+01   5.4554633e+00   1.4400000e+02   7.1577622e+01  -4.6889878e+01  -6.0000000e+01  -6.2723644e+00
  -8.8871437e+00   4.7234623e+00   1.4400000e+02   7.8503393e+01  -4.6258387e+01  -6.0000000e+01  -6.8361361e+00
  -6.4619716e+00   3.4577317e+00   1.4400000e+02   7.7639974e+01  -4.8418959e+01  -6.0000000e+01  -4.5155288e+00
  -3.6301696e+00   6.3746479e-01   1.4400000e+02   7.2299383e+01  -4.9421963e+01  -6.0000000e+01  -1.0444687e+00
  -5.7233554e-01  -7.0710786e-01   1.4400000e+02   6.7585274e+01  -5.0283416e+01  -6.0000000e+01   2.0754918e+00
   2.0214703e+00  -2.0123136e+00   1.4400000e+02   6.2576054e+01  -5.0762340e+01  -6.0000000e+01   6.2525124e+00
   6.3238184e+00  -5.5097841e+00   1.4400000e+02   5.6336127e+01  -5.2282484e+01  -6.0000000e+01   1.0423513e+01
   1.1074801e+01  -9.1398440e+00   1.4400000e+02   5.0659961e+01  -5.2716476e+01  -6.0000000e+01   1.1680098e+01
   1.5475416e+01  -1.1576846e+01   1.4400000e+02   4.4757425e+01  -5.2142228e+01  -6.0000000e+01   1.4019424e+01
   2.0474048e+01  -1.5915281e+01   1.4400000e+02   3.8924129e+01  -5.1215129e+01  -6.0000000e+01   1.5292590e+01
   2.3585855e+01  -1.8755225e+01   1.4400000e+02   3.3368805e+01  -4.9131032e+01  -6.0000000e+01   1.6483631e+01
   2.7521238e+01  -1.9806386e+01   1.4400000e+02   2.7592117e+01  -4.8285742e+01  -6.0000000e+01   1.9947170e+01
   3.1523358e+01  -2.0504328e+01   1.4400000e+02   2.2611447e+01  -4.6712835e+01  -6.0000000e+01   2.2829077e+01
   3.3720828e+01  -2.2396666e+01   1.4400000e+02   1.8089158e+01  -4.2250024e+01  -6.0000000e+01   2.5961348e+01
   3.4547427e+01  -2.3197990e+01   1.4400000e+02   1.5020171e+01  -4.0273147e+01  -6.0000000e+01   3.2020932e+01
   3.6995333e+01  -2.8486971e+01   1.4400000e+02   9.4090742e+00  -3.4072318e+01  -6.0000000e+01   3.5477862e+01
   4.0979506e+01  -3.1862434e+01   1.4400000e+02   3.1375978e+00  -3.0686970e+01  -6.0000000e+01   3.8781029e+01
   4.3337401e+01  -3.3931724e+01   1.4400000e+02   1.0765381e-02  -2.7659486e+01  -6.0000000e+01   4.3615266e+01
   4.4153979e+01  -3.4783527e+01   1.4400000e+02  -3.4243073e+00  -2.4447073e+01  -6.0000000e+01   4.9031759e+01
   4.5115464e+01  -3.5458712e+01   1.4400000e+02  -6.8387291e+00  -2.2094905e+01  -6.0000000e+01   5.3793544e+01
   4.6568108e+01  -4.0903994e+01   1.4400000e+02  -1.2205936e+01  -2.0604854e+01  -6.0000000e+01   5.8262163e+01
   4.8378549e+01  -4.1107184e+01   1.4400000e+02  -1.6789542e+01  -1.5601680e+01  -6.0000000e+01   6.2769062e+01
   4.5311488e+01  -4.1136874e+01   1.4400000e+02  -2.0444314e+01  -1.5462000e+01  -6.0000000e+01   6.8345284e+01
   3.6395605e+01  -3.6186459e+01   1.4400000e+02  -1.7798966e+01  -1.6692788e+01  -6.0000000e+01   7.0704607e+01
   3.4582160e+01  -3.2088306e+01   1.4400000e+02  -2.0329418e+01  -1.6184952e+01  -6.0000000e+01   6.3033923e+01
   2.8832051e+01  -2.3706309e+01   1.4400000e+02  -2.0168931e+01  -2.2984151e+01  -6.0000000e+01   5.1828636e+01
   2.5285501e+01  -1.8411756e+01   1.4400000e+02  -1.6385571e+01  -3.0337130e+01  -6.0000000e+01   4.0014409e+01
   1.9985757e+01  -1.7650420e+01   1.4400000e+02  -6.0033777e+00  -3.8114070e+01  -6.0000000e+01   2.8115550e+01
   1.4427666e+01  -1.8768655e+01   1.4400000e+02   5.5146030e+00  -4.7591193e+01  -6.0000000e+01   2.4725162e+01
   9.3668551e+00  -1.8321223e+01   1.4400000e+02   1.6586882e+01  -5.3081983e+01  -6.0000000e+01   2.0298106e+01
   4.0078856e+00  -1.4053692e+01   1.4400000e+02   2.7148412e+01  -5.5515680e+01  -6.0000000e+01   1.7085453e+01
  -1.4194490e+00  -9.2007670e+00   1.4400000e+02   3.7275057e+01  -5.6137821e+01  -6.0000000e+01   1.2719909e+01
  -6.6603772e+00  -1.3939293e+00   1.4400000e+02   4.7070103e+01  -5.5739863e+01  -6.0000000e+01   7.7682112e+00
  -1.2247818e+01   4.9446398e+00   1.4400000e+02   5.6086833e+01  -5.5545310e+01  -6.0000000e+01   3.2056421e+00
  -1.7176164e+01   9.7088137e+00   1.4400000e+02   6.5072762e+01  -5.4673672e+01  -6.0000000e+01  -2.0286082e+00
  -1.8707637e+01   1.1866661e+01   1.4400000e+02   7.3564664e+01  -5.3186028e+01  -6.0000000e+01  -5.7187892e+00
  -1.5820046e+01   1.1148578e+01   1.4400000e+02   8.2039308e+01  -4.9945719e+01  -6.0000000e+01  -8.0299676e+00
  -1.2005596e+01   9.5318263e+00   1.4400000e+02   8.5742635e+01  -4.8421722e+01  -6.0000000e+01  -8.6652218e+00
  -9.5663227e+00   8.0631112e+00   1.4400000e+02   8.2422116e+01  -4.9589996e+01  -6.0000000e+01  -4.4974721e+00
  -5.6053752e+00   6.1172125e+00   1.4400000e+02   7.7471263e+01  -5.0990481e+01  -6.0000000e+01  -3.5741764e-01
  -2.5006499e+00   3.4051775e+00   1.4400000e+02   7.2615882e+01  -5.2448415e+01  -6.0000000e+01   2.8176259e+00
   1.0893240e+00  -6.4079979e-01   1.4400000e+02   6.6131854e+01  -5.2993332e+01  -6.0000000e+01   5.4779324e+00
   5.6014683e+00  -4.0310919e+00   1.4400000e+02   6.0362747e+01  -5.3806140e+01  -6.0000000e+01   7.6065837e+00
   9.3814436e+00  -6.5640741e+00   1.4400000e+02   5.5741374e+01  -5.4556491e+01  -6.0000000e+01   9.5293108e+00
   1.3394024e+01  -1.1537045e+01   1.4400000e+02   4.9757295e+01  -5.4616241e+01  -6.0000000e+01   1.0731835e+01
   1.8384205e+01  -1.6253874e+01   1.4400000e+02   4.3077777e+01  -5.4133604e+01  -6.0000000e+01   1.1589056e+01
   2.2003942e+01  -1.7967495e+01   1.4400000e+02   3.8501015e+01  -5.3094554e+01  -6.0000000e+01   1.3060499e+01
   2.5240655e+01  -2.1798442e+01   1.4400000e+02   3.1301205e+01  -4.9103206e+01  -6.0000000e+01   1.5091754e+01
   3.0235377e+01  -2.2911415e+01   1.4400000e+02   2.5785095e+01  -5.0070838e+01  -6.0000000e+01   1.5605499e+01
   3.1584884e+01  -2.1786402e+01   1.4400000e+02   2.4301620e+01  -4.8753649e+01  -6.0000000e+01   1.7260507e+01
   3.5028846e+01  -2.2818960e+01   1.4400000e+02   2.0409216e+01  -4.7995421e+01  -6.0000000e+01   2.0102446e+01
   3.5948141e+01  -2.4693857e+01   1.4400000e+02   1.5578075e+01  -4.4137645e+01  -6.0000000e+01   2.3321935e+01
   3.7763410e+01  -2.5283024e+01   1.4400000e+02   1.2904212e+01  -4.2892769e+01  -6.0000000e+01   2.7770024e+01
   4.1089723e+01  -3.3606630e+01   1.4400000e+02   6.7735755e+00  -3.3073860e+01  -6.0000000e+01   2.9939677e+01
   4.3253719e+01  -3.7064219e+01   1.4400000e+02   1.1077405e+00  -2.7682696e+01  -6.0000000e+01   3.2520573e+01
   4.2430989e+01  -3.4518537e+01   1.4400000e+02   5.4543058e-01  -2.9626191e+01  -6.0000000e+01   3.6872158e+01
   4.3669496e+01  -3.7290861e+01   1.4400000e+02  -2.3341140e+00  -2.4670598e+01  -6.0000000e+01   4.0995870e+01
   4.2210175e+01  -3.5240544e+01   1.4400000e+02  -3.0345390e+00  -2.2436002e+01  -6.0000000e+01   4.6086187e+01
   4.2820823e+01  -3.7144211e+01   1.4400000e+02  -7.2384404e+00  -1.9812738e+01  -6.0000000e+01   4.9291931e+01
   4.0257383e+01  -3.9251920e+01   1.4400000e+02  -1.2932908e+01  -1.5809480e+01  -6.0000000e+01   5.0177681e+01
   3.8090426e+01  -3.8576249e+01   1.4400000e+02  -1.7406668e+01  -1.1537475e+01  -6.0000000e+01   4.9162346e+01
   3.4870441e+01  -3.3459181e+01   1.4400000e+02  -2.3616200e+01  -1.8449002e+01  -6.0000000e+01   4.8608017e+01
   2.9258515e+01  -2.8679263e+01   1.4400000e+02  -2.6685277e+01  -2.2890606e+01  -6.0000000e+01   3.9545019e+01
   2.4845645e+01  -2.4443664e+01   1.4400000e+02  -2.5312633e+01  -2.5352982e+01  -6.0000000e+01   3.0050403e+01
   2.1606960e+01  -2.1465637e+01   1.4400000e+02  -1.8841411e+01  -3.6070065e+01  -6.0000000e+01   2.0064394e+01
   1.6583148e+01  -1.8322202e+01   1.4400000e+02  -7.1669528e+00  -4.6208496e+01  -6.0000000e+01   1.6537091e+01
   1.0577981e+01  -1.9216253e+01   1.4400000e+02   4.7244497e+00  -5.0425057e+01  -6.0000000e+01   1.4848895e+01
   5.8586598e+00  -1.6507233e+01   1.4400000e+02   1.6415863e+01  -5.1520365e+01  -6.0000000e+01   1.2162450e+01
   3.6822957e-02  -1.2163856e+01   1.4400000e+02   2.8310520e+01  -4.9887401e+01  -6.0000000e+01   9.5555215e+00
  -4.7073900e+00  -6.7868435e+00   1.4400000e+02   4.0182871e+01  -4.6503508e+01  -6.0000000e+01   6.2674746e+00
  -7.3081311e+00  -2.6964084e+00   1.4400000e+02   5.2040365e+01  -4.2646718e+01  -6.0000000e+01   2.1257876e+00
  -6.2801424e+00   2.2847530e-01   1.4400000e+02   6.3882676e+01  -3.9542694e+01  -6.0000000e+01  -2.2609782e+00
  -7.4698450e+00   4.8466821e+00   1.4400000e+02   7.4046680e+01  -4.2063668e+01  -6.0000000e+01  -5.3224239e+00
  -6.6747954e+00   4.9413706e+00   1.4400000e+02   7.6599143e+01  -4.6247208e+01  -6.0000000e+01  -4.6040814e+00
  -1.7417501e+00   2.7147038e+00   1.4400000e+02   7.3076151e+01  -5.0472607e+01  -6.0000000e+01  -1.2414053e+00
   1.9026828e+00  -4.2261544e-01   1.4400000e+02   6.7488931e+01  -5.2501097e+01  -6.0000000e+01   2.3047404e+00
   5.8669000e+00  -3.5086809e+00   1.4400000e+02   6.1276783e+01  -5.3343185e+01  -6.0000000e+01   5.8386785e+00
   1.0623382e+01  -8.3848117e+00   1.4400000e+02   5.4408900e+01  -5.2646255e+01  -6.0000000e+01   8.3862048e+00
   1.4265841e+01  -1.1789510e+01   1.4400000e+02   4.7184892e+01  -5.2452802e+01  -6.0000000e+01   1.0870587e+01
   1.8882133e+01  -1.5527041e+01   1.4400000e+02   3.9680849e+01  -5.0719470e+01  -6.0000000e+01   1.3327083e+01
   2.4786068e+01  -1.8370659e+01   1.4400000e+02   3.1923907e+01  -5.0070299e+01  -6.0000000e+01   1.6660531e+01
   2.8104320e+01  -2.3046027e+01   1.4400000e+02   2.5618936e+01  -4.6725155e+01  -6.0000000e+01   1.7623555e+01
   3.0458084e+01  -2.3534699e+01   1.4400000e+02   2.1762961e+01  -4.5697258e+01  -6.0000000e+01   2.0587877e+01
   3.2669148e+01  -2.4465887e+01   1.4400000e+02   1.7524701e+01  -4.2368017e+01  -6.0000000e+01   2.4431883e+01
   3.3283064e+01  -2.3225541e+01   1.4400000e+02   1.3885925e+01  -3.7923204e+01  -6.0000000e+01   2.9114024e+01
   3.7885648e+01  -2.6350465e+01   1.4400000e+02   9.2923126e+00  -3.6224485e+01  -6.0000000e+01   3.2020214e+01
   3.8543993e+01  -2.6355525e+01   1.4400000e+02   7.6171827e+00  -3.4707265e+01  -6.0000000e+01   3.6784874e+01
   4.0533820e+01  -3.2053798e+01   1.4400000e+02   2.0453709e+00  -2.7146845e+01  -6.0000000e+01   4.2120475e+01
   4.2478670e+01  -3.2821958e+01   1.4400000e+02  -7.8802543e-01  -2.4022168e+01  -6.0000000e+01   4.7133762e+01
   4.6196492e+01  -3.7342594e+01   1.4400000e+02  -4.4245279e+00  -2.1064959e+01  -6.0000000e+01   5.1125526e+01
   4.6908272e+01  -4.0162092e+01   1.4400000e+02  -9.6359708e+00  -1.8349719e+01  -6.0000000e+01   5.4741735e+01
   4.5021507e+01  -3.8826955e+01   1.4400000e+02  -1.1001836e+01  -1.9635820e+01  -6.0000000e+01   6.0919781e+01
   4.9294336e+01  -3.6294811e+01   1.4400000e+02  -1.3714765e+01  -2.0182292e+01  -6.0000000e+01   6.5549687e+01
   4.9441895e+01  -3.7476838e+01   1.4400000e+02  -1.5769467e+01  -2.2246331e+01  -6.0000000e+01   6.9566538e+01
   5.0631936e+01  -4.0408603e+01   1.4400000e+02  -1.6341942e+01  -2.2370999e+01  -6.0000000e+01   7.2491268e+01
   5.0680295e+01  -4.2716832e+01   1.4400000e+02  -1.7384687e+01  -2.0930774e+01  -6.0000000e+01   7.3802300e+01
   4.3661293e+01  -4.3418739e+01   1.4400000e+02  -1.9186021e+01  -1.9394490e+01  -6.0000000e+01   7.3134917e+01
   3.8776822e+01  -3.6777194e+01   1.4400000e+02  -1.9215459e+01  -1.6354281e+01  -6.0000000e+01   6.9750096e+01
   3.5203943e+01  -3.4320745e+01   1.4400000e+02  -2.0569487e+01  -1.6378759e+01  -6.0000000e+01   6.0935256e+01
   3.2400582e+01  -2.6775760e+01   1.4400000e+02  -1.9301630e+01  -2.3162072e+01  -6.0000000e+01   5.1055383e+01
   2.7704718e+01  -2.2432902e+01   1.4400000e+02  -1.5492186e+01  -3.1050361e+01  -6.0000000e+01   3.9704659e+01
   2.4215321e+01  -2.1656227e+01   1.4400000e+02  -7.0362269e+00  -4.0769942e+01  -6.0000000e+01   3.2361768e+01
   1.5038129e+01  -1.5858230e+01   1.4400000e+02   4.1160494e+00  -5.0360410e+01  -6.0000000e+01   2.5873767e+01
   9.5780425e+00  -1.6640697e+01   1.4400000e+02   1.5790930e+01  -5.1751477e+01  -6.0000000e+01   2.1069633e+01
   3.9746544e+00  -1.4034587e+01   1.4400000e+02   2.6064012e+01  -5.4984959e+01  -6.0000000e+01   1.6809136e+01
  -2.6325505e+00  -9.4671344e+00   1.4400000e+02   3.6738256e+01  -5.6209475e+01  -6.0000000e+01   1.3866141e+01
  -8.4934940e+00  -2.9796727e+00   1.4400000e+02   4.6757929e+01  -5.6169519e+01  -6.0000000e+01   1.0515381e+01
  -1.3223378e+01   2.6805819e+00   1.4400000e+02   5.6443432e+01  -5.5762427e+01  -6.0000000e+01   5.2434964e+00
  -1.3514968e+01   5.8340327e+00   1.4400000e+02   6.5531191e+01  -5.4828708e+01  -6.0000000e+01   5.6226992e-02
  -1.1737596e+01   5.5313725e+00   1.4400000e+02   7.3427493e+01  -5.2952217e+01  -6.0000000e+01  -5.0563381e+00
  -7.3973874e+00   4.5779686e+00   1.4400000e+02   7.9349681e+01  -5.1562972e+01  -6.0000000e+01  -6.8419022e+00
  -5.0812562e+00   3.1140935e+00   1.4400000e+02   7.9142187e+01  -5.1751097e+01  -6.0000000e+01  -5.4335151e+00
  -2.7079020e+00   1.6453601e+00   1.4400000e+02   7.6244934e+01  -5.2560527e+01  -6.0000000e+01  -2.7927016e+00
  -1.7330304e-01   4.0924185e-01   1.4400000e+02   7.2220033e+01  -5.3118397e+01  -6.0000000e+01   8.1461239e-01
   2.5078149e+00  -1.8720667e+00   1.4400000e+02   6.6074637e+01  -5.3183309e+01  -6.0000000e+01   5.2385085e+00
   6.3381586e+00  -4.5769926e+00   1.4400000e+02   6.0075423e+01  -5.3274221e+01  -6.0000000e+01   8.8220461e+00
   1.0449329e+01  -8.5987588e+00   1.4400000e+02   5.4888202e+01  -5.4009515e+01  -6.0000000e+01   1.0159889e+01
   1.3983011e+01  -1.1727335e+01   1.4400000e+02   4.9308482e+01  -5.4871140e+01  -6.0000000e+01   1.1956908e+01
   1.6847590e+01  -1.4814237e+01   1.4400000e+02   4.4338512e+01  -5.4033549e+01  -6.0000000e+01   1.3104274e+01
   2.1199911e+01  -1.8344407e+01   1.4400000e+02   3.9701177e+01  -5.4685098e+01  -6.0000000e+01   1.4646583e+01
   2.4420721e+01  -2.1530561e+01   1.4400000e+02   3.3380181e+01  -5.3167970e+01  -6.0000000e+01   1.6351795e+01
   2.7556494e+01  -2.3451024e+01   1.4400000e+02   2.8842407e+01  -5.1982269e+01  -6.0000000e+01   1.7141770e+01
   2.8449518e+01  -2.3675314e+01   1.4400000e+02   2.5827292e+01  -5.0243072e+01  -6.0000000e+01   1.9771379e+01
   2.9823897e+01  -2.2947198e+01   1.4400000e+02   2.4583099e+01  -4.9777858e+01  -6.0000000e+01   2.0575970e+01
   3.2519631e+01  -2.4018093e+01   1.4400000e+02   2.1218172e+01  -4.9020201e+01  -6.0000000e+01   2.2866242e+01
   3.4072709e+01  -2.3868374e+01   1.4400000e+02   1.8069706e+01  -4.8140154e+01  -6.0000000e+01   2.4981823e+01
   3.4401170e+01  -2.1860081e+01   1.4400000e+02   1.5957284e+01  -4.6658326e+01  -6.0000000e+01   2.9118160e+01
   3.5611509e+01  -2.3643758e+01   1.4400000e+02   1.1285713e+01  -4.4175698e+01  -6.0000000e+01   3.2732791e+01
   3.7879479e+01  -2.3902063e+01   1.4400000e+02   8.2942963e+00  -4.2314802e+01  -6.0000000e+01   3.7338391e+01
   3.9520850e+01  -2.5720442e+01   1.4400000e+02   3.6340545e+00  -4.0382429e+01  -6.0000000e+01   4.0247026e+01
   4.1919376e+01  -3.1759883e+01   1.4400000e+02  -1.1363183e+00  -3.4761026e+01  -6.0000000e+01   4.5095254e+01
   4.3401560e+01  -3.3141496e+01   1.4400000e+02  -4.4780600e+00  -2.9534489e+01  -6.0000000e+01   4.9250224e+01
   4.3666210e+01  -3.5681949e+01   1.4400000e+02  -6.4305654e+00  -2.6157125e+01  -6.0000000e+01   5.3299922e+01
   4.3266540e+01  -3.8037235e+01   1.4400000e+02  -9.9129977e+00  -1.9867813e+01  -6.0000000e+01   5.8369516e+01
   4.5061153e+01  -4.3758271e+01   1.4400000e+02  -1.4761335e+01  -1.4998985e+01  -6.0000000e+01   6.2917159e+01
   4.4060047e+01  -4.4747931e+01   1.4400000e+02  -1.5331292e+01  -9.9638225e+00  -6.0000000e+01   6.5499614e+01
   4.2950549e+01  -4.3124974e+01   1.4400000e+02  -1.6194642e+01  -7.7295514e+00  -6.0000000e+01   6.8728550e+01
   3.8449717e+01  -3.9397351e+01   1.4400000e+02  -1.9464637e+01  -9.0947697e+00  -6.0000000e+01   6.6389962e+01
   3.3039083e+01  -3.0419102e+01   1.4400000e+02  -2.1499589e+01  -1.3410177e+01  -6.0000000e+01   5.8053045e+01
   2.8408910e+01  -2.4044058e+01   1.4400000e+02  -2.2549867e+01  -2.2260713e+01  -6.0000000e+01   4.8020407e+01
   2.4156248e+01  -1.7882258e+01   1.4400000e+02  -1.6834445e+01  -3.2272215e+01  -6.0000000e+01   3.6506764e+01
   1.6636399e+01  -1.4918040e+01   1.4400000e+02  -5.1638005e+00  -4.1941023e+01  -6.0000000e+01   2.7402725e+01
   1.0450816e+01  -1.4790534e+01   1.4400000e+02   6.8415042e+00  -4.7788456e+01  -6.0000000e+01   2.3192913e+01
   3.8682366e+00  -1.3461278e+01   1.4400000e+02   1.8292255e+01  -5.0915424e+01  -6.0000000e+01   1.7272613e+01
  -1.2681151e+00  -7.9843187e+00   1.4400000e+02   2.9858181e+01  -5.1098367e+01  -6.0000000e+01   1.4904050e+01
  -6.9117870e+00  -2.6397259e+00   1.4400000e+02   4.1400799e+01  -4.9748606e+01  -6.0000000e+01   1.1141079e+01
  -1.1524611e+01   4.2780532e+00   1.4400000e+02   5.2765515e+01  -4.6681393e+01  -6.0000000e+01   6.4406557e+00
  -1.4696986e+01   7.8145723e+00   1.4400000e+02   6.3698419e+01  -4.4421393e+01  -6.0000000e+01   8.2296253e-01
  -1.5009002e+01   9.0407460e+00   1.4400000e+02   7.3921035e+01  -4.1615301e+01  -6.0000000e+01  -4.8261573e+00
  -1.3092590e+01   1.0115854e+01   1.4400000e+02   8.2164380e+01  -4.0990087e+01  -6.0000000e+01  -6.2052081e+00
  -1.1429540e+01   1.0286879e+01   1.4400000e+02   8.3401453e+01  -4.4289342e+01  -6.0000000e+01  -4.3757067e+00
  -8.4555325e+00   7.7377684e+00   1.4400000e+02   7.9489796e+01  -4.6962046e+01  -6.0000000e+01  -5.4100115e-01
  -5.9304001e+00   5.6042029e+00   1.4400000e+02   7.4505891e+01  -4.7624848e+01  -6.0000000e+01   3.5353649e+00
  -2.9987160e+00   2.7775546e+00   1.4400000e+02   6.9349927e+01  -4.8044337e+01  -6.0000000e+01   6.4089638e+00
  -5.7650896e-01  -4.0526949e-01   1.4400000e+02   6.4383449e+01  -4.7986146e+01  -6.0000000e+01   8.5646860e+00
   4.2087155e+00  -2.9662609e+00   1.4400000e+02   5.9259894e+01  -5.0197127e+01  -6.0000000e+01   1.1966204e+01
   8.0123840e+00  -5.7406009e+00   1.4400000e+02   5.4708038e+01  -5.1251178e+01  -6.0000000e+01   1.3238270e+01
   1.2504183e+01  -9.7899158e+00   1.4400000e+02   4.8641285e+01  -5.2021727e+01  -6.0000000e+01   1.5614383e+01
   1.7091107e+01  -1.4073126e+01   1.4400000e+02   4.2263113e+01  -5.1566796e+01  -6.0000000e+01   1.6667960e+01
   2.2270939e+01  -1.7717517e+01   1.4400000e+02   3.5970154e+01  -5.0880334e+01  -6.0000000e+01   1.7166836e+01
   2.6629521e+01  -2.0080648e+01   1.4400000e+02   2.9641265e+01  -4.9210929e+01  -6.0000000e+01   1.9212162e+01
   2.9624861e+01  -2.1609121e+01   1.4400000e+02   2.5092307e+01  -4.7353119e+01  -6.0000000e+01   1.9749272e+01
   3.1574487e+01  -2.0113001e+01   1.4400000e+02   2.5096189e+01  -4.7233241e+01  -6.0000000e+01   2.1042201e+01
   3.0494738e+01  -1.7187380e+01   1.4400000e+02   2.4496600e+01  -4.6577738e+01  -6.0000000e+01   2.4045957e+01
   3.3010707e+01  -2.1569857e+01   1.4400000e+02   1.7601834e+01  -4.1564306e+01  -6.0000000e+01   2.8168806e+01
   3.4598053e+01  -2.3109748e+01   1.4400000e+02   1.4092534e+01  -3.8483693e+01  -6.0000000e+01   3.1619196e+01
   3.7784473e+01  -2.6240331e+01   1.4400000e+02   8.3205612e+00  -3.5642705e+01  -6.0000000e+01   3.7011307e+01
   4.0130490e+01  -2.7503655e+01   1.4400000e+02   3.8367141e+00  -3.1580718e+01  -6.0000000e+01   4.0891557e+01
   4.1504467e+01  -2.8379527e+01   1.4400000e+02   1.7585418e+00  -2.7379711e+01  -6.0000000e+01   4.2738703e+01
   4.1636936e+01  -2.9862750e+01   1.4400000e+02  -3.0477450e-01  -2.5134302e+01  -6.0000000e+01   4.9031584e+01
   4.3842966e+01  -3.2895161e+01   1.4400000e+02  -5.3876813e+00  -2.3183648e+01  -6.0000000e+01   5.3744308e+01
   4.6161459e+01  -3.6876945e+01   1.4400000e+02  -1.2290532e+01  -2.3064912e+01  -6.0000000e+01   5.8000901e+01
   4.2796422e+01  -3.6314238e+01   1.4400000e+02  -1.6036282e+01  -1.9595285e+01  -6.0000000e+01   6.0690493e+01
   3.9269593e+01  -3.4512853e+01   1.4400000e+02  -1.8710448e+01  -1.6498283e+01  -6.0000000e+01   5.7068034e+01
   3.4306519e+01  -3.1001918e+01   1.4400000e+02  -2.1162113e+01  -1.3047385e+01  -6.0000000e+01   5.1750882e+01
   2.8822780e+01  -2.4457981e+01   1.4400000e+02  -2.0161414e+01  -2.0136524e+01  -6.0000000e+01   4.5983145e+01
   2.3893331e+01  -2.2049785e+01   1.4400000e+02  -1.7921259e+01  -2.7781795e+01  -6.0000000e+01   3.5176737e+01
   2.0451389e+01  -1.9081649e+01   1.4400000e+02  -9.3219879e+00  -3.8586052e+01  -6.0000000e+01   2.4697386e+01
   1.5155252e+01  -1.8908112e+01   1.4400000e+02   1.7725639e+00  -4.8315374e+01  -6.0000000e+01   1.9504525e+01
   8.8663753e+00  -1.8056989e+01   1.4400000e+02   1.3152789e+01  -5.2777551e+01  -6.0000000e+01   1.8772780e+01
   3.0925881e+00  -1.3657231e+01   1.4400000e+02   2.3962753e+01  -5.4413775e+01  -6.0000000e+01   1.6304537e+01
  -4.0267431e+00  -8.6251057e+00   1.4400000e+02   3.5026369e+01  -5.4237028e+01  -6.0000000e+01   1.2761732e+01
  -1.0677104e+01  -1.4026580e+00   1.4400000e+02   4.5752424e+01  -5.3155128e+01  -6.0000000e+01   8.9286662e+00
  -1.5959052e+01   4.3100337e+00   1.4400000e+02   5.6576976e+01  -5.2618317e+01  -6.0000000e+01   4.6355696e+00
  -1.8037284e+01   1.0291998e+01   1.4400000e+02   6.5698666e+01  -5.3162907e+01  -6.0000000e+01  -1.0872980e+00
  -1.8641700e+01   1.2024802e+01   1.4400000e+02   7.3823695e+01  -5.2381520e+01  -6.0000000e+01  -5.9947188e+00
  -1.7073355e+01   1.2520814e+01   1.4400000e+02   8.2718656e+01  -4.8649560e+01  -6.0000000e+01  -1.0837102e+01
  -1.5992823e+01   1.3764097e+01   1.4400000e+02   8.9485426e+01  -4.5530970e+01  -6.0000000e+01  -1.0807711e+01
  -1.3812515e+01   1.2939971e+01   1.4400000e+02   8.7612270e+01  -4.7176208e+01  -6.0000000e+01  -6.8860642e+00
  -1.1304351e+01   1.0937377e+01   1.4400000e+02   8.3277733e+01  -4.7929774e+01  -6.0000000e+01  -1.6560047e+00
  -8.0092093e+00   8.5997598e+00   1.4400000e+02   7.7888134e+01  -4.8504850e+01  -6.0000000e+01   2.8798649e+00
  -4.0342724e+00   4.5776325e+00   1.4400000e+02   7.2350520e+01  -4.9469395e+01  -6.0000000e+01   6.1461436e+00
   6.5173059e-01   9.5743006e-01   1.4400000e+02   6.6757260e+01  -5.1168717e+01  -6.0000000e+01   8.7049522e+00
   5.0413608e+00  -2.3666953e+00   1.4400000e+02   6.0411070e+01  -5.3291787e+01  -6.0000000e+01   1.2445886e+01
   9.7423446e+00  -7.4850747e+00   1.4400000e+02   5.3565954e+01  -5.4365103e+01  -6.0000000e+01   1.4672667e+01
   1.5091207e+01  -1.1660505e+01   1.4400000e+02   4.7271630e+01  -5.5063310e+01  -6.0000000e+01   1.5934046e+01
   1.8189902e+01  -1.6276494e+01   1.4400000e+02   4.0961578e+01  -5.3078224e+01  -6.0000000e+01   1.7122288e+01
   2.0847747e+01  -1.7724916e+01   1.4400000e+02   3.5140995e+01  -5.1126176e+01  -6.0000000e+01   1.9862584e+01
   2.2688419e+01  -1.9558849e+01   1.4400000e+02   3.0299433e+01  -4.8500084e+01  -6.0000000e+01   2.1644821e+01
   2.6300291e+01  -1.9935510e+01   1.4400000e+02   2.6394666e+01  -4.8320457e+01  -6.0000000e+01   2.3434481e+01
   2.6513584e+01  -1.7977374e+01   1.4400000e+02   2.4990994e+01  -4.7047084e+01  -6.0000000e+01   2.7611030e+01
   3.2030224e+01  -2.2362152e+01   1.4400000e+02   1.7079795e+01  -4.5367031e+01  -6.0000000e+01   3.0420837e+01
   3.2477402e+01  -2.5082872e+01   1.4400000e+02   1.4345417e+01  -4.0183500e+01  -6.0000000e+01   3.4650264e+01
   3.5343157e+01  -2.6944609e+01   1.4400000e+02   8.3829305e+00  -3.8509428e+01  -6.0000000e+01   3.9833422e+01
   3.8897451e+01  -3.1929098e+01   1.4400000e+02   2.6519669e+00  -3.3168319e+01  -6.0000000e+01   4.3210265e+01
   4.2296921e+01  -3.6119125e+01   1.4400000e+02  -2.7230759e+00  -2.6840543e+01  -6.0000000e+01   4.8918481e+01
   4.3111640e+01  -3.5219674e+01   1.4400000e+02  -6.1818731e+00  -2.4808230e+01  -6.0000000e+01   5.3393431e+01
   4.2160980e+01  -3.4803373e+01   1.4400000e+02  -9.2127804e+00  -2.6574347e+01  -6.0000000e+01   5.8668130e+01
   4.4456485e+01  -3.5009670e+01   1.4400000e+02  -1.3201296e+01  -2.8434147e+01  -6.0000000e+01   6.4733131e+01
   4.0888481e+01  -3.6624689e+01   1.4400000e+02  -1.4949695e+01  -2.4868218e+01  -6.0000000e+01   6.8588722e+01
   4.0548064e+01  -3.8589104e+01   1.4400000e+02  -1.9874031e+01  -2.6129969e+01  -6.0000000e+01   7.1565406e+01
   3.6058183e+01  -3.2871255e+01   1.4400000e+02  -2.2389529e+01  -2.3009786e+01  -6.0000000e+01   6.4448875e+01
   2.8358998e+01  -2.2903109e+01   1.4400000e+02  -2.5493588e+01  -2.7175319e+01  -6.0000000e+01   5.3876350e+01
   2.2604534e+01  -1.9572990e+01   1.4400000e+02  -2.1850869e+01  -2.9105057e+01  -6.0000000e+01   4.2621459e+01
   1.6100959e+01  -1.4907730e+01   1.4400000e+02  -1.3176629e+01  -3.7098154e+01  -6.0000000e+01   3.0600153e+01
   9.3964692e+00  -1.3543891e+01   1.4400000e+02  -1.5393602e+00  -4.7046086e+01  -6.0000000e+01   2.2361426e+01
   3.8704150e+00  -1.4588736e+01   1.4400000e+02   9.6397768e+00  -5.4206124e+01  -6.0000000e+01   1.8107738e+01
  -1.2809557e+00  -1.2142250e+01   1.4400000e+02   2.0713086e+01  -5.6938449e+01  -6.0000000e+01   1.5454768e+01
  -8.5345347e+00  -6.6045028e+00   1.4400000e+02   3.2416683e+01  -5.4905273e+01  -6.0000000e+01   1.2776450e+01
  -1.4174931e+01  -1.4426382e+00   1.4400000e+02   4.4089623e+01  -5.3058860e+01  -6.0000000e+01   1.0227904e+01
  -1.9154551e+01   5.4322808e+00   1.4400000e+02   5.5269834e+01  -5.1239980e+01  -6.0000000e+01   5.6535996e+00
  -2.2387719e+01   1.0109091e+01   1.4400000e+02   6.6178872e+01  -4.8425616e+01  -6.0000000e+01   7.7633958e-01
  -2.1733666e+01   1.2227024e+01   1.4400000e+02   7.6749141e+01  -4.4940698e+01  -6.0000000e+01  -5.0126260e+00
  -1.7316179e+01   1.3152984e+01   1.4400000e+02   8.6408980e+01  -4.1948359e+01  -6.0000000e+01  -8.4999413e+00
  -1.5364611e+01   1.3313696e+01   1.4400000e+02   8.8092883e+01  -4.5004146e+01  -6.0000000e+01  -7.5954224e+00
  -1.1276974e+01   1.0643612e+01   1.4400000e+02   8.4105746e+01  -4.7936504e+01  -6.0000000e+01  -3.8807664e+00
  -7.7181894e+00   8.3860457e+00   1.4400000e+02   7.8869107e+01  -5.0352502e+01  -6.0000000e+01   9.7449024e-01
  -3.2389475e+00   3.7016758e+00   1.4400000e+02   7.2139232e+01  -5.1886477e+01  -6.0000000e+01   4.3814479e+00
   1.3878982e+00  -7.2398832e-02   1.4400000e+02   6.5198372e+01  -5.3392425e+01  -6.0000000e+01   8.4318353e+00
   5.6835564e+00  -3.7227656e+00   1.4400000e+02   5.8884555e+01  -5.4598591e+01  -6.0000000e+01   1.2182246e+01
   1.0067350e+01  -7.4500747e+00   1.4400000e+02   5.2637722e+01  -5.5444372e+01  -6.0000000e+01   1.5136706e+01
   1.5961809e+01  -1.3527985e+01   1.4400000e+02   4.4906347e+01  -5.5529913e+01  -6.0000000e+01   1.6409150e+01
   2.1210702e+01  -1.7616225e+01   1.4400000e+02   3.6546681e+01  -5.5135274e+01  -6.0000000e+01   1.8223269e+01
   2.3927084e+01  -1.9778091e+01   1.4400000e+02   2.9990876e+01  -5.1214861e+01  -6.0000000e+01   2.1127151e+01
   2.6984420e+01  -2.1620861e+01   1.4400000e+02   2.5729670e+01  -4.9146355e+01  -6.0000000e+01   2.2341854e+01
   3.1817412e+01  -2.2240579e+01   1.4400000e+02   2.0524631e+01  -4.9684316e+01  -6.0000000e+01   2.3438927e+01
   3.2947933e+01  -2.3112071e+01   1.4400000e+02   1.7048415e+01  -4.6042885e+01  -6.0000000e+01   2.7626187e+01
   3.4164691e+01  -2.5406688e+01   1.4400000e+02   1.2314542e+01  -3.9217911e+01  -6.0000000e+01   3.2298785e+01
   3.5614887e+01  -2.9554792e+01   1.4400000e+02   8.1104422e+00  -3.4826978e+01  -6.0000000e+01   3.6699919e+01
   3.8937094e+01  -3.1184852e+01   1.4400000e+02   3.8482820e+00  -3.0589639e+01  -6.0000000e+01   3.9580808e+01
   4.3604040e+01  -3.2118452e+01   1.4400000e+02  -1.3880841e+00  -3.0641220e+01  -6.0000000e+01   4.6017500e+01
   4.2927141e+01  -2.8426833e+01   1.4400000e+02  -2.0644259e+00  -3.5343160e+01  -6.0000000e+01   5.0936462e+01
   4.4957712e+01  -3.3034597e+01   1.4400000e+02  -7.0906250e+00  -3.5036216e+01  -6.0000000e+01   5.6373774e+01
   4.6895641e+01  -3.3942711e+01   1.4400000e+02  -1.0525224e+01  -3.4769695e+01  -6.0000000e+01   6.1040194e+01
   4.8143229e+01  -3.9560625e+01   1.4400000e+02  -1.4711392e+01  -2.7874305e+01  -6.0000000e+01   6.6451385e+01
   5.0516463e+01  -3.9518325e+01   1.4400000e+02  -1.7364126e+01  -2.7838052e+01  -6.0000000e+01   7.3193896e+01
   5.0361092e+01  -3.9230512e+01   1.4400000e+02  -1.4029032e+01  -2.5462255e+01  -6.0000000e+01   7.5064424e+01
   4.8912958e+01  -4.2000518e+01   1.4400000e+02  -1.3331981e+01  -2.3164203e+01  -6.0000000e+01   7.6822677e+01
   4.9504825e+01  -4.2243636e+01   1.4400000e+02  -1.2550175e+01  -2.0900664e+01  -6.0000000e+01   7.7320849e+01
   4.8391013e+01  -4.6212344e+01   1.4400000e+02  -1.1764052e+01  -1.7416890e+01  -6.0000000e+01   7.6580221e+01
   4.8817541e+01  -4.7627800e+01   1.4400000e+02  -1.2660636e+01  -1.2331753e+01  -6.0000000e+01   7.5857853e+01
   4.5311663e+01  -4.4139962e+01   1.4400000e+02  -1.4373710e+01  -9.4495774e+00  -6.0000000e+01   7.3305312e+01
   3.5820800e+01  -3.7770264e+01   1.4400000e+02  -1.9547851e+01  -1.5324970e+01  -6.0000000e+01   6.9027248e+01
   3.4242372e+01  -3.2922408e+01   1.4400000e+02  -2.5388637e+01  -1.7839365e+01  -6.0000000e+01   5.9468499e+01
   3.0645097e+01  -2.6082631e+01   1.4400000e+02  -2.8206775e+01  -2.0742964e+01  -6.0000000e+01   4.8677155e+01
   2.5982864e+01  -2.0627373e+01   1.4400000e+02  -2.6673258e+01  -2.4281619e+01  -6.0000000e+01   3.8216040e+01
   2.2997634e+01  -1.8208457e+01   1.4400000e+02  -2.1680585e+01  -3.1453834e+01  -6.0000000e+01   2.9190942e+01
   1.7191614e+01  -1.6372636e+01   1.4400000e+02  -1.1153143e+01  -3.8896342e+01  -6.0000000e+01   1.8305394e+01
   1.1352165e+01  -1.3469683e+01   1.4400000e+02   1.0824460e+00  -4.4935576e+01  -6.0000000e+01   1.3542188e+01
   5.2518135e+00  -1.3638116e+01   1.4400000e+02   1.3232234e+01  -4.8236661e+01  -6.0000000e+01   1.0306125e+01
   9.9077737e-01  -1.1377386e+01   1.4400000e+02   2.5360383e+01  -4.7653654e+01  -6.0000000e+01   9.3175974e+00
  -2.7592884e+00  -7.5708636e+00   1.4400000e+02   3.7348208e+01  -4.5070076e+01  -6.0000000e+01   6.9160822e+00
  -5.7192891e+00  -4.2001596e+00   1.4400000e+02   4.9277379e+01  -4.1419332e+01  -6.0000000e+01   4.9305696e+00
  -8.3715790e+00   6.1545392e-01   1.4400000e+02   6.0750433e+01  -3.8829279e+01  -6.0000000e+01   2.7679282e+00
  -8.3250285e+00   4.2677870e+00   1.4400000e+02   6.9468479e+01  -4.3283182e+01  -6.0000000e+01   3.0837591e+00
  -5.8649614e+00   3.3993535e+00   1.4400000e+02   6.9084256e+01  -4.7078579e+01  -6.0000000e+01   4.8160873e+00
  -2.7392382e+00   5.3098433e-01   1.4400000e+02   6.4698137e+01  -4.9623624e+01  -6.0000000e+01   7.7628797e+00
  -2.0693487e-01  -3.1787961e-01   1.4400000e+02   6.1587113e+01  -5.0873479e+01  -6.0000000e+01   1.0955169e+01
   4.7570448e+00  -4.2783348e+00   1.4400000e+02   5.6163419e+01  -5.3106788e+01  -6.0000000e+01   1.4573672e+01
   1.0039300e+01  -7.7508200e+00   1.4400000e+02   4.9614435e+01  -5.4796960e+01  -6.0000000e+01   1.7528986e+01
   1.5585949e+01  -1.3034301e+01   1.4400000e+02   4.1621954e+01  -5.4560784e+01  -6.0000000e+01   1.9801686e+01
   1.9863443e+01  -1.6927542e+01   1.4400000e+02   3.3290555e+01  -5.2574211e+01  -6.0000000e+01   2.2317137e+01
   2.4602454e+01  -2.1014396e+01   1.4400000e+02   2.6366600e+01  -5.0265861e+01  -6.0000000e+01   2.3113442e+01
   2.5663353e+01  -2.1878572e+01   1.4400000e+02   2.2806452e+01  -4.8145703e+01  -6.0000000e+01   2.5714643e+01
   2.8915262e+01  -2.2218235e+01   1.4400000e+02   2.0479963e+01  -4.7638376e+01  -6.0000000e+01   2.6101687e+01
   3.2312643e+01  -2.1210603e+01   1.4400000e+02   1.7762047e+01  -4.8806403e+01  -6.0000000e+01   2.8168392e+01
   3.3987896e+01  -2.6196975e+01   1.4400000e+02   1.2631870e+01  -4.3013532e+01  -6.0000000e+01   3.1348409e+01
   3.6063284e+01  -2.9613775e+01   1.4400000e+02   8.4857381e+00  -3.8517057e+01  -6.0000000e+01   3.5551624e+01
   3.8369825e+01  -3.2288073e+01   1.4400000e+02   4.7449594e+00  -3.4015313e+01  -6.0000000e+01   4.0562311e+01
   3.9753589e+01  -3.3574518e+01   1.4400000e+02   2.3168556e+00  -3.0686994e+01  -6.0000000e+01   4.2746540e+01
   4.2020548e+01  -3.1751127e+01   1.4400000e+02  -1.3963346e+00  -3.2568760e+01  -6.0000000e+01   4.8706376e+01
   4.2323320e+01  -3.0537821e+01   1.4400000e+02  -2.5810568e+00  -3.6028255e+01  -6.0000000e+01   5.3359570e+01
   4.5240583e+01  -3.4718879e+01   1.4400000e+02  -8.2721764e+00  -3.5865273e+01  -6.0000000e+01   5.8836895e+01
   4.7074752e+01  -3.8628156e+01   1.4400000e+02  -1.2368515e+01  -3.5400835e+01  -6.0000000e+01   6.2374773e+01
   4.8193719e+01  -3.8966533e+01   1.4400000e+02  -1.3446332e+01  -3.3080708e+01  -6.0000000e+01   6.5951652e+01
   4.7813670e+01  -3.6263141e+01   1.4400000e+02  -1.5104340e+01  -3.3253632e+01  -6.0000000e+01   6.9381304e+01
   4.8972452e+01  -3.4991054e+01   1.4400000e+02  -1.4423332e+01  -3.3275393e+01  -6.0000000e+01   7.4212749e+01
   4.9938990e+01  -3.6872192e+01   1.4400000e+02  -1.1616802e+01  -3.1991498e+01  -6.0000000e+01   7.7267126e+01
   5.2407384e+01  -3.6003031e+01   1.4400000e+02  -1.0766781e+01  -3.0606012e+01  -6.0000000e+01   7.7131659e+01
   5.3214078e+01  -3.8235087e+01   1.4400000e+02  -1.3143845e+01  -2.9543439e+01  -6.0000000e+01   7.6913636e+01
   5.1631581e+01  -3.8378870e+01   1.4400000e+02  -9.7803769e+00  -2.5676132e+01  -6.0000000e+01   7.7166245e+01
   5.1025488e+01  -3.1808185e+01   1.4400000e+02  -8.5305973e+00  -2.1496436e+01  -6.0000000e+01   7.8104988e+01
   4.6936340e+01  -2.4508851e+01   1.4400000e+02  -6.6342881e+00  -1.8336987e+01  -6.0000000e+01   7.7950440e+01
   3.9208223e+01  -2.2308232e+01   1.4400000e+02  -1.2109249e+01  -1.4286355e+01  -6.0000000e+01   6.9107623e+01
   3.3119114e+01  -2.0836021e+01   1.4400000e+02  -1.9046655e+01  -1.4747865e+01  -6.0000000e+01   5.9846650e+01
   2.4971613e+01  -1.7597356e+01   1.4400000e+02  -2.4660437e+01  -2.0847575e+01  -6.0000000e+01   4.9563519e+01
   2.1216020e+01  -1.5065878e+01   1.4400000e+02  -2.5207059e+01  -2.5355251e+01  -6.0000000e+01   3.8113612e+01
   1.5174545e+01  -1.3678003e+01   1.4400000e+02  -1.8975899e+01  -3.1589165e+01  -6.0000000e+01   2.6270899e+01
   8.9564403e+00  -9.8474525e+00   1.4400000e+02  -7.5220831e+00  -4.0474826e+01  -6.0000000e+01   1.5378946e+01
   5.0118451e+00  -1.0688333e+01   1.4400000e+02   4.3288130e+00  -4.8226498e+01  -6.0000000e+01   9.9155954e+00
   3.4617853e-01  -9.6190475e+00   1.4400000e+02   1.6038133e+01  -5.2487890e+01  -6.0000000e+01   7.4300072e+00
  -4.1229320e+00  -7.4098216e+00   1.4400000e+02   2.7856589e+01  -5.1808930e+01  -6.0000000e+01   7.5226927e+00
  -9.6275719e+00  -3.8085203e+00   1.4400000e+02   3.9766677e+01  -4.6847195e+01  -6.0000000e+01   3.8943814e+00
  -1.4475794e+01   1.4567467e+00   1.4400000e+02   5.1874098e+01  -4.1335690e+01  -6.0000000e+01  -1.6021296e-01
  -1.4242360e+01   5.4475077e+00   1.4400000e+02   6.3800697e+01  -3.7555163e+01  -6.0000000e+01  -3.8979799e+00
  -1.3125705e+01   8.5341269e+00   1.4400000e+02   7.5310534e+01  -3.5009217e+01  -6.0000000e+01  -8.7100444e+00
  -1.2568081e+01   1.1548324e+01   1.4400000e+02   8.4604834e+01  -3.9931891e+01  -6.0000000e+01  -1.1950181e+01
  -1.1291509e+01   1.1825718e+01   1.4400000e+02   8.6009046e+01  -4.4514877e+01  -6.0000000e+01  -1.0625434e+01
  -9.2329569e+00   1.2264551e+01   1.4400000e+02   8.4431979e+01  -4.7599086e+01  -6.0000000e+01  -7.0559283e+00
  -6.3401196e+00   1.0216874e+01   1.4400000e+02   8.0164129e+01  -4.9583267e+01  -6.0000000e+01  -3.1237541e+00
  -2.4630523e+00   6.3831032e+00   1.4400000e+02   7.3819613e+01  -5.1498565e+01  -6.0000000e+01   9.3811206e-01
   2.3304806e+00   3.8204587e+00   1.4400000e+02   6.7074271e+01  -5.2166242e+01  -6.0000000e+01   4.0399606e+00
   7.9635415e+00  -1.5089479e+00   1.4400000e+02   5.9154192e+01  -5.3244511e+01  -6.0000000e+01   7.5224995e+00
   1.3093613e+01  -6.0754280e+00   1.4400000e+02   5.1394808e+01  -5.2803653e+01  -6.0000000e+01   9.0268210e+00
   1.9963033e+01  -1.2682578e+01   1.4400000e+02   4.3435620e+01  -5.2779574e+01  -6.0000000e+01   9.9904089e+00
   2.4161925e+01  -1.6806732e+01   1.4400000e+02   3.6132106e+01  -4.9817909e+01  -6.0000000e+01   1.0864562e+01
   2.8311683e+01  -2.0336701e+01   1.4400000e+02   2.8738467e+01  -4.7958260e+01  -6.0000000e+01   1.3709280e+01
   3.0079186e+01  -2.1495954e+01   1.4400000e+02   2.6042763e+01  -4.6096382e+01  -6.0000000e+01   1.5858302e+01
   3.2877235e+01  -2.0116060e+01   1.4400000e+02   2.3356249e+01  -4.6157828e+01  -6.0000000e+01   1.8232896e+01
   3.6221994e+01  -2.4483087e+01   1.4400000e+02   1.6821087e+01  -4.1302577e+01  -6.0000000e+01   2.3064180e+01
   3.9155925e+01  -2.9005708e+01   1.4400000e+02   1.2579401e+01  -3.5417633e+01  -6.0000000e+01   2.5956876e+01
   4.3542572e+01  -3.3732963e+01   1.4400000e+02   5.1269181e+00  -2.8346287e+01  -6.0000000e+01   3.0099180e+01
   4.2009210e+01  -3.6630135e+01   1.4400000e+02   3.3849215e+00  -2.3564240e+01  -6.0000000e+01   3.2562268e+01
   4.3925433e+01  -3.8038376e+01   1.4400000e+02  -2.9112855e-01  -2.3019472e+01  -6.0000000e+01   3.8837336e+01
   4.6456957e+01  -3.8315231e+01   1.4400000e+02  -2.1767605e+00  -1.9721000e+01  -6.0000000e+01   4.0947200e+01
   4.7443028e+01  -4.0657994e+01   1.4400000e+02  -5.2577091e+00  -1.7906621e+01  -6.0000000e+01   4.5081240e+01
   4.8032634e+01  -3.9231774e+01   1.4400000e+02  -6.5071982e+00  -1.6437038e+01  -6.0000000e+01   4.9799459e+01
   4.7482502e+01  -4.1845834e+01   1.4400000e+02  -9.2378907e+00  -1.3593856e+01  -6.0000000e+01   5.2804598e+01
   4.6262267e+01  -4.3071058e+01   1.4400000e+02  -1.1300062e+01  -1.0478456e+01  -6.0000000e+01   5.5960331e+01
   4.8496924e+01  -4.7963265e+01   1.4400000e+02  -1.6622934e+01  -7.3148188e+00  -6.0000000e+01   6.0476924e+01
   4.4414102e+01  -4.5697691e+01   1.4400000e+02  -1.7532624e+01  -4.7854760e+00  -6.0000000e+01   6.2169725e+01
   3.9208258e+01  -4.0531754e+01   1.4400000e+02  -1.9357503e+01  -9.2387068e+00  -6.0000000e+01   5.9171012e+01
   3.5705922e+01  -3.6167437e+01   1.4400000e+02  -2.4579869e+01  -1.4361822e+01  -6.0000000e+01   5.0286873e+01
   2.9253455e+01  -2.7794033e+01   1.4400000e+02  -2.0412518e+01  -2.3123443e+01  -6.0000000e+01   3.8750975e+01
   2.6704385e+01  -2.5499976e+01   1.4400000e+02  -1.2799188e+01  -3.4566258e+01  -6.0000000e+01   2.8254118e+01
   1.9816358e+01  -2.2739815e+01   1.4400000e+02  -1.2813288e+00  -4.4488379e+01  -6.0000000e+01   2.1507377e+01
   1.3020801e+01  -2.2023643e+01   1.4400000e+02   1.0548725e+01  -4.8000024e+01  -6.0000000e+01   1.8616009e+01
   8.7096196e+00  -1.9045036e+01   1.4400000e+02   2.2355303e+01  -4.8299646e+01  -6.0000000e+01   1.6168674e+01
   3.4003023e+00  -1.5897406e+01   1.4400000e+02   3.4010951e+01  -4.7372519e+01  -6.0000000e+01   1.2640279e+01
  -2.5891849e+00  -9.9957062e+00   1.4400000e+02   4.5714795e+01  -4.4981431e+01  -6.0000000e+01   7.9194387e+00
  -8.4618573e+00  -2.8423125e+00   1.4400000e+02   5.7015409e+01  -4.3107902e+01  -6.0000000e+01   2.2114591e+00
  -1.0791562e+01   2.4276446e+00   1.4400000e+02   6.8184188e+01  -4.0495779e+01  -6.0000000e+01  -2.5174601e+00
  -1.1135396e+01   4.6985292e+00   1.4400000e+02   7.7709650e+01  -4.0724306e+01  -6.0000000e+01  -7.3671235e+00
  -1.1056406e+01   6.5001745e+00   1.4400000e+02   8.1600213e+01  -4.3608789e+01  -6.0000000e+01  -8.4606804e+00
  -8.6060805e+00   5.2603462e+00   1.4400000e+02   7.9438246e+01  -4.5859283e+01  -6.0000000e+01  -5.8894190e+00
  -5.3690569e+00   5.0232214e+00   1.4400000e+02   7.7299553e+01  -4.8434235e+01  -6.0000000e+01  -2.8422599e+00
  -2.5015201e+00   3.8030080e+00   1.4400000e+02   7.3414757e+01  -4.9737596e+01  -6.0000000e+01  -1.9134449e-01
   2.4502190e+00   3.4310898e-01   1.4400000e+02   6.9247029e+01  -5.1858198e+01  -6.0000000e+01   2.1166325e+00
   6.6558001e+00  -2.8375795e+00   1.4400000e+02   6.3473880e+01  -5.3106460e+01  -6.0000000e+01   5.3174616e+00
   1.0989649e+01  -6.2920239e+00   1.4400000e+02   5.7321596e+01  -5.3242812e+01  -6.0000000e+01   7.0006513e+00
   1.6540867e+01  -1.0639052e+01   1.4400000e+02   4.9856119e+01  -5.3737513e+01  -6.0000000e+01   8.7017614e+00
   2.1305902e+01  -1.4663608e+01   1.4400000e+02   4.4026872e+01  -5.2737472e+01  -6.0000000e+01   8.6330849e+00
   2.4932682e+01  -1.7550438e+01   1.4400000e+02   3.8303371e+01  -5.1699412e+01  -6.0000000e+01   1.0026144e+01
   2.8578504e+01  -1.7369808e+01   1.4400000e+02   3.3792059e+01  -5.0823533e+01  -6.0000000e+01   1.2681566e+01
   2.9413499e+01  -1.8137012e+01   1.4400000e+02   3.1035621e+01  -4.8170960e+01  -6.0000000e+01   1.5789818e+01
   3.4190659e+01  -1.9749530e+01   1.4400000e+02   2.4532822e+01  -4.7719373e+01  -6.0000000e+01   1.8953226e+01
   3.6194059e+01  -1.9884714e+01   1.4400000e+02   1.9351305e+01  -4.5873485e+01  -6.0000000e+01   2.2483973e+01
   3.6759520e+01  -2.2547105e+01   1.4400000e+02   1.6342141e+01  -4.0885688e+01  -6.0000000e+01   2.6912614e+01
   3.8733212e+01  -2.8289063e+01   1.4400000e+02   9.9624422e+00  -3.2119014e+01  -6.0000000e+01   3.1396168e+01
   4.3072859e+01  -2.9388147e+01   1.4400000e+02   5.1894663e+00  -3.2149969e+01  -6.0000000e+01   3.4711548e+01
   4.1554719e+01  -2.7859636e+01   1.4400000e+02   4.2195991e+00  -2.7414995e+01  -6.0000000e+01   3.9440694e+01
   4.4051262e+01  -3.3133632e+01   1.4400000e+02  -4.6139810e-01  -2.2592285e+01  -6.0000000e+01   4.4851113e+01
   4.5024530e+01  -3.8927589e+01   1.4400000e+02  -6.5773029e+00  -1.5441000e+01  -6.0000000e+01   4.7992000e+01
   4.6149529e+01  -4.0623332e+01   1.4400000e+02  -1.1029488e+01  -1.2420881e+01  -6.0000000e+01   5.1087190e+01
   4.6263035e+01  -4.2295464e+01   1.4400000e+02  -1.6246917e+01  -7.5349284e+00  -6.0000000e+01   5.5831553e+01
   3.9795195e+01  -3.8954342e+01   1.4400000e+02  -1.9002437e+01  -6.4299066e+00  -6.0000000e+01   5.2648647e+01
   3.5750372e+01  -3.2944856e+01   1.4400000e+02  -2.3334774e+01  -1.1376914e+01  -6.0000000e+01   4.9480136e+01
   3.1832986e+01  -3.0178038e+01   1.4400000e+02  -2.7307391e+01  -1.8569083e+01  -6.0000000e+01   4.1639551e+01
   2.7097032e+01  -2.5104998e+01   1.4400000e+02  -2.3982724e+01  -2.7158372e+01  -6.0000000e+01   3.1334638e+01
   2.3588904e+01  -2.2369955e+01   1.4400000e+02  -1.6598544e+01  -3.8147635e+01  -6.0000000e+01   2.0581250e+01
   1.7472716e+01  -1.9287969e+01   1.4400000e+02  -5.1710322e+00  -4.8296436e+01  -6.0000000e+01   1.7021190e+01
   1.0858476e+01  -1.7026875e+01   1.4400000e+02   6.6887514e+00  -5.1643346e+01  -6.0000000e+01   1.5349443e+01
   5.5734223e+00  -1.5244037e+01   1.4400000e+02   1.7989553e+01  -5.4531124e+01  -6.0000000e+01   1.2184049e+01
  -8.8241558e-02  -1.0861142e+01   1.4400000e+02   2.9082042e+01  -5.5211413e+01  -6.0000000e+01   9.9443599e+00
  -5.8027707e+00  -4.6428273e+00   1.4400000e+02   4.0202748e+01  -5.4635436e+01  -6.0000000e+01   7.1514863e+00
  -1.1243226e+01   5.5327761e-01   1.4400000e+02   5.1063282e+01  -5.3488976e+01  -6.0000000e+01   3.1715516e+00
  -1.2810971e+01   4.2564707e+00   1.4400000e+02   6.1614132e+01  -5.2150477e+01  -6.0000000e+01  -1.1921481e+00
  -1.3902090e+01   6.1194819e+00   1.4400000e+02   7.1211415e+01  -5.1134088e+01  -6.0000000e+01  -6.3499407e+00
  -1.2373266e+01   5.6753379e+00   1.4400000e+02   8.0057335e+01  -4.7825780e+01  -6.0000000e+01  -9.2354907e+00
  -1.1408082e+01   7.1206609e+00   1.4400000e+02   8.3242349e+01  -4.8080371e+01  -6.0000000e+01  -8.5011123e+00
  -8.8037440e+00   5.7001261e+00   1.4400000e+02   8.0329740e+01  -4.9581975e+01  -6.0000000e+01  -4.0407527e+00
  -6.1233736e+00   3.9826946e+00   1.4400000e+02   7.5946588e+01  -5.0382908e+01  -6.0000000e+01  -5.2664932e-01
  -2.2050904e+00   1.0496845e+00   1.4400000e+02   7.0759243e+01  -5.1414329e+01  -6.0000000e+01   2.4489985e+00
   1.1288590e+00  -1.3104340e+00   1.4400000e+02   6.4521088e+01  -5.1794647e+01  -6.0000000e+01   6.9657229e+00
   6.1113852e+00  -5.3661813e+00   1.4400000e+02   5.8262463e+01  -5.2722454e+01  -6.0000000e+01   1.0214308e+01
   1.0195182e+01  -9.2108552e+00   1.4400000e+02   5.2723841e+01  -5.2868346e+01  -6.0000000e+01   1.1604750e+01
   1.4085036e+01  -1.3125764e+01   1.4400000e+02   4.6297438e+01  -5.1836663e+01  -6.0000000e+01   1.3024111e+01
   1.8868069e+01  -1.7491502e+01   1.4400000e+02   3.9335937e+01  -5.1810268e+01  -6.0000000e+01   1.4905839e+01
   2.5217794e+01  -2.0188479e+01   1.4400000e+02   3.3129982e+01  -5.2010910e+01  -6.0000000e+01   1.6730179e+01
   2.8537412e+01  -2.3352252e+01   1.4400000e+02   2.8025594e+01  -4.9710795e+01  -6.0000000e+01   1.8215807e+01
   3.0573916e+01  -2.4723612e+01   1.4400000e+02   2.2694704e+01  -4.7655942e+01  -6.0000000e+01   2.0402948e+01
   3.1359031e+01  -2.3081561e+01   1.4400000e+02   2.1466800e+01  -4.6885635e+01  -6.0000000e+01   2.2494136e+01
   3.2065986e+01  -2.0636424e+01   1.4400000e+02   2.0874529e+01  -4.6838316e+01  -6.0000000e+01   2.5012294e+01
   3.5586375e+01  -2.5625877e+01   1.4400000e+02   1.5033814e+01  -4.2579894e+01  -6.0000000e+01   2.6561333e+01
   3.6179853e+01  -2.4731952e+01   1.4400000e+02   1.3704179e+01  -4.3032132e+01  -6.0000000e+01   2.9820684e+01
   3.7242994e+01  -2.7985331e+01   1.4400000e+02   9.7855864e+00  -3.6206448e+01  -6.0000000e+01   3.6243976e+01
   3.9467312e+01  -3.2894074e+01   1.4400000e+02   3.4255533e+00  -3.0445698e+01  -6.0000000e+01   3.9952555e+01
   4.1155397e+01  -3.4608525e+01   1.4400000e+02  -5.4510775e-01  -2.6494933e+01  -6.0000000e+01   4.2644021e+01
   4.3637395e+01  -3.6306958e+01   1.4400000e+02  -3.8330241e+00  -2.5827249e+01  -6.0000000e+01   4.9005450e+01
   4.1530429e+01  -3.3930404e+01   1.4400000e+02  -4.5093422e+00  -2.6683015e+01  -6.0000000e+01   5.3600693e+01
   4.3058258e+01  -3.6041566e+01   1.4400000e+02  -7.9281300e+00  -2.3807416e+01  -6.0000000e+01   5.7198667e+01
   4.5183903e+01  -4.1632633e+01   1.4400000e+02  -1.4032111e+01  -2.1839242e+01  -6.0000000e+01   6.1779224e+01
   4.7315728e+01  -4.4560761e+01   1.4400000e+02  -1.8693951e+01  -1.7310960e+01  -6.0000000e+01   6.4960830e+01
   4.5993280e+01  -4.2794847e+01   1.4400000e+02  -2.0071130e+01  -1.2428466e+01  -6.0000000e+01   7.1128197e+01
   4.3645269e+01  -4.1127540e+01   1.4400000e+02  -1.9059231e+01  -9.4768577e+00  -6.0000000e+01   7.3498520e+01
   3.5904330e+01  -3.8921877e+01   1.4400000e+02  -2.1019616e+01  -1.2212269e+01  -6.0000000e+01   7.0677381e+01
   3.4351993e+01  -3.2503807e+01   1.4400000e+02  -2.1272439e+01  -1.2474234e+01  -6.0000000e+01   6.5762527e+01
   3.0657818e+01  -2.4913033e+01   1.4400000e+02  -1.8447411e+01  -2.0944100e+01  -6.0000000e+01   6.1355956e+01
   2.3549408e+01  -1.9417445e+01   1.4400000e+02  -1.5246034e+01  -2.9877578e+01  -6.0000000e+01   4.9262416e+01
   1.8908495e+01  -1.8517815e+01   1.4400000e+02  -1.1791032e+01  -4.0114025e+01  -6.0000000e+01   3.7547282e+01
   1.2671420e+01  -1.3888468e+01   1.4400000e+02  -5.5934735e-01  -4.9304894e+01  -6.0000000e+01   2.6782205e+01
   5.8874605e+00  -1.2088515e+01   1.4400000e+02   1.1132714e+01  -5.2820567e+01  -6.0000000e+01   2.3089448e+01
   1.3480647e+00  -8.6684217e+00   1.4400000e+02   2.2460609e+01  -5.3745084e+01  -6.0000000e+01   1.7988485e+01
  -4.0676480e+00  -4.9711290e+00   1.4400000e+02   3.4056698e+01  -5.1979535e+01  -6.0000000e+01   1.5470539e+01
  -8.9197257e+00  -1.1831198e+00   1.4400000e+02   4.5189049e+01  -4.9872484e+01  -6.0000000e+01   1.1940665e+01
  -1.2265335e+01   2.2804613e+00   1.4400000e+02   5.6415081e+01  -4.6093714e+01  -6.0000000e+01   8.5384110e+00
  -1.0758232e+01   2.9019419e+00   1.4400000e+02   6.7280634e+01  -4.0822651e+01  -6.0000000e+01   3.2644560e+00
  -9.2303392e+00   5.1696480e+00   1.4400000e+02   7.4377805e+01  -4.2821213e+01  -6.0000000e+01   2.1166814e+00
  -6.9023194e+00   4.2441811e+00   1.4400000e+02   7.4047791e+01  -4.5823963e+01  -6.0000000e+01   3.6174067e+00
  -3.7514011e+00   1.9742972e+00   1.4400000e+02   6.9651784e+01  -4.8375139e+01  -6.0000000e+01   6.3046234e+00
  -5.6700856e-01   1.8297119e-01   1.4400000e+02   6.4441788e+01  -4.9917532e+01  -6.0000000e+01   9.6355868e+00
   3.4669192e+00  -2.4798195e+00   1.4400000e+02   5.8754284e+01  -5.0647146e+01  -6.0000000e+01   1.2593970e+01
   7.2563910e+00  -6.3046775e+00   1.4400000e+02   5.3107844e+01  -5.1310702e+01  -6.0000000e+01   1.5080041e+01
   1.2128691e+01  -1.0169742e+01   1.4400000e+02   4.7284783e+01  -5.1496707e+01  -6.0000000e+01   1.6879341e+01
   1.6709643e+01  -1.4367710e+01   1.4400000e+02   3.9378729e+01  -4.9871955e+01  -6.0000000e+01   1.8880767e+01
   2.3199004e+01  -1.8381462e+01   1.4400000e+02   3.2020170e+01  -5.0768228e+01  -6.0000000e+01   2.0831228e+01
   2.6579076e+01  -2.1347877e+01   1.4400000e+02   2.5843439e+01  -4.9268337e+01  -6.0000000e+01   2.3384587e+01
   2.9195697e+01  -2.3712151e+01   1.4400000e+02   2.2246844e+01  -4.6046465e+01  -6.0000000e+01   2.4688399e+01
   2.9553995e+01  -2.2165677e+01   1.4400000e+02   2.1205263e+01  -4.4047343e+01  -6.0000000e+01   2.7212960e+01
   3.2298663e+01  -2.2692424e+01   1.4400000e+02   1.7573133e+01  -4.3800414e+01  -6.0000000e+01   2.9768338e+01
   3.6084581e+01  -2.2719743e+01   1.4400000e+02   1.4313886e+01  -4.2938071e+01  -6.0000000e+01   3.1088818e+01
   3.6260564e+01  -2.3339666e+01   1.4400000e+02   1.2641495e+01  -4.0658737e+01  -6.0000000e+01   3.6164360e+01
   3.7667519e+01  -2.7115800e+01   1.4400000e+02   7.9243157e+00  -3.7422640e+01  -6.0000000e+01   3.9562976e+01
   4.0031997e+01  -3.0559424e+01   1.4400000e+02   4.2932458e+00  -3.1436601e+01  -6.0000000e+01   4.2876704e+01
   4.3582516e+01  -3.4392470e+01   1.4400000e+02  -9.5382804e-01  -2.5397086e+01  -6.0000000e+01   4.7499721e+01
   4.6330473e+01  -3.5000275e+01   1.4400000e+02  -3.5938619e+00  -2.3127922e+01  -6.0000000e+01   5.2102755e+01
   4.7171949e+01  -3.7510371e+01   1.4400000e+02  -8.3323340e+00  -2.1197241e+01  -6.0000000e+01   5.6148689e+01
   4.7505360e+01  -3.9225298e+01   1.4400000e+02  -1.1085933e+01  -2.3644853e+01  -6.0000000e+01   6.0576416e+01
   4.9211259e+01  -3.9170851e+01   1.4400000e+02  -1.3854074e+01  -1.9128340e+01  -6.0000000e+01   6.4310842e+01
   4.9874883e+01  -4.3098582e+01   1.4400000e+02  -1.8972529e+01  -1.6367513e+01  -6.0000000e+01   6.7466305e+01
   4.4715708e+01  -4.3647214e+01   1.4400000e+02  -1.7486129e+01  -1.2827031e+01  -6.0000000e+01   6.9340088e+01
   3.9916079e+01  -4.0773456e+01   1.4400000e+02  -1.7120361e+01  -9.9020945e+00  -6.0000000e+01   6.5884499e+01
   3.6867887e+01  -3.4396004e+01   1.4400000e+02  -2.2845545e+01  -1.4167385e+01  -6.0000000e+01   5.8636673e+01
   3.0952329e+01  -3.0573765e+01   1.4400000e+02  -2.4579305e+01  -1.8692483e+01  -6.0000000e+01   5.0606983e+01
   2.8542942e+01  -2.5178505e+01   1.4400000e+02  -2.3637854e+01  -2.5346950e+01  -6.0000000e+01   3.9953886e+01
   2.5131252e+01  -2.1602819e+01   1.4400000e+02  -1.7104853e+01  -3.5091099e+01  -6.0000000e+01   2.8764192e+01
   1.8217080e+01  -1.9777971e+01   1.4400000e+02  -5.9801151e+00  -4.6033854e+01  -6.0000000e+01   2.2420593e+01
   1.1803752e+01  -1.7640707e+01   1.4400000e+02   5.7766650e+00  -5.2019144e+01  -6.0000000e+01   1.8077406e+01
   5.8723219e+00  -1.6980322e+01   1.4400000e+02   1.7028629e+01  -5.4590934e+01  -6.0000000e+01   1.3866178e+01
   1.3062365e+00  -1.2449547e+01   1.4400000e+02   2.7942452e+01  -5.6023762e+01  -6.0000000e+01   1.2194283e+01
  -5.2766707e+00  -6.1542735e+00   1.4400000e+02   3.8850861e+01  -5.6171131e+01  -6.0000000e+01   7.7894207e+00
  -1.1503796e+01   1.3293006e+00   1.4400000e+02   4.9232377e+01  -5.6677296e+01  -6.0000000e+01   3.9897969e+00
  -1.6107751e+01   4.7991420e+00   1.4400000e+02   5.9748224e+01  -5.4222261e+01  -6.0000000e+01   8.6667722e-02
  -1.6310991e+01   7.4215642e+00   1.4400000e+02   7.0214585e+01  -5.1080060e+01  -6.0000000e+01  -5.1909707e+00
  -1.3280830e+01   6.6373320e+00   1.4400000e+02   8.0635812e+01  -4.6648321e+01  -6.0000000e+01  -7.7809083e+00
  -1.2979274e+01   8.8455722e+00   1.4400000e+02   8.6009202e+01  -4.5746594e+01  -6.0000000e+01  -8.4447222e+00
  -1.0490486e+01   6.8822746e+00   1.4400000e+02   8.4459148e+01  -4.8602727e+01  -6.0000000e+01  -5.3936287e+00
  -7.9983281e+00   6.0611725e+00   1.4400000e+02   8.2310622e+01  -5.0536321e+01  -6.0000000e+01  -2.5361519e+00
  -6.6360212e+00   4.2024675e+00   1.4400000e+02   7.7705803e+01  -5.0906999e+01  -6.0000000e+01   1.1289026e+00
  -2.0394410e+00   9.7626205e-01   1.4400000e+02   7.2249333e+01  -5.2464001e+01  -6.0000000e+01   3.9294906e+00
   1.9184772e+00  -1.1696625e+00   1.4400000e+02   6.7149071e+01  -5.4203966e+01  -6.0000000e+01   7.6133394e+00
   6.6478084e+00  -5.2644707e+00   1.4400000e+02   6.0955050e+01  -5.5994660e+01  -6.0000000e+01   1.1075538e+01
   1.1293304e+01  -9.2536566e+00   1.4400000e+02   5.5275827e+01  -5.6736102e+01  -6.0000000e+01   1.2260114e+01
   1.6431292e+01  -1.3265477e+01   1.4400000e+02   4.8740499e+01  -5.6603475e+01  -6.0000000e+01   1.3627049e+01
   2.1035371e+01  -1.7063764e+01   1.4400000e+02   4.1718126e+01  -5.5460535e+01  -6.0000000e+01   1.5142407e+01
   2.5170062e+01  -2.1444056e+01   1.4400000e+02   3.3065056e+01  -5.2839576e+01  -6.0000000e+01   1.6827249e+01
   3.0078707e+01  -2.3446912e+01   1.4400000e+02   2.7877032e+01  -5.0855558e+01  -6.0000000e+01   1.7633040e+01
   3.2748421e+01  -2.3512897e+01   1.4400000e+02   2.3301646e+01  -4.8760433e+01  -6.0000000e+01   2.0436243e+01
   3.6189624e+01  -2.4310192e+01   1.4400000e+02   1.7081174e+01  -4.7238347e+01  -6.0000000e+01   2.4104432e+01
   3.6895989e+01  -2.5904109e+01   1.4400000e+02   1.3714632e+01  -4.2072795e+01  -6.0000000e+01   2.6308636e+01
   4.0473659e+01  -2.6870788e+01   1.4400000e+02   9.6689895e+00  -4.0823786e+01  -6.0000000e+01   2.9957822e+01
   4.2263623e+01  -3.0878043e+01   1.4400000e+02   5.9723251e+00  -3.4729619e+01  -6.0000000e+01   3.2764711e+01
   4.2338961e+01  -3.2056185e+01   1.4400000e+02   2.2462805e+00  -3.0753417e+01  -6.0000000e+01   3.6510191e+01
   4.2874011e+01  -3.5148081e+01   1.4400000e+02  -1.7271654e+00  -2.3644537e+01  -6.0000000e+01   4.1749884e+01
   4.5760696e+01  -3.6601687e+01   1.4400000e+02  -4.4968038e+00  -2.1006272e+01  -6.0000000e+01   4.6318500e+01
   4.6271447e+01  -3.8885205e+01   1.4400000e+02  -6.1879858e+00  -1.9676303e+01  -6.0000000e+01   5.0404129e+01
   4.6456034e+01  -4.1949773e+01   1.4400000e+02  -9.7992146e+00  -1.6986057e+01  -6.0000000e+01   5.4712509e+01
   4.7202108e+01  -4.4929476e+01   1.4400000e+02  -1.3105474e+01  -1.1509178e+01  -6.0000000e+01   5.7825611e+01
   4.7814201e+01  -4.7470735e+01   1.4400000e+02  -1.6320051e+01  -8.2690235e+00  -6.0000000e+01   5.9893582e+01
   4.2243414e+01  -4.2699295e+01   1.4400000e+02  -1.6864213e+01  -8.7880881e+00  -6.0000000e+01   6.3764363e+01
   3.9268352e+01  -3.7365952e+01   1.4400000e+02  -2.2125262e+01  -1.4382299e+01  -6.0000000e+01   5.9187950e+01
   3.3135977e+01  -3.1750326e+01   1.4400000e+02  -2.2510876e+01  -1.7685821e+01  -6.0000000e+01   5.3510299e+01
   2.7423488e+01  -2.4899013e+01   1.4400000e+02  -2.0815195e+01  -2.1343822e+01  -6.0000000e+01   4.2110095e+01
   2.4809464e+01  -2.0947982e+01   1.4400000e+02  -1.7083648e+01  -2.9751828e+01  -6.0000000e+01   3.0453345e+01
   2.2327502e+01  -1.8951916e+01   1.4400000e+02  -9.3295653e+00  -3.8795153e+01  -6.0000000e+01   1.8750377e+01
   1.6078187e+01  -1.6993221e+01   1.4400000e+02   1.9958389e+00  -4.7520169e+01  -6.0000000e+01   1.2754724e+01
   9.0429899e+00  -1.6748868e+01   1.4400000e+02   1.3458452e+01  -5.1683206e+01  -6.0000000e+01   1.2443663e+01
   4.4009788e+00  -1.2295225e+01   1.4400000e+02   2.4506801e+01  -5.4294778e+01  -6.0000000e+01   1.1864105e+01
  -9.5423242e-01  -7.4767873e+00   1.4400000e+02   3.5603428e+01  -5.2910897e+01  -6.0000000e+01   8.3509448e+00
  -5.5802459e+00  -2.6042029e+00   1.4400000e+02   4.6897308e+01  -4.9429552e+01  -6.0000000e+01   4.7968876e+00
  -6.9726657e+00  -4.0044238e-01   1.4400000e+02   5.8332432e+01  -4.6244658e+01  -6.0000000e+01   1.5654901e+00
  -4.0306511e+00   2.6266504e+00   1.4400000e+02   6.9419790e+01  -4.3891009e+01  -6.0000000e+01  -1.5248271e+00
  -3.6893056e+00   3.2636886e+00   1.4400000e+02   7.3733923e+01  -4.6674402e+01  -6.0000000e+01  -3.3342254e+00
  -2.1065788e+00   3.7948735e+00   1.4400000e+02   7.2893031e+01  -4.8654922e+01  -6.0000000e+01  -1.9040420e+00
   8.0892849e-01   1.8202167e+00   1.4400000e+02   6.9511606e+01  -5.0201678e+01  -6.0000000e+01   4.3532664e-01
   3.1088612e+00   9.5614818e-01   1.4400000e+02   6.6177048e+01  -5.1250086e+01  -6.0000000e+01   3.8045860e+00
   6.5377726e+00  -1.7973631e+00   1.4400000e+02   6.1036915e+01  -5.1342601e+01  -6.0000000e+01   6.6202232e+00
   9.4088944e+00  -4.2725952e+00   1.4400000e+02   5.6018496e+01  -5.0801500e+01  -6.0000000e+01   8.5123960e+00
   1.3416482e+01  -8.7595755e+00   1.4400000e+02   4.8769826e+01  -4.9767294e+01  -6.0000000e+01   1.0178297e+01
   1.8452325e+01  -1.2579830e+01   1.4400000e+02   4.3102060e+01  -4.9477262e+01  -6.0000000e+01   1.1361798e+01
   2.4055376e+01  -1.7108089e+01   1.4400000e+02   3.5384596e+01  -4.8590739e+01  -6.0000000e+01   1.3715751e+01
   2.7568951e+01  -1.8289104e+01   1.4400000e+02   3.1202309e+01  -4.7138393e+01  -6.0000000e+01   1.5206867e+01
   2.9955374e+01  -2.1650846e+01   1.4400000e+02   2.6821497e+01  -4.3332717e+01  -6.0000000e+01   1.7212086e+01
   3.3556427e+01  -2.3235156e+01   1.4400000e+02   2.1028700e+01  -4.2038935e+01  -6.0000000e+01   2.0697017e+01
   3.8654754e+01  -2.4053820e+01   1.4400000e+02   1.5816900e+01  -4.1207789e+01  -6.0000000e+01   2.3013930e+01
   3.9363930e+01  -2.2941139e+01   1.4400000e+02   1.5796756e+01  -4.0537291e+01  -6.0000000e+01   2.5562687e+01
   3.8591871e+01  -2.5048905e+01   1.4400000e+02   1.3261723e+01  -3.6573893e+01  -6.0000000e+01   3.0564807e+01
   3.9938370e+01  -2.3881823e+01   1.4400000e+02   1.0769439e+01  -3.7174983e+01  -6.0000000e+01   3.2985673e+01
   3.9738728e+01  -2.4685413e+01   1.4400000e+02   9.3113195e+00  -3.3574086e+01  -6.0000000e+01   3.6793941e+01
   4.0194758e+01  -2.4610777e+01   1.4400000e+02   7.1580697e+00  -3.2898750e+01  -6.0000000e+01   4.0715703e+01
   4.3989989e+01  -2.9104579e+01   1.4400000e+02   2.2283658e+00  -3.0613701e+01  -6.0000000e+01   4.5847559e+01
   4.5123714e+01  -3.4209738e+01   1.4400000e+02  -1.7085567e+00  -2.1743676e+01  -6.0000000e+01   4.8905708e+01
   4.5123231e+01  -3.8349589e+01   1.4400000e+02  -7.3189488e+00  -1.8005027e+01  -6.0000000e+01   5.3416290e+01
   5.0764558e+01  -4.1970878e+01   1.4400000e+02  -1.3875952e+01  -1.6690684e+01  -6.0000000e+01   5.9305982e+01
   4.9863871e+01  -4.2475378e+01   1.4400000e+02  -1.8740928e+01  -1.1221501e+01  -6.0000000e+01   6.1335428e+01
   4.4670448e+01  -4.1957927e+01   1.4400000e+02  -1.6955105e+01  -7.3801231e+00  -6.0000000e+01   6.2958803e+01
   3.8352852e+01  -3.8927303e+01   1.4400000e+02  -1.7166682e+01  -7.7030945e+00  -6.0000000e+01   5.8460944e+01
   3.6950651e+01  -3.4823621e+01   1.4400000e+02  -2.0896763e+01  -1.2677831e+01  -6.0000000e+01   5.2519941e+01
   3.3122958e+01  -3.2541165e+01   1.4400000e+02  -1.9819063e+01  -1.5516265e+01  -6.0000000e+01   4.2900718e+01
   2.8347733e+01  -2.5025892e+01   1.4400000e+02  -1.4903102e+01  -2.5714791e+01  -6.0000000e+01   3.2424479e+01
   2.6376429e+01  -2.2316370e+01   1.4400000e+02  -5.7969798e+00  -3.6921002e+01  -6.0000000e+01   2.5882891e+01
   2.0248042e+01  -2.0698795e+01   1.4400000e+02   5.3209350e+00  -4.6445625e+01  -6.0000000e+01   1.9253496e+01
   1.4268242e+01  -2.0125970e+01   1.4400000e+02   1.5576771e+01  -5.1463279e+01  -6.0000000e+01   1.7126442e+01
   1.0689118e+01  -1.8765306e+01   1.4400000e+02   2.5214090e+01  -5.5167356e+01  -6.0000000e+01   1.2580379e+01
   5.2248273e+00  -1.3701899e+01   1.4400000e+02   3.4330126e+01  -5.6913184e+01  -6.0000000e+01   1.0326589e+01
  -5.0106659e-01  -8.2057499e+00   1.4400000e+02   4.3303115e+01  -5.7781280e+01  -6.0000000e+01   7.8640878e+00
  -5.5671143e+00  -2.0325977e+00   1.4400000e+02   5.2196456e+01  -5.7722909e+01  -6.0000000e+01   5.7944100e+00
  -9.5440564e+00   2.5202121e+00   1.4400000e+02   6.0258097e+01  -5.7305801e+01  -6.0000000e+01   3.0866361e+00
  -1.1052332e+01   5.9232892e+00   1.4400000e+02   6.8187202e+01  -5.6044504e+01  -6.0000000e+01  -8.9667309e-02
  -7.8122204e+00   4.3966332e+00   1.4400000e+02   7.6204226e+01  -5.2685934e+01  -6.0000000e+01  -2.9862535e+00
  -4.6714036e+00   3.4178450e+00   1.4400000e+02   7.8152129e+01  -5.2394920e+01  -6.0000000e+01  -3.5162874e+00
  -2.2987222e+00   1.9248728e+00   1.4400000e+02   7.5691318e+01  -5.3532118e+01  -6.0000000e+01  -1.9296031e+00
  -5.0310238e-01   2.1157460e+00   1.4400000e+02   7.2115633e+01  -5.4346122e+01  -6.0000000e+01   1.5574363e+00
   3.7115819e+00  -1.6740810e+00   1.4400000e+02   6.6839736e+01  -5.5604578e+01  -6.0000000e+01   4.9891158e+00
   7.5714872e+00  -4.8113183e+00   1.4400000e+02   6.0660083e+01  -5.5526242e+01  -6.0000000e+01   7.9019920e+00
   1.0902456e+01  -8.0994270e+00   1.4400000e+02   5.4715379e+01  -5.4980093e+01  -6.0000000e+01   9.8432641e+00
   1.4340090e+01  -1.2885331e+01   1.4400000e+02   4.7883944e+01  -5.4393882e+01  -6.0000000e+01   1.2024611e+01
   1.8576541e+01  -1.6890883e+01   1.4400000e+02   4.1184549e+01  -5.2747842e+01  -6.0000000e+01   1.3201061e+01
   2.1267772e+01  -1.9447755e+01   1.4400000e+02   3.6452300e+01  -5.1445272e+01  -6.0000000e+01   1.4192819e+01
   2.5014236e+01  -2.2549091e+01   1.4400000e+02   3.1497161e+01  -4.9724211e+01  -6.0000000e+01   1.5959237e+01
   2.7934246e+01  -2.4254645e+01   1.4400000e+02   2.8509559e+01  -4.9461315e+01  -6.0000000e+01   1.7953621e+01
   2.9018108e+01  -2.4999516e+01   1.4400000e+02   2.5271451e+01  -4.8120706e+01  -6.0000000e+01   2.0517502e+01
   2.8193277e+01  -2.4800982e+01   1.4400000e+02   2.4804594e+01  -4.5839254e+01  -6.0000000e+01   2.2135397e+01
   3.1173587e+01  -2.5389352e+01   1.4400000e+02   2.1139485e+01  -4.6330477e+01  -6.0000000e+01   2.4579694e+01
   3.1947299e+01  -2.6505487e+01   1.4400000e+02   1.7307147e+01  -4.4951878e+01  -6.0000000e+01   2.8286275e+01
   3.4473113e+01  -2.6463787e+01   1.4400000e+02   1.3490527e+01  -4.4340674e+01  -6.0000000e+01   2.9933126e+01
   3.7193828e+01  -2.6558627e+01   1.4400000e+02   1.2202102e+01  -4.2888883e+01  -6.0000000e+01   3.2055340e+01
   3.8192979e+01  -2.7210609e+01   1.4400000e+02   1.0935100e+01  -4.0852273e+01  -6.0000000e+01   3.4099164e+01
   3.8347621e+01  -2.8249382e+01   1.4400000e+02   8.2786052e+00  -3.9960628e+01  -6.0000000e+01   3.9068057e+01
   4.1575079e+01  -3.0455738e+01   1.4400000e+02   1.9905767e+00  -3.4145442e+01  -6.0000000e+01   4.2421829e+01
   4.1085228e+01  -3.2607235e+01   1.4400000e+02  -1.2597041e+00  -3.0213404e+01  -6.0000000e+01   4.4498708e+01
   4.2905524e+01  -3.2395663e+01   1.4400000e+02  -2.2306926e+00  -2.9992453e+01  -6.0000000e+01   4.9925582e+01
   4.6739690e+01  -3.6591220e+01   1.4400000e+02  -5.5164993e+00  -2.6273921e+01  -6.0000000e+01   5.5662476e+01
   4.6697846e+01  -4.1030054e+01   1.4400000e+02  -1.0892978e+01  -2.6390677e+01  -6.0000000e+01   6.0091829e+01
   4.7595882e+01  -3.8844793e+01   1.4400000e+02  -1.3777675e+01  -2.1093351e+01  -6.0000000e+01   6.2860166e+01
   5.0091584e+01  -4.3969194e+01   1.4400000e+02  -1.8678113e+01  -1.7905573e+01  -6.0000000e+01   6.7334940e+01
   5.0422722e+01  -4.3063165e+01   1.4400000e+02  -1.7244569e+01  -1.0398014e+01  -6.0000000e+01   7.0216560e+01
   5.1572211e+01  -4.3006770e+01   1.4400000e+02  -1.6650372e+01  -1.1156547e+01  -6.0000000e+01   7.3291013e+01
   4.7960256e+01  -4.4680699e+01   1.4400000e+02  -1.2987819e+01  -7.3472453e+00  -6.0000000e+01   7.4487130e+01
   4.8359608e+01  -4.5603781e+01   1.4400000e+02  -1.2465461e+01  -4.9489381e+00  -6.0000000e+01   7.4463023e+01
   4.5159740e+01  -4.2470811e+01   1.4400000e+02  -1.2601015e+01  -5.5069805e+00  -6.0000000e+01   7.5314656e+01
   4.1035197e+01  -4.2482708e+01   1.4400000e+02  -1.4018532e+01  -4.0424594e+00  -6.0000000e+01   7.2703857e+01
   3.7411707e+01  -3.8153261e+01   1.4400000e+02  -2.1726676e+01  -1.2522412e+01  -6.0000000e+01   6.3606572e+01
   3.1053093e+01  -3.0486600e+01   1.4400000e+02  -2.6591726e+01  -2.0464428e+01  -6.0000000e+01   5.3401221e+01
   2.7861189e+01  -2.6951785e+01   1.4400000e+02  -2.5625758e+01  -2.3036321e+01  -6.0000000e+01   4.1830678e+01
   2.2981810e+01  -2.0236879e+01   1.4400000e+02  -1.6867508e+01  -2.9711664e+01  -6.0000000e+01   3.0199352e+01
   1.8945627e+01  -1.5511320e+01   1.4400000e+02  -5.1040469e+00  -3.9112712e+01  -6.0000000e+01   1.9961868e+01
   1.2928324e+01  -1.5586625e+01   1.4400000e+02   6.8543862e+00  -4.6234560e+01  -6.0000000e+01   1.4751193e+01
   7.3828971e+00  -1.3355298e+01   1.4400000e+02   1.8442519e+01  -4.8975210e+01  -6.0000000e+01   8.2331793e+00
   1.9843478e+00  -9.6658218e+00   1.4400000e+02   2.9693263e+01  -5.0301873e+01  -6.0000000e+01   5.0142183e+00
  -3.8978386e+00  -3.6298855e+00   1.4400000e+02   4.1198299e+01  -4.8275471e+01  -6.0000000e+01   2.5155705e+00
  -9.0354196e+00   1.7901868e+00   1.4400000e+02   5.2978614e+01  -4.4218064e+01  -6.0000000e+01  -1.1440182e+00
  -9.3752434e+00   4.6196245e+00   1.4400000e+02   6.4847192e+01  -4.0255369e+01  -6.0000000e+01  -4.2878422e+00
  -8.8988388e+00   6.4562382e+00   1.4400000e+02   7.5661431e+01  -3.9845454e+01  -6.0000000e+01  -7.4858246e+00
  -8.9611660e+00   9.2305411e+00   1.4400000e+02   8.0472757e+01  -4.4099381e+01  -6.0000000e+01  -7.2628833e+00
  -6.5528466e+00   8.5510970e+00   1.4400000e+02   7.8616513e+01  -4.7814378e+01  -6.0000000e+01  -3.9479501e+00
  -2.4555248e+00   5.4638459e+00   1.4400000e+02   7.3120137e+01  -5.0045927e+01  -6.0000000e+01  -6.3228192e-01
   2.5422056e+00   2.7115710e+00   1.4400000e+02   6.7188065e+01  -5.2345716e+01  -6.0000000e+01   3.6568619e+00
   7.8606534e+00  -2.4119011e+00   1.4400000e+02   5.9917724e+01  -5.4077268e+01  -6.0000000e+01   7.3342323e+00
   1.3979839e+01  -5.2300492e+00   1.4400000e+02   5.2853829e+01  -5.5139673e+01  -6.0000000e+01   9.7225824e+00
   1.8308497e+01  -1.1917160e+01   1.4400000e+02   4.3330573e+01  -5.1553190e+01  -6.0000000e+01   1.1703361e+01
   2.5087460e+01  -1.6727759e+01   1.4400000e+02   3.3801069e+01  -4.8909275e+01  -6.0000000e+01   1.4573071e+01
   3.0546696e+01  -1.7966500e+01   1.4400000e+02   2.6981678e+01  -4.8085673e+01  -6.0000000e+01   1.6422606e+01
   3.5763336e+01  -2.1678648e+01   1.4400000e+02   2.0462450e+01  -4.3929490e+01  -6.0000000e+01   1.9762815e+01
   3.6171358e+01  -2.1046595e+01   1.4400000e+02   1.6039931e+01  -4.0937901e+01  -6.0000000e+01   2.4491584e+01
   3.7336498e+01  -2.6322872e+01   1.4400000e+02   1.0081506e+01  -3.2459641e+01  -6.0000000e+01   2.9335483e+01
   4.0110957e+01  -2.9125131e+01   1.4400000e+02   7.5578497e+00  -2.9595443e+01  -6.0000000e+01   3.1584040e+01
   3.9379264e+01  -2.7631100e+01   1.4400000e+02   6.2229309e+00  -2.8127444e+01  -6.0000000e+01   3.5737369e+01
   4.3906850e+01  -3.3193303e+01   1.4400000e+02  -3.9689692e-01  -2.1049256e+01  -6.0000000e+01   4.1804910e+01
   4.7149828e+01  -3.4287523e+01   1.4400000e+02  -3.4956788e+00  -2.1820459e+01  -6.0000000e+01   4.6771055e+01
   4.8959496e+01  -3.8833828e+01   1.4400000e+02  -7.4482800e+00  -1.8736170e+01  -6.0000000e+01   5.1411960e+01
   4.8739929e+01  -4.0408876e+01   1.4400000e+02  -1.1363023e+01  -1.9114080e+01  -6.0000000e+01   5.6088586e+01
   4.8059881e+01  -4.0147191e+01   1.4400000e+02  -1.4451566e+01  -1.9735347e+01  -6.0000000e+01   6.1707327e+01
   5.0220213e+01  -4.1469919e+01   1.4400000e+02  -1.9622246e+01  -1.9519206e+01  -6.0000000e+01   6.5683496e+01
   4.8760826e+01  -4.2222082e+01   1.4400000e+02  -2.0952221e+01  -2.0300445e+01  -6.0000000e+01   7.0917742e+01
   4.9137224e+01  -4.1478131e+01   1.4400000e+02  -2.0338608e+01  -1.8280528e+01  -6.0000000e+01   7.2576582e+01
   4.7021403e+01  -4.2840227e+01   1.4400000e+02  -1.7910925e+01  -1.5869396e+01  -6.0000000e+01   7.2906178e+01
   4.3477034e+01  -4.2557605e+01   1.4400000e+02  -1.7006447e+01  -1.0554438e+01  -6.0000000e+01   7.1450464e+01
   3.7870291e+01  -4.0193378e+01   1.4400000e+02  -1.7857648e+01  -7.9070745e+00  -6.0000000e+01   6.6032885e+01
   3.6635500e+01  -3.5956937e+01   1.4400000e+02  -2.3064821e+01  -1.2641459e+01  -6.0000000e+01   5.6128239e+01
   3.3680915e+01  -3.3840569e+01   1.4400000e+02  -2.2071108e+01  -1.4474355e+01  -6.0000000e+01   4.6701522e+01
   2.8003987e+01  -2.5700827e+01   1.4400000e+02  -1.6505700e+01  -2.5139619e+01  -6.0000000e+01   3.5335652e+01
   2.3853539e+01  -2.3648833e+01   1.4400000e+02  -5.8688033e+00  -3.6612493e+01  -6.0000000e+01   2.6836179e+01
   1.6850831e+01  -2.3113239e+01   1.4400000e+02   5.2519465e+00  -4.6246365e+01  -6.0000000e+01   2.2657320e+01
   1.3162310e+01  -2.0345637e+01   1.4400000e+02   1.6790544e+01  -5.0258748e+01  -6.0000000e+01   1.8118637e+01
   7.6937022e+00  -1.8031826e+01   1.4400000e+02   2.7633643e+01  -5.2270648e+01  -6.0000000e+01   1.4117847e+01
   1.4892220e+00  -1.1925071e+01   1.4400000e+02   3.8173168e+01  -5.3254091e+01  -6.0000000e+01   1.1388883e+01
  -4.2932238e+00  -6.1464482e+00   1.4400000e+02   4.8197108e+01  -5.3395591e+01  -6.0000000e+01   6.8989393e+00
  -1.0317829e+01   7.9614933e-01   1.4400000e+02   5.7601886e+01  -5.3652724e+01  -6.0000000e+01   1.8194306e+00
  -1.4012884e+01   7.0842619e+00   1.4400000e+02   6.7205156e+01  -5.3174994e+01  -6.0000000e+01  -2.0420172e+00
  -1.5150222e+01   1.0630565e+01   1.4400000e+02   7.6737872e+01  -5.0318126e+01  -6.0000000e+01  -7.4885081e+00
  -1.1995554e+01   1.0248082e+01   1.4400000e+02   8.5514852e+01  -4.9008207e+01  -6.0000000e+01  -1.0150093e+01
  -1.1779188e+01   1.1214476e+01   1.4400000e+02   8.8252282e+01  -5.0815837e+01  -6.0000000e+01  -1.0762050e+01
  -1.0204897e+01   1.0957704e+01   1.4400000e+02   8.6554798e+01  -5.2396247e+01  -6.0000000e+01  -7.4426944e+00
  -8.0562147e+00   8.0553510e+00   1.4400000e+02   8.2132408e+01  -5.3221697e+01  -6.0000000e+01  -3.6778674e+00
  -4.3000035e+00   5.4799342e+00   1.4400000e+02   7.6670461e+01  -5.4743205e+01  -6.0000000e+01   8.1284083e-01
  -1.1794127e+00   2.5525435e+00   1.4400000e+02   7.0419678e+01  -5.5106947e+01  -6.0000000e+01   4.0476098e+00
   3.8253392e+00  -9.9900159e-01   1.4400000e+02   6.4360499e+01  -5.5982340e+01  -6.0000000e+01   7.3041698e+00
   8.9016126e+00  -5.5015617e+00   1.4400000e+02   5.8809674e+01  -5.6236446e+01  -6.0000000e+01   8.6001717e+00
   1.2748529e+01  -9.7060378e+00   1.4400000e+02   5.2189329e+01  -5.6095694e+01  -6.0000000e+01   9.7729169e+00
   1.7245513e+01  -1.3761806e+01   1.4400000e+02   4.6504003e+01  -5.5573723e+01  -6.0000000e+01   1.0584891e+01
   2.2249563e+01  -1.8023297e+01   1.4400000e+02   4.0122620e+01  -5.5455778e+01  -6.0000000e+01   1.2189341e+01
   2.5848175e+01  -2.1854032e+01   1.4400000e+02   3.3724406e+01  -5.4056972e+01  -6.0000000e+01   1.3456943e+01
   2.8457306e+01  -2.4098931e+01   1.4400000e+02   2.8865224e+01  -5.0724177e+01  -6.0000000e+01   1.5196813e+01
   2.9701295e+01  -2.2930545e+01   1.4400000e+02   2.7490666e+01  -5.1261957e+01  -6.0000000e+01   1.6477299e+01
   3.0172318e+01  -2.2545819e+01   1.4400000e+02   2.6108038e+01  -5.1406627e+01  -6.0000000e+01   1.7994708e+01
   3.0893640e+01  -2.1055715e+01   1.4400000e+02   2.6595003e+01  -5.1927540e+01  -6.0000000e+01   1.8941952e+01
   3.2771045e+01  -2.2532155e+01   1.4400000e+02   2.3092876e+01  -5.0210598e+01  -6.0000000e+01   2.0832939e+01
   3.3996086e+01  -2.3188936e+01   1.4400000e+02   1.9164216e+01  -4.7039830e+01  -6.0000000e+01   2.4600270e+01
   3.5800747e+01  -2.2959914e+01   1.4400000e+02   1.6354590e+01  -4.5569195e+01  -6.0000000e+01   2.6779171e+01
   3.8258843e+01  -2.6168986e+01   1.4400000e+02   8.3557650e+00  -4.2232395e+01  -6.0000000e+01   3.1823034e+01
   3.9308968e+01  -3.1855922e+01   1.4400000e+02   3.9732541e+00  -3.5826099e+01  -6.0000000e+01   3.6281358e+01
   4.1094983e+01  -3.2324075e+01   1.4400000e+02   1.1718066e+00  -3.4595256e+01  -6.0000000e+01   4.1684251e+01
   4.3187660e+01  -3.4791324e+01   1.4400000e+02  -2.6870051e+00  -3.3876631e+01  -6.0000000e+01   4.6030062e+01
   4.3766854e+01  -3.5278459e+01   1.4400000e+02  -4.2951172e+00  -3.0439522e+01  -6.0000000e+01   4.8996865e+01
   4.4589930e+01  -3.6813184e+01   1.4400000e+02  -6.2865710e+00  -2.7410967e+01  -6.0000000e+01   5.3801125e+01
   4.4784573e+01  -3.9064392e+01   1.4400000e+02  -9.3264872e+00  -2.7172089e+01  -6.0000000e+01   5.7751403e+01
   4.6631419e+01  -4.1372659e+01   1.4400000e+02  -1.3304091e+01  -2.6301250e+01  -6.0000000e+01   6.2494101e+01
   4.8462434e+01  -4.1896859e+01   1.4400000e+02  -1.5447239e+01  -1.9860205e+01  -6.0000000e+01   6.4676241e+01
   4.8746573e+01  -4.4310737e+01   1.4400000e+02  -1.6068837e+01  -1.5163221e+01  -6.0000000e+01   6.8063998e+01
   4.6211900e+01  -4.4731956e+01   1.4400000e+02  -1.5883084e+01  -1.2128982e+01  -6.0000000e+01   7.0113508e+01
   4.6062675e+01  -4.7835786e+01   1.4400000e+02  -1.4930777e+01  -8.4292892e+00  -6.0000000e+01   7.1755170e+01
   4.5677642e+01  -4.9128125e+01   1.4400000e+02  -1.5420902e+01  -4.7844480e+00  -6.0000000e+01   7.1961857e+01
   4.3091559e+01  -4.4411583e+01   1.4400000e+02  -1.7009183e+01  -4.2986928e+00  -6.0000000e+01   7.1986363e+01
   3.7987540e+01  -3.8697434e+01   1.4400000e+02  -2.0560410e+01  -5.7509916e+00  -6.0000000e+01   6.7635158e+01
   3.5594925e+01  -3.7932630e+01   1.4400000e+02  -2.1978606e+01  -1.1182780e+01  -6.0000000e+01   6.7493060e+01
   2.9558146e+01  -2.6999832e+01   1.4400000e+02  -1.4682244e+01  -1.9635617e+01  -6.0000000e+01   6.2198407e+01
   2.5922547e+01  -2.1468091e+01   1.4400000e+02  -8.3360240e+00  -3.0231282e+01  -6.0000000e+01   5.1899162e+01
   2.0789500e+01  -1.8150912e+01   1.4400000e+02  -2.6110037e+00  -4.1039624e+01  -6.0000000e+01   4.1683696e+01
   1.3265841e+01  -1.2523641e+01   1.4400000e+02   5.8029205e+00  -4.9804288e+01  -6.0000000e+01   3.0062162e+01
   8.2347990e+00  -1.0091999e+01   1.4400000e+02   1.2612092e+01  -5.6515720e+01  -6.0000000e+01   2.1457454e+01
   3.9720829e+00  -8.6424031e+00   1.4400000e+02   1.8497784e+01  -6.0953001e+01  -6.0000000e+01   1.7299976e+01
  -6.3595002e-01  -7.4823709e+00   1.4400000e+02   2.5004077e+01  -6.2001849e+01  -6.0000000e+01   1.2451086e+01
  -4.6976600e+00  -3.8414811e+00   1.4400000e+02   3.4919164e+01  -6.1434800e+01  -6.0000000e+01   9.7197596e+00
  -9.6396127e+00  -1.2228983e-01   1.4400000e+02   4.6066128e+01  -5.6961247e+01  -6.0000000e+01   7.6641537e+00
  -1.2136617e+01   3.5099829e+00   1.4400000e+02   5.7105802e+01  -5.0651855e+01  -6.0000000e+01   3.6959585e+00
  -1.0871450e+01   3.9546037e+00   1.4400000e+02   6.8046706e+01  -4.5096998e+01  -6.0000000e+01   3.3674335e-01
  -1.0550434e+01   6.2712945e+00   1.4400000e+02   7.6666988e+01  -4.3900033e+01  -6.0000000e+01  -1.1078241e+00
  -7.9645612e+00   5.6843859e+00   1.4400000e+02   7.6550870e+01  -4.6972809e+01  -6.0000000e+01   8.6857859e-01
  -5.1336702e+00   3.8380467e+00   1.4400000e+02   7.1247034e+01  -4.8982143e+01  -6.0000000e+01   4.5062515e+00
  -1.8823993e+00   2.7691682e+00   1.4400000e+02   6.6556638e+01  -5.0326771e+01  -6.0000000e+01   8.4209253e+00
   2.4618697e+00  -5.8251279e-03   1.4400000e+02   6.1644021e+01  -5.1485762e+01  -6.0000000e+01   1.0905818e+01
   7.3221674e+00  -3.7423489e+00   1.4400000e+02   5.4995917e+01  -5.2554058e+01  -6.0000000e+01   1.3529881e+01
   1.3531510e+01  -1.0055725e+01   1.4400000e+02   4.6821755e+01  -5.3312612e+01  -6.0000000e+01   1.6069848e+01
   1.8930325e+01  -1.5259952e+01   1.4400000e+02   3.7504371e+01  -5.0236237e+01  -6.0000000e+01   1.8171851e+01
   2.2803057e+01  -1.9763572e+01   1.4400000e+02   2.9328621e+01  -4.5659540e+01  -6.0000000e+01   1.9975969e+01
   2.7815795e+01  -2.0793283e+01   1.4400000e+02   2.4312764e+01  -4.5431545e+01  -6.0000000e+01   2.2260746e+01
   3.2060484e+01  -2.3892200e+01   1.4400000e+02   1.6804124e+01  -4.1562542e+01  -6.0000000e+01   2.6663860e+01
   3.5400900e+01  -2.4978695e+01   1.4400000e+02   1.3572765e+01  -3.8571274e+01  -6.0000000e+01   2.7801925e+01
   4.0233460e+01  -3.1235705e+01   1.4400000e+02   4.8771754e+00  -3.2313088e+01  -6.0000000e+01   3.4487029e+01
   4.1590378e+01  -3.2755963e+01   1.4400000e+02   2.6599287e+00  -2.7485184e+01  -6.0000000e+01   3.8077099e+01
   4.1832877e+01  -3.2172427e+01   1.4400000e+02   1.3773529e+00  -2.4627722e+01  -6.0000000e+01   4.3508161e+01
   4.3962823e+01  -3.3638333e+01   1.4400000e+02  -2.6145480e+00  -2.3511467e+01  -6.0000000e+01   4.9718517e+01
   4.8638061e+01  -3.7145175e+01   1.4400000e+02  -9.0258662e+00  -2.5001193e+01  -6.0000000e+01   5.5455729e+01
   4.6543529e+01  -3.4819904e+01   1.4400000e+02  -9.5714447e+00  -2.6736969e+01  -6.0000000e+01   6.2420724e+01
   4.6958146e+01  -3.3944701e+01   1.4400000e+02  -1.0337193e+01  -2.6111377e+01  -6.0000000e+01   6.6071410e+01
   4.6759372e+01  -3.5455431e+01   1.4400000e+02  -1.2282868e+01  -2.0901752e+01  -6.0000000e+01   6.9375805e+01
   4.8669387e+01  -3.5160745e+01   1.4400000e+02  -1.2281306e+01  -2.0217481e+01  -6.0000000e+01   7.3929773e+01
   4.7274917e+01  -3.6359881e+01   1.4400000e+02  -1.1800067e+01  -1.5527834e+01  -6.0000000e+01   7.4732767e+01
   4.8080605e+01  -3.9332914e+01   1.4400000e+02  -1.1042450e+01  -1.1939264e+01  -6.0000000e+01   7.4916897e+01
   4.7008650e+01  -4.3727446e+01   1.4400000e+02  -1.3753004e+01  -1.1143214e+01  -6.0000000e+01   7.5730791e+01
   4.4453413e+01  -4.5127838e+01   1.4400000e+02  -1.8381907e+01  -5.5962494e+00  -6.0000000e+01   7.2731699e+01
   4.0491989e+01  -4.1348190e+01   1.4400000e+02  -1.8954921e+01  -5.3928956e+00  -6.0000000e+01   6.8449191e+01
   3.6902814e+01  -3.5652019e+01   1.4400000e+02  -2.3644717e+01  -8.2188736e+00  -6.0000000e+01   5.8448284e+01
   2.9894238e+01  -2.9434077e+01   1.4400000e+02  -2.6009690e+01  -1.6956075e+01  -6.0000000e+01   4.8463262e+01
   2.5396101e+01  -2.4642745e+01   1.4400000e+02  -2.0834586e+01  -2.6221391e+01  -6.0000000e+01   3.7498553e+01
   2.1035610e+01  -2.1571215e+01   1.4400000e+02  -1.0403384e+01  -3.7440851e+01  -6.0000000e+01   2.6852865e+01
   1.3838677e+01  -1.8898337e+01   1.4400000e+02   7.5788895e-01  -4.7797579e+01  -6.0000000e+01   2.1412046e+01
