  -1.3149473e+01   2.0907491e+01   1.0515673e+02   3.9424927e+01  -2.1266064e+01  -2.4562851e+01  -2.5960541e+01
   7.6436411e-01   8.1401960e+00   1.0638586e+02   3.5967442e+01  -2.0708626e+01  -3.0214532e+01  -1.9367997e+01
   1.4678201e+01  -4.6270990e+00   1.0761498e+02   3.2509956e+01  -2.0151188e+01  -3.5866213e+01  -1.2775453e+01
   2.6519074e+01  -1.7050232e+01   1.0938194e+02   3.0372770e+01  -1.9434378e+01  -4.9861191e+01  -5.8185687e+00
   2.4000000e+01  -1.6302799e+01   1.1343834e+02   4.1476369e+01  -1.8721837e+01  -6.0000000e+01   1.7187608e+00
   2.4000000e+01  -1.6778729e+01   1.2025909e+02   3.9779969e+01  -2.4103033e+01  -6.0000000e+01   6.3812032e+00
   2.4000000e+01  -1.6130442e+01   1.2609613e+02   3.7241193e+01  -2.9082607e+01  -6.0000000e+01   1.0966080e+01
   2.4000000e+01  -1.6845357e+01   1.2950559e+02   3.4216077e+01  -3.1256467e+01  -6.0000000e+01   1.3863772e+01
   2.4000000e+01  -1.7852520e+01   1.3452921e+02   2.9710091e+01  -3.3450398e+01  -6.0000000e+01   1.8478421e+01
   2.4000000e+01  -1.5448058e+01   1.3819184e+02   2.8664495e+01  -3.6751171e+01  -6.0000000e+01   2.2778378e+01
   2.4000000e+01  -1.4258079e+01   1.4457179e+02   2.4616478e+01  -4.0527017e+01  -6.0000000e+01   2.8865439e+01
   2.4000000e+01  -1.3198572e+01   1.5053396e+02   2.2797893e+01  -4.4320191e+01  -6.0000000e+01   3.2972938e+01
   2.4000000e+01  -1.1172798e+01   1.5843632e+02   1.9771927e+01  -4.8314015e+01  -6.0000000e+01   3.7691320e+01
   2.4000000e+01  -1.2343612e+01   1.6650565e+02   1.7798865e+01  -5.3068907e+01  -6.0000000e+01   4.1502375e+01
   2.4000000e+01  -9.5691293e+00   1.7211621e+02   1.4810578e+01  -5.7442061e+01  -6.0000000e+01   4.6593239e+01
   2.4000000e+01  -7.6583959e+00   1.7787440e+02   1.1629646e+01  -5.9895879e+01  -6.0000000e+01   5.2014382e+01
   2.4000000e+01  -7.2892254e+00   1.8060302e+02   6.2286341e+00  -6.3184250e+01  -6.0000000e+01   5.7437057e+01
   2.4000000e+01  -7.9294398e+00   1.8533242e+02   1.7541067e+00  -6.2769827e+01  -6.0000000e+01   6.1322822e+01
   2.4000000e+01  -7.7736523e+00   1.8899001e+02  -3.0850825e+00  -6.2782694e+01  -6.0000000e+01   6.4944157e+01
   2.4000000e+01  -6.1387056e+00   1.9054380e+02  -6.3644158e+00  -6.2625312e+01  -6.0000000e+01   6.8572012e+01
   2.4000000e+01  -7.6069254e+00   1.9211672e+02  -9.3056072e+00  -6.3102000e+01  -6.0000000e+01   7.3011211e+01
   2.4000000e+01  -1.1240145e+01   1.8996715e+02  -8.0488079e+00  -6.4153966e+01  -6.0000000e+01   7.2572102e+01
   2.4000000e+01  -9.9372272e+00   1.8708339e+02  -7.8803572e+00  -6.9937258e+01  -6.0000000e+01   6.5833907e+01
   2.4000000e+01  -9.7140146e+00   1.8194825e+02  -1.1070794e+01  -7.5489734e+01  -6.0000000e+01   5.3947180e+01
   2.4000000e+01  -1.5170162e+01   1.7267824e+02  -1.3041877e+01  -7.5012997e+01  -6.0000000e+01   4.2356148e+01
   2.4000000e+01  -1.5938475e+01   1.6210499e+02  -7.3389958e+00  -7.0222552e+01  -6.0000000e+01   3.0315522e+01
   2.4000000e+01  -1.9865668e+01   1.5068633e+02   1.2007193e+00  -6.3001829e+01  -6.0000000e+01   1.9415965e+01
   2.4000000e+01  -2.3313635e+01   1.3883684e+02   1.0063083e+01  -5.6881562e+01  -6.0000000e+01   1.1338683e+01
   2.4000000e+01  -2.3771269e+01   1.2754700e+02   1.8902230e+01  -4.8145258e+01  -6.0000000e+01   1.6997676e+00
   2.4000000e+01  -2.1388769e+01   1.1782459e+02   2.6221543e+01  -3.8531135e+01  -6.0000000e+01  -6.9750984e+00
   2.4000000e+01  -1.8754927e+01   1.0958981e+02   3.3196507e+01  -2.8986780e+01  -6.0000000e+01  -1.5181160e+01
   2.4000000e+01  -1.6960188e+01   1.0478772e+02   4.1262224e+01  -2.0028639e+01  -6.0000000e+01  -2.0919163e+01
   2.4000000e+01  -1.7615352e+01   1.0147102e+02   5.1837286e+01  -1.3733118e+01  -6.0000000e+01  -2.0876259e+01
   2.4000000e+01  -1.8606222e+01   1.0331185e+02   5.6479343e+01  -1.0860755e+01  -6.0000000e+01  -1.9090291e+01
   2.4000000e+01  -1.7641515e+01   1.0630498e+02   5.4213751e+01  -1.3374690e+01  -6.0000000e+01  -1.4928123e+01
   2.4000000e+01  -1.6751830e+01   1.1012588e+02   4.9205270e+01  -1.6743590e+01  -6.0000000e+01  -8.2903756e+00
   2.4000000e+01  -1.7782583e+01   1.1566786e+02   4.4736390e+01  -2.0121651e+01  -6.0000000e+01  -2.2664334e+00
   2.4000000e+01  -1.8444169e+01   1.2019851e+02   4.0352628e+01  -2.3726565e+01  -6.0000000e+01   3.5322289e+00
   2.4000000e+01  -1.9481169e+01   1.2433106e+02   3.7249043e+01  -2.4693731e+01  -6.0000000e+01   7.4707329e+00
   2.4000000e+01  -1.9264846e+01   1.2708526e+02   3.5211797e+01  -2.7785091e+01  -6.0000000e+01   1.1225820e+01
   2.4000000e+01  -2.0021660e+01   1.3119654e+02   3.2677497e+01  -3.0476019e+01  -6.0000000e+01   1.4253055e+01
   2.4000000e+01  -2.0188939e+01   1.3442996e+02   2.8917459e+01  -3.3793427e+01  -6.0000000e+01   1.9241953e+01
   2.4000000e+01  -1.8339121e+01   1.3764452e+02   2.9488808e+01  -3.6665441e+01  -6.0000000e+01   2.0953300e+01
   2.4000000e+01  -1.7631651e+01   1.3888240e+02   2.8327326e+01  -3.9356794e+01  -6.0000000e+01   2.3743602e+01
   2.4000000e+01  -1.6986956e+01   1.4125660e+02   2.6597739e+01  -4.0265801e+01  -6.0000000e+01   2.5660274e+01
   2.4000000e+01  -1.5003707e+01   1.4457103e+02   2.6102194e+01  -4.2237686e+01  -6.0000000e+01   2.8002498e+01
   2.4000000e+01  -1.4554228e+01   1.5003992e+02   2.3864345e+01  -4.5730248e+01  -6.0000000e+01   3.1462672e+01
   2.4000000e+01  -1.5242934e+01   1.5622546e+02   2.2091790e+01  -4.9099173e+01  -6.0000000e+01   3.5245934e+01
   2.4000000e+01  -1.5174411e+01   1.6161051e+02   1.6835416e+01  -5.1844002e+01  -6.0000000e+01   3.9611819e+01
   2.4000000e+01  -1.5982159e+01   1.6607752e+02   1.2897537e+01  -5.4410312e+01  -6.0000000e+01   4.1766408e+01
   2.4000000e+01  -8.7576586e+00   1.7049233e+02   1.3769638e+01  -5.7260287e+01  -6.0000000e+01   4.6439509e+01
   2.4000000e+01  -4.9321825e+00   1.7581585e+02   1.2533088e+01  -6.0096453e+01  -6.0000000e+01   5.1489317e+01
   2.4000000e+01  -1.6726703e+00   1.7960505e+02   1.0093521e+01  -6.2382313e+01  -6.0000000e+01   5.5496036e+01
   2.4000000e+01  -4.8341970e+00   1.8247869e+02   4.3497446e+00  -6.5880900e+01  -6.0000000e+01   6.1105927e+01
   2.4000000e+01  -2.6188753e+00   1.8638565e+02  -3.6742460e-01  -6.7711578e+01  -6.0000000e+01   6.5899342e+01
   2.4000000e+01  -3.8715574e+00   1.8906104e+02  -3.2954063e+00  -6.7877261e+01  -6.0000000e+01   6.9562721e+01
   2.4000000e+01  -4.3673594e+00   1.9162836e+02  -8.4705982e+00  -6.8961924e+01  -6.0000000e+01   7.5070453e+01
   2.4000000e+01  -4.0347486e+00   1.9271461e+02  -8.4296930e+00  -6.8664156e+01  -6.0000000e+01   7.6895071e+01
   2.4000000e+01  -8.2885901e+00   1.9206105e+02  -7.3074651e+00  -6.6957658e+01  -6.0000000e+01   7.6468014e+01
   2.4000000e+01  -9.2287464e+00   1.9084333e+02  -5.4958997e+00  -6.5427547e+01  -6.0000000e+01   7.4078440e+01
   2.4000000e+01  -9.8911400e+00   1.8707505e+02  -7.5928479e+00  -7.2520400e+01  -6.0000000e+01   6.5528738e+01
   2.4000000e+01  -9.6295184e+00   1.8465806e+02  -1.0624134e+01  -7.7928058e+01  -6.0000000e+01   5.3674701e+01
   2.4000000e+01  -9.0317459e+00   1.7634052e+02  -8.9081965e+00  -7.8627174e+01  -6.0000000e+01   4.1756772e+01
   2.4000000e+01  -1.4568817e+01   1.6612978e+02  -6.0643304e+00  -7.3827428e+01  -6.0000000e+01   2.9749221e+01
   2.4000000e+01  -1.8842494e+01   1.5455607e+02   2.0246553e+00  -6.7594177e+01  -6.0000000e+01   2.0987438e+01
   2.4000000e+01  -2.3246658e+01   1.4291723e+02   1.1938305e+01  -5.9326606e+01  -6.0000000e+01   1.3509315e+01
   2.4000000e+01  -2.4972304e+01   1.3128389e+02   2.1517513e+01  -5.0677701e+01  -6.0000000e+01   5.7217636e+00
   2.4000000e+01  -2.2360606e+01   1.2038187e+02   2.9848385e+01  -4.1365219e+01  -6.0000000e+01  -2.3498534e+00
   2.4000000e+01  -2.0811866e+01   1.1027687e+02   3.6406463e+01  -3.1943037e+01  -6.0000000e+01  -1.0056912e+01
   2.4000000e+01  -1.7454152e+01   1.0182138e+02   4.1219997e+01  -2.2907733e+01  -6.0000000e+01  -1.7061070e+01
   2.4000000e+01  -1.5430778e+01   9.6299547e+01   4.8591324e+01  -1.4238313e+01  -6.0000000e+01  -2.2357333e+01
   2.4000000e+01  -1.7143290e+01   9.5966047e+01   5.7641987e+01  -7.5149307e+00  -6.0000000e+01  -2.1360558e+01
   2.4000000e+01  -1.7831687e+01   9.5403287e+01   5.9663346e+01  -2.2881232e+00  -6.0000000e+01  -1.9523051e+01
   2.4000000e+01  -1.8685531e+01   1.0055574e+02   5.5289491e+01  -6.5282397e+00  -6.0000000e+01  -1.3511124e+01
   2.4000000e+01  -1.9183535e+01   1.0527916e+02   4.9786497e+01  -1.0341551e+01  -6.0000000e+01  -7.4012066e+00
   2.4000000e+01  -1.9001906e+01   1.0921815e+02   4.5845620e+01  -1.4724503e+01  -6.0000000e+01  -2.0797028e+00
   2.4000000e+01  -1.8223243e+01   1.1311264e+02   4.2712931e+01  -2.0658445e+01  -6.0000000e+01   3.4020186e+00
   2.4000000e+01  -1.8903271e+01   1.1827507e+02   4.0532173e+01  -2.4495391e+01  -6.0000000e+01   7.0497935e+00
   2.4000000e+01  -2.1054393e+01   1.2340157e+02   3.5950264e+01  -2.6730188e+01  -6.0000000e+01   1.1190557e+01
   2.4000000e+01  -2.2793386e+01   1.2785362e+02   3.3340922e+01  -2.9605665e+01  -6.0000000e+01   1.4887258e+01
   2.4000000e+01  -2.1727949e+01   1.3175032e+02   3.0468589e+01  -3.2168478e+01  -6.0000000e+01   1.8131762e+01
   2.4000000e+01  -2.2210824e+01   1.3451655e+02   2.7086249e+01  -3.3146824e+01  -6.0000000e+01   2.0835597e+01
   2.4000000e+01  -2.0193207e+01   1.3734613e+02   2.6501516e+01  -3.6936196e+01  -6.0000000e+01   2.3569415e+01
   2.4000000e+01  -1.6539535e+01   1.4169473e+02   2.5268533e+01  -4.1155786e+01  -6.0000000e+01   2.7490910e+01
   2.4000000e+01  -1.5753921e+01   1.4722322e+02   2.5191043e+01  -4.5582325e+01  -6.0000000e+01   2.9793776e+01
   2.4000000e+01  -1.6014628e+01   1.5310620e+02   2.0786906e+01  -4.8874347e+01  -6.0000000e+01   3.3646635e+01
   2.4000000e+01  -1.6411667e+01   1.5865145e+02   1.7515239e+01  -5.1416530e+01  -6.0000000e+01   3.8059045e+01
   2.4000000e+01  -1.3886375e+01   1.6160237e+02   1.5008784e+01  -5.4483685e+01  -6.0000000e+01   4.1417448e+01
   2.4000000e+01  -1.0420426e+01   1.6881481e+02   1.3765331e+01  -5.7967176e+01  -6.0000000e+01   4.7045718e+01
   2.4000000e+01  -8.4269801e+00   1.7586995e+02   1.2550651e+01  -6.0935760e+01  -6.0000000e+01   5.1539744e+01
   2.4000000e+01  -7.8745655e+00   1.7990519e+02   9.4255216e+00  -6.3982830e+01  -6.0000000e+01   5.6530127e+01
   2.4000000e+01  -9.4730448e+00   1.8254228e+02   4.6781181e+00  -6.4035878e+01  -6.0000000e+01   6.1651116e+01
   2.4000000e+01  -6.7455697e+00   1.8483451e+02   1.0368035e+00  -6.7312652e+01  -6.0000000e+01   6.7181895e+01
   2.4000000e+01  -6.2437393e+00   1.8863102e+02  -2.7322693e+00  -6.8538825e+01  -6.0000000e+01   6.9716519e+01
   2.4000000e+01  -9.8585704e+00   1.8919125e+02  -4.6132832e+00  -7.1054391e+01  -6.0000000e+01   6.5823337e+01
   2.4000000e+01  -6.3502310e+00   1.9299517e+02  -5.7212383e+00  -6.9721999e+01  -6.0000000e+01   5.3880266e+01
   2.4000000e+01  -7.7647246e+00   1.8595704e+02  -9.4618199e+00  -7.7996853e+01  -6.0000000e+01   4.4179889e+01
   2.4000000e+01  -1.1864160e+01   1.7606413e+02  -9.1499181e+00  -7.9001361e+01  -6.0000000e+01   3.3946946e+01
   2.4000000e+01  -1.3566037e+01   1.6501406e+02  -4.8006975e+00  -7.4528024e+01  -6.0000000e+01   2.2726042e+01
   2.4000000e+01  -1.8051121e+01   1.5315871e+02   2.2754686e+00  -6.9534342e+01  -6.0000000e+01   1.4530912e+01
   2.4000000e+01  -2.2167867e+01   1.4185796e+02   1.0857853e+01  -6.1025251e+01  -6.0000000e+01   7.7346852e+00
   2.4000000e+01  -2.3523344e+01   1.3056090e+02   1.9664266e+01  -5.2050049e+01  -6.0000000e+01  -8.1380272e-01
   2.4000000e+01  -2.0061187e+01   1.2019689e+02   2.8106123e+01  -4.2626369e+01  -6.0000000e+01  -8.9329382e+00
   2.4000000e+01  -1.8534294e+01   1.1068327e+02   3.5671522e+01  -3.3213950e+01  -6.0000000e+01  -1.7291183e+01
   2.4000000e+01  -1.5267392e+01   1.0357903e+02   4.1016561e+01  -2.4043294e+01  -6.0000000e+01  -2.4893495e+01
   2.4000000e+01  -1.5597642e+01   9.9008444e+01   4.9544150e+01  -1.5520820e+01  -6.0000000e+01  -2.8223352e+01
   2.4000000e+01  -1.7140960e+01   9.5799855e+01   5.9791285e+01  -8.0102076e+00  -6.0000000e+01  -2.6212968e+01
   2.4000000e+01  -1.7675104e+01   9.7401460e+01   6.1562795e+01  -6.5122896e+00  -6.0000000e+01  -2.3033293e+01
   2.4000000e+01  -1.9269900e+01   1.0165191e+02   5.6486561e+01  -8.8234838e+00  -6.0000000e+01  -1.6580994e+01
   2.4000000e+01  -1.8195423e+01   1.0511266e+02   5.2333947e+01  -1.1874478e+01  -6.0000000e+01  -1.0712966e+01
   2.4000000e+01  -1.8179889e+01   1.0875475e+02   4.8932713e+01  -1.4431145e+01  -6.0000000e+01  -6.2817858e+00
   2.4000000e+01  -1.8060710e+01   1.1220677e+02   4.6089855e+01  -1.7909842e+01  -6.0000000e+01  -2.3099278e+00
   2.4000000e+01  -1.9013442e+01   1.1725764e+02   4.2168093e+01  -2.1047450e+01  -6.0000000e+01   2.3528149e+00
   2.4000000e+01  -1.8651166e+01   1.2084614e+02   3.9950435e+01  -2.5369122e+01  -6.0000000e+01   6.2906914e+00
   2.4000000e+01  -1.9348645e+01   1.2440006e+02   3.7405754e+01  -2.8230794e+01  -6.0000000e+01   9.3506788e+00
   2.4000000e+01  -2.1126297e+01   1.2842711e+02   3.4557556e+01  -2.9642564e+01  -6.0000000e+01   1.2130201e+01
   2.4000000e+01  -2.0907778e+01   1.3156482e+02   3.0692625e+01  -3.1937414e+01  -6.0000000e+01   1.6405738e+01
   2.4000000e+01  -1.9436677e+01   1.3432845e+02   2.8413308e+01  -3.5614625e+01  -6.0000000e+01   2.0530259e+01
   2.4000000e+01  -1.7367831e+01   1.3635897e+02   2.7699893e+01  -3.8665932e+01  -6.0000000e+01   2.4167481e+01
   2.4000000e+01  -1.5625101e+01   1.4105202e+02   2.5198864e+01  -4.1134508e+01  -6.0000000e+01   2.7812358e+01
   2.4000000e+01  -1.5957940e+01   1.4690967e+02   2.3880259e+01  -4.4034648e+01  -6.0000000e+01   2.9936646e+01
   2.4000000e+01  -1.4904871e+01   1.5384347e+02   2.0219297e+01  -4.7375244e+01  -6.0000000e+01   3.4086516e+01
   2.4000000e+01  -1.4092169e+01   1.5836042e+02   1.7882128e+01  -5.0662970e+01  -6.0000000e+01   3.7744950e+01
   2.4000000e+01  -1.1581035e+01   1.6442871e+02   1.6324264e+01  -5.5010471e+01  -6.0000000e+01   4.1574719e+01
   2.4000000e+01  -6.8696584e+00   1.7152741e+02   1.6954170e+01  -5.9372483e+01  -6.0000000e+01   4.6824018e+01
   2.4000000e+01  -6.5260454e+00   1.7712112e+02   1.3083670e+01  -6.2746194e+01  -6.0000000e+01   5.1359885e+01
   2.4000000e+01  -7.6150165e+00   1.8088326e+02   9.0757152e+00  -6.4260774e+01  -6.0000000e+01   5.4414373e+01
   2.4000000e+01  -1.0766411e+01   1.8441744e+02   2.5783893e+00  -6.4492594e+01  -6.0000000e+01   5.7275312e+01
   2.4000000e+01  -1.0744576e+01   1.8653642e+02  -4.0138906e+00  -6.7257440e+01  -6.0000000e+01   6.3194111e+01
   2.4000000e+01  -8.8676405e+00   1.9018388e+02  -8.3194501e+00  -6.8458594e+01  -6.0000000e+01   6.7422811e+01
   2.4000000e+01  -8.6640159e+00   1.9097095e+02  -7.9634556e+00  -6.8633346e+01  -6.0000000e+01   6.9450940e+01
   2.4000000e+01  -1.0044747e+01   1.9030127e+02  -6.1072210e+00  -6.9492552e+01  -6.0000000e+01   6.7152122e+01
   2.4000000e+01  -9.7621795e+00   1.8849230e+02  -1.0997182e+01  -7.6573748e+01  -6.0000000e+01   5.6849753e+01
   2.4000000e+01  -8.2594178e+00   1.8664446e+02  -1.2659606e+01  -8.1829695e+01  -6.0000000e+01   4.5874101e+01
   2.4000000e+01  -8.8936981e+00   1.7741469e+02  -9.9652947e+00  -7.9484483e+01  -6.0000000e+01   3.4646202e+01
   2.4000000e+01  -1.2567911e+01   1.6683063e+02  -8.2732862e+00  -7.5124885e+01  -6.0000000e+01   2.2676910e+01
   2.4000000e+01  -1.7553827e+01   1.5500171e+02   3.2863316e-02  -7.0532257e+01  -6.0000000e+01   1.4005399e+01
   2.4000000e+01  -2.2873673e+01   1.4344896e+02   8.0822960e+00  -6.3425168e+01  -6.0000000e+01   6.1229641e+00
   2.4000000e+01  -2.4781212e+01   1.3197129e+02   1.5387548e+01  -5.5197547e+01  -6.0000000e+01  -2.5575106e+00
   2.4000000e+01  -2.2023077e+01   1.2235883e+02   2.2191970e+01  -4.5601953e+01  -6.0000000e+01  -1.0898710e+01
   2.4000000e+01  -1.8466541e+01   1.1335726e+02   2.9247216e+01  -3.5880186e+01  -6.0000000e+01  -1.8896435e+01
   2.4000000e+01  -1.4940027e+01   1.0686386e+02   3.6483956e+01  -2.6429421e+01  -6.0000000e+01  -2.5537036e+01
   2.4000000e+01  -1.5865381e+01   1.0464907e+02   4.4359973e+01  -1.7531463e+01  -6.0000000e+01  -2.8080900e+01
   2.4000000e+01  -1.6230123e+01   1.0203355e+02   5.2561679e+01  -1.2178339e+01  -6.0000000e+01  -2.5467754e+01
   2.4000000e+01  -1.8085439e+01   1.0146806e+02   5.8029126e+01  -8.5490461e+00  -6.0000000e+01  -2.1239230e+01
   2.4000000e+01  -1.9474225e+01   1.0395606e+02   5.4808260e+01  -9.0317699e+00  -6.0000000e+01  -1.5611799e+01
   2.4000000e+01  -2.1269117e+01   1.0827293e+02   4.9119980e+01  -1.0671390e+01  -6.0000000e+01  -9.5627378e+00
   2.4000000e+01  -2.0289843e+01   1.1115126e+02   4.6004451e+01  -1.3865088e+01  -6.0000000e+01  -5.1989499e+00
   2.4000000e+01  -1.9157932e+01   1.1423163e+02   4.2517498e+01  -1.8914965e+01  -6.0000000e+01   3.2928393e-01
   2.4000000e+01  -1.9676669e+01   1.1888712e+02   3.8596483e+01  -2.3948806e+01  -6.0000000e+01   6.0605068e+00
   2.4000000e+01  -2.0123688e+01   1.2281118e+02   3.6863018e+01  -2.5812663e+01  -6.0000000e+01   8.5756880e+00
   2.4000000e+01  -1.9713667e+01   1.2624131e+02   3.4351134e+01  -2.8213571e+01  -6.0000000e+01   1.2800753e+01
   2.4000000e+01  -2.0687361e+01   1.3100317e+02   3.2434047e+01  -3.1497981e+01  -6.0000000e+01   1.5762110e+01
   2.4000000e+01  -2.0885258e+01   1.3456605e+02   3.0100718e+01  -3.4099847e+01  -6.0000000e+01   1.8059946e+01
   2.4000000e+01  -1.8749330e+01   1.3768248e+02   2.7738980e+01  -3.7565533e+01  -6.0000000e+01   2.3087590e+01
   2.4000000e+01  -1.6289596e+01   1.4161786e+02   2.6001852e+01  -4.0642028e+01  -6.0000000e+01   2.7188539e+01
   2.4000000e+01  -1.5334854e+01   1.4772814e+02   2.3893659e+01  -4.4022464e+01  -6.0000000e+01   3.0545104e+01
   2.4000000e+01  -1.4404786e+01   1.5191709e+02   2.2365805e+01  -4.7891756e+01  -6.0000000e+01   3.5742233e+01
   2.4000000e+01  -1.5426040e+01   1.5912567e+02   1.9061130e+01  -5.1565328e+01  -6.0000000e+01   3.9314476e+01
   2.4000000e+01  -1.3757714e+01   1.6527399e+02   1.4912521e+01  -5.5636873e+01  -6.0000000e+01   4.3569863e+01
   2.4000000e+01  -1.1426509e+01   1.7116863e+02   1.2407823e+01  -5.9170933e+01  -6.0000000e+01   4.8579810e+01
   2.4000000e+01  -9.0498465e+00   1.7650336e+02   9.4292080e+00  -6.2420068e+01  -6.0000000e+01   5.3514978e+01
   2.4000000e+01  -7.5197614e+00   1.8000764e+02   5.3032428e+00  -6.4295840e+01  -6.0000000e+01   5.8007096e+01
   2.4000000e+01  -9.5358975e+00   1.8465010e+02   1.5149917e-01  -6.6515987e+01  -6.0000000e+01   6.2328638e+01
   2.4000000e+01  -5.9528042e+00   1.8884869e+02  -3.9028271e+00  -6.7267866e+01  -6.0000000e+01   6.6445790e+01
   2.4000000e+01  -7.4098347e+00   1.9093395e+02  -8.2717062e+00  -6.9580897e+01  -6.0000000e+01   7.1245666e+01
   2.4000000e+01  -9.6069867e+00   1.8894464e+02  -6.1919201e+00  -7.2682544e+01  -6.0000000e+01   7.1729445e+01
   2.4000000e+01  -8.1369068e+00   1.8778920e+02  -8.6720074e+00  -7.7450410e+01  -6.0000000e+01   6.1498694e+01
   2.4000000e+01  -6.8483888e+00   1.7928678e+02  -7.4504380e+00  -7.9517791e+01  -6.0000000e+01   4.9808067e+01
   2.4000000e+01  -7.5153720e+00   1.7058814e+02  -5.3654534e+00  -7.5768521e+01  -6.0000000e+01   3.7724319e+01
   2.4000000e+01  -1.3352077e+01   1.6001212e+02  -5.0872344e-02  -6.9344629e+01  -6.0000000e+01   2.5892677e+01
   2.4000000e+01  -2.0314902e+01   1.4801485e+02   8.3215131e+00  -6.4631731e+01  -6.0000000e+01   1.8752025e+01
   2.4000000e+01  -2.4045566e+01   1.3605706e+02   1.6691580e+01  -5.7487506e+01  -6.0000000e+01   1.0373575e+01
   2.4000000e+01  -2.2504445e+01   1.2485924e+02   2.3470685e+01  -4.8673012e+01  -6.0000000e+01   2.7274578e+00
   2.4000000e+01  -2.1859597e+01   1.1617828e+02   2.8136754e+01  -3.8682264e+01  -6.0000000e+01  -5.4857365e+00
   2.4000000e+01  -1.7986109e+01   1.0959249e+02   3.2489622e+01  -2.8721062e+01  -6.0000000e+01  -1.3076710e+01
   2.4000000e+01  -1.6772292e+01   1.0341434e+02   3.5520648e+01  -1.9464744e+01  -6.0000000e+01  -1.9482972e+01
   2.4000000e+01  -1.5184266e+01   9.8299021e+01   4.0752468e+01  -1.0791548e+01  -6.0000000e+01  -2.5552628e+01
   2.4000000e+01  -1.4978846e+01   9.4981921e+01   4.7367639e+01  -4.3534999e+00  -6.0000000e+01  -2.8111420e+01
   2.4000000e+01  -1.5204908e+01   9.4546236e+01   5.6536393e+01  -3.9034871e+00  -6.0000000e+01  -2.5876809e+01
   2.4000000e+01  -1.7246247e+01   9.6069123e+01   6.0193903e+01  -2.7286207e+00  -6.0000000e+01  -2.1573009e+01
   2.4000000e+01  -1.7732120e+01   1.0049650e+02   5.5129933e+01  -7.5899296e+00  -6.0000000e+01  -1.4983106e+01
   2.4000000e+01  -1.7735081e+01   1.0573127e+02   5.0401408e+01  -1.2252124e+01  -6.0000000e+01  -8.9983319e+00
   2.4000000e+01  -1.7666098e+01   1.1006589e+02   4.7253427e+01  -1.7504866e+01  -6.0000000e+01  -5.0820050e+00
   2.4000000e+01  -1.9507085e+01   1.1450518e+02   4.2876948e+01  -1.9351150e+01  -6.0000000e+01  -7.8746629e-01
   2.4000000e+01  -1.9276112e+01   1.1807970e+02   4.1074204e+01  -2.3039877e+01  -6.0000000e+01   2.4198761e+00
   2.4000000e+01  -1.8000266e+01   1.1994265e+02   4.0498815e+01  -2.7033228e+01  -6.0000000e+01   5.6427562e+00
   2.4000000e+01  -2.0838997e+01   1.2408266e+02   3.7192139e+01  -2.8623928e+01  -6.0000000e+01   8.3697192e+00
   2.4000000e+01  -2.2279048e+01   1.2829392e+02   3.4234458e+01  -3.0592853e+01  -6.0000000e+01   1.1486823e+01
   2.4000000e+01  -2.1013214e+01   1.3078007e+02   3.3628464e+01  -3.3705326e+01  -6.0000000e+01   1.4141327e+01
   2.4000000e+01  -2.2789989e+01   1.3572183e+02   2.8846046e+01  -3.4387309e+01  -6.0000000e+01   1.7600098e+01
   2.4000000e+01  -1.9619891e+01   1.3582682e+02   2.7639913e+01  -3.7394941e+01  -6.0000000e+01   2.0983108e+01
   2.4000000e+01  -1.7296114e+01   1.3863121e+02   2.7847902e+01  -3.9891954e+01  -6.0000000e+01   2.2696912e+01
   2.4000000e+01  -1.5831927e+01   1.4250424e+02   2.6317295e+01  -4.3203716e+01  -6.0000000e+01   2.6425092e+01
   2.4000000e+01  -1.6115087e+01   1.4775232e+02   2.2902530e+01  -4.6250866e+01  -6.0000000e+01   2.9269207e+01
   2.4000000e+01  -1.4876847e+01   1.5116419e+02   2.1591775e+01  -4.9350235e+01  -6.0000000e+01   3.3536253e+01
   2.4000000e+01  -1.7923305e+01   1.5939189e+02   1.8287322e+01  -5.2067040e+01  -6.0000000e+01   3.5778603e+01
   2.4000000e+01  -1.7969201e+01   1.6402758e+02   1.3931180e+01  -5.5494456e+01  -6.0000000e+01   3.8585855e+01
   2.4000000e+01  -1.4072755e+01   1.6783915e+02   1.2844823e+01  -5.9524466e+01  -6.0000000e+01   4.2667883e+01
   2.4000000e+01  -1.3277744e+01   1.7360769e+02   1.0570227e+01  -6.2103021e+01  -6.0000000e+01   4.6230992e+01
   2.4000000e+01  -9.8232223e+00   1.7786360e+02   9.5691067e+00  -6.4078336e+01  -6.0000000e+01   5.0559687e+01
   2.4000000e+01  -9.9225708e+00   1.8117173e+02   5.5189112e+00  -6.6381357e+01  -6.0000000e+01   5.3267506e+01
   2.4000000e+01  -1.2095506e+01   1.8473904e+02   1.0364391e-01  -6.9102648e+01  -6.0000000e+01   5.3050376e+01
   2.4000000e+01  -1.1853392e+01   1.8762818e+02  -4.3792839e+00  -7.1186571e+01  -6.0000000e+01   5.0642146e+01
   2.4000000e+01  -9.9838981e+00   1.8519678e+02  -1.0989370e+01  -7.8524649e+01  -6.0000000e+01   4.8730728e+01
   2.4000000e+01  -9.8544616e+00   1.8348877e+02  -1.3673720e+01  -8.0364128e+01  -6.0000000e+01   3.8563161e+01
   2.4000000e+01  -1.1181382e+01   1.7743697e+02  -1.4584526e+01  -7.7695398e+01  -6.0000000e+01   2.8421358e+01
   2.4000000e+01  -1.4199878e+01   1.6725366e+02  -1.3009048e+01  -7.3957577e+01  -6.0000000e+01   1.7488129e+01
   2.4000000e+01  -1.7734506e+01   1.5549198e+02  -3.8650412e+00  -6.9619680e+01  -6.0000000e+01   1.0958733e+01
   2.4000000e+01  -2.3377075e+01   1.4382314e+02   6.3675725e+00  -6.2043342e+01  -6.0000000e+01   5.1752624e+00
   2.4000000e+01  -2.3320426e+01   1.3234780e+02   1.6849513e+01  -5.3240668e+01  -6.0000000e+01  -1.8395972e+00
   2.4000000e+01  -2.1196407e+01   1.2123809e+02   2.7588958e+01  -4.3911621e+01  -6.0000000e+01  -9.4677950e+00
   2.4000000e+01  -1.7670453e+01   1.1180680e+02   3.7843286e+01  -3.4210237e+01  -6.0000000e+01  -1.6702824e+01
   2.4000000e+01  -1.6060333e+01   1.0523048e+02   4.7862807e+01  -2.4538901e+01  -6.0000000e+01  -2.2369913e+01
   2.4000000e+01  -1.5947453e+01   1.0150283e+02   5.8260493e+01  -1.4979500e+01  -6.0000000e+01  -2.4357164e+01
   2.4000000e+01  -1.4195009e+01   9.7831956e+01   6.2359671e+01  -9.2952627e+00  -6.0000000e+01  -2.4685561e+01
   2.4000000e+01  -1.6307098e+01   1.0277486e+02   5.7283593e+01  -1.1223614e+01  -6.0000000e+01  -1.8997076e+01
   2.4000000e+01  -1.7459983e+01   1.0960607e+02   5.1508269e+01  -1.5886459e+01  -6.0000000e+01  -1.1672345e+01
   2.4000000e+01  -1.8566386e+01   1.1430969e+02   4.6159918e+01  -1.9347740e+01  -6.0000000e+01  -5.0783663e+00
   2.4000000e+01  -1.8834630e+01   1.1850594e+02   4.2101446e+01  -2.2971792e+01  -6.0000000e+01   7.7801992e-01
   2.4000000e+01  -2.1268780e+01   1.2248393e+02   3.8354760e+01  -2.3334848e+01  -6.0000000e+01   5.3309080e+00
   2.4000000e+01  -2.1418700e+01   1.2582471e+02   3.4821063e+01  -2.5892171e+01  -6.0000000e+01   9.3012870e+00
   2.4000000e+01  -2.1751173e+01   1.3047704e+02   3.1315157e+01  -2.8948093e+01  -6.0000000e+01   1.3586226e+01
   2.4000000e+01  -1.9977607e+01   1.3480243e+02   2.8553725e+01  -3.3765243e+01  -6.0000000e+01   1.9196887e+01
   2.4000000e+01  -2.1702879e+01   1.3781881e+02   2.5761607e+01  -3.5106770e+01  -6.0000000e+01   2.1622919e+01
   2.4000000e+01  -1.9939385e+01   1.3904225e+02   2.4595201e+01  -3.7354385e+01  -6.0000000e+01   2.5280330e+01
   2.4000000e+01  -1.8818605e+01   1.4486689e+02   2.2156207e+01  -4.0862518e+01  -6.0000000e+01   2.8942226e+01
   2.4000000e+01  -1.6064197e+01   1.4955565e+02   1.9705439e+01  -4.3377075e+01  -6.0000000e+01   3.2706936e+01
   2.4000000e+01  -1.5339073e+01   1.5370044e+02   1.7477795e+01  -4.6554439e+01  -6.0000000e+01   3.6831306e+01
   2.4000000e+01  -1.3082661e+01   1.5848145e+02   1.6715186e+01  -5.0691477e+01  -6.0000000e+01   4.1294277e+01
   2.4000000e+01  -1.3250767e+01   1.6729816e+02   1.2849873e+01  -5.4273985e+01  -6.0000000e+01   4.6059175e+01
   2.4000000e+01  -9.6689629e+00   1.7359723e+02   1.0898355e+01  -5.7930779e+01  -6.0000000e+01   5.1120098e+01
   2.4000000e+01  -8.9389255e+00   1.7912012e+02   8.2497282e+00  -6.0567370e+01  -6.0000000e+01   5.5439412e+01
   2.4000000e+01  -1.0738167e+01   1.8200781e+02   2.1259628e+00  -6.2300033e+01  -6.0000000e+01   5.8836897e+01
   2.4000000e+01  -8.6254325e+00   1.8430343e+02  -7.5291646e-01  -6.4089546e+01  -6.0000000e+01   6.4711418e+01
   2.4000000e+01  -1.9548668e+00   1.8688614e+02  -3.2714575e+00  -6.5050683e+01  -6.0000000e+01   6.9827456e+01
   2.4000000e+01  -1.5385692e+00   1.8918826e+02  -5.7055944e+00  -6.6815261e+01  -6.0000000e+01   7.4373946e+01
   2.4000000e+01  -2.0704203e+00   1.9108823e+02  -6.7758754e+00  -6.7560456e+01  -6.0000000e+01   7.7618458e+01
   2.4000000e+01  -3.4068179e+00   1.9308944e+02  -7.5706954e+00  -6.8053799e+01  -6.0000000e+01   7.8639503e+01
   2.4000000e+01  -9.6915880e+00   1.9287557e+02  -9.0343760e+00  -6.9511264e+01  -6.0000000e+01   7.6200654e+01
   2.4000000e+01  -8.0197084e+00   1.9029581e+02  -8.8520003e+00  -7.1055651e+01  -6.0000000e+01   7.1042193e+01
   2.4000000e+01  -9.8971650e+00   1.8766353e+02  -9.1318097e+00  -7.6963286e+01  -6.0000000e+01   6.0074841e+01
   2.4000000e+01  -7.8559516e+00   1.7891121e+02  -5.9938847e+00  -7.9530233e+01  -6.0000000e+01   4.8789015e+01
   2.4000000e+01  -1.0580624e+01   1.6966362e+02  -4.4084062e+00  -7.4520814e+01  -6.0000000e+01   3.6992187e+01
   2.4000000e+01  -1.6062336e+01   1.5876505e+02   7.3276688e-01  -6.9244807e+01  -6.0000000e+01   2.9094394e+01
   2.4000000e+01  -1.8151326e+01   1.4754008e+02   5.4769212e+00  -6.3384085e+01  -6.0000000e+01   2.0618410e+01
   2.4000000e+01  -2.3455959e+01   1.3672096e+02   1.4096032e+01  -5.4230080e+01  -6.0000000e+01   1.2525131e+01
   2.4000000e+01  -2.3794806e+01   1.2605817e+02   1.9875753e+01  -4.5269860e+01  -6.0000000e+01   4.1033600e+00
   2.4000000e+01  -2.3983799e+01   1.1581960e+02   2.5773476e+01  -3.5873261e+01  -6.0000000e+01  -3.5625333e+00
   2.4000000e+01  -2.1832774e+01   1.0738929e+02   3.0004581e+01  -2.6255267e+01  -6.0000000e+01  -1.0189696e+01
   2.4000000e+01  -2.0134217e+01   1.0104115e+02   3.4848052e+01  -1.6470451e+01  -6.0000000e+01  -1.6920823e+01
   2.4000000e+01  -1.8350208e+01   9.7938952e+01   4.2378498e+01  -8.2101348e+00  -6.0000000e+01  -2.1248451e+01
   2.4000000e+01  -1.8684032e+01   9.8577927e+01   5.0606315e+01  -4.5069773e+00  -6.0000000e+01  -2.3736072e+01
   2.4000000e+01  -1.8572921e+01   1.0144310e+02   5.6792527e+01  -7.8076111e+00  -6.0000000e+01  -2.0953682e+01
   2.4000000e+01  -1.9368223e+01   1.0475262e+02   5.5332966e+01  -1.1041997e+01  -6.0000000e+01  -1.6222097e+01
   2.4000000e+01  -1.9503109e+01   1.0795053e+02   5.2367286e+01  -1.3991914e+01  -6.0000000e+01  -1.1647298e+01
   2.4000000e+01  -1.8490440e+01   1.1128910e+02   4.9255109e+01  -1.8587131e+01  -6.0000000e+01  -6.2111528e+00
   2.4000000e+01  -1.8996092e+01   1.1545329e+02   4.4290611e+01  -2.2508817e+01  -6.0000000e+01  -2.9454224e-01
   2.4000000e+01  -1.8970206e+01   1.1926120e+02   4.1267614e+01  -2.6171089e+01  -6.0000000e+01   4.4220542e+00
   2.4000000e+01  -2.0251902e+01   1.2175392e+02   3.9859019e+01  -2.7546834e+01  -6.0000000e+01   6.2558699e+00
   2.4000000e+01  -2.0448698e+01   1.2432839e+02   3.7477766e+01  -3.0126320e+01  -6.0000000e+01   9.5455094e+00
   2.4000000e+01  -2.1333366e+01   1.2644154e+02   3.5424656e+01  -3.0966688e+01  -6.0000000e+01   1.2126756e+01
   2.4000000e+01  -2.1671043e+01   1.2925758e+02   3.4279395e+01  -3.4365237e+01  -6.0000000e+01   1.5500806e+01
   2.4000000e+01  -2.2333397e+01   1.3201634e+02   3.0719933e+01  -3.5645096e+01  -6.0000000e+01   1.9111240e+01
   2.4000000e+01  -2.1816022e+01   1.3364253e+02   2.9176748e+01  -3.7019381e+01  -6.0000000e+01   2.1446893e+01
   2.4000000e+01  -2.1449286e+01   1.3640143e+02   2.7430082e+01  -3.9148267e+01  -6.0000000e+01   2.3915646e+01
   2.4000000e+01  -1.9238608e+01   1.3664371e+02   2.7911867e+01  -4.0452544e+01  -6.0000000e+01   2.5239175e+01
   2.4000000e+01  -1.8622235e+01   1.3934520e+02   2.6107537e+01  -4.2059301e+01  -6.0000000e+01   2.8438460e+01
   2.4000000e+01  -1.7388304e+01   1.4228482e+02   2.3921955e+01  -4.4021564e+01  -6.0000000e+01   3.0753055e+01
   2.4000000e+01  -1.4747251e+01   1.4610441e+02   2.2205308e+01  -4.6659195e+01  -6.0000000e+01   3.4301544e+01
   2.4000000e+01  -1.4617311e+01   1.5063974e+02   1.8949614e+01  -4.9780769e+01  -6.0000000e+01   3.7576294e+01
   2.4000000e+01  -1.2417027e+01   1.5506521e+02   1.7165856e+01  -5.3195865e+01  -6.0000000e+01   4.2155961e+01
   2.4000000e+01  -1.0617450e+01   1.6083391e+02   1.3672865e+01  -5.7214601e+01  -6.0000000e+01   4.5675279e+01
   2.4000000e+01  -1.1580987e+01   1.6830597e+02   1.0308539e+01  -6.0900997e+01  -6.0000000e+01   5.0041857e+01
   2.4000000e+01  -9.1830003e+00   1.7438425e+02   6.9976458e+00  -6.3062389e+01  -6.0000000e+01   5.4085791e+01
   2.4000000e+01  -8.9412153e+00   1.7929322e+02   4.5565016e+00  -6.5137053e+01  -6.0000000e+01   5.7754748e+01
   2.4000000e+01  -9.2914268e+00   1.8393716e+02   5.5746529e-01  -6.5555438e+01  -6.0000000e+01   6.1446962e+01
   2.4000000e+01  -1.1578339e+01   1.8791230e+02  -3.8545392e+00  -6.6242076e+01  -6.0000000e+01   6.5496829e+01
   2.4000000e+01  -1.2184657e+01   1.8909258e+02  -4.7322692e+00  -6.5351241e+01  -6.0000000e+01   6.7852065e+01
   2.4000000e+01  -1.1340216e+01   1.8946336e+02  -5.8139216e+00  -6.4703357e+01  -6.0000000e+01   7.0861876e+01
   2.4000000e+01  -1.1457027e+01   1.8914269e+02  -8.9614772e+00  -6.8840840e+01  -6.0000000e+01   6.7433134e+01
   2.4000000e+01  -8.5121995e+00   1.8433384e+02  -1.0534557e+01  -7.3647183e+01  -6.0000000e+01   5.7079465e+01
   2.4000000e+01  -8.9329366e+00   1.7578845e+02  -1.1805187e+01  -7.4676587e+01  -6.0000000e+01   4.6041760e+01
   2.4000000e+01  -9.1190953e+00   1.6576024e+02  -8.6580869e+00  -7.1100730e+01  -6.0000000e+01   3.4112299e+01
   2.4000000e+01  -1.4008356e+01   1.5463486e+02  -1.0712990e+00  -6.5618248e+01  -6.0000000e+01   2.3868029e+01
   2.4000000e+01  -1.9952823e+01   1.4314724e+02   7.6227435e+00  -5.8422343e+01  -6.0000000e+01   1.5706424e+01
   2.4000000e+01  -2.2136379e+01   1.3179511e+02   1.5196367e+01  -5.0299105e+01  -6.0000000e+01   6.0020201e+00
   2.4000000e+01  -2.0474858e+01   1.2080211e+02   2.4030449e+01  -4.1198971e+01  -6.0000000e+01  -1.8306282e+00
   2.4000000e+01  -1.8383729e+01   1.1070455e+02   3.2256103e+01  -3.1663343e+01  -6.0000000e+01  -9.8896894e+00
   2.4000000e+01  -1.3756551e+01   1.0274340e+02   4.0265965e+01  -2.2249140e+01  -6.0000000e+01  -1.6524999e+01
   2.4000000e+01  -1.3125859e+01   9.8418175e+01   4.7314727e+01  -1.3704050e+01  -6.0000000e+01  -2.1724174e+01
   2.4000000e+01  -1.3504834e+01   9.5739475e+01   5.5809887e+01  -7.5706764e+00  -6.0000000e+01  -2.4138801e+01
   2.4000000e+01  -1.3927518e+01   9.4847066e+01   6.1801008e+01  -7.2594225e+00  -6.0000000e+01  -2.1633310e+01
   2.4000000e+01  -1.4966061e+01   9.7966422e+01   5.8957703e+01  -8.8508819e+00  -6.0000000e+01  -1.7179738e+01
   2.4000000e+01  -1.6935584e+01   1.0325809e+02   5.3255625e+01  -1.1737986e+01  -6.0000000e+01  -1.0701463e+01
   2.4000000e+01  -1.7464563e+01   1.0718522e+02   4.8677735e+01  -1.4807756e+01  -6.0000000e+01  -4.7329539e+00
   2.4000000e+01  -1.8543908e+01   1.0937674e+02   4.5532395e+01  -1.5181851e+01  -6.0000000e+01  -9.9031602e-01
   2.4000000e+01  -1.9745894e+01   1.1147057e+02   4.2953714e+01  -1.5674764e+01  -6.0000000e+01   2.1308581e+00
   2.4000000e+01  -1.8568708e+01   1.1584859e+02   4.0724529e+01  -2.1160271e+01  -6.0000000e+01   6.9310034e+00
   2.4000000e+01  -1.8449430e+01   1.1905295e+02   3.9321802e+01  -2.4081168e+01  -6.0000000e+01   9.2018143e+00
   2.4000000e+01  -1.9549787e+01   1.2342721e+02   3.6233333e+01  -2.7219111e+01  -6.0000000e+01   1.3510564e+01
   2.4000000e+01  -2.0616968e+01   1.2742475e+02   3.3587345e+01  -2.9465378e+01  -6.0000000e+01   1.6391404e+01
   2.4000000e+01  -2.0764470e+01   1.3186234e+02   3.1291486e+01  -3.2372745e+01  -6.0000000e+01   1.8766327e+01
   2.4000000e+01  -1.9773951e+01   1.3560336e+02   2.8740371e+01  -3.5417666e+01  -6.0000000e+01   2.2536607e+01
   2.4000000e+01  -1.8491174e+01   1.3712790e+02   2.7295269e+01  -3.6786318e+01  -6.0000000e+01   2.4573658e+01
   2.4000000e+01  -1.5602363e+01   1.3987001e+02   2.9003814e+01  -3.9831031e+01  -6.0000000e+01   2.5887710e+01
   2.4000000e+01  -1.2975935e+01   1.4205255e+02   2.8410978e+01  -4.2494091e+01  -6.0000000e+01   2.8070146e+01
   2.4000000e+01  -1.4773559e+01   1.4785392e+02   2.3657427e+01  -4.4314607e+01  -6.0000000e+01   3.2042475e+01
   2.4000000e+01  -1.4127348e+01   1.5217328e+02   2.1428434e+01  -4.6925702e+01  -6.0000000e+01   3.5559672e+01
   2.4000000e+01  -1.3953069e+01   1.5697563e+02   1.7670434e+01  -5.0149692e+01  -6.0000000e+01   4.0964426e+01
   2.4000000e+01  -1.0822453e+01   1.6361333e+02   1.4357590e+01  -5.3592811e+01  -6.0000000e+01   4.5328876e+01
   2.4000000e+01  -7.6174842e+00   1.6989867e+02   1.2740434e+01  -5.6640340e+01  -6.0000000e+01   4.7824059e+01
   2.4000000e+01  -5.6596356e+00   1.7614499e+02   1.1210798e+01  -6.0016472e+01  -6.0000000e+01   5.3170976e+01
   2.4000000e+01  -5.4778211e+00   1.8060038e+02   6.7850698e+00  -6.3116967e+01  -6.0000000e+01   5.7782642e+01
   2.4000000e+01  -7.3442831e+00   1.8323877e+02  -2.5301410e-01  -6.7219503e+01  -6.0000000e+01   6.2034802e+01
   2.4000000e+01  -6.1618002e+00   1.8656105e+02  -3.4380005e+00  -6.9028326e+01  -6.0000000e+01   6.3954263e+01
   2.4000000e+01  -6.8234931e+00   1.8783376e+02  -6.2760714e+00  -7.2446408e+01  -6.0000000e+01   5.8854329e+01
   2.4000000e+01  -6.4197065e+00   1.8956183e+02  -9.4742975e+00  -7.4623986e+01  -6.0000000e+01   5.1063219e+01
   2.4000000e+01  -7.0873033e+00   1.8094027e+02  -8.7773940e+00  -7.6686004e+01  -6.0000000e+01   4.3963485e+01
   2.4000000e+01  -1.1804483e+01   1.7151683e+02  -9.9374610e+00  -7.1985864e+01  -6.0000000e+01   3.3332718e+01
   2.4000000e+01  -1.5275562e+01   1.6028185e+02  -5.1023048e+00  -6.7778007e+01  -6.0000000e+01   2.2637751e+01
   2.4000000e+01  -2.0765693e+01   1.4831402e+02   3.1532321e+00  -6.2939530e+01  -6.0000000e+01   1.4250151e+01
   2.4000000e+01  -2.4642042e+01   1.3666275e+02   1.2090525e+01  -5.5563865e+01  -6.0000000e+01   8.5628710e+00
   2.4000000e+01  -2.2966596e+01   1.2568461e+02   1.9724542e+01  -4.6869594e+01  -6.0000000e+01   1.7616431e+00
   2.4000000e+01  -2.1944567e+01   1.1545188e+02   2.6514522e+01  -3.7455927e+01  -6.0000000e+01  -6.4963970e+00
   2.4000000e+01  -1.8579463e+01   1.0644400e+02   3.2029085e+01  -2.8052579e+01  -6.0000000e+01  -1.4381490e+01
   2.4000000e+01  -1.8838717e+01   9.9357888e+01   3.7140987e+01  -1.8344143e+01  -6.0000000e+01  -2.0859008e+01
   2.4000000e+01  -1.5202577e+01   9.6419292e+01   4.2028998e+01  -9.5153275e+00  -6.0000000e+01  -2.6235610e+01
   2.4000000e+01  -1.5404684e+01   9.4327187e+01   4.7905648e+01  -2.7164674e+00  -6.0000000e+01  -2.8150611e+01
   2.4000000e+01  -1.5636539e+01   9.1645865e+01   5.7164956e+01   2.4063934e+00  -6.0000000e+01  -2.7190522e+01
   2.4000000e+01  -1.4669307e+01   8.9655399e+01   6.3688492e+01   1.3117608e+00  -6.0000000e+01  -2.3815417e+01
   2.4000000e+01  -1.5546155e+01   9.3023825e+01   5.9973456e+01  -6.5131992e-01  -6.0000000e+01  -1.8493919e+01
   2.4000000e+01  -1.6332064e+01   9.8286104e+01   5.4578371e+01  -5.5382571e+00  -6.0000000e+01  -1.1295992e+01
   2.4000000e+01  -1.6898748e+01   1.0334221e+02   4.9616983e+01  -1.0281679e+01  -6.0000000e+01  -5.4803338e+00
   2.4000000e+01  -1.8246829e+01   1.0760437e+02   4.6321741e+01  -1.3411763e+01  -6.0000000e+01  -1.2611531e+00
   2.4000000e+01  -1.8512370e+01   1.1169002e+02   4.3791214e+01  -1.6823225e+01  -6.0000000e+01   2.3895151e+00
   2.4000000e+01  -1.8230523e+01   1.1647588e+02   4.0108204e+01  -2.2459300e+01  -6.0000000e+01   7.8651610e+00
   2.4000000e+01  -2.0113599e+01   1.2124790e+02   3.6854341e+01  -2.5569405e+01  -6.0000000e+01   1.1611385e+01
   2.4000000e+01  -2.0361969e+01   1.2530415e+02   3.5342911e+01  -2.9074147e+01  -6.0000000e+01   1.4513021e+01
   2.4000000e+01  -2.2745592e+01   1.2870575e+02   3.2176048e+01  -2.9618537e+01  -6.0000000e+01   1.7205626e+01
   2.4000000e+01  -2.1929953e+01   1.3131327e+02   2.9503453e+01  -3.2629902e+01  -6.0000000e+01   2.0864105e+01
   2.4000000e+01  -2.2080059e+01   1.3356951e+02   2.7140677e+01  -3.3492309e+01  -6.0000000e+01   2.3249818e+01
   2.4000000e+01  -1.9521899e+01   1.3546656e+02   2.6424889e+01  -3.6216448e+01  -6.0000000e+01   2.6445646e+01
   2.4000000e+01  -1.7192531e+01   1.3813627e+02   2.5788245e+01  -3.8683531e+01  -6.0000000e+01   3.0176733e+01
   2.4000000e+01  -1.7503465e+01   1.4404210e+02   2.1154544e+01  -4.2355610e+01  -6.0000000e+01   3.4584637e+01
   2.4000000e+01  -1.7997953e+01   1.5074298e+02   1.9690911e+01  -4.5984628e+01  -6.0000000e+01   3.7972935e+01
   2.4000000e+01  -1.6388534e+01   1.5611009e+02   1.5874847e+01  -5.1323476e+01  -6.0000000e+01   4.3101760e+01
   2.4000000e+01  -1.5531478e+01   1.6427571e+02   1.2298944e+01  -5.5484728e+01  -6.0000000e+01   4.7134647e+01
   2.4000000e+01  -1.4322695e+01   1.7196653e+02   8.4082813e+00  -5.9387135e+01  -6.0000000e+01   5.2355654e+01
   2.4000000e+01  -9.8647275e+00   1.7738440e+02   5.0703545e+00  -6.2787948e+01  -6.0000000e+01   5.6998274e+01
   2.4000000e+01  -8.3372386e+00   1.8085479e+02   1.4115032e+00  -6.7109351e+01  -6.0000000e+01   6.2300803e+01
   2.4000000e+01  -4.9808561e+00   1.8456641e+02  -2.0418993e+00  -7.0715496e+01  -6.0000000e+01   6.8181691e+01
   2.4000000e+01  -7.6413897e+00   1.8838355e+02  -4.0686541e+00  -7.3153156e+01  -6.0000000e+01   7.0267826e+01
   2.4000000e+01  -9.2260511e+00   1.9027793e+02  -8.8541461e+00  -7.7436699e+01  -6.0000000e+01   7.3000225e+01
   2.4000000e+01  -6.4229507e+00   1.9113790e+02  -9.2924506e+00  -8.3391954e+01  -6.0000000e+01   6.3032556e+01
   2.4000000e+01  -3.8378679e+00   1.8461680e+02  -1.0290991e+01  -8.7498888e+01  -6.0000000e+01   5.1868824e+01
   2.4000000e+01  -7.0224572e+00   1.7889336e+02  -8.9782499e+00  -8.4668586e+01  -6.0000000e+01   4.0477042e+01
   2.4000000e+01  -9.5473724e+00   1.6914923e+02  -6.9008620e+00  -7.9363649e+01  -6.0000000e+01   2.8673934e+01
   2.4000000e+01  -1.5281882e+01   1.5751801e+02  -9.3334049e-01  -7.5097361e+01  -6.0000000e+01   1.8280978e+01
   2.4000000e+01  -2.1353991e+01   1.4575619e+02   6.0834915e+00  -6.8928569e+01  -6.0000000e+01   8.8597928e+00
   2.4000000e+01  -2.3677276e+01   1.3412541e+02   1.4198994e+01  -6.1102333e+01  -6.0000000e+01   2.4774103e-01
   2.4000000e+01  -2.3999934e+01   1.2282365e+02   2.2516142e+01  -5.2054394e+01  -6.0000000e+01  -8.2920643e+00
   2.4000000e+01  -2.3036742e+01   1.1243988e+02   2.9820910e+01  -4.2376857e+01  -6.0000000e+01  -1.6186737e+01
   2.4000000e+01  -1.8849056e+01   1.0457024e+02   3.5772579e+01  -3.2538489e+01  -6.0000000e+01  -2.3533264e+01
   2.4000000e+01  -1.5869943e+01   9.8921833e+01   4.2810601e+01  -2.3364896e+01  -6.0000000e+01  -2.8397297e+01
   2.4000000e+01  -1.4752694e+01   9.5547491e+01   5.1792195e+01  -1.5040405e+01  -6.0000000e+01  -2.9846291e+01
   2.4000000e+01  -1.3897022e+01   9.2905354e+01   6.1905469e+01  -8.8988422e+00  -6.0000000e+01  -2.6338651e+01
   2.4000000e+01  -1.4804188e+01   9.3347783e+01   6.1149145e+01  -5.2704618e+00  -6.0000000e+01  -2.2243281e+01
   2.4000000e+01  -1.6708459e+01   9.7420607e+01   5.6620619e+01  -4.2087266e+00  -6.0000000e+01  -1.5443859e+01
   2.4000000e+01  -1.6819166e+01   1.0268005e+02   5.0875731e+01  -9.1580597e+00  -6.0000000e+01  -8.2336959e+00
   2.4000000e+01  -1.9238500e+01   1.0816758e+02   4.5497864e+01  -1.1943195e+01  -6.0000000e+01  -2.8318304e+00
   2.4000000e+01  -1.9378325e+01   1.1282610e+02   4.1309865e+01  -1.7005557e+01  -6.0000000e+01   2.9063767e+00
   2.4000000e+01  -1.9012642e+01   1.1701158e+02   3.8750414e+01  -2.3500885e+01  -6.0000000e+01   7.9310819e+00
   2.4000000e+01  -1.9363892e+01   1.2141216e+02   3.6392691e+01  -2.7912585e+01  -6.0000000e+01   1.2030497e+01
   2.4000000e+01  -2.2045329e+01   1.2747795e+02   3.2672710e+01  -3.0504574e+01  -6.0000000e+01   1.5458650e+01
   2.4000000e+01  -2.2089531e+01   1.3146720e+02   2.8955007e+01  -3.4702840e+01  -6.0000000e+01   1.9567032e+01
   2.4000000e+01  -2.1678104e+01   1.3445856e+02   2.6500221e+01  -3.5874292e+01  -6.0000000e+01   2.3463101e+01
   2.4000000e+01  -2.0876052e+01   1.3783427e+02   2.5680507e+01  -3.8779241e+01  -6.0000000e+01   2.5467241e+01
   2.4000000e+01  -1.7908396e+01   1.3985859e+02   2.3988243e+01  -4.2172527e+01  -6.0000000e+01   2.8587861e+01
   2.4000000e+01  -1.7053713e+01   1.4580537e+02   2.2103487e+01  -4.5513731e+01  -6.0000000e+01   3.2291120e+01
   2.4000000e+01  -1.6841971e+01   1.5187756e+02   1.9268622e+01  -4.7555479e+01  -6.0000000e+01   3.6108088e+01
   2.4000000e+01  -1.7622789e+01   1.5870691e+02   1.6492936e+01  -5.1812735e+01  -6.0000000e+01   4.0191028e+01
   2.4000000e+01  -1.4561891e+01   1.6498160e+02   1.3850276e+01  -5.5496186e+01  -6.0000000e+01   4.3813582e+01
   2.4000000e+01  -1.0479273e+01   1.7042775e+02   1.0553546e+01  -5.9930659e+01  -6.0000000e+01   5.0558281e+01
   2.4000000e+01  -3.4555507e+00   1.7590815e+02   1.0239196e+01  -6.4887883e+01  -6.0000000e+01   5.6651735e+01
   2.4000000e+01  -6.0909717e+00   1.7961348e+02   4.8908122e+00  -6.9358065e+01  -6.0000000e+01   6.1638730e+01
   2.4000000e+01  -3.3023960e+00   1.8356406e+02   1.1887278e+00  -7.2534408e+01  -6.0000000e+01   6.6631628e+01
   2.4000000e+01  -4.6842696e+00   1.8894974e+02  -2.8041373e+00  -7.1237338e+01  -6.0000000e+01   7.0465166e+01
   2.4000000e+01  -2.1064502e+00   1.9131296e+02  -6.0032392e+00  -7.1567578e+01  -6.0000000e+01   7.7544641e+01
   2.4000000e+01  -5.9535508e-01   1.9216133e+02  -4.8303974e+00  -7.0925739e+01  -6.0000000e+01   8.0007502e+01
   2.4000000e+01  -3.9173199e+00   1.9250477e+02  -5.1076683e+00  -7.0205248e+01  -6.0000000e+01   8.1412961e+01
   2.4000000e+01  -3.9192074e+00   1.9185556e+02  -5.0522210e+00  -6.9416722e+01  -6.0000000e+01   8.1966412e+01
   2.4000000e+01  -8.6167606e+00   1.9141994e+02  -4.7759148e+00  -6.8547184e+01  -6.0000000e+01   8.1255528e+01
   2.4000000e+01  -1.0023563e+01   1.9078899e+02  -4.5325518e+00  -6.7324618e+01  -6.0000000e+01   8.0234098e+01
   2.4000000e+01  -9.8696289e+00   1.9009005e+02  -4.2410139e+00  -6.6256964e+01  -6.0000000e+01   7.7250478e+01
   2.4000000e+01  -1.2319546e+01   1.8723555e+02  -7.5245793e+00  -7.4060637e+01  -6.0000000e+01   6.9702696e+01
   2.4000000e+01  -9.2338354e+00   1.8741213e+02  -1.1431357e+01  -8.1222420e+01  -6.0000000e+01   5.8339185e+01
   2.4000000e+01  -4.6349596e+00   1.8759763e+02  -1.0803195e+01  -8.6773458e+01  -6.0000000e+01   4.6679381e+01
   2.4000000e+01  -3.4764725e+00   1.8488852e+02  -9.1032442e+00  -8.9537807e+01  -6.0000000e+01   3.5452291e+01
   2.4000000e+01  -6.1345226e+00   1.7740083e+02  -5.9019474e+00  -8.8708990e+01  -6.0000000e+01   2.5004979e+01
   2.4000000e+01  -1.1261979e+01   1.6748313e+02  -1.4831956e+00  -8.2569938e+01  -6.0000000e+01   1.4296539e+01
   2.4000000e+01  -1.4849263e+01   1.5592097e+02   7.0467271e+00  -7.5169873e+01  -6.0000000e+01   6.0782073e+00
   2.4000000e+01  -2.0273784e+01   1.4411817e+02   1.6002673e+01  -6.7429605e+01  -6.0000000e+01  -1.9853458e+00
   2.4000000e+01  -2.0953607e+01   1.3256584e+02   2.6331132e+01  -5.8122183e+01  -6.0000000e+01  -8.8368840e+00
   2.4000000e+01  -1.7599363e+01   1.2186239e+02   3.6921590e+01  -4.8355864e+01  -6.0000000e+01  -1.5223273e+01
   2.4000000e+01  -1.5090141e+01   1.1237963e+02   4.7325187e+01  -3.8660829e+01  -6.0000000e+01  -1.9039392e+01
   2.4000000e+01  -1.4398820e+01   1.0553490e+02   5.4099321e+01  -2.8996823e+01  -6.0000000e+01  -2.0648688e+01
   2.4000000e+01  -1.5277639e+01   1.0324293e+02   5.3378222e+01  -2.0393482e+01  -6.0000000e+01  -1.5858229e+01
   2.4000000e+01  -1.8247424e+01   1.0531993e+02   4.8052548e+01  -1.3496365e+01  -6.0000000e+01  -8.4796341e+00
   2.4000000e+01  -2.0083566e+01   1.0837733e+02   4.2824621e+01  -1.2296427e+01  -6.0000000e+01  -1.3291737e+00
   2.4000000e+01  -1.8796464e+01   1.1015205e+02   4.0685930e+01  -1.6021125e+01  -6.0000000e+01   3.8267388e+00
   2.4000000e+01  -2.0328716e+01   1.1566576e+02   3.6697826e+01  -2.0576183e+01  -6.0000000e+01   9.6663452e+00
   2.4000000e+01  -1.9807060e+01   1.2117804e+02   3.3724346e+01  -2.6176454e+01  -6.0000000e+01   1.4767085e+01
   2.4000000e+01  -2.1806876e+01   1.2746417e+02   2.9540218e+01  -3.0453612e+01  -6.0000000e+01   1.8922844e+01
   2.4000000e+01  -2.2244850e+01   1.3201468e+02   2.5639512e+01  -3.3541546e+01  -6.0000000e+01   2.3118677e+01
   2.4000000e+01  -2.2418210e+01   1.3552466e+02   2.3653125e+01  -3.6065516e+01  -6.0000000e+01   2.5627824e+01
   2.4000000e+01  -2.1869166e+01   1.3708300e+02   2.2401831e+01  -3.7782635e+01  -6.0000000e+01   2.8297078e+01
   2.4000000e+01  -1.9732993e+01   1.4051369e+02   2.2450216e+01  -4.1270026e+01  -6.0000000e+01   2.9622815e+01
   2.4000000e+01  -1.6215328e+01   1.4351600e+02   2.1972066e+01  -4.5365643e+01  -6.0000000e+01   3.2877335e+01
   2.4000000e+01  -1.8296501e+01   1.5002521e+02   1.9190658e+01  -4.8819590e+01  -6.0000000e+01   3.5721509e+01
   2.4000000e+01  -1.8538638e+01   1.5610426e+02   1.6726885e+01  -5.2191159e+01  -6.0000000e+01   3.9634619e+01
   2.4000000e+01  -1.7033093e+01   1.6279026e+02   1.4537743e+01  -5.5761165e+01  -6.0000000e+01   4.4551180e+01
   2.4000000e+01  -1.4417082e+01   1.6881238e+02   1.3114893e+01  -5.9590558e+01  -6.0000000e+01   4.7222193e+01
   2.4000000e+01  -9.0105735e+00   1.7351979e+02   1.0669889e+01  -6.3782873e+01  -6.0000000e+01   5.3367304e+01
   2.4000000e+01  -4.9415282e+00   1.7798949e+02   8.7669737e+00  -6.8180929e+01  -6.0000000e+01   5.8613745e+01
   2.4000000e+01  -6.5061210e+00   1.8157694e+02   3.5031847e+00  -7.2489183e+01  -6.0000000e+01   6.3858109e+01
   2.4000000e+01  -7.6645960e+00   1.8484466e+02  -7.2083664e-01  -7.5908037e+01  -6.0000000e+01   6.7421559e+01
   2.4000000e+01  -4.7733435e+00   1.8811562e+02  -1.4271332e+00  -7.6974626e+01  -6.0000000e+01   7.0729806e+01
   2.4000000e+01  -1.1673945e+00   1.8864653e+02  -3.0071883e+00  -7.8049809e+01  -6.0000000e+01   7.4373835e+01
   2.4000000e+01   1.3003118e+00   1.9099641e+02  -3.5073215e+00  -7.8716396e+01  -6.0000000e+01   7.9021033e+01
   2.4000000e+01   1.2203969e+00   1.9242146e+02  -1.8575183e+00  -7.8689376e+01  -6.0000000e+01   8.1319432e+01
   2.4000000e+01   4.4473934e+00   1.9230916e+02  -4.9848893e-01  -7.8531766e+01  -6.0000000e+01   8.1904784e+01
   2.4000000e+01   3.6088477e+00   1.9247092e+02  -8.7960109e-01  -7.8461529e+01  -6.0000000e+01   8.2310532e+01
   2.4000000e+01   1.7135058e+00   1.9008845e+02   7.7302023e-01  -7.7750716e+01  -6.0000000e+01   8.1914865e+01
   2.4000000e+01   7.3000514e+00   1.9127340e+02   2.9711536e+00  -7.6475567e+01  -6.0000000e+01   8.1334425e+01
   2.4000000e+01   1.1280568e+01   1.9069670e+02   5.3589740e+00  -7.5363571e+01  -6.0000000e+01   8.0164010e+01
   2.4000000e+01   6.8100710e+00   1.9255850e+02   2.2301918e+00  -8.0312640e+01  -6.0000000e+01   6.8266618e+01
   2.4000000e+01   4.6869607e+00   1.9386299e+02  -1.6380902e+00  -8.8323613e+01  -6.0000000e+01   5.6558086e+01
   2.4000000e+01   1.7261798e+00   1.9131908e+02  -5.0871245e+00  -9.4648799e+01  -6.0000000e+01   4.5956672e+01
   2.4000000e+01   4.6182011e-01   1.8825932e+02  -6.6505808e+00  -9.5790081e+01  -6.0000000e+01   3.4387380e+01
   2.4000000e+01  -4.2508527e+00   1.8147094e+02  -6.4481207e+00  -9.2430026e+01  -6.0000000e+01   2.3204829e+01
   2.4000000e+01  -7.9029598e+00   1.7122732e+02  -3.0654221e+00  -8.6593946e+01  -6.0000000e+01   1.2569894e+01
   2.4000000e+01  -1.4034244e+01   1.5949462e+02   3.3719665e+00  -8.0158663e+01  -6.0000000e+01   3.5907484e+00
   2.4000000e+01  -1.8466099e+01   1.4742131e+02   1.2009948e+01  -7.2871651e+01  -6.0000000e+01  -4.3347871e+00
   2.4000000e+01  -1.9778237e+01   1.3551162e+02   2.2182158e+01  -6.4331059e+01  -6.0000000e+01  -1.0490447e+01
   2.4000000e+01  -1.7234467e+01   1.2443956e+02   3.2759598e+01  -5.4733157e+01  -6.0000000e+01  -1.8210303e+01
   2.4000000e+01  -1.5829171e+01   1.1476423e+02   4.2721732e+01  -4.5023604e+01  -6.0000000e+01  -2.5647320e+01
   2.4000000e+01  -1.1793468e+01   1.0691974e+02   5.3692270e+01  -3.5308406e+01  -6.0000000e+01  -2.9562675e+01
   2.4000000e+01  -9.9928831e+00   1.0114718e+02   6.4138813e+01  -2.6019018e+01  -6.0000000e+01  -3.1781351e+01
   2.4000000e+01  -1.1540831e+01   9.7879672e+01   6.7707595e+01  -1.6829581e+01  -6.0000000e+01  -3.3151002e+01
   2.4000000e+01  -1.3028328e+01   1.0000824e+02   6.3753974e+01  -1.1640601e+01  -6.0000000e+01  -2.7208913e+01
   2.4000000e+01  -1.2988087e+01   1.0077577e+02   5.9577723e+01  -1.0248762e+01  -6.0000000e+01  -2.0349041e+01
   2.4000000e+01  -1.3838566e+01   1.0493964e+02   5.4244151e+01  -1.2721543e+01  -6.0000000e+01  -1.3475043e+01
   2.4000000e+01  -1.5435964e+01   1.1126220e+02   4.8500522e+01  -1.6019093e+01  -6.0000000e+01  -6.8956893e+00
   2.4000000e+01  -1.4713366e+01   1.1549848e+02   4.4662644e+01  -1.9478224e+01  -6.0000000e+01  -2.0057669e+00
   2.4000000e+01  -1.6436061e+01   1.2200992e+02   3.9976625e+01  -2.3946729e+01  -6.0000000e+01   3.6275077e+00
   2.4000000e+01  -1.6741573e+01   1.2631179e+02   3.7214061e+01  -2.7055217e+01  -6.0000000e+01   6.9869415e+00
   2.4000000e+01  -1.8562765e+01   1.3180521e+02   3.4562779e+01  -3.1054504e+01  -6.0000000e+01   1.0360008e+01
   2.4000000e+01  -1.8935214e+01   1.3513019e+02   3.1969301e+01  -3.3145501e+01  -6.0000000e+01   1.2941664e+01
   2.4000000e+01  -1.8893099e+01   1.3765695e+02   2.8648522e+01  -3.5879193e+01  -6.0000000e+01   1.7608209e+01
   2.4000000e+01  -1.8143594e+01   1.4036627e+02   2.8412007e+01  -3.8782654e+01  -6.0000000e+01   2.0033238e+01
   2.4000000e+01  -1.4538892e+01   1.4228143e+02   2.8025584e+01  -4.1565408e+01  -6.0000000e+01   2.3357175e+01
   2.4000000e+01  -1.5485622e+01   1.4852369e+02   2.4658944e+01  -4.4719641e+01  -6.0000000e+01   2.8205613e+01
   2.4000000e+01  -1.6096502e+01   1.5496995e+02   2.2665309e+01  -4.7697845e+01  -6.0000000e+01   3.1637324e+01
   2.4000000e+01  -1.5834453e+01   1.6146568e+02   1.7884875e+01  -5.1300852e+01  -6.0000000e+01   3.5927241e+01
   2.4000000e+01  -1.6551983e+01   1.6717760e+02   1.5604100e+01  -5.4301601e+01  -6.0000000e+01   3.8205595e+01
   2.4000000e+01  -1.4932351e+01   1.7128622e+02   1.2974692e+01  -5.7906632e+01  -6.0000000e+01   4.3809886e+01
   2.4000000e+01  -1.1878466e+01   1.7474551e+02   1.1243237e+01  -6.0198294e+01  -6.0000000e+01   4.6729714e+01
   2.4000000e+01  -1.1532440e+01   1.7850687e+02   8.4217478e+00  -6.2110790e+01  -6.0000000e+01   5.0727280e+01
   2.4000000e+01  -8.4808709e+00   1.8106843e+02   6.6716757e+00  -6.2941276e+01  -6.0000000e+01   5.4909922e+01
   2.4000000e+01  -1.0350188e+01   1.8394700e+02   3.0518741e+00  -6.3623467e+01  -6.0000000e+01   5.7351796e+01
   2.4000000e+01  -1.1043807e+01   1.8642295e+02  -9.2531276e-02  -6.3854334e+01  -6.0000000e+01   5.9705145e+01
   2.4000000e+01  -1.2152822e+01   1.8976355e+02  -4.5612644e+00  -6.4307840e+01  -6.0000000e+01   6.3820031e+01
   2.4000000e+01  -1.2616691e+01   1.8936687e+02  -5.7592197e+00  -6.4603616e+01  -6.0000000e+01   6.5129054e+01
   2.4000000e+01  -1.2524894e+01   1.8742837e+02  -7.0368302e+00  -7.0040467e+01  -6.0000000e+01   6.1169881e+01
   2.4000000e+01  -1.1977746e+01   1.8608394e+02  -1.3143937e+01  -7.6829988e+01  -6.0000000e+01   4.9826806e+01
   2.4000000e+01  -1.1978502e+01   1.7633812e+02  -1.0312420e+01  -7.5380063e+01  -6.0000000e+01   3.7916206e+01
   2.4000000e+01  -1.5883583e+01   1.6465331e+02  -3.9518103e+00  -7.3065091e+01  -6.0000000e+01   2.6835199e+01
   2.4000000e+01  -2.0355584e+01   1.5272574e+02   4.9271202e+00  -6.7129586e+01  -6.0000000e+01   1.8111249e+01
   2.4000000e+01  -2.5274531e+01   1.4100117e+02   1.4431653e+01  -5.8540434e+01  -6.0000000e+01   1.0638186e+01
   2.4000000e+01  -2.4680164e+01   1.2951048e+02   2.5088925e+01  -4.9019864e+01  -6.0000000e+01   3.9596350e+00
   2.4000000e+01  -2.2507611e+01   1.1843884e+02   3.5128888e+01  -3.9542383e+01  -6.0000000e+01  -3.6242086e+00
   2.4000000e+01  -1.9674884e+01   1.0837537e+02   4.4161313e+01  -2.9930543e+01  -6.0000000e+01  -1.2170108e+01
   2.4000000e+01  -1.5869955e+01   1.0113878e+02   5.0430334e+01  -2.0632701e+01  -6.0000000e+01  -2.0057745e+01
   2.4000000e+01  -1.4061360e+01   9.6084347e+01   5.8535388e+01  -1.3171415e+01  -6.0000000e+01  -2.4170720e+01
   2.4000000e+01  -1.6729966e+01   9.6302184e+01   6.2477852e+01  -7.1483965e+00  -6.0000000e+01  -2.5491396e+01
   2.4000000e+01  -1.7432059e+01   9.7747695e+01   6.0964105e+01  -5.8722389e+00  -6.0000000e+01  -2.3253413e+01
   2.4000000e+01  -1.8763296e+01   1.0272326e+02   5.6362945e+01  -8.2148203e+00  -6.0000000e+01  -1.7671592e+01
   2.4000000e+01  -1.6965929e+01   1.0587536e+02   5.3997196e+01  -1.3505031e+01  -6.0000000e+01  -1.2986872e+01
   2.4000000e+01  -1.6446692e+01   1.1003840e+02   5.0582000e+01  -1.7283527e+01  -6.0000000e+01  -8.5646466e+00
   2.4000000e+01  -1.7300028e+01   1.1465759e+02   4.8494198e+01  -2.0205475e+01  -6.0000000e+01  -4.9185921e+00
   2.4000000e+01  -1.7416033e+01   1.1904686e+02   4.5017412e+01  -2.4904834e+01  -6.0000000e+01   2.6403546e-01
   2.4000000e+01  -1.7552180e+01   1.2279094e+02   4.2537617e+01  -2.7047777e+01  -6.0000000e+01   3.7335159e+00
   2.4000000e+01  -1.8146642e+01   1.2753390e+02   3.8939086e+01  -2.9658910e+01  -6.0000000e+01   7.9299653e+00
   2.4000000e+01  -1.8369781e+01   1.3063956e+02   3.7829231e+01  -3.1951131e+01  -6.0000000e+01   9.6469894e+00
   2.4000000e+01  -1.8306351e+01   1.3343512e+02   3.5632280e+01  -3.4808195e+01  -6.0000000e+01   1.2516393e+01
   2.4000000e+01  -1.5251644e+01   1.3641384e+02   3.4592855e+01  -3.8472111e+01  -6.0000000e+01   1.6370734e+01
   2.4000000e+01  -1.5028629e+01   1.4096038e+02   3.3395209e+01  -4.1713492e+01  -6.0000000e+01   1.9256628e+01
   2.4000000e+01  -1.3190902e+01   1.4373558e+02   3.0303789e+01  -4.4451681e+01  -6.0000000e+01   2.4120307e+01
   2.4000000e+01  -1.1397142e+01   1.4662833e+02   2.7055628e+01  -4.6641260e+01  -6.0000000e+01   2.8299677e+01
   2.4000000e+01  -1.2339781e+01   1.5125033e+02   2.5216620e+01  -4.8014520e+01  -6.0000000e+01   3.2151634e+01
   2.4000000e+01  -1.4211067e+01   1.5893200e+02   2.0723237e+01  -4.9872542e+01  -6.0000000e+01   3.5835086e+01
   2.4000000e+01  -1.0761885e+01   1.6372231e+02   1.7919595e+01  -5.4265087e+01  -6.0000000e+01   4.0595283e+01
   2.4000000e+01  -6.6601331e+00   1.7021379e+02   1.6758830e+01  -5.7526184e+01  -6.0000000e+01   4.4664644e+01
   2.4000000e+01  -7.4342770e+00   1.7627892e+02   1.3008731e+01  -5.9988060e+01  -6.0000000e+01   4.9725083e+01
   2.4000000e+01  -1.0227239e+01   1.8126095e+02   6.8378883e+00  -6.1077612e+01  -6.0000000e+01   5.2421584e+01
   2.4000000e+01  -9.5763129e+00   1.8447061e+02   1.2438045e+00  -6.1876673e+01  -6.0000000e+01   5.5584146e+01
   2.4000000e+01  -9.4549277e+00   1.8832279e+02  -4.2410149e+00  -6.2874319e+01  -6.0000000e+01   5.9076304e+01
   2.4000000e+01  -1.0403877e+01   1.8844667e+02  -7.2004655e+00  -6.6586156e+01  -6.0000000e+01   5.4676372e+01
   2.4000000e+01  -8.1526785e+00   1.8696894e+02  -1.1740239e+01  -7.3738544e+01  -6.0000000e+01   4.9332235e+01
   2.4000000e+01  -9.0619792e+00   1.8510783e+02  -1.4042322e+01  -8.0237138e+01  -6.0000000e+01   3.9777763e+01
   2.4000000e+01  -1.0806759e+01   1.7659988e+02  -1.3027185e+01  -7.8792961e+01  -6.0000000e+01   2.9077535e+01
   2.4000000e+01  -1.4404280e+01   1.6563166e+02  -9.2433515e+00  -7.5367903e+01  -6.0000000e+01   1.7970790e+01
   2.4000000e+01  -1.8447711e+01   1.5371737e+02  -5.4079489e-01  -7.0812546e+01  -6.0000000e+01   1.1655529e+01
   2.4000000e+01  -2.2253666e+01   1.4211543e+02   9.1327378e+00  -6.2332413e+01  -6.0000000e+01   5.3082177e+00
   2.4000000e+01  -2.3349768e+01   1.3086679e+02   1.7446031e+01  -5.3476433e+01  -6.0000000e+01  -2.4751594e+00
   2.4000000e+01  -2.1763944e+01   1.2056235e+02   2.5120709e+01  -4.4044144e+01  -6.0000000e+01  -1.0038199e+01
   2.4000000e+01  -1.9559779e+01   1.1172452e+02   3.1876030e+01  -3.4297932e+01  -6.0000000e+01  -1.7399805e+01
   2.4000000e+01  -1.8637056e+01   1.0470879e+02   3.7442772e+01  -2.4633395e+01  -6.0000000e+01  -2.4124266e+01
   2.4000000e+01  -1.7557986e+01   1.0053169e+02   4.4386651e+01  -1.5361708e+01  -6.0000000e+01  -2.7464540e+01
   2.4000000e+01  -1.7662646e+01   9.7529856e+01   5.1094083e+01  -7.3930907e+00  -6.0000000e+01  -2.9865021e+01
   2.4000000e+01  -1.8882547e+01   9.6675325e+01   5.8870082e+01  -3.2541941e+00  -6.0000000e+01  -2.6359664e+01
   2.4000000e+01  -1.8379718e+01   9.6933520e+01   5.9464033e+01  -2.6659639e+00  -6.0000000e+01  -2.1960929e+01
   2.4000000e+01  -1.9353125e+01   1.0096547e+02   5.4568988e+01  -6.1995602e+00  -6.0000000e+01  -1.4897879e+01
   2.4000000e+01  -1.9506713e+01   1.0516025e+02   5.0197914e+01  -1.0119464e+01  -6.0000000e+01  -9.4821268e+00
   2.4000000e+01  -2.0110775e+01   1.0973005e+02   4.6594403e+01  -1.3604722e+01  -6.0000000e+01  -5.0439758e+00
   2.4000000e+01  -1.9625746e+01   1.1398115e+02   4.2284428e+01  -1.8573684e+01  -6.0000000e+01   1.3649260e+00
   2.4000000e+01  -2.0307512e+01   1.1887869e+02   3.9489001e+01  -2.3039501e+01  -6.0000000e+01   5.8441280e+00
   2.4000000e+01  -2.0994016e+01   1.2177673e+02   3.7945100e+01  -2.5665413e+01  -6.0000000e+01   8.1284242e+00
   2.4000000e+01  -2.2326401e+01   1.2538986e+02   3.4670655e+01  -2.6551296e+01  -6.0000000e+01   1.1474197e+01
   2.4000000e+01  -2.3166820e+01   1.2904801e+02   3.1527474e+01  -2.9524782e+01  -6.0000000e+01   1.5398708e+01
   2.4000000e+01  -2.1301989e+01   1.3326387e+02   3.0334326e+01  -3.4297839e+01  -6.0000000e+01   1.9431554e+01
   2.4000000e+01  -2.1675806e+01   1.3714280e+02   2.8517831e+01  -3.7468892e+01  -6.0000000e+01   2.2124173e+01
   2.4000000e+01  -2.0977289e+01   1.3876817e+02   2.5619808e+01  -3.9122267e+01  -6.0000000e+01   2.5182433e+01
   2.4000000e+01  -1.8549246e+01   1.4164558e+02   2.5391476e+01  -4.2012079e+01  -6.0000000e+01   2.7021048e+01
   2.4000000e+01  -1.5276097e+01   1.4428647e+02   2.5545224e+01  -4.4930125e+01  -6.0000000e+01   2.9465776e+01
   2.4000000e+01  -1.6773102e+01   1.4949342e+02   2.2542191e+01  -4.7581937e+01  -6.0000000e+01   3.1986043e+01
   2.4000000e+01  -1.4749168e+01   1.5242007e+02   2.1832943e+01  -5.0838599e+01  -6.0000000e+01   3.5084387e+01
   2.4000000e+01  -1.5093230e+01   1.5846262e+02   1.9786541e+01  -5.3658068e+01  -6.0000000e+01   4.0201230e+01
   2.4000000e+01  -1.6377145e+01   1.6399366e+02   1.4825541e+01  -5.6435082e+01  -6.0000000e+01   4.3920089e+01
   2.4000000e+01  -1.4135940e+01   1.6977729e+02   1.1290518e+01  -5.8899722e+01  -6.0000000e+01   4.7007987e+01
   2.4000000e+01  -1.1691532e+01   1.7506820e+02   8.2808970e+00  -6.2150677e+01  -6.0000000e+01   5.3078256e+01
   2.4000000e+01  -8.7089953e+00   1.7859037e+02   6.4447919e+00  -6.5206847e+01  -6.0000000e+01   5.7527877e+01
   2.4000000e+01  -8.0631461e+00   1.8253022e+02   2.9602255e+00  -6.6793312e+01  -6.0000000e+01   6.0967789e+01
   2.4000000e+01  -1.1317354e+01   1.8605121e+02  -3.0437705e+00  -6.9371174e+01  -6.0000000e+01   6.4906754e+01
   2.4000000e+01  -1.0204469e+01   1.9006463e+02  -7.1752016e+00  -6.9840781e+01  -6.0000000e+01   6.8047092e+01
   2.4000000e+01  -8.0150050e+00   1.9179845e+02  -8.8859965e+00  -6.9242361e+01  -6.0000000e+01   7.3325195e+01
   2.4000000e+01  -7.9908027e+00   1.9157509e+02  -8.7127500e+00  -6.8663603e+01  -6.0000000e+01   7.5575735e+01
   2.4000000e+01  -1.2325355e+01   1.9028355e+02  -1.0316643e+01  -7.4837111e+01  -6.0000000e+01   7.0514006e+01
   2.4000000e+01  -8.3515960e+00   1.8847002e+02  -9.9498469e+00  -7.8186551e+01  -6.0000000e+01   6.3583029e+01
   2.4000000e+01  -7.1212143e+00   1.7834075e+02  -7.1424635e+00  -8.0654808e+01  -6.0000000e+01   5.8183658e+01
   2.4000000e+01  -9.7141870e+00   1.6873145e+02  -5.6247823e+00  -7.6545481e+01  -6.0000000e+01   4.5998707e+01
   2.4000000e+01  -1.4511559e+01   1.5894165e+02  -5.8727566e+00  -7.1380659e+01  -6.0000000e+01   3.3946621e+01
   2.4000000e+01  -1.7120131e+01   1.4856252e+02  -5.9272546e-01  -6.3922564e+01  -6.0000000e+01   2.2918197e+01
   2.4000000e+01  -2.1376073e+01   1.3807696e+02   6.0856729e+00  -5.5592349e+01  -6.0000000e+01   1.4583454e+01
   2.4000000e+01  -2.0917425e+01   1.2732345e+02   1.4848626e+01  -4.6267508e+01  -6.0000000e+01   5.4838883e+00
   2.4000000e+01  -2.0730910e+01   1.1700939e+02   2.3955368e+01  -3.6556479e+01  -6.0000000e+01  -1.7149618e+00
   2.4000000e+01  -1.7336178e+01   1.0805396e+02   3.2538915e+01  -2.7421058e+01  -6.0000000e+01  -8.6389657e+00
   2.4000000e+01  -1.5972028e+01   1.0039456e+02   4.1597581e+01  -1.9180902e+01  -6.0000000e+01  -1.2686841e+01
   2.4000000e+01  -1.6193758e+01   9.8924531e+01   5.2035917e+01  -1.2606189e+01  -6.0000000e+01  -1.3419591e+01
   2.4000000e+01  -1.6533433e+01   9.9321904e+01   5.4690845e+01  -1.1454389e+01  -6.0000000e+01  -1.1818237e+01
   2.4000000e+01  -1.8239125e+01   1.0338515e+02   5.1129015e+01  -1.2450421e+01  -6.0000000e+01  -7.2668174e+00
   2.4000000e+01  -1.9363482e+01   1.0779870e+02   4.6316554e+01  -1.4106895e+01  -6.0000000e+01  -2.3362029e+00
   2.4000000e+01  -1.8883872e+01   1.1181403e+02   4.2483822e+01  -1.7439526e+01  -6.0000000e+01   2.5324742e+00
   2.4000000e+01  -1.8962823e+01   1.1593665e+02   3.9269239e+01  -2.0606538e+01  -6.0000000e+01   7.1159050e+00
   2.4000000e+01  -1.9801019e+01   1.1984784e+02   3.6690916e+01  -2.3670500e+01  -6.0000000e+01   1.1204754e+01
   2.4000000e+01  -2.0502408e+01   1.2405178e+02   3.4527374e+01  -2.6277571e+01  -6.0000000e+01   1.4713027e+01
   2.4000000e+01  -2.2072532e+01   1.2877747e+02   2.9793127e+01  -2.7162478e+01  -6.0000000e+01   1.8603641e+01
   2.4000000e+01  -2.1145216e+01   1.3269214e+02   2.7644184e+01  -3.2622415e+01  -6.0000000e+01   2.3023183e+01
   2.4000000e+01  -2.1047829e+01   1.3575626e+02   2.5155130e+01  -3.6095362e+01  -6.0000000e+01   2.6854955e+01
   2.4000000e+01  -2.1127492e+01   1.3932850e+02   2.4230197e+01  -3.7837679e+01  -6.0000000e+01   2.8710236e+01
   2.4000000e+01  -1.8747226e+01   1.4316616e+02   2.4061064e+01  -4.0804418e+01  -6.0000000e+01   3.0653862e+01
   2.4000000e+01  -1.6832294e+01   1.4659095e+02   2.2556718e+01  -4.4530198e+01  -6.0000000e+01   3.3797436e+01
   2.4000000e+01  -1.3819337e+01   1.5006336e+02   2.1543181e+01  -4.7191866e+01  -6.0000000e+01   3.6367040e+01
   2.4000000e+01  -1.2836418e+01   1.5443690e+02   2.0752473e+01  -5.0294286e+01  -6.0000000e+01   4.0600937e+01
   2.4000000e+01  -1.4110976e+01   1.5874147e+02   1.7439096e+01  -5.3619380e+01  -6.0000000e+01   4.3917606e+01
   2.4000000e+01  -1.2707559e+01   1.6596070e+02   1.5129114e+01  -5.6678059e+01  -6.0000000e+01   4.7193916e+01
   2.4000000e+01  -1.0705232e+01   1.7328040e+02   1.1471752e+01  -5.9522842e+01  -6.0000000e+01   5.1697252e+01
   2.4000000e+01  -7.0171248e+00   1.7821287e+02   9.2415591e+00  -6.1827904e+01  -6.0000000e+01   5.6593575e+01
   2.4000000e+01  -7.7921626e+00   1.8147821e+02   3.8993161e+00  -6.3822693e+01  -6.0000000e+01   6.0521604e+01
   2.4000000e+01  -8.2551303e+00   1.8338601e+02  -1.8084369e-01  -6.6329106e+01  -6.0000000e+01   6.5237108e+01
   2.4000000e+01  -5.4671572e+00   1.8759688e+02  -4.0245607e+00  -6.5333073e+01  -6.0000000e+01   6.8223364e+01
   2.4000000e+01  -6.3444236e+00   1.9142966e+02  -8.5412095e+00  -6.5405111e+01  -6.0000000e+01   7.1235526e+01
   2.4000000e+01  -9.6847318e+00   1.9112853e+02  -7.8341933e+00  -6.5134535e+01  -6.0000000e+01   7.2401583e+01
   2.4000000e+01  -1.1407281e+01   1.8958179e+02  -6.9139423e+00  -6.7386113e+01  -6.0000000e+01   6.7622284e+01
   2.4000000e+01  -8.8724912e+00   1.8691365e+02  -1.1241129e+01  -7.5790448e+01  -6.0000000e+01   5.8155312e+01
   2.4000000e+01  -1.0275335e+01   1.8454926e+02  -1.1843131e+01  -7.9146947e+01  -6.0000000e+01   4.8726943e+01
   2.4000000e+01  -9.2481994e+00   1.7827409e+02  -1.0723624e+01  -7.8992733e+01  -6.0000000e+01   3.7323005e+01
   2.4000000e+01  -1.2048659e+01   1.6779241e+02  -7.3319742e+00  -7.5954460e+01  -6.0000000e+01   2.5665101e+01
   2.4000000e+01  -1.7755715e+01   1.5614031e+02  -2.6197924e-01  -7.2055783e+01  -6.0000000e+01   1.7655544e+01
   2.4000000e+01  -2.2033618e+01   1.4452699e+02   8.1298514e+00  -6.4541144e+01  -6.0000000e+01   9.6825487e+00
   2.4000000e+01  -2.5132243e+01   1.3331936e+02   1.5718282e+01  -5.5754805e+01  -6.0000000e+01   9.8292550e-01
   2.4000000e+01  -2.3097999e+01   1.2300525e+02   2.3244029e+01  -4.6464184e+01  -6.0000000e+01  -5.6784907e+00
   2.4000000e+01  -2.1418002e+01   1.1392811e+02   2.8893637e+01  -3.6635145e+01  -6.0000000e+01  -1.4227798e+01
   2.4000000e+01  -1.8112567e+01   1.0592335e+02   3.3382712e+01  -2.7126981e+01  -6.0000000e+01  -2.2178173e+01
   2.4000000e+01  -1.7104115e+01   1.0001579e+02   4.0324518e+01  -1.8239973e+01  -6.0000000e+01  -2.7676506e+01
   2.4000000e+01  -1.6925571e+01   9.6326835e+01   4.9120530e+01  -9.8294277e+00  -6.0000000e+01  -3.0252609e+01
   2.4000000e+01  -1.7596433e+01   9.4205987e+01   5.9756431e+01  -5.3567058e+00  -6.0000000e+01  -2.5856601e+01
   2.4000000e+01  -1.7208567e+01   9.3551856e+01   6.2402552e+01  -2.7781962e+00  -6.0000000e+01  -2.2286285e+01
   2.4000000e+01  -1.9210375e+01   9.8162799e+01   5.8083709e+01  -4.9115929e+00  -6.0000000e+01  -1.6543416e+01
   2.4000000e+01  -1.8910322e+01   1.0086899e+02   5.5229460e+01  -8.0415581e+00  -6.0000000e+01  -1.2048849e+01
   2.4000000e+01  -1.9690888e+01   1.0430782e+02   5.0451557e+01  -1.1098307e+01  -6.0000000e+01  -7.1169685e+00
   2.4000000e+01  -2.0504271e+01   1.0911028e+02   4.6855463e+01  -1.4575073e+01  -6.0000000e+01  -3.4760705e+00
   2.4000000e+01  -1.9050525e+01   1.1296237e+02   4.4192008e+01  -2.1284921e+01  -6.0000000e+01   1.4417592e+00
   2.4000000e+01  -1.9777961e+01   1.1832971e+02   4.0968577e+01  -2.6659417e+01  -6.0000000e+01   6.5002468e+00
   2.4000000e+01  -2.0306643e+01   1.2189957e+02   3.9539858e+01  -2.9823879e+01  -6.0000000e+01   8.7786427e+00
   2.4000000e+01  -2.1081165e+01   1.2652129e+02   3.7160062e+01  -3.2493187e+01  -6.0000000e+01   1.2165879e+01
   2.4000000e+01  -2.1405360e+01   1.3056528e+02   3.4424178e+01  -3.5184270e+01  -6.0000000e+01   1.5777053e+01
   2.4000000e+01  -2.2832937e+01   1.3414749e+02   2.9147159e+01  -3.5513363e+01  -6.0000000e+01   1.9939346e+01
   2.4000000e+01  -2.0744142e+01   1.3676894e+02   2.9062522e+01  -3.8095521e+01  -6.0000000e+01   2.2584666e+01
   2.4000000e+01  -1.8459061e+01   1.4035462e+02   2.7320410e+01  -4.1045272e+01  -6.0000000e+01   2.6037841e+01
   2.4000000e+01  -1.6757734e+01   1.4348936e+02   2.3594178e+01  -4.3610640e+01  -6.0000000e+01   3.0593010e+01
   2.4000000e+01  -1.6653970e+01   1.4881747e+02   2.1117365e+01  -4.5298148e+01  -6.0000000e+01   3.2538598e+01
   2.4000000e+01  -1.4477325e+01   1.5331796e+02   1.9233121e+01  -4.8919135e+01  -6.0000000e+01   3.6560741e+01
   2.4000000e+01  -1.4694093e+01   1.5921093e+02   1.7318740e+01  -5.2005002e+01  -6.0000000e+01   3.9356022e+01
   2.4000000e+01  -1.2416692e+01   1.6605757e+02   1.4473577e+01  -5.6214049e+01  -6.0000000e+01   4.2609931e+01
   2.4000000e+01  -1.2050179e+01   1.7259300e+02   1.0831437e+01  -5.8784812e+01  -6.0000000e+01   4.6733809e+01
   2.4000000e+01  -8.9572608e+00   1.7763557e+02   8.4451913e+00  -6.1194272e+01  -6.0000000e+01   5.1353827e+01
   2.4000000e+01  -9.1441008e+00   1.8119358e+02   6.5507779e+00  -6.3364975e+01  -6.0000000e+01   5.5385022e+01
   2.4000000e+01  -1.0835166e+01   1.8433167e+02   2.0723205e+00  -6.4662781e+01  -6.0000000e+01   5.9183271e+01
   2.4000000e+01  -1.1162530e+01   1.8811173e+02  -1.6199483e+00  -6.4893881e+01  -6.0000000e+01   6.1479776e+01
   2.4000000e+01  -1.1893815e+01   1.8950814e+02  -4.4469525e+00  -6.5489739e+01  -6.0000000e+01   6.3554173e+01
   2.4000000e+01  -1.1772135e+01   1.8867084e+02  -5.5110746e+00  -6.7306830e+01  -6.0000000e+01   6.6160313e+01
   2.4000000e+01  -9.7881377e+00   1.8710200e+02  -1.0324349e+01  -7.3895669e+01  -6.0000000e+01   6.0658574e+01
   2.4000000e+01  -9.7710493e+00   1.8469435e+02  -1.0786063e+01  -7.7809436e+01  -6.0000000e+01   5.2562138e+01
   2.4000000e+01  -9.7957356e+00   1.7777725e+02  -1.0667020e+01  -7.3696364e+01  -6.0000000e+01   4.1105939e+01
   2.4000000e+01  -1.1362070e+01   1.6839322e+02  -9.8535528e+00  -6.9485601e+01  -6.0000000e+01   2.9110990e+01
   2.4000000e+01  -1.4878420e+01   1.5787457e+02  -5.4115701e+00  -6.3491254e+01  -6.0000000e+01   1.7326456e+01
   2.4000000e+01  -1.8820634e+01   1.4615532e+02   3.2264307e+00  -5.7882415e+01  -6.0000000e+01   8.1433818e+00
   2.4000000e+01  -2.3445506e+01   1.3468277e+02   1.2289045e+01  -5.0346563e+01  -6.0000000e+01   1.9818805e+00
   2.4000000e+01  -2.1538866e+01   1.2366879e+02   2.1065781e+01  -4.2048447e+01  -6.0000000e+01  -3.3853578e+00
   2.4000000e+01  -1.7821122e+01   1.1382165e+02   3.0381645e+01  -3.2833960e+01  -6.0000000e+01  -1.0953928e+01
   2.4000000e+01  -1.5399842e+01   1.0615685e+02   3.9669660e+01  -2.3724695e+01  -6.0000000e+01  -1.7194754e+01
   2.4000000e+01  -1.6398434e+01   1.0135734e+02   4.9274261e+01  -1.5252414e+01  -6.0000000e+01  -2.0214424e+01
   2.4000000e+01  -1.5047099e+01   9.9730622e+01   5.9573080e+01  -1.0080799e+01  -6.0000000e+01  -1.9621383e+01
   2.4000000e+01  -1.6572620e+01   1.0426938e+02   5.6474688e+01  -1.0749230e+01  -6.0000000e+01  -1.6693695e+01
   2.4000000e+01  -1.5783621e+01   1.0788626e+02   5.2875369e+01  -1.4817173e+01  -6.0000000e+01  -1.2051844e+01
   2.4000000e+01  -1.6575965e+01   1.1217600e+02   4.9310366e+01  -1.6890764e+01  -6.0000000e+01  -7.3051068e+00
   2.4000000e+01  -1.5703507e+01   1.1423192e+02   4.6971998e+01  -1.9617735e+01  -6.0000000e+01  -2.6945814e+00
   2.4000000e+01  -1.6516037e+01   1.1826106e+02   4.3484653e+01  -2.1990822e+01  -6.0000000e+01   1.8733148e+00
   2.4000000e+01  -1.6791393e+01   1.2079123e+02   4.1125122e+01  -2.3491828e+01  -6.0000000e+01   4.8909242e+00
   2.4000000e+01  -1.8579897e+01   1.2560908e+02   3.6809935e+01  -2.4526275e+01  -6.0000000e+01   8.4805576e+00
   2.4000000e+01  -1.8683471e+01   1.2919047e+02   3.5439550e+01  -2.8094953e+01  -6.0000000e+01   1.1132015e+01
   2.4000000e+01  -1.9181267e+01   1.3392801e+02   3.1662800e+01  -3.1295962e+01  -6.0000000e+01   1.5989877e+01
   2.4000000e+01  -1.6987693e+01   1.3600625e+02   3.1440932e+01  -3.4228578e+01  -6.0000000e+01   1.8863146e+01
   2.4000000e+01  -1.8362811e+01   1.3996335e+02   2.9166860e+01  -3.5379811e+01  -6.0000000e+01   2.1576030e+01
   2.4000000e+01  -1.7226137e+01   1.4399692e+02   2.5951060e+01  -3.8913595e+01  -6.0000000e+01   2.5633046e+01
   2.4000000e+01  -1.4520275e+01   1.4799735e+02   2.3461081e+01  -4.2136198e+01  -6.0000000e+01   2.9594399e+01
   2.4000000e+01  -1.2030410e+01   1.5056594e+02   2.4212712e+01  -4.4621981e+01  -6.0000000e+01   3.2341685e+01
   2.4000000e+01  -1.2975484e+01   1.5418925e+02   2.2722101e+01  -4.6858957e+01  -6.0000000e+01   3.5994094e+01
   2.4000000e+01  -1.0035431e+01   1.5736719e+02   2.0986686e+01  -4.9807012e+01  -6.0000000e+01   3.9085667e+01
   2.4000000e+01  -8.1353846e+00   1.6320859e+02   2.0112785e+01  -5.3117726e+01  -6.0000000e+01   4.2298567e+01
   2.4000000e+01  -4.3636309e+00   1.6964925e+02   1.8915928e+01  -5.7753385e+01  -6.0000000e+01   4.6566112e+01
   2.4000000e+01  -4.4804138e+00   1.7430385e+02   1.5829913e+01  -6.1793827e+01  -6.0000000e+01   5.1438504e+01
   2.4000000e+01  -6.1548339e+00   1.7986239e+02   1.1932878e+01  -6.1811913e+01  -6.0000000e+01   5.3744334e+01
   2.4000000e+01  -9.0936079e+00   1.8267101e+02   5.6257673e+00  -6.3024032e+01  -6.0000000e+01   5.7527327e+01
   2.4000000e+01  -9.8600846e+00   1.8490054e+02  -2.2293244e+00  -6.4325418e+01  -6.0000000e+01   6.2805564e+01
   2.4000000e+01  -7.0313546e+00   1.8942339e+02  -7.5996246e+00  -6.3907253e+01  -6.0000000e+01   6.4877835e+01
   2.4000000e+01  -8.7403016e+00   1.9035276e+02  -6.9511886e+00  -6.3995698e+01  -6.0000000e+01   6.5887236e+01
   2.4000000e+01  -1.1029600e+01   1.8866854e+02  -6.0941285e+00  -6.7176514e+01  -6.0000000e+01   6.0435206e+01
   2.4000000e+01  -9.6412505e+00   1.8607684e+02  -8.7949957e+00  -7.4050326e+01  -6.0000000e+01   5.2728597e+01
   2.4000000e+01  -1.2075934e+01   1.8188256e+02  -8.2313959e+00  -7.3935455e+01  -6.0000000e+01   4.1796632e+01
   2.4000000e+01  -1.2121780e+01   1.7096757e+02  -4.8170444e+00  -7.1339209e+01  -6.0000000e+01   3.0884757e+01
   2.4000000e+01  -1.5270733e+01   1.5911039e+02   2.5184631e+00  -6.6621354e+01  -6.0000000e+01   2.4080789e+01
   2.4000000e+01  -2.0150085e+01   1.4710902e+02   1.0068403e+01  -6.0062896e+01  -6.0000000e+01   1.5700201e+01
   2.4000000e+01  -2.3793119e+01   1.3595814e+02   1.6066916e+01  -5.1368592e+01  -6.0000000e+01   1.0166365e+01
   2.4000000e+01  -2.3221899e+01   1.2502888e+02   2.3632641e+01  -4.2226791e+01  -6.0000000e+01   2.5576248e+00
   2.4000000e+01  -2.2224428e+01   1.1697382e+02   2.7487357e+01  -3.2534031e+01  -6.0000000e+01  -2.5085080e+00
   2.4000000e+01  -2.0890766e+01   1.0937039e+02   3.1533691e+01  -2.3616116e+01  -6.0000000e+01  -8.2029165e+00
   2.4000000e+01  -1.7574805e+01   1.0251310e+02   3.6750513e+01  -1.7624236e+01  -6.0000000e+01  -1.3678994e+01
   2.4000000e+01  -1.7549234e+01   9.8845916e+01   4.0203674e+01  -1.1389792e+01  -6.0000000e+01  -1.7646094e+01
   2.4000000e+01  -1.6241479e+01   9.6901571e+01   4.5753714e+01  -8.6136362e+00  -6.0000000e+01  -2.0265254e+01
   2.4000000e+01  -1.7948500e+01   1.0000893e+02   5.4056060e+01  -9.3712904e+00  -6.0000000e+01  -1.8527973e+01
   2.4000000e+01  -1.8804649e+01   1.0349060e+02   5.4727993e+01  -1.0718824e+01  -6.0000000e+01  -1.4879335e+01
   2.4000000e+01  -1.9180342e+01   1.0700581e+02   5.1724595e+01  -1.3634010e+01  -6.0000000e+01  -1.1092827e+01
   2.4000000e+01  -1.6800769e+01   1.1012634e+02   4.8648185e+01  -1.9292039e+01  -6.0000000e+01  -6.1670364e+00
   2.4000000e+01  -1.8749557e+01   1.1521962e+02   4.4683227e+01  -2.2541758e+01  -6.0000000e+01  -9.9818365e-01
   2.4000000e+01  -1.8907810e+01   1.1944557e+02   4.1711998e+01  -2.5681694e+01  -6.0000000e+01   3.5800282e+00
   2.4000000e+01  -1.9321392e+01   1.2204981e+02   3.9444429e+01  -2.7676879e+01  -6.0000000e+01   6.7783454e+00
   2.4000000e+01  -2.1485061e+01   1.2570299e+02   3.5848662e+01  -2.9512440e+01  -6.0000000e+01   1.0595711e+01
   2.4000000e+01  -2.2586965e+01   1.2912469e+02   3.2991565e+01  -3.0754257e+01  -6.0000000e+01   1.3440938e+01
   2.4000000e+01  -2.2793365e+01   1.3064410e+02   3.1574364e+01  -3.2179992e+01  -6.0000000e+01   1.5411619e+01
   2.4000000e+01  -2.3274828e+01   1.3415498e+02   2.9571113e+01  -3.4211897e+01  -6.0000000e+01   1.8685738e+01
   2.4000000e+01  -2.2673558e+01   1.3651044e+02   2.9283975e+01  -3.7553923e+01  -6.0000000e+01   2.1487692e+01
   2.4000000e+01  -2.2196361e+01   1.3764732e+02   2.7508354e+01  -3.8709016e+01  -6.0000000e+01   2.4654586e+01
   2.4000000e+01  -2.2425786e+01   1.3932493e+02   2.6943938e+01  -3.8909422e+01  -6.0000000e+01   2.5520599e+01
   2.4000000e+01  -2.1015580e+01   1.4076449e+02   2.5048579e+01  -4.0779082e+01  -6.0000000e+01   2.9102886e+01
   2.4000000e+01  -2.1285124e+01   1.4368391e+02   2.1987022e+01  -4.2823835e+01  -6.0000000e+01   3.2678633e+01
   2.4000000e+01  -1.9312428e+01   1.4634987e+02   1.9517270e+01  -4.4970953e+01  -6.0000000e+01   3.5184355e+01
   2.4000000e+01  -1.6689413e+01   1.5120904e+02   1.9738063e+01  -4.8237083e+01  -6.0000000e+01   3.7780737e+01
   2.4000000e+01  -1.5584478e+01   1.5421665e+02   1.9682984e+01  -5.0599337e+01  -6.0000000e+01   3.9884832e+01
   2.4000000e+01  -1.5090230e+01   1.5801404e+02   1.7817159e+01  -5.3979646e+01  -6.0000000e+01   4.4079666e+01
   2.4000000e+01  -1.3359924e+01   1.6328683e+02   1.3051911e+01  -5.6100279e+01  -6.0000000e+01   4.7587538e+01
   2.4000000e+01  -1.2688062e+01   1.6897205e+02   9.5025967e+00  -5.8741969e+01  -6.0000000e+01   4.9573664e+01
   2.4000000e+01  -8.5988949e+00   1.7415938e+02   8.2687024e+00  -6.1769500e+01  -6.0000000e+01   5.4690904e+01
   2.4000000e+01  -8.0990772e+00   1.7909450e+02   5.3668424e+00  -6.4205423e+01  -6.0000000e+01   5.9880131e+01
   2.4000000e+01  -1.1703340e+01   1.8166081e+02  -3.3268100e-01  -6.7797324e+01  -6.0000000e+01   6.4194974e+01
   2.4000000e+01  -7.0615210e+00   1.8532196e+02  -4.3463164e+00  -6.7429784e+01  -6.0000000e+01   6.6462958e+01
   2.4000000e+01  -7.5689008e+00   1.8987442e+02  -8.9417881e+00  -6.7523959e+01  -6.0000000e+01   7.1156591e+01
   2.4000000e+01  -4.8904235e+00   1.9292488e+02  -8.8475432e+00  -6.4357556e+01  -6.0000000e+01   7.2849511e+01
   2.4000000e+01  -3.1309911e+00   1.9271405e+02  -8.8944956e+00  -6.3350027e+01  -6.0000000e+01   7.7318211e+01
   2.4000000e+01  -7.1055051e+00   1.9327760e+02  -6.7211326e+00  -6.1782498e+01  -6.0000000e+01   7.7754607e+01
   2.4000000e+01  -7.8736234e+00   1.9299300e+02  -5.9590604e+00  -6.0343753e+01  -6.0000000e+01   7.7943765e+01
   2.4000000e+01  -8.0350617e+00   1.9105802e+02  -5.4925955e+00  -6.0178260e+01  -6.0000000e+01   7.8332361e+01
   2.4000000e+01  -1.1810940e+01   1.8988481e+02  -4.9091645e+00  -6.0215659e+01  -6.0000000e+01   7.5076150e+01
   2.4000000e+01  -1.3218917e+01   1.8390442e+02  -1.1157266e+01  -6.9443045e+01  -6.0000000e+01   6.4641489e+01
   2.4000000e+01  -1.2586971e+01   1.7777233e+02  -1.4000555e+01  -7.5416813e+01  -6.0000000e+01   5.3144427e+01
   2.4000000e+01  -1.2471178e+01   1.7566398e+02  -1.4744187e+01  -7.2138695e+01  -6.0000000e+01   4.1179388e+01
   2.4000000e+01  -1.2357125e+01   1.6634179e+02  -1.0395890e+01  -6.6707851e+01  -6.0000000e+01   2.9327512e+01
   2.4000000e+01  -1.3808207e+01   1.5502040e+02  -1.6952704e+00  -6.1528161e+01  -6.0000000e+01   1.8234817e+01
   2.4000000e+01  -1.9005303e+01   1.4345885e+02   7.7126910e+00  -5.5127639e+01  -6.0000000e+01   8.8725159e+00
   2.4000000e+01  -1.9132160e+01   1.3254551e+02   1.7046054e+01  -4.6667849e+01  -6.0000000e+01  -1.4094666e+00
   2.4000000e+01  -1.7705956e+01   1.2264657e+02   2.5783343e+01  -3.7910895e+01  -6.0000000e+01  -9.9337092e+00
   2.4000000e+01  -1.5246152e+01   1.1295881e+02   3.5203662e+01  -2.9286343e+01  -6.0000000e+01  -1.7329146e+01
   2.4000000e+01  -1.2944749e+01   1.0515320e+02   4.5007485e+01  -2.0586952e+01  -6.0000000e+01  -2.3354711e+01
   2.4000000e+01  -1.2929186e+01   9.9799429e+01   5.5784555e+01  -1.2361047e+01  -6.0000000e+01  -2.5176339e+01
   2.4000000e+01  -1.4541711e+01   9.6436176e+01   6.3294832e+01  -5.3516261e+00  -6.0000000e+01  -2.5277332e+01
   2.4000000e+01  -1.4021255e+01   9.8010760e+01   6.1218706e+01  -4.7031856e+00  -6.0000000e+01  -2.1599093e+01
   2.4000000e+01  -1.4946386e+01   1.0198446e+02   5.5796826e+01  -7.7405059e+00  -6.0000000e+01  -1.5414331e+01
   2.4000000e+01  -1.6095737e+01   1.0877331e+02   4.9725181e+01  -1.2540700e+01  -6.0000000e+01  -9.0524992e+00
   2.4000000e+01  -1.5457959e+01   1.1463459e+02   4.5288467e+01  -1.9312584e+01  -6.0000000e+01  -2.4609743e+00
   2.4000000e+01  -1.6988812e+01   1.2082569e+02   4.0835379e+01  -2.4577423e+01  -6.0000000e+01   3.3932623e+00
   2.4000000e+01  -1.4661092e+01   1.2518615e+02   3.9351004e+01  -2.9483968e+01  -6.0000000e+01   7.7878725e+00
   2.4000000e+01  -1.9599058e+01   1.3211732e+02   3.2184839e+01  -2.9695609e+01  -6.0000000e+01   1.1905957e+01
   2.4000000e+01  -1.8925361e+01   1.3738298e+02   2.8996848e+01  -3.3701711e+01  -6.0000000e+01   1.7063309e+01
   2.4000000e+01  -1.5220934e+01   1.3967052e+02   2.8158803e+01  -3.8025031e+01  -6.0000000e+01   2.0846211e+01
   2.4000000e+01  -1.3953531e+01   1.4635679e+02   2.6564473e+01  -4.2566818e+01  -6.0000000e+01   2.5450929e+01
   2.4000000e+01  -1.1486300e+01   1.5106408e+02   2.4198198e+01  -4.6858976e+01  -6.0000000e+01   2.9579931e+01
   2.4000000e+01  -1.4176243e+01   1.5650730e+02   1.9563763e+01  -4.7879162e+01  -6.0000000e+01   3.3496755e+01
   2.4000000e+01  -1.3332654e+01   1.6132384e+02   1.8255626e+01  -5.0588266e+01  -6.0000000e+01   3.6620027e+01
   2.4000000e+01  -8.8934326e+00   1.6786384e+02   1.7662701e+01  -5.5498842e+01  -6.0000000e+01   4.0743905e+01
   2.4000000e+01  -9.2453578e+00   1.7403626e+02   1.2869781e+01  -5.8018604e+01  -6.0000000e+01   4.6036061e+01
   2.4000000e+01  -6.4156638e+00   1.7705641e+02   1.0389077e+01  -6.0971615e+01  -6.0000000e+01   5.1823225e+01
   2.4000000e+01  -9.4145646e+00   1.8035411e+02   5.2430436e+00  -6.1449624e+01  -6.0000000e+01   5.6069125e+01
   2.4000000e+01  -7.9995955e+00   1.8387905e+02   6.2032697e-01  -6.2639959e+01  -6.0000000e+01   6.1137947e+01
   2.4000000e+01  -6.1822504e+00   1.8654643e+02  -3.2958344e+00  -6.4152268e+01  -6.0000000e+01   6.6614782e+01
   2.4000000e+01  -4.9737596e+00   1.8924188e+02  -8.4568437e+00  -6.6049484e+01  -6.0000000e+01   7.0596378e+01
   2.4000000e+01  -5.8040557e+00   1.9153552e+02  -1.1875134e+01  -6.7647626e+01  -6.0000000e+01   7.5371672e+01
   2.4000000e+01  -4.0301943e+00   1.9293079e+02  -1.2585644e+01  -6.7682346e+01  -6.0000000e+01   7.6996771e+01
   2.4000000e+01  -6.6351960e+00   1.9140180e+02  -1.1551043e+01  -6.7004983e+01  -6.0000000e+01   7.7537562e+01
   2.4000000e+01  -9.4825574e+00   1.9111444e+02  -9.3985029e+00  -6.5557590e+01  -6.0000000e+01   7.4734630e+01
   2.4000000e+01  -1.2358769e+01   1.8909405e+02  -8.5131473e+00  -6.6645566e+01  -6.0000000e+01   6.8095609e+01
   2.4000000e+01  -1.0769799e+01   1.8667850e+02  -1.2097518e+01  -7.3455299e+01  -6.0000000e+01   5.6625083e+01
   2.4000000e+01  -1.1373268e+01   1.8552028e+02  -9.7426881e+00  -7.6381189e+01  -6.0000000e+01   4.5629808e+01
   2.4000000e+01  -1.1504335e+01   1.7435863e+02  -6.7662459e+00  -7.5647939e+01  -6.0000000e+01   3.4125849e+01
   2.4000000e+01  -1.6294242e+01   1.6233476e+02   1.7404644e+00  -7.2635029e+01  -6.0000000e+01   2.5232074e+01
   2.4000000e+01  -2.2558687e+01   1.5028375e+02   9.7429890e+00  -6.6773018e+01  -6.0000000e+01   1.8006913e+01
   2.4000000e+01  -2.3975856e+01   1.3825701e+02   1.9952618e+01  -5.8160089e+01  -6.0000000e+01   9.9736223e+00
   2.4000000e+01  -2.3916849e+01   1.2723027e+02   2.7297721e+01  -4.8690483e+01  -6.0000000e+01   1.7792955e+00
   2.4000000e+01  -2.2107341e+01   1.1707141e+02   3.2789618e+01  -3.9199456e+01  -6.0000000e+01  -5.7632808e+00
   2.4000000e+01  -2.0066594e+01   1.0974505e+02   3.7117955e+01  -2.9427594e+01  -6.0000000e+01  -1.3544252e+01
   2.4000000e+01  -1.8007080e+01   1.0384469e+02   4.0305595e+01  -2.0228939e+01  -6.0000000e+01  -2.0684348e+01
   2.4000000e+01  -1.5410706e+01   9.7613277e+01   4.6148386e+01  -1.2229163e+01  -6.0000000e+01  -2.5311958e+01
   2.4000000e+01  -1.4377565e+01   9.4215739e+01   5.4152315e+01  -4.9181922e+00  -6.0000000e+01  -2.7904402e+01
   2.4000000e+01  -1.5633558e+01   9.2908567e+01   6.2763360e+01  -1.4301290e+00  -6.0000000e+01  -2.6117314e+01
   2.4000000e+01  -1.5382909e+01   9.3739319e+01   6.2817217e+01  -1.1542705e+00  -6.0000000e+01  -2.4479010e+01
   2.4000000e+01  -1.5234373e+01   9.8016173e+01   5.8402845e+01  -6.5833510e+00  -6.0000000e+01  -1.8943174e+01
   2.4000000e+01  -1.7344609e+01   1.0287508e+02   5.2972171e+01  -1.0191323e+01  -6.0000000e+01  -1.3114991e+01
   2.4000000e+01  -1.7371639e+01   1.0841658e+02   4.8342312e+01  -1.6284478e+01  -6.0000000e+01  -7.2703674e+00
   2.4000000e+01  -1.7790471e+01   1.1260156e+02   4.4403617e+01  -1.9996701e+01  -6.0000000e+01  -3.0947056e+00
   2.4000000e+01  -1.7774663e+01   1.1681841e+02   4.2150164e+01  -2.4396859e+01  -6.0000000e+01   1.1648494e+00
   2.4000000e+01  -1.8739639e+01   1.2084370e+02   4.0978837e+01  -2.7283185e+01  -6.0000000e+01   3.9932149e+00
   2.4000000e+01  -1.9661032e+01   1.2401120e+02   3.8034486e+01  -2.8837896e+01  -6.0000000e+01   7.3747783e+00
   2.4000000e+01  -2.0197301e+01   1.2671893e+02   3.6870608e+01  -3.1091149e+01  -6.0000000e+01   9.8312809e+00
   2.4000000e+01  -2.0619188e+01   1.2971977e+02   3.4587803e+01  -3.3745393e+01  -6.0000000e+01   1.4049950e+01
   2.4000000e+01  -2.1381907e+01   1.3162666e+02   3.1757563e+01  -3.5096064e+01  -6.0000000e+01   1.7632938e+01
   2.4000000e+01  -2.2127167e+01   1.3497968e+02   2.9339911e+01  -3.5960122e+01  -6.0000000e+01   1.9935260e+01
   2.4000000e+01  -1.9155591e+01   1.3376337e+02   3.0398840e+01  -3.8126139e+01  -6.0000000e+01   2.1581739e+01
   2.4000000e+01  -1.8326892e+01   1.3485568e+02   2.9697083e+01  -4.0129278e+01  -6.0000000e+01   2.3190678e+01
   2.4000000e+01  -1.6516438e+01   1.3578926e+02   3.0834693e+01  -4.1702349e+01  -6.0000000e+01   2.4150001e+01
   2.4000000e+01  -1.6828033e+01   1.3946091e+02   2.8368685e+01  -4.3434327e+01  -6.0000000e+01   2.6373047e+01
   2.4000000e+01  -1.6408883e+01   1.4418552e+02   2.5342690e+01  -4.5138545e+01  -6.0000000e+01   2.9993769e+01
   2.4000000e+01  -1.4332792e+01   1.4842836e+02   2.3761324e+01  -4.8205027e+01  -6.0000000e+01   3.2525508e+01
   2.4000000e+01  -1.4553350e+01   1.5353014e+02   1.8364553e+01  -5.2073209e+01  -6.0000000e+01   3.7144803e+01
   2.4000000e+01  -1.7039381e+01   1.5995086e+02   1.4594335e+01  -5.5193667e+01  -6.0000000e+01   4.1130572e+01
   2.4000000e+01  -1.4507128e+01   1.6482212e+02   1.1976315e+01  -5.8462208e+01  -6.0000000e+01   4.6527710e+01
   2.4000000e+01  -1.2835290e+01   1.7059230e+02   8.8454669e+00  -6.2832607e+01  -6.0000000e+01   5.1321512e+01
   2.4000000e+01  -9.4471093e+00   1.7657040e+02   7.0841791e+00  -6.5774539e+01  -6.0000000e+01   5.4412119e+01
   2.4000000e+01  -9.6254921e+00   1.7941114e+02   5.0055982e+00  -6.7688272e+01  -6.0000000e+01   5.8221814e+01
   2.4000000e+01  -9.7598564e+00   1.8274494e+02   1.8471130e+00  -6.9835213e+01  -6.0000000e+01   6.2193418e+01
   2.4000000e+01  -1.0332350e+01   1.8525217e+02  -2.6160443e+00  -7.2228156e+01  -6.0000000e+01   6.6393049e+01
   2.4000000e+01  -7.4281452e+00   1.8926081e+02  -5.2830476e+00  -7.0273925e+01  -6.0000000e+01   6.8148490e+01
   2.4000000e+01  -7.4988860e+00   1.9063210e+02  -6.0089568e+00  -6.9023923e+01  -6.0000000e+01   7.1353532e+01
   2.4000000e+01  -9.6624474e+00   1.9013701e+02  -6.4737678e+00  -6.7898377e+01  -6.0000000e+01   7.3464583e+01
   2.4000000e+01  -1.2567297e+01   1.9135599e+02  -5.9931926e+00  -6.6458402e+01  -6.0000000e+01   7.4562311e+01
   2.4000000e+01  -1.4283318e+01   1.9080996e+02  -5.5698770e+00  -6.5102437e+01  -6.0000000e+01   7.4825775e+01
   2.4000000e+01  -1.2204395e+01   1.8974451e+02  -5.6260179e+00  -6.5373283e+01  -6.0000000e+01   7.4608563e+01
   2.4000000e+01  -1.0725308e+01   1.9027543e+02  -9.3186687e+00  -7.0749440e+01  -6.0000000e+01   6.7869809e+01
   2.4000000e+01  -1.3016650e+01   1.8779762e+02  -1.1233675e+01  -7.8420568e+01  -6.0000000e+01   6.6331799e+01
   2.4000000e+01  -1.0377306e+01   1.7687446e+02  -5.7031625e+00  -7.7514969e+01  -6.0000000e+01   5.9632989e+01
   2.4000000e+01  -1.2064965e+01   1.6533415e+02   2.1830331e-01  -7.3138218e+01  -6.0000000e+01   4.8914925e+01
   2.4000000e+01  -1.5377796e+01   1.5468577e+02   2.5234537e+00  -6.6346652e+01  -6.0000000e+01   3.8516325e+01
   2.4000000e+01  -1.7090498e+01   1.4477106e+02   3.1614409e+00  -5.8015389e+01  -6.0000000e+01   2.7654455e+01
   2.4000000e+01  -1.9210892e+01   1.3549251e+02   3.9394579e+00  -4.9425740e+01  -6.0000000e+01   1.7088530e+01
   2.4000000e+01  -2.1925238e+01   1.2742671e+02   5.4013508e+00  -4.0680133e+01  -6.0000000e+01   9.0011956e+00
   2.4000000e+01  -2.4033454e+01   1.2012092e+02   8.6485512e+00  -3.1257273e+01  -6.0000000e+01   1.0994491e+00
   2.4000000e+01  -2.2190218e+01   1.1177847e+02   1.7444955e+01  -2.2579813e+01  -6.0000000e+01  -5.8397726e+00
   2.4000000e+01  -2.0991694e+01   1.0322774e+02   2.7610899e+01  -1.4208041e+01  -6.0000000e+01  -1.0760529e+01
   2.4000000e+01  -1.7366376e+01   9.8827405e+01   3.8307465e+01  -8.5508383e+00  -6.0000000e+01  -1.4298364e+01
   2.4000000e+01  -1.7477241e+01   9.7441050e+01   4.9532637e+01  -6.1234698e+00  -6.0000000e+01  -1.4611374e+01
   2.4000000e+01  -1.6598332e+01   9.5782162e+01   5.6472873e+01  -5.6957768e+00  -6.0000000e+01  -1.4320130e+01
   2.4000000e+01  -1.7830063e+01   1.0094497e+02   5.2821729e+01  -8.7774097e+00  -6.0000000e+01  -1.0068569e+01
   2.4000000e+01  -1.8561976e+01   1.0638992e+02   4.6708840e+01  -1.2258587e+01  -6.0000000e+01  -4.3328689e+00
   2.4000000e+01  -1.6886800e+01   1.1043464e+02   4.3377105e+01  -1.8358027e+01  -6.0000000e+01   9.4110295e-01
   2.4000000e+01  -1.7334492e+01   1.1450195e+02   4.0991449e+01  -2.0562941e+01  -6.0000000e+01   4.6558844e+00
   2.4000000e+01  -1.7792816e+01   1.2003314e+02   3.7433328e+01  -2.3710843e+01  -6.0000000e+01   9.4562569e+00
   2.4000000e+01  -2.0667784e+01   1.2618248e+02   3.2748062e+01  -2.7140677e+01  -6.0000000e+01   1.4374135e+01
   2.4000000e+01  -2.2000659e+01   1.3226302e+02   2.8077243e+01  -2.9352435e+01  -6.0000000e+01   1.8598065e+01
   2.4000000e+01  -2.2897456e+01   1.3599681e+02   2.4942582e+01  -3.0902506e+01  -6.0000000e+01   2.1539506e+01
   2.4000000e+01  -1.9609814e+01   1.3956066e+02   2.4723653e+01  -3.6515296e+01  -6.0000000e+01   2.5167006e+01
   2.4000000e+01  -1.8608229e+01   1.4598309e+02   2.1078648e+01  -4.1142457e+01  -6.0000000e+01   3.0218675e+01
   2.4000000e+01  -1.6151134e+01   1.5100199e+02   2.0259003e+01  -4.4913013e+01  -6.0000000e+01   3.2577914e+01
   2.4000000e+01  -1.6715985e+01   1.5932550e+02   1.4783021e+01  -4.9342029e+01  -6.0000000e+01   3.8869450e+01
   2.4000000e+01  -1.3799500e+01   1.6619688e+02   1.3542444e+01  -5.3624089e+01  -6.0000000e+01   4.3057569e+01
   2.4000000e+01  -9.0186905e+00   1.7349673e+02   1.2866216e+01  -5.7370151e+01  -6.0000000e+01   4.8111340e+01
   2.4000000e+01  -7.9237529e+00   1.7703448e+02   9.4872982e+00  -6.0883985e+01  -6.0000000e+01   5.3796904e+01
   2.4000000e+01  -8.3155054e+00   1.7959633e+02   2.9936104e+00  -6.4325417e+01  -6.0000000e+01   6.0082439e+01
   2.4000000e+01  -4.4904792e+00   1.8303987e+02   1.2226379e+00  -6.6557718e+01  -6.0000000e+01   6.6996315e+01
   2.4000000e+01  -7.6718667e-01   1.8658153e+02   4.7623194e-01  -6.7203434e+01  -6.0000000e+01   7.0908483e+01
   2.4000000e+01  -7.8986242e-01   1.9053886e+02  -1.9628840e+00  -6.5215137e+01  -6.0000000e+01   7.3019558e+01
   2.4000000e+01   1.3942910e+00   1.9170119e+02  -2.9821340e+00  -6.4257955e+01  -6.0000000e+01   7.7871842e+01
   2.4000000e+01  -9.7223548e-03   1.9259585e+02  -3.8319464e+00  -6.2240207e+01  -6.0000000e+01   7.8113317e+01
   2.4000000e+01  -2.1674221e+00   1.9221084e+02  -4.0184877e+00  -6.0517743e+01  -6.0000000e+01   7.8273238e+01
   2.4000000e+01  -7.1895652e+00   1.9246758e+02  -5.6164673e+00  -6.0157194e+01  -6.0000000e+01   7.9064778e+01
   2.4000000e+01  -1.0558451e+01   1.9326082e+02  -8.2723806e+00  -5.9365984e+01  -6.0000000e+01   7.5525866e+01
   2.4000000e+01  -1.0945644e+01   1.9122033e+02  -7.8054327e+00  -6.3573246e+01  -6.0000000e+01   7.0132252e+01
   2.4000000e+01  -9.4245603e+00   1.8849916e+02  -1.1749395e+01  -7.1054012e+01  -6.0000000e+01   5.8715523e+01
   2.4000000e+01  -1.0438434e+01   1.8237477e+02  -1.2863800e+01  -7.7017998e+01  -6.0000000e+01   4.7662750e+01
   2.4000000e+01  -1.2402215e+01   1.7338669e+02  -1.0843739e+01  -7.4974032e+01  -6.0000000e+01   3.6059143e+01
   2.4000000e+01  -1.6373807e+01   1.6176164e+02  -3.9170211e+00  -7.2090309e+01  -6.0000000e+01   2.4970500e+01
   2.4000000e+01  -2.0658186e+01   1.4980212e+02   3.6478170e+00  -6.7493493e+01  -6.0000000e+01   1.5933869e+01
