  -1.3149473e+01   2.0907491e+01   1.0515673e+02   3.9424927e+01  -2.1266064e+01  -2.4562851e+01  -2.5960541e+01
  -1.3695758e-01   8.4050008e+00   1.0674242e+02   3.5115551e+01  -2.0691361e+01  -2.7545362e+01  -1.9661472e+01
   1.2958549e+01  -4.0846325e+00   1.0828702e+02   3.0756850e+01  -2.0154385e+01  -3.0571135e+01  -1.3363111e+01
   2.4000000e+01  -1.4356442e+01   1.1055471e+02   2.6020754e+01  -2.2822018e+01  -3.4146302e+01  -8.3156741e+00
   2.4000000e+01  -1.5929353e+01   1.1756074e+02   2.2630362e+01  -2.6541254e+01  -3.7088558e+01  -5.9673892e-01
   2.4000000e+01  -1.7505454e+01   1.2435393e+02   2.0666750e+01  -2.9362462e+01  -3.8923333e+01   5.1372980e+00
   2.4000000e+01  -1.7006499e+01   1.2932319e+02   2.0040357e+01  -3.2661540e+01  -4.1263219e+01   1.0174404e+01
   2.4000000e+01  -1.7641346e+01   1.3184728e+02   1.8998858e+01  -3.3405216e+01  -4.3491096e+01   1.3291918e+01
   2.4000000e+01  -1.8712012e+01   1.3634767e+02   1.7015226e+01  -3.4694155e+01  -4.6352919e+01   1.8098694e+01
   2.4000000e+01  -1.6070580e+01   1.3955826e+02   1.7283502e+01  -3.7676917e+01  -4.7669186e+01   2.2544421e+01
   2.4000000e+01  -1.4914733e+01   1.4551753e+02   1.5716747e+01  -4.0693831e+01  -5.0731680e+01   2.8737884e+01
   2.4000000e+01  -1.3711863e+01   1.5124324e+02   1.5733445e+01  -4.4349290e+01  -5.2875602e+01   3.2798400e+01
   2.4000000e+01  -1.1425387e+01   1.5881442e+02   1.5342642e+01  -4.8196320e+01  -5.6073815e+01   3.7812337e+01
   2.4000000e+01  -1.2431467e+01   1.6666670e+02   1.5593911e+01  -5.2746906e+01  -5.8907828e+01   4.1704239e+01
   2.4000000e+01  -9.6274503e+00   1.7216682e+02   1.4801702e+01  -5.6877182e+01  -6.1785693e+01   4.6799201e+01
   2.4000000e+01  -7.7014301e+00   1.7790659e+02   1.3581638e+01  -5.9111183e+01  -6.4769095e+01   5.2159981e+01
   2.4000000e+01  -7.3184694e+00   1.8056971e+02   1.0649747e+01  -6.2297498e+01  -6.8531795e+01   5.7582024e+01
   2.4000000e+01  -7.8935872e+00   1.8537659e+02   8.5222551e+00  -6.1938231e+01  -7.1658517e+01   6.1477684e+01
   2.4000000e+01  -7.7716595e+00   1.8898697e+02   5.8869182e+00  -6.2052974e+01  -7.4539010e+01   6.4976011e+01
   2.4000000e+01  -6.0547960e+00   1.9070678e+02   4.3395846e+00  -6.1882077e+01  -7.6140388e+01   6.8557459e+01
   2.4000000e+01  -7.5359915e+00   1.9228314e+02   2.7640744e+00  -6.2407310e+01  -7.7590228e+01   7.2878060e+01
   2.4000000e+01  -1.1101301e+01   1.9026376e+02   5.2344008e+00  -6.3500469e+01  -7.8342349e+01   7.2274734e+01
   2.4000000e+01  -9.7358153e+00   1.8739585e+02   8.3018905e+00  -6.9294454e+01  -8.1547065e+01   6.5095584e+01
   2.4000000e+01  -9.5371550e+00   1.8227762e+02   5.9014190e+00  -7.3553478e+01  -8.1772860e+01   5.2991198e+01
   2.4000000e+01  -1.5200241e+01   1.7272135e+02   3.0178213e+00  -7.2702212e+01  -8.0173736e+01   4.1433192e+01
   2.4000000e+01  -1.5823607e+01   1.6190396e+02   4.8306839e+00  -6.8901094e+01  -7.3945296e+01   2.9432791e+01
   2.4000000e+01  -1.9583006e+01   1.5026789e+02   9.1632875e+00  -6.3091522e+01  -6.6633118e+01   1.8465622e+01
   2.4000000e+01  -2.2860862e+01   1.3830036e+02   1.2900798e+01  -5.8158137e+01  -5.9853414e+01   1.0018738e+01
   2.4000000e+01  -2.3337999e+01   1.2700579e+02   1.5734011e+01  -4.9882673e+01  -5.3218390e+01   5.5972760e-02
   2.4000000e+01  -2.1202005e+01   1.1773344e+02   1.7072009e+01  -4.0391194e+01  -4.7494936e+01  -8.9862969e+00
   2.4000000e+01  -1.8828744e+01   1.0997525e+02   1.8422208e+01  -3.0873372e+01  -4.1804417e+01  -1.7682580e+01
   2.4000000e+01  -1.7379009e+01   1.0571618e+02   2.0633416e+01  -2.1904097e+01  -3.5464457e+01  -2.4306918e+01
   2.4000000e+01  -1.8294710e+01   1.0329448e+02   2.4693028e+01  -1.6354747e+01  -2.8184024e+01  -2.5320305e+01
   2.4000000e+01  -1.9983825e+01   1.0793241e+02   2.3131189e+01  -1.5870546e+01  -2.4425373e+01  -2.1526348e+01
   2.4000000e+01  -1.8786759e+01   1.1191007e+02   2.2105577e+01  -2.0358785e+01  -2.6438038e+01  -1.6256715e+01
   2.4000000e+01  -1.8232322e+01   1.1600234e+02   1.8463801e+01  -2.3309210e+01  -2.7531395e+01  -9.1981645e+00
   2.4000000e+01  -1.8982325e+01   1.2047373e+02   1.7229127e+01  -2.5366312e+01  -3.0806565e+01  -3.1654897e+00
   2.4000000e+01  -1.9660937e+01   1.2418346e+02   1.5370776e+01  -2.7593247e+01  -3.3086808e+01   2.5950640e+00
   2.4000000e+01  -2.0575734e+01   1.2757655e+02   1.4106558e+01  -2.7749635e+01  -3.5009080e+01   6.5034866e+00
   2.4000000e+01  -2.0295332e+01   1.2989418e+02   1.3676437e+01  -3.0320545e+01  -3.6541041e+01   1.0381517e+01
   2.4000000e+01  -2.0952475e+01   1.3354659e+02   1.2861399e+01  -3.2538368e+01  -3.8512498e+01   1.3560934e+01
   2.4000000e+01  -2.1283793e+01   1.3644264e+02   1.1234942e+01  -3.5098868e+01  -4.0500484e+01   1.8697578e+01
   2.4000000e+01  -1.9039452e+01   1.3928093e+02   1.3022423e+01  -3.7988831e+01  -4.1958837e+01   2.0525346e+01
   2.4000000e+01  -1.8332784e+01   1.4021891e+02   1.3455402e+01  -4.0155375e+01  -4.3628996e+01   2.3366303e+01
   2.4000000e+01  -1.7718432e+01   1.4240805e+02   1.3239936e+01  -4.0757051e+01  -4.5203397e+01   2.5169351e+01
   2.4000000e+01  -1.5668616e+01   1.4560980e+02   1.3810842e+01  -4.2555824e+01  -4.6758553e+01   2.7757537e+01
   2.4000000e+01  -1.5045299e+01   1.5078298e+02   1.3920021e+01  -4.5915169e+01  -4.9570763e+01   3.1229034e+01
   2.4000000e+01  -1.5593013e+01   1.5674209e+02   1.4455335e+01  -4.9144850e+01  -5.2496490e+01   3.5272374e+01
   2.4000000e+01  -1.5403523e+01   1.6177069e+02   1.2907042e+01  -5.1455783e+01  -5.6933268e+01   3.9782044e+01
   2.4000000e+01  -1.6132596e+01   1.6603128e+02   1.1364801e+01  -5.3855429e+01  -5.9463224e+01   4.1939260e+01
   2.4000000e+01  -8.8130810e+00   1.7051880e+02   1.2904377e+01  -5.6991732e+01  -5.9886178e+01   4.6609698e+01
   2.4000000e+01  -4.9492167e+00   1.7585708e+02   1.2885085e+01  -5.9815990e+01  -6.1558502e+01   5.1632160e+01
   2.4000000e+01  -1.6829949e+00   1.7961642e+02   1.1862137e+01  -6.2089360e+01  -6.4010740e+01   5.5694845e+01
   2.4000000e+01  -4.7905493e+00   1.8263276e+02   8.3319674e+00  -6.5604739e+01  -6.8093659e+01   6.1320953e+01
   2.4000000e+01  -2.5651115e+00   1.8647192e+02   5.8145927e+00  -6.7520185e+01  -7.0927231e+01   6.6059822e+01
   2.4000000e+01  -3.8177276e+00   1.8921001e+02   4.1956305e+00  -6.7350101e+01  -7.2491986e+01   6.9515697e+01
   2.4000000e+01  -4.2300639e+00   1.9195815e+02   6.1763173e-01  -6.9260907e+01  -7.4002281e+01   7.5046993e+01
   2.4000000e+01  -4.0086822e+00   1.9280070e+02   1.1755964e+00  -6.8411372e+01  -7.4136691e+01   7.6843823e+01
   2.4000000e+01  -8.2372816e+00   1.9219192e+02   2.6633649e+00  -6.6301198e+01  -7.4509443e+01   7.6189620e+01
   2.4000000e+01  -9.0188881e+00   1.9121845e+02   5.5289292e+00  -6.4700402e+01  -7.5361811e+01   7.3923384e+01
   2.4000000e+01  -9.6208948e+00   1.8757268e+02   7.0769466e+00  -7.1933938e+01  -7.9814250e+01   6.4723989e+01
   2.4000000e+01  -9.2944048e+00   1.8538935e+02   6.0843133e+00  -7.6373586e+01  -8.1563890e+01   5.2545624e+01
   2.4000000e+01  -8.8966900e+00   1.7655149e+02   6.7514396e+00  -7.6838279e+01  -7.9299950e+01   4.0632546e+01
   2.4000000e+01  -1.4299605e+01   1.6619143e+02   5.8189867e+00  -7.2977733e+01  -7.3898182e+01   2.8736725e+01
   2.4000000e+01  -1.8424855e+01   1.5450142e+02   1.0432691e+01  -6.8360524e+01  -6.7198657e+01   2.0058152e+01
   2.4000000e+01  -2.2693228e+01   1.4264893e+02   1.5735053e+01  -6.1538230e+01  -5.9552011e+01   1.1986879e+01
   2.4000000e+01  -2.4363257e+01   1.3096612e+02   1.8762793e+01  -5.3754517e+01  -5.2457749e+01   3.7147465e+00
   2.4000000e+01  -2.1919239e+01   1.2031046e+02   2.0290328e+01  -4.4499725e+01  -4.5910491e+01  -4.7459090e+00
   2.4000000e+01  -2.0632846e+01   1.1069255e+02   2.0830688e+01  -3.5009623e+01  -4.0131177e+01  -1.3000612e+01
   2.4000000e+01  -1.7516990e+01   1.0278796e+02   2.0466312e+01  -2.5828333e+01  -3.5024768e+01  -2.0562651e+01
   2.4000000e+01  -1.5791553e+01   9.7891987e+01   2.2262287e+01  -1.7162156e+01  -2.8868361e+01  -2.7012793e+01
   2.4000000e+01  -1.8089741e+01   9.8842690e+01   2.4724251e+01  -1.0359078e+01  -2.2656267e+01  -2.6034943e+01
   2.4000000e+01  -1.9020590e+01   9.9994006e+01   2.3363395e+01  -6.7093569e+00  -2.1370730e+01  -2.2927596e+01
   2.4000000e+01  -2.0215659e+01   1.0716851e+02   2.0103237e+01  -1.4022331e+01  -2.3729669e+01  -1.4920506e+01
   2.4000000e+01  -2.0471796e+01   1.1143911e+02   1.6575165e+01  -1.7497862e+01  -2.5366182e+01  -8.5509441e+00
   2.4000000e+01  -2.0113633e+01   1.1479488e+02   1.5417507e+01  -2.1251288e+01  -2.7598845e+01  -3.4189672e+00
   2.4000000e+01  -1.9226369e+01   1.1800650e+02   1.4559543e+01  -2.6293935e+01  -2.9459104e+01   2.1467372e+00
   2.4000000e+01  -1.9715110e+01   1.2190358e+02   1.5917958e+01  -2.8487068e+01  -3.3371435e+01   5.9301546e+00
   2.4000000e+01  -2.2013246e+01   1.2651349e+02   1.3762071e+01  -2.9734829e+01  -3.5955512e+01   1.0366858e+01
   2.4000000e+01  -2.3402314e+01   1.3020230e+02   1.3189471e+01  -3.2158143e+01  -3.8176228e+01   1.4262012e+01
   2.4000000e+01  -2.2396427e+01   1.3358202e+02   1.3101665e+01  -3.3781236e+01  -4.1148274e+01   1.7633577e+01
   2.4000000e+01  -2.2932903e+01   1.3601819e+02   1.2313117e+01  -3.4198120e+01  -4.3794542e+01   2.0384035e+01
   2.4000000e+01  -2.0936838e+01   1.3866032e+02   1.2989220e+01  -3.7648845e+01  -4.5215594e+01   2.3265130e+01
   2.4000000e+01  -1.7071955e+01   1.4260123e+02   1.3674311e+01  -4.1592304e+01  -4.7377412e+01   2.7331477e+01
   2.4000000e+01  -1.6184526e+01   1.4797171e+02   1.5776771e+01  -4.5854087e+01  -5.0210356e+01   2.9741049e+01
   2.4000000e+01  -1.6475452e+01   1.5352232e+02   1.4224334e+01  -4.8518104e+01  -5.3800064e+01   3.3635421e+01
   2.4000000e+01  -1.6748000e+01   1.5878654e+02   1.3499618e+01  -5.0825611e+01  -5.6549731e+01   3.8069149e+01
   2.4000000e+01  -1.4120901e+01   1.6158019e+02   1.3119785e+01  -5.3800231e+01  -5.9070634e+01   4.1543987e+01
   2.4000000e+01  -1.0520479e+01   1.6875843e+02   1.3539318e+01  -5.7272755e+01  -6.1127376e+01   4.7133763e+01
   2.4000000e+01  -8.4693566e+00   1.7580938e+02   1.3862910e+01  -6.0218884e+01  -6.3196294e+01   5.1636374e+01
   2.4000000e+01  -7.8887723e+00   1.7986445e+02   1.2473928e+01  -6.3199192e+01  -6.6001032e+01   5.6653268e+01
   2.4000000e+01  -9.4140943e+00   1.8256283e+02   1.0299681e+01  -6.3279906e+01  -6.9430433e+01   6.1692483e+01
   2.4000000e+01  -6.6440495e+00   1.8488721e+02   8.5113734e+00  -6.6867549e+01  -7.2222045e+01   6.7265186e+01
   2.4000000e+01  -6.1360090e+00   1.8874233e+02   6.6937531e+00  -6.7827161e+01  -7.5193018e+01   6.9611903e+01
   2.4000000e+01  -9.6765757e+00   1.8948992e+02   7.8672693e+00  -6.9876208e+01  -7.8304474e+01   6.5422722e+01
   2.4000000e+01  -6.2363126e+00   1.9310931e+02   9.6992000e+00  -6.6904130e+01  -8.0404576e+01   5.3133923e+01
   2.4000000e+01  -7.8001372e+00   1.8573229e+02   7.6410064e+00  -7.5363466e+01  -8.1857002e+01   4.3166237e+01
   2.4000000e+01  -1.1998458e+01   1.7559010e+02   7.1122682e+00  -7.6085084e+01  -8.0162091e+01   3.3020760e+01
   2.4000000e+01  -1.3437134e+01   1.6442700e+02   7.7047547e+00  -7.2585329e+01  -7.4817324e+01   2.1861581e+01
   2.4000000e+01  -1.7830762e+01   1.5249390e+02   1.0915820e+01  -6.9144017e+01  -6.8257287e+01   1.3703775e+01
   2.4000000e+01  -2.1867243e+01   1.4106830e+02   1.4642440e+01  -6.1609970e+01  -6.1272081e+01   6.5126397e+00
   2.4000000e+01  -2.3174248e+01   1.2974193e+02   1.7582284e+01  -5.3328441e+01  -5.4375953e+01  -2.5889930e+00
   2.4000000e+01  -1.9807194e+01   1.1964595e+02   1.9300316e+01  -4.4127902e+01  -4.7466859e+01  -1.1064527e+01
   2.4000000e+01  -1.8530252e+01   1.1056902e+02   2.0569706e+01  -3.4822587e+01  -4.1084257e+01  -1.9973281e+01
   2.4000000e+01  -1.5513909e+01   1.0403567e+02   2.0491966e+01  -2.5634529e+01  -3.5608230e+01  -2.8133495e+01
   2.4000000e+01  -1.6216181e+01   1.0015411e+02   2.2946524e+01  -1.7234588e+01  -2.8857570e+01  -3.2850752e+01
   2.4000000e+01  -1.7866668e+01   9.7812722e+01   2.6972774e+01  -9.9922987e+00  -2.2090788e+01  -3.2012352e+01
   2.4000000e+01  -1.9030498e+01   1.0291298e+02   2.4100129e+01  -1.2861717e+01  -2.0816856e+01  -2.5525643e+01
   2.4000000e+01  -2.0658070e+01   1.0823264e+02   2.0165289e+01  -1.6696354e+01  -2.2805697e+01  -1.7552133e+01
   2.4000000e+01  -1.9559440e+01   1.1155778e+02   1.7766223e+01  -1.9520578e+01  -2.3839958e+01  -1.1762391e+01
   2.4000000e+01  -1.9408198e+01   1.1427173e+02   1.7626557e+01  -2.0745683e+01  -2.6899958e+01  -7.6758361e+00
   2.4000000e+01  -1.9148011e+01   1.1697719e+02   1.8455813e+01  -2.3306968e+01  -3.0477794e+01  -3.5674609e+00
   2.4000000e+01  -1.9971228e+01   1.2116124e+02   1.7556346e+01  -2.5266998e+01  -3.3716259e+01   1.3541214e+00
   2.4000000e+01  -1.9594276e+01   1.2416409e+02   1.7577905e+01  -2.8820105e+01  -3.5876723e+01   5.4371981e+00
   2.4000000e+01  -2.0080941e+01   1.2702784e+02   1.7353921e+01  -3.0968736e+01  -3.8398996e+01   8.6787081e+00
   2.4000000e+01  -2.1622072e+01   1.3029555e+02   1.7455652e+01  -3.1633156e+01  -4.1727337e+01   1.1696321e+01
   2.4000000e+01  -2.1573866e+01   1.3334534e+02   1.5657459e+01  -3.3487517e+01  -4.3709268e+01   1.6013208e+01
   2.4000000e+01  -2.0163949e+01   1.3586999e+02   1.4525519e+01  -3.6665299e+01  -4.4840312e+01   2.0324555e+01
   2.4000000e+01  -1.8137791e+01   1.3777226e+02   1.4280309e+01  -3.9418880e+01  -4.5136043e+01   2.3857296e+01
   2.4000000e+01  -1.6429800e+01   1.4225494e+02   1.2911268e+01  -4.1447619e+01  -4.6601572e+01   2.7624181e+01
   2.4000000e+01  -1.6440325e+01   1.4782620e+02   1.3243794e+01  -4.4417751e+01  -4.8710498e+01   2.9814861e+01
   2.4000000e+01  -1.5367236e+01   1.5450166e+02   1.2086405e+01  -4.7379037e+01  -5.1894568e+01   3.3970193e+01
   2.4000000e+01  -1.4435083e+01   1.5874669e+02   1.1868981e+01  -5.0522867e+01  -5.4075916e+01   3.7769529e+01
   2.4000000e+01  -1.1783166e+01   1.6461974e+02   1.1900500e+01  -5.4631705e+01  -5.6324029e+01   4.1579248e+01
   2.4000000e+01  -6.9369222e+00   1.7162503e+02   1.3841789e+01  -5.9060341e+01  -5.7894119e+01   4.6889057e+01
   2.4000000e+01  -6.5932317e+00   1.7715429e+02   1.1957313e+01  -6.2098783e+01  -6.1033617e+01   5.1549972e+01
   2.4000000e+01  -7.6550779e+00   1.8091823e+02   1.0268195e+01  -6.3524617e+01  -6.4231846e+01   5.4581887e+01
   2.4000000e+01  -1.0805517e+01   1.8454677e+02   6.6955131e+00  -6.3500489e+01  -6.8876506e+01   5.7424937e+01
   2.4000000e+01  -1.0723426e+01   1.8671501e+02   2.6811842e+00  -6.6350361e+01  -7.2655325e+01   6.3267119e+01
   2.4000000e+01  -8.8296350e+00   1.9038608e+02   5.0360944e-01  -6.7557015e+01  -7.4558588e+01   6.7390720e+01
   2.4000000e+01  -8.5796522e+00   1.9117338e+02   1.8647318e+00  -6.7705697e+01  -7.4589654e+01   6.9346494e+01
   2.4000000e+01  -9.9020946e+00   1.9055237e+02   5.4448642e+00  -6.8167064e+01  -7.6498956e+01   6.6760335e+01
   2.4000000e+01  -9.3685616e+00   1.8941111e+02   4.7062190e+00  -7.5183211e+01  -8.1751863e+01   5.5723323e+01
   2.4000000e+01  -8.1093501e+00   1.8710672e+02   3.9456772e+00  -7.9678098e+01  -8.1317414e+01   4.4725080e+01
   2.4000000e+01  -8.7990121e+00   1.7759320e+02   5.2379114e+00  -7.7650318e+01  -7.8302572e+01   3.3572823e+01
   2.4000000e+01  -1.2258149e+01   1.6688508e+02   3.3488864e+00  -7.4185646e+01  -7.3624874e+01   2.1654554e+01
   2.4000000e+01  -1.7232371e+01   1.5492321e+02   8.1264693e+00  -7.1435246e+01  -6.6642299e+01   1.2993067e+01
   2.4000000e+01  -2.2449746e+01   1.4326500e+02   1.1501717e+01  -6.5350276e+01  -6.0737708e+01   4.9049966e+00
   2.4000000e+01  -2.4488239e+01   1.3177503e+02   1.3579638e+01  -5.7662055e+01  -5.4845597e+01  -4.1663666e+00
   2.4000000e+01  -2.1861267e+01   1.2247790e+02   1.4860242e+01  -4.8315248e+01  -4.9382338e+01  -1.2813036e+01
   2.4000000e+01  -1.8410018e+01   1.1376145e+02   1.6460276e+01  -3.8842814e+01  -4.3566998e+01  -2.1460026e+01
   2.4000000e+01  -1.5111734e+01   1.0767801e+02   1.8189891e+01  -2.9569689e+01  -3.7582009e+01  -2.9119290e+01
   2.4000000e+01  -1.6479776e+01   1.0613158e+02   1.9980208e+01  -2.0624196e+01  -3.1178557e+01  -3.2546497e+01
   2.4000000e+01  -1.7408345e+01   1.0475997e+02   2.1371599e+01  -1.5376794e+01  -2.4742491e+01  -2.8885981e+01
   2.4000000e+01  -1.9578503e+01   1.0601242e+02   2.1547914e+01  -1.3144876e+01  -2.1059253e+01  -2.3613395e+01
   2.4000000e+01  -2.0966725e+01   1.0976672e+02   1.8288624e+01  -1.5484950e+01  -2.2055094e+01  -1.6932354e+01
   2.4000000e+01  -2.2762765e+01   1.1421956e+02   1.4387515e+01  -1.7306605e+01  -2.3847154e+01  -1.0714638e+01
   2.4000000e+01  -2.1370138e+01   1.1634517e+02   1.4658388e+01  -2.0166980e+01  -2.6665538e+01  -6.7130589e+00
   2.4000000e+01  -2.0235447e+01   1.1913867e+02   1.4431502e+01  -2.4628854e+01  -2.9623694e+01  -9.1523627e-01
   2.4000000e+01  -2.0863790e+01   1.2313659e+02   1.3021433e+01  -2.8393506e+01  -3.2050423e+01   4.9327787e+00
   2.4000000e+01  -2.1113021e+01   1.2609933e+02   1.2809848e+01  -2.9244103e+01  -3.3692454e+01   7.5408653e+00
   2.4000000e+01  -2.0485277e+01   1.2895222e+02   1.2314315e+01  -3.0979551e+01  -3.5944625e+01   1.1955403e+01
   2.4000000e+01  -2.1362140e+01   1.3319713e+02   1.2785665e+01  -3.3644004e+01  -3.8684539e+01   1.5115481e+01
   2.4000000e+01  -2.1500357e+01   1.3620313e+02   1.3308929e+01  -3.5479282e+01  -4.1854662e+01   1.7696582e+01
   2.4000000e+01  -1.9366892e+01   1.3911821e+02   1.3383612e+01  -3.8639777e+01  -4.4252044e+01   2.2679440e+01
   2.4000000e+01  -1.6892775e+01   1.4283611e+02   1.3620921e+01  -4.1338698e+01  -4.6481772e+01   2.6896163e+01
   2.4000000e+01  -1.5782103e+01   1.4849168e+02   1.3765292e+01  -4.4315081e+01  -4.9215919e+01   3.0279795e+01
   2.4000000e+01  -1.4761709e+01   1.5233493e+02   1.4371324e+01  -4.7883806e+01  -5.1495441e+01   3.5545846e+01
   2.4000000e+01  -1.5683472e+01   1.5930981e+02   1.4078333e+01  -5.1027726e+01  -5.5847344e+01   3.9487097e+01
   2.4000000e+01  -1.3928962e+01   1.6538725e+02   1.2773425e+01  -5.5095479e+01  -5.9401954e+01   4.3700714e+01
   2.4000000e+01  -1.1485008e+01   1.7122260e+02   1.2530284e+01  -5.8617222e+01  -6.1751821e+01   4.8669699e+01
   2.4000000e+01  -9.0252188e+00   1.7663970e+02   1.1391876e+01  -6.1463347e+01  -6.4497632e+01   5.3644697e+01
   2.4000000e+01  -7.4891461e+00   1.8003320e+02   9.6147580e+00  -6.3412117e+01  -6.7641768e+01   5.8082023e+01
   2.4000000e+01  -9.4992079e+00   1.8473260e+02   6.6810867e+00  -6.5675654e+01  -7.1944392e+01   6.2417927e+01
   2.4000000e+01  -6.0786405e+00   1.8863034e+02   4.7391066e+00  -6.5462905e+01  -7.4504538e+01   6.6196459e+01
   2.4000000e+01  -7.4649698e+00   1.9086139e+02   2.5044117e+00  -6.8006722e+01  -7.6123004e+01   7.1078769e+01
   2.4000000e+01  -9.5951541e+00   1.8889561e+02   7.3991800e+00  -7.1729709e+01  -7.9055006e+01   7.1472499e+01
   2.4000000e+01  -7.3596761e+00   1.8933040e+02   7.5785541e+00  -7.7461370e+01  -8.0979093e+01   6.0174786e+01
   2.4000000e+01  -6.1644012e+00   1.8063682e+02   8.7240419e+00  -7.9159253e+01  -7.9954718e+01   4.8480938e+01
   2.4000000e+01  -7.0507948e+00   1.7137416e+02   9.5090590e+00  -7.5220703e+01  -7.7764492e+01   3.6405147e+01
   2.4000000e+01  -1.2868532e+01   1.6051517e+02   1.0852450e+01  -6.9605842e+01  -7.1700685e+01   2.4700438e+01
   2.4000000e+01  -1.9759417e+01   1.4841775e+02   1.4980864e+01  -6.6547874e+01  -6.4653616e+01   1.7715173e+01
   2.4000000e+01  -2.3544919e+01   1.3637479e+02   1.7920915e+01  -6.0264485e+01  -5.7994953e+01   9.2275123e+00
   2.4000000e+01  -2.2193598e+01   1.2522723e+02   1.8620841e+01  -5.1610160e+01  -5.1921654e+01   1.2688860e+00
   2.4000000e+01  -2.1804917e+01   1.1699812e+02   1.7951352e+01  -4.1667356e+01  -4.6896854e+01  -7.1595632e+00
   2.4000000e+01  -1.8137258e+01   1.1087108e+02   1.7552757e+01  -3.1852947e+01  -4.2207603e+01  -1.5098258e+01
   2.4000000e+01  -1.7032197e+01   1.0494616e+02   1.6795785e+01  -2.2661096e+01  -3.8262191e+01  -2.2129165e+01
   2.4000000e+01  -1.5576237e+01   1.0003041e+02   1.7714410e+01  -1.4023968e+01  -3.3405761e+01  -2.9214232e+01
   2.4000000e+01  -1.5611621e+01   9.7121347e+01   1.9226896e+01  -7.5008173e+00  -2.7874051e+01  -3.2533753e+01
   2.4000000e+01  -1.6349444e+01   9.8568038e+01   2.2397641e+01  -9.2292354e+00  -2.1992847e+01  -3.0114193e+01
   2.4000000e+01  -1.8651425e+01   1.0185663e+02   2.1706131e+01  -9.2635491e+00  -1.9430846e+01  -2.4551733e+01
   2.4000000e+01  -1.9367656e+01   1.0786462e+02   1.7722339e+01  -1.6184887e+01  -2.1346334e+01  -1.6299445e+01
   2.4000000e+01  -1.9019985e+01   1.1274557e+02   1.5715088e+01  -2.0850145e+01  -2.3628731e+01  -1.0348881e+01
   2.4000000e+01  -1.9050299e+01   1.1623488e+02   1.5093211e+01  -2.4853476e+01  -2.5452943e+01  -6.7317770e+00
   2.4000000e+01  -2.0935925e+01   1.1946756e+02   1.3391618e+01  -2.4604045e+01  -2.8204870e+01  -2.3697082e+00
   2.4000000e+01  -2.0498082e+01   1.2229962e+02   1.3481182e+01  -2.7530806e+01  -3.0042384e+01   1.0891682e+00
   2.4000000e+01  -1.9354357e+01   1.2380420e+02   1.4235917e+01  -3.0643556e+01  -3.1274312e+01   4.3462733e+00
   2.4000000e+01  -2.2054874e+01   1.2732104e+02   1.2968344e+01  -3.1497909e+01  -3.3744984e+01   7.4362501e+00
   2.4000000e+01  -2.3370592e+01   1.3101081e+02   1.1624589e+01  -3.2938467e+01  -3.5536365e+01   1.0855684e+01
   2.4000000e+01  -2.1888061e+01   1.3310069e+02   1.2704292e+01  -3.5778630e+01  -3.7289937e+01   1.3573350e+01
   2.4000000e+01  -2.3632819e+01   1.3763542e+02   9.9897322e+00  -3.5865996e+01  -3.9672883e+01   1.7176515e+01
   2.4000000e+01  -2.0769175e+01   1.3771432e+02   9.5846140e+00  -3.8372061e+01  -3.9844015e+01   2.0314218e+01
   2.4000000e+01  -1.8198920e+01   1.4015125e+02   9.9726772e+00  -4.0604648e+01  -4.0165294e+01   2.2021484e+01
   2.4000000e+01  -1.6892982e+01   1.4393590e+02   9.3987179e+00  -4.3379391e+01  -4.1578980e+01   2.5807686e+01
   2.4000000e+01  -1.6937282e+01   1.4865700e+02   7.8536838e+00  -4.6197155e+01  -4.3814116e+01   2.8994266e+01
   2.4000000e+01  -1.5579378e+01   1.5180904e+02   7.7681019e+00  -4.9143461e+01  -4.5035871e+01   3.3343699e+01
   2.4000000e+01  -1.8446593e+01   1.5979971e+02   6.2525663e+00  -5.1569568e+01  -4.8029423e+01   3.6046107e+01
   2.4000000e+01  -1.8448363e+01   1.6414440e+02   4.6194610e+00  -5.4642887e+01  -5.1153649e+01   3.8745633e+01
   2.4000000e+01  -1.4330866e+01   1.6787682e+02   5.4769114e+00  -5.8871385e+01  -5.3112852e+01   4.2834912e+01
   2.4000000e+01  -1.3476344e+01   1.7354260e+02   5.4552357e+00  -6.1103865e+01  -5.5810689e+01   4.6564149e+01
   2.4000000e+01  -9.9266762e+00   1.7785473e+02   6.1538397e+00  -6.3112986e+01  -5.8144370e+01   5.0838135e+01
   2.4000000e+01  -1.0056894e+01   1.8104227e+02   5.2043201e+00  -6.4875282e+01  -6.3254550e+01   5.3634703e+01
   2.4000000e+01  -1.2129080e+01   1.8481948e+02   3.9143923e+00  -6.6715242e+01  -6.9837821e+01   5.3092615e+01
   2.4000000e+01  -1.1963992e+01   1.8747587e+02   5.5307678e+00  -6.7763144e+01  -7.6313806e+01   5.0445639e+01
   2.4000000e+01  -9.8175995e+00   1.8558586e+02   5.3164998e+00  -7.6151408e+01  -8.3050920e+01   4.8121389e+01
   2.4000000e+01  -1.0776455e+01   1.8153074e+02   4.4737931e+00  -7.4519906e+01  -8.4492770e+01   3.7748133e+01
   2.4000000e+01  -1.2880554e+01   1.7366176e+02   3.5168870e+00  -6.8858028e+01  -8.3903251e+01   2.7460805e+01
   2.4000000e+01  -1.5657138e+01   1.6314493e+02   1.7019379e+00  -6.5813032e+01  -7.9012190e+01   1.6472670e+01
   2.4000000e+01  -1.8305153e+01   1.5118573e+02   7.9379451e+00  -6.4835633e+01  -7.0905556e+01   9.3400676e+00
   2.4000000e+01  -2.3303088e+01   1.3935155e+02   1.3468690e+01  -5.9098606e+01  -6.2577894e+01   2.3533567e+00
   2.4000000e+01  -2.2497436e+01   1.2792065e+02   1.7516410e+01  -5.1293792e+01  -5.4532912e+01  -5.8385287e+00
   2.4000000e+01  -2.0078940e+01   1.1707260e+02   2.1418785e+01  -4.2655257e+01  -4.6482039e+01  -1.4749136e+01
   2.4000000e+01  -1.6941170e+01   1.0873338e+02   2.4160942e+01  -3.3136324e+01  -3.9111726e+01  -2.2893125e+01
   2.4000000e+01  -1.6113197e+01   1.0377991e+02   2.6612722e+01  -2.3604515e+01  -3.1982985e+01  -2.9084748e+01
   2.4000000e+01  -1.6595258e+01   1.0167013e+02   2.9762516e+01  -1.4186111e+01  -2.5301038e+01  -3.1238772e+01
   2.4000000e+01  -1.5432628e+01   1.0150719e+02   2.8946198e+01  -1.2459230e+01  -2.3929220e+01  -2.8060174e+01
   2.4000000e+01  -1.7957256e+01   1.0895958e+02   2.3796854e+01  -1.8037901e+01  -2.5607648e+01  -1.9891791e+01
   2.4000000e+01  -1.8664651e+01   1.1573135e+02   2.1012288e+01  -2.3434713e+01  -2.8587660e+01  -1.2012584e+01
   2.4000000e+01  -1.9647849e+01   1.1918786e+02   1.8674350e+01  -2.5060225e+01  -3.1029020e+01  -5.7239629e+00
   2.4000000e+01  -1.9819473e+01   1.2265727e+02   1.7195698e+01  -2.7693714e+01  -3.3255249e+01  -1.4161018e-02
   2.4000000e+01  -2.1810021e+01   1.2510054e+02   1.8903804e+01  -2.6346214e+01  -3.9176437e+01   4.5569290e+00
   2.4000000e+01  -2.1961813e+01   1.2804893e+02   1.7409218e+01  -2.8393642e+01  -4.1281617e+01   8.8043923e+00
   2.4000000e+01  -2.2258746e+01   1.3228729e+02   1.6157566e+01  -3.0860885e+01  -4.3690311e+01   1.3249739e+01
   2.4000000e+01  -2.0673929e+01   1.3639075e+02   1.5509942e+01  -3.5049502e+01  -4.5859221e+01   1.8880188e+01
   2.4000000e+01  -2.2396767e+01   1.3907373e+02   1.4675357e+01  -3.5902069e+01  -4.7993124e+01   2.1361369e+01
   2.4000000e+01  -2.0561326e+01   1.4016384e+02   1.5101730e+01  -3.7982275e+01  -4.9687494e+01   2.5080304e+01
   2.4000000e+01  -1.9201952e+01   1.4555333e+02   1.4993910e+01  -4.1126716e+01  -5.2548904e+01   2.8879236e+01
   2.4000000e+01  -1.6319692e+01   1.4992395e+02   1.4855205e+01  -4.3391707e+01  -5.5084596e+01   3.2781860e+01
   2.4000000e+01  -1.5543449e+01   1.5383070e+02   1.4808315e+01  -4.6329170e+01  -5.7553085e+01   3.6948306e+01
   2.4000000e+01  -1.3195535e+01   1.5856372e+02   1.5878221e+01  -5.0407181e+01  -5.9917648e+01   4.1423831e+01
   2.4000000e+01  -1.3265383e+01   1.6736456e+02   1.4963150e+01  -5.3928193e+01  -6.3945080e+01   4.6031565e+01
   2.4000000e+01  -9.6289096e+00   1.7356869e+02   1.5115570e+01  -5.7537899e+01  -6.6234753e+01   5.1049203e+01
   2.4000000e+01  -8.8675468e+00   1.7909371e+02   1.4063300e+01  -6.0013970e+01  -6.8874922e+01   5.5504657e+01
   2.4000000e+01  -1.0592986e+01   1.8209600e+02   1.0424093e+01  -6.1699058e+01  -7.3305833e+01   5.8971735e+01
   2.4000000e+01  -8.4332476e+00   1.8449917e+02   9.5395762e+00  -6.3386764e+01  -7.5722430e+01   6.4824812e+01
   2.4000000e+01  -1.7899916e+00   1.8690881e+02   8.7102972e+00  -6.4487471e+01  -7.7484774e+01   6.9934569e+01
   2.4000000e+01  -1.3869834e+00   1.8923909e+02   6.9708927e+00  -6.6737179e+01  -7.7608854e+01   7.4395340e+01
   2.4000000e+01  -2.0155333e+00   1.9103543e+02   6.0773123e+00  -6.7511027e+01  -7.7979684e+01   7.7644293e+01
   2.4000000e+01  -3.3789346e+00   1.9300878e+02   5.5055318e+00  -6.8050497e+01  -7.7996545e+01   7.8646441e+01
   2.4000000e+01  -9.6543043e+00   1.9292942e+02   4.4959673e+00  -6.9384307e+01  -7.8786888e+01   7.5986227e+01
   2.4000000e+01  -7.9027142e+00   1.9048563e+02   5.5146674e+00  -7.0766621e+01  -7.8853990e+01   7.0611158e+01
   2.4000000e+01  -9.1524428e+00   1.8915235e+02   8.1474558e+00  -7.7629100e+01  -8.1476829e+01   5.8595352e+01
   2.4000000e+01  -7.2944600e+00   1.7972449e+02   9.8473323e+00  -7.9429599e+01  -7.8904770e+01   4.7295118e+01
   2.4000000e+01  -1.0231129e+01   1.6999959e+02   9.6720014e+00  -7.3952287e+01  -7.6656850e+01   3.5597174e+01
   2.4000000e+01  -1.5578811e+01   1.5905950e+02   1.0906212e+01  -6.9478559e+01  -7.1269092e+01   2.8379536e+01
   2.4000000e+01  -1.7708211e+01   1.4778091e+02   1.1810588e+01  -6.4251248e+01  -6.5985475e+01   2.0091952e+01
   2.4000000e+01  -2.3095100e+01   1.3678840e+02   1.5709608e+01  -5.5686989e+01  -5.9411194e+01   1.1776949e+01
   2.4000000e+01  -2.3608247e+01   1.2624650e+02   1.5894700e+01  -4.6903152e+01  -5.3925781e+01   3.2583883e+00
   2.4000000e+01  -2.3898809e+01   1.1619570e+02   1.6490179e+01  -3.7663783e+01  -4.8272442e+01  -4.8352496e+00
   2.4000000e+01  -2.1848803e+01   1.0807278e+02   1.6315126e+01  -2.8240366e+01  -4.3597311e+01  -1.2004689e+01
   2.4000000e+01  -2.0259930e+01   1.0210532e+02   1.6776756e+01  -1.8713703e+01  -3.8906748e+01  -1.9555669e+01
   2.4000000e+01  -1.8716028e+01   9.9489239e+01   1.9173227e+01  -1.0562136e+01  -3.3387206e+01  -2.4741559e+01
   2.4000000e+01  -1.9586398e+01   1.0158693e+02   2.2236832e+01  -8.3997578e+00  -2.8444309e+01  -2.7575779e+01
   2.4000000e+01  -1.9735915e+01   1.0685345e+02   2.4400929e+01  -1.5031919e+01  -2.5666280e+01  -2.3414719e+01
   2.4000000e+01  -2.0678353e+01   1.1114813e+02   2.1680617e+01  -1.9164604e+01  -2.4919388e+01  -1.7716340e+01
   2.4000000e+01  -2.0726577e+01   1.1369411e+02   1.9913923e+01  -2.0978070e+01  -2.5968783e+01  -1.2828142e+01
   2.4000000e+01  -1.9921107e+01   1.1689711e+02   1.8535695e+01  -2.4872292e+01  -2.7183750e+01  -7.5660774e+00
   2.4000000e+01  -2.0557672e+01   1.2044333e+02   1.5732272e+01  -2.7351754e+01  -2.9242309e+01  -1.4340115e+00
   2.4000000e+01  -2.0300270e+01   1.2363584e+02   1.4799549e+01  -3.0478206e+01  -3.1100603e+01   3.2406873e+00
   2.4000000e+01  -2.1220924e+01   1.2506476e+02   1.5854756e+01  -3.0901686e+01  -3.3939797e+01   5.2233160e+00
   2.4000000e+01  -2.1390544e+01   1.2722486e+02   1.5878399e+01  -3.2927830e+01  -3.6508627e+01   8.7649469e+00
   2.4000000e+01  -2.2247731e+01   1.2887821e+02   1.5489885e+01  -3.3064611e+01  -3.8375909e+01   1.1517842e+01
   2.4000000e+01  -2.2557191e+01   1.3139687e+02   1.5479370e+01  -3.6125222e+01  -3.9524442e+01   1.4971429e+01
   2.4000000e+01  -2.3446386e+01   1.3400852e+02   1.3741727e+01  -3.6789406e+01  -4.1519951e+01   1.8645096e+01
   2.4000000e+01  -2.2778988e+01   1.3539414e+02   1.2986645e+01  -3.8082992e+01  -4.2205512e+01   2.1003837e+01
   2.4000000e+01  -2.2147153e+01   1.3780073e+02   1.2219321e+01  -4.0014641e+01  -4.3327259e+01   2.3569043e+01
   2.4000000e+01  -2.0168930e+01   1.3788384e+02   1.3148309e+01  -4.0592967e+01  -4.3826725e+01   2.4828784e+01
   2.4000000e+01  -1.9518551e+01   1.4045285e+02   1.2618678e+01  -4.2125230e+01  -4.5353900e+01   2.8111662e+01
   2.4000000e+01  -1.8132721e+01   1.4317729e+02   1.2054538e+01  -4.3928163e+01  -4.7096026e+01   3.0519832e+01
   2.4000000e+01  -1.5336753e+01   1.4679435e+02   1.1998507e+01  -4.6509735e+01  -4.9022454e+01   3.4147385e+01
   2.4000000e+01  -1.5065561e+01   1.5103452e+02   1.1029661e+01  -4.9448244e+01  -5.1896048e+01   3.7628683e+01
   2.4000000e+01  -1.2755285e+01   1.5534900e+02   1.1130446e+01  -5.2870096e+01  -5.3953446e+01   4.2219164e+01
   2.4000000e+01  -1.0798504e+01   1.6103253e+02   9.9961809e+00  -5.6627106e+01  -5.7218002e+01   4.5863352e+01
   2.4000000e+01  -1.1689171e+01   1.6834844e+02   8.9153520e+00  -6.0180702e+01  -6.0186743e+01   5.0226632e+01
   2.4000000e+01  -9.2547048e+00   1.7434882e+02   7.5975537e+00  -6.2362685e+01  -6.2492608e+01   5.4184272e+01
   2.4000000e+01  -8.9600278e+00   1.7928332e+02   7.0443668e+00  -6.4429562e+01  -6.5089165e+01   5.7847785e+01
   2.4000000e+01  -9.2242970e+00   1.8408990e+02   5.3984975e+00  -6.4652549e+01  -6.8672623e+01   6.1503828e+01
   2.4000000e+01  -1.1490844e+01   1.8816194e+02   3.2688709e+00  -6.5124925e+01  -7.2722391e+01   6.5422186e+01
   2.4000000e+01  -1.2131883e+01   1.8921725e+02   4.3471717e+00  -6.3801252e+01  -7.4972478e+01   6.7760464e+01
   2.4000000e+01  -1.1338566e+01   1.8946234e+02   5.2371510e+00  -6.2737200e+01  -7.7553304e+01   7.0617811e+01
   2.4000000e+01  -1.1435016e+01   1.8917445e+02   6.1681177e+00  -6.6551631e+01  -8.1931910e+01   6.6814059e+01
   2.4000000e+01  -8.7871585e+00   1.8363431e+02   6.6600056e+00  -7.0403059e+01  -8.2510632e+01   5.6002204e+01
   2.4000000e+01  -9.5045494e+00   1.7445416e+02   4.9079326e+00  -7.0420483e+01  -8.1848111e+01   4.4945413e+01
   2.4000000e+01  -9.6434295e+00   1.6401001e+02   5.8026414e+00  -6.7139095e+01  -7.8141706e+01   3.2973594e+01
   2.4000000e+01  -1.4275459e+01   1.5274395e+02   9.9691010e+00  -6.2943833e+01  -7.1651986e+01   2.2729710e+01
   2.4000000e+01  -1.9971731e+01   1.4119333e+02   1.4441558e+01  -5.6804814e+01  -6.5184236e+01   1.4483174e+01
   2.4000000e+01  -2.1947777e+01   1.2988020e+02   1.6180896e+01  -4.8999690e+01  -5.8750576e+01   4.5573290e+00
   2.4000000e+01  -2.0221226e+01   1.1900121e+02   1.9056496e+01  -4.0260423e+01  -5.1484118e+01  -3.8455520e+00
   2.4000000e+01  -1.8219835e+01   1.0930584e+02   2.1191636e+01  -3.0923707e+01  -4.4965202e+01  -1.2579272e+01
   2.4000000e+01  -1.3725884e+01   1.0194430e+02   2.3329682e+01  -2.1689016e+01  -3.8520943e+01  -2.0082366e+01
   2.4000000e+01  -1.3596047e+01   9.8744875e+01   2.4705140e+01  -1.3511406e+01  -3.3025014e+01  -2.5655707e+01
   2.4000000e+01  -1.4482759e+01   9.7675692e+01   2.7245344e+01  -8.8814450e+00  -2.6843848e+01  -2.8774628e+01
   2.4000000e+01  -1.5321033e+01   9.9760205e+01   2.7799245e+01  -1.2187470e+01  -2.3160576e+01  -2.4644857e+01
   2.4000000e+01  -1.6513913e+01   1.0444777e+02   2.4088761e+01  -1.5872048e+01  -2.3686862e+01  -1.8825690e+01
   2.4000000e+01  -1.8581372e+01   1.0996204e+02   1.9894661e+01  -1.8823106e+01  -2.5461284e+01  -1.1616282e+01
   2.4000000e+01  -1.9081737e+01   1.1317031e+02   1.6518281e+01  -2.0775237e+01  -2.5891352e+01  -5.9507925e+00
   2.4000000e+01  -1.9790074e+01   1.1417467e+02   1.5314566e+01  -1.9948706e+01  -2.7632605e+01  -2.5697002e+00
   2.4000000e+01  -2.0966152e+01   1.1590360e+02   1.4479360e+01  -1.9973656e+01  -2.9278012e+01   5.3041709e-01
   2.4000000e+01  -1.9628995e+01   1.1990279e+02   1.5251254e+01  -2.5268702e+01  -3.2353204e+01   5.6989117e+00
   2.4000000e+01  -1.9486554e+01   1.2248488e+02   1.6216446e+01  -2.7330365e+01  -3.4837821e+01   8.1177127e+00
   2.4000000e+01  -2.0587380e+01   1.2643391e+02   1.5110639e+01  -2.9846536e+01  -3.6981533e+01   1.2680453e+01
   2.4000000e+01  -2.1703236e+01   1.3001209e+02   1.3961151e+01  -3.1438488e+01  -3.8559513e+01   1.5658941e+01
   2.4000000e+01  -2.1665687e+01   1.3396469e+02   1.3167437e+01  -3.4005160e+01  -4.0299310e+01   1.8197651e+01
   2.4000000e+01  -2.0660200e+01   1.3737580e+02   1.2286273e+01  -3.6594825e+01  -4.1980717e+01   2.2042210e+01
   2.4000000e+01  -1.9629187e+01   1.3882062e+02   1.1865835e+01  -3.7348400e+01  -4.3046799e+01   2.3958869e+01
   2.4000000e+01  -1.6366159e+01   1.4122318e+02   1.3644038e+01  -4.0443521e+01  -4.3159485e+01   2.5469277e+01
   2.4000000e+01  -1.3608997e+01   1.4315662e+02   1.4452416e+01  -4.2861712e+01  -4.4873263e+01   2.7726516e+01
   2.4000000e+01  -1.5374051e+01   1.4863139e+02   1.2941333e+01  -4.4263322e+01  -4.8857541e+01   3.1913454e+01
   2.4000000e+01  -1.4559574e+01   1.5258812e+02   1.3308275e+01  -4.6650332e+01  -5.1708007e+01   3.5388412e+01
   2.4000000e+01  -1.4385150e+01   1.5717055e+02   1.2587616e+01  -4.9527674e+01  -5.5550387e+01   4.0896903e+01
   2.4000000e+01  -1.1025326e+01   1.6363475e+02   1.1800747e+01  -5.2995315e+01  -5.8305185e+01   4.5370354e+01
   2.4000000e+01  -7.6867812e+00   1.6992910e+02   1.1938802e+01  -5.6117960e+01  -6.0304836e+01   4.7946132e+01
   2.4000000e+01  -5.6749691e+00   1.7617423e+02   1.2018982e+01  -5.9499758e+01  -6.2749904e+01   5.3312058e+01
   2.4000000e+01  -5.4547874e+00   1.8068742e+02   1.0083658e+01  -6.2420530e+01  -6.7077436e+01   5.7971032e+01
   2.4000000e+01  -7.2869824e+00   1.8340680e+02   6.0272753e+00  -6.6492546e+01  -7.2011373e+01   6.2182097e+01
   2.4000000e+01  -6.1499270e+00   1.8660642e+02   5.1575456e+00  -6.7643696e+01  -7.4533491e+01   6.3856018e+01
   2.4000000e+01  -6.6141200e+00   1.8824957e+02   6.8824484e+00  -7.0845607e+01  -7.9073029e+01   5.8386777e+01
   2.4000000e+01  -6.1672563e+00   1.9005321e+02   9.1163236e+00  -7.2425197e+01  -8.4319330e+01   4.9767583e+01
   2.4000000e+01  -6.9799182e+00   1.8096383e+02   1.0414471e+01  -7.3977423e+01  -8.4113854e+01   4.3011894e+01
   2.4000000e+01  -1.1829525e+01   1.7125653e+02   8.1858868e+00  -6.9069396e+01  -8.2324856e+01   3.2451848e+01
   2.4000000e+01  -1.5175280e+01   1.5986116e+02   9.5506205e+00  -6.5872877e+01  -7.6864384e+01   2.1844465e+01
   2.4000000e+01  -2.0435841e+01   1.4778204e+02   1.3406200e+01  -6.2818650e+01  -6.9580267e+01   1.3257257e+01
   2.4000000e+01  -2.4284592e+01   1.3599855e+02   1.7016168e+01  -5.6417960e+01  -6.2308021e+01   7.0487759e+00
   2.4000000e+01  -2.2645082e+01   1.2506266e+02   1.8309007e+01  -4.7871656e+01  -5.5810649e+01   2.5359630e-02
   2.4000000e+01  -2.1757858e+01   1.1506233e+02   1.9119554e+01  -3.8607933e+01  -4.9547983e+01  -8.5286212e+00
   2.4000000e+01  -1.8621646e+01   1.0651138e+02   1.9116665e+01  -2.9225846e+01  -4.3921008e+01  -1.6770973e+01
   2.4000000e+01  -1.8963941e+01   9.9885198e+01   1.9558156e+01  -1.9711610e+01  -3.9077539e+01  -2.3831993e+01
   2.4000000e+01  -1.5572654e+01   9.7575108e+01   2.0181730e+01  -1.1139073e+01  -3.4719136e+01  -2.9749404e+01
   2.4000000e+01  -1.6046143e+01   9.6137523e+01   2.1552062e+01  -4.7137617e+00  -2.9939391e+01  -3.2181775e+01
   2.4000000e+01  -1.6209142e+01   9.3819489e+01   2.5690676e+01   3.3715384e-01  -2.3755912e+01  -3.2714443e+01
   2.4000000e+01  -1.5718246e+01   9.4205850e+01   2.7389153e+01  -3.3634572e+00  -2.0522574e+01  -2.7974224e+01
   2.4000000e+01  -1.6855361e+01   9.9221820e+01   2.3786294e+01  -7.4640565e+00  -2.2588893e+01  -2.0905474e+01
   2.4000000e+01  -1.7883394e+01   1.0555444e+02   1.9909333e+01  -1.3630179e+01  -2.4432920e+01  -1.2548529e+01
   2.4000000e+01  -1.8152397e+01   1.1000842e+02   1.6939318e+01  -1.7950190e+01  -2.5779975e+01  -6.9001908e+00
   2.4000000e+01  -1.9328418e+01   1.1300965e+02   1.6475621e+01  -1.9449151e+01  -2.8313761e+01  -2.8761058e+00
   2.4000000e+01  -1.9259684e+01   1.1594096e+02   1.8646929e+01  -2.1792046e+01  -3.3147344e+01   1.1368727e+00
   2.4000000e+01  -1.9068949e+01   1.2032356e+02   1.7344077e+01  -2.6675511e+01  -3.5401330e+01   6.9618393e+00
   2.4000000e+01  -2.0986202e+01   1.2435278e+02   1.6144412e+01  -2.8699964e+01  -3.7556278e+01   1.0814431e+01
   2.4000000e+01  -2.1039403e+01   1.2775687e+02   1.6248019e+01  -3.1640374e+01  -3.9329498e+01   1.3900435e+01
   2.4000000e+01  -2.3373727e+01   1.3065742e+02   1.5607436e+01  -3.1514145e+01  -4.2128431e+01   1.6771620e+01
   2.4000000e+01  -2.2433506e+01   1.3283586e+02   1.5880102e+01  -3.3998860e+01  -4.5258392e+01   2.0484949e+01
   2.4000000e+01  -2.2533080e+01   1.3472602e+02   1.5665909e+01  -3.4364181e+01  -4.7512435e+01   2.2981167e+01
   2.4000000e+01  -2.0029630e+01   1.3652817e+02   1.6320343e+01  -3.6824618e+01  -4.9008861e+01   2.6264230e+01
   2.4000000e+01  -1.7551067e+01   1.3881416e+02   1.8179986e+01  -3.8914315e+01  -5.1916568e+01   3.0035287e+01
   2.4000000e+01  -1.7851608e+01   1.4454316e+02   1.6139306e+01  -4.2352020e+01  -5.5083048e+01   3.4583477e+01
   2.4000000e+01  -1.8113106e+01   1.5095827e+02   1.8091817e+01  -4.5871709e+01  -5.9053798e+01   3.8058738e+01
   2.4000000e+01  -1.6369999e+01   1.5619267e+02   1.7973708e+01  -5.1090527e+01  -6.3516081e+01   4.3200109e+01
   2.4000000e+01  -1.5489145e+01   1.6422732e+02   1.7147407e+01  -5.4715145e+01  -6.7343553e+01   4.7323420e+01
   2.4000000e+01  -1.4231357e+01   1.7187007e+02   1.6036269e+01  -5.8226172e+01  -7.1031162e+01   5.2446251e+01
   2.4000000e+01  -9.7366529e+00   1.7726198e+02   1.5025512e+01  -6.1599455e+01  -7.3995490e+01   5.7158697e+01
   2.4000000e+01  -8.1713295e+00   1.8083801e+02   1.3389656e+01  -6.6063667e+01  -7.7527255e+01   6.2352178e+01
   2.4000000e+01  -4.8133234e+00   1.8458778e+02   1.1769202e+01  -6.9764434e+01  -8.0148657e+01   6.8123095e+01
   2.4000000e+01  -7.4324860e+00   1.8851884e+02   1.1950015e+01  -7.1399485e+01  -8.3032830e+01   7.0044639e+01
   2.4000000e+01  -9.0459830e+00   1.9038569e+02   8.8934407e+00  -7.6762673e+01  -8.4274691e+01   7.2741064e+01
   2.4000000e+01  -5.3630066e+00   1.9315544e+02   8.5678812e+00  -8.4331930e+01  -8.2236768e+01   6.1871808e+01
   2.4000000e+01  -2.6038646e+00   1.8725557e+02   6.9111936e+00  -8.8473885e+01  -8.0558658e+01   5.0773299e+01
   2.4000000e+01  -5.7837390e+00   1.8162460e+02   6.8510686e+00  -8.6158726e+01  -7.7889580e+01   3.9415290e+01
   2.4000000e+01  -8.4354284e+00   1.7166750e+02   6.0264515e+00  -8.1583653e+01  -7.3962652e+01   2.7709175e+01
   2.4000000e+01  -1.4336157e+01   1.5993366e+02   8.0651372e+00  -7.8493435e+01  -6.8139454e+01   1.7523014e+01
   2.4000000e+01  -2.0506347e+01   1.4796848e+02   1.0395000e+01  -7.3600628e+01  -6.1609027e+01   8.1692629e+00
   2.4000000e+01  -2.3120694e+01   1.3611094e+02   1.3089719e+01  -6.7251726e+01  -5.4436961e+01  -7.3465721e-01
   2.4000000e+01  -2.3635715e+01   1.2459297e+02   1.5600104e+01  -5.9211989e+01  -4.7513078e+01  -1.0048232e+01
   2.4000000e+01  -2.2770993e+01   1.1416902e+02   1.7026497e+01  -5.0222070e+01  -4.1528874e+01  -1.9098528e+01
   2.4000000e+01  -1.8574428e+01   1.0646682e+02   1.7521912e+01  -4.0816183e+01  -3.6060906e+01  -2.7889080e+01
   2.4000000e+01  -1.5843353e+01   1.0120111e+02   1.8832511e+01  -3.1905420e+01  -2.9753297e+01  -3.4760529e+01
   2.4000000e+01  -1.4969032e+01   9.8320364e+01   2.1839994e+01  -2.3408540e+01  -2.2954638e+01  -3.8191814e+01
   2.4000000e+01  -1.4505867e+01   9.6850302e+01   2.5142075e+01  -1.6023758e+01  -1.6834565e+01  -3.4053827e+01
   2.4000000e+01  -1.6153215e+01   9.9440063e+01   2.1812790e+01  -1.2614535e+01  -1.7825740e+01  -2.6574649e+01
   2.4000000e+01  -1.7990667e+01   1.0386405e+02   1.8545840e+01  -1.1749547e+01  -2.0466615e+01  -1.8060977e+01
   2.4000000e+01  -1.8039968e+01   1.0938733e+02   1.6052077e+01  -1.7276459e+01  -2.3834926e+01  -9.5859620e+00
   2.4000000e+01  -2.0255519e+01   1.1356356e+02   1.5170106e+01  -1.8289808e+01  -2.8187720e+01  -4.1894910e+00
   2.4000000e+01  -2.0134668e+01   1.1734336e+02   1.4987491e+01  -2.2513252e+01  -3.1831424e+01   1.7517133e+00
   2.4000000e+01  -1.9847925e+01   1.2097469e+02   1.5314549e+01  -2.8036757e+01  -3.4393358e+01   6.8855979e+00
   2.4000000e+01  -2.0240976e+01   1.2461371e+02   1.5207788e+01  -3.1190480e+01  -3.6829760e+01   1.1242981e+01
   2.4000000e+01  -2.2807397e+01   1.2988735e+02   1.4174057e+01  -3.2871032e+01  -3.9924733e+01   1.4849620e+01
   2.4000000e+01  -2.2873628e+01   1.3340579e+02   1.2988694e+01  -3.6301868e+01  -4.2533139e+01   1.9122874e+01
   2.4000000e+01  -2.2332095e+01   1.3590114e+02   1.2705465e+01  -3.6905832e+01  -4.4831777e+01   2.3109792e+01
   2.4000000e+01  -2.1357242e+01   1.3895977e+02   1.3321347e+01  -3.9556026e+01  -4.6554998e+01   2.5179173e+01
   2.4000000e+01  -1.8553635e+01   1.4084618e+02   1.3448519e+01  -4.2527492e+01  -4.8316523e+01   2.8331982e+01
   2.4000000e+01  -1.7454040e+01   1.4650338e+02   1.3781207e+01  -4.5782933e+01  -5.1106869e+01   3.2074470e+01
   2.4000000e+01  -1.7123144e+01   1.5222751e+02   1.3374470e+01  -4.7493053e+01  -5.3911246e+01   3.6044154e+01
   2.4000000e+01  -1.7758707e+01   1.5884493e+02   1.3727464e+01  -5.1557631e+01  -5.8000776e+01   4.0358227e+01
   2.4000000e+01  -1.4654058e+01   1.6487570e+02   1.4218200e+01  -5.5006953e+01  -6.1403239e+01   4.3816889e+01
   2.4000000e+01  -1.0501204e+01   1.7043953e+02   1.2586264e+01  -5.9694476e+01  -6.3938970e+01   5.0559105e+01
   2.4000000e+01  -3.4538171e+00   1.7584394e+02   1.3171573e+01  -6.4634225e+01  -6.5013796e+01   5.6716537e+01
   2.4000000e+01  -6.0049713e+00   1.7971193e+02   9.9206659e+00  -6.9133099e+01  -6.8918774e+01   6.1705119e+01
   2.4000000e+01  -3.2075189e+00   1.8358475e+02   8.2552315e+00  -7.2488569e+01  -7.1200739e+01   6.6663575e+01
   2.4000000e+01  -4.6159118e+00   1.8902312e+02   5.4126802e+00  -7.1097958e+01  -7.3053814e+01   7.0486651e+01
   2.4000000e+01  -1.9970224e+00   1.9150138e+02   2.9795732e+00  -7.2058245e+01  -7.3694063e+01   7.7571929e+01
   2.4000000e+01  -5.0734969e-01   1.9226970e+02   4.5256455e+00  -7.1053420e+01  -7.3777770e+01   8.0079620e+01
   2.4000000e+01  -3.8053664e+00   1.9271868e+02   4.9474044e+00  -7.0235470e+01  -7.4703129e+01   8.1139600e+01
   2.4000000e+01  -3.9640488e+00   1.9169405e+02   5.3015020e+00  -6.9394659e+01  -7.5634086e+01   8.2036126e+01
   2.4000000e+01  -8.6701111e+00   1.9125566e+02   6.0647354e+00  -6.8490081e+01  -7.6454510e+01   8.1289834e+01
   2.4000000e+01  -1.0026943e+01   1.9068655e+02   6.9306519e+00  -6.7150996e+01  -7.7038227e+01   8.0130915e+01
   2.4000000e+01  -9.8765453e+00   1.8996634e+02   7.9155332e+00  -6.5907773e+01  -7.7737983e+01   7.7047801e+01
   2.4000000e+01  -1.2287017e+01   1.8723633e+02   7.8875584e+00  -7.3928751e+01  -8.1961514e+01   6.8943178e+01
   2.4000000e+01  -8.7505545e+00   1.8838283e+02   5.5610825e+00  -8.0292784e+01  -8.1940694e+01   5.7321062e+01
   2.4000000e+01  -4.0410224e+00   1.8885283e+02   5.5496005e+00  -8.5816396e+01  -7.9896806e+01   4.5606219e+01
   2.4000000e+01  -2.9191531e+00   1.8594646e+02   5.6152676e+00  -8.8759232e+01  -7.7221945e+01   3.4381732e+01
   2.4000000e+01  -5.6425371e+00   1.7813713e+02   6.3375208e+00  -8.8536604e+01  -7.3782465e+01   2.3928013e+01
   2.4000000e+01  -1.0844014e+01   1.6795497e+02   7.3130167e+00  -8.3264311e+01  -6.8608042e+01   1.3291757e+01
   2.4000000e+01  -1.4339570e+01   1.5614750e+02   1.1926240e+01  -7.7645553e+01  -6.1476143e+01   5.1147143e+00
   2.4000000e+01  -1.9791888e+01   1.4411883e+02   1.6094529e+01  -7.1642335e+01  -5.4386008e+01  -3.5956787e+00
   2.4000000e+01  -2.0303892e+01   1.3227986e+02   2.0612651e+01  -6.4054030e+01  -4.6263005e+01  -1.1955811e+01
   2.4000000e+01  -1.6776698e+01   1.2131992e+02   2.4311309e+01  -5.5296041e+01  -3.8226460e+01  -2.0439047e+01
   2.4000000e+01  -1.4471524e+01   1.1217191e+02   2.7157154e+01  -4.6004079e+01  -3.0472566e+01  -2.6383448e+01
   2.4000000e+01  -1.4572857e+01   1.0766911e+02   2.6453451e+01  -3.6363099e+01  -2.5378713e+01  -2.7366665e+01
   2.4000000e+01  -1.6075309e+01   1.0757949e+02   2.2043299e+01  -2.7301331e+01  -2.4831962e+01  -1.9911615e+01
   2.4000000e+01  -1.9115863e+01   1.1004060e+02   1.7942297e+01  -1.9606077e+01  -2.7687119e+01  -1.1032435e+01
   2.4000000e+01  -2.0975696e+01   1.1251687e+02   1.4878633e+01  -1.7054299e+01  -3.0348476e+01  -2.6345146e+00
   2.4000000e+01  -1.9498190e+01   1.1389407e+02   1.6522923e+01  -2.0422949e+01  -3.3945038e+01   2.6956626e+00
   2.4000000e+01  -2.0847167e+01   1.1865182e+02   1.7665068e+01  -2.4104374e+01  -3.9512929e+01   8.9461134e+00
   2.4000000e+01  -2.0354204e+01   1.2357597e+02   1.7848238e+01  -2.8838907e+01  -4.2689686e+01   1.4211303e+01
   2.4000000e+01  -2.2239470e+01   1.2913358e+02   1.7103636e+01  -3.2188921e+01  -4.6457414e+01   1.8536938e+01
   2.4000000e+01  -2.2688981e+01   1.3319019e+02   1.5972985e+01  -3.4542518e+01  -4.9419913e+01   2.2896828e+01
   2.4000000e+01  -2.2899753e+01   1.3646020e+02   1.4824543e+01  -3.6693563e+01  -5.0241762e+01   2.5445501e+01
   2.4000000e+01  -2.2203515e+01   1.3782759e+02   1.3895851e+01  -3.8349653e+01  -5.0505989e+01   2.8186931e+01
   2.4000000e+01  -2.0069719e+01   1.4128489e+02   1.4524367e+01  -4.1752977e+01  -5.1371199e+01   2.9524205e+01
   2.4000000e+01  -1.6578607e+01   1.4427974e+02   1.5273834e+01  -4.5769525e+01  -5.2810025e+01   3.2796673e+01
   2.4000000e+01  -1.8575786e+01   1.5030424e+02   1.4870972e+01  -4.8596544e+01  -5.5810463e+01   3.5665580e+01
   2.4000000e+01  -1.8681926e+01   1.5629330e+02   1.4984557e+01  -5.1878342e+01  -5.9075443e+01   3.9736011e+01
   2.4000000e+01  -1.7078946e+01   1.6283612e+02   1.5346737e+01  -5.5279710e+01  -6.2190432e+01   4.4646316e+01
   2.4000000e+01  -1.4454036e+01   1.6869029e+02   1.5942644e+01  -5.8856974e+01  -6.4973736e+01   4.7320249e+01
   2.4000000e+01  -9.0105507e+00   1.7336961e+02   1.4939603e+01  -6.3330880e+01  -6.6972997e+01   5.3456356e+01
   2.4000000e+01  -4.8659024e+00   1.7797228e+02   1.4411125e+01  -6.7887315e+01  -6.8948235e+01   5.8727341e+01
   2.4000000e+01  -6.3453898e+00   1.8165207e+02   1.0980514e+01  -7.2180544e+01  -7.1909806e+01   6.3957457e+01
   2.4000000e+01  -7.4410085e+00   1.8501753e+02   8.3820326e+00  -7.5929304e+01  -7.3855800e+01   6.7385396e+01
   2.4000000e+01  -4.6087480e+00   1.8821163e+02   8.3576431e+00  -7.7046644e+01  -7.4104562e+01   7.0597160e+01
   2.4000000e+01  -1.0640481e+00   1.8869342e+02   7.4365572e+00  -7.8258070e+01  -7.4836123e+01   7.4517407e+01
   2.4000000e+01   1.4507393e+00   1.9098073e+02   7.4040100e+00  -7.9152560e+01  -7.5258187e+01   7.9048732e+01
   2.4000000e+01   1.3686696e+00   1.9234800e+02   9.0639383e+00  -7.9252701e+01  -7.4910810e+01   8.1342934e+01
   2.4000000e+01   4.5532168e+00   1.9212879e+02   1.0291640e+01  -7.9182967e+01  -7.4476082e+01   8.1910449e+01
   2.4000000e+01   3.6632503e+00   1.9225992e+02   9.7989269e+00  -7.9158803e+01  -7.4477244e+01   8.2335671e+01
   2.4000000e+01   1.7108406e+00   1.8986566e+02   1.1141785e+01  -7.8448677e+01  -7.3545510e+01   8.1970468e+01
   2.4000000e+01   7.3647510e+00   1.9095128e+02   1.2901417e+01  -7.7124618e+01  -7.2427332e+01   8.1397883e+01
   2.4000000e+01   1.1311128e+01   1.9037162e+02   1.4729035e+01  -7.5947702e+01  -7.1608709e+01   8.0201630e+01
   2.4000000e+01   7.2455282e+00   1.9291725e+02   1.3374658e+01  -8.0082026e+01  -7.4588464e+01   6.8060419e+01
   2.4000000e+01   5.4606186e+00   1.9517810e+02   1.0592947e+01  -8.8137156e+01  -7.5472272e+01   5.6146128e+01
   2.4000000e+01   2.9346106e+00   1.9383395e+02   7.9700134e+00  -9.4732753e+01  -7.6033250e+01   4.5495786e+01
   2.4000000e+01   1.8376430e+00   1.9118838e+02   5.5495273e+00  -9.6433932e+01  -7.4772709e+01   3.3928177e+01
   2.4000000e+01  -2.9218691e+00   1.8449494e+02   4.4070428e+00  -9.3685204e+01  -7.2683452e+01   2.2831624e+01
   2.4000000e+01  -6.7780961e+00   1.7398574e+02   5.1051651e+00  -8.9072436e+01  -6.8227816e+01   1.2392397e+01
   2.4000000e+01  -1.3115156e+01   1.6203685e+02   7.3621616e+00  -8.3874987e+01  -6.2276243e+01   3.6930276e+00
   2.4000000e+01  -1.7974369e+01   1.4971639e+02   1.1292126e+01  -7.8489485e+01  -5.4849216e+01  -4.2004943e+00
   2.4000000e+01  -1.9556003e+01   1.3740137e+02   1.6258044e+01  -7.2107871e+01  -4.6430566e+01  -1.1781478e+01
   2.4000000e+01  -1.6756351e+01   1.2566555e+02   2.0593077e+01  -6.4633878e+01  -3.8049894e+01  -2.1449010e+01
   2.4000000e+01  -1.5136649e+01   1.1548561e+02   2.3312254e+01  -5.6074639e+01  -3.0653619e+01  -3.1092165e+01
   2.4000000e+01  -1.1080146e+01   1.0714051e+02   2.7779007e+01  -4.7185614e+01  -2.2442802e+01  -3.9389681e+01
   2.4000000e+01  -1.0062857e+01   1.0299570e+02   3.0595209e+01  -3.8126903e+01  -1.5517540e+01  -4.4009206e+01
   2.4000000e+01  -1.2595783e+01   1.0337375e+02   2.8056570e+01  -2.9111109e+01  -1.4133122e+01  -4.2711672e+01
   2.4000000e+01  -1.4859313e+01   1.0754192e+02   2.2574725e+01  -2.2488042e+01  -1.5621375e+01  -3.2715092e+01
   2.4000000e+01  -1.4379387e+01   1.0785121e+02   1.9682164e+01  -1.9464153e+01  -1.7894957e+01  -2.3565585e+01
   2.4000000e+01  -1.5252781e+01   1.1166840e+02   1.8246418e+01  -2.0680035e+01  -2.2317740e+01  -1.5082982e+01
   2.4000000e+01  -1.7009951e+01   1.1754755e+02   1.6037399e+01  -2.3098483e+01  -2.5877956e+01  -8.0670546e+00
   2.4000000e+01  -1.5758989e+01   1.2028141e+02   1.6898576e+01  -2.5012515e+01  -3.0263158e+01  -3.2475659e+00
   2.4000000e+01  -1.7619933e+01   1.2617899e+02   1.5193667e+01  -2.8333473e+01  -3.3362104e+01   2.6326671e+00
   2.4000000e+01  -1.8047919e+01   1.2978030e+02   1.4241525e+01  -3.0272701e+01  -3.5019353e+01   6.0395449e+00
   2.4000000e+01  -1.9752472e+01   1.3463934e+02   1.3347176e+01  -3.3584111e+01  -3.7103158e+01   9.5384355e+00
   2.4000000e+01  -1.9911989e+01   1.3729553e+02   1.2819221e+01  -3.4959777e+01  -3.9328327e+01   1.2460547e+01
   2.4000000e+01  -2.0073912e+01   1.3953513e+02   1.1822371e+01  -3.6888384e+01  -4.1818253e+01   1.7157110e+01
   2.4000000e+01  -1.8883246e+01   1.4175479e+02   1.3163306e+01  -3.9661578e+01  -4.3492600e+01   1.9694525e+01
   2.4000000e+01  -1.5284879e+01   1.4348556e+02   1.4331092e+01  -4.2194282e+01  -4.5048170e+01   2.2957815e+01
   2.4000000e+01  -1.6126692e+01   1.4938764e+02   1.3402105e+01  -4.4827651e+01  -4.8285720e+01   2.8091107e+01
   2.4000000e+01  -1.6559534e+01   1.5541550e+02   1.3516598e+01  -4.7526228e+01  -5.0682362e+01   3.1653129e+01
   2.4000000e+01  -1.6292407e+01   1.6162505e+02   1.1087121e+01  -5.0630493e+01  -5.3752169e+01   3.6149334e+01
   2.4000000e+01  -1.6746936e+01   1.6723033e+02   1.1381505e+01  -5.3722237e+01  -5.6540303e+01   3.8440949e+01
   2.4000000e+01  -1.5062311e+01   1.7130213e+02   1.1090722e+01  -5.7288302e+01  -5.9341655e+01   4.3979812e+01
   2.4000000e+01  -1.1955363e+01   1.7473699e+02   1.1185431e+01  -5.9598615e+01  -6.1235448e+01   4.6823820e+01
   2.4000000e+01  -1.1628499e+01   1.7839428e+02   1.0046432e+01  -6.1287674e+01  -6.3666230e+01   5.0727247e+01
   2.4000000e+01  -8.4167959e+00   1.8122870e+02   9.6181278e+00  -6.2287670e+01  -6.5377698e+01   5.5032990e+01
   2.4000000e+01  -1.0289510e+01   1.8409776e+02   8.2329028e+00  -6.2660410e+01  -6.8837061e+01   5.7362070e+01
   2.4000000e+01  -1.0965474e+01   1.8655050e+02   7.3567013e+00  -6.2737087e+01  -7.2090912e+01   5.9730702e+01
   2.4000000e+01  -1.2136817e+01   1.8976209e+02   5.3934450e+00  -6.2869818e+01  -7.5901004e+01   6.3850436e+01
   2.4000000e+01  -1.2615952e+01   1.8935894e+02   5.9751406e+00  -6.2741938e+01  -7.7719233e+01   6.4907206e+01
   2.4000000e+01  -1.2498447e+01   1.8741178e+02   8.2873070e+00  -6.7802073e+01  -8.2064405e+01   6.0579632e+01
   2.4000000e+01  -1.1684479e+01   1.8687439e+02   3.5285672e+00  -7.5042654e+01  -8.1676015e+01   4.8512816e+01
   2.4000000e+01  -1.1776744e+01   1.7681688e+02   4.6346372e+00  -7.4068506e+01  -7.7828044e+01   3.6672339e+01
   2.4000000e+01  -1.5467302e+01   1.6508436e+02   6.8118110e+00  -7.3352720e+01  -7.1642408e+01   2.5884469e+01
   2.4000000e+01  -1.9832734e+01   1.5302005e+02   1.1598631e+01  -6.8812592e+01  -6.4547131e+01   1.7229493e+01
   2.4000000e+01  -2.4789594e+01   1.4111695e+02   1.6023799e+01  -6.1350961e+01  -5.7284546e+01   9.1408058e+00
   2.4000000e+01  -2.4078444e+01   1.2936674e+02   2.0782294e+01  -5.2751809e+01  -4.9331359e+01   1.0767576e+00
   2.4000000e+01  -2.2017222e+01   1.1835525e+02   2.3142735e+01  -4.3486840e+01  -4.1941058e+01  -7.3841216e+00
   2.4000000e+01  -1.9394559e+01   1.0867856e+02   2.4984458e+01  -3.3716960e+01  -3.5055158e+01  -1.6754878e+01
   2.4000000e+01  -1.6182665e+01   1.0256079e+02   2.4462284e+01  -2.4069931e+01  -2.9092642e+01  -2.5051871e+01
   2.4000000e+01  -1.4916393e+01   9.8576407e+01   2.5865082e+01  -1.6364420e+01  -2.2284275e+01  -2.9525120e+01
   2.4000000e+01  -1.8399279e+01   1.0109308e+02   2.4856731e+01  -1.1439860e+01  -1.9240124e+01  -2.9825049e+01
   2.4000000e+01  -1.9244634e+01   1.0418653e+02   2.1650020e+01  -1.2772044e+01  -1.8827631e+01  -2.5946898e+01
   2.4000000e+01  -2.0760197e+01   1.1031444e+02   1.7423727e+01  -1.6750525e+01  -1.9809505e+01  -1.9183936e+01
   2.4000000e+01  -1.8458674e+01   1.1301206e+02   1.7529944e+01  -2.2358114e+01  -2.1469191e+01  -1.4719090e+01
   2.4000000e+01  -1.8147218e+01   1.1651620e+02   1.6579711e+01  -2.4476542e+01  -2.3686594e+01  -1.0339947e+01
   2.4000000e+01  -1.8677197e+01   1.2005754e+02   1.6131111e+01  -2.6248569e+01  -2.5522795e+01  -6.4767782e+00
   2.4000000e+01  -1.8885789e+01   1.2388833e+02   1.5539969e+01  -2.9746342e+01  -2.8233611e+01  -1.0620539e+00
   2.4000000e+01  -1.9084673e+01   1.2695234e+02   1.4950142e+01  -3.0724078e+01  -3.0266049e+01   2.5095500e+00
   2.4000000e+01  -1.9736424e+01   1.3133075e+02   1.3489134e+01  -3.2794754e+01  -3.2508099e+01   6.8937359e+00
   2.4000000e+01  -1.9733250e+01   1.3383754e+02   1.3533201e+01  -3.4607514e+01  -3.3797601e+01   8.6157941e+00
   2.4000000e+01  -1.9594628e+01   1.3616301e+02   1.2999923e+01  -3.6816900e+01  -3.5627499e+01   1.1737886e+01
   2.4000000e+01  -1.6438345e+01   1.3872620e+02   1.4086210e+01  -3.9894076e+01  -3.7846652e+01   1.5686870e+01
   2.4000000e+01  -1.5880873e+01   1.4242569e+02   1.5651163e+01  -4.2312438e+01  -4.1276196e+01   1.8922471e+01
   2.4000000e+01  -1.4266414e+01   1.4499687e+02   1.5098460e+01  -4.4433909e+01  -4.3897685e+01   2.3860728e+01
   2.4000000e+01  -1.2387302e+01   1.4765554e+02   1.4293675e+01  -4.6301480e+01  -4.6555612e+01   2.8149450e+01
   2.4000000e+01  -1.3025758e+01   1.5190294e+02   1.4346819e+01  -4.7662209e+01  -4.8773615e+01   3.2075175e+01
   2.4000000e+01  -1.4629338e+01   1.5927427e+02   1.2945325e+01  -4.9311338e+01  -5.2877127e+01   3.6137035e+01
   2.4000000e+01  -1.1096122e+01   1.6388946e+02   1.2533823e+01  -5.3621582e+01  -5.5573478e+01   4.0793998e+01
   2.4000000e+01  -6.8126579e+00   1.7024202e+02   1.3273918e+01  -5.6918862e+01  -5.7579290e+01   4.4805266e+01
   2.4000000e+01  -7.6120919e+00   1.7613888e+02   1.1911047e+01  -5.8926379e+01  -6.0837231e+01   4.9849922e+01
   2.4000000e+01  -1.0372305e+01   1.8116919e+02   8.4395067e+00  -5.9652568e+01  -6.5354007e+01   5.2561661e+01
   2.4000000e+01  -9.6854368e+00   1.8441392e+02   5.6851554e+00  -6.0221977e+01  -6.9472672e+01   5.5789611e+01
   2.4000000e+01  -9.5423707e+00   1.8835350e+02   3.4411820e+00  -6.0844134e+01  -7.3593743e+01   5.8942536e+01
   2.4000000e+01  -1.0397512e+01   1.8855220e+02   5.2500846e+00  -6.4331691e+01  -7.8469996e+01   5.4225715e+01
   2.4000000e+01  -7.6680382e+00   1.8806389e+02   4.9588577e+00  -7.3031702e+01  -8.1405132e+01   4.8400466e+01
   2.4000000e+01  -8.9427611e+00   1.8553257e+02   3.6954567e+00  -7.7984842e+01  -8.2578765e+01   3.8611379e+01
   2.4000000e+01  -1.0890176e+01   1.7652198e+02   3.3724179e+00  -7.6113756e+01  -8.0018174e+01   2.7999243e+01
   2.4000000e+01  -1.4268141e+01   1.6539297e+02   3.4741297e+00  -7.3763381e+01  -7.5121711e+01   1.6952806e+01
   2.4000000e+01  -1.8080280e+01   1.5335335e+02   8.7198030e+00  -7.1356526e+01  -6.7955391e+01   1.0637715e+01
   2.4000000e+01  -2.1941547e+01   1.4153485e+02   1.3927249e+01  -6.4211952e+01  -6.0720680e+01   3.5699410e+00
   2.4000000e+01  -2.2989767e+01   1.3035958e+02   1.5767057e+01  -5.5897048e+01  -5.4567560e+01  -4.5978606e+00
   2.4000000e+01  -2.1552618e+01   1.2045562e+02   1.7120686e+01  -4.6675880e+01  -4.8304333e+01  -1.2328377e+01
   2.4000000e+01  -1.9495829e+01   1.1206592e+02   1.8078067e+01  -3.7082746e+01  -4.2448746e+01  -2.0214857e+01
   2.4000000e+01  -1.8836258e+01   1.0561203e+02   1.8542911e+01  -2.7549062e+01  -3.7293587e+01  -2.7666065e+01
   2.4000000e+01  -1.7997429e+01   1.0205210e+02   2.0444820e+01  -1.8432434e+01  -3.2018564e+01  -3.1873234e+01
   2.4000000e+01  -1.8410354e+01   9.9736464e+01   2.1892698e+01  -1.0442683e+01  -2.6781565e+01  -3.4739969e+01
   2.4000000e+01  -2.0100801e+01   1.0050935e+02   2.3707570e+01  -7.4328386e+00  -2.1483666e+01  -3.0383937e+01
   2.4000000e+01  -1.9769852e+01   1.0246692e+02   2.1490625e+01  -8.9985067e+00  -2.0189490e+01  -2.4394414e+01
   2.4000000e+01  -2.0810388e+01   1.0769221e+02   1.7323854e+01  -1.4233584e+01  -2.1692694e+01  -1.5982544e+01
   2.4000000e+01  -2.0897334e+01   1.1191050e+02   1.4454891e+01  -1.8348764e+01  -2.2526938e+01  -1.0911194e+01
   2.4000000e+01  -2.1330292e+01   1.1551191e+02   1.4164290e+01  -2.0548371e+01  -2.5605293e+01  -6.6753687e+00
   2.4000000e+01  -2.0895305e+01   1.1919495e+02   1.3087409e+01  -2.4437204e+01  -2.8308267e+01  -5.8449445e-02
   2.4000000e+01  -2.1456456e+01   1.2314216e+02   1.3509675e+01  -2.7632589e+01  -3.1626329e+01   4.5057290e+00
   2.4000000e+01  -2.1951118e+01   1.2509446e+02   1.4447171e+01  -2.9095331e+01  -3.4389921e+01   7.0415811e+00
   2.4000000e+01  -2.3202245e+01   1.2804621e+02   1.4083049e+01  -2.9076077e+01  -3.7639043e+01   1.0644812e+01
   2.4000000e+01  -2.4042205e+01   1.3132895e+02   1.2530276e+01  -3.1542912e+01  -3.9255991e+01   1.4756845e+01
   2.4000000e+01  -2.2161933e+01   1.3526455e+02   1.2199671e+01  -3.5909363e+01  -4.0199861e+01   1.8941766e+01
   2.4000000e+01  -2.2512660e+01   1.3875897e+02   1.2033936e+01  -3.8485283e+01  -4.2169936e+01   2.1765804e+01
   2.4000000e+01  -2.1886734e+01   1.4020466e+02   1.1284817e+01  -3.9713529e+01  -4.4439445e+01   2.5013643e+01
   2.4000000e+01  -1.9162520e+01   1.4266728e+02   1.2730454e+01  -4.2441691e+01  -4.6284441e+01   2.6840466e+01
   2.4000000e+01  -1.5790588e+01   1.4508141e+02   1.4434513e+01  -4.5164643e+01  -4.7952223e+01   2.9250773e+01
   2.4000000e+01  -1.7326140e+01   1.4993562e+02   1.3836162e+01  -4.7217964e+01  -5.1073609e+01   3.1907594e+01
   2.4000000e+01  -1.5085050e+01   1.5280077e+02   1.4790616e+01  -5.0669343e+01  -5.2805178e+01   3.5131135e+01
   2.4000000e+01  -1.5372009e+01   1.5858682e+02   1.4945424e+01  -5.3123693e+01  -5.5610666e+01   4.0282997e+01
   2.4000000e+01  -1.6631252e+01   1.6390634e+02   1.3031148e+01  -5.5409921e+01  -5.9599720e+01   4.3955054e+01
   2.4000000e+01  -1.4255316e+01   1.6964697e+02   1.1931089e+01  -5.8005023e+01  -6.2324579e+01   4.7054259e+01
   2.4000000e+01  -1.1732199e+01   1.7497386e+02   1.0857140e+01  -6.1330569e+01  -6.4761093e+01   5.3136941e+01
   2.4000000e+01  -8.6849616e+00   1.7855609e+02   1.0780060e+01  -6.4471661e+01  -6.7291901e+01   5.7626750e+01
   2.4000000e+01  -7.9996652e+00   1.8256175e+02   9.5279555e+00  -6.5867330e+01  -7.0578779e+01   6.1023304e+01
   2.4000000e+01  -1.1168374e+01   1.8636957e+02   6.1928586e+00  -6.8334761e+01  -7.5382947e+01   6.4872678e+01
   2.4000000e+01  -1.0056613e+01   1.9039462e+02   4.0721957e+00  -6.8579018e+01  -7.7561823e+01   6.7851934e+01
   2.4000000e+01  -7.9029478e+00   1.9203003e+02   3.5795919e+00  -6.7782665e+01  -7.7434583e+01   7.3001997e+01
   2.4000000e+01  -7.9342024e+00   1.9167684e+02   3.9458419e+00  -6.7082250e+01  -7.7182069e+01   7.5267330e+01
   2.4000000e+01  -1.2298629e+01   1.9036386e+02   4.8077470e+00  -7.3698051e+01  -8.0087579e+01   6.9932089e+01
   2.4000000e+01  -7.8486931e+00   1.8942122e+02   4.4062527e+00  -7.7515582e+01  -7.8047522e+01   6.2811858e+01
   2.4000000e+01  -6.6161250e+00   1.7923604e+02   5.2585150e+00  -8.0586276e+01  -7.5346864e+01   5.7611033e+01
   2.4000000e+01  -9.2667542e+00   1.6947604e+02   5.2781424e+00  -7.6443507e+01  -7.3233653e+01   4.5408891e+01
   2.4000000e+01  -1.4172806e+01   1.5941993e+02   2.7545446e+00  -7.1312375e+01  -7.0266485e+01   3.3379870e+01
   2.4000000e+01  -1.6838169e+01   1.4885957e+02   4.8765975e+00  -6.4584384e+01  -6.5180918e+01   2.2378925e+01
   2.4000000e+01  -2.1236840e+01   1.3825963e+02   7.7235065e+00  -5.6616366e+01  -6.0083382e+01   1.3875143e+01
   2.4000000e+01  -2.0659517e+01   1.2732377e+02   1.1611677e+01  -4.7867381e+01  -5.3555703e+01   4.2658960e+00
   2.4000000e+01  -2.0490598e+01   1.1704951e+02   1.5269172e+01  -3.8595570e+01  -4.7137661e+01  -3.9882159e+00
   2.4000000e+01  -1.7219526e+01   1.0838943e+02   1.7420976e+01  -2.9575225e+01  -4.0537237e+01  -1.1605413e+01
   2.4000000e+01  -1.6011003e+01   1.0101801e+02   2.0293248e+01  -2.1267773e+01  -3.3552569e+01  -1.6762182e+01
   2.4000000e+01  -1.6790363e+01   1.0069435e+02   2.4245660e+01  -1.4808587e+01  -2.6536825e+01  -1.8435574e+01
   2.4000000e+01  -1.7697827e+01   1.0389679e+02   2.1818072e+01  -1.6200141e+01  -2.4388376e+01  -1.4452503e+01
   2.4000000e+01  -1.9524408e+01   1.0885908e+02   1.8961269e+01  -1.8193407e+01  -2.6041788e+01  -8.8399200e+00
   2.4000000e+01  -2.0497314e+01   1.1284233e+02   1.6944951e+01  -1.9592619e+01  -2.8917716e+01  -3.6111356e+00
   2.4000000e+01  -1.9922555e+01   1.1649467e+02   1.5137818e+01  -2.2644549e+01  -3.0581656e+01   1.3751760e+00
   2.4000000e+01  -1.9872280e+01   1.1989978e+02   1.4288026e+01  -2.4891087e+01  -3.2856988e+01   6.0335157e+00
   2.4000000e+01  -2.0830822e+01   1.2297827e+02   1.4620073e+01  -2.6556699e+01  -3.5907604e+01   1.0306761e+01
   2.4000000e+01  -2.1341825e+01   1.2657305e+02   1.5009155e+01  -2.8594216e+01  -3.8707203e+01   1.4002189e+01
   2.4000000e+01  -2.2716242e+01   1.3067051e+02   1.3331730e+01  -2.8859421e+01  -4.2164147e+01   1.8110482e+01
   2.4000000e+01  -2.1885932e+01   1.3440160e+02   1.2895430e+01  -3.3920370e+01  -4.3780876e+01   2.2559912e+01
   2.4000000e+01  -2.1816584e+01   1.3722583e+02   1.2072940e+01  -3.6942801e+01  -4.5542280e+01   2.6460882e+01
   2.4000000e+01  -2.1784731e+01   1.4037810e+02   1.2668655e+01  -3.8215725e+01  -4.7392868e+01   2.8419082e+01
   2.4000000e+01  -1.9103623e+01   1.4386548e+02   1.3722426e+01  -4.1181885e+01  -4.8780053e+01   3.0485116e+01
   2.4000000e+01  -1.7226360e+01   1.4721898e+02   1.3936051e+01  -4.4656413e+01  -5.0797747e+01   3.3628820e+01
   2.4000000e+01  -1.4196913e+01   1.5052892e+02   1.4440599e+01  -4.7192752e+01  -5.2322018e+01   3.6275713e+01
   2.4000000e+01  -1.3145457e+01   1.5478339e+02   1.4996111e+01  -5.0154347e+01  -5.4150567e+01   4.0531047e+01
   2.4000000e+01  -1.4370054e+01   1.5881187e+02   1.4221753e+01  -5.3063557e+01  -5.7402138e+01   4.3930741e+01
   2.4000000e+01  -1.2827958e+01   1.6592064e+02   1.4058027e+01  -5.6061345e+01  -5.9959548e+01   4.7331550e+01
   2.4000000e+01  -1.0701588e+01   1.7335742e+02   1.2742482e+01  -5.8898414e+01  -6.3056630e+01   5.1861814e+01
   2.4000000e+01  -6.9925923e+00   1.7822663e+02   1.2140006e+01  -6.1299238e+01  -6.5039196e+01   5.6683066e+01
   2.4000000e+01  -7.7513206e+00   1.8150385e+02   8.6779332e+00  -6.3184424e+01  -6.8168759e+01   6.0597066e+01
   2.4000000e+01  -8.1723959e+00   1.8346848e+02   6.4887980e+00  -6.5947654e+01  -7.0877156e+01   6.5303667e+01
   2.4000000e+01  -5.2991326e+00   1.8784773e+02   4.4307539e+00  -6.5247698e+01  -7.3074920e+01   6.8212995e+01
   2.4000000e+01  -6.1993599e+00   1.9178564e+02   1.5228741e+00  -6.5523746e+01  -7.5504178e+01   7.1232371e+01
   2.4000000e+01  -9.5670528e+00   1.9139094e+02   3.0348824e+00  -6.5182529e+01  -7.5484185e+01   7.2280262e+01
   2.4000000e+01  -1.1235529e+01   1.8990079e+02   6.0402264e+00  -6.6570085e+01  -7.7899487e+01   6.7129092e+01
   2.4000000e+01  -8.4290116e+00   1.8787853e+02   3.9412972e+00  -7.5284260e+01  -7.9723240e+01   5.7208953e+01
   2.4000000e+01  -9.9559251e+00   1.8534968e+02   4.4165640e+00  -7.7723507e+01  -8.0538330e+01   4.7695755e+01
   2.4000000e+01  -9.1976321e+00   1.7835914e+02   3.9108181e+00  -7.7208393e+01  -7.7965196e+01   3.6323548e+01
   2.4000000e+01  -1.1914857e+01   1.6771656e+02   4.0186295e+00  -7.4844921e+01  -7.3333811e+01   2.4751883e+01
   2.4000000e+01  -1.7566117e+01   1.5595315e+02   7.1936172e+00  -7.2298170e+01  -6.6841361e+01   1.6793402e+01
   2.4000000e+01  -2.1785916e+01   1.4421037e+02   1.1295881e+01  -6.5945647e+01  -6.0371927e+01   8.4808776e+00
   2.4000000e+01  -2.4887680e+01   1.3299189e+02   1.3441045e+01  -5.7675195e+01  -5.4450222e+01  -4.9960570e-01
   2.4000000e+01  -2.2913489e+01   1.2291596e+02   1.5188764e+01  -4.8762413e+01  -4.8371973e+01  -7.5595265e+00
   2.4000000e+01  -2.1364039e+01   1.1418830e+02   1.5774078e+01  -3.9125729e+01  -4.3350958e+01  -1.6717348e+01
   2.4000000e+01  -1.8318509e+01   1.0670738e+02   1.5782930e+01  -2.9740133e+01  -3.8992084e+01  -2.5124791e+01
   2.4000000e+01  -1.7455221e+01   1.0107213e+02   1.7591482e+01  -2.0910249e+01  -3.2970572e+01  -3.1755074e+01
   2.4000000e+01  -1.7398658e+01   9.7830501e+01   2.0896635e+01  -1.2554363e+01  -2.6537938e+01  -3.6203115e+01
   2.4000000e+01  -1.8317530e+01   9.6897841e+01   2.5255099e+01  -8.8466831e+00  -2.0083869e+01  -3.1836248e+01
   2.4000000e+01  -1.8549388e+01   9.8893842e+01   2.3858690e+01  -8.3286069e+00  -1.9000400e+01  -2.5692269e+01
   2.4000000e+01  -2.0773249e+01   1.0510586e+02   2.0425536e+01  -1.2856831e+01  -2.1402520e+01  -1.8143418e+01
   2.4000000e+01  -2.0042484e+01   1.0736025e+02   2.0240747e+01  -1.6113281e+01  -2.3715996e+01  -1.3710309e+01
   2.4000000e+01  -2.1096606e+01   1.1071410e+02   1.6718711e+01  -1.8451324e+01  -2.4575518e+01  -8.6114501e+00
   2.4000000e+01  -2.1495580e+01   1.1436322e+02   1.7334428e+01  -2.0882457e+01  -2.8783887e+01  -4.9585935e+00
   2.4000000e+01  -2.0040772e+01   1.1771300e+02   1.7498076e+01  -2.6777006e+01  -3.1198211e+01   2.4251064e-01
   2.4000000e+01  -2.0935765e+01   1.2232665e+02   1.6832715e+01  -3.0659652e+01  -3.3793973e+01   5.5231690e+00
   2.4000000e+01  -2.1376143e+01   1.2517052e+02   1.6655202e+01  -3.2885191e+01  -3.5135735e+01   7.9795452e+00
   2.4000000e+01  -2.1923944e+01   1.2910351e+02   1.5974557e+01  -3.4838019e+01  -3.7159948e+01   1.1531915e+01
   2.4000000e+01  -2.2259932e+01   1.3271519e+02   1.5114801e+01  -3.6849683e+01  -3.9211936e+01   1.5296969e+01
   2.4000000e+01  -2.4013471e+01   1.3602959e+02   1.1800016e+01  -3.6298279e+01  -4.1290635e+01   1.9705250e+01
   2.4000000e+01  -2.1754177e+01   1.3841743e+02   1.2233533e+01  -3.8796104e+01  -4.1626956e+01   2.2197851e+01
   2.4000000e+01  -1.9382084e+01   1.4176312e+02   1.1663186e+01  -4.1422730e+01  -4.3003425e+01   2.5607604e+01
   2.4000000e+01  -1.7770354e+01   1.4458455e+02   9.7080969e+00  -4.3437134e+01  -4.4837407e+01   3.0317993e+01
   2.4000000e+01  -1.7280713e+01   1.4964109e+02   8.5168594e+00  -4.5419518e+01  -4.6047526e+01   3.2255326e+01
   2.4000000e+01  -1.5089179e+01   1.5399028e+02   7.4554094e+00  -4.8835156e+01  -4.7091104e+01   3.6409101e+01
   2.4000000e+01  -1.5219376e+01   1.5949721e+02   6.9178008e+00  -5.1436070e+01  -4.9034589e+01   3.9297039e+01
   2.4000000e+01  -1.2707802e+01   1.6613688e+02   5.9591260e+00  -5.5616455e+01  -5.1612540e+01   4.2740356e+01
   2.4000000e+01  -1.2277196e+01   1.7255886e+02   4.5161116e+00  -5.8063260e+01  -5.4454801e+01   4.6811870e+01
   2.4000000e+01  -9.1132640e+00   1.7762861e+02   3.8481784e+00  -6.0361770e+01  -5.6609342e+01   5.1556030e+01
   2.4000000e+01  -9.2940730e+00   1.8112749e+02   4.1162705e+00  -6.2420756e+01  -5.9501737e+01   5.5500413e+01
   2.4000000e+01  -1.0906981e+01   1.8443288e+02   2.6613000e+00  -6.3602477e+01  -6.4347115e+01   5.9320809e+01
   2.4000000e+01  -1.1160103e+01   1.8825906e+02   2.0373212e+00  -6.3684037e+01  -6.8302551e+01   6.1579099e+01
   2.4000000e+01  -1.1859012e+01   1.8967321e+02   1.8239637e+00  -6.4036472e+01  -7.1871465e+01   6.3467884e+01
   2.4000000e+01  -1.1719856e+01   1.8880939e+02   3.8103003e+00  -6.5423124e+01  -7.5670713e+01   6.5852494e+01
   2.4000000e+01  -9.7820416e+00   1.8716214e+02   3.4287916e+00  -7.2088146e+01  -7.9996076e+01   6.0059434e+01
   2.4000000e+01  -9.6619891e+00   1.8492864e+02   6.1566346e+00  -7.5612115e+01  -8.1534782e+01   5.1482450e+01
   2.4000000e+01  -9.9630820e+00   1.7738904e+02   5.1729066e+00  -7.1264556e+01  -7.9138314e+01   4.0064255e+01
   2.4000000e+01  -1.1608769e+01   1.6762738e+02   3.5038706e+00  -6.7030147e+01  -7.6080374e+01   2.8087931e+01
   2.4000000e+01  -1.5031498e+01   1.5690026e+02   4.0269085e+00  -6.1578581e+01  -7.0679036e+01   1.6342036e+01
   2.4000000e+01  -1.8659920e+01   1.4507372e+02   8.4908627e+00  -5.7449389e+01  -6.3933277e+01   7.0331826e+00
   2.4000000e+01  -2.3150602e+01   1.3355077e+02   1.2394005e+01  -5.0663965e+01  -5.7215189e+01   3.5525080e-01
   2.4000000e+01  -2.1263660e+01   1.2279244e+02   1.5367146e+01  -4.2797528e+01  -5.1014047e+01  -5.2897598e+00
   2.4000000e+01  -1.7758380e+01   1.1330621e+02   1.8390753e+01  -3.3705847e+01  -4.3955570e+01  -1.3789363e+01
   2.4000000e+01  -1.5543848e+01   1.0609792e+02   2.1342260e+01  -2.4632900e+01  -3.7014044e+01  -2.1004472e+01
   2.4000000e+01  -1.6957388e+01   1.0228536e+02   2.4330220e+01  -1.6342323e+01  -3.0449630e+01  -2.4649406e+01
   2.4000000e+01  -1.5811856e+01   1.0288417e+02   2.8413134e+01  -1.3726332e+01  -2.5146501e+01  -2.3911812e+01
   2.4000000e+01  -1.7891853e+01   1.0991131e+02   2.4039682e+01  -1.7188171e+01  -2.6351346e+01  -1.8379903e+01
   2.4000000e+01  -1.6992746e+01   1.1378707e+02   2.2189343e+01  -2.1867793e+01  -2.7837367e+01  -1.3242049e+01
   2.4000000e+01  -1.7747440e+01   1.1728290e+02   2.0679303e+01  -2.2701535e+01  -2.9854192e+01  -8.4107926e+00
   2.4000000e+01  -1.6681781e+01   1.1868404e+02   2.0051276e+01  -2.4702385e+01  -3.1255547e+01  -3.7628678e+00
   2.4000000e+01  -1.7489920e+01   1.2222219e+02   1.9338773e+01  -2.6219017e+01  -3.4129552e+01   8.4308585e-01
   2.4000000e+01  -1.7684462e+01   1.2405229e+02   1.9150159e+01  -2.6756932e+01  -3.6331417e+01   3.9251029e+00
   2.4000000e+01  -1.9742746e+01   1.2866958e+02   1.5915102e+01  -2.7166636e+01  -3.7545050e+01   7.6810917e+00
   2.4000000e+01  -1.9531339e+01   1.3165602e+02   1.5929076e+01  -3.0361755e+01  -3.8939985e+01   1.0384332e+01
   2.4000000e+01  -2.0208886e+01   1.3609267e+02   1.4214972e+01  -3.2882903e+01  -4.1108318e+01   1.5563001e+01
   2.4000000e+01  -1.8039163e+01   1.3790577e+02   1.4479971e+01  -3.5304770e+01  -4.1489178e+01   1.8258002e+01
   2.4000000e+01  -1.9315115e+01   1.4146838e+02   1.3924537e+01  -3.6042950e+01  -4.3530102e+01   2.0999319e+01
   2.4000000e+01  -1.8087231e+01   1.4525026e+02   1.2675450e+01  -3.9288183e+01  -4.5703553e+01   2.5270151e+01
   2.4000000e+01  -1.5375962e+01   1.4903171e+02   1.1722798e+01  -4.2253021e+01  -4.7128907e+01   2.9212069e+01
   2.4000000e+01  -1.2743484e+01   1.5139165e+02   1.2951420e+01  -4.4606217e+01  -4.7598698e+01   3.2037462e+01
   2.4000000e+01  -1.3571443e+01   1.5475615e+02   1.3090628e+01  -4.6616732e+01  -4.9835785e+01   3.5809334e+01
   2.4000000e+01  -1.0501193e+01   1.5777990e+02   1.3029952e+01  -4.9563414e+01  -5.1773863e+01   3.8879094e+01
   2.4000000e+01  -8.3681015e+00   1.6340098e+02   1.3978725e+01  -5.2849964e+01  -5.3962302e+01   4.2351614e+01
   2.4000000e+01  -4.4741578e+00   1.6975810e+02   1.4390860e+01  -5.7401571e+01  -5.6383484e+01   4.6620981e+01
   2.4000000e+01  -4.5979823e+00   1.7437230e+02   1.3350371e+01  -6.1203300e+01  -5.9176536e+01   5.1584454e+01
   2.4000000e+01  -6.2399347e+00   1.7988080e+02   1.1569291e+01  -6.1021693e+01  -6.1987195e+01   5.3859554e+01
   2.4000000e+01  -9.1592665e+00   1.8267886e+02   8.0387043e+00  -6.2194082e+01  -6.6464454e+01   5.7734493e+01
   2.4000000e+01  -9.9180576e+00   1.8515733e+02   3.1545636e+00  -6.3417483e+01  -7.1896559e+01   6.2918009e+01
   2.4000000e+01  -6.9751320e+00   1.8977531e+02   9.0306919e-01  -6.2876183e+01  -7.4710216e+01   6.4814214e+01
   2.4000000e+01  -8.6260780e+00   1.9064434e+02   3.5978826e+00  -6.2731531e+01  -7.5701233e+01   6.5599633e+01
   2.4000000e+01  -1.1012990e+01   1.8868076e+02   7.6007920e+00  -6.5256322e+01  -7.9445615e+01   5.9900929e+01
   2.4000000e+01  -9.2626384e+00   1.8671366e+02   9.0385368e+00  -7.2708569e+01  -8.3246743e+01   5.1677019e+01
   2.4000000e+01  -1.2552793e+01   1.8064012e+02   1.0792022e+01  -6.9649368e+01  -8.3484425e+01   3.9882112e+01
   2.4000000e+01  -1.2524291e+01   1.6938081e+02   1.1598063e+01  -6.7811944e+01  -7.9534797e+01   2.9300623e+01
   2.4000000e+01  -1.5248770e+01   1.5755933e+02   1.3937901e+01  -6.4394258e+01  -7.2723512e+01   2.3371258e+01
   2.4000000e+01  -2.0080317e+01   1.4553707e+02   1.6751572e+01  -5.8509271e+01  -6.6347065e+01   1.4940011e+01
   2.4000000e+01  -2.3684143e+01   1.3452871e+02   1.7161159e+01  -4.9938567e+01  -6.0236139e+01   9.6585298e+00
   2.4000000e+01  -2.3281602e+01   1.2386695e+02   1.8371487e+01  -4.0822233e+01  -5.3308781e+01   2.0837423e+00
   2.4000000e+01  -2.2621791e+01   1.1649362e+02   1.7625650e+01  -3.1221828e+01  -4.8872827e+01  -2.7174717e+00
   2.4000000e+01  -2.1389723e+01   1.0945062e+02   1.7873029e+01  -2.2956978e+01  -4.4764812e+01  -8.6912321e+00
   2.4000000e+01  -1.8030316e+01   1.0340679e+02   1.9402987e+01  -1.8615651e+01  -4.0485336e+01  -1.4927345e+01
   2.4000000e+01  -1.8116344e+01   1.0058037e+02   1.9706431e+01  -1.3570422e+01  -3.7315693e+01  -1.9411501e+01
   2.4000000e+01  -1.6898363e+01   9.9713076e+01   2.1851399e+01  -1.2667794e+01  -3.3609783e+01  -2.2887195e+01
   2.4000000e+01  -1.8889796e+01   1.0455619e+02   2.4643206e+01  -1.5598727e+01  -2.8163898e+01  -2.1243498e+01
   2.4000000e+01  -1.9831951e+01   1.0909549e+02   2.3763293e+01  -1.7851629e+01  -2.7610343e+01  -1.6647972e+01
   2.4000000e+01  -2.0135051e+01   1.1213833e+02   2.3293047e+01  -2.0007000e+01  -3.0299522e+01  -1.2326431e+01
   2.4000000e+01  -1.7853757e+01   1.1514563e+02   2.2229886e+01  -2.5306292e+01  -3.1829847e+01  -7.1399132e+00
   2.4000000e+01  -1.9663220e+01   1.1921875e+02   2.1229698e+01  -2.7059449e+01  -3.5006954e+01  -1.8292681e+00
   2.4000000e+01  -1.9867741e+01   1.2290366e+02   2.0530859e+01  -2.9272856e+01  -3.7198697e+01   2.8440982e+00
   2.4000000e+01  -2.0316758e+01   1.2498959e+02   1.9807127e+01  -3.0383677e+01  -3.8753980e+01   6.0942889e+00
   2.4000000e+01  -2.2632134e+01   1.2808688e+02   1.7583166e+01  -3.1166375e+01  -4.0291507e+01   1.0064519e+01
   2.4000000e+01  -2.3626219e+01   1.3111216e+02   1.5695474e+01  -3.1988676e+01  -4.1347866e+01   1.2927276e+01
   2.4000000e+01  -2.3612189e+01   1.3230352e+02   1.4646336e+01  -3.3299988e+01  -4.1617234e+01   1.5041821e+01
   2.4000000e+01  -2.4091003e+01   1.3577305e+02   1.3484997e+01  -3.5320534e+01  -4.2518724e+01   1.8270114e+01
   2.4000000e+01  -2.3358091e+01   1.3803576e+02   1.3846921e+01  -3.8710891e+01  -4.3163773e+01   2.1237175e+01
   2.4000000e+01  -2.3001128e+01   1.3911328e+02   1.3431775e+01  -3.9484031e+01  -4.4698765e+01   2.4296766e+01
   2.4000000e+01  -2.2997746e+01   1.4026373e+02   1.4552818e+01  -3.9322201e+01  -4.6561014e+01   2.5318035e+01
   2.4000000e+01  -2.1575767e+01   1.4151087e+02   1.4750932e+01  -4.0952503e+01  -4.8730822e+01   2.8941199e+01
   2.4000000e+01  -2.1739239e+01   1.4434722e+02   1.3772565e+01  -4.2964621e+01  -5.1159299e+01   3.2545893e+01
   2.4000000e+01  -1.9709719e+01   1.4696696e+02   1.2621911e+01  -4.5072528e+01  -5.2482011e+01   3.5010871e+01
   2.4000000e+01  -1.7005388e+01   1.5158809e+02   1.3443812e+01  -4.8262161e+01  -5.3066914e+01   3.7607963e+01
   2.4000000e+01  -1.5912144e+01   1.5450537e+02   1.4411007e+01  -5.0360127e+01  -5.4646428e+01   3.9825844e+01
   2.4000000e+01  -1.5373847e+01   1.5808843e+02   1.4513090e+01  -5.3353333e+01  -5.7564714e+01   4.4150259e+01
   2.4000000e+01  -1.3594282e+01   1.6320702e+02   1.2101322e+01  -5.5157752e+01  -6.0535692e+01   4.7685930e+01
   2.4000000e+01  -1.2744625e+01   1.6896343e+02   1.0778532e+01  -5.8070484e+01  -6.3325694e+01   4.9724258e+01
   2.4000000e+01  -8.6071563e+00   1.7411468e+02   1.0916983e+01  -6.1159156e+01  -6.4829295e+01   5.4852376e+01
   2.4000000e+01  -8.0208202e+00   1.7917583e+02   9.6763031e+00  -6.3576983e+01  -6.7370025e+01   5.9973775e+01
   2.4000000e+01  -1.1512116e+01   1.8205186e+02   6.2540082e+00  -6.7252734e+01  -7.1634188e+01   6.4206797e+01
   2.4000000e+01  -6.7772330e+00   1.8578103e+02   4.3892169e+00  -6.6870686e+01  -7.3780137e+01   6.6640524e+01
   2.4000000e+01  -7.3694660e+00   1.9034389e+02   1.5191693e+00  -6.7075650e+01  -7.6576014e+01   7.1146390e+01
   2.4000000e+01  -4.6378571e+00   1.9338292e+02   2.4803161e+00  -6.3634958e+01  -7.6410132e+01   7.2607302e+01
   2.4000000e+01  -2.8557619e+00   1.9321550e+02   2.9922007e+00  -6.3387792e+01  -7.7043796e+01   7.7331399e+01
   2.4000000e+01  -6.9890668e+00   1.9340209e+02   5.7794786e+00  -6.1743107e+01  -7.7671106e+01   7.7742236e+01
   2.4000000e+01  -7.8465379e+00   1.9290511e+02   7.2205465e+00  -6.0177872e+01  -7.9290242e+01   7.7937875e+01
   2.4000000e+01  -8.0588915e+00   1.9083485e+02   8.6995903e+00  -5.9316386e+01  -8.0721879e+01   7.8408458e+01
   2.4000000e+01  -1.1848798e+01   1.8965922e+02   1.0559729e+01  -5.8744192e+01  -8.1891671e+01   7.4706936e+01
   2.4000000e+01  -1.3302846e+01   1.8368434e+02   7.2013159e+00  -6.7937130e+01  -8.6690414e+01   6.3755404e+01
   2.4000000e+01  -1.3041321e+01   1.7685638e+02   5.1373556e+00  -7.1504348e+01  -8.5535836e+01   5.2198147e+01
   2.4000000e+01  -1.3666534e+01   1.7307405e+02   3.8320362e+00  -6.5922965e+01  -8.4029624e+01   4.0154105e+01
   2.4000000e+01  -1.3499887e+01   1.6318220e+02   5.3379209e+00  -6.0482024e+01  -7.9185242e+01   2.8263861e+01
   2.4000000e+01  -1.4324794e+01   1.5171222e+02   9.8210260e+00  -5.7028883e+01  -7.1771786e+01   1.7030998e+01
   2.4000000e+01  -1.8988052e+01   1.4013465e+02   1.4074406e+01  -5.1866547e+01  -6.4468018e+01   7.3002754e+00
   2.4000000e+01  -1.8686374e+01   1.2945039e+02   1.6995794e+01  -4.3717458e+01  -5.7200070e+01  -3.2805636e+00
   2.4000000e+01  -1.7466426e+01   1.2022624e+02   1.8773621e+01  -3.5248329e+01  -4.9843447e+01  -1.2053779e+01
   2.4000000e+01  -1.5160468e+01   1.1098594e+02   2.1926646e+01  -2.7160863e+01  -4.2318688e+01  -2.0367370e+01
   2.4000000e+01  -1.2887198e+01   1.0358444e+02   2.5600152e+01  -1.8782408e+01  -3.4804082e+01  -2.8050297e+01
   2.4000000e+01  -1.3170163e+01   9.9080981e+01   3.0313404e+01  -1.1109529e+01  -2.7432466e+01  -3.2273297e+01
   2.4000000e+01  -1.5579196e+01   9.8774990e+01   3.1149267e+01  -6.1482111e+00  -2.3877218e+01  -3.0303198e+01
   2.4000000e+01  -1.5323988e+01   1.0302768e+02   2.7760135e+01  -9.7928932e+00  -2.5210875e+01  -2.3823107e+01
   2.4000000e+01  -1.6088703e+01   1.0777347e+02   2.3861828e+01  -1.4508034e+01  -2.7381234e+01  -1.6451838e+01
   2.4000000e+01  -1.7281248e+01   1.1488769e+02   2.0514932e+01  -1.9834502e+01  -2.9962181e+01  -9.7903717e+00
   2.4000000e+01  -1.6298024e+01   1.1960270e+02   2.0710710e+01  -2.5494089e+01  -3.3943490e+01  -3.2660494e+00
   2.4000000e+01  -1.8035645e+01   1.2496727e+02   1.8616617e+01  -2.9116103e+01  -3.6210384e+01   2.6393400e+00
   2.4000000e+01  -1.5619293e+01   1.2853510e+02   1.9235516e+01  -3.3027163e+01  -3.8192491e+01   7.1110999e+00
   2.4000000e+01  -2.0471680e+01   1.3451411e+02   1.5840770e+01  -3.1796169e+01  -4.2744202e+01   1.1489215e+01
   2.4000000e+01  -1.9674146e+01   1.3915275e+02   1.5048495e+01  -3.5133869e+01  -4.5001253e+01   1.6681974e+01
   2.4000000e+01  -1.5939423e+01   1.4100873e+02   1.5247407e+01  -3.8815317e+01  -4.5933498e+01   2.0598288e+01
   2.4000000e+01  -1.4532445e+01   1.4740052e+02   1.5118816e+01  -4.3067359e+01  -4.7904237e+01   2.5339361e+01
   2.4000000e+01  -1.2019041e+01   1.5180910e+02   1.4478031e+01  -4.6940349e+01  -4.9930690e+01   2.9403378e+01
   2.4000000e+01  -1.4610191e+01   1.5690922e+02   1.2433255e+01  -4.7677925e+01  -5.2856094e+01   3.3440542e+01
   2.4000000e+01  -1.3598277e+01   1.6156191e+02   1.2959788e+01  -5.0382528e+01  -5.4969135e+01   3.6650143e+01
   2.4000000e+01  -9.0088252e+00   1.6792559e+02   1.4425215e+01  -5.5166081e+01  -5.7524328e+01   4.0829658e+01
   2.4000000e+01  -9.3986580e+00   1.7404196e+02   1.1889343e+01  -5.7308752e+01  -6.0728854e+01   4.6120220e+01
   2.4000000e+01  -6.5241044e+00   1.7698113e+02   1.1025768e+01  -6.0211822e+01  -6.2407512e+01   5.1883950e+01
   2.4000000e+01  -9.5056095e+00   1.8036303e+02   8.3698737e+00  -6.0705924e+01  -6.6444093e+01   5.6188095e+01
   2.4000000e+01  -7.9878757e+00   1.8397532e+02   6.0747984e+00  -6.2135148e+01  -7.0081744e+01   6.1326537e+01
   2.4000000e+01  -6.1307227e+00   1.8664889e+02   4.4126073e+00  -6.3850365e+01  -7.2568237e+01   6.6757227e+01
   2.4000000e+01  -4.9306761e+00   1.8944106e+02   9.2719755e-01  -6.5916313e+01  -7.5243872e+01   7.0626776e+01
   2.4000000e+01  -5.7177969e+00   1.9191582e+02  -9.5931502e-01  -6.7828478e+01  -7.6160967e+01   7.5336091e+01
   2.4000000e+01  -3.9843393e+00   1.9323266e+02  -1.4520121e+00  -6.7458454e+01  -7.6069471e+01   7.6959494e+01
   2.4000000e+01  -6.5981533e+00   1.9160827e+02  -4.1764272e-01  -6.6754519e+01  -7.5374671e+01   7.7462327e+01
   2.4000000e+01  -9.4009114e+00   1.9133664e+02   1.8447188e+00  -6.4974586e+01  -7.5048022e+01   7.4555783e+01
   2.4000000e+01  -1.2302216e+01   1.8923599e+02   4.7295462e+00  -6.5303462e+01  -7.8031307e+01   6.7560325e+01
   2.4000000e+01  -1.0522521e+01   1.8728921e+02   3.9243365e+00  -7.2238604e+01  -8.1152790e+01   5.5566234e+01
   2.4000000e+01  -1.1101956e+01   1.8606610e+02   8.8999459e+00  -7.4803534e+01  -8.2555118e+01   4.3716946e+01
   2.4000000e+01  -1.1122573e+01   1.7480291e+02   9.2030419e+00  -7.4913002e+01  -7.8546255e+01   3.2501721e+01
   2.4000000e+01  -1.5674439e+01   1.6267350e+02   1.3760469e+01  -7.3589194e+01  -7.1376408e+01   2.4079844e+01
   2.4000000e+01  -2.1853834e+01   1.5052918e+02   1.7205594e+01  -6.8858213e+01  -6.4835877e+01   1.6993650e+01
   2.4000000e+01  -2.3324207e+01   1.3831240e+02   2.2008191e+01  -6.1709152e+01  -5.6716385e+01   8.1965237e+00
   2.4000000e+01  -2.3490890e+01   1.2754290e+02   2.1758994e+01  -5.2346319e+01  -5.0571928e+01  -5.9364226e-02
   2.4000000e+01  -2.1947047e+01   1.1783647e+02   2.1236161e+01  -4.2739575e+01  -4.4908757e+01  -7.7968270e+00
   2.4000000e+01  -2.0317269e+01   1.1118110e+02   2.0209146e+01  -3.2857401e+01  -3.9954204e+01  -1.5842234e+01
   2.4000000e+01  -1.8445123e+01   1.0560878e+02   1.9072061e+01  -2.3654082e+01  -3.5631117e+01  -2.3460501e+01
   2.4000000e+01  -1.5904808e+01   9.9655970e+01   2.0116208e+01  -1.5774501e+01  -3.0333224e+01  -2.9015725e+01
   2.4000000e+01  -1.5050256e+01   9.6833643e+01   2.3097066e+01  -8.5207555e+00  -2.4613630e+01  -3.3071752e+01
   2.4000000e+01  -1.6521817e+01   9.7171220e+01   2.6673178e+01  -6.5725287e+00  -2.0586045e+01  -3.1086084e+01
   2.4000000e+01  -1.6579063e+01   9.9772065e+01   2.5917024e+01  -8.6464247e+00  -2.1684120e+01  -2.7539546e+01
   2.4000000e+01  -1.6589997e+01   1.0530546e+02   2.3638015e+01  -1.5944549e+01  -2.4468585e+01  -2.0248670e+01
   2.4000000e+01  -1.8786836e+01   1.0969888e+02   1.9933310e+01  -1.8506744e+01  -2.5844805e+01  -1.4276041e+01
   2.4000000e+01  -1.8666509e+01   1.1461824e+02   1.8764152e+01  -2.3962923e+01  -2.8693703e+01  -8.3830703e+00
   2.4000000e+01  -1.9172598e+01   1.1772213e+02   1.7273871e+01  -2.5746197e+01  -3.0730259e+01  -4.3506325e+00
   2.4000000e+01  -1.8944202e+01   1.2111385e+02   1.6699500e+01  -2.9103580e+01  -3.2378016e+01   1.0856100e-01
   2.4000000e+01  -1.9734458e+01   1.2423088e+02   1.8133160e+01  -3.0823022e+01  -3.5287508e+01   3.0741374e+00
   2.4000000e+01  -2.0811934e+01   1.2704029e+02   1.6619637e+01  -3.1598498e+01  -3.6837255e+01   6.6039505e+00
   2.4000000e+01  -2.1294272e+01   1.2939190e+02   1.6268693e+01  -3.3383884e+01  -3.7686089e+01   9.1432437e+00
   2.4000000e+01  -2.1930234e+01   1.3222831e+02   1.5025930e+01  -3.5436519e+01  -3.8762546e+01   1.3535798e+01
   2.4000000e+01  -2.2827071e+01   1.3392971e+02   1.3135448e+01  -3.6247837e+01  -3.9696859e+01   1.7096619e+01
   2.4000000e+01  -2.3263035e+01   1.3679878e+02   1.1492814e+01  -3.6840847e+01  -4.0661215e+01   1.9442838e+01
   2.4000000e+01  -2.0200293e+01   1.3561077e+02   1.2465629e+01  -3.9123282e+01  -4.0115560e+01   2.1097160e+01
   2.4000000e+01  -1.9296400e+01   1.3660074e+02   1.2301025e+01  -4.1026586e+01  -4.0804872e+01   2.2894231e+01
   2.4000000e+01  -1.7378288e+01   1.3740628e+02   1.3346480e+01  -4.2523124e+01  -4.0673482e+01   2.3750981e+01
   2.4000000e+01  -1.7780637e+01   1.4074117e+02   1.2369565e+01  -4.3493769e+01  -4.2785636e+01   2.6257725e+01
   2.4000000e+01  -1.7191407e+01   1.4520908e+02   1.1633970e+01  -4.5129920e+01  -4.5457412e+01   2.9829252e+01
   2.4000000e+01  -1.4982321e+01   1.4910514e+02   1.1961280e+01  -4.7888553e+01  -4.7542807e+01   3.2314150e+01
   2.4000000e+01  -1.5103834e+01   1.5398097e+02   9.7141864e+00  -5.1518347e+01  -5.1546147e+01   3.7204073e+01
   2.4000000e+01  -1.7349810e+01   1.6009897e+02   8.6569624e+00  -5.4555934e+01  -5.4638734e+01   4.1274208e+01
   2.4000000e+01  -1.4718072e+01   1.6483931e+02   8.2484251e+00  -5.7720397e+01  -5.7016387e+01   4.6625402e+01
   2.4000000e+01  -1.2946569e+01   1.7062776e+02   7.1187459e+00  -6.2059308e+01  -5.9677672e+01   5.1434021e+01
   2.4000000e+01  -9.4752853e+00   1.7659898e+02   6.8866281e+00  -6.5139714e+01  -6.1594538e+01   5.4549333e+01
   2.4000000e+01  -9.6052393e+00   1.7947211e+02   6.6686503e+00  -6.7214768e+01  -6.3739390e+01   5.8379342e+01
   2.4000000e+01  -9.7561421e+00   1.8277467e+02   5.3317047e+00  -6.9426253e+01  -6.7331582e+01   6.2204805e+01
   2.4000000e+01  -1.0159672e+01   1.8567597e+02   3.5571953e+00  -7.1778578e+01  -7.1270428e+01   6.6399777e+01
   2.4000000e+01  -7.1965404e+00   1.8975237e+02   2.8335788e+00  -6.9793350e+01  -7.3182822e+01   6.8063290e+01
   2.4000000e+01  -7.3662358e+00   1.9089917e+02   3.1602004e+00  -6.8418179e+01  -7.4039820e+01   7.1275184e+01
   2.4000000e+01  -9.6330297e+00   1.9021246e+02   3.5301919e+00  -6.7178675e+01  -7.5086100e+01   7.3382626e+01
   2.4000000e+01  -1.2552973e+01   1.9136340e+02   4.8950144e+00  -6.5566868e+01  -7.6072753e+01   7.4414401e+01
   2.4000000e+01  -1.4290794e+01   1.9074269e+02   6.1325840e+00  -6.3986286e+01  -7.7215236e+01   7.4550370e+01
   2.4000000e+01  -1.2222059e+01   1.8962679e+02   7.3107086e+00  -6.3876539e+01  -7.8781659e+01   7.4220667e+01
   2.4000000e+01  -1.0520194e+01   1.9063794e+02   6.4372830e+00  -6.9193811e+01  -8.1320423e+01   6.7078653e+01
   2.4000000e+01  -1.2678211e+01   1.8844929e+02   4.1738330e+00  -7.8015506e+01  -7.9649386e+01   6.5741617e+01
   2.4000000e+01  -9.9257760e+00   1.7755770e+02   7.4812798e+00  -7.7505208e+01  -7.5537226e+01   5.9148412e+01
   2.4000000e+01  -1.1564042e+01   1.6600630e+02   9.9968376e+00  -7.3787180e+01  -7.0699324e+01   4.8533582e+01
   2.4000000e+01  -1.4958223e+01   1.5527697e+02   9.1954749e+00  -6.7258749e+01  -6.7064132e+01   3.8165000e+01
   2.4000000e+01  -1.6823555e+01   1.4524614e+02   7.7267192e+00  -5.8909561e+01  -6.4641725e+01   2.7348665e+01
   2.4000000e+01  -1.9049794e+01   1.3588849e+02   6.4013096e+00  -5.0344031e+01  -6.2299870e+01   1.6829003e+01
   2.4000000e+01  -2.1833643e+01   1.2780761e+02   6.6395716e+00  -4.1509835e+01  -6.1080567e+01   8.7326313e+00
   2.4000000e+01  -2.4013327e+01   1.2044255e+02   7.7153968e+00  -3.2101975e+01  -5.8425503e+01   5.6582848e-01
   2.4000000e+01  -2.2053730e+01   1.1193389e+02   1.1891076e+01  -2.3566083e+01  -5.2428295e+01  -7.1068702e+00
   2.4000000e+01  -2.0715083e+01   1.0312688e+02   1.7067153e+01  -1.5212212e+01  -4.5469867e+01  -1.3872081e+01
   2.4000000e+01  -1.7051736e+01   9.8713192e+01   2.1930586e+01  -9.4789262e+00  -3.7979455e+01  -1.9259858e+01
   2.4000000e+01  -1.7465935e+01   9.8061948e+01   2.6369355e+01  -7.6865665e+00  -3.0406184e+01  -2.0684078e+01
   2.4000000e+01  -1.7456031e+01   9.9582142e+01   2.6207660e+01  -9.8648052e+00  -2.6573006e+01  -1.8058083e+01
   2.4000000e+01  -1.9000576e+01   1.0647795e+02   2.2356845e+01  -1.4985310e+01  -2.8179002e+01  -1.1763407e+01
   2.4000000e+01  -1.9756440e+01   1.1213725e+02   1.7884215e+01  -1.8818948e+01  -2.9864373e+01  -5.4067801e+00
   2.4000000e+01  -1.7837043e+01   1.1562841e+02   1.6984827e+01  -2.4602909e+01  -3.1378242e+01  -2.6522083e-01
   2.4000000e+01  -1.8135248e+01   1.1835177e+02   1.7552020e+01  -2.4904430e+01  -3.4636139e+01   3.5484998e+00
   2.4000000e+01  -1.8660878e+01   1.2330972e+02   1.6663705e+01  -2.7161873e+01  -3.7480425e+01   8.6419007e+00
   2.4000000e+01  -2.1317535e+01   1.2862450e+02   1.5130621e+01  -2.9692898e+01  -4.0980365e+01   1.3815141e+01
   2.4000000e+01  -2.2467413e+01   1.3387433e+02   1.4533390e+01  -3.1002177e+01  -4.5384199e+01   1.8199072e+01
   2.4000000e+01  -2.3306763e+01   1.3711623e+02   1.4605184e+01  -3.1922410e+01  -4.8826091e+01   2.1268493e+01
   2.4000000e+01  -1.9990545e+01   1.4041069e+02   1.6452291e+01  -3.7080280e+01  -5.1196852e+01   2.5048823e+01
   2.4000000e+01  -1.8922476e+01   1.4645674e+02   1.5569144e+01  -4.1196942e+01  -5.4464405e+01   3.0209185e+01
   2.4000000e+01  -1.6356995e+01   1.5129572e+02   1.6376076e+01  -4.4908254e+01  -5.6074157e+01   3.2601491e+01
   2.4000000e+01  -1.6940670e+01   1.5942002e+02   1.3371838e+01  -4.8791492e+01  -5.9741865e+01   3.9030060e+01
   2.4000000e+01  -1.3901927e+01   1.6621099e+02   1.3686510e+01  -5.3041213e+01  -6.1360419e+01   4.2988322e+01
   2.4000000e+01  -9.0538120e+00   1.7343357e+02   1.4354163e+01  -5.6807103e+01  -6.2975263e+01   4.8168553e+01
   2.4000000e+01  -7.9192804e+00   1.7698445e+02   1.2960559e+01  -6.0120495e+01  -6.6087454e+01   5.3976528e+01
   2.4000000e+01  -8.2119959e+00   1.7970926e+02   9.0009786e+00  -6.3716923e+01  -7.1042636e+01   6.0299807e+01
   2.4000000e+01  -4.3789022e+00   1.8301906e+02   9.2954402e+00  -6.6348917e+01  -7.2510005e+01   6.7190838e+01
   2.4000000e+01  -6.9700278e-01   1.8657210e+02   9.6286474e+00  -6.6990141e+01  -7.4324108e+01   7.1076484e+01
   2.4000000e+01  -7.5337253e-01   1.9044699e+02   8.8797126e+00  -6.4979682e+01  -7.6656059e+01   7.3166729e+01
   2.4000000e+01   1.5062536e+00   1.9162900e+02   9.1802523e+00  -6.4151105e+01  -7.7823409e+01   7.8055079e+01
   2.4000000e+01   3.8403954e-02   1.9247070e+02   9.1959551e+00  -6.2160240e+01  -7.9069336e+01   7.8239545e+01
   2.4000000e+01  -2.1267389e+00   1.9207301e+02   9.7722991e+00  -6.0404714e+01  -8.0005218e+01   7.8321062e+01
   2.4000000e+01  -7.1899852e+00   1.9229933e+02   9.1145385e+00  -6.0017762e+01  -8.1370440e+01   7.8985916e+01
   2.4000000e+01  -1.0617041e+01   1.9305017e+02   7.3771434e+00  -5.8416632e+01  -8.1725560e+01   7.5156930e+01
   2.4000000e+01  -1.0912445e+01   1.9108078e+02   1.0087034e+01  -6.2269628e+01  -8.4421876e+01   6.9347013e+01
   2.4000000e+01  -9.0868820e+00   1.8905096e+02   8.6627580e+00  -6.9555800e+01  -8.6513840e+01   5.7429241e+01
   2.4000000e+01  -1.0465228e+01   1.8234197e+02   8.1657114e+00  -7.4366075e+01  -8.6329553e+01   4.6357098e+01
   2.4000000e+01  -1.2472315e+01   1.7296343e+02   7.7350302e+00  -7.2194752e+01  -8.2457328e+01   3.4808600e+01
   2.4000000e+01  -1.6220128e+01   1.6125113e+02   1.0756606e+01  -7.0891152e+01  -7.5699515e+01   2.3819220e+01
   2.4000000e+01  -2.0306104e+01   1.4922784e+02   1.3811476e+01  -6.7769302e+01  -6.9090900e+01   1.4854060e+01
