  -1.3149473e+01   2.0907491e+01   1.0515673e+02   3.9424927e+01  -2.1266064e+01  -2.4562851e+01  -2.5960541e+01
   6.7435643e-01   6.9166691e+00   1.0709407e+02   3.5173890e+01  -2.0502442e+01  -3.0099152e+01  -1.9628457e+01
   1.4498186e+01  -7.0741528e+00   1.0903140e+02   3.0922852e+01  -1.9738820e+01  -3.5635454e+01  -1.3296374e+01
   2.4000000e+01  -1.4000000e+01   1.0890999e+02   3.9527914e+01  -2.0744779e+01  -4.9635360e+01  -7.1502960e+00
   2.4000000e+01  -1.4000000e+01   1.0884424e+02   4.8039329e+01  -2.1725608e+01  -6.0000000e+01  -1.0252500e+00
   2.4000000e+01  -1.4000000e+01   1.1816534e+02   4.2456491e+01  -2.6278612e+01  -6.0000000e+01   5.9078710e+00
   2.4000000e+01  -1.4000000e+01   1.2526224e+02   3.8993213e+01  -3.1365780e+01  -6.0000000e+01   1.1175046e+01
   2.4000000e+01  -1.4000000e+01   1.2909384e+02   3.6389530e+01  -3.4772881e+01  -6.0000000e+01   1.4282939e+01
   2.4000000e+01  -1.4000000e+01   1.3402058e+02   3.2836798e+01  -3.8168802e+01  -6.0000000e+01   1.9095420e+01
   2.4000000e+01  -1.4000000e+01   1.3862227e+02   3.0168292e+01  -3.9711799e+01  -6.0000000e+01   2.2988380e+01
   2.4000000e+01  -1.4000000e+01   1.4506779e+02   2.5162824e+01  -4.1960999e+01  -6.0000000e+01   2.8761676e+01
   2.4000000e+01  -1.4000000e+01   1.5072448e+02   2.2359283e+01  -4.4195405e+01  -6.0000000e+01   3.2626190e+01
   2.4000000e+01  -1.4000000e+01   1.5750302e+02   1.7983980e+01  -4.5764383e+01  -6.0000000e+01   3.6619726e+01
   2.4000000e+01  -1.4000000e+01   1.6488532e+02   1.6396698e+01  -5.0237888e+01  -6.0000000e+01   4.0961728e+01
   2.4000000e+01  -1.4000000e+01   1.6769874e+02   1.2503637e+01  -5.1729415e+01  -6.0000000e+01   4.5459932e+01
   2.4000000e+01  -1.4000000e+01   1.7176208e+02   8.3213967e+00  -5.1505244e+01  -6.0000000e+01   5.0473024e+01
   2.4000000e+01  -1.4000000e+01   1.7310558e+02   3.0484970e+00  -5.2300193e+01  -6.0000000e+01   5.6066675e+01
   2.4000000e+01  -1.4000000e+01   1.7764035e+02  -1.0791991e+00  -5.1719615e+01  -6.0000000e+01   6.0075521e+01
   2.4000000e+01  -1.4000000e+01   1.8098682e+02  -5.4673110e+00  -5.1253799e+01  -6.0000000e+01   6.3775034e+01
   2.4000000e+01  -1.4000000e+01   1.8020319e+02  -8.5098276e+00  -4.9918973e+01  -6.0000000e+01   6.7505488e+01
   2.4000000e+01  -1.4000000e+01   1.8241500e+02  -1.0854569e+01  -4.9978231e+01  -6.0000000e+01   7.2205347e+01
   2.4000000e+01  -1.4000000e+01   1.8475638e+02  -9.1840677e+00  -5.1836727e+01  -6.0000000e+01   7.2498742e+01
   2.4000000e+01  -1.4000000e+01   1.7933685e+02  -9.6480611e+00  -5.7601481e+01  -6.0000000e+01   6.6362117e+01
   2.4000000e+01  -1.4000000e+01   1.7296132e+02  -1.4070122e+01  -6.2196082e+01  -6.0000000e+01   5.4727418e+01
   2.4000000e+01  -1.4000000e+01   1.6895353e+02  -1.5754850e+01  -6.7602594e+01  -6.0000000e+01   4.3354746e+01
   2.4000000e+01  -1.4000000e+01   1.5934695e+02  -8.8038517e+00  -6.6002324e+01  -6.0000000e+01   3.1417888e+01
   2.4000000e+01  -1.4000000e+01   1.4862699e+02   6.7223038e-01  -6.1623539e+01  -6.0000000e+01   2.1167703e+01
   2.4000000e+01  -1.4000000e+01   1.3732034e+02   1.0464060e+01  -5.9278852e+01  -6.0000000e+01   1.4291858e+01
   2.4000000e+01  -1.4000000e+01   1.2636145e+02   2.0029374e+01  -5.2714509e+01  -6.0000000e+01   5.4607261e+00
   2.4000000e+01  -1.4000000e+01   1.1691786e+02   2.7712716e+01  -4.3988423e+01  -6.0000000e+01  -3.5385468e+00
   2.4000000e+01  -1.4000000e+01   1.0926144e+02   3.4152855e+01  -3.4553753e+01  -6.0000000e+01  -1.2631092e+01
   2.4000000e+01  -1.4000000e+01   1.0498056e+02   4.1895945e+01  -2.5337152e+01  -6.0000000e+01  -1.9783872e+01
   2.4000000e+01  -1.4000000e+01   1.0070727e+02   5.2634305e+01  -1.9105194e+01  -6.0000000e+01  -2.0073654e+01
   2.4000000e+01  -1.4000000e+01   1.0148851e+02   5.8264899e+01  -1.7112029e+01  -6.0000000e+01  -1.8350448e+01
   2.4000000e+01  -1.4000000e+01   1.0504076e+02   5.6082329e+01  -1.8627272e+01  -6.0000000e+01  -1.4750662e+01
   2.4000000e+01  -1.4000000e+01   1.0930197e+02   5.0823012e+01  -2.0794637e+01  -6.0000000e+01  -8.2556411e+00
   2.4000000e+01  -1.4000000e+01   1.1445681e+02   4.7162640e+01  -2.4759129e+01  -6.0000000e+01  -2.0975430e+00
   2.4000000e+01  -1.4000000e+01   1.1884562e+02   4.3467695e+01  -2.8973065e+01  -6.0000000e+01   3.7391921e+00
   2.4000000e+01  -1.4000000e+01   1.2330943e+02   4.1291157e+01  -3.1857767e+01  -6.0000000e+01   7.9310169e+00
   2.4000000e+01  -1.4000000e+01   1.2650447e+02   3.9301799e+01  -3.5148446e+01  -6.0000000e+01   1.1755317e+01
   2.4000000e+01  -1.4000000e+01   1.3079638e+02   3.7597879e+01  -3.8760342e+01  -6.0000000e+01   1.4988668e+01
   2.4000000e+01  -1.4000000e+01   1.3366112e+02   3.4246138e+01  -4.1976984e+01  -6.0000000e+01   2.0050044e+01
   2.4000000e+01  -1.4000000e+01   1.3828698e+02   3.3716026e+01  -4.3872902e+01  -6.0000000e+01   2.1490343e+01
   2.4000000e+01  -1.4000000e+01   1.3966828e+02   3.1917487e+01  -4.5570920e+01  -6.0000000e+01   2.4102920e+01
   2.4000000e+01  -1.4000000e+01   1.4191140e+02   2.9695759e+01  -4.5426781e+01  -6.0000000e+01   2.5893117e+01
   2.4000000e+01  -1.4000000e+01   1.4529098e+02   2.7497101e+01  -4.4941734e+01  -6.0000000e+01   2.7880913e+01
   2.4000000e+01  -1.4000000e+01   1.5067147e+02   2.4733993e+01  -4.7541816e+01  -6.0000000e+01   3.1285506e+01
   2.4000000e+01  -1.4000000e+01   1.5708620e+02   2.3329559e+01  -5.1391652e+01  -6.0000000e+01   3.5438740e+01
   2.4000000e+01  -1.4000000e+01   1.6278768e+02   1.8015323e+01  -5.4375442e+01  -6.0000000e+01   3.9838460e+01
   2.4000000e+01  -1.4000000e+01   1.6793259e+02   1.4349960e+01  -5.7602757e+01  -6.0000000e+01   4.2238376e+01
   2.4000000e+01  -1.4000000e+01   1.6642370e+02   1.2498067e+01  -5.4329525e+01  -6.0000000e+01   4.5035783e+01
   2.4000000e+01  -1.4000000e+01   1.6726457e+02   8.9605842e+00  -5.1018946e+01  -6.0000000e+01   4.9161854e+01
   2.4000000e+01  -1.4000000e+01   1.6634882e+02   5.1473110e+00  -4.7951712e+01  -6.0000000e+01   5.2654220e+01
   2.4000000e+01  -1.4000000e+01   1.7116706e+02   4.2258091e-02  -4.9279723e+01  -6.0000000e+01   5.9139927e+01
   2.4000000e+01  -1.4000000e+01   1.7269641e+02  -4.0948517e+00  -4.8789425e+01  -6.0000000e+01   6.3938461e+01
   2.4000000e+01  -1.4000000e+01   1.7482433e+02  -6.9974700e+00  -4.7986656e+01  -6.0000000e+01   6.7684709e+01
   2.4000000e+01  -1.4000000e+01   1.7853680e+02  -1.1260040e+01  -4.8042903e+01  -6.0000000e+01   7.3876758e+01
   2.4000000e+01  -1.4000000e+01   1.7872402e+02  -1.1027457e+01  -4.6946533e+01  -6.0000000e+01   7.5811070e+01
   2.4000000e+01  -1.4000000e+01   1.8268836e+02  -1.0035312e+01  -4.5763931e+01  -6.0000000e+01   7.5361920e+01
   2.4000000e+01  -1.4000000e+01   1.8274587e+02  -8.1762883e+00  -4.5227463e+01  -6.0000000e+01   7.3607533e+01
   2.4000000e+01  -1.4000000e+01   1.7853713e+02  -1.1024715e+01  -5.3247942e+01  -6.0000000e+01   6.6470555e+01
   2.4000000e+01  -1.4000000e+01   1.7448047e+02  -1.5355020e+01  -6.0060560e+01  -6.0000000e+01   5.4891369e+01
   2.4000000e+01  -1.4000000e+01   1.6502468e+02  -1.4380913e+01  -6.1054216e+01  -6.0000000e+01   4.2829508e+01
   2.4000000e+01  -1.4000000e+01   1.5905061e+02  -8.7789897e+00  -6.3452223e+01  -6.0000000e+01   3.0983484e+01
   2.4000000e+01  -1.4000000e+01   1.4899109e+02   6.9260641e-01  -6.1836259e+01  -6.0000000e+01   2.3028013e+01
   2.4000000e+01  -1.4000000e+01   1.3834829e+02   1.1383935e+01  -5.7022635e+01  -6.0000000e+01   1.7334128e+01
   2.4000000e+01  -1.4000000e+01   1.2729220e+02   2.1947394e+01  -5.1934057e+01  -6.0000000e+01   1.0750864e+01
   2.4000000e+01  -1.4000000e+01   1.1688091e+02   3.1170516e+01  -4.4039104e+01  -6.0000000e+01   2.1247938e+00
   2.4000000e+01  -1.4000000e+01   1.0724790e+02   3.7679260e+01  -3.5385713e+01  -6.0000000e+01  -6.4453234e+00
   2.4000000e+01  -1.4000000e+01   1.0027672e+02   4.1720747e+01  -2.5879158e+01  -6.0000000e+01  -1.4764199e+01
   2.4000000e+01  -1.4000000e+01   9.6040783e+01   4.8673382e+01  -1.6731932e+01  -6.0000000e+01  -2.1379998e+01
   2.4000000e+01  -1.4000000e+01   9.4409230e+01   5.8256438e+01  -1.0940645e+01  -6.0000000e+01  -2.0491603e+01
   2.4000000e+01  -1.4000000e+01   9.3340554e+01   6.0913702e+01  -6.8619880e+00  -6.0000000e+01  -1.9021114e+01
   2.4000000e+01  -1.4000000e+01   9.7698238e+01   5.7411460e+01  -1.1367612e+01  -6.0000000e+01  -1.3097134e+01
   2.4000000e+01  -1.4000000e+01   1.0223199e+02   5.2560376e+01  -1.5436204e+01  -6.0000000e+01  -7.0898202e+00
   2.4000000e+01  -1.4000000e+01   1.0662237e+02   4.8687943e+01  -1.9822759e+01  -6.0000000e+01  -1.7569484e+00
   2.4000000e+01  -1.4000000e+01   1.1137816e+02   4.5289167e+01  -2.5486231e+01  -6.0000000e+01   3.6394179e+00
   2.4000000e+01  -1.4000000e+01   1.1675530e+02   4.3805932e+01  -3.0210714e+01  -6.0000000e+01   7.3600558e+00
   2.4000000e+01  -1.4000000e+01   1.2134891e+02   4.0984014e+01  -3.4770740e+01  -6.0000000e+01   1.1831431e+01
   2.4000000e+01  -1.4000000e+01   1.2647123e+02   4.0100077e+01  -4.0210487e+01  -6.0000000e+01   1.5642773e+01
   2.4000000e+01  -1.4000000e+01   1.3170368e+02   3.7271880e+01  -4.3469838e+01  -6.0000000e+01   1.8709218e+01
   2.4000000e+01  -1.4000000e+01   1.3462987e+02   3.4344117e+01  -4.5147483e+01  -6.0000000e+01   2.1562510e+01
   2.4000000e+01  -1.4000000e+01   1.3785784e+02   3.2485829e+01  -4.6874961e+01  -6.0000000e+01   2.4225859e+01
   2.4000000e+01  -1.4000000e+01   1.4313995e+02   2.8630136e+01  -4.7552410e+01  -6.0000000e+01   2.7434796e+01
   2.4000000e+01  -1.4000000e+01   1.4857921e+02   2.7512030e+01  -4.9946776e+01  -6.0000000e+01   2.9643679e+01
   2.4000000e+01  -1.4000000e+01   1.5446191e+02   2.3127248e+01  -5.3102706e+01  -6.0000000e+01   3.3797648e+01
   2.4000000e+01  -1.4000000e+01   1.6021940e+02   1.9894981e+01  -5.5734405e+01  -6.0000000e+01   3.8477638e+01
   2.4000000e+01  -1.4000000e+01   1.6223049e+02   1.6057624e+01  -5.6600839e+01  -6.0000000e+01   4.1173839e+01
   2.4000000e+01  -1.4000000e+01   1.6586843e+02   1.3296179e+01  -5.6145256e+01  -6.0000000e+01   4.6161314e+01
   2.4000000e+01  -1.4000000e+01   1.6932490e+02   1.0871528e+01  -5.5241898e+01  -6.0000000e+01   5.0283796e+01
   2.4000000e+01  -1.4000000e+01   1.7271255e+02   7.1782353e+00  -5.5486239e+01  -6.0000000e+01   5.5442498e+01
   2.4000000e+01  -1.4000000e+01   1.7692113e+02   2.6324190e+00  -5.5202144e+01  -6.0000000e+01   6.0791268e+01
   2.4000000e+01  -1.4000000e+01   1.7664627e+02  -1.1650908e+00  -5.6487696e+01  -6.0000000e+01   6.6106922e+01
   2.4000000e+01  -1.4000000e+01   1.7832525e+02  -4.8043845e+00  -5.6750388e+01  -6.0000000e+01   6.8939297e+01
   2.4000000e+01  -1.4000000e+01   1.8178533e+02  -6.6664454e+00  -5.9673908e+01  -6.0000000e+01   6.5821368e+01
   2.4000000e+01  -1.4000000e+01   1.7982134e+02  -9.5840374e+00  -5.3396688e+01  -6.0000000e+01   5.4254088e+01
   2.4000000e+01  -1.4000000e+01   1.7288344e+02  -1.4401457e+01  -5.9041085e+01  -6.0000000e+01   4.4989660e+01
   2.4000000e+01  -1.4000000e+01   1.6742183e+02  -1.3524831e+01  -6.4891649e+01  -6.0000000e+01   3.4673192e+01
   2.4000000e+01  -1.4000000e+01   1.5795332e+02  -7.0025631e+00  -6.4455737e+01  -6.0000000e+01   2.3239474e+01
   2.4000000e+01  -1.4000000e+01   1.4729465e+02   1.7059432e+00  -6.3703098e+01  -6.0000000e+01   1.5696985e+01
   2.4000000e+01  -1.4000000e+01   1.3726200e+02   1.1083363e+01  -5.7941131e+01  -6.0000000e+01   1.0603561e+01
   2.4000000e+01  -1.4000000e+01   1.2655878e+02   2.0555050e+01  -5.1620672e+01  -6.0000000e+01   2.9842086e+00
   2.4000000e+01  -1.4000000e+01   1.1690746e+02   2.9167664e+01  -4.2852277e+01  -6.0000000e+01  -5.7534303e+00
   2.4000000e+01  -1.4000000e+01   1.0805096e+02   3.6427796e+01  -3.3718255e+01  -6.0000000e+01  -1.4653257e+01
   2.4000000e+01  -1.4000000e+01   1.0262704e+02   4.0980790e+01  -2.4217569e+01  -6.0000000e+01  -2.3164049e+01
   2.4000000e+01  -1.4000000e+01   9.7967179e+01   4.9696874e+01  -1.5936437e+01  -6.0000000e+01  -2.7145749e+01
   2.4000000e+01  -1.4000000e+01   9.3832818e+01   6.0329386e+01  -1.0344111e+01  -6.0000000e+01  -2.5025830e+01
   2.4000000e+01  -1.4000000e+01   9.5086897e+01   6.2905291e+01  -1.0388198e+01  -6.0000000e+01  -2.2330015e+01
   2.4000000e+01  -1.4000000e+01   9.8409365e+01   5.9033948e+01  -1.4064235e+01  -6.0000000e+01  -1.6323029e+01
   2.4000000e+01  -1.4000000e+01   1.0297908e+02   5.4612603e+01  -1.6863245e+01  -6.0000000e+01  -1.0654962e+01
   2.4000000e+01  -1.4000000e+01   1.0699142e+02   5.1281716e+01  -1.9465113e+01  -6.0000000e+01  -6.1296934e+00
   2.4000000e+01  -1.4000000e+01   1.1061136e+02   4.8524624e+01  -2.2750468e+01  -6.0000000e+01  -2.0416122e+00
   2.4000000e+01  -1.4000000e+01   1.1562408e+02   4.5481015e+01  -2.6954291e+01  -6.0000000e+01   2.6302024e+00
   2.4000000e+01  -1.4000000e+01   1.1978362e+02   4.3228087e+01  -3.1429235e+01  -6.0000000e+01   6.6650712e+00
   2.4000000e+01  -1.4000000e+01   1.2380986e+02   4.1392449e+01  -3.5560029e+01  -6.0000000e+01   9.7679424e+00
   2.4000000e+01  -1.4000000e+01   1.2867230e+02   4.0244109e+01  -4.0025625e+01  -6.0000000e+01   1.2708763e+01
   2.4000000e+01  -1.4000000e+01   1.3181669e+02   3.6731709e+01  -4.2584426e+01  -6.0000000e+01   1.6816982e+01
   2.4000000e+01  -1.4000000e+01   1.3485123e+02   3.3585977e+01  -4.4785767e+01  -6.0000000e+01   2.0805553e+01
   2.4000000e+01  -1.4000000e+01   1.3698554e+02   3.1306925e+01  -4.5062889e+01  -6.0000000e+01   2.4239270e+01
   2.4000000e+01  -1.4000000e+01   1.4169864e+02   2.7163422e+01  -4.4749382e+01  -6.0000000e+01   2.7803340e+01
   2.4000000e+01  -1.4000000e+01   1.4783196e+02   2.5808065e+01  -4.7572738e+01  -6.0000000e+01   3.0165515e+01
   2.4000000e+01  -1.4000000e+01   1.5474829e+02   2.1473380e+01  -4.9937515e+01  -6.0000000e+01   3.4144325e+01
   2.4000000e+01  -1.4000000e+01   1.5889299e+02   1.8466424e+01  -5.2124497e+01  -6.0000000e+01   3.7664816e+01
   2.4000000e+01  -1.4000000e+01   1.6295508e+02   1.5609010e+01  -5.3540401e+01  -6.0000000e+01   4.0611607e+01
   2.4000000e+01  -1.4000000e+01   1.6339609e+02   1.4387073e+01  -5.2136475e+01  -6.0000000e+01   4.4879592e+01
   2.4000000e+01  -1.4000000e+01   1.6770492e+02   9.9616930e+00  -5.1953793e+01  -6.0000000e+01   4.9229802e+01
   2.4000000e+01  -1.4000000e+01   1.7233582e+02   5.6376540e+00  -5.1976935e+01  -6.0000000e+01   5.3050160e+01
   2.4000000e+01  -1.4000000e+01   1.7873914e+02  -3.8523480e-02  -5.4385033e+01  -6.0000000e+01   5.6927502e+01
   2.4000000e+01  -1.4000000e+01   1.8170833e+02  -5.9607888e+00  -5.7737079e+01  -6.0000000e+01   6.2967652e+01
   2.4000000e+01  -1.4000000e+01   1.8366338e+02  -9.9777027e+00  -5.8274409e+01  -6.0000000e+01   6.6941959e+01
   2.4000000e+01  -1.4000000e+01   1.8344801e+02  -9.5879354e+00  -5.7757589e+01  -6.0000000e+01   6.8982198e+01
   2.4000000e+01  -1.4000000e+01   1.8360593e+02  -7.9301216e+00  -5.8872740e+01  -6.0000000e+01   6.7168502e+01
   2.4000000e+01  -1.4000000e+01   1.8026958e+02  -1.3317746e+01  -6.4923491e+01  -6.0000000e+01   5.7359603e+01
   2.4000000e+01  -1.4000000e+01   1.7410762e+02  -1.6730046e+01  -6.5531366e+01  -6.0000000e+01   4.6533335e+01
   2.4000000e+01  -1.4000000e+01   1.6437371e+02  -1.4073675e+01  -6.1460177e+01  -6.0000000e+01   3.4928857e+01
   2.4000000e+01  -1.4000000e+01   1.5583987e+02  -1.0626669e+01  -5.9966407e+01  -6.0000000e+01   2.2796709e+01
   2.4000000e+01  -1.4000000e+01   1.4506641e+02  -9.1248530e-01  -5.8465242e+01  -6.0000000e+01   1.4935686e+01
   2.4000000e+01  -1.4000000e+01   1.3527262e+02   8.0821592e+00  -5.5047667e+01  -6.0000000e+01   8.7787878e+00
   2.4000000e+01  -1.4000000e+01   1.2502695e+02   1.5989010e+01  -4.9646751e+01  -6.0000000e+01   1.1016347e+00
   2.4000000e+01  -1.4000000e+01   1.1696659e+02   2.2781756e+01  -4.0928362e+01  -6.0000000e+01  -6.8621442e+00
   2.4000000e+01  -1.4000000e+01   1.0920495e+02   2.9387114e+01  -3.1430845e+01  -6.0000000e+01  -1.5403373e+01
   2.4000000e+01  -1.4000000e+01   1.0438698e+02   3.6148882e+01  -2.1949445e+01  -6.0000000e+01  -2.3132595e+01
   2.4000000e+01  -1.4000000e+01   1.0185971e+02   4.4572590e+01  -1.3834432e+01  -6.0000000e+01  -2.5829065e+01
   2.4000000e+01  -1.4000000e+01   9.9312444e+01   5.3273197e+01  -1.0854230e+01  -6.0000000e+01  -2.3733932e+01
   2.4000000e+01  -1.4000000e+01   9.8234124e+01   5.9676588e+01  -1.1034587e+01  -6.0000000e+01  -1.9846052e+01
   2.4000000e+01  -1.4000000e+01   1.0038907e+02   5.7494043e+01  -1.3915442e+01  -6.0000000e+01  -1.4774007e+01
   2.4000000e+01  -1.4000000e+01   1.0405547e+02   5.3165624e+01  -1.7486475e+01  -6.0000000e+01  -8.9832733e+00
   2.4000000e+01  -1.4000000e+01   1.0819812e+02   4.9698070e+01  -2.0576519e+01  -6.0000000e+01  -4.7444691e+00
   2.4000000e+01  -1.4000000e+01   1.1213235e+02   4.5709068e+01  -2.4644021e+01  -6.0000000e+01   6.4666496e-01
   2.4000000e+01  -1.4000000e+01   1.1674705e+02   4.2327861e+01  -3.0091686e+01  -6.0000000e+01   6.4973733e+00
   2.4000000e+01  -1.4000000e+01   1.2112634e+02   4.1138485e+01  -3.3134525e+01  -6.0000000e+01   9.3632671e+00
   2.4000000e+01  -1.4000000e+01   1.2573997e+02   3.8794494e+01  -3.6263160e+01  -6.0000000e+01   1.3197066e+01
   2.4000000e+01  -1.4000000e+01   1.3086400e+02   3.7968845e+01  -4.0705540e+01  -6.0000000e+01   1.6309222e+01
   2.4000000e+01  -1.4000000e+01   1.3523219e+02   3.6280461e+01  -4.4534542e+01  -6.0000000e+01   1.8792528e+01
   2.4000000e+01  -1.4000000e+01   1.3894789e+02   3.2641270e+01  -4.6317593e+01  -6.0000000e+01   2.3220525e+01
   2.4000000e+01  -1.4000000e+01   1.4295427e+02   2.9004687e+01  -4.6295895e+01  -6.0000000e+01   2.6989161e+01
   2.4000000e+01  -1.4000000e+01   1.4893805e+02   2.5735072e+01  -4.7772914e+01  -6.0000000e+01   3.0452229e+01
   2.4000000e+01  -1.4000000e+01   1.5270133e+02   2.3197328e+01  -4.9982109e+01  -6.0000000e+01   3.5630893e+01
   2.4000000e+01  -1.4000000e+01   1.6035216e+02   2.0031484e+01  -5.3974568e+01  -6.0000000e+01   3.9797101e+01
   2.4000000e+01  -1.4000000e+01   1.6557828e+02   1.5274543e+01  -5.6781467e+01  -6.0000000e+01   4.3472853e+01
   2.4000000e+01  -1.4000000e+01   1.6916012e+02   1.2080913e+01  -5.7907367e+01  -6.0000000e+01   4.7998352e+01
   2.4000000e+01  -1.4000000e+01   1.7122834e+02   8.0392523e+00  -5.6990494e+01  -6.0000000e+01   5.2556030e+01
   2.4000000e+01  -1.4000000e+01   1.7237432e+02   3.6878161e+00  -5.6038103e+01  -6.0000000e+01   5.6828933e+01
   2.4000000e+01  -1.4000000e+01   1.7809082e+02  -1.5401616e+00  -5.7556429e+01  -6.0000000e+01   6.1829394e+01
   2.4000000e+01  -1.4000000e+01   1.7867707e+02  -5.9505408e+00  -5.5492898e+01  -6.0000000e+01   6.5537800e+01
   2.4000000e+01  -1.4000000e+01   1.8073460e+02  -1.0039521e+01  -5.6711070e+01  -6.0000000e+01   7.0847027e+01
   2.4000000e+01  -1.4000000e+01   1.8009597e+02  -8.0351521e+00  -6.0226980e+01  -6.0000000e+01   7.2010509e+01
   2.4000000e+01  -1.4000000e+01   1.7610276e+02  -1.1402064e+01  -6.1916581e+01  -6.0000000e+01   6.2629434e+01
   2.4000000e+01  -1.4000000e+01   1.6561064e+02  -1.2130599e+01  -6.0509224e+01  -6.0000000e+01   5.0863996e+01
   2.4000000e+01  -1.4000000e+01   1.5718955e+02  -1.1152776e+01  -5.5141452e+01  -6.0000000e+01   3.8618302e+01
   2.4000000e+01  -1.4000000e+01   1.4926310e+02  -3.3968418e+00  -5.2383482e+01  -6.0000000e+01   2.6803693e+01
   2.4000000e+01  -1.4000000e+01   1.3851204e+02   6.8372954e+00  -5.4407321e+01  -6.0000000e+01   2.1521562e+01
   2.4000000e+01  -1.4000000e+01   1.2767617e+02   1.6670614e+01  -5.2091765e+01  -6.0000000e+01   1.4187840e+01
   2.4000000e+01  -1.4000000e+01   1.1790555e+02   2.4536069e+01  -4.5340785e+01  -6.0000000e+01   6.3709109e+00
   2.4000000e+01  -1.4000000e+01   1.1095651e+02   2.9296419e+01  -3.7352488e+01  -6.0000000e+01  -1.7536056e+00
   2.4000000e+01  -1.4000000e+01   1.0652891e+02   3.3068274e+01  -2.7690033e+01  -6.0000000e+01  -1.0216769e+01
   2.4000000e+01  -1.4000000e+01   1.0121550e+02   3.5843941e+01  -1.8598001e+01  -6.0000000e+01  -1.7401166e+01
   2.4000000e+01  -1.4000000e+01   9.7023108e+01   4.0856220e+01  -9.9082253e+00  -6.0000000e+01  -2.4191308e+01
   2.4000000e+01  -1.4000000e+01   9.3918696e+01   4.7565298e+01  -3.7125329e+00  -6.0000000e+01  -2.7243881e+01
   2.4000000e+01  -1.4000000e+01   9.3484056e+01   5.6865625e+01  -4.1990215e+00  -6.0000000e+01  -2.5278175e+01
   2.4000000e+01  -1.4000000e+01   9.3573601e+01   6.1438399e+01  -5.1063041e+00  -6.0000000e+01  -2.0841138e+01
   2.4000000e+01  -1.4000000e+01   9.7800650e+01   5.6882571e+01  -1.0625199e+01  -6.0000000e+01  -1.4454593e+01
   2.4000000e+01  -1.4000000e+01   1.0342935e+02   5.2437773e+01  -1.5695127e+01  -6.0000000e+01  -8.6998107e+00
   2.4000000e+01  -1.4000000e+01   1.0812495e+02   4.9292799e+01  -2.1146387e+01  -6.0000000e+01  -4.6202184e+00
   2.4000000e+01  -1.4000000e+01   1.1190644e+02   4.6235242e+01  -2.4846167e+01  -6.0000000e+01  -2.9444781e-01
   2.4000000e+01  -1.4000000e+01   1.1598960e+02   4.4485933e+01  -2.8666474e+01  -6.0000000e+01   3.0005526e+00
   2.4000000e+01  -1.4000000e+01   1.1893956e+02   4.3361320e+01  -3.2372872e+01  -6.0000000e+01   5.8199471e+00
   2.4000000e+01  -1.4000000e+01   1.2211962e+02   4.1971335e+01  -3.6334931e+01  -6.0000000e+01   9.2231117e+00
   2.4000000e+01  -1.4000000e+01   1.2622042e+02   4.0499867e+01  -4.0059992e+01  -6.0000000e+01   1.2580754e+01
   2.4000000e+01  -1.4000000e+01   1.3032131e+02   3.9616185e+01  -4.3501198e+01  -6.0000000e+01   1.4887503e+01
   2.4000000e+01  -1.4000000e+01   1.3564783e+02   3.6679675e+01  -4.6558329e+01  -6.0000000e+01   1.8662029e+01
   2.4000000e+01  -1.4000000e+01   1.3611080e+02   3.3352159e+01  -4.6898899e+01  -6.0000000e+01   2.1268310e+01
   2.4000000e+01  -1.4000000e+01   1.3955184e+02   3.1615578e+01  -4.6408965e+01  -6.0000000e+01   2.2680998e+01
   2.4000000e+01  -1.4000000e+01   1.4343501e+02   2.8607552e+01  -4.7371623e+01  -6.0000000e+01   2.6256661e+01
   2.4000000e+01  -1.4000000e+01   1.4842957e+02   2.4954197e+01  -4.9763982e+01  -6.0000000e+01   2.9563127e+01
   2.4000000e+01  -1.4000000e+01   1.5189161e+02   2.2894428e+01  -5.1814841e+01  -6.0000000e+01   3.3535753e+01
   2.4000000e+01  -1.4000000e+01   1.6087872e+02   2.0975440e+01  -5.6310395e+01  -6.0000000e+01   3.7087056e+01
   2.4000000e+01  -1.4000000e+01   1.6648814e+02   1.7102189e+01  -6.1139997e+01  -6.0000000e+01   3.9572365e+01
   2.4000000e+01  -1.4000000e+01   1.6861944e+02   1.4553139e+01  -6.2801572e+01  -6.0000000e+01   4.2622773e+01
   2.4000000e+01  -1.4000000e+01   1.7327014e+02   1.1328564e+01  -6.3164144e+01  -6.0000000e+01   4.5985539e+01
   2.4000000e+01  -1.4000000e+01   1.7282453e+02   9.3413439e+00  -6.1056726e+01  -6.0000000e+01   4.9551755e+01
   2.4000000e+01  -1.4000000e+01   1.7537500e+02   4.6882003e+00  -6.0414239e+01  -6.0000000e+01   5.2433652e+01
   2.4000000e+01  -1.4000000e+01   1.8101908e+02  -1.1692143e+00  -6.3528396e+01  -6.0000000e+01   5.2939348e+01
   2.4000000e+01  -1.4000000e+01   1.8369325e+02  -5.6937611e+00  -6.5727572e+01  -6.0000000e+01   5.0500536e+01
   2.4000000e+01  -1.4000000e+01   1.7767609e+02  -1.2268240e+01  -7.0041374e+01  -6.0000000e+01   4.8758909e+01
   2.4000000e+01  -1.4000000e+01   1.7366762e+02  -1.6727998e+01  -6.7971865e+01  -6.0000000e+01   3.8595564e+01
   2.4000000e+01  -1.4000000e+01   1.6862859e+02  -1.8741445e+01  -6.3530039e+01  -6.0000000e+01   2.8585505e+01
   2.4000000e+01  -1.4000000e+01   1.5980319e+02  -1.5181033e+01  -6.3152992e+01  -6.0000000e+01   1.7991359e+01
   2.4000000e+01  -1.4000000e+01   1.4870723e+02  -4.7956667e+00  -6.1981257e+01  -6.0000000e+01   1.2226126e+01
   2.4000000e+01  -1.4000000e+01   1.3778467e+02   6.0268118e+00  -5.7217646e+01  -6.0000000e+01   8.2811504e+00
   2.4000000e+01  -1.4000000e+01   1.2680345e+02   1.7110434e+01  -5.0136814e+01  -6.0000000e+01   1.8672292e+00
   2.4000000e+01  -1.4000000e+01   1.1611502e+02   2.8225716e+01  -4.1456916e+01  -6.0000000e+01  -5.9925643e+00
   2.4000000e+01  -1.4000000e+01   1.0781102e+02   3.8516391e+01  -3.1723906e+01  -6.0000000e+01  -1.4154006e+01
   2.4000000e+01  -1.4000000e+01   1.0238357e+02   4.8448646e+01  -2.2306382e+01  -6.0000000e+01  -2.0673841e+01
   2.4000000e+01  -1.4000000e+01   9.8887341e+01   5.9011255e+01  -1.3501103e+01  -6.0000000e+01  -2.2890727e+01
   2.4000000e+01  -1.4000000e+01   9.7030838e+01   6.2576686e+01  -8.2782809e+00  -6.0000000e+01  -2.4251872e+01
   2.4000000e+01  -1.4000000e+01   1.0096474e+02   5.8425638e+01  -1.2634452e+01  -6.0000000e+01  -1.8518830e+01
   2.4000000e+01  -1.4000000e+01   1.0746199e+02   5.3583020e+01  -1.8770391e+01  -6.0000000e+01  -1.1381175e+01
   2.4000000e+01  -1.4000000e+01   1.1214563e+02   4.9129370e+01  -2.3935307e+01  -6.0000000e+01  -4.8898339e+00
   2.4000000e+01  -1.4000000e+01   1.1691635e+02   4.5461815e+01  -2.8678159e+01  -6.0000000e+01   9.4090912e-01
   2.4000000e+01  -1.4000000e+01   1.2149879e+02   4.3733311e+01  -3.2844488e+01  -6.0000000e+01   5.3052020e+00
   2.4000000e+01  -1.4000000e+01   1.2557589e+02   4.0642750e+01  -3.6850574e+01  -6.0000000e+01   9.6183805e+00
   2.4000000e+01  -1.4000000e+01   1.3065280e+02   3.7826885e+01  -4.0433173e+01  -6.0000000e+01   1.3990751e+01
   2.4000000e+01  -1.4000000e+01   1.3534074e+02   3.4159357e+01  -4.3583195e+01  -6.0000000e+01   1.9522849e+01
   2.4000000e+01  -1.4000000e+01   1.3789273e+02   3.2535981e+01  -4.6071153e+01  -6.0000000e+01   2.2628395e+01
   2.4000000e+01  -1.4000000e+01   1.3966548e+02   3.0212591e+01  -4.6860845e+01  -6.0000000e+01   2.5968274e+01
   2.4000000e+01  -1.4000000e+01   1.4639576e+02   2.7148315e+01  -4.9315162e+01  -6.0000000e+01   2.9469081e+01
   2.4000000e+01  -1.4000000e+01   1.5120313e+02   2.2409044e+01  -4.8787264e+01  -6.0000000e+01   3.2760231e+01
   2.4000000e+01  -1.4000000e+01   1.5487933e+02   1.9351731e+01  -5.0309421e+01  -6.0000000e+01   3.6781146e+01
   2.4000000e+01  -1.4000000e+01   1.5882975e+02   1.6618953e+01  -5.1596363e+01  -6.0000000e+01   4.0911255e+01
   2.4000000e+01  -1.4000000e+01   1.6692862e+02   1.2540080e+01  -5.3953164e+01  -6.0000000e+01   4.5707964e+01
   2.4000000e+01  -1.4000000e+01   1.6925104e+02   9.4977832e+00  -5.3905085e+01  -6.0000000e+01   5.0031618e+01
   2.4000000e+01  -1.4000000e+01   1.7327404e+02   6.5514085e+00  -5.3748357e+01  -6.0000000e+01   5.4538495e+01
   2.4000000e+01  -1.4000000e+01   1.7736041e+02   5.0593798e-01  -5.4999965e+01  -6.0000000e+01   5.8479742e+01
   2.4000000e+01  -1.4000000e+01   1.7707077e+02  -2.2151654e+00  -5.5496522e+01  -6.0000000e+01   6.4004258e+01
   2.4000000e+01  -1.4000000e+01   1.7373851e+02  -5.7475526e+00  -5.2591199e+01  -6.0000000e+01   6.8534380e+01
   2.4000000e+01  -1.4000000e+01   1.7387590e+02  -8.4079579e+00  -5.0662371e+01  -6.0000000e+01   7.2693884e+01
   2.4000000e+01  -1.4000000e+01   1.7556365e+02  -9.6463554e+00  -4.9295156e+01  -6.0000000e+01   7.6004058e+01
   2.4000000e+01  -1.4000000e+01   1.7864627e+02  -1.0376583e+01  -4.8104393e+01  -6.0000000e+01   7.7640651e+01
   2.4000000e+01  -1.4000000e+01   1.8446193e+02  -1.1370266e+01  -5.0937569e+01  -6.0000000e+01   7.6421338e+01
   2.4000000e+01  -1.4000000e+01   1.7940422e+02  -1.1490821e+01  -5.3516293e+01  -6.0000000e+01   7.1569653e+01
   2.4000000e+01  -1.4000000e+01   1.7853535e+02  -1.2585985e+01  -6.0811129e+01  -6.0000000e+01   6.1157159e+01
   2.4000000e+01  -1.4000000e+01   1.6836540e+02  -1.0751395e+01  -6.2567749e+01  -6.0000000e+01   5.0075207e+01
   2.4000000e+01  -1.4000000e+01   1.6100257e+02  -8.5455958e+00  -6.0451286e+01  -6.0000000e+01   3.7958496e+01
   2.4000000e+01  -1.4000000e+01   1.5466328e+02  -8.2506206e-01  -6.3562954e+01  -6.0000000e+01   3.0773149e+01
   2.4000000e+01  -1.4000000e+01   1.4439087e+02   5.5478381e+00  -6.1216830e+01  -6.0000000e+01   2.2365517e+01
   2.4000000e+01  -1.4000000e+01   1.3482218e+02   1.4862595e+01  -5.5986403e+01  -6.0000000e+01   1.6124692e+01
   2.4000000e+01  -1.4000000e+01   1.2462872e+02   2.1902375e+01  -5.0662442e+01  -6.0000000e+01   7.9519531e+00
   2.4000000e+01  -1.4000000e+01   1.1477949e+02   2.7897071e+01  -4.3555166e+01  -6.0000000e+01   1.5074388e-01
   2.4000000e+01  -1.4000000e+01   1.0689791e+02   3.1668753e+01  -3.4678659e+01  -6.0000000e+01  -7.6035029e+00
   2.4000000e+01  -1.4000000e+01   1.0113448e+02   3.5941262e+01  -2.5179916e+01  -6.0000000e+01  -1.5402790e+01
   2.4000000e+01  -1.4000000e+01   9.8362339e+01   4.3028046e+01  -1.6414596e+01  -6.0000000e+01  -2.0835237e+01
   2.4000000e+01  -1.4000000e+01   9.7700346e+01   5.1473184e+01  -1.1641466e+01  -6.0000000e+01  -2.2992567e+01
   2.4000000e+01  -1.4000000e+01   9.9646471e+01   5.8345577e+01  -1.4039299e+01  -6.0000000e+01  -2.0226783e+01
   2.4000000e+01  -1.4000000e+01   1.0197888e+02   5.7921361e+01  -1.7249496e+01  -6.0000000e+01  -1.5669852e+01
   2.4000000e+01  -1.4000000e+01   1.0514386e+02   5.5405826e+01  -2.0232569e+01  -6.0000000e+01  -1.1166856e+01
   2.4000000e+01  -1.4000000e+01   1.0934729e+02   5.2067395e+01  -2.4217114e+01  -6.0000000e+01  -6.0849067e+00
   2.4000000e+01  -1.4000000e+01   1.1340429e+02   4.7634907e+01  -2.8347194e+01  -6.0000000e+01  -1.8965142e-01
   2.4000000e+01  -1.4000000e+01   1.1760454e+02   4.4787181e+01  -3.2132719e+01  -6.0000000e+01   4.5689783e+00
   2.4000000e+01  -1.4000000e+01   1.2035833e+02   4.4290854e+01  -3.5486209e+01  -6.0000000e+01   6.7684844e+00
   2.4000000e+01  -1.4000000e+01   1.2332852e+02   4.2466220e+01  -3.9002361e+01  -6.0000000e+01   9.9329383e+00
   2.4000000e+01  -1.4000000e+01   1.2571382e+02   4.1214027e+01  -4.1330761e+01  -6.0000000e+01   1.2556141e+01
   2.4000000e+01  -1.4000000e+01   1.2852598e+02   4.0687413e+01  -4.5078218e+01  -6.0000000e+01   1.6150235e+01
   2.4000000e+01  -1.4000000e+01   1.3083836e+02   3.7970984e+01  -4.6856103e+01  -6.0000000e+01   1.9831198e+01
   2.4000000e+01  -1.4000000e+01   1.3301543e+02   3.6135450e+01  -4.8104825e+01  -6.0000000e+01   2.2048390e+01
   2.4000000e+01  -1.4000000e+01   1.3677247e+02   3.4479102e+01  -5.0310041e+01  -6.0000000e+01   2.4576635e+01
   2.4000000e+01  -1.4000000e+01   1.3718215e+02   3.3193274e+01  -4.9148225e+01  -6.0000000e+01   2.5522315e+01
   2.4000000e+01  -1.4000000e+01   1.3990588e+02   3.0808807e+01  -4.9550872e+01  -6.0000000e+01   2.8634295e+01
   2.4000000e+01  -1.4000000e+01   1.4312938e+02   2.7591057e+01  -5.0085877e+01  -6.0000000e+01   3.0948143e+01
   2.4000000e+01  -1.4000000e+01   1.4710938e+02   2.3718077e+01  -4.9798778e+01  -6.0000000e+01   3.4039400e+01
   2.4000000e+01  -1.4000000e+01   1.5125208e+02   1.9685466e+01  -5.1556588e+01  -6.0000000e+01   3.7599924e+01
   2.4000000e+01  -1.4000000e+01   1.5490194e+02   1.6519486e+01  -5.2661907e+01  -6.0000000e+01   4.1795575e+01
   2.4000000e+01  -1.4000000e+01   1.5874944e+02   1.2205442e+01  -5.3587385e+01  -6.0000000e+01   4.4857350e+01
   2.4000000e+01  -1.4000000e+01   1.6562751e+02   8.5255791e+00  -5.6426383e+01  -6.0000000e+01   4.9615920e+01
   2.4000000e+01  -1.4000000e+01   1.6908764e+02   5.0114580e+00  -5.6083895e+01  -6.0000000e+01   5.3312891e+01
   2.4000000e+01  -1.4000000e+01   1.7261278e+02   2.6544772e+00  -5.6181582e+01  -6.0000000e+01   5.7067899e+01
   2.4000000e+01  -1.4000000e+01   1.7677785e+02  -1.0279417e+00  -5.6082161e+01  -6.0000000e+01   6.0933058e+01
   2.4000000e+01  -1.4000000e+01   1.8332456e+02  -5.5264809e+00  -5.7165539e+01  -6.0000000e+01   6.5466859e+01
   2.4000000e+01  -1.4000000e+01   1.8592233e+02  -6.3953888e+00  -5.6950352e+01  -6.0000000e+01   6.7759515e+01
   2.4000000e+01  -1.4000000e+01   1.8520377e+02  -7.3318530e+00  -5.6834082e+01  -6.0000000e+01   7.0700311e+01
   2.4000000e+01  -1.4000000e+01   1.8429043e+02  -1.0280303e+01  -6.1087368e+01  -6.0000000e+01   6.7642153e+01
   2.4000000e+01  -1.4000000e+01   1.7419131e+02  -1.2953865e+01  -6.0690069e+01  -6.0000000e+01   5.7719845e+01
   2.4000000e+01  -1.4000000e+01   1.6492757e+02  -1.5355491e+01  -5.9324795e+01  -6.0000000e+01   4.6614138e+01
   2.4000000e+01  -1.4000000e+01   1.5518493e+02  -1.2177880e+01  -5.5223544e+01  -6.0000000e+01   3.4465602e+01
   2.4000000e+01  -1.4000000e+01   1.4502768e+02  -3.0902758e+00  -5.2291709e+01  -6.0000000e+01   2.4445610e+01
   2.4000000e+01  -1.4000000e+01   1.3498294e+02   6.8661733e+00  -4.9102851e+01  -6.0000000e+01   1.7962722e+01
   2.4000000e+01  -1.4000000e+01   1.2429768e+02   1.5768026e+01  -4.3860564e+01  -6.0000000e+01   8.9461328e+00
   2.4000000e+01  -1.4000000e+01   1.1408412e+02   2.5011628e+01  -3.5935029e+01  -6.0000000e+01   1.1816849e+00
   2.4000000e+01  -1.4000000e+01   1.0502905e+02   3.3178237e+01  -2.6742584e+01  -6.0000000e+01  -7.2585214e+00
   2.4000000e+01  -1.4000000e+01   9.9894111e+01   4.0436779e+01  -1.7142447e+01  -6.0000000e+01  -1.4949043e+01
   2.4000000e+01  -1.4000000e+01   9.6886730e+01   4.7235670e+01  -9.0822376e+00  -6.0000000e+01  -2.0683413e+01
   2.4000000e+01  -1.4000000e+01   9.4825269e+01   5.5896760e+01  -4.6152961e+00  -6.0000000e+01  -2.3656589e+01
   2.4000000e+01  -1.4000000e+01   9.4231777e+01   6.1932973e+01  -5.9298067e+00  -6.0000000e+01  -2.1350631e+01
   2.4000000e+01  -1.4000000e+01   9.6964655e+01   5.9436201e+01  -9.0678389e+00  -6.0000000e+01  -1.6896409e+01
   2.4000000e+01  -1.4000000e+01   1.0118337e+02   5.4727748e+01  -1.3957987e+01  -6.0000000e+01  -1.0341519e+01
   2.4000000e+01  -1.4000000e+01   1.0501589e+02   5.0592344e+01  -1.7855602e+01  -6.0000000e+01  -4.4260221e+00
   2.4000000e+01  -1.4000000e+01   1.0725467e+02   4.8008758e+01  -1.9954931e+01  -6.0000000e+01  -6.4118447e-01
   2.4000000e+01  -1.4000000e+01   1.0913939e+02   4.6134246e+01  -2.2138632e+01  -6.0000000e+01   2.6216982e+00
   2.4000000e+01  -1.4000000e+01   1.1431317e+02   4.3648722e+01  -2.6721140e+01  -6.0000000e+01   7.1939839e+00
   2.4000000e+01  -1.4000000e+01   1.1788033e+02   4.2289330e+01  -2.9718363e+01  -6.0000000e+01   9.5832623e+00
   2.4000000e+01  -1.4000000e+01   1.2183497e+02   4.0177471e+01  -3.3682320e+01  -6.0000000e+01   1.4110537e+01
   2.4000000e+01  -1.4000000e+01   1.2576298e+02   3.8604286e+01  -3.7281011e+01  -6.0000000e+01   1.7237851e+01
   2.4000000e+01  -1.4000000e+01   1.3094215e+02   3.6900224e+01  -4.1145061e+01  -6.0000000e+01   1.9730345e+01
   2.4000000e+01  -1.4000000e+01   1.3539064e+02   3.4048697e+01  -4.3754120e+01  -6.0000000e+01   2.3274729e+01
   2.4000000e+01  -1.4000000e+01   1.3721910e+02   3.1514234e+01  -4.3686693e+01  -6.0000000e+01   2.5012520e+01
   2.4000000e+01  -1.4000000e+01   1.4063776e+02   3.1137024e+01  -4.3850021e+01  -6.0000000e+01   2.5917398e+01
   2.4000000e+01  -1.4000000e+01   1.4241415e+02   2.8097443e+01  -4.2551809e+01  -6.0000000e+01   2.7582049e+01
   2.4000000e+01  -1.4000000e+01   1.4808785e+02   2.4205474e+01  -4.5258318e+01  -6.0000000e+01   3.2142315e+01
   2.4000000e+01  -1.4000000e+01   1.5240378e+02   2.1708225e+01  -4.7560495e+01  -6.0000000e+01   3.5486058e+01
   2.4000000e+01  -1.4000000e+01   1.5709333e+02   1.7683784e+01  -5.0452205e+01  -6.0000000e+01   4.0846337e+01
   2.4000000e+01  -1.4000000e+01   1.6157893e+02   1.3032057e+01  -5.0298067e+01  -6.0000000e+01   4.4522203e+01
   2.4000000e+01  -1.4000000e+01   1.6365683e+02   1.0079787e+01  -4.8705103e+01  -6.0000000e+01   4.6284420e+01
   2.4000000e+01  -1.4000000e+01   1.6547245e+02   7.6385325e+00  -4.7488934e+01  -6.0000000e+01   5.1350604e+01
   2.4000000e+01  -1.4000000e+01   1.6915481e+02   2.9858579e+00  -4.7456807e+01  -6.0000000e+01   5.6133374e+01
   2.4000000e+01  -1.4000000e+01   1.7376333e+02  -3.4402042e+00  -5.1329825e+01  -6.0000000e+01   6.1265026e+01
   2.4000000e+01  -1.4000000e+01   1.7440706e+02  -6.5449277e+00  -5.2128136e+01  -6.0000000e+01   6.3476301e+01
   2.4000000e+01  -1.4000000e+01   1.7507984e+02  -9.9272040e+00  -5.4215829e+01  -6.0000000e+01   5.9126890e+01
   2.4000000e+01  -1.4000000e+01   1.7387408e+02  -1.4173535e+01  -5.2982770e+01  -6.0000000e+01   5.1791240e+01
   2.4000000e+01  -1.4000000e+01   1.6468420e+02  -1.4156712e+01  -5.3634853e+01  -6.0000000e+01   4.4775464e+01
   2.4000000e+01  -1.4000000e+01   1.5966484e+02  -1.4730321e+01  -5.3263420e+01  -6.0000000e+01   3.4360633e+01
   2.4000000e+01  -1.4000000e+01   1.5141989e+02  -7.6113745e+00  -5.5090166e+01  -6.0000000e+01   2.4132365e+01
   2.4000000e+01  -1.4000000e+01   1.4073908e+02   2.2174673e+00  -5.6040357e+01  -6.0000000e+01   1.6931390e+01
   2.4000000e+01  -1.4000000e+01   1.3035008e+02   1.2192752e+01  -5.2506928e+01  -6.0000000e+01   1.2604244e+01
   2.4000000e+01  -1.4000000e+01   1.2029272e+02   2.0790556e+01  -4.5553533e+01  -6.0000000e+01   5.5168967e+00
   2.4000000e+01  -1.4000000e+01   1.1085892e+02   2.7778862e+01  -3.7208641e+01  -6.0000000e+01  -3.0643795e+00
   2.4000000e+01  -1.4000000e+01   1.0325877e+02   3.2637494e+01  -2.7766927e+01  -6.0000000e+01  -1.1704227e+01
   2.4000000e+01  -1.4000000e+01   9.6358491e+01   3.7761290e+01  -1.8370149e+01  -6.0000000e+01  -1.8556535e+01
   2.4000000e+01  -1.4000000e+01   9.5327302e+01   4.2134689e+01  -9.3088182e+00  -6.0000000e+01  -2.4943446e+01
   2.4000000e+01  -1.4000000e+01   9.3239345e+01   4.8179951e+01  -2.8061713e+00  -6.0000000e+01  -2.7338857e+01
   2.4000000e+01  -1.4000000e+01   9.0331973e+01   5.7614888e+01   1.7231569e+00  -6.0000000e+01  -2.6550167e+01
   2.4000000e+01  -1.4000000e+01   8.8987936e+01   6.3955736e+01   8.6452955e-01  -6.0000000e+01  -2.3542010e+01
   2.4000000e+01  -1.4000000e+01   9.1870683e+01   6.0560474e+01  -1.8832392e+00  -6.0000000e+01  -1.8224361e+01
   2.4000000e+01  -1.4000000e+01   9.6680955e+01   5.5603966e+01  -7.4911114e+00  -6.0000000e+01  -1.1018507e+01
   2.4000000e+01  -1.4000000e+01   1.0155197e+02   5.1039235e+01  -1.2833414e+01  -6.0000000e+01  -5.1723753e+00
   2.4000000e+01  -1.4000000e+01   1.0535306e+02   4.8535155e+01  -1.7383537e+01  -6.0000000e+01  -8.5318491e-01
   2.4000000e+01  -1.4000000e+01   1.0979369e+02   4.6404918e+01  -2.1651106e+01  -6.0000000e+01   2.7346854e+00
   2.4000000e+01  -1.4000000e+01   1.1501579e+02   4.2830615e+01  -2.7305128e+01  -6.0000000e+01   8.0779057e+00
   2.4000000e+01  -1.4000000e+01   1.1938653e+02   4.0989923e+01  -3.2458949e+01  -6.0000000e+01   1.2156282e+01
   2.4000000e+01  -1.4000000e+01   1.2420558e+02   4.0079813e+01  -3.7200061e+01  -6.0000000e+01   1.5195626e+01
   2.4000000e+01  -1.4000000e+01   1.2783485e+02   3.8990837e+01  -4.1237264e+01  -6.0000000e+01   1.8144517e+01
   2.4000000e+01  -1.4000000e+01   1.3192511e+02   3.6461389e+01  -4.4879611e+01  -6.0000000e+01   2.1234659e+01
   2.4000000e+01  -1.4000000e+01   1.3475266e+02   3.4454707e+01  -4.6700561e+01  -6.0000000e+01   2.3701056e+01
   2.4000000e+01  -1.4000000e+01   1.3684810e+02   3.1843411e+01  -4.6584404e+01  -6.0000000e+01   2.6609645e+01
   2.4000000e+01  -1.4000000e+01   1.3990390e+02   2.9227887e+01  -4.5793400e+01  -6.0000000e+01   2.9973340e+01
   2.4000000e+01  -1.4000000e+01   1.4547216e+02   2.4651878e+01  -4.8895297e+01  -6.0000000e+01   3.4656779e+01
   2.4000000e+01  -1.4000000e+01   1.5328125e+02   2.3653429e+01  -5.3281427e+01  -6.0000000e+01   3.8400810e+01
   2.4000000e+01  -1.4000000e+01   1.5870391e+02   1.8847955e+01  -5.7917521e+01  -6.0000000e+01   4.3146707e+01
   2.4000000e+01  -1.4000000e+01   1.6653394e+02   1.4367932e+01  -6.0462636e+01  -6.0000000e+01   4.7178650e+01
   2.4000000e+01  -1.4000000e+01   1.7313941e+02   9.5880694e+00  -6.2608528e+01  -6.0000000e+01   5.2278163e+01
   2.4000000e+01  -1.4000000e+01   1.7312689e+02   5.2202174e+00  -6.0909079e+01  -6.0000000e+01   5.6250784e+01
   2.4000000e+01  -1.4000000e+01   1.7306514e+02   1.0131383e+00  -6.1051658e+01  -6.0000000e+01   6.1334846e+01
   2.4000000e+01  -1.4000000e+01   1.7228998e+02  -3.1391823e+00  -6.1125638e+01  -6.0000000e+01   6.7019169e+01
   2.4000000e+01  -1.4000000e+01   1.7731895e+02  -5.9291682e+00  -6.0931011e+01  -6.0000000e+01   7.0163798e+01
   2.4000000e+01  -1.4000000e+01   1.8138455e+02  -1.0231094e+01  -6.5223229e+01  -6.0000000e+01   7.3302346e+01
   2.4000000e+01  -1.4000000e+01   1.7677282e+02  -1.2316062e+01  -6.6004567e+01  -6.0000000e+01   6.4490898e+01
   2.4000000e+01  -1.4000000e+01   1.6606322e+02  -1.6242334e+01  -6.3933194e+01  -6.0000000e+01   5.3381135e+01
   2.4000000e+01  -1.4000000e+01   1.6026924e+02  -1.6296935e+01  -5.7968833e+01  -6.0000000e+01   4.1837554e+01
   2.4000000e+01  -1.4000000e+01   1.5115835e+02  -1.2750305e+01  -5.2873991e+01  -6.0000000e+01   2.9798101e+01
   2.4000000e+01  -1.4000000e+01   1.4013152e+02  -3.7621044e+00  -5.1986527e+01  -6.0000000e+01   1.9309109e+01
   2.4000000e+01  -1.4000000e+01   1.2938565e+02   5.2897991e+00  -4.9290534e+01  -6.0000000e+01   1.0515679e+01
   2.4000000e+01  -1.4000000e+01   1.1909785e+02   1.4154176e+01  -4.3569991e+01  -6.0000000e+01   2.7273668e+00
   2.4000000e+01  -1.4000000e+01   1.0916800e+02   2.2788536e+01  -3.5223570e+01  -6.0000000e+01  -4.9467646e+00
   2.4000000e+01  -1.4000000e+01   1.0014232e+02   3.0181495e+01  -2.6287234e+01  -6.0000000e+01  -1.1877316e+01
   2.4000000e+01  -1.4000000e+01   9.4710254e+01   3.6062529e+01  -1.6745753e+01  -6.0000000e+01  -1.8914206e+01
   2.4000000e+01  -1.4000000e+01   9.1247254e+01   4.3126013e+01  -8.5244158e+00  -6.0000000e+01  -2.4012645e+01
   2.4000000e+01  -1.4000000e+01   8.9367631e+01   5.2464375e+01  -2.5053227e+00  -6.0000000e+01  -2.5912988e+01
   2.4000000e+01  -1.4000000e+01   8.9138705e+01   6.2673233e+01  -1.2586114e+00  -6.0000000e+01  -2.4034990e+01
   2.4000000e+01  -1.4000000e+01   9.0593882e+01   6.1977004e+01  -1.8695824e+00  -6.0000000e+01  -2.0900204e+01
   2.4000000e+01  -1.4000000e+01   9.4512559e+01   5.8042501e+01  -4.5415076e+00  -6.0000000e+01  -1.4559802e+01
   2.4000000e+01  -1.4000000e+01   1.0029908e+02   5.2394343e+01  -1.0589972e+01  -6.0000000e+01  -7.6872117e+00
   2.4000000e+01  -1.4000000e+01   1.0511572e+02   4.8380173e+01  -1.6147141e+01  -6.0000000e+01  -2.4384417e+00
   2.4000000e+01  -1.4000000e+01   1.1004653e+02   4.4672513e+01  -2.1813669e+01  -6.0000000e+01   3.1006140e+00
   2.4000000e+01  -1.4000000e+01   1.1476186e+02   4.2012526e+01  -2.8347187e+01  -6.0000000e+01   8.1810591e+00
   2.4000000e+01  -1.4000000e+01   1.1970722e+02   4.0103050e+01  -3.3908601e+01  -6.0000000e+01   1.2412812e+01
   2.4000000e+01  -1.4000000e+01   1.2535001e+02   3.8524942e+01  -3.9106134e+01  -6.0000000e+01   1.6432953e+01
   2.4000000e+01  -1.4000000e+01   1.2999867e+02   3.5540801e+01  -4.4406886e+01  -6.0000000e+01   2.0408280e+01
   2.4000000e+01  -1.4000000e+01   1.3420878e+02   3.3275728e+01  -4.6502598e+01  -6.0000000e+01   2.4011175e+01
   2.4000000e+01  -1.4000000e+01   1.3902512e+02   3.2252984e+01  -4.9679570e+01  -6.0000000e+01   2.6036649e+01
   2.4000000e+01  -1.4000000e+01   1.4094540e+02   2.8347774e+01  -4.9831641e+01  -6.0000000e+01   2.8666488e+01
   2.4000000e+01  -1.4000000e+01   1.4732590e+02   2.5641580e+01  -5.1721527e+01  -6.0000000e+01   3.2299380e+01
   2.4000000e+01  -1.4000000e+01   1.5375631e+02   2.2421043e+01  -5.3423096e+01  -6.0000000e+01   3.6307201e+01
   2.4000000e+01  -1.4000000e+01   1.6190633e+02   1.9825744e+01  -5.8504856e+01  -6.0000000e+01   4.0646822e+01
   2.4000000e+01  -1.4000000e+01   1.6629399e+02   1.5988203e+01  -5.9518084e+01  -6.0000000e+01   4.3692180e+01
   2.4000000e+01  -1.4000000e+01   1.6835934e+02   1.0425674e+01  -5.9244735e+01  -6.0000000e+01   4.9595363e+01
   2.4000000e+01  -1.4000000e+01   1.6418078e+02   7.9048613e+00  -5.7637125e+01  -6.0000000e+01   5.4325912e+01
   2.4000000e+01  -1.4000000e+01   1.6945568e+02   2.4508136e+00  -5.7886960e+01  -6.0000000e+01   6.0213583e+01
   2.4000000e+01  -1.4000000e+01   1.7074856e+02  -1.4869210e+00  -5.7759346e+01  -6.0000000e+01   6.5098944e+01
   2.4000000e+01  -1.4000000e+01   1.7613614e+02  -5.4329512e+00  -5.5323035e+01  -6.0000000e+01   6.9341785e+01
   2.4000000e+01  -1.4000000e+01   1.7684818e+02  -8.8046218e+00  -5.3959660e+01  -6.0000000e+01   7.6097313e+01
   2.4000000e+01  -1.4000000e+01   1.7528629e+02  -8.0291745e+00  -5.1924426e+01  -6.0000000e+01   7.8565075e+01
   2.4000000e+01  -1.4000000e+01   1.7792244e+02  -7.6642179e+00  -5.0309415e+01  -6.0000000e+01   8.0227952e+01
   2.4000000e+01  -1.4000000e+01   1.7784741e+02  -7.3249758e+00  -4.8788525e+01  -6.0000000e+01   8.1141796e+01
   2.4000000e+01  -1.4000000e+01   1.8273160e+02  -6.6356942e+00  -4.7576289e+01  -6.0000000e+01   8.0183287e+01
   2.4000000e+01  -1.4000000e+01   1.8473588e+02  -6.0927108e+00  -4.6366029e+01  -6.0000000e+01   7.8878652e+01
   2.4000000e+01  -1.4000000e+01   1.8374106e+02  -6.1601796e+00  -4.5964363e+01  -6.0000000e+01   7.6383053e+01
   2.4000000e+01  -1.4000000e+01   1.8324997e+02  -1.0229086e+01  -5.4688357e+01  -6.0000000e+01   7.1323480e+01
   2.4000000e+01  -1.4000000e+01   1.7736290e+02  -1.6028116e+01  -6.2230729e+01  -6.0000000e+01   6.0349235e+01
   2.4000000e+01  -1.4000000e+01   1.6911969e+02  -1.8948679e+01  -6.0562081e+01  -6.0000000e+01   4.8914386e+01
   2.4000000e+01  -1.4000000e+01   1.6200533e+02  -2.0567578e+01  -5.4711919e+01  -6.0000000e+01   3.7644625e+01
   2.4000000e+01  -1.4000000e+01   1.5623168e+02  -1.7968491e+01  -5.2712504e+01  -6.0000000e+01   2.7153296e+01
   2.4000000e+01  -1.4000000e+01   1.4922839e+02  -1.0449377e+01  -5.0485432e+01  -6.0000000e+01   1.6338539e+01
   2.4000000e+01  -1.4000000e+01   1.3869014e+02   6.7965185e-01  -4.6378299e+01  -6.0000000e+01   8.4707789e+00
   2.4000000e+01  -1.4000000e+01   1.2802155e+02   1.1736451e+01  -4.1980704e+01  -6.0000000e+01   1.7709023e+00
   2.4000000e+01  -1.4000000e+01   1.1766774e+02   2.3332268e+01  -3.4976383e+01  -6.0000000e+01  -3.2352372e+00
   2.4000000e+01  -1.4000000e+01   1.0893914e+02   3.4899161e+01  -2.6479143e+01  -6.0000000e+01  -9.6053046e+00
   2.4000000e+01  -1.4000000e+01   1.0194401e+02   4.6072123e+01  -1.8646353e+01  -6.0000000e+01  -1.3775986e+01
   2.4000000e+01  -1.4000000e+01   9.6836959e+01   5.3806373e+01  -1.1755119e+01  -6.0000000e+01  -1.5692209e+01
   2.4000000e+01  -1.4000000e+01   9.6959619e+01   5.3952283e+01  -1.0411971e+01  -6.0000000e+01  -1.2187859e+01
   2.4000000e+01  -1.4000000e+01   1.0021823e+02   5.0212377e+01  -1.1965383e+01  -6.0000000e+01  -6.3598322e+00
   2.4000000e+01  -1.4000000e+01   1.0413779e+02   4.6127827e+01  -1.5785792e+01  -6.0000000e+01  -3.4749030e-01
   2.4000000e+01  -1.4000000e+01   1.0756920e+02   4.3328420e+01  -2.0056673e+01  -6.0000000e+01   4.2677431e+00
   2.4000000e+01  -1.4000000e+01   1.1281039e+02   4.0625474e+01  -2.6048441e+01  -6.0000000e+01   9.7889518e+00
   2.4000000e+01  -1.4000000e+01   1.1887993e+02   3.7705437e+01  -3.1725839e+01  -6.0000000e+01   1.5093121e+01
   2.4000000e+01  -1.4000000e+01   1.2516808e+02   3.5313543e+01  -3.8093042e+01  -6.0000000e+01   1.9520617e+01
   2.4000000e+01  -1.4000000e+01   1.3050343e+02   3.2306021e+01  -4.3047547e+01  -6.0000000e+01   2.3762752e+01
   2.4000000e+01  -1.4000000e+01   1.3480431e+02   3.0779034e+01  -4.7053257e+01  -6.0000000e+01   2.6473230e+01
   2.4000000e+01  -1.4000000e+01   1.3782269e+02   2.9335118e+01  -4.9507105e+01  -6.0000000e+01   2.8993049e+01
   2.4000000e+01  -1.4000000e+01   1.4218057e+02   2.7964913e+01  -5.1183028e+01  -6.0000000e+01   3.0101052e+01
   2.4000000e+01  -1.4000000e+01   1.4526469e+02   2.4830006e+01  -5.1492345e+01  -6.0000000e+01   3.2689847e+01
   2.4000000e+01  -1.4000000e+01   1.5191231e+02   2.3191367e+01  -5.5615018e+01  -6.0000000e+01   3.6149867e+01
   2.4000000e+01  -1.4000000e+01   1.5907325e+02   2.1177691e+01  -6.0024257e+01  -6.0000000e+01   4.0304387e+01
   2.4000000e+01  -1.4000000e+01   1.6620536e+02   1.8072759e+01  -6.3156128e+01  -6.0000000e+01   4.4881437e+01
   2.4000000e+01  -1.4000000e+01   1.7002771e+02   1.5385299e+01  -6.4267548e+01  -6.0000000e+01   4.7128347e+01
   2.4000000e+01  -1.4000000e+01   1.6858668e+02   1.0718800e+01  -6.2153434e+01  -6.0000000e+01   5.2229532e+01
   2.4000000e+01  -1.4000000e+01   1.6637496e+02   7.9955890e+00  -6.0729118e+01  -6.0000000e+01   5.6742553e+01
   2.4000000e+01  -1.4000000e+01   1.7144809e+02   2.1819017e+00  -6.1553055e+01  -6.0000000e+01   6.2664206e+01
   2.4000000e+01  -1.4000000e+01   1.7595305e+02  -2.1128586e+00  -6.3776655e+01  -6.0000000e+01   6.6844066e+01
   2.4000000e+01  -1.4000000e+01   1.7650587e+02  -3.3819599e+00  -6.3597590e+01  -6.0000000e+01   7.0091569e+01
   2.4000000e+01  -1.4000000e+01   1.7224176e+02  -5.5271504e+00  -6.2884447e+01  -6.0000000e+01   7.3655794e+01
   2.4000000e+01  -1.4000000e+01   1.7191952e+02  -7.0335796e+00  -6.1488494e+01  -6.0000000e+01   7.8190977e+01
   2.4000000e+01  -1.4000000e+01   1.7278044e+02  -6.0668360e+00  -6.0020883e+01  -6.0000000e+01   8.0804669e+01
   2.4000000e+01  -1.4000000e+01   1.7086051e+02  -5.8565632e+00  -5.8614097e+01  -6.0000000e+01   8.1712929e+01
   2.4000000e+01  -1.4000000e+01   1.7132922e+02  -6.8002863e+00  -5.7509430e+01  -6.0000000e+01   8.2149341e+01
   2.4000000e+01  -1.4000000e+01   1.7020318e+02  -5.4600593e+00  -5.6267141e+01  -6.0000000e+01   8.2192852e+01
   2.4000000e+01  -1.4000000e+01   1.6654297e+02  -4.7136987e+00  -5.4474110e+01  -6.0000000e+01   8.3377666e+01
   2.4000000e+01  -1.4000000e+01   1.5988843e+02  -4.0580354e+00  -5.2778187e+01  -6.0000000e+01   8.4216813e+01
   2.4000000e+01  -1.4000000e+01   1.6074737e+02  -5.7648475e+00  -4.8514931e+01  -6.0000000e+01   7.5093220e+01
   2.4000000e+01  -1.4000000e+01   1.5900227e+02  -1.1747841e+01  -4.4723926e+01  -6.0000000e+01   6.4657194e+01
   2.4000000e+01  -1.4000000e+01   1.5279050e+02  -1.9006138e+01  -4.2397467e+01  -6.0000000e+01   5.3337778e+01
   2.4000000e+01  -1.4000000e+01   1.4854444e+02  -2.3722457e+01  -3.6700923e+01  -6.0000000e+01   4.1341467e+01
   2.4000000e+01  -1.4000000e+01   1.4205499e+02  -2.1198405e+01  -3.2477613e+01  -6.0000000e+01   2.9570073e+01
   2.4000000e+01  -1.4000000e+01   1.3298726e+02  -1.3193800e+01  -2.8633002e+01  -6.0000000e+01   1.8170151e+01
   2.4000000e+01  -1.4000000e+01   1.2352146e+02  -1.8653762e+00  -2.6280970e+01  -6.0000000e+01   8.1291978e+00
   2.4000000e+01  -1.4000000e+01   1.1384844e+02   9.7347182e+00  -2.2457668e+01  -6.0000000e+01  -7.6532574e-01
   2.4000000e+01  -1.4000000e+01   1.0545911e+02   2.1557575e+01  -1.7250212e+01  -6.0000000e+01  -6.6999910e+00
   2.4000000e+01  -1.4000000e+01   9.9823549e+01   3.3046976e+01  -1.0490211e+01  -6.0000000e+01  -1.3925646e+01
   2.4000000e+01  -1.4000000e+01   9.4411674e+01   4.3571692e+01  -3.2440893e+00  -6.0000000e+01  -1.9452773e+01
   2.4000000e+01  -1.4000000e+01   9.2582804e+01   5.4602877e+01   7.8959624e-01  -6.0000000e+01  -2.3765687e+01
   2.4000000e+01  -1.4000000e+01   9.2083213e+01   6.4785711e+01   3.0692369e+00  -6.0000000e+01  -2.7213533e+01
   2.4000000e+01  -1.4000000e+01   9.0746090e+01   6.8845696e+01   5.4125203e+00  -6.0000000e+01  -2.9044036e+01
   2.4000000e+01  -1.4000000e+01   9.4942435e+01   6.4709619e+01   9.9093532e-01  -6.0000000e+01  -2.4471121e+01
   2.4000000e+01  -1.4000000e+01   9.8273877e+01   5.9782263e+01  -3.3727651e+00  -6.0000000e+01  -1.8837686e+01
   2.4000000e+01  -1.4000000e+01   1.0330447e+02   5.4425421e+01  -9.4090819e+00  -6.0000000e+01  -1.2676162e+01
   2.4000000e+01  -1.4000000e+01   1.0951437e+02   4.9369487e+01  -1.5520818e+01  -6.0000000e+01  -6.1902491e+00
   2.4000000e+01  -1.4000000e+01   1.1495110e+02   4.5114922e+01  -1.9829395e+01  -6.0000000e+01  -1.7365404e+00
   2.4000000e+01  -1.4000000e+01   1.2100845e+02   4.1542854e+01  -2.6082725e+01  -6.0000000e+01   4.1434342e+00
   2.4000000e+01  -1.4000000e+01   1.2548525e+02   3.9146653e+01  -3.0036068e+01  -6.0000000e+01   7.6194304e+00
   2.4000000e+01  -1.4000000e+01   1.3075461e+02   3.7946598e+01  -3.5859207e+01  -6.0000000e+01   1.1461571e+01
   2.4000000e+01  -1.4000000e+01   1.3469100e+02   3.6003587e+01  -3.9362931e+01  -6.0000000e+01   1.4094129e+01
   2.4000000e+01  -1.4000000e+01   1.3734133e+02   3.2919085e+01  -4.2316021e+01  -6.0000000e+01   1.8499556e+01
   2.4000000e+01  -1.4000000e+01   1.4100995e+02   3.2364249e+01  -4.5196689e+01  -6.0000000e+01   2.0700135e+01
   2.4000000e+01  -1.4000000e+01   1.4323950e+02   2.9219856e+01  -4.4449629e+01  -6.0000000e+01   2.3185382e+01
   2.4000000e+01  -1.4000000e+01   1.4925000e+02   2.6126541e+01  -4.7383649e+01  -6.0000000e+01   2.8338597e+01
   2.4000000e+01  -1.4000000e+01   1.5601583e+02   2.4821141e+01  -5.1124117e+01  -6.0000000e+01   3.2134741e+01
   2.4000000e+01  -1.4000000e+01   1.6256305e+02   1.9873554e+01  -5.4653745e+01  -6.0000000e+01   3.6438981e+01
   2.4000000e+01  -1.4000000e+01   1.6940972e+02   1.7937227e+01  -5.8488626e+01  -6.0000000e+01   3.9034129e+01
   2.4000000e+01  -1.4000000e+01   1.7272983e+02   1.4430458e+01  -6.1267456e+01  -6.0000000e+01   4.4099957e+01
   2.4000000e+01  -1.4000000e+01   1.7338643e+02   1.1596115e+01  -6.0164134e+01  -6.0000000e+01   4.6269669e+01
   2.4000000e+01  -1.4000000e+01   1.7597942e+02   8.0588032e+00  -5.9790835e+01  -6.0000000e+01   5.0107410e+01
   2.4000000e+01  -1.4000000e+01   1.7561981e+02   5.1638300e+00  -5.7290453e+01  -6.0000000e+01   5.3655361e+01
   2.4000000e+01  -1.4000000e+01   1.7914006e+02   1.4836146e+00  -5.6876822e+01  -6.0000000e+01   5.6617980e+01
   2.4000000e+01  -1.4000000e+01   1.8196212e+02  -1.4551991e+00  -5.6930293e+01  -6.0000000e+01   5.9251348e+01
   2.4000000e+01  -1.4000000e+01   1.8656243e+02  -5.7506628e+00  -5.7752476e+01  -6.0000000e+01   6.3793790e+01
   2.4000000e+01  -1.4000000e+01   1.8697252e+02  -6.9491972e+00  -5.8629507e+01  -6.0000000e+01   6.5149501e+01
   2.4000000e+01  -1.4000000e+01   1.8464827e+02  -8.2785128e+00  -6.4494717e+01  -6.0000000e+01   6.1328902e+01
   2.4000000e+01  -1.4000000e+01   1.8199968e+02  -1.4447412e+01  -7.0801421e+01  -6.0000000e+01   5.0201445e+01
   2.4000000e+01  -1.4000000e+01   1.7193772e+02  -1.1693740e+01  -6.9052430e+01  -6.0000000e+01   3.8116301e+01
   2.4000000e+01  -1.4000000e+01   1.6157741e+02  -4.0873984e+00  -7.0274029e+01  -6.0000000e+01   2.7320693e+01
   2.4000000e+01  -1.4000000e+01   1.5051081e+02   5.3073987e+00  -6.7293651e+01  -6.0000000e+01   1.9939037e+01
   2.4000000e+01  -1.4000000e+01   1.3973097e+02   1.5180512e+01  -6.2468007e+01  -6.0000000e+01   1.4926909e+01
   2.4000000e+01  -1.4000000e+01   1.2852990e+02   2.6092254e+01  -5.5141386e+01  -6.0000000e+01   9.0098186e+00
   2.4000000e+01  -1.4000000e+01   1.1740947e+02   3.6514993e+01  -4.7041770e+01  -6.0000000e+01   9.3729627e-01
   2.4000000e+01  -1.4000000e+01   1.0763475e+02   4.5429207e+01  -3.7592374e+01  -6.0000000e+01  -8.6798946e+00
   2.4000000e+01  -1.4000000e+01   1.0235432e+02   5.0510332e+01  -2.7567465e+01  -6.0000000e+01  -1.8058825e+01
   2.4000000e+01  -1.4000000e+01   9.8440307e+01   5.8011748e+01  -1.8644485e+01  -6.0000000e+01  -2.4122070e+01
   2.4000000e+01  -1.4000000e+01   9.6103462e+01   6.3087706e+01  -1.2847060e+01  -6.0000000e+01  -2.5537851e+01
   2.4000000e+01  -1.4000000e+01   9.6389373e+01   6.2209288e+01  -1.1173218e+01  -6.0000000e+01  -2.3165271e+01
   2.4000000e+01  -1.4000000e+01   1.0020354e+02   5.8640242e+01  -1.3911835e+01  -6.0000000e+01  -1.7418625e+01
   2.4000000e+01  -1.4000000e+01   1.0468778e+02   5.5574570e+01  -1.7729613e+01  -6.0000000e+01  -1.2873696e+01
   2.4000000e+01  -1.4000000e+01   1.0915235e+02   5.2033060e+01  -2.0645686e+01  -6.0000000e+01  -8.4946581e+00
   2.4000000e+01  -1.4000000e+01   1.1335888e+02   5.0527133e+01  -2.4018029e+01  -6.0000000e+01  -4.5005659e+00
   2.4000000e+01  -1.4000000e+01   1.1793060e+02   4.7393930e+01  -2.9106826e+01  -6.0000000e+01   5.9872856e-01
   2.4000000e+01  -1.4000000e+01   1.2192767e+02   4.5163523e+01  -3.1713540e+01  -6.0000000e+01   4.1465248e+00
   2.4000000e+01  -1.4000000e+01   1.2656746e+02   4.2191191e+01  -3.4938083e+01  -6.0000000e+01   8.5924498e+00
   2.4000000e+01  -1.4000000e+01   1.3011743e+02   4.1462495e+01  -3.7855901e+01  -6.0000000e+01   1.0354818e+01
   2.4000000e+01  -1.4000000e+01   1.3336057e+02   3.9514795e+01  -4.1219018e+01  -6.0000000e+01   1.3130903e+01
   2.4000000e+01  -1.4000000e+01   1.3709513e+02   3.6312749e+01  -4.1920197e+01  -6.0000000e+01   1.6245330e+01
   2.4000000e+01  -1.4000000e+01   1.4144039e+02   3.4659169e+01  -4.3901299e+01  -6.0000000e+01   1.9189707e+01
   2.4000000e+01  -1.4000000e+01   1.4413297e+02   3.0074069e+01  -4.4511150e+01  -6.0000000e+01   2.3695511e+01
   2.4000000e+01  -1.4000000e+01   1.4674666e+02   2.5126827e+01  -4.4233381e+01  -6.0000000e+01   2.7489125e+01
   2.4000000e+01  -1.4000000e+01   1.5069937e+02   2.3516825e+01  -4.5355574e+01  -6.0000000e+01   3.1742117e+01
   2.4000000e+01  -1.4000000e+01   1.5862395e+02   2.0150560e+01  -4.8799604e+01  -6.0000000e+01   3.6313013e+01
   2.4000000e+01  -1.4000000e+01   1.6187536e+02   1.5950479e+01  -5.0811710e+01  -6.0000000e+01   3.9951338e+01
   2.4000000e+01  -1.4000000e+01   1.6289260e+02   1.2990445e+01  -4.8415085e+01  -6.0000000e+01   4.2817804e+01
   2.4000000e+01  -1.4000000e+01   1.6826065e+02   9.0266311e+00  -4.8307346e+01  -6.0000000e+01   4.7904679e+01
   2.4000000e+01  -1.4000000e+01   1.7521752e+02   3.5428184e+00  -5.0445083e+01  -6.0000000e+01   5.1676980e+01
   2.4000000e+01  -1.4000000e+01   1.7818562e+02  -1.2181660e+00  -5.1901644e+01  -6.0000000e+01   5.4791099e+01
   2.4000000e+01  -1.4000000e+01   1.8174706e+02  -6.5559704e+00  -5.3045080e+01  -6.0000000e+01   5.8478205e+01
   2.4000000e+01  -1.4000000e+01   1.8192212e+02  -9.8006777e+00  -5.6795497e+01  -6.0000000e+01   5.4533780e+01
   2.4000000e+01  -1.4000000e+01   1.7601979e+02  -1.4792000e+01  -5.8908491e+01  -6.0000000e+01   4.9786891e+01
   2.4000000e+01  -1.4000000e+01   1.7362449e+02  -1.8958641e+01  -6.3219310e+01  -6.0000000e+01   4.0534922e+01
   2.4000000e+01  -1.4000000e+01   1.6673274e+02  -1.7649301e+01  -6.3073811e+01  -6.0000000e+01   2.9675818e+01
   2.4000000e+01  -1.4000000e+01   1.5735862e+02  -1.1193429e+01  -6.4417933e+01  -6.0000000e+01   1.8584507e+01
   2.4000000e+01  -1.4000000e+01   1.4627058e+02  -1.1504303e+00  -6.3238789e+01  -6.0000000e+01   1.2885570e+01
   2.4000000e+01  -1.4000000e+01   1.3605163e+02   8.9999636e+00  -5.7006311e+01  -6.0000000e+01   8.2151824e+00
   2.4000000e+01  -1.4000000e+01   1.2568535e+02   1.8056349e+01  -5.0460835e+01  -6.0000000e+01   1.1614146e+00
   2.4000000e+01  -1.4000000e+01   1.1615242e+02   2.5905919e+01  -4.2264316e+01  -6.0000000e+01  -6.3431301e+00
   2.4000000e+01  -1.4000000e+01   1.0816308e+02   3.2492710e+01  -3.3024217e+01  -6.0000000e+01  -1.4104554e+01
   2.4000000e+01  -1.4000000e+01   1.0161514e+02   3.7966570e+01  -2.3804934e+01  -6.0000000e+01  -2.1339960e+01
   2.4000000e+01  -1.4000000e+01   9.7976439e+01   4.5076526e+01  -1.5250521e+01  -6.0000000e+01  -2.5634825e+01
   2.4000000e+01  -1.4000000e+01   9.4816438e+01   5.2049501e+01  -8.2450690e+00  -6.0000000e+01  -2.8293751e+01
   2.4000000e+01  -1.4000000e+01   9.3156814e+01   6.0375105e+01  -6.7309222e+00  -6.0000000e+01  -2.4940657e+01
   2.4000000e+01  -1.4000000e+01   9.3906302e+01   6.1153086e+01  -6.8246762e+00  -6.0000000e+01  -2.1071838e+01
   2.4000000e+01  -1.4000000e+01   9.7448408e+01   5.7070178e+01  -1.1080438e+01  -6.0000000e+01  -1.4371079e+01
   2.4000000e+01  -1.4000000e+01   1.0172050e+02   5.3065404e+01  -1.5141405e+01  -6.0000000e+01  -8.9558182e+00
   2.4000000e+01  -1.4000000e+01   1.0629449e+02   5.0031101e+01  -1.9198894e+01  -6.0000000e+01  -4.4270740e+00
   2.4000000e+01  -1.4000000e+01   1.1107032e+02   4.5796718e+01  -2.4060703e+01  -6.0000000e+01   1.8213038e+00
   2.4000000e+01  -1.4000000e+01   1.1616735e+02   4.3678225e+01  -2.9467301e+01  -6.0000000e+01   6.4436063e+00
   2.4000000e+01  -1.4000000e+01   1.1967847e+02   4.2750180e+01  -3.3672314e+01  -6.0000000e+01   8.8959785e+00
   2.4000000e+01  -1.4000000e+01   1.2378194e+02   4.0875638e+01  -3.7179338e+01  -6.0000000e+01   1.2313314e+01
   2.4000000e+01  -1.4000000e+01   1.2737695e+02   3.8915262e+01  -4.1230069e+01  -6.0000000e+01   1.6308679e+01
   2.4000000e+01  -1.4000000e+01   1.3291403e+02   3.6934902e+01  -4.5017582e+01  -6.0000000e+01   2.0218762e+01
   2.4000000e+01  -1.4000000e+01   1.3734793e+02   3.5705206e+01  -4.8559200e+01  -6.0000000e+01   2.2952452e+01
   2.4000000e+01  -1.4000000e+01   1.3898439e+02   3.2367698e+01  -4.9526754e+01  -6.0000000e+01   2.5862407e+01
   2.4000000e+01  -1.4000000e+01   1.4287171e+02   3.0463328e+01  -5.0183331e+01  -6.0000000e+01   2.7277340e+01
   2.4000000e+01  -1.4000000e+01   1.4552663e+02   2.7840155e+01  -4.9253032e+01  -6.0000000e+01   2.9237598e+01
   2.4000000e+01  -1.4000000e+01   1.5052190e+02   2.5313809e+01  -5.2015971e+01  -6.0000000e+01   3.2236907e+01
   2.4000000e+01  -1.4000000e+01   1.5335846e+02   2.3280782e+01  -5.3656035e+01  -6.0000000e+01   3.4989288e+01
   2.4000000e+01  -1.4000000e+01   1.5940818e+02   2.0869971e+01  -5.5820963e+01  -6.0000000e+01   4.0235684e+01
   2.4000000e+01  -1.4000000e+01   1.6578395e+02   1.6482550e+01  -5.9722289e+01  -6.0000000e+01   4.4319750e+01
   2.4000000e+01  -1.4000000e+01   1.7041338e+02   1.2279261e+01  -6.1021366e+01  -6.0000000e+01   4.7055534e+01
   2.4000000e+01  -1.4000000e+01   1.7300272e+02   8.4567760e+00  -6.2059086e+01  -6.0000000e+01   5.2624829e+01
   2.4000000e+01  -1.4000000e+01   1.7154105e+02   6.1070262e+00  -6.0767126e+01  -6.0000000e+01   5.6673841e+01
   2.4000000e+01  -1.4000000e+01   1.7408646e+02   2.2527231e+00  -5.9212642e+01  -6.0000000e+01   6.0129029e+01
   2.4000000e+01  -1.4000000e+01   1.8090281e+02  -3.9338709e+00  -6.1906002e+01  -6.0000000e+01   6.4826099e+01
   2.4000000e+01  -1.4000000e+01   1.8454025e+02  -8.1319535e+00  -6.2030030e+01  -6.0000000e+01   6.7843655e+01
   2.4000000e+01  -1.4000000e+01   1.8330009e+02  -9.8428313e+00  -6.0181207e+01  -6.0000000e+01   7.3104531e+01
   2.4000000e+01  -1.4000000e+01   1.8209623e+02  -1.0110570e+01  -5.8448294e+01  -6.0000000e+01   7.5472227e+01
   2.4000000e+01  -1.4000000e+01   1.8631355e+02  -1.1831618e+01  -6.5494753e+01  -6.0000000e+01   7.1000021e+01
   2.4000000e+01  -1.4000000e+01   1.7801355e+02  -1.2222008e+01  -6.4578166e+01  -6.0000000e+01   6.4695968e+01
   2.4000000e+01  -1.4000000e+01   1.6664637e+02  -1.0264252e+01  -6.3925396e+01  -6.0000000e+01   5.9270121e+01
   2.4000000e+01  -1.4000000e+01   1.5758092e+02  -9.2538474e+00  -6.0077365e+01  -6.0000000e+01   4.6917158e+01
   2.4000000e+01  -1.4000000e+01   1.5056992e+02  -8.2766047e+00  -5.9582457e+01  -6.0000000e+01   3.5011479e+01
   2.4000000e+01  -1.4000000e+01   1.4193870e+02  -1.8154378e+00  -5.5156462e+01  -6.0000000e+01   2.4334937e+01
   2.4000000e+01  -1.4000000e+01   1.3289192e+02   5.8506996e+00  -5.0754270e+01  -6.0000000e+01   1.7087208e+01
   2.4000000e+01  -1.4000000e+01   1.2274378e+02   1.5243702e+01  -4.3252249e+01  -6.0000000e+01   8.4206023e+00
   2.4000000e+01  -1.4000000e+01   1.1280820e+02   2.4667741e+01  -3.4906403e+01  -6.0000000e+01   1.3790075e+00
   2.4000000e+01  -1.4000000e+01   1.0487330e+02   3.3108111e+01  -2.6034397e+01  -6.0000000e+01  -6.4310799e+00
   2.4000000e+01  -1.4000000e+01   9.8021826e+01   4.2137979e+01  -1.8042509e+01  -6.0000000e+01  -1.1430591e+01
   2.4000000e+01  -1.4000000e+01   9.6745945e+01   5.2802050e+01  -1.2844185e+01  -6.0000000e+01  -1.2597763e+01
   2.4000000e+01  -1.4000000e+01   9.7425386e+01   5.5754236e+01  -1.3271908e+01  -6.0000000e+01  -1.1300903e+01
   2.4000000e+01  -1.4000000e+01   1.0080988e+02   5.3165415e+01  -1.6255987e+01  -6.0000000e+01  -6.8943753e+00
   2.4000000e+01  -1.4000000e+01   1.0490583e+02   4.9227961e+01  -1.9250692e+01  -6.0000000e+01  -1.9976168e+00
   2.4000000e+01  -1.4000000e+01   1.0963190e+02   4.5327674e+01  -2.2659758e+01  -6.0000000e+01   2.9027648e+00
   2.4000000e+01  -1.4000000e+01   1.1411893e+02   4.2386395e+01  -2.6148103e+01  -6.0000000e+01   7.4553391e+00
   2.4000000e+01  -1.4000000e+01   1.1781700e+02   4.0528746e+01  -3.0047650e+01  -6.0000000e+01   1.1771417e+01
   2.4000000e+01  -1.4000000e+01   1.2221139e+02   3.9216573e+01  -3.3785587e+01  -6.0000000e+01   1.5431233e+01
   2.4000000e+01  -1.4000000e+01   1.2762076e+02   3.6070809e+01  -3.7404718e+01  -6.0000000e+01   1.9439159e+01
   2.4000000e+01  -1.4000000e+01   1.3209211e+02   3.3740168e+01  -4.2478717e+01  -6.0000000e+01   2.3647931e+01
   2.4000000e+01  -1.4000000e+01   1.3535691e+02   3.1497948e+01  -4.5931140e+01  -6.0000000e+01   2.7430783e+01
   2.4000000e+01  -1.4000000e+01   1.3964782e+02   3.0748830e+01  -4.8073689e+01  -6.0000000e+01   2.9537735e+01
   2.4000000e+01  -1.4000000e+01   1.4534101e+02   2.9143763e+01  -5.0030303e+01  -6.0000000e+01   3.1093825e+01
   2.4000000e+01  -1.4000000e+01   1.4859518e+02   2.5902903e+01  -5.1148913e+01  -6.0000000e+01   3.3847625e+01
   2.4000000e+01  -1.4000000e+01   1.5101143e+02   2.2364351e+01  -4.9410492e+01  -6.0000000e+01   3.5959374e+01
   2.4000000e+01  -1.4000000e+01   1.5447158e+02   2.0180800e+01  -4.9997049e+01  -6.0000000e+01   4.0103276e+01
   2.4000000e+01  -1.4000000e+01   1.5873870e+02   1.7384860e+01  -5.3466031e+01  -6.0000000e+01   4.3825384e+01
   2.4000000e+01  -1.4000000e+01   1.6497064e+02   1.4755200e+01  -5.5610734e+01  -6.0000000e+01   4.6777720e+01
   2.4000000e+01  -1.4000000e+01   1.7018220e+02   1.0220081e+01  -5.5849132e+01  -6.0000000e+01   5.0936864e+01
   2.4000000e+01  -1.4000000e+01   1.7117694e+02   6.9094701e+00  -5.4289783e+01  -6.0000000e+01   5.5166814e+01
   2.4000000e+01  -1.4000000e+01   1.7413908e+02   1.4995527e+00  -5.3643491e+01  -6.0000000e+01   5.9445016e+01
   2.4000000e+01  -1.4000000e+01   1.7605251e+02  -2.1108229e+00  -5.5412719e+01  -6.0000000e+01   6.4350907e+01
   2.4000000e+01  -1.4000000e+01   1.7788392e+02  -6.2231920e+00  -5.2229696e+01  -6.0000000e+01   6.7083796e+01
   2.4000000e+01  -1.4000000e+01   1.8139728e+02  -1.0715832e+01  -5.1364355e+01  -6.0000000e+01   7.0249585e+01
   2.4000000e+01  -1.4000000e+01   1.8385505e+02  -9.6596782e+00  -5.1184049e+01  -6.0000000e+01   7.1908168e+01
   2.4000000e+01  -1.4000000e+01   1.8448540e+02  -9.0184505e+00  -5.5044573e+01  -6.0000000e+01   6.7808107e+01
   2.4000000e+01  -1.4000000e+01   1.7757370e+02  -1.3947209e+01  -6.1671596e+01  -6.0000000e+01   5.9106102e+01
   2.4000000e+01  -1.4000000e+01   1.7537384e+02  -1.5661588e+01  -6.5302603e+01  -6.0000000e+01   4.9613221e+01
   2.4000000e+01  -1.4000000e+01   1.6786606e+02  -1.5566804e+01  -6.3264162e+01  -6.0000000e+01   3.8081190e+01
   2.4000000e+01  -1.4000000e+01   1.5929674e+02  -1.0469783e+01  -6.3356798e+01  -6.0000000e+01   2.6183097e+01
   2.4000000e+01  -1.4000000e+01   1.4915301e+02  -1.5741127e+00  -6.4247934e+01  -6.0000000e+01   1.8955448e+01
   2.4000000e+01  -1.4000000e+01   1.3905824e+02   7.6946753e+00  -5.9911593e+01  -6.0000000e+01   1.2366294e+01
   2.4000000e+01  -1.4000000e+01   1.2879352e+02   1.6362698e+01  -5.4505400e+01  -6.0000000e+01   4.9834220e+00
   2.4000000e+01  -1.4000000e+01   1.1925613e+02   2.4400411e+01  -4.7022173e+01  -6.0000000e+01  -1.7812298e+00
   2.4000000e+01  -1.4000000e+01   1.1088768e+02   3.0087464e+01  -3.8048622e+01  -6.0000000e+01  -1.0749603e+01
   2.4000000e+01  -1.4000000e+01   1.0419798e+02   3.3746461e+01  -2.8468018e+01  -6.0000000e+01  -1.9478471e+01
   2.4000000e+01  -1.4000000e+01   9.8584639e+01   4.0594481e+01  -1.9602130e+01  -6.0000000e+01  -2.5928949e+01
   2.4000000e+01  -1.4000000e+01   9.4750973e+01   4.9567177e+01  -1.1487221e+01  -6.0000000e+01  -2.9060212e+01
   2.4000000e+01  -1.4000000e+01   9.1876290e+01   6.0466877e+01  -8.4303473e+00  -6.0000000e+01  -2.4718296e+01
   2.4000000e+01  -1.4000000e+01   9.1385105e+01   6.3462878e+01  -6.1994954e+00  -6.0000000e+01  -2.1675743e+01
   2.4000000e+01  -1.4000000e+01   9.4568449e+01   6.0376408e+01  -9.7551685e+00  -6.0000000e+01  -1.6109577e+01
   2.4000000e+01  -1.4000000e+01   9.7894044e+01   5.7562670e+01  -1.3104598e+01  -6.0000000e+01  -1.1775350e+01
   2.4000000e+01  -1.4000000e+01   1.0098279e+02   5.3335406e+01  -1.6762393e+01  -6.0000000e+01  -6.7895769e+00
   2.4000000e+01  -1.4000000e+01   1.0570057e+02   5.0487386e+01  -2.0944634e+01  -6.0000000e+01  -3.0943071e+00
   2.4000000e+01  -1.4000000e+01   1.1078917e+02   4.7333324e+01  -2.6954814e+01  -6.0000000e+01   1.5802668e+00
   2.4000000e+01  -1.4000000e+01   1.1597246e+02   4.4914462e+01  -3.2884666e+01  -6.0000000e+01   6.6876139e+00
   2.4000000e+01  -1.4000000e+01   1.1992619e+02   4.4052577e+01  -3.7227744e+01  -6.0000000e+01   9.3081600e+00
   2.4000000e+01  -1.4000000e+01   1.2525206e+02   4.2800392e+01  -4.1468753e+01  -6.0000000e+01   1.2692422e+01
   2.4000000e+01  -1.4000000e+01   1.3001826e+02   4.0823057e+01  -4.5337636e+01  -6.0000000e+01   1.6326082e+01
   2.4000000e+01  -1.4000000e+01   1.3266575e+02   3.6915062e+01  -4.6932470e+01  -6.0000000e+01   2.0961975e+01
   2.4000000e+01  -1.4000000e+01   1.3658576e+02   3.5725866e+01  -4.8188439e+01  -6.0000000e+01   2.3213054e+01
   2.4000000e+01  -1.4000000e+01   1.4125617e+02   3.2394253e+01  -4.9188496e+01  -6.0000000e+01   2.6249388e+01
   2.4000000e+01  -1.4000000e+01   1.4423140e+02   2.7036989e+01  -4.9139218e+01  -6.0000000e+01   3.0607779e+01
   2.4000000e+01  -1.4000000e+01   1.4984564e+02   2.4069506e+01  -5.0196777e+01  -6.0000000e+01   3.2753165e+01
   2.4000000e+01  -1.4000000e+01   1.5422570e+02   2.0474853e+01  -5.1588682e+01  -6.0000000e+01   3.6398055e+01
   2.4000000e+01  -1.4000000e+01   1.5982532e+02   1.8098914e+01  -5.3501608e+01  -6.0000000e+01   3.9257339e+01
   2.4000000e+01  -1.4000000e+01   1.6520561e+02   1.4280462e+01  -5.5712038e+01  -6.0000000e+01   4.2018755e+01
   2.4000000e+01  -1.4000000e+01   1.7059699e+02   1.0327190e+01  -5.6951364e+01  -6.0000000e+01   4.6117075e+01
   2.4000000e+01  -1.4000000e+01   1.7235713e+02   7.1252571e+00  -5.6105612e+01  -6.0000000e+01   5.0095158e+01
   2.4000000e+01  -1.4000000e+01   1.7509225e+02   4.8455973e+00  -5.6265675e+01  -6.0000000e+01   5.4378170e+01
   2.4000000e+01  -1.4000000e+01   1.7948057e+02   6.6693224e-01  -5.7284210e+01  -6.0000000e+01   5.8477330e+01
   2.4000000e+01  -1.4000000e+01   1.8379355e+02  -2.9412828e+00  -5.7660824e+01  -6.0000000e+01   6.1100790e+01
   2.4000000e+01  -1.4000000e+01   1.8619237e+02  -5.3541544e+00  -5.8525265e+01  -6.0000000e+01   6.3316755e+01
   2.4000000e+01  -1.4000000e+01   1.8493611e+02  -6.5339227e+00  -6.0756990e+01  -6.0000000e+01   6.6181363e+01
   2.4000000e+01  -1.4000000e+01   1.7997614e+02  -1.1519016e+01  -6.5465581e+01  -6.0000000e+01   6.0900752e+01
   2.4000000e+01  -1.4000000e+01   1.7575754e+02  -1.2999507e+01  -6.6225329e+01  -6.0000000e+01   5.3173812e+01
   2.4000000e+01  -1.4000000e+01   1.6788173e+02  -1.3873013e+01  -5.9936549e+01  -6.0000000e+01   4.1480805e+01
   2.4000000e+01  -1.4000000e+01   1.5981614e+02  -1.2668850e+01  -5.6596610e+01  -6.0000000e+01   2.9341266e+01
   2.4000000e+01  -1.4000000e+01   1.5194746e+02  -6.4895950e+00  -5.5066181e+01  -6.0000000e+01   1.7807643e+01
   2.4000000e+01  -1.4000000e+01   1.4114393e+02   3.3078316e+00  -5.3138083e+01  -6.0000000e+01   9.7526908e+00
   2.4000000e+01  -1.4000000e+01   1.3056869e+02   1.3140813e+01  -4.9300586e+01  -6.0000000e+01   5.5769890e+00
   2.4000000e+01  -1.4000000e+01   1.2033232e+02   2.2327084e+01  -4.2813293e+01  -6.0000000e+01  -2.9362128e-01
   2.4000000e+01  -1.4000000e+01   1.1163578e+02   3.1333398e+01  -3.3757986e+01  -6.0000000e+01  -9.0299725e+00
   2.4000000e+01  -1.4000000e+01   1.0522088e+02   4.0139594e+01  -2.4411315e+01  -6.0000000e+01  -1.6348738e+01
   2.4000000e+01  -1.4000000e+01   9.9978124e+01   4.9905978e+01  -1.6665085e+01  -6.0000000e+01  -1.9411030e+01
   2.4000000e+01  -1.4000000e+01   9.9153710e+01   6.0052465e+01  -1.1356253e+01  -6.0000000e+01  -1.9447556e+01
   2.4000000e+01  -1.4000000e+01   1.0295054e+02   5.7716518e+01  -1.3618806e+01  -6.0000000e+01  -1.6378095e+01
   2.4000000e+01  -1.4000000e+01   1.0721109e+02   5.3848332e+01  -1.7233050e+01  -6.0000000e+01  -1.1910508e+01
   2.4000000e+01  -1.4000000e+01   1.1129149e+02   5.0863538e+01  -2.0194736e+01  -6.0000000e+01  -7.1649218e+00
   2.4000000e+01  -1.4000000e+01   1.1393962e+02   4.8049077e+01  -2.2260324e+01  -6.0000000e+01  -2.6244919e+00
   2.4000000e+01  -1.4000000e+01   1.1777445e+02   4.5169940e+01  -2.5449932e+01  -6.0000000e+01   2.0085618e+00
   2.4000000e+01  -1.4000000e+01   1.2042003e+02   4.3085779e+01  -2.7514610e+01  -6.0000000e+01   5.1119679e+00
   2.4000000e+01  -1.4000000e+01   1.2441850e+02   4.0010527e+01  -2.9824008e+01  -6.0000000e+01   9.3930921e+00
   2.4000000e+01  -1.4000000e+01   1.2875388e+02   3.9046683e+01  -3.4342730e+01  -6.0000000e+01   1.1913031e+01
   2.4000000e+01  -1.4000000e+01   1.3325904e+02   3.5979645e+01  -3.7971851e+01  -6.0000000e+01   1.6902396e+01
   2.4000000e+01  -1.4000000e+01   1.3631564e+02   3.4341065e+01  -3.9314792e+01  -6.0000000e+01   1.9158516e+01
   2.4000000e+01  -1.4000000e+01   1.4007097e+02   3.3036424e+01  -4.1283769e+01  -6.0000000e+01   2.2336109e+01
   2.4000000e+01  -1.4000000e+01   1.4446407e+02   2.9232132e+01  -4.3936028e+01  -6.0000000e+01   2.6142919e+01
   2.4000000e+01  -1.4000000e+01   1.4882252e+02   2.4682646e+01  -4.4700036e+01  -6.0000000e+01   2.9372959e+01
   2.4000000e+01  -1.4000000e+01   1.5115554e+02   2.3166766e+01  -4.4095539e+01  -6.0000000e+01   3.1445959e+01
   2.4000000e+01  -1.4000000e+01   1.5410759e+02   2.1643860e+01  -4.5552152e+01  -6.0000000e+01   3.5614188e+01
   2.4000000e+01  -1.4000000e+01   1.5591550e+02   1.8087750e+01  -4.5354927e+01  -6.0000000e+01   3.7932977e+01
   2.4000000e+01  -1.4000000e+01   1.5846701e+02   1.5930538e+01  -4.4712771e+01  -6.0000000e+01   4.0875015e+01
   2.4000000e+01  -1.4000000e+01   1.5870841e+02   1.3507292e+01  -4.4289898e+01  -6.0000000e+01   4.3758143e+01
   2.4000000e+01  -1.4000000e+01   1.6318751e+02   1.0014512e+01  -4.5328410e+01  -6.0000000e+01   4.8961375e+01
   2.4000000e+01  -1.4000000e+01   1.6946227e+02   6.5693589e+00  -4.5342113e+01  -6.0000000e+01   5.1984780e+01
   2.4000000e+01  -1.4000000e+01   1.7488570e+02   1.4565133e+00  -4.8548643e+01  -6.0000000e+01   5.6788397e+01
   2.4000000e+01  -1.4000000e+01   1.7922231e+02  -5.4223550e+00  -5.2077440e+01  -6.0000000e+01   6.2529731e+01
   2.4000000e+01  -1.4000000e+01   1.8109134e+02  -1.0375893e+01  -5.0585764e+01  -6.0000000e+01   6.4026088e+01
   2.4000000e+01  -1.4000000e+01   1.8198238e+02  -9.3057407e+00  -5.0649853e+01  -6.0000000e+01   6.5557100e+01
   2.4000000e+01  -1.4000000e+01   1.8267186e+02  -8.7641627e+00  -5.5388209e+01  -6.0000000e+01   6.0543912e+01
   2.4000000e+01  -1.4000000e+01   1.7796679e+02  -1.1695291e+01  -6.1696665e+01  -6.0000000e+01   5.3220028e+01
   2.4000000e+01  -1.4000000e+01   1.7719520e+02  -1.0841677e+01  -6.5457412e+01  -6.0000000e+01   4.2239727e+01
   2.4000000e+01  -1.4000000e+01   1.6628455e+02  -6.6680399e+00  -6.4148894e+01  -6.0000000e+01   3.0923779e+01
   2.4000000e+01  -1.4000000e+01   1.5611140e+02   2.1891401e+00  -6.3361870e+01  -6.0000000e+01   2.4857462e+01
   2.4000000e+01  -1.4000000e+01   1.4564791e+02   1.0953020e+01  -6.1478977e+01  -6.0000000e+01   1.8078288e+01
   2.4000000e+01  -1.4000000e+01   1.3542050e+02   1.8700861e+01  -5.7699005e+01  -6.0000000e+01   1.3746125e+01
   2.4000000e+01  -1.4000000e+01   1.2510050e+02   2.6841274e+01  -5.2118337e+01  -6.0000000e+01   6.0534592e+00
   2.4000000e+01  -1.4000000e+01   1.1780235e+02   3.0856244e+01  -4.4450040e+01  -6.0000000e+01  -4.8559376e-01
   2.4000000e+01  -1.4000000e+01   1.1102130e+02   3.3959716e+01  -3.6315811e+01  -6.0000000e+01  -7.2932414e+00
   2.4000000e+01  -1.4000000e+01   1.0471011e+02   3.7874379e+01  -2.7789984e+01  -6.0000000e+01  -1.4134764e+01
   2.4000000e+01  -1.4000000e+01   1.0027238e+02   4.1035019e+01  -2.0107116e+01  -6.0000000e+01  -1.8418145e+01
   2.4000000e+01  -1.4000000e+01   9.7611640e+01   4.6244570e+01  -1.4143411e+01  -6.0000000e+01  -2.0884464e+01
   2.4000000e+01  -1.4000000e+01   9.8721338e+01   5.5170654e+01  -1.4697051e+01  -6.0000000e+01  -1.8119679e+01
   2.4000000e+01  -1.4000000e+01   1.0150767e+02   5.6873378e+01  -1.6889771e+01  -6.0000000e+01  -1.4651182e+01
   2.4000000e+01  -1.4000000e+01   1.0467398e+02   5.4481298e+01  -1.9701212e+01  -6.0000000e+01  -1.0865909e+01
   2.4000000e+01  -1.4000000e+01   1.0932466e+02   5.0351776e+01  -2.3490304e+01  -6.0000000e+01  -6.2011180e+00
   2.4000000e+01  -1.4000000e+01   1.1340588e+02   4.7686083e+01  -2.7810421e+01  -6.0000000e+01  -7.6608888e-01
   2.4000000e+01  -1.4000000e+01   1.1793940e+02   4.5157155e+01  -3.1651072e+01  -6.0000000e+01   3.8347357e+00
   2.4000000e+01  -1.4000000e+01   1.2074559e+02   4.3301179e+01  -3.4500826e+01  -6.0000000e+01   7.2041008e+00
   2.4000000e+01  -1.4000000e+01   1.2340641e+02   4.1362446e+01  -3.7978795e+01  -6.0000000e+01   1.1537025e+01
   2.4000000e+01  -1.4000000e+01   1.2706883e+02   3.9717272e+01  -4.0912834e+01  -6.0000000e+01   1.4625332e+01
   2.4000000e+01  -1.4000000e+01   1.2960111e+02   3.8815208e+01  -4.3980428e+01  -6.0000000e+01   1.6699722e+01
   2.4000000e+01  -1.4000000e+01   1.3356708e+02   3.7651745e+01  -4.6858050e+01  -6.0000000e+01   1.9769285e+01
   2.4000000e+01  -1.4000000e+01   1.3675754e+02   3.7468269e+01  -5.0255073e+01  -6.0000000e+01   2.2480613e+01
   2.4000000e+01  -1.4000000e+01   1.3812330e+02   3.5606398e+01  -5.1306965e+01  -6.0000000e+01   2.5345969e+01
   2.4000000e+01  -1.4000000e+01   1.4074339e+02   3.5318737e+01  -5.2359962e+01  -6.0000000e+01   2.6460498e+01
   2.4000000e+01  -1.4000000e+01   1.4206128e+02   3.2569242e+01  -5.2747087e+01  -6.0000000e+01   2.9565254e+01
   2.4000000e+01  -1.4000000e+01   1.4532527e+02   2.9513213e+01  -5.4651134e+01  -6.0000000e+01   3.3208562e+01
   2.4000000e+01  -1.4000000e+01   1.4815892e+02   2.5450451e+01  -5.4595941e+01  -6.0000000e+01   3.5440544e+01
   2.4000000e+01  -1.4000000e+01   1.5294582e+02   2.3466321e+01  -5.4560783e+01  -6.0000000e+01   3.7728974e+01
   2.4000000e+01  -1.4000000e+01   1.5564753e+02   2.1914199e+01  -5.4949315e+01  -6.0000000e+01   3.9927962e+01
   2.4000000e+01  -1.4000000e+01   1.5918568e+02   1.9219380e+01  -5.7093818e+01  -6.0000000e+01   4.4045736e+01
   2.4000000e+01  -1.4000000e+01   1.6344951e+02   1.3384210e+01  -5.7082014e+01  -6.0000000e+01   4.7241581e+01
   2.4000000e+01  -1.4000000e+01   1.6789013e+02   9.3203030e+00  -5.7908676e+01  -6.0000000e+01   4.9216942e+01
   2.4000000e+01  -1.4000000e+01   1.6832493e+02   7.2482574e+00  -5.6917122e+01  -6.0000000e+01   5.3605844e+01
   2.4000000e+01  -1.4000000e+01   1.7224208e+02   3.9413612e+00  -5.6442606e+01  -6.0000000e+01   5.8866107e+01
   2.4000000e+01  -1.4000000e+01   1.7756292e+02  -1.3749695e+00  -6.0546926e+01  -6.0000000e+01   6.3951577e+01
   2.4000000e+01  -1.4000000e+01   1.7723179e+02  -5.5085441e+00  -5.7624999e+01  -6.0000000e+01   6.5973440e+01
   2.4000000e+01  -1.4000000e+01   1.8147396e+02  -1.0266582e+01  -5.6080573e+01  -6.0000000e+01   7.0392685e+01
   2.4000000e+01  -1.4000000e+01   1.8162357e+02  -1.0484865e+01  -5.1505442e+01  -6.0000000e+01   7.2220007e+01
   2.4000000e+01  -1.4000000e+01   1.7932859e+02  -1.0639997e+01  -4.9563199e+01  -6.0000000e+01   7.6104458e+01
   2.4000000e+01  -1.4000000e+01   1.8260424e+02  -8.2280573e+00  -4.7417141e+01  -6.0000000e+01   7.6999603e+01
   2.4000000e+01  -1.4000000e+01   1.8379333e+02  -7.3960178e+00  -4.5808433e+01  -6.0000000e+01   7.7177385e+01
   2.4000000e+01  -1.4000000e+01   1.8175857e+02  -6.8719881e+00  -4.5016807e+01  -6.0000000e+01   7.8097814e+01
   2.4000000e+01  -1.4000000e+01   1.8547999e+02  -6.9161997e+00  -4.6348772e+01  -6.0000000e+01   7.5170245e+01
   2.4000000e+01  -1.4000000e+01   1.8120213e+02  -1.3495573e+01  -5.6133569e+01  -6.0000000e+01   6.5845727e+01
   2.4000000e+01  -1.4000000e+01   1.7355464e+02  -1.7937357e+01  -6.4116009e+01  -6.0000000e+01   5.4410335e+01
   2.4000000e+01  -1.4000000e+01   1.7073143e+02  -1.8534910e+01  -6.2473322e+01  -6.0000000e+01   4.2396922e+01
   2.4000000e+01  -1.4000000e+01   1.6124199e+02  -1.3138572e+01  -5.7862171e+01  -6.0000000e+01   3.0414576e+01
   2.4000000e+01  -1.4000000e+01   1.5029338e+02  -3.4017374e+00  -5.4036713e+01  -6.0000000e+01   1.9184845e+01
   2.4000000e+01  -1.4000000e+01   1.3935671e+02   7.1050607e+00  -5.0630663e+01  -6.0000000e+01   1.1048421e+01
   2.4000000e+01  -1.4000000e+01   1.2879725e+02   1.7373736e+01  -4.3514826e+01  -6.0000000e+01   1.1803448e+00
   2.4000000e+01  -1.4000000e+01   1.1949642e+02   2.6401572e+01  -3.5615410e+01  -6.0000000e+01  -7.5979528e+00
   2.4000000e+01  -1.4000000e+01   1.1076290e+02   3.5438777e+01  -2.6936518e+01  -6.0000000e+01  -1.5717750e+01
   2.4000000e+01  -1.4000000e+01   1.0447034e+02   4.4762996e+01  -1.7969244e+01  -6.0000000e+01  -2.2699312e+01
   2.4000000e+01  -1.4000000e+01   9.9674828e+01   5.5473737e+01  -9.9319176e+00  -6.0000000e+01  -2.4901935e+01
   2.4000000e+01  -1.4000000e+01   9.5421758e+01   6.3548225e+01  -4.2860684e+00  -6.0000000e+01  -2.4699199e+01
   2.4000000e+01  -1.4000000e+01   9.7644574e+01   6.1302770e+01  -4.0996849e+00  -6.0000000e+01  -2.1355541e+01
   2.4000000e+01  -1.4000000e+01   1.0128385e+02   5.6240686e+01  -8.3129327e+00  -6.0000000e+01  -1.5169247e+01
   2.4000000e+01  -1.4000000e+01   1.0759009e+02   5.0860267e+01  -1.4326440e+01  -6.0000000e+01  -8.7279839e+00
   2.4000000e+01  -1.4000000e+01   1.1410514e+02   4.6191961e+01  -2.1021353e+01  -6.0000000e+01  -2.2926018e+00
   2.4000000e+01  -1.4000000e+01   1.1981565e+02   4.2781991e+01  -2.7684185e+01  -6.0000000e+01   3.8015711e+00
   2.4000000e+01  -1.4000000e+01   1.2537946e+02   3.9988505e+01  -3.1150864e+01  -6.0000000e+01   7.7837364e+00
   2.4000000e+01  -1.4000000e+01   1.3107755e+02   3.6279916e+01  -3.5508381e+01  -6.0000000e+01   1.2886464e+01
   2.4000000e+01  -1.4000000e+01   1.3718096e+02   3.3328274e+01  -4.0094526e+01  -6.0000000e+01   1.7871079e+01
   2.4000000e+01  -1.4000000e+01   1.4047758e+02   2.9852546e+01  -4.1547017e+01  -6.0000000e+01   2.0792894e+01
   2.4000000e+01  -1.4000000e+01   1.4706800e+02   2.7094914e+01  -4.4211819e+01  -6.0000000e+01   2.5076162e+01
   2.4000000e+01  -1.4000000e+01   1.5073150e+02   2.2618597e+01  -4.4788148e+01  -6.0000000e+01   2.8635824e+01
   2.4000000e+01  -1.4000000e+01   1.5630168e+02   1.9311333e+01  -4.7288215e+01  -6.0000000e+01   3.3519583e+01
   2.4000000e+01  -1.4000000e+01   1.6090489e+02   1.7576564e+01  -4.9522056e+01  -6.0000000e+01   3.6551857e+01
   2.4000000e+01  -1.4000000e+01   1.6253554e+02   1.5197244e+01  -4.9293594e+01  -6.0000000e+01   3.9386607e+01
   2.4000000e+01  -1.4000000e+01   1.6868245e+02   9.8630520e+00  -4.9633537e+01  -6.0000000e+01   4.4896882e+01
   2.4000000e+01  -1.4000000e+01   1.6962225e+02   6.4606929e+00  -5.0127743e+01  -6.0000000e+01   5.0160262e+01
   2.4000000e+01  -1.4000000e+01   1.7479729e+02   1.9401947e+00  -5.1145838e+01  -6.0000000e+01   5.5214837e+01
   2.4000000e+01  -1.4000000e+01   1.7670972e+02  -2.2124035e+00  -5.2214022e+01  -6.0000000e+01   6.0202021e+01
   2.4000000e+01  -1.4000000e+01   1.7655235e+02  -5.4547221e+00  -5.2520235e+01  -6.0000000e+01   6.5343886e+01
   2.4000000e+01  -1.4000000e+01   1.7784518e+02  -1.0349671e+01  -5.2487227e+01  -6.0000000e+01   6.9263342e+01
   2.4000000e+01  -1.4000000e+01   1.7985816e+02  -1.3348373e+01  -5.2371411e+01  -6.0000000e+01   7.4409415e+01
   2.4000000e+01  -1.4000000e+01   1.7930416e+02  -1.4120907e+01  -5.0501503e+01  -6.0000000e+01   7.5997384e+01
   2.4000000e+01  -1.4000000e+01   1.8014278e+02  -1.3237470e+01  -4.9124081e+01  -6.0000000e+01   7.6282189e+01
   2.4000000e+01  -1.4000000e+01   1.8321737e+02  -1.1492933e+01  -4.7966196e+01  -6.0000000e+01   7.4013797e+01
   2.4000000e+01  -1.4000000e+01   1.8543924e+02  -1.1151476e+01  -5.2189138e+01  -6.0000000e+01   6.8135447e+01
   2.4000000e+01  -1.4000000e+01   1.8004061e+02  -1.5263258e+01  -6.0410107e+01  -6.0000000e+01   5.7138571e+01
   2.4000000e+01  -1.4000000e+01   1.7946539e+02  -1.3045542e+01  -6.5663600e+01  -6.0000000e+01   4.6261353e+01
   2.4000000e+01  -1.4000000e+01   1.6817224e+02  -8.8029019e+00  -6.6623914e+01  -6.0000000e+01   3.4344005e+01
   2.4000000e+01  -1.4000000e+01   1.5677874e+02   1.2229704e+00  -6.7134569e+01  -6.0000000e+01   2.5848404e+01
   2.4000000e+01  -1.4000000e+01   1.4568585e+02   1.0289028e+01  -6.5962355e+01  -6.0000000e+01   2.0417661e+01
   2.4000000e+01  -1.4000000e+01   1.3450982e+02   2.0953901e+01  -5.9735001e+01  -6.0000000e+01   1.3711910e+01
   2.4000000e+01  -1.4000000e+01   1.2415108e+02   2.9586623e+01  -5.3040755e+01  -6.0000000e+01   6.0292489e+00
   2.4000000e+01  -1.4000000e+01   1.1489009e+02   3.5040806e+01  -4.5142630e+01  -6.0000000e+01  -2.1554604e+00
   2.4000000e+01  -1.4000000e+01   1.0862871e+02   3.8758219e+01  -3.6041031e+01  -6.0000000e+01  -1.0848548e+01
   2.4000000e+01  -1.4000000e+01   1.0383172e+02   4.1165940e+01  -2.6715524e+01  -6.0000000e+01  -1.9103913e+01
   2.4000000e+01  -1.4000000e+01   9.8717226e+01   4.6273878e+01  -1.7712074e+01  -6.0000000e+01  -2.5176399e+01
   2.4000000e+01  -1.4000000e+01   9.5783894e+01   5.3917655e+01  -9.4336366e+00  -6.0000000e+01  -2.8565649e+01
   2.4000000e+01  -1.4000000e+01   9.2905275e+01   6.2871999e+01  -5.0400772e+00  -6.0000000e+01  -2.6179342e+01
   2.4000000e+01  -1.4000000e+01   9.3414801e+01   6.3119347e+01  -3.7392972e+00  -6.0000000e+01  -2.4482016e+01
   2.4000000e+01  -1.4000000e+01   9.7666231e+01   5.8799732e+01  -8.6317781e+00  -6.0000000e+01  -1.8898981e+01
   2.4000000e+01  -1.4000000e+01   1.0099791e+02   5.4531101e+01  -1.3438961e+01  -6.0000000e+01  -1.2877324e+01
   2.4000000e+01  -1.4000000e+01   1.0661670e+02   5.0192792e+01  -1.9629407e+01  -6.0000000e+01  -6.9857422e+00
   2.4000000e+01  -1.4000000e+01   1.1080366e+02   4.6593869e+01  -2.3904887e+01  -6.0000000e+01  -2.6514115e+00
   2.4000000e+01  -1.4000000e+01   1.1531074e+02   4.4537960e+01  -2.8500819e+01  -6.0000000e+01   1.5904940e+00
   2.4000000e+01  -1.4000000e+01   1.1943324e+02   4.4186243e+01  -3.2762708e+01  -6.0000000e+01   4.5408096e+00
   2.4000000e+01  -1.4000000e+01   1.2255728e+02   4.2145836e+01  -3.5785738e+01  -6.0000000e+01   8.0484080e+00
   2.4000000e+01  -1.4000000e+01   1.2539056e+02   4.1599968e+01  -3.8954066e+01  -6.0000000e+01   1.0750532e+01
   2.4000000e+01  -1.4000000e+01   1.2827072e+02   4.0091102e+01  -4.2346350e+01  -6.0000000e+01   1.4936759e+01
   2.4000000e+01  -1.4000000e+01   1.2983051e+02   3.8095651e+01  -4.4437496e+01  -6.0000000e+01   1.8517668e+01
   2.4000000e+01  -1.4000000e+01   1.3398233e+02   3.6504795e+01  -4.6616806e+01  -6.0000000e+01   2.1028648e+01
   2.4000000e+01  -1.4000000e+01   1.3383330e+02   3.5456129e+01  -4.6559945e+01  -6.0000000e+01   2.1981316e+01
   2.4000000e+01  -1.4000000e+01   1.3492323e+02   3.3809768e+01  -4.6881605e+01  -6.0000000e+01   2.3616038e+01
   2.4000000e+01  -1.4000000e+01   1.3637345e+02   3.3669437e+01  -4.6667450e+01  -6.0000000e+01   2.4153090e+01
   2.4000000e+01  -1.4000000e+01   1.3962802e+02   3.1092957e+01  -4.7564653e+01  -6.0000000e+01   2.6764826e+01
   2.4000000e+01  -1.4000000e+01   1.4481076e+02   2.7826002e+01  -4.9108245e+01  -6.0000000e+01   3.0207201e+01
   2.4000000e+01  -1.4000000e+01   1.4915641e+02   2.4708748e+01  -5.0260220e+01  -6.0000000e+01   3.2293875e+01
   2.4000000e+01  -1.4000000e+01   1.5394960e+02   1.9036469e+01  -5.3349898e+01  -6.0000000e+01   3.7171946e+01
   2.4000000e+01  -1.4000000e+01   1.6147140e+02   1.6572818e+01  -5.8478349e+01  -6.0000000e+01   4.1736878e+01
   2.4000000e+01  -1.4000000e+01   1.6580316e+02   1.3241356e+01  -6.0844283e+01  -6.0000000e+01   4.6459322e+01
   2.4000000e+01  -1.4000000e+01   1.6978541e+02   9.6079371e+00  -6.3327132e+01  -6.0000000e+01   5.0973631e+01
   2.4000000e+01  -1.4000000e+01   1.7137458e+02   7.2145914e+00  -6.2593336e+01  -6.0000000e+01   5.3640973e+01
   2.4000000e+01  -1.4000000e+01   1.7379039e+02   4.4201495e+00  -6.2000001e+01  -6.0000000e+01   5.7662758e+01
   2.4000000e+01  -1.4000000e+01   1.7672273e+02   9.0435535e-01  -6.3005870e+01  -6.0000000e+01   6.1543320e+01
   2.4000000e+01  -1.4000000e+01   1.7996604e+02  -3.6122559e+00  -6.4581808e+01  -6.0000000e+01   6.6044890e+01
   2.4000000e+01  -1.4000000e+01   1.8116390e+02  -6.3550149e+00  -6.1074321e+01  -6.0000000e+01   6.7680404e+01
   2.4000000e+01  -1.4000000e+01   1.8181628e+02  -7.4124269e+00  -5.8547396e+01  -6.0000000e+01   7.1147562e+01
   2.4000000e+01  -1.4000000e+01   1.8331221e+02  -7.8414419e+00  -5.6741419e+01  -6.0000000e+01   7.3009236e+01
   2.4000000e+01  -1.4000000e+01   1.8835246e+02  -7.1983728e+00  -5.5451081e+01  -6.0000000e+01   7.4153636e+01
   2.4000000e+01  -1.4000000e+01   1.9072473e+02  -6.8480910e+00  -5.4841964e+01  -6.0000000e+01   7.4367384e+01
   2.4000000e+01  -1.4000000e+01   1.8708627e+02  -7.0104486e+00  -5.5425308e+01  -6.0000000e+01   7.4728761e+01
   2.4000000e+01  -1.4000000e+01   1.8411036e+02  -1.0910591e+01  -6.0619870e+01  -6.0000000e+01   6.8384705e+01
   2.4000000e+01  -1.4000000e+01   1.8509152e+02  -1.3048982e+01  -6.9702728e+01  -6.0000000e+01   6.6842000e+01
   2.4000000e+01  -1.4000000e+01   1.7280889e+02  -7.2661928e+00  -6.9496724e+01  -6.0000000e+01   5.9744107e+01
   2.4000000e+01  -1.4000000e+01   1.6100326e+02  -8.4955309e-01  -6.6475807e+01  -6.0000000e+01   4.8755128e+01
   2.4000000e+01  -1.4000000e+01   1.5201644e+02   2.3010438e+00  -6.3157312e+01  -6.0000000e+01   3.8884454e+01
   2.4000000e+01  -1.4000000e+01   1.4329414e+02   3.6692324e+00  -5.7017341e+01  -6.0000000e+01   2.8356513e+01
   2.4000000e+01  -1.4000000e+01   1.3474501e+02   5.2308058e+00  -5.0977475e+01  -6.0000000e+01   1.8369728e+01
   2.4000000e+01  -1.4000000e+01   1.2776215e+02   7.3037461e+00  -4.5460912e+01  -6.0000000e+01   1.0867739e+01
   2.4000000e+01  -1.4000000e+01   1.2104539e+02   1.0824868e+01  -3.8820952e+01  -6.0000000e+01   3.4025126e+00
   2.4000000e+01  -1.4000000e+01   1.1288150e+02   1.8968760e+01  -3.1344032e+01  -6.0000000e+01  -4.0006823e+00
   2.4000000e+01  -1.4000000e+01   1.0394960e+02   2.8636049e+01  -2.3186648e+01  -6.0000000e+01  -9.6720890e+00
   2.4000000e+01  -1.4000000e+01   9.9473311e+01   3.8962854e+01  -1.5364690e+01  -6.0000000e+01  -1.4232199e+01
   2.4000000e+01  -1.4000000e+01   9.6728908e+01   5.0222582e+01  -1.1288122e+01  -6.0000000e+01  -1.4334108e+01
   2.4000000e+01  -1.4000000e+01   9.4975679e+01   5.7207078e+01  -9.6785582e+00  -6.0000000e+01  -1.4286605e+01
   2.4000000e+01  -1.4000000e+01   9.9078871e+01   5.4457624e+01  -1.3091803e+01  -6.0000000e+01  -9.8908277e+00
   2.4000000e+01  -1.4000000e+01   1.0402261e+02   4.9069706e+01  -1.6783160e+01  -6.0000000e+01  -4.0585476e+00
   2.4000000e+01  -1.4000000e+01   1.0931965e+02   4.5031316e+01  -2.1879409e+01  -6.0000000e+01   1.0805976e+00
   2.4000000e+01  -1.4000000e+01   1.1352567e+02   4.2990128e+01  -2.4627013e+01  -6.0000000e+01   4.8459042e+00
   2.4000000e+01  -1.4000000e+01   1.1903593e+02   3.9966034e+01  -2.8321138e+01  -6.0000000e+01   9.7735623e+00
   2.4000000e+01  -1.4000000e+01   1.2457986e+02   3.7481643e+01  -3.4315788e+01  -6.0000000e+01   1.5098789e+01
   2.4000000e+01  -1.4000000e+01   1.3152788e+02   3.4519632e+01  -3.9275283e+01  -6.0000000e+01   1.9492441e+01
   2.4000000e+01  -1.4000000e+01   1.3651190e+02   3.2459245e+01  -4.3370123e+01  -6.0000000e+01   2.2509120e+01
   2.4000000e+01  -1.4000000e+01   1.4150235e+02   3.0299845e+01  -4.6901489e+01  -6.0000000e+01   2.5517626e+01
   2.4000000e+01  -1.4000000e+01   1.4833072e+02   2.6036808e+01  -5.0262159e+01  -6.0000000e+01   3.0471982e+01
   2.4000000e+01  -1.4000000e+01   1.5311931e+02   2.3464825e+01  -5.1349764e+01  -6.0000000e+01   3.2503708e+01
   2.4000000e+01  -1.4000000e+01   1.6142226e+02   1.7622333e+01  -5.4855762e+01  -6.0000000e+01   3.9179337e+01
   2.4000000e+01  -1.4000000e+01   1.6690469e+02   1.4774445e+01  -5.6508463e+01  -6.0000000e+01   4.2731800e+01
   2.4000000e+01  -1.4000000e+01   1.6812144e+02   1.2449017e+01  -5.4685696e+01  -6.0000000e+01   4.6690542e+01
   2.4000000e+01  -1.4000000e+01   1.6986135e+02   8.0567008e+00  -5.3663106e+01  -6.0000000e+01   5.2541972e+01
   2.4000000e+01  -1.4000000e+01   1.7347283e+02   1.2254038e+00  -5.4989887e+01  -6.0000000e+01   5.8983745e+01
   2.4000000e+01  -1.4000000e+01   1.7217105e+02  -1.1362998e+00  -5.4266486e+01  -6.0000000e+01   6.5414118e+01
   2.4000000e+01  -1.4000000e+01   1.7006787e+02  -3.0017633e+00  -5.1962579e+01  -6.0000000e+01   6.9193249e+01
   2.4000000e+01  -1.4000000e+01   1.7239458e+02  -5.6478176e+00  -4.8032928e+01  -6.0000000e+01   7.1817564e+01
   2.4000000e+01  -1.4000000e+01   1.7205037e+02  -7.2333661e+00  -4.4864861e+01  -6.0000000e+01   7.6364363e+01
   2.4000000e+01  -1.4000000e+01   1.7290163e+02  -7.9929842e+00  -4.1948060e+01  -6.0000000e+01   7.6983350e+01
   2.4000000e+01  -1.4000000e+01   1.7513860e+02  -7.5188232e+00  -3.9510585e+01  -6.0000000e+01   7.7126512e+01
   2.4000000e+01  -1.4000000e+01   1.8102251e+02  -8.2630250e+00  -3.9470290e+01  -6.0000000e+01   7.8465641e+01
   2.4000000e+01  -1.4000000e+01   1.8657379e+02  -1.0727780e+01  -3.9953031e+01  -6.0000000e+01   7.5265492e+01
   2.4000000e+01  -1.4000000e+01   1.8512828e+02  -1.0493943e+01  -4.5723962e+01  -6.0000000e+01   7.0967086e+01
   2.4000000e+01  -1.4000000e+01   1.7919528e+02  -1.5527252e+01  -5.3648672e+01  -6.0000000e+01   5.9970028e+01
   2.4000000e+01  -1.4000000e+01   1.7278892e+02  -1.8225003e+01  -6.0549189e+01  -6.0000000e+01   4.8866868e+01
   2.4000000e+01  -1.4000000e+01   1.6544226e+02  -1.4964718e+01  -6.1961079e+01  -6.0000000e+01   3.7212611e+01
   2.4000000e+01  -1.4000000e+01   1.5547334e+02  -6.2933816e+00  -6.3242774e+01  -6.0000000e+01   2.6351166e+01
   2.4000000e+01  -1.4000000e+01   1.4437462e+02   2.6820046e+00  -6.2759248e+01  -6.0000000e+01   1.8002300e+01
