  -1.3149473e+01   2.0907491e+01   1.0515673e+02   3.9424927e+01  -2.1266064e+01  -2.4562851e+01  -2.5960541e+01
   1.8242249e-01   7.3577981e+00   1.0701458e+02   3.4942250e+01  -2.0585256e+01  -2.7692486e+01  -1.9754486e+01
   1.3514318e+01  -6.1918946e+00   1.0887243e+02   3.0459574e+01  -1.9904448e+01  -3.0822121e+01  -1.3548431e+01
   2.4000000e+01  -1.4000000e+01   1.1039550e+02   2.6263490e+01  -2.3189377e+01  -3.4197360e+01  -8.2959607e+00
   2.4000000e+01  -1.4000000e+01   1.1661190e+02   2.4467135e+01  -2.8315620e+01  -3.7768598e+01  -3.8861661e-01
   2.4000000e+01  -1.4000000e+01   1.2287423e+02   2.4114429e+01  -3.2652024e+01  -4.0133473e+01   5.8512023e+00
   2.4000000e+01  -1.4000000e+01   1.2839091e+02   2.3869640e+01  -3.5938953e+01  -4.3072018e+01   1.0953064e+01
   2.4000000e+01  -1.4000000e+01   1.3121925e+02   2.3727505e+01  -3.7752334e+01  -4.5703368e+01   1.4080338e+01
   2.4000000e+01  -1.4000000e+01   1.3540266e+02   2.3000409e+01  -3.9900412e+01  -4.8972189e+01   1.9183021e+01
   2.4000000e+01  -1.4000000e+01   1.3973320e+02   2.2753491e+01  -4.1135126e+01  -5.1640549e+01   2.2931212e+01
   2.4000000e+01  -1.4000000e+01   1.4594362e+02   2.0335740e+01  -4.2929675e+01  -5.4850522e+01   2.8799234e+01
   2.4000000e+01  -1.4000000e+01   1.5121090e+02   1.9304479e+01  -4.4729194e+01  -5.6890273e+01   3.2762141e+01
   2.4000000e+01  -1.4000000e+01   1.5772172e+02   1.7174076e+01  -4.5702449e+01  -6.0052771e+01   3.7045004e+01
   2.4000000e+01  -1.4000000e+01   1.6497643e+02   1.7240620e+01  -5.0004196e+01  -6.2119830e+01   4.1213390e+01
   2.4000000e+01  -1.4000000e+01   1.6768986e+02   1.5072903e+01  -5.1170818e+01  -6.4602056e+01   4.5584606e+01
   2.4000000e+01  -1.4000000e+01   1.7173720e+02   1.2599022e+01  -5.0795588e+01  -6.7266094e+01   5.0621305e+01
   2.4000000e+01  -1.4000000e+01   1.7300649e+02   9.3075125e+00  -5.1424614e+01  -7.0227736e+01   5.6245552e+01
   2.4000000e+01  -1.4000000e+01   1.7752364e+02   7.0811330e+00  -5.0800228e+01  -7.2471741e+01   6.0251011e+01
   2.4000000e+01  -1.4000000e+01   1.8089181e+02   4.4326299e+00  -5.0300492e+01  -7.4855818e+01   6.3879641e+01
   2.4000000e+01  -1.4000000e+01   1.8019920e+02   2.6187194e+00  -4.8958069e+01  -7.6205546e+01   6.7398855e+01
   2.4000000e+01  -1.4000000e+01   1.8256044e+02   1.1834155e+00  -4.8848414e+01  -7.7170002e+01   7.1819885e+01
   2.4000000e+01  -1.4000000e+01   1.8480494e+02   3.7620235e+00  -5.0970984e+01  -7.7837191e+01   7.2226245e+01
   2.4000000e+01  -1.4000000e+01   1.7931591e+02   5.9951545e+00  -5.6631305e+01  -8.1110841e+01   6.5573207e+01
   2.4000000e+01  -1.4000000e+01   1.7291530e+02   3.2810929e+00  -5.9903876e+01  -8.2403083e+01   5.3660485e+01
   2.4000000e+01  -1.4000000e+01   1.6899955e+02   1.9674377e+00  -6.5554417e+01  -8.1660231e+01   4.2356745e+01
   2.4000000e+01  -1.4000000e+01   1.5905969e+02   5.1917814e+00  -6.5146175e+01  -7.5243172e+01   3.0423620e+01
   2.4000000e+01  -1.4000000e+01   1.4804628e+02   1.1006220e+01  -6.2433984e+01  -6.7856190e+01   1.9904392e+01
   2.4000000e+01  -1.4000000e+01   1.3662396e+02   1.6287121e+01  -6.1539808e+01  -6.1220228e+01   1.2260347e+01
   2.4000000e+01  -1.4000000e+01   1.2575446e+02   2.0128094e+01  -5.5741864e+01  -5.4915749e+01   2.9034662e+00
   2.4000000e+01  -1.4000000e+01   1.1698269e+02   2.1544091e+01  -4.7171768e+01  -4.9704754e+01  -6.3187451e+00
   2.4000000e+01  -1.4000000e+01   1.1000644e+02   2.2453617e+01  -3.7932491e+01  -4.4631494e+01  -1.5534356e+01
   2.4000000e+01  -1.4000000e+01   1.0608720e+02   2.4367853e+01  -2.8817811e+01  -3.8503523e+01  -2.3140656e+01
   2.4000000e+01  -1.4000000e+01   1.0218834e+02   2.8979620e+01  -2.3169890e+01  -3.1352087e+01  -2.4299139e+01
   2.4000000e+01  -1.4000000e+01   1.0472445e+02   3.0343335e+01  -2.2891427e+01  -2.9016695e+01  -2.0501245e+01
   2.4000000e+01  -1.4000000e+01   1.0915156e+02   2.9054112e+01  -2.5304864e+01  -3.0854780e+01  -1.5716623e+01
   2.4000000e+01  -1.4000000e+01   1.1348358e+02   2.6225526e+01  -2.7236834e+01  -3.3139462e+01  -8.5996795e+00
   2.4000000e+01  -1.4000000e+01   1.1822099e+02   2.4884553e+01  -3.0413825e+01  -3.5545978e+01  -2.5086818e+00
   2.4000000e+01  -1.4000000e+01   1.2205975e+02   2.3697351e+01  -3.3614684e+01  -3.7895860e+01   3.3402256e+00
   2.4000000e+01  -1.4000000e+01   1.2575471e+02   2.3309721e+01  -3.5262350e+01  -3.9989400e+01   7.8120057e+00
   2.4000000e+01  -1.4000000e+01   1.2839978e+02   2.3244848e+01  -3.7696081e+01  -4.2014468e+01   1.1729168e+01
   2.4000000e+01  -1.4000000e+01   1.3245941e+02   2.3428701e+01  -4.0934184e+01  -4.4311104e+01   1.5161975e+01
   2.4000000e+01  -1.4000000e+01   1.3496286e+02   2.2720126e+01  -4.3564000e+01  -4.6982602e+01   2.0291687e+01
   2.4000000e+01  -1.4000000e+01   1.3943085e+02   2.4128439e+01  -4.5278963e+01  -4.9370291e+01   2.1608653e+01
   2.4000000e+01  -1.4000000e+01   1.4052282e+02   2.4465833e+01  -4.6522274e+01  -5.1727708e+01   2.4250606e+01
   2.4000000e+01  -1.4000000e+01   1.4254427e+02   2.3960989e+01  -4.6029400e+01  -5.3751881e+01   2.6074683e+01
   2.4000000e+01  -1.4000000e+01   1.4568972e+02   2.3504407e+01  -4.5218917e+01  -5.5776809e+01   2.8006226e+01
   2.4000000e+01  -1.4000000e+01   1.5092047e+02   2.2908304e+01  -4.7619588e+01  -5.8458719e+01   3.1435697e+01
   2.4000000e+01  -1.4000000e+01   1.5725152e+02   2.3522484e+01  -5.1260896e+01  -6.1079933e+01   3.5620634e+01
   2.4000000e+01  -1.4000000e+01   1.6262936e+02   2.1478352e+01  -5.3586797e+01  -6.5222604e+01   3.9923142e+01
   2.4000000e+01  -1.4000000e+01   1.6767817e+02   2.0142932e+01  -5.6956246e+01  -6.7733410e+01   4.2370324e+01
   2.4000000e+01  -1.4000000e+01   1.6605336e+02   1.8846660e+01  -5.3481431e+01  -6.8233905e+01   4.5242195e+01
   2.4000000e+01  -1.4000000e+01   1.6687084e+02   1.6150563e+01  -5.0006418e+01  -6.9673543e+01   4.9265925e+01
   2.4000000e+01  -1.4000000e+01   1.6601638e+02   1.3131020e+01  -4.6821889e+01  -7.1290907e+01   5.2798502e+01
   2.4000000e+01  -1.4000000e+01   1.7085937e+02   9.3305244e+00  -4.8338660e+01  -7.3453295e+01   5.9287430e+01
   2.4000000e+01  -1.4000000e+01   1.7248020e+02   6.1577716e+00  -4.8057499e+01  -7.5004690e+01   6.4062440e+01
   2.4000000e+01  -1.4000000e+01   1.7475518e+02   4.1123397e+00  -4.7374353e+01  -7.5924198e+01   6.7830023e+01
   2.4000000e+01  -1.4000000e+01   1.7862618e+02   5.2236012e-01  -4.8029099e+01  -7.6655167e+01   7.3858308e+01
   2.4000000e+01  -1.4000000e+01   1.7870654e+02   7.4160866e-01  -4.6817254e+01  -7.6061556e+01   7.5891547e+01
   2.4000000e+01  -1.4000000e+01   1.8274468e+02   2.1584302e+00  -4.5325607e+01  -7.6405494e+01   7.5243121e+01
   2.4000000e+01  -1.4000000e+01   1.8273073e+02   4.8977966e+00  -4.5061179e+01  -7.7515347e+01   7.3387510e+01
   2.4000000e+01  -1.4000000e+01   1.7861557e+02   5.2043393e+00  -5.3171554e+01  -8.1615931e+01   6.5470041e+01
   2.4000000e+01  -1.4000000e+01   1.7476808e+02   3.8192050e+00  -5.8899890e+01  -8.4248990e+01   5.3515412e+01
   2.4000000e+01  -1.4000000e+01   1.6488887e+02   4.5864393e+00  -5.9041831e+01  -8.2902895e+01   4.1399008e+01
   2.4000000e+01  -1.4000000e+01   1.5855454e+02   6.2284809e+00  -6.2183636e+01  -7.6998131e+01   2.9673507e+01
   2.4000000e+01  -1.4000000e+01   1.4819497e+02   1.2635627e+01  -6.2185026e+01  -6.9988585e+01   2.1546185e+01
   2.4000000e+01  -1.4000000e+01   1.3730197e+02   1.9591182e+01  -5.9355309e+01  -6.2287516e+01   1.4872257e+01
   2.4000000e+01  -1.4000000e+01   1.2627486e+02   2.4504585e+01  -5.5537800e+01  -5.5607925e+01   7.2095719e+00
   2.4000000e+01  -1.4000000e+01   1.1649540e+02   2.6252738e+01  -4.7496095e+01  -4.9754638e+01  -1.3228953e+00
   2.4000000e+01  -1.4000000e+01   1.0760786e+02   2.6635404e+01  -3.8707142e+01  -4.4634549e+01  -9.8911667e+00
   2.4000000e+01  -1.4000000e+01   1.0134625e+02   2.5168922e+01  -2.9185449e+01  -3.9503512e+01  -1.8372212e+01
   2.4000000e+01  -1.4000000e+01   9.7432150e+01   2.6432031e+01  -2.0065021e+01  -3.3246974e+01  -2.5778704e+01
   2.4000000e+01  -1.4000000e+01   9.6431367e+01   2.9831072e+01  -1.4858572e+01  -2.6792580e+01  -2.4951506e+01
   2.4000000e+01  -1.4000000e+01   9.6854094e+01   2.9156944e+01  -1.2291872e+01  -2.5494825e+01  -2.1870991e+01
   2.4000000e+01  -1.4000000e+01   1.0211482e+02   2.7172338e+01  -1.8110025e+01  -2.7601517e+01  -1.4328533e+01
   2.4000000e+01  -1.4000000e+01   1.0670792e+02   2.4626024e+01  -2.2089408e+01  -3.0014723e+01  -7.7766885e+00
   2.4000000e+01  -1.4000000e+01   1.1087174e+02   2.2958739e+01  -2.6019792e+01  -3.1943486e+01  -2.4188214e+00
   2.4000000e+01  -1.4000000e+01   1.1516438e+02   2.1901305e+01  -3.0956076e+01  -3.4043001e+01   3.0326441e+00
   2.4000000e+01  -1.4000000e+01   1.1980933e+02   2.3043457e+01  -3.4537140e+01  -3.7108055e+01   6.9236694e+00
   2.4000000e+01  -1.4000000e+01   1.2376960e+02   2.2858858e+01  -3.8095395e+01  -3.9833770e+01   1.1740490e+01
   2.4000000e+01  -1.4000000e+01   1.2849216e+02   2.3671546e+01  -4.2884106e+01  -4.2071912e+01   1.5703069e+01
   2.4000000e+01  -1.4000000e+01   1.3324510e+02   2.3830439e+01  -4.5328728e+01  -4.5368744e+01   1.8940954e+01
   2.4000000e+01  -1.4000000e+01   1.3576456e+02   2.3807160e+01  -4.6385114e+01  -4.8478213e+01   2.1858031e+01
   2.4000000e+01  -1.4000000e+01   1.3875699e+02   2.4433928e+01  -4.7684891e+01  -5.1264594e+01   2.4309749e+01
   2.4000000e+01  -1.4000000e+01   1.4373641e+02   2.3814921e+01  -4.8005434e+01  -5.5109770e+01   2.7619681e+01
   2.4000000e+01  -1.4000000e+01   1.4902288e+02   2.5194210e+01  -5.0295958e+01  -5.8080711e+01   2.9980023e+01
   2.4000000e+01  -1.4000000e+01   1.5448194e+02   2.3491184e+01  -5.2511532e+01  -6.1642873e+01   3.4029571e+01
   2.4000000e+01  -1.4000000e+01   1.5995734e+02   2.2744104e+01  -5.4772910e+01  -6.4358553e+01   3.8640938e+01
   2.4000000e+01  -1.4000000e+01   1.6189152e+02   2.1006815e+01  -5.5577646e+01  -6.7233758e+01   4.1392828e+01
   2.4000000e+01  -1.4000000e+01   1.6547363e+02   1.9608946e+01  -5.4568147e+01  -6.8941306e+01   4.6315149e+01
   2.4000000e+01  -1.4000000e+01   1.6893620e+02   1.8381765e+01  -5.3533533e+01  -7.0411843e+01   5.0492369e+01
   2.4000000e+01  -1.4000000e+01   1.7228464e+02   1.5912688e+01  -5.3800408e+01  -7.2579138e+01   5.5606731e+01
   2.4000000e+01  -1.4000000e+01   1.7645182e+02   1.3051994e+01  -5.3685816e+01  -7.4855344e+01   6.0870787e+01
   2.4000000e+01  -1.4000000e+01   1.7620665e+02   1.0264989e+01  -5.5211458e+01  -7.6722549e+01   6.6171038e+01
   2.4000000e+01  -1.4000000e+01   1.7810868e+02   7.7333932e+00  -5.4450030e+01  -7.9075992e+01   6.8872499e+01
   2.4000000e+01  -1.4000000e+01   1.8168199e+02   8.5910447e+00  -5.7050624e+01  -8.1989103e+01   6.5301125e+01
   2.4000000e+01  -1.4000000e+01   1.7944136e+02   8.5513142e+00  -4.9639839e+01  -8.3590963e+01   5.3331361e+01
   2.4000000e+01  -1.4000000e+01   1.7248188e+02   5.8356341e+00  -5.5773610e+01  -8.5467366e+01   4.3956105e+01
   2.4000000e+01  -1.4000000e+01   1.6701978e+02   6.5413459e+00  -6.2248696e+01  -8.3798247e+01   3.3762763e+01
   2.4000000e+01  -1.4000000e+01   1.5724178e+02   8.2334958e+00  -6.2697342e+01  -7.7429452e+01   2.2349149e+01
   2.4000000e+01  -1.4000000e+01   1.4635618e+02   1.3252446e+01  -6.3387617e+01  -7.0629480e+01   1.4442719e+01
   2.4000000e+01  -1.4000000e+01   1.3634863e+02   1.8249228e+01  -5.8920913e+01  -6.4044966e+01   8.7163164e+00
   2.4000000e+01  -1.4000000e+01   1.2575570e+02   2.2460327e+01  -5.3685202e+01  -5.7631926e+01   4.4074251e-01
   2.4000000e+01  -1.4000000e+01   1.1666844e+02   2.3958620e+01  -4.5122129e+01  -5.1037932e+01  -8.4336457e+00
   2.4000000e+01  -1.4000000e+01   1.0831674e+02   2.4981912e+01  -3.6237255e+01  -4.4893592e+01  -1.7658630e+01
   2.4000000e+01  -1.4000000e+01   1.0339637e+02   2.3830292e+01  -2.6820124e+01  -3.9218254e+01  -2.6540183e+01
   2.4000000e+01  -1.4000000e+01   9.8890454e+01   2.6535055e+01  -1.8545575e+01  -3.2377602e+01  -3.1541760e+01
   2.4000000e+01  -1.4000000e+01   9.5272508e+01   3.1332175e+01  -1.3628099e+01  -2.5573558e+01  -3.0692889e+01
   2.4000000e+01  -1.4000000e+01   9.8882706e+01   3.0924941e+01  -1.6758103e+01  -2.5461663e+01  -2.4825395e+01
   2.4000000e+01  -1.4000000e+01   1.0297985e+02   2.8676958e+01  -2.1284401e+01  -2.7701124e+01  -1.7478821e+01
   2.4000000e+01  -1.4000000e+01   1.0759554e+02   2.6474236e+01  -2.3939655e+01  -2.9756263e+01  -1.1111069e+01
   2.4000000e+01  -1.4000000e+01   1.1135267e+02   2.4996431e+01  -2.6091825e+01  -3.1449315e+01  -6.8554476e+00
   2.4000000e+01  -1.4000000e+01   1.1463453e+02   2.5021061e+01  -2.8811509e+01  -3.4218343e+01  -2.6822873e+00
   2.4000000e+01  -1.4000000e+01   1.1886760e+02   2.4717606e+01  -3.1656796e+01  -3.7257713e+01   2.2918101e+00
   2.4000000e+01  -1.4000000e+01   1.2232506e+02   2.5007452e+01  -3.5055193e+01  -3.9853635e+01   6.4829714e+00
   2.4000000e+01  -1.4000000e+01   1.2584009e+02   2.5429145e+01  -3.8370677e+01  -4.2470398e+01   9.7514885e+00
   2.4000000e+01  -1.4000000e+01   1.3037888e+02   2.6481611e+01  -4.2306488e+01  -4.5213398e+01   1.2916611e+01
   2.4000000e+01  -1.4000000e+01   1.3310781e+02   2.6049976e+01  -4.4117713e+01  -4.8394788e+01   1.7085066e+01
   2.4000000e+01  -1.4000000e+01   1.3576305e+02   2.5589177e+01  -4.5729016e+01  -5.1285178e+01   2.1021107e+01
   2.4000000e+01  -1.4000000e+01   1.3767176e+02   2.4970588e+01  -4.5581069e+01  -5.3137971e+01   2.4427607e+01
   2.4000000e+01  -1.4000000e+01   1.4233324e+02   2.2895567e+01  -4.5368409e+01  -5.5385970e+01   2.7877157e+01
   2.4000000e+01  -1.4000000e+01   1.4827878e+02   2.3023487e+01  -4.7977882e+01  -5.7257994e+01   3.0306413e+01
   2.4000000e+01  -1.4000000e+01   1.5501200e+02   2.1178432e+01  -5.0039067e+01  -6.0444966e+01   3.4328933e+01
   2.4000000e+01  -1.4000000e+01   1.5892153e+02   1.9981333e+01  -5.1761967e+01  -6.2577333e+01   3.7626232e+01
   2.4000000e+01  -1.4000000e+01   1.6280053e+02   1.8708341e+01  -5.2918376e+01  -6.4502523e+01   4.0763248e+01
   2.4000000e+01  -1.4000000e+01   1.6322871e+02   1.8214559e+01  -5.1346267e+01  -6.5613336e+01   4.5120507e+01
   2.4000000e+01  -1.4000000e+01   1.6748998e+02   1.5409948e+01  -5.0751089e+01  -6.8363299e+01   4.9461828e+01
   2.4000000e+01  -1.4000000e+01   1.7199179e+02   1.2929574e+01  -5.0820188e+01  -7.0849742e+01   5.3092255e+01
   2.4000000e+01  -1.4000000e+01   1.7856815e+02   9.5898437e+00  -5.3237144e+01  -7.4351731e+01   5.6980105e+01
   2.4000000e+01  -1.4000000e+01   1.8166814e+02   5.7045642e+00  -5.6638548e+01  -7.7691620e+01   6.3012698e+01
   2.4000000e+01  -1.4000000e+01   1.8365481e+02   2.8868028e+00  -5.7049684e+01  -7.9020101e+01   6.6810577e+01
   2.4000000e+01  -1.4000000e+01   1.8341688e+02   3.8482258e+00  -5.6329001e+01  -7.8746284e+01   6.8839409e+01
   2.4000000e+01  -1.4000000e+01   1.8356893e+02   6.9843952e+00  -5.6914083e+01  -8.0412984e+01   6.6607238e+01
   2.4000000e+01  -1.4000000e+01   1.8031945e+02   5.2120863e+00  -6.2260781e+01  -8.5256816e+01   5.6143063e+01
   2.4000000e+01  -1.4000000e+01   1.7400397e+02   3.3811535e+00  -6.1963362e+01  -8.5793790e+01   4.5190784e+01
   2.4000000e+01  -1.4000000e+01   1.6386518e+02   4.8651995e+00  -5.8497830e+01  -8.2535868e+01   3.3643966e+01
   2.4000000e+01  -1.4000000e+01   1.5501055e+02   3.9557638e+00  -5.7923032e+01  -7.6953897e+01   2.1588751e+01
   2.4000000e+01  -1.4000000e+01   1.4408709e+02   1.0388175e+01  -5.8736758e+01  -6.9525093e+01   1.3410610e+01
   2.4000000e+01  -1.4000000e+01   1.3437842e+02   1.4967696e+01  -5.6176103e+01  -6.4131930e+01   6.8982045e+00
   2.4000000e+01  -1.4000000e+01   1.2434104e+02   1.7912406e+01  -5.1173769e+01  -5.8820784e+01  -1.0146030e+00
   2.4000000e+01  -1.4000000e+01   1.1686294e+02   1.9540706e+01  -4.2722150e+01  -5.4030751e+01  -9.0157644e+00
   2.4000000e+01  -1.4000000e+01   1.0943590e+02   2.1044501e+01  -3.3421070e+01  -4.8722574e+01  -1.7942841e+01
   2.4000000e+01  -1.4000000e+01   1.0494288e+02   2.1955989e+01  -2.4004764e+01  -4.2492459e+01  -2.6157236e+01
   2.4000000e+01  -1.4000000e+01   1.0267620e+02   2.4259261e+01  -1.6032102e+01  -3.5636162e+01  -2.9551792e+01
   2.4000000e+01  -1.4000000e+01   1.0125836e+02   2.6862302e+01  -1.4794869e+01  -2.9567860e+01  -2.6640515e+01
   2.4000000e+01  -1.4000000e+01   1.0166918e+02   2.8948454e+01  -1.6911243e+01  -2.6353906e+01  -2.1837151e+01
   2.4000000e+01  -1.4000000e+01   1.0464080e+02   2.7344223e+01  -2.0631005e+01  -2.7678922e+01  -1.5820067e+01
   2.4000000e+01  -1.4000000e+01   1.0836966e+02   2.5055716e+01  -2.4048996e+01  -2.9761669e+01  -9.5310667e+00
   2.4000000e+01  -1.4000000e+01   1.1232594e+02   2.3971254e+01  -2.6830994e+01  -3.2073833e+01  -5.3386933e+00
   2.4000000e+01  -1.4000000e+01   1.1592532e+02   2.2766960e+01  -3.0238139e+01  -3.4538035e+01   8.4552312e-02
   2.4000000e+01  -1.4000000e+01   1.1993645e+02   2.1999349e+01  -3.4737680e+01  -3.7008703e+01   6.0320361e+00
   2.4000000e+01  -1.4000000e+01   1.2371124e+02   2.2349937e+01  -3.6909701e+01  -3.8890693e+01   9.1267800e+00
   2.4000000e+01  -1.4000000e+01   1.2786968e+02   2.2074542e+01  -3.9170284e+01  -4.1406539e+01   1.3094566e+01
   2.4000000e+01  -1.4000000e+01   1.3266249e+02   2.3185496e+01  -4.3024425e+01  -4.3769505e+01   1.6334369e+01
   2.4000000e+01  -1.4000000e+01   1.3655513e+02   2.4160620e+01  -4.6158764e+01  -4.6801227e+01   1.8964676e+01
   2.4000000e+01  -1.4000000e+01   1.3986672e+02   2.3804671e+01  -4.7302365e+01  -5.0384150e+01   2.3487706e+01
   2.4000000e+01  -1.4000000e+01   1.4365128e+02   2.2880389e+01  -4.6821388e+01  -5.3618047e+01   2.7267041e+01
   2.4000000e+01  -1.4000000e+01   1.4937194e+02   2.2309805e+01  -4.8028214e+01  -5.6739053e+01   3.0626667e+01
   2.4000000e+01  -1.4000000e+01   1.5280769e+02   2.2009508e+01  -4.9834008e+01  -5.9204812e+01   3.5755856e+01
   2.4000000e+01  -1.4000000e+01   1.6038087e+02   2.1656826e+01  -5.3637245e+01  -6.2941446e+01   3.9950546e+01
   2.4000000e+01  -1.4000000e+01   1.6543588e+02   1.9448237e+01  -5.5943395e+01  -6.6523044e+01   4.3685330e+01
   2.4000000e+01  -1.4000000e+01   1.6885026e+02   1.7802854e+01  -5.6489049e+01  -6.8428943e+01   4.7953031e+01
   2.4000000e+01  -1.4000000e+01   1.7091449e+02   1.5270013e+01  -5.5741133e+01  -7.0484141e+01   5.2761326e+01
   2.4000000e+01  -1.4000000e+01   1.7213181e+02   1.2215844e+01  -5.4257312e+01  -7.2748270e+01   5.6822984e+01
   2.4000000e+01  -1.4000000e+01   1.7793127e+02   9.0249788e+00  -5.5950783e+01  -7.6304157e+01   6.1793649e+01
   2.4000000e+01  -1.4000000e+01   1.7854092e+02   6.1212901e+00  -5.3574367e+01  -7.8571654e+01   6.5394609e+01
   2.4000000e+01  -1.4000000e+01   1.8067029e+02   3.5994761e+00  -5.4723659e+01  -7.9654745e+01   7.0546553e+01
   2.4000000e+01  -1.4000000e+01   1.8000313e+02   7.8408219e+00  -5.8636397e+01  -8.1794672e+01   7.1635379e+01
   2.4000000e+01  -1.4000000e+01   1.7586834e+02   6.2064565e+00  -5.9064877e+01  -8.3416967e+01   6.1590520e+01
   2.4000000e+01  -1.4000000e+01   1.6498742e+02   5.8443402e+00  -5.6911870e+01  -8.3271868e+01   4.9638163e+01
   2.4000000e+01  -1.4000000e+01   1.5598285e+02   6.6189034e+00  -5.1629841e+01  -8.1673833e+01   3.7278616e+01
   2.4000000e+01  -1.4000000e+01   1.4789090e+02   1.0298327e+01  -5.0217842e+01  -7.4898363e+01   2.5547547e+01
   2.4000000e+01  -1.4000000e+01   1.3694961e+02   1.7116291e+01  -5.4299770e+01  -6.7463116e+01   1.9759119e+01
   2.4000000e+01  -1.4000000e+01   1.2625115e+02   2.1988295e+01  -5.3057725e+01  -6.1349999e+01   1.2002666e+01
   2.4000000e+01  -1.4000000e+01   1.1721294e+02   2.3686304e+01  -4.6369137e+01  -5.6372697e+01   4.4269501e+00
   2.4000000e+01  -1.4000000e+01   1.1095120e+02   2.3585302e+01  -3.8451329e+01  -5.2090445e+01  -3.4303055e+00
   2.4000000e+01  -1.4000000e+01   1.0695249e+02   2.3177983e+01  -2.8981703e+01  -4.7946502e+01  -1.1913968e+01
   2.4000000e+01  -1.4000000e+01   1.0188108e+02   2.2261745e+01  -2.0087386e+01  -4.4028127e+01  -1.9382064e+01
   2.4000000e+01  -1.4000000e+01   9.7818611e+01   2.2711432e+01  -1.1446818e+01  -3.8830221e+01  -2.6924342e+01
   2.4000000e+01  -1.4000000e+01   9.4971347e+01   2.4021907e+01  -5.4452862e+00  -3.2819991e+01  -3.0601755e+01
   2.4000000e+01  -1.4000000e+01   9.6014200e+01   2.7198140e+01  -8.8970903e+00  -2.6449998e+01  -2.8569890e+01
   2.4000000e+01  -1.4000000e+01   9.7741889e+01   2.7928323e+01  -1.1800099e+01  -2.3928058e+01  -2.3135547e+01
   2.4000000e+01  -1.4000000e+01   1.0290173e+02   2.5060663e+01  -1.8433961e+01  -2.6080982e+01  -1.5422937e+01
   2.4000000e+01  -1.4000000e+01   1.0859179e+02   2.2975107e+01  -2.3384578e+01  -2.8418021e+01  -9.3490661e+00
   2.4000000e+01  -1.4000000e+01   1.1283421e+02   2.2076719e+01  -2.8345683e+01  -3.0045611e+01  -5.3648427e+00
   2.4000000e+01  -1.4000000e+01   1.1585019e+02   2.1168950e+01  -3.0781555e+01  -3.2146923e+01  -8.8391799e-01
   2.4000000e+01  -1.4000000e+01   1.1957630e+02   2.1458260e+01  -3.4062159e+01  -3.4274120e+01   2.5430386e+00
   2.4000000e+01  -1.4000000e+01   1.2180408e+02   2.2308532e+01  -3.6492049e+01  -3.6319827e+01   5.6374780e+00
   2.4000000e+01  -1.4000000e+01   1.2445721e+02   2.2809660e+01  -3.9568738e+01  -3.8613284e+01   9.3325146e+00
   2.4000000e+01  -1.4000000e+01   1.2831166e+02   2.3217275e+01  -4.2917334e+01  -4.0806325e+01   1.2972485e+01
   2.4000000e+01  -1.4000000e+01   1.3202627e+02   2.4248482e+01  -4.5728595e+01  -4.3016108e+01   1.5131204e+01
   2.4000000e+01  -1.4000000e+01   1.3697668e+02   2.3900737e+01  -4.8094949e+01  -4.6161925e+01   1.9048328e+01
   2.4000000e+01  -1.4000000e+01   1.3713402e+02   2.3108974e+01  -4.7969306e+01  -4.8548754e+01   2.1641425e+01
   2.4000000e+01  -1.4000000e+01   1.4044913e+02   2.2937283e+01  -4.7328069e+01  -5.0365062e+01   2.2822078e+01
   2.4000000e+01  -1.4000000e+01   1.4416664e+02   2.1927670e+01  -4.7980343e+01  -5.2767975e+01   2.6450411e+01
   2.4000000e+01  -1.4000000e+01   1.4899320e+02   2.0302585e+01  -5.0246406e+01  -5.5078747e+01   2.9708171e+01
   2.4000000e+01  -1.4000000e+01   1.5225087e+02   1.9602254e+01  -5.2050031e+01  -5.6588474e+01   3.3610638e+01
   2.4000000e+01  -1.4000000e+01   1.6116074e+02   1.9603090e+01  -5.6362465e+01  -5.9177456e+01   3.6999965e+01
   2.4000000e+01  -1.4000000e+01   1.6656083e+02   1.8280969e+01  -6.0752615e+01  -6.2687964e+01   3.9766032e+01
   2.4000000e+01  -1.4000000e+01   1.6855814e+02   1.7544444e+01  -6.2091213e+01  -6.4942996e+01   4.2767294e+01
   2.4000000e+01  -1.4000000e+01   1.7315480e+02   1.6305351e+01  -6.2398535e+01  -6.7399828e+01   4.6121972e+01
   2.4000000e+01  -1.4000000e+01   1.7261289e+02   1.5568678e+01  -5.9936218e+01  -6.9110111e+01   4.9705114e+01
   2.4000000e+01  -1.4000000e+01   1.7517639e+02   1.2970107e+01  -5.8651129e+01  -7.3176874e+01   5.2662192e+01
   2.4000000e+01  -1.4000000e+01   1.8096713e+02   1.1195583e+01  -6.0930273e+01  -7.9413006e+01   5.2749872e+01
   2.4000000e+01  -1.4000000e+01   1.8343575e+02   1.1789131e+01  -6.1580389e+01  -8.5018775e+01   5.0184081e+01
   2.4000000e+01  -1.4000000e+01   1.7717962e+02   8.7741484e+00  -6.5094960e+01  -8.9334767e+01   4.8165607e+01
   2.4000000e+01  -1.4000000e+01   1.7324127e+02   7.1758965e+00  -6.2351638e+01  -9.1111200e+01   3.7749125e+01
   2.4000000e+01  -1.4000000e+01   1.6790264e+02   6.6110366e+00  -5.7857841e+01  -9.0782104e+01   2.7632378e+01
   2.4000000e+01  -1.4000000e+01   1.5856934e+02   6.2257392e+00  -5.9265186e+01  -8.5138805e+01   1.7091175e+01
   2.4000000e+01  -1.4000000e+01   1.4708693e+02   1.3363558e+01  -6.1032647e+01  -7.6670885e+01   1.0358705e+01
   2.4000000e+01  -1.4000000e+01   1.3584170e+02   2.0079833e+01  -5.8643744e+01  -6.8369384e+01   4.6820749e+00
   2.4000000e+01  -1.4000000e+01   1.2478987e+02   2.4717239e+01  -5.2599254e+01  -6.0431602e+01  -3.0563211e+00
   2.4000000e+01  -1.4000000e+01   1.1432560e+02   2.8355202e+01  -4.4281135e+01  -5.2534126e+01  -1.2117211e+01
   2.4000000e+01  -1.4000000e+01   1.0710465e+02   3.0141466e+01  -3.4610714e+01  -4.4988611e+01  -2.0834623e+01
   2.4000000e+01  -1.4000000e+01   1.0262073e+02   3.2197177e+01  -2.5312971e+01  -3.7541740e+01  -2.7693099e+01
   2.4000000e+01  -1.4000000e+01   9.9895586e+01   3.5537386e+01  -1.6548421e+01  -3.0606494e+01  -2.9892028e+01
   2.4000000e+01  -1.4000000e+01   1.0034172e+02   3.4112323e+01  -1.3717688e+01  -2.8890865e+01  -2.7374649e+01
   2.4000000e+01  -1.4000000e+01   1.0539038e+02   3.1172008e+01  -1.9809221e+01  -3.1031780e+01  -1.9472585e+01
   2.4000000e+01  -1.4000000e+01   1.1198099e+02   2.9242611e+01  -2.5924129e+01  -3.4081815e+01  -1.1809683e+01
   2.4000000e+01  -1.4000000e+01   1.1602592e+02   2.7725315e+01  -2.9906634e+01  -3.6790185e+01  -5.1778280e+00
   2.4000000e+01  -1.4000000e+01   1.2011752e+02   2.6646044e+01  -3.3477404e+01  -3.9228060e+01   7.1162172e-01
   2.4000000e+01  -1.4000000e+01   1.2411172e+02   2.7305876e+01  -3.6623491e+01  -4.2123093e+01   5.1345264e+00
   2.4000000e+01  -1.4000000e+01   1.2751040e+02   2.6999442e+01  -3.9554520e+01  -4.5147593e+01   9.6727426e+00
   2.4000000e+01  -1.4000000e+01   1.3219150e+02   2.6897104e+01  -4.2473848e+01  -4.8229609e+01   1.4311450e+01
   2.4000000e+01  -1.4000000e+01   1.3638126e+02   2.6556146e+01  -4.4808640e+01  -5.1788600e+01   1.9795032e+01
   2.4000000e+01  -1.4000000e+01   1.3858840e+02   2.7293195e+01  -4.6845090e+01  -5.4409425e+01   2.2897646e+01
   2.4000000e+01  -1.4000000e+01   1.4003275e+02   2.7671510e+01  -4.7121772e+01  -5.7555141e+01   2.6164444e+01
   2.4000000e+01  -1.4000000e+01   1.4651840e+02   2.7760816e+01  -4.9142454e+01  -6.1492474e+01   2.9672725e+01
   2.4000000e+01  -1.4000000e+01   1.5086628e+02   2.6183979e+01  -4.8106329e+01  -6.4993813e+01   3.2969929e+01
   2.4000000e+01  -1.4000000e+01   1.5451896e+02   2.5165656e+01  -4.9596413e+01  -6.7491609e+01   3.6945820e+01
   2.4000000e+01  -1.4000000e+01   1.5807393e+02   2.4461149e+01  -5.0560018e+01  -6.9560334e+01   4.0952292e+01
   2.4000000e+01  -1.4000000e+01   1.6629416e+02   2.2541200e+01  -5.2556954e+01  -7.2789380e+01   4.5876843e+01
   2.4000000e+01  -1.4000000e+01   1.6861682e+02   2.0646404e+01  -5.2294098e+01  -7.4304378e+01   5.0168377e+01
   2.4000000e+01  -1.4000000e+01   1.7273358e+02   1.8417196e+01  -5.2286552e+01  -7.6102452e+01   5.4516610e+01
   2.4000000e+01  -1.4000000e+01   1.7688766e+02   1.4252211e+01  -5.3494081e+01  -7.9505802e+01   5.8560228e+01
   2.4000000e+01  -1.4000000e+01   1.7663755e+02   1.2693645e+01  -5.4168395e+01  -8.0844861e+01   6.4109086e+01
   2.4000000e+01  -1.4000000e+01   1.7328303e+02   9.5496303e+00  -5.1261383e+01  -8.1934513e+01   6.8630891e+01
   2.4000000e+01  -1.4000000e+01   1.7344692e+02   7.1123840e+00  -5.0169918e+01  -8.1420048e+01   7.2961497e+01
   2.4000000e+01  -1.4000000e+01   1.7532386e+02   5.6237425e+00  -4.9145379e+01  -8.0893135e+01   7.6212194e+01
   2.4000000e+01  -1.4000000e+01   1.7848264e+02   4.7146821e+00  -4.8190458e+01  -8.0101899e+01   7.7741276e+01
   2.4000000e+01  -1.4000000e+01   1.8448134e+02   4.4228366e+00  -5.0960811e+01  -8.0575821e+01   7.6140757e+01
   2.4000000e+01  -1.4000000e+01   1.7940595e+02   4.7708650e+00  -5.2588538e+01  -8.0798645e+01   7.1062987e+01
   2.4000000e+01  -1.4000000e+01   1.7870617e+02   5.8464641e+00  -5.9993989e+01  -8.3199960e+01   5.9958905e+01
   2.4000000e+01  -1.4000000e+01   1.6802277e+02   6.1716905e+00  -6.0536925e+01  -8.1002330e+01   4.8797415e+01
   2.4000000e+01  -1.4000000e+01   1.6022017e+02   6.7603033e+00  -5.8355185e+01  -7.8294209e+01   3.6566595e+01
   2.4000000e+01  -1.4000000e+01   1.5388107e+02   1.0992115e+01  -6.2377473e+01  -7.3026527e+01   2.9932303e+01
   2.4000000e+01  -1.4000000e+01   1.4359760e+02   1.3570479e+01  -6.0638984e+01  -6.7965349e+01   2.1593533e+01
   2.4000000e+01  -1.4000000e+01   1.3396066e+02   1.9432520e+01  -5.6676672e+01  -6.1592109e+01   1.4755251e+01
   2.4000000e+01  -1.4000000e+01   1.2402929e+02   2.1251304e+01  -5.1520188e+01  -5.6927116e+01   6.6719222e+00
   2.4000000e+01  -1.4000000e+01   1.1444811e+02   2.2607960e+01  -4.4678826e+01  -5.2117806e+01  -1.3472402e+00
   2.4000000e+01  -1.4000000e+01   1.0706258e+02   2.2375279e+01  -3.6029996e+01  -4.8270252e+01  -9.1803725e+00
   2.4000000e+01  -1.4000000e+01   1.0162358e+02   2.2481657e+01  -2.6749531e+01  -4.3885927e+01  -1.7414173e+01
   2.4000000e+01  -1.4000000e+01   9.9174443e+01   2.4432359e+01  -1.8278532e+01  -3.8242423e+01  -2.3512229e+01
   2.4000000e+01  -1.4000000e+01   9.9386219e+01   2.7918400e+01  -1.4997920e+01  -3.3111988e+01  -2.5773993e+01
   2.4000000e+01  -1.4000000e+01   1.0279867e+02   3.1362725e+01  -1.9482457e+01  -3.0437739e+01  -2.1839732e+01
   2.4000000e+01  -1.4000000e+01   1.0615009e+02   3.1141643e+01  -2.4013063e+01  -3.1128239e+01  -1.6537946e+01
   2.4000000e+01  -1.4000000e+01   1.0931452e+02   3.0139254e+01  -2.6792701e+01  -3.2763036e+01  -1.1687216e+01
   2.4000000e+01  -1.4000000e+01   1.1309644e+02   2.8979850e+01  -2.9861556e+01  -3.4755214e+01  -6.1948270e+00
   2.4000000e+01  -1.4000000e+01   1.1669851e+02   2.7189649e+01  -3.3134208e+01  -3.7262944e+01  -2.3171246e-01
   2.4000000e+01  -1.4000000e+01   1.2039035e+02   2.6315853e+01  -3.6083038e+01  -3.9241064e+01   4.4661800e+00
   2.4000000e+01  -1.4000000e+01   1.2265794e+02   2.7640246e+01  -3.8722838e+01  -4.1520841e+01   6.7290538e+00
   2.4000000e+01  -1.4000000e+01   1.2516694e+02   2.8288015e+01  -4.1525601e+01  -4.4270758e+01   1.0070885e+01
   2.4000000e+01  -1.4000000e+01   1.2727689e+02   2.9176360e+01  -4.3574910e+01  -4.6537933e+01   1.2697445e+01
   2.4000000e+01  -1.4000000e+01   1.2968802e+02   3.0372660e+01  -4.6518383e+01  -4.8664545e+01   1.6428248e+01
   2.4000000e+01  -1.4000000e+01   1.3171755e+02   3.0211113e+01  -4.7785531e+01  -5.1639794e+01   2.0306706e+01
   2.4000000e+01  -1.4000000e+01   1.3360111e+02   3.0524997e+01  -4.8620450e+01  -5.4032651e+01   2.2430835e+01
   2.4000000e+01  -1.4000000e+01   1.3712730e+02   3.0875450e+01  -5.0431864e+01  -5.6570559e+01   2.4957570e+01
   2.4000000e+01  -1.4000000e+01   1.3736714e+02   3.1472811e+01  -4.9143683e+01  -5.8509164e+01   2.5758423e+01
   2.4000000e+01  -1.4000000e+01   1.3994707e+02   3.1147282e+01  -4.9380984e+01  -6.0918221e+01   2.8787336e+01
   2.4000000e+01  -1.4000000e+01   1.4289217e+02   3.0233320e+01  -4.9542487e+01  -6.3716481e+01   3.1114596e+01
   2.4000000e+01  -1.4000000e+01   1.4643719e+02   2.8173690e+01  -4.8743017e+01  -6.5719106e+01   3.4227904e+01
   2.4000000e+01  -1.4000000e+01   1.5063159e+02   2.5930638e+01  -5.0577478e+01  -6.7982216e+01   3.7787795e+01
   2.4000000e+01  -1.4000000e+01   1.5415675e+02   2.3831706e+01  -5.1272752e+01  -6.9188724e+01   4.1819285e+01
   2.4000000e+01  -1.4000000e+01   1.5800847e+02   2.0750020e+01  -5.2155393e+01  -7.1221205e+01   4.5107810e+01
   2.4000000e+01  -1.4000000e+01   1.6502820e+02   1.8397307e+01  -5.5165274e+01  -7.2611408e+01   4.9745934e+01
   2.4000000e+01  -1.4000000e+01   1.6860214e+02   1.5502022e+01  -5.4862525e+01  -7.3578487e+01   5.3344203e+01
   2.4000000e+01  -1.4000000e+01   1.7202622e+02   1.3837357e+01  -5.5268334e+01  -7.4678653e+01   5.7098492e+01
   2.4000000e+01  -1.4000000e+01   1.7652259e+02   1.1264218e+01  -5.5101945e+01  -7.6889487e+01   6.0869357e+01
   2.4000000e+01  -1.4000000e+01   1.8325571e+02   8.3556511e+00  -5.5758962e+01  -8.0144658e+01   6.5254071e+01
   2.4000000e+01  -1.4000000e+01   1.8583553e+02   9.0151928e+00  -5.5014049e+01  -8.2087271e+01   6.7533081e+01
   2.4000000e+01  -1.4000000e+01   1.8506630e+02   9.5564895e+00  -5.4422232e+01  -8.4150113e+01   7.0302464e+01
   2.4000000e+01  -1.4000000e+01   1.8416409e+02   9.7383531e+00  -5.8406766e+01  -8.7563281e+01   6.6783757e+01
   2.4000000e+01  -1.4000000e+01   1.7360390e+02   8.0542403e+00  -5.6673058e+01  -8.7244811e+01   5.6376835e+01
   2.4000000e+01  -1.4000000e+01   1.6409740e+02   5.7353849e+00  -5.5508100e+01  -8.6609549e+01   4.5215144e+01
   2.4000000e+01  -1.4000000e+01   1.5377534e+02   6.6792073e+00  -5.2018722e+01  -8.2369261e+01   3.3007211e+01
   2.4000000e+01  -1.4000000e+01   1.4338717e+02   1.2090052e+01  -5.0445013e+01  -7.5426605e+01   2.3119608e+01
   2.4000000e+01  -1.4000000e+01   1.3330765e+02   1.8043102e+01  -4.8598435e+01  -6.8688526e+01   1.6272360e+01
   2.4000000e+01  -1.4000000e+01   1.2278891e+02   2.0965377e+01  -4.3614030e+01  -6.2624679e+01   7.0403897e+00
   2.4000000e+01  -1.4000000e+01   1.1284729e+02   2.4151816e+01  -3.5835170e+01  -5.5858766e+01  -1.2195398e+00
   2.4000000e+01  -1.4000000e+01   1.0420594e+02   2.6205331e+01  -2.6646112e+01  -4.9697196e+01  -9.9617101e+00
   2.4000000e+01  -1.4000000e+01   9.9681612e+01   2.7665098e+01  -1.7136744e+01  -4.3656860e+01  -1.8067125e+01
   2.4000000e+01  -1.4000000e+01   9.7170292e+01   2.8730820e+01  -9.3471008e+00  -3.7731439e+01  -2.4049300e+01
   2.4000000e+01  -1.4000000e+01   9.6095063e+01   3.1300754e+01  -6.5799005e+00  -3.1098973e+01  -2.7576563e+01
   2.4000000e+01  -1.4000000e+01   9.7925969e+01   3.1584204e+01  -1.1733732e+01  -2.6697261e+01  -2.3723308e+01
   2.4000000e+01  -1.4000000e+01   1.0211639e+02   2.8361797e+01  -1.7070879e+01  -2.7005681e+01  -1.8063908e+01
   2.4000000e+01  -1.4000000e+01   1.0626054e+02   2.5940140e+01  -2.1612314e+01  -2.9193188e+01  -1.0971208e+01
   2.4000000e+01  -1.4000000e+01   1.0969259e+02   2.3747048e+01  -2.4706554e+01  -3.0649661e+01  -5.0574718e+00
   2.4000000e+01  -1.4000000e+01   1.1133051e+02   2.2396242e+01  -2.5810399e+01  -3.1841923e+01  -1.5580554e+00
   2.4000000e+01  -1.4000000e+01   1.1282339e+02   2.1930571e+01  -2.7364849e+01  -3.3101252e+01   1.7381910e+00
   2.4000000e+01  -1.4000000e+01   1.1759735e+02   2.1813561e+01  -3.1328144e+01  -3.5620755e+01   6.5639829e+00
   2.4000000e+01  -1.4000000e+01   1.2062851e+02   2.2561580e+01  -3.3533288e+01  -3.7882455e+01   9.1707504e+00
   2.4000000e+01  -1.4000000e+01   1.2427706e+02   2.2868844e+01  -3.7043672e+01  -4.0439447e+01   1.3842867e+01
   2.4000000e+01  -1.4000000e+01   1.2781555e+02   2.3366189e+01  -4.0029619e+01  -4.2707738e+01   1.7151743e+01
   2.4000000e+01  -1.4000000e+01   1.3253976e+02   2.3798623e+01  -4.3198590e+01  -4.5363000e+01   1.9782637e+01
   2.4000000e+01  -1.4000000e+01   1.3659673e+02   2.3532404e+01  -4.5151195e+01  -4.8307263e+01   2.3401165e+01
   2.4000000e+01  -1.4000000e+01   1.3814532e+02   2.3197172e+01  -4.4724137e+01  -5.0566946e+01   2.5166162e+01
   2.4000000e+01  -1.4000000e+01   1.4150408e+02   2.3912725e+01  -4.4763369e+01  -5.1967238e+01   2.5921868e+01
   2.4000000e+01  -1.4000000e+01   1.4305005e+02   2.2635571e+01  -4.3220363e+01  -5.3989448e+01   2.7582939e+01
   2.4000000e+01  -1.4000000e+01   1.4852631e+02   2.1172161e+01  -4.5574671e+01  -5.7074182e+01   3.2245320e+01
   2.4000000e+01  -1.4000000e+01   1.5260742e+02   2.0704399e+01  -4.7563899e+01  -5.9466369e+01   3.5581244e+01
   2.4000000e+01  -1.4000000e+01   1.5706970e+02   1.9298843e+01  -5.0080980e+01  -6.2786023e+01   4.0996282e+01
   2.4000000e+01  -1.4000000e+01   1.6126921e+02   1.6560092e+01  -4.9578113e+01  -6.5313564e+01   4.4691561e+01
   2.4000000e+01  -1.4000000e+01   1.6336919e+02   1.4946512e+01  -4.8002053e+01  -6.6566081e+01   4.6612491e+01
   2.4000000e+01  -1.4000000e+01   1.6523797e+02   1.3469559e+01  -4.6785470e+01  -6.7980665e+01   5.1566739e+01
   2.4000000e+01  -1.4000000e+01   1.6894235e+02   1.0388364e+01  -4.6451121e+01  -7.1185737e+01   5.6362670e+01
   2.4000000e+01  -1.4000000e+01   1.7362230e+02   6.0879081e+00  -5.0331106e+01  -7.4860271e+01   6.1284181e+01
   2.4000000e+01  -1.4000000e+01   1.7436799e+02   4.6798603e+00  -5.0586549e+01  -7.6982270e+01   6.3364749e+01
   2.4000000e+01  -1.4000000e+01   1.7511094e+02   5.0961882e+00  -5.2394336e+01  -8.0879062e+01   5.8593560e+01
   2.4000000e+01  -1.4000000e+01   1.7378577e+02   5.0926031e+00  -5.0210668e+01  -8.4702177e+01   5.0755496e+01
   2.4000000e+01  -1.4000000e+01   1.6416984e+02   7.2253714e+00  -5.0827317e+01  -8.5859974e+01   4.3880164e+01
   2.4000000e+01  -1.4000000e+01   1.5922678e+02   5.9762566e+00  -5.1373529e+01  -8.3656092e+01   3.3522144e+01
   2.4000000e+01  -1.4000000e+01   1.5068916e+02   9.3738324e+00  -5.3901957e+01  -7.8198498e+01   2.3234509e+01
   2.4000000e+01  -1.4000000e+01   1.3976216e+02   1.5274161e+01  -5.6382601e+01  -7.0901011e+01   1.5266154e+01
   2.4000000e+01  -1.4000000e+01   1.2934489e+02   2.0546686e+01  -5.4087507e+01  -6.4197125e+01   1.0128387e+01
   2.4000000e+01  -1.4000000e+01   1.1971372e+02   2.2564317e+01  -4.7217874e+01  -5.8463078e+01   3.0888253e+00
   2.4000000e+01  -1.4000000e+01   1.1074778e+02   2.3755364e+01  -3.9025754e+01  -5.2945509e+01  -5.5513015e+00
   2.4000000e+01  -1.4000000e+01   1.0361001e+02   2.3134345e+01  -2.9595066e+01  -4.7569247e+01  -1.4313638e+01
   2.4000000e+01  -1.4000000e+01   9.7078991e+01   2.3297511e+01  -2.0381341e+01  -4.2474711e+01  -2.1481518e+01
   2.4000000e+01  -1.4000000e+01   9.6464246e+01   2.3269547e+01  -1.1471341e+01  -3.8038576e+01  -2.8176253e+01
   2.4000000e+01  -1.4000000e+01   9.4700601e+01   2.4533663e+01  -5.2965995e+00  -3.2797544e+01  -3.0989338e+01
   2.4000000e+01  -1.4000000e+01   9.1978362e+01   2.8663194e+01  -7.3264237e-01  -2.6330680e+01  -3.1586656e+01
   2.4000000e+01  -1.4000000e+01   9.2559894e+01   3.0349781e+01  -4.4260392e+00  -2.3103485e+01  -2.7149734e+01
   2.4000000e+01  -1.4000000e+01   9.6828739e+01   2.7211449e+01  -9.3045419e+00  -2.4949134e+01  -2.0195283e+01
   2.4000000e+01  -1.4000000e+01   1.0228595e+02   2.4220359e+01  -1.5862701e+01  -2.6877540e+01  -1.1932453e+01
   2.4000000e+01  -1.4000000e+01   1.0699256e+02   2.1825680e+01  -2.0758774e+01  -2.8689116e+01  -6.1181196e+00
   2.4000000e+01  -1.4000000e+01   1.0994866e+02   2.1204273e+01  -2.4027568e+01  -3.0261985e+01  -1.9427249e+00
   2.4000000e+01  -1.4000000e+01   1.1389794e+02   2.1846059e+01  -2.7592516e+01  -3.3187059e+01   1.7658041e+00
   2.4000000e+01  -1.4000000e+01   1.1846208e+02   2.1602065e+01  -3.2238198e+01  -3.6390500e+01   7.4783820e+00
   2.4000000e+01  -1.4000000e+01   1.2219290e+02   2.2098448e+01  -3.6437421e+01  -3.8872015e+01   1.1816015e+01
   2.4000000e+01  -1.4000000e+01   1.2640946e+02   2.3063579e+01  -4.0286334e+01  -4.1173399e+01   1.5087727e+01
   2.4000000e+01  -1.4000000e+01   1.2956093e+02   2.4151716e+01  -4.3549103e+01  -4.3669552e+01   1.8240717e+01
   2.4000000e+01  -1.4000000e+01   1.3332681e+02   2.4516413e+01  -4.6485698e+01  -4.7010598e+01   2.1246836e+01
   2.4000000e+01  -1.4000000e+01   1.3577716e+02   2.5018788e+01  -4.7748490e+01  -4.9846383e+01   2.3884577e+01
   2.4000000e+01  -1.4000000e+01   1.3757070e+02   2.5281320e+01  -4.7242970e+01  -5.2945161e+01   2.6779516e+01
   2.4000000e+01  -1.4000000e+01   1.4030442e+02   2.5626995e+01  -4.6079692e+01  -5.6458603e+01   3.0255967e+01
   2.4000000e+01  -1.4000000e+01   1.4570763e+02   2.4315198e+01  -4.8825188e+01  -6.0484448e+01   3.4815331e+01
   2.4000000e+01  -1.4000000e+01   1.5335751e+02   2.6850831e+01  -5.2862292e+01  -6.4857797e+01   3.8483724e+01
   2.4000000e+01  -1.4000000e+01   1.5830207e+02   2.6176254e+01  -5.6588773e+01  -7.0128638e+01   4.3314351e+01
   2.4000000e+01  -1.4000000e+01   1.6602096e+02   2.4668502e+01  -5.8768632e+01  -7.4148382e+01   4.7356944e+01
   2.4000000e+01  -1.4000000e+01   1.7245659e+02   2.2167954e+01  -6.0115895e+01  -7.7256899e+01   5.2214012e+01
   2.4000000e+01  -1.4000000e+01   1.7243438e+02   1.9174409e+01  -5.8499106e+01  -7.9174789e+01   5.6292906e+01
   2.4000000e+01  -1.4000000e+01   1.7247353e+02   1.6327097e+01  -5.8801659e+01  -8.1556099e+01   6.1375093e+01
   2.4000000e+01  -1.4000000e+01   1.7188418e+02   1.3370668e+01  -5.8840213e+01  -8.3677817e+01   6.7214312e+01
   2.4000000e+01  -1.4000000e+01   1.7691385e+02   1.2859098e+01  -5.8320611e+01  -8.5791842e+01   7.0013775e+01
   2.4000000e+01  -1.4000000e+01   1.8101178e+02   9.6624884e+00  -6.3015896e+01  -8.7058277e+01   7.3020086e+01
   2.4000000e+01  -1.4000000e+01   1.7639169e+02   7.4643848e+00  -6.2691071e+01  -8.6288843e+01   6.3649468e+01
   2.4000000e+01  -1.4000000e+01   1.6543293e+02   3.1719144e+00  -5.9349776e+01  -8.6444248e+01   5.2391654e+01
   2.4000000e+01  -1.4000000e+01   1.5909638e+02   2.7973770e+00  -5.3045292e+01  -8.4200478e+01   4.0794038e+01
   2.4000000e+01  -1.4000000e+01   1.4947179e+02   3.8035675e+00  -4.9170201e+01  -7.9348530e+01   2.8802752e+01
   2.4000000e+01  -1.4000000e+01   1.3826099e+02   8.8610307e+00  -5.0076633e+01  -7.2010463e+01   1.8194201e+01
   2.4000000e+01  -1.4000000e+01   1.2754463e+02   1.2646113e+01  -4.8335992e+01  -6.5365498e+01   9.0488861e+00
   2.4000000e+01  -1.4000000e+01   1.1746470e+02   1.5893571e+01  -4.3038261e+01  -5.8825829e+01   6.9559475e-01
   2.4000000e+01  -1.4000000e+01   1.0774250e+02   1.8990800e+01  -3.4939070e+01  -5.2444615e+01  -7.5373233e+00
   2.4000000e+01  -1.4000000e+01   9.9169510e+01   2.0970675e+01  -2.6162943e+01  -4.7001866e+01  -1.4934635e+01
   2.4000000e+01  -1.4000000e+01   9.4402531e+01   2.1254817e+01  -1.6679243e+01  -4.1493107e+01  -2.2226075e+01
   2.4000000e+01  -1.4000000e+01   9.1336102e+01   2.2694713e+01  -8.6105763e+00  -3.5106875e+01  -2.8105059e+01
   2.4000000e+01  -1.4000000e+01   8.9845614e+01   2.6279514e+01  -2.9599360e+00  -2.8133929e+01  -3.1378312e+01
   2.4000000e+01  -1.4000000e+01   9.1238666e+01   3.0474991e+01  -4.4313969e+00  -2.2368675e+01  -2.9681782e+01
   2.4000000e+01  -1.4000000e+01   9.4985193e+01   2.7773026e+01  -8.4808031e+00  -2.3378648e+01  -2.3717669e+01
   2.4000000e+01  -1.4000000e+01   9.9623318e+01   2.5313127e+01  -1.2212774e+01  -2.5768755e+01  -1.6251133e+01
   2.4000000e+01  -1.4000000e+01   1.0568167e+02   2.2862187e+01  -1.8630101e+01  -2.8883565e+01  -8.5563821e+00
   2.4000000e+01  -1.4000000e+01   1.0967529e+02   2.1630546e+01  -2.2847590e+01  -3.1382383e+01  -3.2241192e+00
   2.4000000e+01  -1.4000000e+01   1.1409552e+02   2.0643608e+01  -2.7543631e+01  -3.4003965e+01   2.5889013e+00
   2.4000000e+01  -1.4000000e+01   1.1829269e+02   2.0823427e+01  -3.3370296e+01  -3.6428504e+01   7.7693722e+00
   2.4000000e+01  -1.4000000e+01   1.2238507e+02   2.1290008e+01  -3.7647068e+01  -3.8884229e+01   1.2210732e+01
   2.4000000e+01  -1.4000000e+01   1.2732377e+02   2.1764267e+01  -4.1705402e+01  -4.1458757e+01   1.6462682e+01
   2.4000000e+01  -1.4000000e+01   1.3151364e+02   2.1672583e+01  -4.6233184e+01  -4.4615035e+01   2.0611023e+01
   2.4000000e+01  -1.4000000e+01   1.3532425e+02   2.2105735e+01  -4.7689589e+01  -4.7725562e+01   2.4268290e+01
   2.4000000e+01  -1.4000000e+01   1.3982032e+02   2.3282918e+01  -5.0435016e+01  -5.0422563e+01   2.6270228e+01
   2.4000000e+01  -1.4000000e+01   1.4142111e+02   2.2595144e+01  -5.0202531e+01  -5.3783013e+01   2.8866284e+01
   2.4000000e+01  -1.4000000e+01   1.4766930e+02   2.2636055e+01  -5.1813076e+01  -5.7310918e+01   3.2508771e+01
   2.4000000e+01  -1.4000000e+01   1.5379289e+02   2.2087363e+01  -5.2934333e+01  -6.0450741e+01   3.6439821e+01
   2.4000000e+01  -1.4000000e+01   1.6185128e+02   2.3049422e+01  -5.7859307e+01  -6.5031133e+01   4.0766994e+01
   2.4000000e+01  -1.4000000e+01   1.6601341e+02   2.1889607e+01  -5.8408763e+01  -6.8480327e+01   4.3886054e+01
   2.4000000e+01  -1.4000000e+01   1.6787301e+02   1.7974657e+01  -5.7686796e+01  -7.0838493e+01   4.9743423e+01
   2.4000000e+01  -1.4000000e+01   1.6377392e+02   1.5956147e+01  -5.6259788e+01  -7.1583541e+01   5.4622795e+01
   2.4000000e+01  -1.4000000e+01   1.6908669e+02   1.2048723e+01  -5.7004505e+01  -7.3951613e+01   6.0304525e+01
   2.4000000e+01  -1.4000000e+01   1.7041378e+02   9.0522970e+00  -5.7124546e+01  -7.5324110e+01   6.5183139e+01
   2.4000000e+01  -1.4000000e+01   1.7596182e+02   5.9720157e+00  -5.4582820e+01  -7.6603435e+01   6.9350384e+01
   2.4000000e+01  -1.4000000e+01   1.7666942e+02   2.9952283e+00  -5.3298449e+01  -7.6915385e+01   7.6120310e+01
   2.4000000e+01  -1.4000000e+01   1.7510353e+02   3.6050020e+00  -5.1301177e+01  -7.6238152e+01   7.8718661e+01
   2.4000000e+01  -1.4000000e+01   1.7784382e+02   3.9391640e+00  -4.9731599e+01  -7.6273637e+01   8.0252377e+01
   2.4000000e+01  -1.4000000e+01   1.7779092e+02   4.1875799e+00  -4.8241807e+01  -7.6406049e+01   8.1084690e+01
   2.4000000e+01  -1.4000000e+01   1.8270691e+02   5.1444394e+00  -4.7031972e+01  -7.6764825e+01   8.0057902e+01
   2.4000000e+01  -1.4000000e+01   1.8468083e+02   5.9112874e+00  -4.5800705e+01  -7.7245627e+01   7.8637671e+01
   2.4000000e+01  -1.4000000e+01   1.8367424e+02   6.4537475e+00  -4.5237506e+01  -7.8383305e+01   7.6003464e+01
   2.4000000e+01  -1.4000000e+01   1.8327314e+02   5.3901207e+00  -5.4333050e+01  -8.2698427e+01   7.0383168e+01
   2.4000000e+01  -1.4000000e+01   1.7756095e+02   2.3170623e+00  -6.0694740e+01  -8.4685530e+01   5.9087203e+01
   2.4000000e+01  -1.4000000e+01   1.6903235e+02   2.8639304e-01  -5.7028227e+01  -8.5018256e+01   4.7525385e+01
   2.4000000e+01  -1.4000000e+01   1.6144003e+02  -7.8336861e-01  -5.0704946e+01  -8.4538606e+01   3.6184057e+01
   2.4000000e+01  -1.4000000e+01   1.5511233e+02   9.9596457e-01  -4.9432946e+01  -8.2273869e+01   2.5884085e+01
   2.4000000e+01  -1.4000000e+01   1.4758098e+02   4.7844902e+00  -4.7893601e+01  -7.6181638e+01   1.5141082e+01
   2.4000000e+01  -1.4000000e+01   1.3666967e+02   1.2218696e+01  -4.5902423e+01  -6.7919202e+01   6.1196916e+00
   2.4000000e+01  -1.4000000e+01   1.2587800e+02   1.8216328e+01  -4.2676809e+01  -6.0613158e+01  -2.1238080e+00
   2.4000000e+01  -1.4000000e+01   1.1546954e+02   2.3886524e+01  -3.6245509e+01  -5.2504889e+01  -9.6442474e+00
   2.4000000e+01  -1.4000000e+01   1.0722687e+02   2.7809999e+01  -2.7552524e+01  -4.4762023e+01  -1.7401013e+01
   2.4000000e+01  -1.4000000e+01   1.0114246e+02   3.0507748e+01  -1.9595904e+01  -3.7022398e+01  -2.1326186e+01
   2.4000000e+01  -1.4000000e+01   9.7680199e+01   3.0371823e+01  -1.3320789e+01  -3.1816897e+01  -2.0308083e+01
   2.4000000e+01  -1.4000000e+01   9.9871827e+01   2.7881914e+01  -1.4764834e+01  -3.1561797e+01  -1.4262374e+01
   2.4000000e+01  -1.4000000e+01   1.0377366e+02   2.5445750e+01  -1.7220281e+01  -3.3584050e+01  -7.6131219e+00
   2.4000000e+01  -1.4000000e+01   1.0765664e+02   2.3462178e+01  -2.0943756e+01  -3.5694156e+01  -1.1644098e+00
   2.4000000e+01  -1.4000000e+01   1.1107117e+02   2.3214162e+01  -2.5145014e+01  -3.8047663e+01   3.5097487e+00
   2.4000000e+01  -1.4000000e+01   1.1576983e+02   2.3213285e+01  -3.0281983e+01  -4.0991193e+01   9.2640722e+00
   2.4000000e+01  -1.4000000e+01   1.2126014e+02   2.3246941e+01  -3.5062522e+01  -4.4021518e+01   1.4875473e+01
   2.4000000e+01  -1.4000000e+01   1.2694260e+02   2.3608603e+01  -4.0488410e+01  -4.7171612e+01   1.9441430e+01
   2.4000000e+01  -1.4000000e+01   1.3175885e+02   2.3708717e+01  -4.4635018e+01  -5.0576123e+01   2.3843584e+01
   2.4000000e+01  -1.4000000e+01   1.3543619e+02   2.4375874e+01  -4.7640250e+01  -5.3109088e+01   2.6798723e+01
   2.4000000e+01  -1.4000000e+01   1.3827402e+02   2.4816179e+01  -4.9815524e+01  -5.5287556e+01   2.9166135e+01
   2.4000000e+01  -1.4000000e+01   1.4244864e+02   2.5608469e+01  -5.1417149e+01  -5.7616516e+01   3.0147096e+01
   2.4000000e+01  -1.4000000e+01   1.4518762e+02   2.4935104e+01  -5.1275332e+01  -6.0506428e+01   3.2810343e+01
   2.4000000e+01  -1.4000000e+01   1.5179167e+02   2.5522599e+01  -5.5218454e+01  -6.3432335e+01   3.6293399e+01
   2.4000000e+01  -1.4000000e+01   1.5893608e+02   2.6004101e+01  -5.9342183e+01  -6.6924199e+01   4.0416917e+01
   2.4000000e+01  -1.4000000e+01   1.6585382e+02   2.5932840e+01  -6.2093922e+01  -7.0705770e+01   4.4964188e+01
   2.4000000e+01  -1.4000000e+01   1.6950732e+02   2.5313529e+01  -6.2674291e+01  -7.3383521e+01   4.7229125e+01
   2.4000000e+01  -1.4000000e+01   1.6792232e+02   2.1822180e+01  -6.0411380e+01  -7.5126813e+01   5.2384597e+01
   2.4000000e+01  -1.4000000e+01   1.6582479e+02   1.9720000e+01  -5.9026475e+01  -7.6210662e+01   5.6954275e+01
   2.4000000e+01  -1.4000000e+01   1.7087484e+02   1.5138609e+01  -6.0334923e+01  -7.8065129e+01   6.2603199e+01
   2.4000000e+01  -1.4000000e+01   1.7542027e+02   1.1570272e+01  -6.2811080e+01  -7.9016304e+01   6.6781562e+01
   2.4000000e+01  -1.4000000e+01   1.7609217e+02   1.0038548e+01  -6.2007285e+01  -7.8980408e+01   6.9919458e+01
   2.4000000e+01  -1.4000000e+01   1.7198039e+02   7.9125191e+00  -6.1111666e+01  -7.9295554e+01   7.3436904e+01
   2.4000000e+01  -1.4000000e+01   1.7153727e+02   6.4548282e+00  -5.9731164e+01  -7.9254518e+01   7.8138573e+01
   2.4000000e+01  -1.4000000e+01   1.7248480e+02   7.0396027e+00  -5.8313788e+01  -7.8223016e+01   8.0751276e+01
   2.4000000e+01  -1.4000000e+01   1.7053829e+02   6.7710261e+00  -5.6920590e+01  -7.7541737e+01   8.1591234e+01
   2.4000000e+01  -1.4000000e+01   1.7108672e+02   5.5780069e+00  -5.5798902e+01  -7.7181162e+01   8.2004205e+01
   2.4000000e+01  -1.4000000e+01   1.7007271e+02   6.5050264e+00  -5.4509777e+01  -7.6018933e+01   8.1833780e+01
   2.4000000e+01  -1.4000000e+01   1.6631764e+02   6.5680396e+00  -5.2567010e+01  -7.5269842e+01   8.2773575e+01
   2.4000000e+01  -1.4000000e+01   1.5968698e+02   6.4982567e+00  -5.0699212e+01  -7.4600382e+01   8.3391327e+01
   2.4000000e+01  -1.4000000e+01   1.6053809e+02   4.8824389e+00  -4.5719623e+01  -7.5274028e+01   7.3889072e+01
   2.4000000e+01  -1.4000000e+01   1.5869003e+02   5.9523996e-01  -4.0644754e+01  -7.8449558e+01   6.3191860e+01
   2.4000000e+01  -1.4000000e+01   1.5239535e+02  -3.4964710e+00  -3.7941555e+01  -8.1974745e+01   5.1697820e+01
   2.4000000e+01  -1.4000000e+01   1.4800916e+02  -5.2805968e+00  -3.3249789e+01  -8.2665873e+01   3.9682364e+01
   2.4000000e+01  -1.4000000e+01   1.4124141e+02  -3.2136374e+00  -3.0309537e+01  -7.9740353e+01   2.7997873e+01
   2.4000000e+01  -1.4000000e+01   1.3178763e+02   9.7716197e-01  -2.7140780e+01  -7.4084967e+01   1.6628086e+01
   2.4000000e+01  -1.4000000e+01   1.2170316e+02   7.4079594e+00  -2.5176270e+01  -6.6198374e+01   5.9031395e+00
   2.4000000e+01  -1.4000000e+01   1.1166808e+02   1.3273250e+01  -2.1151119e+01  -5.8591195e+01  -4.2553374e+00
   2.4000000e+01  -1.4000000e+01   1.0306601e+02   1.8992749e+01  -1.5521878e+01  -5.0542929e+01  -1.2392324e+01
   2.4000000e+01  -1.4000000e+01   9.7671333e+01   2.3381836e+01  -8.1110902e+00  -4.2409303e+01  -2.1245215e+01
   2.4000000e+01  -1.4000000e+01   9.2706933e+01   2.6837958e+01  -2.8034022e-01  -3.5143521e+01  -2.7659533e+01
   2.4000000e+01  -1.4000000e+01   9.1617787e+01   3.1202572e+01   3.4383628e+00  -2.7722782e+01  -3.3315617e+01
   2.4000000e+01  -1.4000000e+01   9.3232515e+01   3.3969148e+01   2.5129981e+00  -2.1910389e+01  -3.6134578e+01
   2.4000000e+01  -1.4000000e+01   9.4966958e+01   3.3006417e+01  -6.9166615e-01  -2.1360686e+01  -3.4279451e+01
   2.4000000e+01  -1.4000000e+01   1.0087597e+02   2.9385753e+01  -8.6028557e+00  -2.3674598e+01  -2.6303797e+01
   2.4000000e+01  -1.4000000e+01   1.0461765e+02   2.5918385e+01  -1.3448527e+01  -2.5299822e+01  -1.9917253e+01
   2.4000000e+01  -1.4000000e+01   1.0968379e+02   2.3884486e+01  -1.9379841e+01  -2.8147379e+01  -1.3426130e+01
   2.4000000e+01  -1.4000000e+01   1.1526234e+02   2.2153205e+01  -2.4607540e+01  -3.0686920e+01  -7.0431537e+00
   2.4000000e+01  -1.4000000e+01   1.1941899e+02   2.1386253e+01  -2.6624306e+01  -3.4061913e+01  -2.6325064e+00
   2.4000000e+01  -1.4000000e+01   1.2468998e+02   2.0959121e+01  -3.1602121e+01  -3.7079347e+01   3.5713356e+00
   2.4000000e+01  -1.4000000e+01   1.2841000e+02   2.0771025e+01  -3.4339883e+01  -3.9173857e+01   7.2576478e+00
   2.4000000e+01  -1.4000000e+01   1.3311139e+02   2.1426520e+01  -3.9310131e+01  -4.1373811e+01   1.1309364e+01
   2.4000000e+01  -1.4000000e+01   1.3651266e+02   2.1796988e+01  -4.1893055e+01  -4.4109082e+01   1.4157155e+01
   2.4000000e+01  -1.4000000e+01   1.3871825e+02   2.1558214e+01  -4.4080600e+01  -4.7203913e+01   1.8678312e+01
   2.4000000e+01  -1.4000000e+01   1.4210353e+02   2.3007103e+01  -4.6494977e+01  -4.9696288e+01   2.0855631e+01
   2.4000000e+01  -1.4000000e+01   1.4396817e+02   2.2408106e+01  -4.5288509e+01  -5.2380015e+01   2.3141806e+01
   2.4000000e+01  -1.4000000e+01   1.4979121e+02   2.1600297e+01  -4.7895090e+01  -5.5314079e+01   2.8472690e+01
   2.4000000e+01  -1.4000000e+01   1.5639691e+02   2.2117921e+01  -5.1383677e+01  -5.7577025e+01   3.2274446e+01
   2.4000000e+01  -1.4000000e+01   1.6273210e+02   1.9513245e+01  -5.4264463e+01  -6.0801906e+01   3.6518919e+01
   2.4000000e+01  -1.4000000e+01   1.6954859e+02   1.9542946e+01  -5.8099911e+01  -6.3282280e+01   3.9042526e+01
   2.4000000e+01  -1.4000000e+01   1.7268442e+02   1.8211650e+01  -6.0564018e+01  -6.6068030e+01   4.4229296e+01
   2.4000000e+01  -1.4000000e+01   1.7324393e+02   1.6698850e+01  -5.9132066e+01  -6.7595192e+01   4.6314526e+01
   2.4000000e+01  -1.4000000e+01   1.7577154e+02   1.4589005e+01  -5.8535911e+01  -6.9665648e+01   5.0153351e+01
   2.4000000e+01  -1.4000000e+01   1.7531547e+02   1.2741265e+01  -5.6008547e+01  -7.0762043e+01   5.3756150e+01
   2.4000000e+01  -1.4000000e+01   1.7889069e+02   1.0813338e+01  -5.5676797e+01  -7.3327963e+01   5.6668706e+01
   2.4000000e+01  -1.4000000e+01   1.8179305e+02   9.6394796e+00  -5.5617629e+01  -7.5851347e+01   5.9218124e+01
   2.4000000e+01  -1.4000000e+01   1.8652399e+02   7.1932938e+00  -5.6150643e+01  -7.9323894e+01   6.3537901e+01
   2.4000000e+01  -1.4000000e+01   1.8697643e+02   7.2966835e+00  -5.6452335e+01  -8.0868839e+01   6.4557056e+01
   2.4000000e+01  -1.4000000e+01   1.8457995e+02   9.3519809e+00  -6.2148555e+01  -8.4833703e+01   6.0531127e+01
   2.4000000e+01  -1.4000000e+01   1.8209386e+02   4.4274992e+00  -6.7899943e+01  -8.4424506e+01   4.8948298e+01
   2.4000000e+01  -1.4000000e+01   1.7171856e+02   4.8377873e+00  -6.6637204e+01  -7.9845170e+01   3.6881002e+01
   2.4000000e+01  -1.4000000e+01   1.6116603e+02   8.2761828e+00  -6.9587807e+01  -7.3222694e+01   2.6218950e+01
   2.4000000e+01  -1.4000000e+01   1.4985142e+02   1.4452531e+01  -6.8326157e+01  -6.6224908e+01   1.8492846e+01
   2.4000000e+01  -1.4000000e+01   1.3881654e+02   2.0505616e+01  -6.4995561e+01  -5.9288392e+01   1.2516603e+01
   2.4000000e+01  -1.4000000e+01   1.2747728e+02   2.6434920e+01  -5.9252182e+01  -5.1760109e+01   5.2248910e+00
   2.4000000e+01  -1.4000000e+01   1.1665439e+02   2.9409385e+01  -5.1504202e+01  -4.5324170e+01  -3.5587282e+00
   2.4000000e+01  -1.4000000e+01   1.0778221e+02   3.0553181e+01  -4.2016139e+01  -3.8954687e+01  -1.3563963e+01
   2.4000000e+01  -1.4000000e+01   1.0374088e+02   2.8899256e+01  -3.2072911e+01  -3.3372031e+01  -2.3153015e+01
   2.4000000e+01  -1.4000000e+01   1.0029434e+02   2.9503242e+01  -2.3021812e+01  -2.6188335e+01  -2.9426393e+01
   2.4000000e+01  -1.4000000e+01   9.9236205e+01   2.9821238e+01  -1.8533451e+01  -2.2776028e+01  -2.9115473e+01
   2.4000000e+01  -1.4000000e+01   1.0089383e+02   2.7814014e+01  -1.8767966e+01  -2.2798412e+01  -2.5067147e+01
   2.4000000e+01  -1.4000000e+01   1.0530672e+02   2.5486011e+01  -2.2170607e+01  -2.4289774e+01  -1.8328797e+01
   2.4000000e+01  -1.4000000e+01   1.1000059e+02   2.4340187e+01  -2.6203652e+01  -2.6109923e+01  -1.3680522e+01
   2.4000000e+01  -1.4000000e+01   1.1404986e+02   2.3092720e+01  -2.8258172e+01  -2.8153448e+01  -9.2157172e+00
   2.4000000e+01  -1.4000000e+01   1.1787302e+02   2.3050063e+01  -3.1024268e+01  -2.9848402e+01  -5.2297826e+00
   2.4000000e+01  -1.4000000e+01   1.2185485e+02   2.2989003e+01  -3.4941969e+01  -3.2700994e+01   6.8831685e-02
   2.4000000e+01  -1.4000000e+01   1.2519889e+02   2.2983532e+01  -3.6455451e+01  -3.5077100e+01   3.8121544e+00
   2.4000000e+01  -1.4000000e+01   1.2922712e+02   2.2541715e+01  -3.8660432e+01  -3.7818718e+01   8.6041962e+00
   2.4000000e+01  -1.4000000e+01   1.3246652e+02   2.3609214e+01  -4.1180965e+01  -3.9969356e+01   1.0381775e+01
   2.4000000e+01  -1.4000000e+01   1.3534756e+02   2.3985443e+01  -4.3835889e+01  -4.2653501e+01   1.3273170e+01
   2.4000000e+01  -1.4000000e+01   1.3877585e+02   2.3662022e+01  -4.3971150e+01  -4.5938502e+01   1.6449631e+01
   2.4000000e+01  -1.4000000e+01   1.4275389e+02   2.4556255e+01  -4.5461072e+01  -4.9020822e+01   1.9289520e+01
   2.4000000e+01  -1.4000000e+01   1.4500148e+02   2.2753482e+01  -4.5390760e+01  -5.2044460e+01   2.3862232e+01
   2.4000000e+01  -1.4000000e+01   1.4736467e+02   1.9650930e+01  -4.4611890e+01  -5.4139082e+01   2.7760161e+01
   2.4000000e+01  -1.4000000e+01   1.5118371e+02   1.9096945e+01  -4.5773138e+01  -5.5206841e+01   3.1748883e+01
   2.4000000e+01  -1.4000000e+01   1.5902683e+02   1.8156546e+01  -4.9090239e+01  -5.8451679e+01   3.6198142e+01
   2.4000000e+01  -1.4000000e+01   1.6207174e+02   1.6077800e+01  -5.0676930e+01  -6.1292497e+01   3.9921181e+01
   2.4000000e+01  -1.4000000e+01   1.6291168e+02   1.4632900e+01  -4.8047840e+01  -6.3017965e+01   4.2812531e+01
   2.4000000e+01  -1.4000000e+01   1.6816085e+02   1.2501705e+01  -4.7810795e+01  -6.5401472e+01   4.8105126e+01
   2.4000000e+01  -1.4000000e+01   1.7517490e+02   9.3289649e+00  -4.9668829e+01  -6.9038068e+01   5.1784227e+01
   2.4000000e+01  -1.4000000e+01   1.7816811e+02   6.7382006e+00  -5.1051919e+01  -7.2396735e+01   5.4957148e+01
   2.4000000e+01  -1.4000000e+01   1.8188259e+02   4.0123616e+00  -5.1633655e+01  -7.6443391e+01   5.8325670e+01
   2.4000000e+01  -1.4000000e+01   1.8197095e+02   5.4925316e+00  -5.4712861e+01  -8.0886089e+01   5.4040547e+01
   2.4000000e+01  -1.4000000e+01   1.7589336e+02   3.3064758e+00  -5.6045118e+01  -8.3465467e+01   4.8975096e+01
   2.4000000e+01  -1.4000000e+01   1.7372729e+02   1.5665385e+00  -6.0097817e+01  -8.6009379e+01   3.9450284e+01
   2.4000000e+01  -1.4000000e+01   1.6649459e+02   2.5068951e+00  -6.0329364e+01  -8.3739853e+01   2.8657770e+01
   2.4000000e+01  -1.4000000e+01   1.5671459e+02   4.6002529e+00  -6.2756500e+01  -7.7948758e+01   1.7520872e+01
   2.4000000e+01  -1.4000000e+01   1.4532794e+02   1.1406441e+01  -6.3766266e+01  -7.0285821e+01   1.1099128e+01
   2.4000000e+01  -1.4000000e+01   1.3486832e+02   1.7463078e+01  -5.8899166e+01  -6.3440939e+01   5.1761346e+00
   2.4000000e+01  -1.4000000e+01   1.2486669e+02   2.0315961e+01  -5.2799402e+01  -5.8103747e+01  -1.9144885e+00
   2.4000000e+01  -1.4000000e+01   1.1591425e+02   2.2131145e+01  -4.4712252e+01  -5.2559903e+01  -9.4135930e+00
   2.4000000e+01  -1.4000000e+01   1.0850490e+02   2.3015465e+01  -3.5596575e+01  -4.7160625e+01  -1.7156278e+01
   2.4000000e+01  -1.4000000e+01   1.0237652e+02   2.3451226e+01  -2.6542486e+01  -4.2118791e+01  -2.4628191e+01
   2.4000000e+01  -1.4000000e+01   9.9047461e+01   2.5344160e+01  -1.8036695e+01  -3.6690673e+01  -2.9202751e+01
   2.4000000e+01  -1.4000000e+01   9.6357025e+01   2.7097390e+01  -1.1375570e+01  -3.1396505e+01  -3.2090652e+01
   2.4000000e+01  -1.4000000e+01   9.5675569e+01   3.0429523e+01  -1.1342430e+01  -2.6425377e+01  -2.8181669e+01
   2.4000000e+01  -1.4000000e+01   9.7865262e+01   2.9212605e+01  -1.3268518e+01  -2.5770106e+01  -2.2879860e+01
   2.4000000e+01  -1.4000000e+01   1.0208893e+02   2.6494367e+01  -1.8288052e+01  -2.7546116e+01  -1.5230743e+01
   2.4000000e+01  -1.4000000e+01   1.0658330e+02   2.4271412e+01  -2.2569144e+01  -2.9088975e+01  -9.5703112e+00
   2.4000000e+01  -1.4000000e+01   1.1073642e+02   2.3428887e+01  -2.5924395e+01  -3.1180895e+01  -5.0520532e+00
   2.4000000e+01  -1.4000000e+01   1.1502794e+02   2.2194515e+01  -2.9873481e+01  -3.3730599e+01   1.3131265e+00
   2.4000000e+01  -1.4000000e+01   1.1952361e+02   2.2621900e+01  -3.4346920e+01  -3.6374577e+01   6.0372845e+00
   2.4000000e+01  -1.4000000e+01   1.2238454e+02   2.3664525e+01  -3.7526557e+01  -3.8667771e+01   8.6792412e+00
   2.4000000e+01  -1.4000000e+01   1.2595567e+02   2.4186422e+01  -4.0165945e+01  -4.1410399e+01   1.2290063e+01
   2.4000000e+01  -1.4000000e+01   1.2916046e+02   2.4496080e+01  -4.3452633e+01  -4.4132992e+01   1.6624425e+01
   2.4000000e+01  -1.4000000e+01   1.3430247e+02   2.4982012e+01  -4.6684888e+01  -4.6802456e+01   2.0449467e+01
   2.4000000e+01  -1.4000000e+01   1.3842076e+02   2.5913266e+01  -4.9592641e+01  -4.9480888e+01   2.3205530e+01
   2.4000000e+01  -1.4000000e+01   1.3969665e+02   2.5659351e+01  -5.0075153e+01  -5.2887501e+01   2.6077502e+01
   2.4000000e+01  -1.4000000e+01   1.4332984e+02   2.6374693e+01  -5.0437772e+01  -5.5997021e+01   2.7455163e+01
   2.4000000e+01  -1.4000000e+01   1.4574591e+02   2.6285976e+01  -4.9194149e+01  -5.8829363e+01   2.9335707e+01
   2.4000000e+01  -1.4000000e+01   1.5054290e+02   2.6192467e+01  -5.1745526e+01  -6.1718870e+01   3.2392158e+01
   2.4000000e+01  -1.4000000e+01   1.5316725e+02   2.6072265e+01  -5.3178415e+01  -6.3826794e+01   3.5072705e+01
   2.4000000e+01  -1.4000000e+01   1.5908498e+02   2.5839003e+01  -5.5187503e+01  -6.6339732e+01   4.0350899e+01
   2.4000000e+01  -1.4000000e+01   1.6543061e+02   2.4116491e+01  -5.8803414e+01  -7.0088048e+01   4.4380807e+01
   2.4000000e+01  -1.4000000e+01   1.6997292e+02   2.1812307e+01  -5.9655767e+01  -7.2703855e+01   4.7084119e+01
   2.4000000e+01  -1.4000000e+01   1.7243919e+02   1.9577291e+01  -6.0455271e+01  -7.4678631e+01   5.2643000e+01
   2.4000000e+01  -1.4000000e+01   1.7106095e+02   1.8001584e+01  -5.9044956e+01  -7.6270003e+01   5.6787254e+01
   2.4000000e+01  -1.4000000e+01   1.7362098e+02   1.5648813e+01  -5.7456841e+01  -7.8540233e+01   6.0100022e+01
   2.4000000e+01  -1.4000000e+01   1.8065649e+02   1.1438517e+01  -6.0376012e+01  -8.2088213e+01   6.4599348e+01
   2.4000000e+01  -1.4000000e+01   1.8433738e+02   8.4540761e+00  -6.0230960e+01  -8.3563110e+01   6.7546125e+01
   2.4000000e+01  -1.4000000e+01   1.8315358e+02   6.6683238e+00  -5.7707520e+01  -8.2783835e+01   7.2657232e+01
   2.4000000e+01  -1.4000000e+01   1.8190953e+02   6.8195855e+00  -5.5904350e+01  -8.2089621e+01   7.5118334e+01
   2.4000000e+01  -1.4000000e+01   1.8637588e+02   6.6211778e+00  -6.3629997e+01  -8.4123626e+01   7.0293513e+01
   2.4000000e+01  -1.4000000e+01   1.7772854e+02   4.6050851e+00  -6.1582536e+01  -8.1784365e+01   6.3814884e+01
   2.4000000e+01  -1.4000000e+01   1.6622072e+02   3.9331539e+00  -6.1788653e+01  -7.8314813e+01   5.8706354e+01
   2.4000000e+01  -1.4000000e+01   1.5689432e+02   3.4485396e+00  -5.7714949e+01  -7.6191950e+01   4.6290365e+01
   2.4000000e+01  -1.4000000e+01   1.4966645e+02   2.8184365e+00  -5.7610030e+01  -7.3503549e+01   3.4413440e+01
   2.4000000e+01  -1.4000000e+01   1.4088883e+02   6.1774100e+00  -5.3736130e+01  -6.8450734e+01   2.3754884e+01
   2.4000000e+01  -1.4000000e+01   1.3185857e+02   1.0295791e+01  -4.9990114e+01  -6.3243299e+01   1.6436989e+01
   2.4000000e+01  -1.4000000e+01   1.2174476e+02   1.4987010e+01  -4.3183637e+01  -5.6793779e+01   7.1232882e+00
   2.4000000e+01  -1.4000000e+01   1.1190993e+02   1.9143001e+01  -3.5333154e+01  -5.0489093e+01  -7.1727304e-01
   2.4000000e+01  -1.4000000e+01   1.0456094e+02   2.0952232e+01  -2.6599402e+01  -4.4060788e+01  -9.0367152e+00
   2.4000000e+01  -1.4000000e+01   9.8043608e+01   2.3701806e+01  -1.8753695e+01  -3.6978278e+01  -1.4868800e+01
   2.4000000e+01  -1.4000000e+01   9.7669031e+01   2.8317690e+01  -1.4847770e+01  -2.9978717e+01  -1.6854942e+01
   2.4000000e+01  -1.4000000e+01   1.0071676e+02   2.7466289e+01  -1.8192442e+01  -2.8772369e+01  -1.3342233e+01
   2.4000000e+01  -1.4000000e+01   1.0490438e+02   2.5731151e+01  -2.2230472e+01  -3.0231119e+01  -8.0478795e+00
   2.4000000e+01  -1.4000000e+01   1.0891680e+02   2.3921035e+01  -2.5102518e+01  -3.2422688e+01  -2.9403290e+00
   2.4000000e+01  -1.4000000e+01   1.1323392e+02   2.2266940e+01  -2.7844799e+01  -3.4507359e+01   2.2036704e+00
   2.4000000e+01  -1.4000000e+01   1.1730351e+02   2.1160041e+01  -3.0649577e+01  -3.6333452e+01   6.8570048e+00
   2.4000000e+01  -1.4000000e+01   1.2052450e+02   2.1884021e+01  -3.3895782e+01  -3.8968071e+01   1.1375355e+01
   2.4000000e+01  -1.4000000e+01   1.2444570e+02   2.2732541e+01  -3.6869686e+01  -4.1519621e+01   1.5238592e+01
   2.4000000e+01  -1.4000000e+01   1.2939459e+02   2.2359363e+01  -3.9722627e+01  -4.4905565e+01   1.9475274e+01
   2.4000000e+01  -1.4000000e+01   1.3345902e+02   2.2699629e+01  -4.4117867e+01  -4.7718201e+01   2.3783629e+01
   2.4000000e+01  -1.4000000e+01   1.3631995e+02   2.2904813e+01  -4.6922551e+01  -5.0501873e+01   2.7653640e+01
   2.4000000e+01  -1.4000000e+01   1.4028082e+02   2.4170877e+01  -4.8645186e+01  -5.2899930e+01   2.9713000e+01
   2.4000000e+01  -1.4000000e+01   1.4580796e+02   2.4876464e+01  -5.0379256e+01  -5.5698466e+01   3.1260740e+01
   2.4000000e+01  -1.4000000e+01   1.4874363e+02   2.4183616e+01  -5.1117328e+01  -5.8512352e+01   3.3940937e+01
   2.4000000e+01  -1.4000000e+01   1.5096820e+02   2.2523812e+01  -4.9182062e+01  -6.0649951e+01   3.6066241e+01
   2.4000000e+01  -1.4000000e+01   1.5439128e+02   2.1636638e+01  -4.9615906e+01  -6.2266073e+01   4.0263702e+01
   2.4000000e+01  -1.4000000e+01   1.5856096e+02   2.0667180e+01  -5.2995491e+01  -6.4592249e+01   4.3950130e+01
   2.4000000e+01  -1.4000000e+01   1.6465298e+02   1.9582326e+01  -5.4553657e+01  -6.6697097e+01   4.7038325e+01
   2.4000000e+01  -1.4000000e+01   1.6984794e+02   1.6633830e+01  -5.4576077e+01  -6.9015656e+01   5.1089395e+01
   2.4000000e+01  -1.4000000e+01   1.7083286e+02   1.4421724e+01  -5.3575128e+01  -7.0266352e+01   5.5411218e+01
   2.4000000e+01  -1.4000000e+01   1.7384549e+02   1.0416235e+01  -5.2910306e+01  -7.2643588e+01   5.9549703e+01
   2.4000000e+01  -1.4000000e+01   1.7588587e+02   7.9229707e+00  -5.4847199e+01  -7.4355120e+01   6.4509436e+01
   2.4000000e+01  -1.4000000e+01   1.7774236e+02   4.6637111e+00  -5.1632452e+01  -7.5792691e+01   6.7127410e+01
   2.4000000e+01  -1.4000000e+01   1.8140446e+02   1.1597677e+00  -5.0779081e+01  -7.7371079e+01   7.0242799e+01
   2.4000000e+01  -1.4000000e+01   1.8388156e+02   2.8344639e+00  -5.0578542e+01  -7.7153030e+01   7.1895273e+01
   2.4000000e+01  -1.4000000e+01   1.8454217e+02   5.5298398e+00  -5.4070084e+01  -7.9660448e+01   6.7201368e+01
   2.4000000e+01  -1.4000000e+01   1.7763686e+02   2.5079771e+00  -6.0092535e+01  -8.1657507e+01   5.8179333e+01
   2.4000000e+01  -1.4000000e+01   1.7540582e+02   2.3810724e+00  -6.2693960e+01  -8.2943239e+01   4.8507431e+01
   2.4000000e+01  -1.4000000e+01   1.6742955e+02   2.0600197e+00  -6.0428240e+01  -8.1689020e+01   3.6978321e+01
   2.4000000e+01  -1.4000000e+01   1.5857812e+02   3.3586481e+00  -6.1528697e+01  -7.6011008e+01   2.5169751e+01
   2.4000000e+01  -1.4000000e+01   1.4827180e+02   8.8224830e+00  -6.4174597e+01  -6.9235018e+01   1.7761250e+01
   2.4000000e+01  -1.4000000e+01   1.3800969e+02   1.4388339e+01  -6.1190910e+01  -6.2977424e+01   1.0421622e+01
   2.4000000e+01  -1.4000000e+01   1.2795162e+02   1.7832747e+01  -5.6409710e+01  -5.7471556e+01   2.7904802e+00
   2.4000000e+01  -1.4000000e+01   1.1900479e+02   2.0180341e+01  -4.9394752e+01  -5.2098498e+01  -4.0116074e+00
   2.4000000e+01  -1.4000000e+01   1.1118870e+02   2.0778929e+01  -4.0584931e+01  -4.7525087e+01  -1.3080386e+01
   2.4000000e+01  -1.4000000e+01   1.0494808e+02   2.0347691e+01  -3.1211375e+01  -4.3602101e+01  -2.2059836e+01
   2.4000000e+01  -1.4000000e+01   9.9480139e+01   2.1925134e+01  -2.2461498e+01  -3.7507387e+01  -2.9377388e+01
   2.4000000e+01  -1.4000000e+01   9.5768840e+01   2.5346077e+01  -1.4262708e+01  -3.0889641e+01  -3.4150911e+01
   2.4000000e+01  -1.4000000e+01   9.3612645e+01   3.0423357e+01  -1.2280624e+01  -2.4300161e+01  -3.0309788e+01
   2.4000000e+01  -1.4000000e+01   9.5285937e+01   2.9707123e+01  -1.2345380e+01  -2.3251098e+01  -2.4714466e+01
   2.4000000e+01  -1.4000000e+01   9.9331576e+01   2.7734985e+01  -1.7130068e+01  -2.5258522e+01  -1.7629839e+01
   2.4000000e+01  -1.4000000e+01   1.0281247e+02   2.6849088e+01  -2.0593819e+01  -2.7390519e+01  -1.2820407e+01
   2.4000000e+01  -1.4000000e+01   1.0566625e+02   2.5012712e+01  -2.3794143e+01  -2.9397116e+01  -7.5161528e+00
   2.4000000e+01  -1.4000000e+01   1.1000153e+02   2.4450741e+01  -2.7335434e+01  -3.1840644e+01  -3.8072283e+00
   2.4000000e+01  -1.4000000e+01   1.1456540e+02   2.4339570e+01  -3.2426314e+01  -3.4626631e+01   1.1000885e+00
   2.4000000e+01  -1.4000000e+01   1.1911824e+02   2.4567381e+01  -3.7310546e+01  -3.7283811e+01   6.5543514e+00
   2.4000000e+01  -1.4000000e+01   1.2245640e+02   2.5503307e+01  -4.0723863e+01  -3.9274398e+01   9.3274623e+00
   2.4000000e+01  -1.4000000e+01   1.2727323e+02   2.6181764e+01  -4.4064045e+01  -4.1792368e+01   1.2900577e+01
   2.4000000e+01  -1.4000000e+01   1.3159961e+02   2.6702756e+01  -4.7392065e+01  -4.4450566e+01   1.6617705e+01
   2.4000000e+01  -1.4000000e+01   1.3393241e+02   2.5546461e+01  -4.8119546e+01  -4.7621816e+01   2.1395430e+01
   2.4000000e+01  -1.4000000e+01   1.3756690e+02   2.6519921e+01  -4.9090786e+01  -4.9995820e+01   2.3576346e+01
   2.4000000e+01  -1.4000000e+01   1.4196926e+02   2.5985472e+01  -4.9717714e+01  -5.3320473e+01   2.6580167e+01
   2.4000000e+01  -1.4000000e+01   1.4457991e+02   2.3195467e+01  -4.9200121e+01  -5.6268619e+01   3.0891396e+01
   2.4000000e+01  -1.4000000e+01   1.5008903e+02   2.1767445e+01  -5.0252773e+01  -5.7800808e+01   3.2919927e+01
   2.4000000e+01  -1.4000000e+01   1.5427277e+02   1.9351518e+01  -5.1448866e+01  -5.9074767e+01   3.6511779e+01
   2.4000000e+01  -1.4000000e+01   1.5994746e+02   1.8102171e+01  -5.3645422e+01  -6.0501856e+01   3.9513950e+01
   2.4000000e+01  -1.4000000e+01   1.6530306e+02   1.5790892e+01  -5.5625601e+01  -6.2790743e+01   4.2169453e+01
   2.4000000e+01  -1.4000000e+01   1.7060845e+02   1.3235302e+01  -5.6114476e+01  -6.4942791e+01   4.6130537e+01
   2.4000000e+01  -1.4000000e+01   1.7227095e+02   1.1392467e+01  -5.5707356e+01  -6.6267642e+01   5.0300274e+01
   2.4000000e+01  -1.4000000e+01   1.7509790e+02   1.0136274e+01  -5.5715317e+01  -6.8585377e+01   5.4355668e+01
   2.4000000e+01  -1.4000000e+01   1.7948527e+02   8.0858656e+00  -5.6390754e+01  -7.2197483e+01   5.8620401e+01
   2.4000000e+01  -1.4000000e+01   1.8380981e+02   6.8124303e+00  -5.6403964e+01  -7.5314590e+01   6.1110998e+01
   2.4000000e+01  -1.4000000e+01   1.8619189e+02   6.3039529e+00  -5.6806352e+01  -7.8152767e+01   6.3109054e+01
   2.4000000e+01  -1.4000000e+01   1.8487898e+02   7.8868777e+00  -5.8609224e+01  -8.1736885e+01   6.5715354e+01
   2.4000000e+01  -1.4000000e+01   1.7991097e+02   6.4821566e+00  -6.3123556e+01  -8.5165189e+01   6.0103782e+01
   2.4000000e+01  -1.4000000e+01   1.7557273e+02   7.1822373e+00  -6.2630513e+01  -8.5666057e+01   5.1971932e+01
   2.4000000e+01  -1.4000000e+01   1.6737084e+02   5.6711947e+00  -5.6532551e+01  -8.3614176e+01   4.0274696e+01
   2.4000000e+01  -1.4000000e+01   1.5890407e+02   4.3517545e+00  -5.4117682e+01  -7.9801892e+01   2.8181730e+01
   2.4000000e+01  -1.4000000e+01   1.5098788e+02   6.2495206e+00  -5.3495822e+01  -7.3951961e+01   1.6741047e+01
   2.4000000e+01  -1.4000000e+01   1.4002808e+02   1.2143187e+01  -5.2988756e+01  -6.7186176e+01   8.2043978e+00
   2.4000000e+01  -1.4000000e+01   1.2949819e+02   1.7321917e+01  -5.0317475e+01  -6.0626910e+01   3.2604216e+00
   2.4000000e+01  -1.4000000e+01   1.1969078e+02   2.0621648e+01  -4.4188849e+01  -5.4897608e+01  -2.7324625e+00
   2.4000000e+01  -1.4000000e+01   1.1137233e+02   2.3010800e+01  -3.5024468e+01  -4.8134389e+01  -1.1718145e+01
   2.4000000e+01  -1.4000000e+01   1.0532562e+02   2.5362503e+01  -2.5718292e+01  -4.1210658e+01  -1.9684769e+01
   2.4000000e+01  -1.4000000e+01   1.0058771e+02   2.8607506e+01  -1.8448993e+01  -3.4276147e+01  -2.3314531e+01
   2.4000000e+01  -1.4000000e+01   1.0171312e+02   3.2609673e+01  -1.5659428e+01  -2.8922681e+01  -2.3156705e+01
   2.4000000e+01  -1.4000000e+01   1.0698041e+02   3.0473749e+01  -1.9952268e+01  -3.0879198e+01  -1.7683750e+01
   2.4000000e+01  -1.4000000e+01   1.1171737e+02   2.8453855e+01  -2.4206309e+01  -3.2722627e+01  -1.2598202e+01
   2.4000000e+01  -1.4000000e+01   1.1533891e+02   2.7061264e+01  -2.6389290e+01  -3.4259489e+01  -7.6571433e+00
   2.4000000e+01  -1.4000000e+01   1.1757646e+02   2.5743557e+01  -2.7726966e+01  -3.5619651e+01  -3.2055228e+00
   2.4000000e+01  -1.4000000e+01   1.2103943e+02   2.4949878e+01  -3.0206257e+01  -3.7693493e+01   1.4583850e+00
   2.4000000e+01  -1.4000000e+01   1.2318486e+02   2.4686445e+01  -3.1383100e+01  -3.9636816e+01   4.6417281e+00
   2.4000000e+01  -1.4000000e+01   1.2698224e+02   2.3696038e+01  -3.3479349e+01  -4.1663785e+01   9.0358862e+00
   2.4000000e+01  -1.4000000e+01   1.3088798e+02   2.4208463e+01  -3.7307069e+01  -4.3494369e+01   1.1747315e+01
   2.4000000e+01  -1.4000000e+01   1.3496300e+02   2.3648699e+01  -4.0194639e+01  -4.6125403e+01   1.6965279e+01
   2.4000000e+01  -1.4000000e+01   1.3768867e+02   2.3799205e+01  -4.1055291e+01  -4.8038250e+01   1.9178317e+01
   2.4000000e+01  -1.4000000e+01   1.4121190e+02   2.4245925e+01  -4.2546364e+01  -5.0229547e+01   2.2375130e+01
   2.4000000e+01  -1.4000000e+01   1.4540814e+02   2.2989631e+01  -4.4937604e+01  -5.3179854e+01   2.6201884e+01
   2.4000000e+01  -1.4000000e+01   1.4942183e+02   2.0142696e+01  -4.5192857e+01  -5.5141701e+01   2.9574328e+01
   2.4000000e+01  -1.4000000e+01   1.5145203e+02   1.9144906e+01  -4.4344394e+01  -5.5522909e+01   3.1660327e+01
   2.4000000e+01  -1.4000000e+01   1.5441762e+02   1.8725490e+01  -4.5969996e+01  -5.6732406e+01   3.5596131e+01
   2.4000000e+01  -1.4000000e+01   1.5607875e+02   1.6514312e+01  -4.5529144e+01  -5.8405196e+01   3.7887716e+01
   2.4000000e+01  -1.4000000e+01   1.5855497e+02   1.5223486e+01  -4.4753474e+01  -5.9596058e+01   4.0857392e+01
   2.4000000e+01  -1.4000000e+01   1.5867485e+02   1.3772926e+01  -4.3982700e+01  -6.0858052e+01   4.4088027e+01
   2.4000000e+01  -1.4000000e+01   1.6312485e+02   1.1488918e+01  -4.5027823e+01  -6.2681911e+01   4.9238477e+01
   2.4000000e+01  -1.4000000e+01   1.6943694e+02   9.2906028e+00  -4.4934357e+01  -6.4591012e+01   5.2116695e+01
   2.4000000e+01  -1.4000000e+01   1.7493315e+02   6.3577929e+00  -4.8100502e+01  -6.8116697e+01   5.6913253e+01
   2.4000000e+01  -1.4000000e+01   1.7947213e+02   1.9121445e+00  -5.1619790e+01  -7.2659434e+01   6.2533394e+01
   2.4000000e+01  -1.4000000e+01   1.8133969e+02  -8.3904065e-01  -4.9828331e+01  -7.5055189e+01   6.3868708e+01
   2.4000000e+01  -1.4000000e+01   1.8209522e+02   1.7215427e+00  -4.9752380e+01  -7.5628805e+01   6.5293472e+01
   2.4000000e+01  -1.4000000e+01   1.8276187e+02   5.3709013e+00  -5.4277494e+01  -7.9472299e+01   5.9959677e+01
   2.4000000e+01  -1.4000000e+01   1.7791253e+02   5.7570845e+00  -5.9767947e+01  -8.2637946e+01   5.2289227e+01
   2.4000000e+01  -1.4000000e+01   1.7720551e+02   9.4389975e+00  -6.3644488e+01  -8.3869378e+01   4.0261955e+01
   2.4000000e+01  -1.4000000e+01   1.6580555e+02   1.0472706e+01  -6.2533976e+01  -7.9571602e+01   2.9277876e+01
   2.4000000e+01  -1.4000000e+01   1.5544986e+02   1.4484146e+01  -6.2612038e+01  -7.3023767e+01   2.3938440e+01
   2.4000000e+01  -1.4000000e+01   1.4490646e+02   1.9677827e+01  -6.1602837e+01  -6.7524196e+01   1.7013542e+01
   2.4000000e+01  -1.4000000e+01   1.3481369e+02   2.3188600e+01  -5.8424000e+01  -6.2613173e+01   1.2530584e+01
   2.4000000e+01  -1.4000000e+01   1.2473235e+02   2.6246219e+01  -5.3066581e+01  -5.7367798e+01   4.9314634e+00
   2.4000000e+01  -1.4000000e+01   1.1798453e+02   2.6508691e+01  -4.5633537e+01  -5.4082379e+01  -1.3179128e+00
   2.4000000e+01  -1.4000000e+01   1.1151026e+02   2.6381775e+01  -3.7780082e+01  -5.0786090e+01  -8.1387592e+00
   2.4000000e+01  -1.4000000e+01   1.0545315e+02   2.5876501e+01  -2.9521082e+01  -4.6058276e+01  -1.5191804e+01
   2.4000000e+01  -1.4000000e+01   1.0131045e+02   2.5043627e+01  -2.2155295e+01  -4.1933808e+01  -1.9629194e+01
   2.4000000e+01  -1.4000000e+01   9.9419099e+01   2.6165168e+01  -1.7531900e+01  -3.7461520e+01  -2.2797106e+01
   2.4000000e+01  -1.4000000e+01   1.0153855e+02   3.0697531e+01  -1.9814570e+01  -3.2688453e+01  -2.0073165e+01
   2.4000000e+01  -1.4000000e+01   1.0508286e+02   3.1124606e+01  -2.2530302e+01  -3.2280501e+01  -1.5643054e+01
   2.4000000e+01  -1.4000000e+01   1.0857053e+02   3.0780988e+01  -2.5774850e+01  -3.4558253e+01  -1.1619362e+01
   2.4000000e+01  -1.4000000e+01   1.1293705e+02   2.9647624e+01  -2.8995305e+01  -3.7413802e+01  -6.5151436e+00
   2.4000000e+01  -1.4000000e+01   1.1659959e+02   2.9172366e+01  -3.2599733e+01  -3.9737543e+01  -1.0681436e+00
   2.4000000e+01  -1.4000000e+01   1.2061512e+02   2.8972424e+01  -3.5572546e+01  -4.2019142e+01   3.6398258e+00
   2.4000000e+01  -1.4000000e+01   1.2289776e+02   2.9114790e+01  -3.7541517e+01  -4.4151213e+01   7.1653066e+00
   2.4000000e+01  -1.4000000e+01   1.2505401e+02   2.9192937e+01  -4.0230890e+01  -4.6397289e+01   1.1729533e+01
   2.4000000e+01  -1.4000000e+01   1.2830834e+02   2.9368799e+01  -4.2495219e+01  -4.8591485e+01   1.4886835e+01
   2.4000000e+01  -1.4000000e+01   1.3057720e+02   2.9993076e+01  -4.5046198e+01  -5.0445163e+01   1.6883672e+01
   2.4000000e+01  -1.4000000e+01   1.3424204e+02   3.0677032e+01  -4.7575922e+01  -5.2555365e+01   2.0174505e+01
   2.4000000e+01  -1.4000000e+01   1.3728323e+02   3.2176839e+01  -5.0643805e+01  -5.4573843e+01   2.2740656e+01
   2.4000000e+01  -1.4000000e+01   1.3838981e+02   3.2759416e+01  -5.1374827e+01  -5.7345483e+01   2.5535662e+01
   2.4000000e+01  -1.4000000e+01   1.4087756e+02   3.4594909e+01  -5.2210161e+01  -5.9848277e+01   2.6676224e+01
   2.4000000e+01  -1.4000000e+01   1.4193134e+02   3.4784467e+01  -5.2221281e+01  -6.3445571e+01   2.9768345e+01
   2.4000000e+01  -1.4000000e+01   1.4490863e+02   3.4786001e+01  -5.3906601e+01  -6.6986577e+01   3.3435065e+01
   2.4000000e+01  -1.4000000e+01   1.4735095e+02   3.3376069e+01  -5.3529491e+01  -6.9946594e+01   3.5466713e+01
   2.4000000e+01  -1.4000000e+01   1.5211743e+02   3.3007094e+01  -5.3564529e+01  -7.1643649e+01   3.7847513e+01
   2.4000000e+01  -1.4000000e+01   1.5467950e+02   3.2781795e+01  -5.3892286e+01  -7.2998577e+01   3.9898283e+01
   2.4000000e+01  -1.4000000e+01   1.5808889e+02   3.1804835e+01  -5.5732256e+01  -7.5627914e+01   4.4067700e+01
   2.4000000e+01  -1.4000000e+01   1.6219156e+02   2.7660962e+01  -5.5082401e+01  -7.7769111e+01   4.7144091e+01
   2.4000000e+01  -1.4000000e+01   1.6685687e+02   2.4781608e+01  -5.6112418e+01  -7.9314298e+01   4.9250982e+01
   2.4000000e+01  -1.4000000e+01   1.6741929e+02   2.2904200e+01  -5.5142691e+01  -7.9407914e+01   5.3660934e+01
   2.4000000e+01  -1.4000000e+01   1.7137422e+02   2.0028308e+01  -5.4558132e+01  -8.0579472e+01   5.8869318e+01
   2.4000000e+01  -1.4000000e+01   1.7689413e+02   1.5870007e+01  -5.8938990e+01  -8.3319095e+01   6.3869651e+01
   2.4000000e+01  -1.4000000e+01   1.7659629e+02   1.2116799e+01  -5.5930051e+01  -8.3892253e+01   6.5927242e+01
   2.4000000e+01  -1.4000000e+01   1.8108690e+02   7.8526748e+00  -5.4235455e+01  -8.5471887e+01   7.0349046e+01
   2.4000000e+01  -1.4000000e+01   1.8133486e+02   7.3659225e+00  -4.9407684e+01  -8.4177826e+01   7.1789854e+01
   2.4000000e+01  -1.4000000e+01   1.7909106e+02   6.6708617e+00  -4.7626737e+01  -8.3828013e+01   7.5933599e+01
   2.4000000e+01  -1.4000000e+01   1.8239633e+02   9.3481546e+00  -4.5318265e+01  -8.3669928e+01   7.6767229e+01
   2.4000000e+01  -1.4000000e+01   1.8352657e+02   1.0440280e+01  -4.3573347e+01  -8.4641586e+01   7.7008024e+01
   2.4000000e+01  -1.4000000e+01   1.8145810e+02   1.1457891e+01  -4.2796965e+01  -8.5498349e+01   7.7918323e+01
   2.4000000e+01  -1.4000000e+01   1.8528185e+02   1.2715303e+01  -4.3789865e+01  -8.6956637e+01   7.4518471e+01
   2.4000000e+01  -1.4000000e+01   1.8110148e+02   8.9200593e+00  -5.3816287e+01  -9.1840409e+01   6.4685861e+01
   2.4000000e+01  -1.4000000e+01   1.7350439e+02   6.5082603e+00  -6.1294709e+01  -9.1364551e+01   5.3148459e+01
   2.4000000e+01  -1.4000000e+01   1.7048558e+02   5.6777151e+00  -5.9150736e+01  -8.9144330e+01   4.1070215e+01
   2.4000000e+01  -1.4000000e+01   1.6049056e+02   7.6581234e+00  -5.5320873e+01  -8.3558627e+01   2.9116432e+01
   2.4000000e+01  -1.4000000e+01   1.4922982e+02   1.2599945e+01  -5.3112070e+01  -7.5671214e+01   1.7782116e+01
   2.4000000e+01  -1.4000000e+01   1.3814599e+02   1.8018606e+01  -5.1292066e+01  -6.7855825e+01   8.8956544e+00
   2.4000000e+01  -1.4000000e+01   1.2772368e+02   2.1439920e+01  -4.4471876e+01  -6.0643722e+01  -1.4546394e+00
   2.4000000e+01  -1.4000000e+01   1.1884421e+02   2.3096144e+01  -3.6395319e+01  -5.3564183e+01  -1.0382429e+01
   2.4000000e+01  -1.4000000e+01   1.1042218e+02   2.5393571e+01  -2.7879569e+01  -4.5973641e+01  -1.9222933e+01
   2.4000000e+01  -1.4000000e+01   1.0433787e+02   2.8099872e+01  -1.8902281e+01  -3.8312651e+01  -2.7426710e+01
   2.4000000e+01  -1.4000000e+01   9.9831854e+01   3.2488935e+01  -1.0966473e+01  -3.0427490e+01  -3.2037628e+01
   2.4000000e+01  -1.4000000e+01   9.7568962e+01   3.3904259e+01  -7.4305235e+00  -2.6196974e+01  -2.9732134e+01
   2.4000000e+01  -1.4000000e+01   1.0200919e+02   3.0608662e+01  -1.0896729e+01  -2.7626526e+01  -2.3372407e+01
   2.4000000e+01  -1.4000000e+01   1.0639244e+02   2.7161537e+01  -1.6223851e+01  -2.9762564e+01  -1.6034163e+01
   2.4000000e+01  -1.4000000e+01   1.1258866e+02   2.5247650e+01  -2.1940374e+01  -3.2908474e+01  -9.2493943e+00
   2.4000000e+01  -1.4000000e+01   1.1830540e+02   2.4792777e+01  -2.7307581e+01  -3.6849034e+01  -2.7238752e+00
   2.4000000e+01  -1.4000000e+01   1.2308796e+02   2.4379603e+01  -3.2469109e+01  -3.9657188e+01   3.5719010e+00
   2.4000000e+01  -1.4000000e+01   1.2795757e+02   2.4177226e+01  -3.4892127e+01  -4.2323402e+01   7.5652622e+00
   2.4000000e+01  -1.4000000e+01   1.3305968e+02   2.3334107e+01  -3.8154589e+01  -4.5757877e+01   1.2888987e+01
   2.4000000e+01  -1.4000000e+01   1.3865619e+02   2.3289576e+01  -4.1985326e+01  -4.8951353e+01   1.7934300e+01
   2.4000000e+01  -1.4000000e+01   1.4152283e+02   2.1998677e+01  -4.2774022e+01  -5.1254152e+01   2.0874139e+01
   2.4000000e+01  -1.4000000e+01   1.4788917e+02   2.1096348e+01  -4.5061752e+01  -5.3582581e+01   2.5165014e+01
   2.4000000e+01  -1.4000000e+01   1.5126855e+02   1.8365422e+01  -4.5235502e+01  -5.5701933e+01   2.8844214e+01
   2.4000000e+01  -1.4000000e+01   1.5663289e+02   1.6705434e+01  -4.7531516e+01  -5.7450437e+01   3.3635140e+01
   2.4000000e+01  -1.4000000e+01   1.6116709e+02   1.6703043e+01  -4.9700773e+01  -5.9599402e+01   3.6607315e+01
   2.4000000e+01  -1.4000000e+01   1.6258151e+02   1.6058693e+01  -4.9068646e+01  -6.2027374e+01   3.9499517e+01
   2.4000000e+01  -1.4000000e+01   1.6873632e+02   1.2670866e+01  -4.9210552e+01  -6.4750798e+01   4.4896602e+01
   2.4000000e+01  -1.4000000e+01   1.6955446e+02   1.0543568e+01  -4.9627296e+01  -6.6079264e+01   5.0163223e+01
   2.4000000e+01  -1.4000000e+01   1.7476123e+02   7.8524359e+00  -5.0766993e+01  -6.8871283e+01   5.5302428e+01
   2.4000000e+01  -1.4000000e+01   1.7668571e+02   5.3076972e+00  -5.1883343e+01  -7.1576697e+01   6.0361028e+01
   2.4000000e+01  -1.4000000e+01   1.7653983e+02   3.3960418e+00  -5.2216563e+01  -7.3254850e+01   6.5439837e+01
   2.4000000e+01  -1.4000000e+01   1.7790006e+02  -2.7604181e-01  -5.2139476e+01  -7.5580290e+01   6.9292412e+01
   2.4000000e+01  -1.4000000e+01   1.8004250e+02  -2.1889566e+00  -5.2129012e+01  -7.6187290e+01   7.4437476e+01
   2.4000000e+01  -1.4000000e+01   1.7951442e+02  -2.9058928e+00  -5.0281901e+01  -7.5826236e+01   7.6023133e+01
   2.4000000e+01  -1.4000000e+01   1.8030785e+02  -2.0628922e+00  -4.8884819e+01  -7.4870368e+01   7.6332482e+01
   2.4000000e+01  -1.4000000e+01   1.8334774e+02   2.4760257e-02  -4.7831475e+01  -7.5147997e+01   7.3834657e+01
   2.4000000e+01  -1.4000000e+01   1.8558576e+02   2.6415539e+00  -5.1680866e+01  -7.8560151e+01   6.7434978e+01
   2.4000000e+01  -1.4000000e+01   1.8035982e+02   1.6274928e+00  -5.9743941e+01  -8.1946002e+01   5.5992228e+01
   2.4000000e+01  -1.4000000e+01   1.7972497e+02   6.4126685e+00  -6.4496069e+01  -8.3030365e+01   4.4410174e+01
   2.4000000e+01  -1.4000000e+01   1.6818708e+02   7.0489124e+00  -6.5698936e+01  -7.8091760e+01   3.2657171e+01
   2.4000000e+01  -1.4000000e+01   1.5646921e+02   1.3759218e+01  -6.8212467e+01  -7.0408807e+01   2.4196621e+01
   2.4000000e+01  -1.4000000e+01   1.4509255e+02   1.9014656e+01  -6.7924815e+01  -6.4210443e+01   1.8478086e+01
   2.4000000e+01  -1.4000000e+01   1.3370448e+02   2.5307123e+01  -6.3454474e+01  -5.6897587e+01   1.0769069e+01
   2.4000000e+01  -1.4000000e+01   1.2393525e+02   2.7064751e+01  -5.6852985e+01  -5.2408963e+01   3.2444982e+00
   2.4000000e+01  -1.4000000e+01   1.1545206e+02   2.7382086e+01  -4.8818944e+01  -4.8535328e+01  -4.7303302e+00
   2.4000000e+01  -1.4000000e+01   1.0993494e+02   2.6693081e+01  -3.9988529e+01  -4.4803521e+01  -1.3128710e+01
   2.4000000e+01  -1.4000000e+01   1.0540211e+02   2.4970427e+01  -3.0816263e+01  -4.0772779e+01  -2.1607093e+01
   2.4000000e+01  -1.4000000e+01   1.0047085e+02   2.4997188e+01  -2.1914493e+01  -3.5254883e+01  -2.8514323e+01
   2.4000000e+01  -1.4000000e+01   9.7771175e+01   2.6990957e+01  -1.3612371e+01  -2.8769985e+01  -3.3264113e+01
   2.4000000e+01  -1.4000000e+01   9.6116957e+01   3.0624369e+01  -1.0688760e+01  -2.3995832e+01  -3.0763936e+01
   2.4000000e+01  -1.4000000e+01   9.8167794e+01   2.9775622e+01  -1.1638343e+01  -2.4736781e+01  -2.7004994e+01
   2.4000000e+01  -1.4000000e+01   1.0339816e+02   2.7676511e+01  -1.7996944e+01  -2.7438304e+01  -1.9798370e+01
   2.4000000e+01  -1.4000000e+01   1.0630476e+02   2.5794566e+01  -2.1986179e+01  -2.9376928e+01  -1.3607090e+01
   2.4000000e+01  -1.4000000e+01   1.1147842e+02   2.4593011e+01  -2.7334669e+01  -3.2116251e+01  -7.5766345e+00
   2.4000000e+01  -1.4000000e+01   1.1483146e+02   2.3623526e+01  -3.0217995e+01  -3.4406422e+01  -3.1727971e+00
   2.4000000e+01  -1.4000000e+01   1.1885491e+02   2.3532094e+01  -3.3898666e+01  -3.6528062e+01   1.2218888e+00
   2.4000000e+01  -1.4000000e+01   1.2224219e+02   2.5519030e+01  -3.6922376e+01  -3.9226826e+01   4.3210160e+00
   2.4000000e+01  -1.4000000e+01   1.2475376e+02   2.5825367e+01  -3.8953847e+01  -4.1745617e+01   8.0897728e+00
   2.4000000e+01  -1.4000000e+01   1.2733472e+02   2.6981046e+01  -4.1725226e+01  -4.3645846e+01   1.0913767e+01
   2.4000000e+01  -1.4000000e+01   1.2971049e+02   2.7310811e+01  -4.4141854e+01  -4.5697184e+01   1.5256779e+01
   2.4000000e+01  -1.4000000e+01   1.3104396e+02   2.7150003e+01  -4.5716808e+01  -4.7841448e+01   1.8951644e+01
   2.4000000e+01  -1.4000000e+01   1.3480288e+02   2.7408962e+01  -4.7477479e+01  -5.0030401e+01   2.1310493e+01
   2.4000000e+01  -1.4000000e+01   1.3457921e+02   2.7844045e+01  -4.7345169e+01  -5.1518504e+01   2.2211554e+01
   2.4000000e+01  -1.4000000e+01   1.3552868e+02   2.7791457e+01  -4.7463359e+01  -5.3362340e+01   2.3823938e+01
   2.4000000e+01  -1.4000000e+01   1.3695852e+02   2.8507558e+01  -4.7079664e+01  -5.4460294e+01   2.4286041e+01
   2.4000000e+01  -1.4000000e+01   1.3994928e+02   2.7894605e+01  -4.7668430e+01  -5.6878382e+01   2.6999849e+01
   2.4000000e+01  -1.4000000e+01   1.4497001e+02   2.7041500e+01  -4.9005482e+01  -5.9792771e+01   3.0426364e+01
   2.4000000e+01  -1.4000000e+01   1.4901568e+02   2.6255227e+01  -4.9993173e+01  -6.2253869e+01   3.2487134e+01
   2.4000000e+01  -1.4000000e+01   1.5380521e+02   2.2906451e+01  -5.3012784e+01  -6.5419180e+01   3.7318445e+01
   2.4000000e+01  -1.4000000e+01   1.6134300e+02   2.2307086e+01  -5.8075026e+01  -6.7768859e+01   4.1967886e+01
   2.4000000e+01  -1.4000000e+01   1.6548752e+02   2.0708492e+01  -6.0079641e+01  -6.9958715e+01   4.6577542e+01
   2.4000000e+01  -1.4000000e+01   1.6958398e+02   1.8269481e+01  -6.2397424e+01  -7.2139818e+01   5.0990636e+01
   2.4000000e+01  -1.4000000e+01   1.7107000e+02   1.6653540e+01  -6.1419490e+01  -7.3040587e+01   5.3720354e+01
   2.4000000e+01  -1.4000000e+01   1.7341648e+02   1.4751521e+01  -6.0707411e+01  -7.4184894e+01   5.7693980e+01
   2.4000000e+01  -1.4000000e+01   1.7639463e+02   1.2297204e+01  -6.1580776e+01  -7.6743436e+01   6.1630123e+01
   2.4000000e+01  -1.4000000e+01   1.7974349e+02   9.4681119e+00  -6.3401868e+01  -7.9381872e+01   6.6017385e+01
   2.4000000e+01  -1.4000000e+01   1.8095018e+02   7.5441933e+00  -5.9638952e+01  -8.0008606e+01   6.7519290e+01
   2.4000000e+01  -1.4000000e+01   1.8174160e+02   7.0459658e+00  -5.7020032e+01  -8.0076734e+01   7.0818216e+01
   2.4000000e+01  -1.4000000e+01   1.8325500e+02   6.9975209e+00  -5.5184047e+01  -8.0592810e+01   7.2696622e+01
   2.4000000e+01  -1.4000000e+01   1.8824890e+02   8.6629884e+00  -5.4161810e+01  -8.1788582e+01   7.4058886e+01
   2.4000000e+01  -1.4000000e+01   1.9058810e+02   9.8740033e+00  -5.3428621e+01  -8.2992141e+01   7.4103182e+01
   2.4000000e+01  -1.4000000e+01   1.8687887e+02   1.0565856e+01  -5.3838799e+01  -8.4328491e+01   7.4149106e+01
   2.4000000e+01  -1.4000000e+01   1.8392911e+02   8.8243705e+00  -5.8535250e+01  -8.6135273e+01   6.7372231e+01
   2.4000000e+01  -1.4000000e+01   1.8508622e+02   6.3232484e+00  -6.8034287e+01  -8.4582717e+01   6.6101710e+01
   2.4000000e+01  -1.4000000e+01   1.7272159e+02   8.4494304e+00  -6.7964015e+01  -7.9173287e+01   5.9181519e+01
   2.4000000e+01  -1.4000000e+01   1.6081927e+02   1.0452535e+01  -6.5618614e+01  -7.3054062e+01   4.8305664e+01
   2.4000000e+01  -1.4000000e+01   1.5169838e+02   1.0230264e+01  -6.2530130e+01  -6.9030999e+01   3.8513505e+01
   2.4000000e+01  -1.4000000e+01   1.4286095e+02   9.5805138e+00  -5.6276367e+01  -6.6622306e+01   2.8023320e+01
   2.4000000e+01  -1.4000000e+01   1.3441237e+02   9.4652972e+00  -5.0534230e+01  -6.4526384e+01   1.8033678e+01
   2.4000000e+01  -1.4000000e+01   1.2747236e+02   1.0148561e+01  -4.5130022e+01  -6.2893682e+01   1.0593119e+01
   2.4000000e+01  -1.4000000e+01   1.2076528e+02   1.1566983e+01  -3.8753915e+01  -6.0153998e+01   2.9772667e+00
   2.4000000e+01  -1.4000000e+01   1.1261318e+02   1.5448945e+01  -3.1715984e+01  -5.4551087e+01  -5.0555576e+00
   2.4000000e+01  -1.4000000e+01   1.0358415e+02   2.0161482e+01  -2.3802068e+01  -4.7825394e+01  -1.2213287e+01
   2.4000000e+01  -1.4000000e+01   9.9337619e+01   2.4640276e+01  -1.6116272e+01  -4.0655142e+01  -1.8508535e+01
   2.4000000e+01  -1.4000000e+01   9.6959484e+01   2.9527616e+01  -1.2696624e+01  -3.2964267e+01  -2.0006585e+01
   2.4000000e+01  -1.4000000e+01   9.7551100e+01   3.0084517e+01  -1.3708191e+01  -2.9392012e+01  -1.7392799e+01
   2.4000000e+01  -1.4000000e+01   1.0290191e+02   2.7665228e+01  -1.8733444e+01  -3.1101824e+01  -1.1234939e+01
   2.4000000e+01  -1.4000000e+01   1.0820021e+02   2.4605964e+01  -2.2911945e+01  -3.3571310e+01  -4.8075435e+00
   2.4000000e+01  -1.4000000e+01   1.1327057e+02   2.2921001e+01  -2.7661371e+01  -3.5493272e+01   4.2144664e-01
   2.4000000e+01  -1.4000000e+01   1.1676618e+02   2.2908934e+01  -2.9342273e+01  -3.7747322e+01   4.1544374e+00
   2.4000000e+01  -1.4000000e+01   1.2172534e+02   2.2571492e+01  -3.2206655e+01  -4.0566521e+01   9.3699239e+00
   2.4000000e+01  -1.4000000e+01   1.2674754e+02   2.2622752e+01  -3.7382325e+01  -4.3519442e+01   1.4853678e+01
   2.4000000e+01  -1.4000000e+01   1.3313295e+02   2.2624302e+01  -4.1396764e+01  -4.6995562e+01   1.9390227e+01
   2.4000000e+01  -1.4000000e+01   1.3752351e+02   2.3375100e+01  -4.4543430e+01  -5.0305334e+01   2.2838970e+01
   2.4000000e+01  -1.4000000e+01   1.4203816e+02   2.4691860e+01  -4.7398930e+01  -5.4136031e+01   2.5731976e+01
   2.4000000e+01  -1.4000000e+01   1.4855130e+02   2.3824353e+01  -5.0093356e+01  -5.8398146e+01   3.0768733e+01
   2.4000000e+01  -1.4000000e+01   1.5313794e+02   2.3636497e+01  -5.0764051e+01  -6.1166597e+01   3.2705765e+01
   2.4000000e+01  -1.4000000e+01   1.6138716e+02   2.0784576e+01  -5.4308444e+01  -6.5078410e+01   3.9383410e+01
   2.4000000e+01  -1.4000000e+01   1.6673160e+02   1.9807555e+01  -5.5696792e+01  -6.7073144e+01   4.2802182e+01
   2.4000000e+01  -1.4000000e+01   1.6786652e+02   1.8607069e+01  -5.3653460e+01  -6.8680646e+01   4.6924776e+01
   2.4000000e+01  -1.4000000e+01   1.6968836e+02   1.5643948e+01  -5.2523517e+01  -7.1076523e+01   5.2563549e+01
   2.4000000e+01  -1.4000000e+01   1.7329418e+02   1.0705246e+01  -5.3863671e+01  -7.5045828e+01   5.9095552e+01
   2.4000000e+01  -1.4000000e+01   1.7186117e+02   9.4555305e+00  -5.3173036e+01  -7.5713117e+01   6.5504272e+01
   2.4000000e+01  -1.4000000e+01   1.6981143e+02   8.2693235e+00  -5.0868044e+01  -7.7026636e+01   6.9327348e+01
   2.4000000e+01  -1.4000000e+01   1.7220193e+02   6.8261379e+00  -4.6874846e+01  -7.8677667e+01   7.1894323e+01
   2.4000000e+01  -1.4000000e+01   1.7180254e+02   6.0389595e+00  -4.3724198e+01  -7.9389819e+01   7.6474876e+01
   2.4000000e+01  -1.4000000e+01   1.7284726e+02   5.9931197e+00  -4.0820696e+01  -7.9651397e+01   7.7032870e+01
   2.4000000e+01  -1.4000000e+01   1.7503082e+02   6.7421251e+00  -3.8339719e+01  -7.9856486e+01   7.7055201e+01
   2.4000000e+01  -1.4000000e+01   1.8095685e+02   6.7347818e+00  -3.8356284e+01  -8.0831523e+01   7.8323743e+01
   2.4000000e+01  -1.4000000e+01   1.8658825e+02   5.4256523e+00  -3.8716046e+01  -8.1886543e+01   7.4781669e+01
   2.4000000e+01  -1.4000000e+01   1.8513684e+02   7.6059684e+00  -4.4885683e+01  -8.4999571e+01   6.9663247e+01
   2.4000000e+01  -1.4000000e+01   1.7937312e+02   5.8707071e+00  -5.2601624e+01  -8.7836368e+01   5.8241180e+01
   2.4000000e+01  -1.4000000e+01   1.7310855e+02   5.7296690e+00  -5.9076451e+01  -8.8994118e+01   4.7087529e+01
   2.4000000e+01  -1.4000000e+01   1.6529797e+02   6.5732261e+00  -6.0334673e+01  -8.4746294e+01   3.5538243e+01
   2.4000000e+01  -1.4000000e+01   1.5506798e+02   1.1646079e+01  -6.3429299e+01  -7.7625102e+01   2.4708831e+01
   2.4000000e+01  -1.4000000e+01   1.4385878e+02   1.6383789e+01  -6.4141837e+01  -7.1100350e+01   1.6188168e+01
