  -1.3149473e+01   2.0907491e+01   1.0515673e+02   3.9424927e+01  -2.1266064e+01  -2.4562851e+01  -2.5960541e+01
   8.4588165e-01   8.3707042e+00   1.1030765e+02   3.5471431e+01  -2.0698767e+01  -3.0319030e+01  -1.9504316e+01
   1.4841237e+01  -4.1660824e+00   1.1545858e+02   3.1517934e+01  -2.0131470e+01  -3.6075208e+01  -1.3048092e+01
   2.7006945e+01  -1.6717606e+01   1.2945836e+02   2.7558977e+01  -1.9586339e+01  -4.8704752e+01  -6.5956615e+00
   3.9172654e+01  -2.9269130e+01   1.4345814e+02   2.3600020e+01  -1.9041209e+01  -6.1334295e+01  -1.4323137e-01
   2.5172654e+01  -4.1224078e+01   1.4400000e+02   1.9533677e+01  -1.8608933e+01  -6.0000000e+01   6.1432847e+00
   2.4000000e+01  -3.3404269e+01   1.4400000e+02   1.1505385e+01  -1.6167415e+01  -6.0000000e+01   7.4888032e+00
   2.4000000e+01  -2.6096556e+01   1.4400000e+02   2.0912861e+01  -2.6988292e+01  -6.0000000e+01   1.1908434e+01
   2.4000000e+01  -2.1574240e+01   1.4400000e+02   2.4568595e+01  -3.6245199e+01  -6.0000000e+01   1.6463950e+01
   2.4000000e+01  -1.6030861e+01   1.4400000e+02   2.7334072e+01  -4.1640717e+01  -6.0000000e+01   2.1821809e+01
   2.4000000e+01  -1.3999194e+01   1.4400000e+02   2.5028452e+01  -4.1293360e+01  -6.0000000e+01   2.8704306e+01
   2.4000000e+01  -1.3413707e+01   1.4400000e+02   2.3703400e+01  -3.9565326e+01  -6.0000000e+01   3.3600798e+01
   2.4000000e+01  -1.3420508e+01   1.4400000e+02   2.0876498e+01  -3.6193230e+01  -6.0000000e+01   3.8758893e+01
   2.4000000e+01  -1.8225394e+01   1.4400000e+02   1.8549540e+01  -3.3036059e+01  -6.0000000e+01   4.2970231e+01
   2.4000000e+01  -1.7942940e+01   1.4400000e+02   1.5157286e+01  -3.0283029e+01  -6.0000000e+01   4.8186545e+01
   2.4000000e+01  -1.7923317e+01   1.4400000e+02   1.1872096e+01  -2.7248586e+01  -6.0000000e+01   5.4381302e+01
   2.4000000e+01  -1.8664378e+01   1.4400000e+02   6.9258366e+00  -2.5852702e+01  -6.0000000e+01   6.0365883e+01
   2.4000000e+01  -2.1312423e+01   1.4400000e+02   2.6356124e+00  -2.2628896e+01  -6.0000000e+01   6.5168131e+01
   2.4000000e+01  -2.3022532e+01   1.4400000e+02  -2.4742317e+00  -1.9736895e+01  -6.0000000e+01   6.9259763e+01
   2.4000000e+01  -2.3218440e+01   1.4400000e+02  -7.1609235e+00  -1.7158590e+01  -6.0000000e+01   7.2762402e+01
   2.4000000e+01  -2.5179036e+01   1.4400000e+02  -1.1298803e+01  -1.5380325e+01  -6.0000000e+01   7.7088966e+01
   2.4000000e+01  -2.9022563e+01   1.4400000e+02  -1.3316589e+01  -1.4471540e+01  -6.0000000e+01   7.6828203e+01
   2.4000000e+01  -2.6628037e+01   1.4400000e+02  -1.4882113e+01  -1.4464988e+01  -6.0000000e+01   7.2115889e+01
   2.4000000e+01  -2.3830227e+01   1.4400000e+02  -1.9177484e+01  -1.8215230e+01  -6.0000000e+01   6.1742710e+01
   2.4000000e+01  -2.5680558e+01   1.4400000e+02  -2.1598670e+01  -2.7265341e+01  -6.0000000e+01   4.9775192e+01
   2.4000000e+01  -2.2497651e+01   1.4400000e+02  -1.5296132e+01  -3.5892478e+01  -6.0000000e+01   3.7433022e+01
   2.4000000e+01  -2.3318018e+01   1.4400000e+02  -6.2393731e+00  -4.2609448e+01  -6.0000000e+01   2.5752118e+01
   2.4000000e+01  -2.5549639e+01   1.4400000e+02   2.3028595e+00  -5.0458986e+01  -6.0000000e+01   1.6587750e+01
   2.4000000e+01  -2.6124947e+01   1.4400000e+02   1.0405063e+01  -5.5163562e+01  -6.0000000e+01   7.8441000e+00
   2.4000000e+01  -2.4787137e+01   1.4400000e+02   1.7172649e+01  -5.8787697e+01  -6.0000000e+01   9.2956373e-01
   2.4000000e+01  -2.3770498e+01   1.4400000e+02   2.3085530e+01  -6.1533691e+01  -6.0000000e+01  -4.7476967e+00
   2.4000000e+01  -2.3506800e+01   1.4400000e+02   2.9759728e+01  -6.1770700e+01  -6.0000000e+01  -9.3579586e+00
   2.4000000e+01  -2.4855440e+01   1.4400000e+02   3.8597177e+01  -5.9780223e+01  -6.0000000e+01  -1.1112066e+01
   2.4000000e+01  -2.4568524e+01   1.4400000e+02   4.5540726e+01  -5.8343025e+01  -6.0000000e+01  -1.2943740e+01
   2.4000000e+01  -2.1874636e+01   1.4400000e+02   4.7910105e+01  -5.9236933e+01  -6.0000000e+01  -1.2378462e+01
   2.4000000e+01  -2.1297123e+01   1.4400000e+02   4.6227060e+01  -5.8988482e+01  -6.0000000e+01  -1.0736792e+01
   2.4000000e+01  -1.9712429e+01   1.4400000e+02   4.5159530e+01  -5.8004192e+01  -6.0000000e+01  -6.6045936e+00
   2.4000000e+01  -1.9320643e+01   1.4400000e+02   4.2303816e+01  -5.5961047e+01  -6.0000000e+01  -1.6644281e+00
   2.4000000e+01  -1.9227066e+01   1.4400000e+02   3.9750649e+01  -5.3202206e+01  -6.0000000e+01   2.3544955e+00
   2.4000000e+01  -1.8925253e+01   1.4400000e+02   3.7341030e+01  -5.1554259e+01  -6.0000000e+01   6.8223483e+00
   2.4000000e+01  -1.9071046e+01   1.4400000e+02   3.4957154e+01  -4.9629659e+01  -6.0000000e+01   1.0851472e+01
   2.4000000e+01  -1.9533735e+01   1.4400000e+02   3.0682066e+01  -4.7881060e+01  -6.0000000e+01   1.6362536e+01
   2.4000000e+01  -1.7404876e+01   1.4400000e+02   3.0917609e+01  -4.6283048e+01  -6.0000000e+01   1.9499398e+01
   2.4000000e+01  -1.6927156e+01   1.4400000e+02   2.9334168e+01  -4.6475171e+01  -6.0000000e+01   2.2706480e+01
   2.4000000e+01  -1.6436330e+01   1.4400000e+02   2.7400665e+01  -4.4612069e+01  -6.0000000e+01   2.4982503e+01
   2.4000000e+01  -1.4664978e+01   1.4400000e+02   2.6815468e+01  -4.3049520e+01  -6.0000000e+01   2.7917072e+01
   2.4000000e+01  -1.5013896e+01   1.4400000e+02   2.4608516e+01  -4.1082394e+01  -6.0000000e+01   3.1823168e+01
   2.4000000e+01  -1.7118893e+01   1.4400000e+02   2.2645527e+01  -3.7911595e+01  -6.0000000e+01   3.6344893e+01
   2.4000000e+01  -1.9048525e+01   1.4400000e+02   1.7156560e+01  -3.3852115e+01  -6.0000000e+01   4.1151233e+01
   2.4000000e+01  -2.1564697e+01   1.4400000e+02   1.2874559e+01  -3.0724641e+01  -6.0000000e+01   4.4155393e+01
   2.4000000e+01  -1.6779825e+01   1.4400000e+02   1.2702049e+01  -2.8880516e+01  -6.0000000e+01   4.8493253e+01
   2.4000000e+01  -1.4990590e+01   1.4400000e+02   1.1240353e+01  -2.7415302e+01  -6.0000000e+01   5.3469932e+01
   2.4000000e+01  -1.3721687e+01   1.4400000e+02   9.1715346e+00  -2.6417700e+01  -6.0000000e+01   5.7150618e+01
   2.4000000e+01  -1.6972446e+01   1.4400000e+02   4.4833458e+00  -2.6243204e+01  -6.0000000e+01   6.3534614e+01
   2.4000000e+01  -1.7279344e+01   1.4400000e+02  -2.4589430e-01  -2.5552925e+01  -6.0000000e+01   6.8752711e+01
   2.4000000e+01  -2.0591022e+01   1.4400000e+02  -4.4073381e+00  -2.4086067e+01  -6.0000000e+01   7.2492621e+01
   2.4000000e+01  -2.0981392e+01   1.4400000e+02  -9.2249548e+00  -2.2718894e+01  -6.0000000e+01   7.8876074e+01
   2.4000000e+01  -2.2136151e+01   1.4400000e+02  -1.1921841e+01  -2.1500404e+01  -6.0000000e+01   8.1384675e+01
   2.4000000e+01  -2.6773441e+01   1.4400000e+02  -1.4029209e+01  -2.0304016e+01  -6.0000000e+01   8.1446601e+01
   2.4000000e+01  -2.7382962e+01   1.4400000e+02  -1.4167608e+01  -1.8462565e+01  -6.0000000e+01   7.9826414e+01
   2.4000000e+01  -2.6402229e+01   1.4400000e+02  -1.5365501e+01  -1.8026390e+01  -6.0000000e+01   7.3201751e+01
   2.4000000e+01  -2.4836889e+01   1.4400000e+02  -1.9429055e+01  -1.9666837e+01  -6.0000000e+01   6.2598343e+01
   2.4000000e+01  -2.0956362e+01   1.4400000e+02  -2.0467888e+01  -2.6626230e+01  -6.0000000e+01   5.0662172e+01
   2.4000000e+01  -2.2162845e+01   1.4400000e+02  -1.5704923e+01  -3.4874809e+01  -6.0000000e+01   3.8473725e+01
   2.4000000e+01  -2.3046058e+01   1.4400000e+02  -6.2943449e+00  -4.3168692e+01  -6.0000000e+01   2.7391053e+01
   2.4000000e+01  -2.5724007e+01   1.4400000e+02   3.9547748e+00  -4.7911515e+01  -6.0000000e+01   1.8387159e+01
   2.4000000e+01  -2.7697166e+01   1.4400000e+02   1.3132771e+01  -5.2679710e+01  -6.0000000e+01   1.0760417e+01
   2.4000000e+01  -2.6284607e+01   1.4400000e+02   2.0656155e+01  -5.6234938e+01  -6.0000000e+01   4.1554035e+00
   2.4000000e+01  -2.5833180e+01   1.4400000e+02   2.6183460e+01  -5.9356186e+01  -6.0000000e+01  -1.1946666e+00
   2.4000000e+01  -2.4107314e+01   1.4400000e+02   2.9588398e+01  -6.2023906e+01  -6.0000000e+01  -5.6709486e+00
   2.4000000e+01  -2.3890703e+01   1.4400000e+02   3.4742650e+01  -6.2504914e+01  -6.0000000e+01  -9.8511660e+00
   2.4000000e+01  -2.5081677e+01   1.4400000e+02   4.2645354e+01  -5.9702290e+01  -6.0000000e+01  -1.2299819e+01
   2.4000000e+01  -2.3693563e+01   1.4400000e+02   4.6707726e+01  -5.9599439e+01  -6.0000000e+01  -1.3634557e+01
   2.4000000e+01  -2.4710592e+01   1.4400000e+02   4.7415960e+01  -6.0489339e+01  -6.0000000e+01  -1.3099627e+01
   2.4000000e+01  -2.3667141e+01   1.4400000e+02   4.6025484e+01  -6.0219649e+01  -6.0000000e+01  -1.1064584e+01
   2.4000000e+01  -2.2383494e+01   1.4400000e+02   4.4620853e+01  -5.9533452e+01  -6.0000000e+01  -7.5875372e+00
   2.4000000e+01  -2.0897440e+01   1.4400000e+02   4.3015689e+01  -5.9126572e+01  -6.0000000e+01  -2.6430507e+00
   2.4000000e+01  -1.9262377e+01   1.4400000e+02   4.2342917e+01  -5.8062966e+01  -6.0000000e+01   2.1149857e+00
   2.4000000e+01  -2.0659366e+01   1.4400000e+02   3.8831863e+01  -5.5855328e+01  -6.0000000e+01   6.1172067e+00
   2.4000000e+01  -2.1290727e+01   1.4400000e+02   3.6536996e+01  -5.3926726e+01  -6.0000000e+01   1.0829474e+01
   2.4000000e+01  -2.0289165e+01   1.4400000e+02   3.3192084e+01  -5.0748669e+01  -6.0000000e+01   1.4965825e+01
   2.4000000e+01  -2.1074843e+01   1.4400000e+02   2.8977139e+01  -4.7227593e+01  -6.0000000e+01   1.8291320e+01
   2.4000000e+01  -1.9310142e+01   1.4400000e+02   2.7814034e+01  -4.6756537e+01  -6.0000000e+01   2.1977343e+01
   2.4000000e+01  -1.5711770e+01   1.4400000e+02   2.6577616e+01  -4.6045880e+01  -6.0000000e+01   2.6814440e+01
   2.4000000e+01  -1.5635173e+01   1.4400000e+02   2.6372968e+01  -4.4680661e+01  -6.0000000e+01   2.9802007e+01
   2.4000000e+01  -1.6757262e+01   1.4400000e+02   2.1916391e+01  -4.1715497e+01  -6.0000000e+01   3.4388352e+01
   2.4000000e+01  -1.8627043e+01   1.4400000e+02   1.8239517e+01  -3.7412887e+01  -6.0000000e+01   3.9693799e+01
   2.4000000e+01  -1.7421827e+01   1.4400000e+02   1.5243218e+01  -3.6485301e+01  -6.0000000e+01   4.3452897e+01
   2.4000000e+01  -1.7605327e+01   1.4400000e+02   1.3944563e+01  -3.4185671e+01  -6.0000000e+01   4.8760724e+01
   2.4000000e+01  -1.9060117e+01   1.4400000e+02   1.2499625e+01  -3.1573191e+01  -6.0000000e+01   5.3378478e+01
   2.4000000e+01  -1.9557609e+01   1.4400000e+02   9.5522537e+00  -2.9767753e+01  -6.0000000e+01   5.8803291e+01
   2.4000000e+01  -2.0730455e+01   1.4400000e+02   5.9063678e+00  -2.6398013e+01  -6.0000000e+01   6.5405445e+01
   2.4000000e+01  -2.0298466e+01   1.4400000e+02   1.7501468e+00  -2.6297691e+01  -6.0000000e+01   7.0733934e+01
   2.4000000e+01  -2.2182400e+01   1.4400000e+02  -3.1060571e+00  -2.4884420e+01  -6.0000000e+01   7.4523451e+01
   2.4000000e+01  -2.6802975e+01   1.4400000e+02  -7.1358631e+00  -2.3457201e+01  -6.0000000e+01   7.2582565e+01
   2.4000000e+01  -2.4376351e+01   1.4400000e+02  -1.1486306e+01  -1.6068924e+01  -6.0000000e+01   6.2861771e+01
   2.4000000e+01  -2.3318343e+01   1.4400000e+02  -1.8220634e+01  -1.8929728e+01  -6.0000000e+01   5.3495905e+01
   2.4000000e+01  -2.3557608e+01   1.4400000e+02  -1.9857777e+01  -2.7638860e+01  -6.0000000e+01   4.2251864e+01
   2.4000000e+01  -2.0697261e+01   1.4400000e+02  -1.4413932e+01  -3.7007615e+01  -6.0000000e+01   3.0283162e+01
   2.4000000e+01  -2.1949453e+01   1.4400000e+02  -5.8697139e+00  -4.6801335e+01  -6.0000000e+01   1.9674150e+01
   2.4000000e+01  -2.4329093e+01   1.4400000e+02   3.1875493e+00  -5.1228736e+01  -6.0000000e+01   1.1960897e+01
   2.4000000e+01  -2.5805595e+01   1.4400000e+02   1.1565294e+01  -5.5472246e+01  -6.0000000e+01   4.6163710e+00
   2.4000000e+01  -2.4550979e+01   1.4400000e+02   1.8868390e+01  -5.8840708e+01  -6.0000000e+01  -1.2371556e+00
   2.4000000e+01  -2.4105133e+01   1.4400000e+02   2.4904316e+01  -6.1901577e+01  -6.0000000e+01  -6.1583451e+00
   2.4000000e+01  -2.2769012e+01   1.4400000e+02   2.8821158e+01  -6.4144841e+01  -6.0000000e+01  -1.0667782e+01
   2.4000000e+01  -2.2893233e+01   1.4400000e+02   3.5443893e+01  -6.4009148e+01  -6.0000000e+01  -1.2686035e+01
   2.4000000e+01  -2.3082136e+01   1.4400000e+02   4.3967592e+01  -6.1138051e+01  -6.0000000e+01  -1.3096312e+01
   2.4000000e+01  -2.3856418e+01   1.4400000e+02   4.8995113e+01  -6.1241771e+01  -6.0000000e+01  -1.4050605e+01
   2.4000000e+01  -2.3905860e+01   1.4400000e+02   4.9428314e+01  -6.1973044e+01  -6.0000000e+01  -1.3084677e+01
   2.4000000e+01  -2.3203802e+01   1.4400000e+02   4.8111007e+01  -6.1324339e+01  -6.0000000e+01  -1.2111755e+01
   2.4000000e+01  -2.1651139e+01   1.4400000e+02   4.7106348e+01  -6.0344399e+01  -6.0000000e+01  -9.8489430e+00
   2.4000000e+01  -2.0580685e+01   1.4400000e+02   4.5867620e+01  -5.9490262e+01  -6.0000000e+01  -6.8462787e+00
   2.4000000e+01  -1.9602122e+01   1.4400000e+02   4.4106386e+01  -5.8012236e+01  -6.0000000e+01  -2.7084056e+00
   2.4000000e+01  -1.9097571e+01   1.4400000e+02   4.2081676e+01  -5.6984493e+01  -6.0000000e+01   1.4950709e+00
   2.4000000e+01  -1.8569553e+01   1.4400000e+02   4.0212441e+01  -5.5812579e+01  -6.0000000e+01   5.5479941e+00
   2.4000000e+01  -1.9242305e+01   1.4400000e+02   3.7944869e+01  -5.3691051e+01  -6.0000000e+01   8.9455679e+00
   2.4000000e+01  -1.9552058e+01   1.4400000e+02   3.3499474e+01  -5.0756013e+01  -6.0000000e+01   1.3262280e+01
   2.4000000e+01  -1.8502325e+01   1.4400000e+02   3.0319672e+01  -4.9533739e+01  -6.0000000e+01   1.8072449e+01
   2.4000000e+01  -1.6763189e+01   1.4400000e+02   2.8806986e+01  -4.8694721e+01  -6.0000000e+01   2.2454804e+01
   2.4000000e+01  -1.4843843e+01   1.4400000e+02   2.6311622e+01  -4.6434349e+01  -6.0000000e+01   2.7066275e+01
   2.4000000e+01  -1.5692543e+01   1.4400000e+02   2.5092420e+01  -4.3480878e+01  -6.0000000e+01   3.0020676e+01
   2.4000000e+01  -1.5795564e+01   1.4400000e+02   2.1453211e+01  -3.9828231e+01  -6.0000000e+01   3.4828037e+01
   2.4000000e+01  -1.6129559e+01   1.4400000e+02   1.8806346e+01  -3.7453824e+01  -6.0000000e+01   3.9248327e+01
   2.4000000e+01  -1.6636602e+01   1.4400000e+02   1.6564677e+01  -3.5456147e+01  -6.0000000e+01   4.2859675e+01
   2.4000000e+01  -1.5969883e+01   1.4400000e+02   1.6412807e+01  -3.3513009e+01  -6.0000000e+01   4.7594945e+01
   2.4000000e+01  -1.7632763e+01   1.4400000e+02   1.3023605e+01  -3.1422629e+01  -6.0000000e+01   5.2479891e+01
   2.4000000e+01  -1.9782156e+01   1.4400000e+02   8.9992359e+00  -2.8498213e+01  -6.0000000e+01   5.6886303e+01
   2.4000000e+01  -2.3171421e+01   1.4400000e+02   3.2528947e+00  -2.4611339e+01  -6.0000000e+01   6.1473032e+01
   2.4000000e+01  -2.5035555e+01   1.4400000e+02  -3.0107135e+00  -2.3335436e+01  -6.0000000e+01   6.7208278e+01
   2.4000000e+01  -2.5102150e+01   1.4400000e+02  -8.7842560e+00  -2.1735892e+01  -6.0000000e+01   7.1898959e+01
   2.4000000e+01  -2.6237687e+01   1.4400000e+02  -1.1697069e+01  -1.9848323e+01  -6.0000000e+01   7.4202789e+01
   2.4000000e+01  -2.7735466e+01   1.4400000e+02  -1.2897476e+01  -1.7967937e+01  -6.0000000e+01   7.2845016e+01
   2.4000000e+01  -2.6503875e+01   1.4400000e+02  -1.8216947e+01  -1.7737425e+01  -6.0000000e+01   6.4913765e+01
   2.4000000e+01  -2.4498522e+01   1.4400000e+02  -2.3465500e+01  -2.1295940e+01  -6.0000000e+01   5.4565044e+01
   2.4000000e+01  -2.1088912e+01   1.4400000e+02  -2.0470830e+01  -2.7821296e+01  -6.0000000e+01   4.2437703e+01
   2.4000000e+01  -2.0252410e+01   1.4400000e+02  -1.6988776e+01  -3.6001847e+01  -6.0000000e+01   3.0128511e+01
   2.4000000e+01  -2.1802428e+01   1.4400000e+02  -7.6807856e+00  -4.4702758e+01  -6.0000000e+01   1.9446767e+01
   2.4000000e+01  -2.5128610e+01   1.4400000e+02   5.0114843e-01  -5.1337094e+01  -6.0000000e+01   1.0639965e+01
   2.4000000e+01  -2.6162434e+01   1.4400000e+02   7.2892577e+00  -5.6617099e+01  -6.0000000e+01   3.2116502e+00
   2.4000000e+01  -2.3984559e+01   1.4400000e+02   1.3512747e+01  -5.9786782e+01  -6.0000000e+01  -2.7687771e+00
   2.4000000e+01  -2.1654524e+01   1.4400000e+02   1.9206054e+01  -6.2683431e+01  -6.0000000e+01  -7.4403387e+00
   2.4000000e+01  -2.0805613e+01   1.4400000e+02   2.4827917e+01  -6.4048170e+01  -6.0000000e+01  -1.1503619e+01
   2.4000000e+01  -2.3027600e+01   1.4400000e+02   3.2002854e+01  -6.3003890e+01  -6.0000000e+01  -1.5038874e+01
   2.4000000e+01  -2.5304401e+01   1.4400000e+02   3.9630222e+01  -6.0743909e+01  -6.0000000e+01  -1.6656625e+01
   2.4000000e+01  -2.5317729e+01   1.4400000e+02   4.6430880e+01  -5.9122917e+01  -6.0000000e+01  -1.6334512e+01
   2.4000000e+01  -2.4613169e+01   1.4400000e+02   4.7904392e+01  -5.9736135e+01  -6.0000000e+01  -1.4807886e+01
   2.4000000e+01  -2.4674629e+01   1.4400000e+02   4.6250761e+01  -5.9348739e+01  -6.0000000e+01  -1.2669854e+01
   2.4000000e+01  -2.2808045e+01   1.4400000e+02   4.5029125e+01  -5.8735895e+01  -6.0000000e+01  -9.7138632e+00
   2.4000000e+01  -2.1580720e+01   1.4400000e+02   4.2998908e+01  -5.8074392e+01  -6.0000000e+01  -5.3331223e+00
   2.4000000e+01  -2.1255215e+01   1.4400000e+02   4.0313041e+01  -5.7075530e+01  -6.0000000e+01   1.3849906e-03
   2.4000000e+01  -2.0516785e+01   1.4400000e+02   3.8809416e+01  -5.5071380e+01  -6.0000000e+01   3.4846157e+00
   2.4000000e+01  -1.8915484e+01   1.4400000e+02   3.6873303e+01  -5.3196582e+01  -6.0000000e+01   8.3902386e+00
   2.4000000e+01  -1.9246407e+01   1.4400000e+02   3.5016235e+01  -5.0817861e+01  -6.0000000e+01   1.2728145e+01
   2.4000000e+01  -1.9474339e+01   1.4400000e+02   3.2302405e+01  -4.8466356e+01  -6.0000000e+01   1.5956563e+01
   2.4000000e+01  -1.7667889e+01   1.4400000e+02   2.9422515e+01  -4.7250461e+01  -6.0000000e+01   2.1530632e+01
   2.4000000e+01  -1.5443395e+01   1.4400000e+02   2.7338296e+01  -4.5531826e+01  -6.0000000e+01   2.6474110e+01
   2.4000000e+01  -1.5284852e+01   1.4400000e+02   2.5099435e+01  -4.2515153e+01  -6.0000000e+01   3.0606178e+01
   2.4000000e+01  -1.5444881e+01   1.4400000e+02   2.3001010e+01  -4.0890692e+01  -6.0000000e+01   3.6334073e+01
   2.4000000e+01  -1.8570708e+01   1.4400000e+02   1.9538596e+01  -3.7166874e+01  -6.0000000e+01   4.0831867e+01
   2.4000000e+01  -1.8992350e+01   1.4400000e+02   1.5334326e+01  -3.4774611e+01  -6.0000000e+01   4.5523281e+01
   2.4000000e+01  -1.9261914e+01   1.4400000e+02   1.2679279e+01  -3.2392437e+01  -6.0000000e+01   5.0661403e+01
   2.4000000e+01  -1.9386439e+01   1.4400000e+02   9.4526950e+00  -2.9998686e+01  -6.0000000e+01   5.6096845e+01
   2.4000000e+01  -1.9269006e+01   1.4400000e+02   5.6956382e+00  -2.7676703e+01  -6.0000000e+01   6.1285754e+01
   2.4000000e+01  -2.3200440e+01   1.4400000e+02   6.2462373e-01  -2.5944908e+01  -6.0000000e+01   6.6085352e+01
   2.4000000e+01  -2.2203816e+01   1.4400000e+02  -4.7047127e+00  -2.3485548e+01  -6.0000000e+01   7.0817788e+01
   2.4000000e+01  -2.4553309e+01   1.4400000e+02  -1.0382957e+01  -2.2109940e+01  -6.0000000e+01   7.5647982e+01
   2.4000000e+01  -2.7141251e+01   1.4400000e+02  -1.2511055e+01  -2.1433777e+01  -6.0000000e+01   7.6284265e+01
   2.4000000e+01  -2.4456915e+01   1.4400000e+02  -1.6012209e+01  -2.0214755e+01  -6.0000000e+01   6.9205505e+01
   2.4000000e+01  -1.9891738e+01   1.4400000e+02  -1.7472372e+01  -2.5070990e+01  -6.0000000e+01   5.7665292e+01
   2.4000000e+01  -1.6980869e+01   1.4400000e+02  -1.6115440e+01  -3.1128727e+01  -6.0000000e+01   4.5483100e+01
   2.4000000e+01  -1.8954239e+01   1.4400000e+02  -8.7796846e+00  -3.7156623e+01  -6.0000000e+01   3.3120895e+01
   2.4000000e+01  -2.3823716e+01   1.4400000e+02   3.7424693e-01  -4.6352702e+01  -6.0000000e+01   2.3486104e+01
   2.4000000e+01  -2.6510953e+01   1.4400000e+02   8.4408217e+00  -5.3459517e+01  -6.0000000e+01   1.5079180e+01
   2.4000000e+01  -2.5963720e+01   1.4400000e+02   1.5046249e+01  -5.8212398e+01  -6.0000000e+01   8.2903286e+00
   2.4000000e+01  -2.5278741e+01   1.4400000e+02   2.0017108e+01  -6.1195943e+01  -6.0000000e+01   1.9350899e+00
   2.4000000e+01  -2.1992519e+01   1.4400000e+02   2.4132403e+01  -6.3220126e+01  -6.0000000e+01  -3.7852036e+00
   2.4000000e+01  -2.0681417e+01   1.4400000e+02   2.6386824e+01  -6.5090753e+01  -6.0000000e+01  -8.2004955e+00
   2.4000000e+01  -2.1163731e+01   1.4400000e+02   2.9360330e+01  -6.6499499e+01  -6.0000000e+01  -1.2406352e+01
   2.4000000e+01  -2.2795946e+01   1.4400000e+02   3.4035320e+01  -6.6573873e+01  -6.0000000e+01  -1.4875026e+01
   2.4000000e+01  -2.5249021e+01   1.4400000e+02   4.1703127e+01  -6.3603516e+01  -6.0000000e+01  -1.6312192e+01
   2.4000000e+01  -2.4440086e+01   1.4400000e+02   4.7507690e+01  -6.1255704e+01  -6.0000000e+01  -1.6350423e+01
   2.4000000e+01  -2.4311553e+01   1.4400000e+02   4.7577202e+01  -6.1201649e+01  -6.0000000e+01  -1.4642012e+01
   2.4000000e+01  -2.2311888e+01   1.4400000e+02   4.6836071e+01  -6.0536816e+01  -6.0000000e+01  -1.1654746e+01
   2.4000000e+01  -2.1966558e+01   1.4400000e+02   4.5586660e+01  -6.0178823e+01  -6.0000000e+01  -9.0115411e+00
   2.4000000e+01  -2.2191765e+01   1.4400000e+02   4.3293423e+01  -5.8731449e+01  -6.0000000e+01  -6.3894679e+00
   2.4000000e+01  -2.1059582e+01   1.4400000e+02   4.2042945e+01  -5.7364192e+01  -6.0000000e+01  -2.5721382e+00
   2.4000000e+01  -2.0014652e+01   1.4400000e+02   4.1229078e+01  -5.6766749e+01  -6.0000000e+01   1.0524861e+00
   2.4000000e+01  -2.1233587e+01   1.4400000e+02   3.9042274e+01  -5.5287550e+01  -6.0000000e+01   4.2688698e+00
   2.4000000e+01  -2.1794392e+01   1.4400000e+02   3.6618868e+01  -5.3259641e+01  -6.0000000e+01   7.8135786e+00
   2.4000000e+01  -2.0192532e+01   1.4400000e+02   3.5722859e+01  -5.2130115e+01  -6.0000000e+01   1.1497457e+01
   2.4000000e+01  -2.1529039e+01   1.4400000e+02   3.1043983e+01  -4.7802051e+01  -6.0000000e+01   1.5498843e+01
   2.4000000e+01  -1.9241707e+01   1.4400000e+02   2.8764444e+01  -4.8174123e+01  -6.0000000e+01   1.8918470e+01
   2.4000000e+01  -1.6680085e+01   1.4400000e+02   2.8721836e+01  -4.7160978e+01  -6.0000000e+01   2.1583988e+01
   2.4000000e+01  -1.5222005e+01   1.4400000e+02   2.7343722e+01  -4.6691092e+01  -6.0000000e+01   2.5845348e+01
   2.4000000e+01  -1.5896617e+01   1.4400000e+02   2.3887567e+01  -4.4511790e+01  -6.0000000e+01   2.9446524e+01
   2.4000000e+01  -1.5312224e+01   1.4400000e+02   2.2366455e+01  -4.3568012e+01  -6.0000000e+01   3.4214409e+01
   2.4000000e+01  -2.0073128e+01   1.4400000e+02   1.9133211e+01  -3.8665064e+01  -6.0000000e+01   3.7723092e+01
   2.4000000e+01  -2.1815341e+01   1.4400000e+02   1.4377899e+01  -3.5089103e+01  -6.0000000e+01   4.1476044e+01
   2.4000000e+01  -2.0681244e+01   1.4400000e+02   1.2224812e+01  -3.3980532e+01  -6.0000000e+01   4.5037611e+01
   2.4000000e+01  -2.2217947e+01   1.4400000e+02   9.5652947e+00  -3.0850060e+01  -6.0000000e+01   4.9060402e+01
   2.4000000e+01  -2.1570043e+01   1.4400000e+02   7.7626603e+00  -2.8057804e+01  -6.0000000e+01   5.3008154e+01
   2.4000000e+01  -2.2867724e+01   1.4400000e+02   3.7597235e+00  -2.5679136e+01  -6.0000000e+01   5.6605322e+01
   2.4000000e+01  -2.6906984e+01   1.4400000e+02  -2.4693061e+00  -2.3199010e+01  -6.0000000e+01   5.7818966e+01
   2.4000000e+01  -2.8049552e+01   1.4400000e+02  -9.1666425e+00  -1.9126674e+01  -6.0000000e+01   5.6396335e+01
   2.4000000e+01  -2.5653557e+01   1.4400000e+02  -1.7168712e+01  -2.2048939e+01  -6.0000000e+01   5.4422037e+01
   2.4000000e+01  -2.4939428e+01   1.4400000e+02  -2.4158741e+01  -2.4686969e+01  -6.0000000e+01   4.4605426e+01
   2.4000000e+01  -2.3668588e+01   1.4400000e+02  -2.5340582e+01  -2.5715914e+01  -6.0000000e+01   3.3463749e+01
   2.4000000e+01  -2.2467155e+01   1.4400000e+02  -2.0450930e+01  -3.5366506e+01  -6.0000000e+01   2.1943614e+01
   2.4000000e+01  -2.2330283e+01   1.4400000e+02  -1.0097283e+01  -4.4917314e+01  -6.0000000e+01   1.4049772e+01
   2.4000000e+01  -2.6126230e+01   1.4400000e+02   2.9539527e-02  -5.0598578e+01  -6.0000000e+01   8.0674443e+00
   2.4000000e+01  -2.6247164e+01   1.4400000e+02   9.4020480e+00  -5.4534744e+01  -6.0000000e+01   2.4614279e+00
   2.4000000e+01  -2.5573068e+01   1.4400000e+02   1.8353296e+01  -5.7193235e+01  -6.0000000e+01  -2.6259242e+00
   2.4000000e+01  -2.4151004e+01   1.4400000e+02   2.6407122e+01  -5.8526501e+01  -6.0000000e+01  -6.9088737e+00
   2.4000000e+01  -2.3613768e+01   1.4400000e+02   3.4316591e+01  -5.8644292e+01  -6.0000000e+01  -1.0510393e+01
   2.4000000e+01  -2.2075886e+01   1.4400000e+02   4.3133372e+01  -5.6925852e+01  -6.0000000e+01  -1.2643438e+01
   2.4000000e+01  -2.0756441e+01   1.4400000e+02   4.8118330e+01  -5.8396650e+01  -6.0000000e+01  -1.3962175e+01
   2.4000000e+01  -2.2218271e+01   1.4400000e+02   4.8675822e+01  -6.0064449e+01  -6.0000000e+01  -1.4307272e+01
   2.4000000e+01  -2.0686707e+01   1.4400000e+02   4.8436045e+01  -6.0367632e+01  -6.0000000e+01  -1.1636704e+01
   2.4000000e+01  -2.0299863e+01   1.4400000e+02   4.6521244e+01  -5.9772256e+01  -6.0000000e+01  -8.1706363e+00
   2.4000000e+01  -1.9727084e+01   1.4400000e+02   4.4159528e+01  -5.8299778e+01  -6.0000000e+01  -3.8062096e+00
   2.4000000e+01  -1.9576898e+01   1.4400000e+02   4.2162424e+01  -5.5856666e+01  -6.0000000e+01   6.9221765e-01
   2.4000000e+01  -1.9836044e+01   1.4400000e+02   3.8542239e+01  -5.4160748e+01  -6.0000000e+01   4.7554123e+00
   2.4000000e+01  -1.9999253e+01   1.4400000e+02   3.4701754e+01  -5.0756056e+01  -6.0000000e+01   9.8132102e+00
   2.4000000e+01  -1.8726285e+01   1.4400000e+02   3.1021672e+01  -4.8565056e+01  -6.0000000e+01   1.6455956e+01
   2.4000000e+01  -2.0719083e+01   1.4400000e+02   2.7419894e+01  -4.5339447e+01  -6.0000000e+01   1.9727746e+01
   2.4000000e+01  -1.9291807e+01   1.4400000e+02   2.5488854e+01  -4.4623539e+01  -6.0000000e+01   2.4022349e+01
   2.4000000e+01  -1.8341067e+01   1.4400000e+02   2.3221714e+01  -4.2163748e+01  -6.0000000e+01   2.8739838e+01
   2.4000000e+01  -1.6452414e+01   1.4400000e+02   2.0358989e+01  -3.8707179e+01  -6.0000000e+01   3.3464599e+01
   2.4000000e+01  -1.6301913e+01   1.4400000e+02   1.8169398e+01  -3.7240421e+01  -6.0000000e+01   3.8459494e+01
   2.4000000e+01  -1.5811549e+01   1.4400000e+02   1.6827920e+01  -3.5636748e+01  -6.0000000e+01   4.3405002e+01
   2.4000000e+01  -1.9458435e+01   1.4400000e+02   1.3260389e+01  -3.1719518e+01  -6.0000000e+01   4.8498292e+01
   2.4000000e+01  -1.8919134e+01   1.4400000e+02   1.0936526e+01  -2.8724336e+01  -6.0000000e+01   5.3571281e+01
   2.4000000e+01  -2.0265916e+01   1.4400000e+02   8.1922748e+00  -2.6306453e+01  -6.0000000e+01   5.8327928e+01
   2.4000000e+01  -2.2027936e+01   1.4400000e+02   3.0784006e+00  -2.3851810e+01  -6.0000000e+01   6.3274332e+01
   2.4000000e+01  -2.2681190e+01   1.4400000e+02  -2.2239956e-01  -2.2245164e+01  -6.0000000e+01   6.8197539e+01
   2.4000000e+01  -1.7367331e+01   1.4400000e+02  -3.8254233e+00  -2.0707697e+01  -6.0000000e+01   7.3304476e+01
   2.4000000e+01  -1.7736865e+01   1.4400000e+02  -7.0975426e+00  -2.0366720e+01  -6.0000000e+01   7.7950855e+01
   2.4000000e+01  -1.9463089e+01   1.4400000e+02  -1.0051420e+01  -1.9979171e+01  -6.0000000e+01   8.1357818e+01
   2.4000000e+01  -2.1610985e+01   1.4400000e+02  -1.2668438e+01  -1.9510815e+01  -6.0000000e+01   8.2976414e+01
   2.4000000e+01  -2.8047051e+01   1.4400000e+02  -1.5171149e+01  -1.9080633e+01  -6.0000000e+01   8.1576019e+01
   2.4000000e+01  -2.6025579e+01   1.4400000e+02  -1.6819276e+01  -1.8332716e+01  -6.0000000e+01   7.7422993e+01
   2.4000000e+01  -2.6213211e+01   1.4400000e+02  -1.7378857e+01  -1.7737811e+01  -6.0000000e+01   6.8682578e+01
   2.4000000e+01  -2.0776969e+01   1.4400000e+02  -1.6621747e+01  -2.3222386e+01  -6.0000000e+01   5.8322465e+01
   2.4000000e+01  -1.9513050e+01   1.4400000e+02  -1.4798781e+01  -3.0689348e+01  -6.0000000e+01   4.6393680e+01
   2.4000000e+01  -2.1207809e+01   1.4400000e+02  -7.4934343e+00  -4.0289339e+01  -6.0000000e+01   3.5278638e+01
   2.4000000e+01  -2.1045077e+01   1.4400000e+02  -1.4716116e+00  -4.8516373e+01  -6.0000000e+01   2.4929848e+01
   2.4000000e+01  -2.4851343e+01   1.4400000e+02   7.3639786e+00  -5.1762414e+01  -6.0000000e+01   1.6346890e+01
   2.4000000e+01  -2.6062067e+01   1.4400000e+02   1.3202542e+01  -5.6490382e+01  -6.0000000e+01   8.6417068e+00
   2.4000000e+01  -2.6181186e+01   1.4400000e+02   1.8410963e+01  -6.0578871e+01  -6.0000000e+01   2.7222112e+00
   2.4000000e+01  -2.4653116e+01   1.4400000e+02   2.1850200e+01  -6.3450168e+01  -6.0000000e+01  -1.8695625e+00
   2.4000000e+01  -2.3484026e+01   1.4400000e+02   2.5274115e+01  -6.5179608e+01  -6.0000000e+01  -6.4664408e+00
   2.4000000e+01  -2.2804085e+01   1.4400000e+02   3.0966365e+01  -6.5029383e+01  -6.0000000e+01  -9.7733864e+00
   2.4000000e+01  -2.4648360e+01   1.4400000e+02   3.8229982e+01  -6.3215651e+01  -6.0000000e+01  -1.3269839e+01
   2.4000000e+01  -2.4505234e+01   1.4400000e+02   4.5743533e+01  -6.0556041e+01  -6.0000000e+01  -1.4258860e+01
   2.4000000e+01  -2.4275284e+01   1.4400000e+02   4.8546661e+01  -6.0200162e+01  -6.0000000e+01  -1.3928328e+01
   2.4000000e+01  -2.3331636e+01   1.4400000e+02   4.8758064e+01  -6.0401071e+01  -6.0000000e+01  -1.2306431e+01
   2.4000000e+01  -2.2577548e+01   1.4400000e+02   4.7648701e+01  -5.9918158e+01  -6.0000000e+01  -9.5644898e+00
   2.4000000e+01  -2.2189884e+01   1.4400000e+02   4.4640279e+01  -5.8590396e+01  -6.0000000e+01  -5.5627645e+00
   2.4000000e+01  -2.1010984e+01   1.4400000e+02   4.2407663e+01  -5.6964009e+01  -6.0000000e+01  -6.3665844e-01
   2.4000000e+01  -2.0591573e+01   1.4400000e+02   4.1448956e+01  -5.6265135e+01  -6.0000000e+01   2.5910846e+00
   2.4000000e+01  -2.0498186e+01   1.4400000e+02   3.9503811e+01  -5.5945109e+01  -6.0000000e+01   6.0142467e+00
   2.4000000e+01  -2.1031699e+01   1.4400000e+02   3.7416592e+01  -5.4405708e+01  -6.0000000e+01   8.6897504e+00
   2.4000000e+01  -2.1223068e+01   1.4400000e+02   3.6243938e+01  -5.4019922e+01  -6.0000000e+01   1.2528978e+01
   2.4000000e+01  -2.2040624e+01   1.4400000e+02   3.2439314e+01  -5.1802999e+01  -6.0000000e+01   1.6135310e+01
   2.4000000e+01  -2.1502532e+01   1.4400000e+02   3.0365859e+01  -5.0506229e+01  -6.0000000e+01   1.8930823e+01
   2.4000000e+01  -2.0690933e+01   1.4400000e+02   2.8575340e+01  -4.9358448e+01  -6.0000000e+01   2.2261995e+01
   2.4000000e+01  -1.8926740e+01   1.4400000e+02   2.8310637e+01  -4.8841238e+01  -6.0000000e+01   2.3889724e+01
   2.4000000e+01  -1.8210647e+01   1.4400000e+02   2.6663768e+01  -4.8042911e+01  -6.0000000e+01   2.7398756e+01
   2.4000000e+01  -1.6843223e+01   1.4400000e+02   2.4613713e+01  -4.7306025e+01  -6.0000000e+01   3.0413924e+01
   2.4000000e+01  -1.4532752e+01   1.4400000e+02   2.3007383e+01  -4.6151276e+01  -6.0000000e+01   3.4410716e+01
   2.4000000e+01  -1.5144764e+01   1.4400000e+02   1.9671249e+01  -4.4786574e+01  -6.0000000e+01   3.8345490e+01
   2.4000000e+01  -1.3926173e+01   1.4400000e+02   1.7855491e+01  -4.3596965e+01  -6.0000000e+01   4.3558893e+01
   2.4000000e+01  -1.4228223e+01   1.4400000e+02   1.4630323e+01  -4.2616114e+01  -6.0000000e+01   4.7378857e+01
   2.4000000e+01  -1.8005638e+01   1.4400000e+02   1.1519726e+01  -4.0105778e+01  -6.0000000e+01   5.2229479e+01
   2.4000000e+01  -1.8279985e+01   1.4400000e+02   8.3098271e+00  -3.6825128e+01  -6.0000000e+01   5.6838438e+01
   2.4000000e+01  -2.0530913e+01   1.4400000e+02   5.4275296e+00  -3.3831564e+01  -6.0000000e+01   6.0935250e+01
   2.4000000e+01  -2.3157169e+01   1.4400000e+02   1.6321624e+00  -3.0391455e+01  -6.0000000e+01   6.5758496e+01
   2.4000000e+01  -2.7320124e+01   1.4400000e+02  -3.2896457e+00  -2.7437807e+01  -6.0000000e+01   7.0323767e+01
   2.4000000e+01  -2.9449237e+01   1.4400000e+02  -6.9327779e+00  -2.4690945e+01  -6.0000000e+01   7.3102816e+01
   2.4000000e+01  -2.8869499e+01   1.4400000e+02  -9.9734917e+00  -2.2396261e+01  -6.0000000e+01   7.5694087e+01
   2.4000000e+01  -2.8650811e+01   1.4400000e+02  -1.3776805e+01  -2.0571634e+01  -6.0000000e+01   7.3755346e+01
   2.4000000e+01  -2.3657376e+01   1.4400000e+02  -1.7389953e+01  -1.9351476e+01  -6.0000000e+01   6.4945045e+01
   2.4000000e+01  -2.0448720e+01   1.4400000e+02  -2.0440983e+01  -2.5513386e+01  -6.0000000e+01   5.3697585e+01
   2.4000000e+01  -1.6857269e+01   1.4400000e+02  -1.7082627e+01  -3.3777438e+01  -6.0000000e+01   4.1514707e+01
   2.4000000e+01  -1.8383552e+01   1.4400000e+02  -8.7049534e+00  -4.1431076e+01  -6.0000000e+01   2.9982323e+01
   2.4000000e+01  -2.2008893e+01   1.4400000e+02   3.8190031e-01  -4.7309049e+01  -6.0000000e+01   2.0474544e+01
   2.4000000e+01  -2.4274971e+01   1.4400000e+02   7.5798550e+00  -5.2571558e+01  -6.0000000e+01   1.1019895e+01
   2.4000000e+01  -2.2974361e+01   1.4400000e+02   1.5260271e+01  -5.6355244e+01  -6.0000000e+01   4.6064027e+00
   2.4000000e+01  -2.2016289e+01   1.4400000e+02   2.1875473e+01  -5.9257058e+01  -6.0000000e+01  -8.3218334e-01
   2.4000000e+01  -1.9806191e+01   1.4400000e+02   2.7978855e+01  -6.0515061e+01  -6.0000000e+01  -5.3881518e+00
   2.4000000e+01  -2.0931243e+01   1.4400000e+02   3.3766720e+01  -6.1178596e+01  -6.0000000e+01  -9.8903354e+00
   2.4000000e+01  -2.3277448e+01   1.4400000e+02   4.0536164e+01  -6.0046077e+01  -6.0000000e+01  -1.3922680e+01
   2.4000000e+01  -2.3731796e+01   1.4400000e+02   4.6765853e+01  -5.8662406e+01  -6.0000000e+01  -1.5088272e+01
   2.4000000e+01  -2.3032642e+01   1.4400000e+02   4.8356761e+01  -5.9607010e+01  -6.0000000e+01  -1.4446216e+01
   2.4000000e+01  -2.3072680e+01   1.4400000e+02   4.7380137e+01  -5.9960487e+01  -6.0000000e+01  -1.2259182e+01
   2.4000000e+01  -2.2819906e+01   1.4400000e+02   4.5506937e+01  -5.9020565e+01  -6.0000000e+01  -9.5127716e+00
   2.4000000e+01  -2.1726783e+01   1.4400000e+02   4.3964533e+01  -5.8020320e+01  -6.0000000e+01  -6.4263905e+00
   2.4000000e+01  -2.2141988e+01   1.4400000e+02   4.2267554e+01  -5.6894330e+01  -6.0000000e+01  -4.0224320e+00
   2.4000000e+01  -2.0545838e+01   1.4400000e+02   4.0985088e+01  -5.6183820e+01  -6.0000000e+01   7.3476921e-01
   2.4000000e+01  -1.9739023e+01   1.4400000e+02   3.9947932e+01  -5.5225412e+01  -6.0000000e+01   3.9561788e+00
   2.4000000e+01  -1.9950876e+01   1.4400000e+02   3.7766008e+01  -5.3863500e+01  -6.0000000e+01   8.4025004e+00
   2.4000000e+01  -2.0514706e+01   1.4400000e+02   3.5239052e+01  -5.1588663e+01  -6.0000000e+01   1.2067564e+01
   2.4000000e+01  -1.9952921e+01   1.4400000e+02   3.3069046e+01  -4.9678195e+01  -6.0000000e+01   1.5709756e+01
   2.4000000e+01  -1.8868487e+01   1.4400000e+02   3.0365062e+01  -4.7788166e+01  -6.0000000e+01   2.0322495e+01
   2.4000000e+01  -1.8112265e+01   1.4400000e+02   2.8041194e+01  -4.5801530e+01  -6.0000000e+01   2.2764568e+01
   2.4000000e+01  -1.4946076e+01   1.4400000e+02   2.9831884e+01  -4.5799160e+01  -6.0000000e+01   2.5053770e+01
   2.4000000e+01  -1.2491392e+01   1.4400000e+02   2.9084627e+01  -4.5703920e+01  -6.0000000e+01   2.7653309e+01
   2.4000000e+01  -1.4743899e+01   1.4400000e+02   2.4529405e+01  -4.2116795e+01  -6.0000000e+01   3.2372918e+01
   2.4000000e+01  -1.5214350e+01   1.4400000e+02   2.1956639e+01  -3.9474661e+01  -6.0000000e+01   3.6476372e+01
   2.4000000e+01  -1.5960063e+01   1.4400000e+02   1.8261111e+01  -3.7501002e+01  -6.0000000e+01   4.2501195e+01
   2.4000000e+01  -1.5409569e+01   1.4400000e+02   1.5085564e+01  -3.4792422e+01  -6.0000000e+01   4.7393845e+01
   2.4000000e+01  -1.5181078e+01   1.4400000e+02   1.2911870e+01  -3.1757261e+01  -6.0000000e+01   5.0381137e+01
   2.4000000e+01  -1.6616580e+01   1.4400000e+02   1.0976967e+01  -2.9182560e+01  -6.0000000e+01   5.5293398e+01
   2.4000000e+01  -1.7787809e+01   1.4400000e+02   6.9152012e+00  -2.7118288e+01  -6.0000000e+01   6.0451869e+01
   2.4000000e+01  -1.9772481e+01   1.4400000e+02   6.0766528e-01  -2.6123297e+01  -6.0000000e+01   6.5910818e+01
   2.4000000e+01  -2.2093127e+01   1.4400000e+02  -4.5216026e+00  -2.4913159e+01  -6.0000000e+01   6.8179872e+01
   2.4000000e+01  -2.3119500e+01   1.4400000e+02  -9.9705576e+00  -2.2842349e+01  -6.0000000e+01   6.5302266e+01
   2.4000000e+01  -2.3292986e+01   1.4400000e+02  -1.5968947e+01  -1.8383876e+01  -6.0000000e+01   5.8661873e+01
   2.4000000e+01  -2.0899819e+01   1.4400000e+02  -1.8077595e+01  -2.2493180e+01  -6.0000000e+01   5.0236265e+01
   2.4000000e+01  -2.1747237e+01   1.4400000e+02  -1.8208399e+01  -2.8238567e+01  -6.0000000e+01   3.8280132e+01
   2.4000000e+01  -2.0974660e+01   1.4400000e+02  -1.1734677e+01  -3.7591948e+01  -6.0000000e+01   2.6577542e+01
   2.4000000e+01  -2.3901501e+01   1.4400000e+02  -2.9814977e+00  -4.6847224e+01  -6.0000000e+01   1.7301591e+01
   2.4000000e+01  -2.6630168e+01   1.4400000e+02   5.5875017e+00  -5.2957724e+01  -6.0000000e+01   1.1670504e+01
   2.4000000e+01  -2.5957230e+01   1.4400000e+02   1.2408190e+01  -5.7273294e+01  -6.0000000e+01   6.0902159e+00
   2.4000000e+01  -2.5754774e+01   1.4400000e+02   1.8113104e+01  -6.0728202e+01  -6.0000000e+01   2.4573528e-01
   2.4000000e+01  -2.3910678e+01   1.4400000e+02   2.2014104e+01  -6.3446104e+01  -6.0000000e+01  -4.5509551e+00
   2.4000000e+01  -2.3151863e+01   1.4400000e+02   2.5502912e+01  -6.5570156e+01  -6.0000000e+01  -7.9696323e+00
   2.4000000e+01  -2.1482650e+01   1.4400000e+02   2.9194954e+01  -6.6376544e+01  -6.0000000e+01  -1.1794113e+01
   2.4000000e+01  -2.2666011e+01   1.4400000e+02   3.3956510e+01  -6.6063848e+01  -6.0000000e+01  -1.4709063e+01
   2.4000000e+01  -2.2885973e+01   1.4400000e+02   4.1129152e+01  -6.3407647e+01  -6.0000000e+01  -1.6234378e+01
   2.4000000e+01  -2.3463054e+01   1.4400000e+02   4.7195436e+01  -6.1286759e+01  -6.0000000e+01  -1.6335175e+01
   2.4000000e+01  -2.2564302e+01   1.4400000e+02   4.8136854e+01  -6.1737082e+01  -6.0000000e+01  -1.5089868e+01
   2.4000000e+01  -2.3128122e+01   1.4400000e+02   4.7102950e+01  -6.1330166e+01  -6.0000000e+01  -1.3206020e+01
   2.4000000e+01  -2.1845850e+01   1.4400000e+02   4.5821445e+01  -6.0439109e+01  -6.0000000e+01  -9.9495916e+00
   2.4000000e+01  -2.1112329e+01   1.4400000e+02   4.4798987e+01  -5.9524251e+01  -6.0000000e+01  -6.5142601e+00
   2.4000000e+01  -1.9719271e+01   1.4400000e+02   4.3967185e+01  -5.8735022e+01  -6.0000000e+01  -2.7634106e+00
   2.4000000e+01  -1.9188508e+01   1.4400000e+02   4.1814396e+01  -5.8222880e+01  -6.0000000e+01   2.1424862e+00
   2.4000000e+01  -2.0180987e+01   1.4400000e+02   3.9261868e+01  -5.6607809e+01  -6.0000000e+01   6.1576932e+00
   2.4000000e+01  -1.9528609e+01   1.4400000e+02   3.7906184e+01  -5.5434596e+01  -6.0000000e+01   1.0323356e+01
   2.4000000e+01  -2.1380350e+01   1.4400000e+02   3.4966505e+01  -5.2694080e+01  -6.0000000e+01   1.3316459e+01
   2.4000000e+01  -2.0476596e+01   1.4400000e+02   3.1861693e+01  -5.0789676e+01  -6.0000000e+01   1.7790831e+01
   2.4000000e+01  -2.0727317e+01   1.4400000e+02   2.8978113e+01  -4.8340192e+01  -6.0000000e+01   2.0681352e+01
   2.4000000e+01  -1.8627543e+01   1.4400000e+02   2.7454964e+01  -4.7526889e+01  -6.0000000e+01   2.4508831e+01
   2.4000000e+01  -1.6269728e+01   1.4400000e+02   2.6590352e+01  -4.6456424e+01  -6.0000000e+01   2.8990361e+01
   2.4000000e+01  -1.6891917e+01   1.4400000e+02   2.2271015e+01  -4.4787385e+01  -6.0000000e+01   3.4249756e+01
   2.4000000e+01  -1.8840700e+01   1.4400000e+02   2.0671483e+01  -4.1164970e+01  -6.0000000e+01   3.8600836e+01
   2.4000000e+01  -1.8764136e+01   1.4400000e+02   1.6754528e+01  -4.0069740e+01  -6.0000000e+01   4.4528797e+01
   2.4000000e+01  -2.0790480e+01   1.4400000e+02   1.3420945e+01  -3.7120995e+01  -6.0000000e+01   4.9290888e+01
   2.4000000e+01  -2.2231248e+01   1.4400000e+02   9.3478140e+00  -3.3471565e+01  -6.0000000e+01   5.5242657e+01
   2.4000000e+01  -2.0805438e+01   1.4400000e+02   5.7861368e+00  -3.1056448e+01  -6.0000000e+01   6.0079890e+01
   2.4000000e+01  -2.1191825e+01   1.4400000e+02   1.6335927e+00  -3.0194227e+01  -6.0000000e+01   6.5170796e+01
   2.4000000e+01  -1.9808412e+01   1.4400000e+02  -2.6872565e+00  -2.9692634e+01  -6.0000000e+01   7.1053811e+01
   2.4000000e+01  -2.3947707e+01   1.4400000e+02  -6.6948193e+00  -2.8122207e+01  -6.0000000e+01   7.4775815e+01
   2.4000000e+01  -2.6296428e+01   1.4400000e+02  -1.2324049e+01  -2.7939771e+01  -6.0000000e+01   7.8040657e+01
   2.4000000e+01  -2.4096080e+01   1.4400000e+02  -1.6730003e+01  -2.6195565e+01  -6.0000000e+01   7.1352277e+01
   2.4000000e+01  -1.9035925e+01   1.4400000e+02  -2.2303590e+01  -2.9500594e+01  -6.0000000e+01   5.9942801e+01
   2.4000000e+01  -1.9765591e+01   1.4400000e+02  -2.1973697e+01  -2.9759857e+01  -6.0000000e+01   4.7876042e+01
   2.4000000e+01  -1.8613068e+01   1.4400000e+02  -1.7862853e+01  -3.5157911e+01  -6.0000000e+01   3.5558956e+01
   2.4000000e+01  -2.0971026e+01   1.4400000e+02  -1.0291132e+01  -4.3553115e+01  -6.0000000e+01   2.4207106e+01
   2.4000000e+01  -2.5140248e+01   1.4400000e+02  -3.0215995e+00  -5.1171275e+01  -6.0000000e+01   1.4027119e+01
   2.4000000e+01  -2.6609602e+01   1.4400000e+02   4.4458429e+00  -5.6807664e+01  -6.0000000e+01   6.1078665e+00
   2.4000000e+01  -2.6100010e+01   1.4400000e+02   1.1616884e+01  -5.9835344e+01  -6.0000000e+01   1.0364795e-01
   2.4000000e+01  -2.5690715e+01   1.4400000e+02   1.7501653e+01  -6.2771904e+01  -6.0000000e+01  -3.9602960e+00
   2.4000000e+01  -2.3964977e+01   1.4400000e+02   2.2178570e+01  -6.4770724e+01  -6.0000000e+01  -7.7572100e+00
   2.4000000e+01  -2.4528956e+01   1.4400000e+02   2.7609184e+01  -6.5435151e+01  -6.0000000e+01  -1.0700097e+01
   2.4000000e+01  -2.5695934e+01   1.4400000e+02   3.4991046e+01  -6.3657956e+01  -6.0000000e+01  -1.3467396e+01
   2.4000000e+01  -2.4696355e+01   1.4400000e+02   4.3579426e+01  -5.9823278e+01  -6.0000000e+01  -1.4625611e+01
   2.4000000e+01  -2.3502638e+01   1.4400000e+02   4.6691613e+01  -6.0281244e+01  -6.0000000e+01  -1.4740793e+01
   2.4000000e+01  -2.1949752e+01   1.4400000e+02   4.7409027e+01  -6.1067033e+01  -6.0000000e+01  -1.3020873e+01
   2.4000000e+01  -2.1300624e+01   1.4400000e+02   4.6268984e+01  -6.1280280e+01  -6.0000000e+01  -1.0261109e+01
   2.4000000e+01  -2.1118992e+01   1.4400000e+02   4.4643781e+01  -6.0362602e+01  -6.0000000e+01  -7.4094627e+00
   2.4000000e+01  -2.0320968e+01   1.4400000e+02   4.2653065e+01  -5.9492790e+01  -6.0000000e+01  -3.1028286e+00
   2.4000000e+01  -2.0134218e+01   1.4400000e+02   4.0677794e+01  -5.8711649e+01  -6.0000000e+01   1.9673850e+00
   2.4000000e+01  -1.9818205e+01   1.4400000e+02   3.8686070e+01  -5.7505710e+01  -6.0000000e+01   6.7186584e+00
   2.4000000e+01  -2.1057599e+01   1.4400000e+02   3.5767993e+01  -5.4846019e+01  -6.0000000e+01   1.1129471e+01
   2.4000000e+01  -2.1079408e+01   1.4400000e+02   3.1610293e+01  -5.2896834e+01  -6.0000000e+01   1.6221481e+01
   2.4000000e+01  -2.0598887e+01   1.4400000e+02   2.8453171e+01  -4.9587930e+01  -6.0000000e+01   2.0908354e+01
   2.4000000e+01  -1.9836589e+01   1.4400000e+02   2.7100698e+01  -4.8047360e+01  -6.0000000e+01   2.3972741e+01
   2.4000000e+01  -1.7236725e+01   1.4400000e+02   2.4998500e+01  -4.8238575e+01  -6.0000000e+01   2.7588889e+01
   2.4000000e+01  -1.6741231e+01   1.4400000e+02   2.3263946e+01  -4.5956824e+01  -6.0000000e+01   3.2118129e+01
   2.4000000e+01  -1.7668508e+01   1.4400000e+02   2.0201853e+01  -4.1348303e+01  -6.0000000e+01   3.6857250e+01
   2.4000000e+01  -2.0781224e+01   1.4400000e+02   1.6919480e+01  -3.7784796e+01  -6.0000000e+01   4.1652924e+01
   2.4000000e+01  -2.0109860e+01   1.4400000e+02   1.4078885e+01  -3.4289848e+01  -6.0000000e+01   4.5783426e+01
   2.4000000e+01  -1.7772413e+01   1.4400000e+02   1.0417128e+01  -3.3314029e+01  -6.0000000e+01   5.2566898e+01
   2.4000000e+01  -1.4529669e+01   1.4400000e+02   9.3842113e+00  -3.4491346e+01  -6.0000000e+01   5.7394058e+01
   2.4000000e+01  -1.7304613e+01   1.4400000e+02   5.0958667e+00  -3.5137668e+01  -6.0000000e+01   6.3586190e+01
   2.4000000e+01  -1.6717986e+01   1.4400000e+02   1.3795347e+00  -3.5157349e+01  -6.0000000e+01   6.9020493e+01
   2.4000000e+01  -2.0735087e+01   1.4400000e+02  -3.3393012e+00  -3.3001464e+01  -6.0000000e+01   7.4183344e+01
   2.4000000e+01  -1.8979955e+01   1.4400000e+02  -7.4299040e+00  -3.2205613e+01  -6.0000000e+01   8.0942318e+01
   2.4000000e+01  -1.8622312e+01   1.4400000e+02  -8.7140555e+00  -3.1436170e+01  -6.0000000e+01   8.4010701e+01
   2.4000000e+01  -2.2316421e+01   1.4400000e+02  -1.0352812e+01  -3.0859544e+01  -6.0000000e+01   8.5960381e+01
   2.4000000e+01  -2.2346566e+01   1.4400000e+02  -1.1929655e+01  -3.0409145e+01  -6.0000000e+01   8.7024630e+01
   2.4000000e+01  -2.6967440e+01   1.4400000e+02  -1.3440333e+01  -3.0029591e+01  -6.0000000e+01   8.6864316e+01
   2.4000000e+01  -2.8257225e+01   1.4400000e+02  -1.4950687e+01  -2.9617983e+01  -6.0000000e+01   8.6671572e+01
   2.4000000e+01  -2.7817016e+01   1.4400000e+02  -1.6042174e+01  -2.9068794e+01  -6.0000000e+01   8.4051420e+01
   2.4000000e+01  -2.8997483e+01   1.4400000e+02  -1.8101653e+01  -2.9117051e+01  -6.0000000e+01   7.7257462e+01
   2.4000000e+01  -2.5323767e+01   1.4400000e+02  -2.1555240e+01  -2.7084020e+01  -6.0000000e+01   6.7462809e+01
   2.4000000e+01  -2.1056442e+01   1.4400000e+02  -2.5138728e+01  -2.6093553e+01  -6.0000000e+01   5.6218846e+01
   2.4000000e+01  -1.8609923e+01   1.4400000e+02  -2.5841575e+01  -2.6581631e+01  -6.0000000e+01   4.4569460e+01
   2.4000000e+01  -1.8163146e+01   1.4400000e+02  -2.2554693e+01  -3.1866419e+01  -6.0000000e+01   3.3361278e+01
   2.4000000e+01  -1.9558468e+01   1.4400000e+02  -1.5327098e+01  -3.6668727e+01  -6.0000000e+01   2.1527269e+01
   2.4000000e+01  -1.9941850e+01   1.4400000e+02  -4.9603223e+00  -4.2960106e+01  -6.0000000e+01   1.1816850e+01
   2.4000000e+01  -2.3523965e+01   1.4400000e+02   4.7262373e+00  -4.8644138e+01  -6.0000000e+01   3.6821948e+00
   2.4000000e+01  -2.4503554e+01   1.4400000e+02   1.4596274e+01  -5.2369627e+01  -6.0000000e+01  -1.3089989e+00
   2.4000000e+01  -2.3901670e+01   1.4400000e+02   2.3911722e+01  -5.4610646e+01  -6.0000000e+01  -5.3388399e+00
   2.4000000e+01  -2.3935179e+01   1.4400000e+02   3.2709760e+01  -5.5581985e+01  -6.0000000e+01  -7.8004086e+00
   2.4000000e+01  -2.2981376e+01   1.4400000e+02   3.9335518e+01  -5.6328319e+01  -6.0000000e+01  -9.4699648e+00
   2.4000000e+01  -2.1808622e+01   1.4400000e+02   4.2710558e+01  -5.8851483e+01  -6.0000000e+01  -8.6913231e+00
   2.4000000e+01  -2.1378041e+01   1.4400000e+02   4.2819332e+01  -5.9869048e+01  -6.0000000e+01  -7.3284352e+00
   2.4000000e+01  -2.1787191e+01   1.4400000e+02   4.1418831e+01  -6.0044341e+01  -6.0000000e+01  -5.1395938e+00
   2.4000000e+01  -2.0603254e+01   1.4400000e+02   4.0522419e+01  -5.9687515e+01  -6.0000000e+01  -1.7401359e+00
   2.4000000e+01  -2.0101386e+01   1.4400000e+02   3.9137501e+01  -5.9149544e+01  -6.0000000e+01   3.3855513e+00
   2.4000000e+01  -1.9425820e+01   1.4400000e+02   3.6741888e+01  -5.7774680e+01  -6.0000000e+01   8.7412061e+00
   2.4000000e+01  -2.0245060e+01   1.4400000e+02   3.3131218e+01  -5.4932901e+01  -6.0000000e+01   1.4211624e+01
   2.4000000e+01  -2.0860144e+01   1.4400000e+02   2.8401817e+01  -5.1513034e+01  -6.0000000e+01   1.9525285e+01
   2.4000000e+01  -2.1424513e+01   1.4400000e+02   2.5358272e+01  -4.8724654e+01  -6.0000000e+01   2.3167220e+01
   2.4000000e+01  -2.0978000e+01   1.4400000e+02   2.3412125e+01  -4.7357510e+01  -6.0000000e+01   2.6653304e+01
   2.4000000e+01  -1.9001432e+01   1.4400000e+02   2.3334580e+01  -4.6798471e+01  -6.0000000e+01   2.8802371e+01
   2.4000000e+01  -1.5712782e+01   1.4400000e+02   2.2830324e+01  -4.7540869e+01  -6.0000000e+01   3.2638462e+01
   2.4000000e+01  -1.8727799e+01   1.4400000e+02   2.0036715e+01  -4.4465215e+01  -6.0000000e+01   3.6309976e+01
   2.4000000e+01  -2.0581983e+01   1.4400000e+02   1.7431894e+01  -4.1163852e+01  -6.0000000e+01   4.0973847e+01
   2.4000000e+01  -2.1577257e+01   1.4400000e+02   1.4972057e+01  -3.7849898e+01  -6.0000000e+01   4.6288700e+01
   2.4000000e+01  -2.1848917e+01   1.4400000e+02   1.3053635e+01  -3.5223726e+01  -6.0000000e+01   4.9636380e+01
   2.4000000e+01  -1.8561409e+01   1.4400000e+02   1.0148127e+01  -3.4726526e+01  -6.0000000e+01   5.4997009e+01
   2.4000000e+01  -1.7069144e+01   1.4400000e+02   8.6789312e+00  -3.5529753e+01  -6.0000000e+01   5.9672136e+01
   2.4000000e+01  -1.8843541e+01   1.4400000e+02   4.0577052e+00  -3.6097091e+01  -6.0000000e+01   6.5908967e+01
   2.4000000e+01  -2.1104033e+01   1.4400000e+02  -3.7857908e-01  -3.6472728e+01  -6.0000000e+01   7.0872031e+01
   2.4000000e+01  -2.0545982e+01   1.4400000e+02  -3.2330845e+00  -3.5733337e+01  -6.0000000e+01   7.4618893e+01
   2.4000000e+01  -1.8173162e+01   1.4400000e+02  -6.3518099e+00  -3.5288617e+01  -6.0000000e+01   7.7877659e+01
   2.4000000e+01  -1.6044891e+01   1.4400000e+02  -8.0838625e+00  -3.4887340e+01  -6.0000000e+01   8.2786187e+01
   2.4000000e+01  -1.6888756e+01   1.4400000e+02  -8.3804785e+00  -3.4493310e+01  -6.0000000e+01   8.5719768e+01
   2.4000000e+01  -1.4074872e+01   1.4400000e+02  -8.8495519e+00  -3.4206477e+01  -6.0000000e+01   8.6767850e+01
   2.4000000e+01  -1.4997817e+01   1.4400000e+02  -1.0847900e+01  -3.4032088e+01  -6.0000000e+01   8.7212409e+01
   2.4000000e+01  -1.6468598e+01   1.4400000e+02  -1.2010537e+01  -3.3753570e+01  -6.0000000e+01   8.7055051e+01
   2.4000000e+01  -1.1147878e+01   1.4400000e+02  -1.1207416e+01  -3.3188550e+01  -6.0000000e+01   8.7604316e+01
   2.4000000e+01  -7.1127753e+00   1.4400000e+02  -9.9852696e+00  -3.2716801e+01  -6.0000000e+01   8.6911965e+01
   2.4000000e+01  -1.0564308e+01   1.4400000e+02  -8.3090512e+00  -2.9511553e+01  -6.0000000e+01   7.8430614e+01
   2.4000000e+01  -1.3556793e+01   1.4400000e+02  -1.3343490e+01  -2.6294765e+01  -6.0000000e+01   6.8567931e+01
   2.4000000e+01  -1.5956807e+01   1.4400000e+02  -2.0842544e+01  -2.7211447e+01  -6.0000000e+01   5.6990078e+01
   2.4000000e+01  -1.5708875e+01   1.4400000e+02  -2.5346565e+01  -2.7097665e+01  -6.0000000e+01   4.4822320e+01
   2.4000000e+01  -1.7949179e+01   1.4400000e+02  -2.3803883e+01  -2.9219314e+01  -6.0000000e+01   3.2636376e+01
   2.4000000e+01  -1.7524920e+01   1.4400000e+02  -1.7597302e+01  -3.4778078e+01  -6.0000000e+01   2.0861724e+01
   2.4000000e+01  -2.0299134e+01   1.4400000e+02  -8.4722183e+00  -4.2479381e+01  -6.0000000e+01   1.0130568e+01
   2.4000000e+01  -2.2611906e+01   1.4400000e+02   8.1835283e-01  -4.9600016e+01  -6.0000000e+01   1.4076052e+00
   2.4000000e+01  -2.3991438e+01   1.4400000e+02   1.0379030e+01  -5.4337080e+01  -6.0000000e+01  -3.3835409e+00
   2.4000000e+01  -2.4599322e+01   1.4400000e+02   1.9526870e+01  -5.6173076e+01  -6.0000000e+01  -8.5931361e+00
   2.4000000e+01  -2.4067066e+01   1.4400000e+02   2.7738740e+01  -5.7203128e+01  -6.0000000e+01  -1.2574280e+01
   2.4000000e+01  -2.3166965e+01   1.4400000e+02   3.6588208e+01  -5.6888985e+01  -6.0000000e+01  -1.4896524e+01
   2.4000000e+01  -2.2179213e+01   1.4400000e+02   4.5086629e+01  -5.5735641e+01  -6.0000000e+01  -1.7252227e+01
   2.4000000e+01  -2.0318897e+01   1.4400000e+02   5.0050634e+01  -5.7726313e+01  -6.0000000e+01  -1.7788368e+01
   2.4000000e+01  -2.0983918e+01   1.4400000e+02   5.1060664e+01  -5.9765215e+01  -6.0000000e+01  -1.8059623e+01
   2.4000000e+01  -1.8607044e+01   1.4400000e+02   5.0947607e+01  -6.1079455e+01  -6.0000000e+01  -1.5713813e+01
   2.4000000e+01  -1.8210545e+01   1.4400000e+02   4.9711947e+01  -6.1138487e+01  -6.0000000e+01  -1.3374649e+01
   2.4000000e+01  -1.8821028e+01   1.4400000e+02   4.7491280e+01  -6.0268837e+01  -6.0000000e+01  -1.0806176e+01
   2.4000000e+01  -1.6245642e+01   1.4400000e+02   4.5803066e+01  -5.8552597e+01  -6.0000000e+01  -6.9127199e+00
   2.4000000e+01  -1.6677129e+01   1.4400000e+02   4.2813853e+01  -5.6103650e+01  -6.0000000e+01  -1.7531054e+00
   2.4000000e+01  -1.6777425e+01   1.4400000e+02   3.9833957e+01  -5.3084967e+01  -6.0000000e+01   2.2006087e+00
   2.4000000e+01  -1.7721018e+01   1.4400000e+02   3.7262506e+01  -5.0423929e+01  -6.0000000e+01   6.9713296e+00
   2.4000000e+01  -1.7865102e+01   1.4400000e+02   3.4191613e+01  -4.7456128e+01  -6.0000000e+01   1.0671028e+01
   2.4000000e+01  -1.8164543e+01   1.4400000e+02   3.0142550e+01  -4.5749829e+01  -6.0000000e+01   1.5861325e+01
   2.4000000e+01  -1.7388851e+01   1.4400000e+02   2.9603256e+01  -4.4859051e+01  -6.0000000e+01   1.9169875e+01
   2.4000000e+01  -1.4012312e+01   1.4400000e+02   2.8891483e+01  -4.4877898e+01  -6.0000000e+01   2.2907333e+01
   2.4000000e+01  -1.5366585e+01   1.4400000e+02   2.5742015e+01  -4.2186899e+01  -6.0000000e+01   2.8386052e+01
   2.4000000e+01  -1.7232351e+01   1.4400000e+02   2.3744011e+01  -3.8589945e+01  -6.0000000e+01   3.2576663e+01
   2.4000000e+01  -1.8313804e+01   1.4400000e+02   1.8940065e+01  -3.4654487e+01  -6.0000000e+01   3.7912673e+01
   2.4000000e+01  -2.2310862e+01   1.4400000e+02   1.5753298e+01  -3.0466696e+01  -6.0000000e+01   4.0645057e+01
   2.4000000e+01  -2.2765740e+01   1.4400000e+02   1.2357894e+01  -2.8377440e+01  -6.0000000e+01   4.5933446e+01
   2.4000000e+01  -2.1139898e+01   1.4400000e+02   1.0121055e+01  -2.5680045e+01  -6.0000000e+01   4.9769882e+01
   2.4000000e+01  -2.2368674e+01   1.4400000e+02   7.2524163e+00  -2.3503670e+01  -6.0000000e+01   5.4000274e+01
   2.4000000e+01  -2.0711616e+01   1.4400000e+02   5.1590429e+00  -2.1159711e+01  -6.0000000e+01   5.8364456e+01
   2.4000000e+01  -2.3318535e+01   1.4400000e+02   1.9157564e+00  -1.8601897e+01  -6.0000000e+01   6.1730629e+01
   2.4000000e+01  -2.5613994e+01   1.4400000e+02  -1.3674008e+00  -1.5897069e+01  -6.0000000e+01   6.4451577e+01
   2.4000000e+01  -2.8668794e+01   1.4400000e+02  -6.5039404e+00  -1.3441900e+01  -6.0000000e+01   6.8434815e+01
   2.4000000e+01  -3.0141895e+01   1.4400000e+02  -1.0271871e+01  -1.1378299e+01  -6.0000000e+01   6.9603986e+01
   2.4000000e+01  -2.9343800e+01   1.4400000e+02  -1.3766199e+01  -1.2036402e+01  -6.0000000e+01   6.6873583e+01
   2.4000000e+01  -2.7679255e+01   1.4400000e+02  -2.0012436e+01  -1.5368477e+01  -6.0000000e+01   5.8286462e+01
   2.4000000e+01  -2.3732010e+01   1.4400000e+02  -1.9064005e+01  -2.3248083e+01  -6.0000000e+01   4.6418731e+01
   2.4000000e+01  -2.3253427e+01   1.4400000e+02  -1.3024265e+01  -3.4116240e+01  -6.0000000e+01   3.4642010e+01
   2.4000000e+01  -2.4438914e+01   1.4400000e+02  -3.3409709e+00  -4.3826572e+01  -6.0000000e+01   2.3800494e+01
   2.4000000e+01  -2.7591854e+01   1.4400000e+02   6.3787526e+00  -4.9041027e+01  -6.0000000e+01   1.5267997e+01
   2.4000000e+01  -2.7449847e+01   1.4400000e+02   1.6215321e+01  -5.2270762e+01  -6.0000000e+01   9.1701144e+00
   2.4000000e+01  -2.7741973e+01   1.4400000e+02   2.4826359e+01  -5.5091070e+01  -6.0000000e+01   3.1106573e+00
   2.4000000e+01  -2.6339798e+01   1.4400000e+02   3.2175490e+01  -5.7346411e+01  -6.0000000e+01  -2.7506424e+00
   2.4000000e+01  -2.4810043e+01   1.4400000e+02   3.6950954e+01  -5.9489812e+01  -6.0000000e+01  -8.6168725e+00
   2.4000000e+01  -2.4143643e+01   1.4400000e+02   4.3007350e+01  -5.9622075e+01  -6.0000000e+01  -1.2537153e+01
   2.4000000e+01  -2.4882118e+01   1.4400000e+02   4.7835026e+01  -5.9430532e+01  -6.0000000e+01  -1.5645632e+01
   2.4000000e+01  -2.5029157e+01   1.4400000e+02   4.9185590e+01  -6.0448427e+01  -6.0000000e+01  -1.7173938e+01
   2.4000000e+01  -2.5252680e+01   1.4400000e+02   4.8866001e+01  -6.0539833e+01  -6.0000000e+01  -1.6757713e+01
   2.4000000e+01  -2.2939561e+01   1.4400000e+02   4.8970123e+01  -6.0293951e+01  -6.0000000e+01  -1.4469326e+01
   2.4000000e+01  -2.1570900e+01   1.4400000e+02   4.7884929e+01  -5.9368714e+01  -6.0000000e+01  -1.2168716e+01
   2.4000000e+01  -1.9870434e+01   1.4400000e+02   4.7891359e+01  -5.8424218e+01  -6.0000000e+01  -8.4548800e+00
   2.4000000e+01  -1.9071338e+01   1.4400000e+02   4.6184856e+01  -5.7422436e+01  -6.0000000e+01  -3.8248357e+00
   2.4000000e+01  -1.8521800e+01   1.4400000e+02   4.4289165e+01  -5.5511032e+01  -6.0000000e+01  -5.4578930e-01
   2.4000000e+01  -1.8434833e+01   1.4400000e+02   4.1144876e+01  -5.3078140e+01  -6.0000000e+01   3.7410502e+00
   2.4000000e+01  -1.7981188e+01   1.4400000e+02   3.9919606e+01  -5.1162558e+01  -6.0000000e+01   6.6239982e+00
   2.4000000e+01  -1.7650632e+01   1.4400000e+02   3.7606456e+01  -5.0055109e+01  -6.0000000e+01   1.0223487e+01
   2.4000000e+01  -1.4489387e+01   1.4400000e+02   3.6263608e+01  -4.9236760e+01  -6.0000000e+01   1.4881524e+01
   2.4000000e+01  -1.4247787e+01   1.4400000e+02   3.4828149e+01  -4.7252818e+01  -6.0000000e+01   1.8580235e+01
   2.4000000e+01  -1.2599266e+01   1.4400000e+02   3.1448142e+01  -4.6538941e+01  -6.0000000e+01   2.3820597e+01
   2.4000000e+01  -1.1043069e+01   1.4400000e+02   2.7975042e+01  -4.5421593e+01  -6.0000000e+01   2.8510775e+01
   2.4000000e+01  -1.2751530e+01   1.4400000e+02   2.5995963e+01  -4.2202430e+01  -6.0000000e+01   3.2852699e+01
   2.4000000e+01  -1.6489077e+01   1.4400000e+02   2.1734172e+01  -3.6855219e+01  -6.0000000e+01   3.7464007e+01
   2.4000000e+01  -1.4980690e+01   1.4400000e+02   1.8436014e+01  -3.5495475e+01  -6.0000000e+01   4.2218054e+01
   2.4000000e+01  -1.4521474e+01   1.4400000e+02   1.6810254e+01  -3.2501397e+01  -6.0000000e+01   4.6411677e+01
   2.4000000e+01  -1.7488317e+01   1.4400000e+02   1.3287007e+01  -2.9110667e+01  -6.0000000e+01   5.1664630e+01
   2.4000000e+01  -2.2034938e+01   1.4400000e+02   7.5880060e+00  -2.4643856e+01  -6.0000000e+01   5.6041288e+01
   2.4000000e+01  -2.3040382e+01   1.4400000e+02   1.9801204e+00  -2.0651116e+01  -6.0000000e+01   5.9523777e+01
   2.4000000e+01  -2.4670141e+01   1.4400000e+02  -4.3773722e+00  -1.6716374e+01  -6.0000000e+01   6.3819281e+01
   2.4000000e+01  -2.6863973e+01   1.4400000e+02  -1.0430480e+01  -1.3847188e+01  -6.0000000e+01   6.0900104e+01
   2.4000000e+01  -2.4315846e+01   1.4400000e+02  -1.7581084e+01  -1.4854532e+01  -6.0000000e+01   5.6212255e+01
   2.4000000e+01  -2.4523867e+01   1.4400000e+02  -2.4373873e+01  -2.0494398e+01  -6.0000000e+01   4.7413055e+01
   2.4000000e+01  -2.2754083e+01   1.4400000e+02  -2.3532130e+01  -2.8029191e+01  -6.0000000e+01   3.6093825e+01
   2.4000000e+01  -2.1917960e+01   1.4400000e+02  -1.7770992e+01  -3.8168709e+01  -6.0000000e+01   2.4254746e+01
   2.4000000e+01  -2.2603801e+01   1.4400000e+02  -7.7915273e+00  -4.7695734e+01  -6.0000000e+01   1.5533396e+01
   2.4000000e+01  -2.4151467e+01   1.4400000e+02   1.8191342e+00  -5.2062531e+01  -6.0000000e+01   9.1694562e+00
   2.4000000e+01  -2.5600646e+01   1.4400000e+02   9.5991834e+00  -5.6837469e+01  -6.0000000e+01   2.6935799e+00
   2.4000000e+01  -2.5079855e+01   1.4400000e+02   1.6204946e+01  -6.0351081e+01  -6.0000000e+01  -2.0491383e+00
   2.4000000e+01  -2.3384133e+01   1.4400000e+02   2.1770953e+01  -6.2942636e+01  -6.0000000e+01  -6.0233683e+00
   2.4000000e+01  -2.3111310e+01   1.4400000e+02   2.6069160e+01  -6.4781735e+01  -6.0000000e+01  -9.8538813e+00
   2.4000000e+01  -2.2680702e+01   1.4400000e+02   3.1764523e+01  -6.5009968e+01  -6.0000000e+01  -1.2220116e+01
   2.4000000e+01  -2.3785280e+01   1.4400000e+02   3.7407006e+01  -6.4708219e+01  -6.0000000e+01  -1.5015760e+01
   2.4000000e+01  -2.6209194e+01   1.4400000e+02   4.4686194e+01  -6.2040440e+01  -6.0000000e+01  -1.6509414e+01
   2.4000000e+01  -2.5513343e+01   1.4400000e+02   4.7802687e+01  -6.1596443e+01  -6.0000000e+01  -1.6890722e+01
   2.4000000e+01  -2.5038449e+01   1.4400000e+02   4.7689965e+01  -6.1881930e+01  -6.0000000e+01  -1.4827082e+01
   2.4000000e+01  -2.4469728e+01   1.4400000e+02   4.6454658e+01  -6.1084477e+01  -6.0000000e+01  -1.2804302e+01
   2.4000000e+01  -2.3222799e+01   1.4400000e+02   4.5440003e+01  -6.0060664e+01  -6.0000000e+01  -9.8848549e+00
   2.4000000e+01  -2.2601732e+01   1.4400000e+02   4.2848656e+01  -5.8485600e+01  -6.0000000e+01  -5.5213491e+00
   2.4000000e+01  -2.1835301e+01   1.4400000e+02   4.1105179e+01  -5.6755912e+01  -6.0000000e+01  -4.9092484e-01
   2.4000000e+01  -2.1390828e+01   1.4400000e+02   3.9719848e+01  -5.5292218e+01  -6.0000000e+01   3.2480362e+00
   2.4000000e+01  -2.1733294e+01   1.4400000e+02   3.7155117e+01  -5.3063838e+01  -6.0000000e+01   6.6481126e+00
   2.4000000e+01  -2.2358217e+01   1.4400000e+02   3.3959103e+01  -5.1397041e+01  -6.0000000e+01   1.1169134e+01
   2.4000000e+01  -2.0298627e+01   1.4400000e+02   3.2487813e+01  -5.0305808e+01  -6.0000000e+01   1.6630917e+01
   2.4000000e+01  -2.0624220e+01   1.4400000e+02   3.0319120e+01  -4.8253211e+01  -6.0000000e+01   2.0431320e+01
   2.4000000e+01  -2.0293244e+01   1.4400000e+02   2.6712967e+01  -4.6781813e+01  -6.0000000e+01   2.3937165e+01
   2.4000000e+01  -1.7929351e+01   1.4400000e+02   2.6311253e+01  -4.6172106e+01  -6.0000000e+01   2.6463113e+01
   2.4000000e+01  -1.4984608e+01   1.4400000e+02   2.6202460e+01  -4.5951143e+01  -6.0000000e+01   2.9360193e+01
   2.4000000e+01  -1.7016941e+01   1.4400000e+02   2.3305185e+01  -4.3454439e+01  -6.0000000e+01   3.2417003e+01
   2.4000000e+01  -1.5957776e+01   1.4400000e+02   2.2124110e+01  -4.3146247e+01  -6.0000000e+01   3.5903307e+01
   2.4000000e+01  -1.7946379e+01   1.4400000e+02   1.9813579e+01  -3.9529948e+01  -6.0000000e+01   4.1634536e+01
   2.4000000e+01  -2.0865033e+01   1.4400000e+02   1.5135196e+01  -3.5988653e+01  -6.0000000e+01   4.6467996e+01
   2.4000000e+01  -2.1530192e+01   1.4400000e+02   1.1286618e+01  -3.2487445e+01  -6.0000000e+01   4.9981603e+01
   2.4000000e+01  -2.1494502e+01   1.4400000e+02   8.3074798e+00  -3.0766636e+01  -6.0000000e+01   5.5686754e+01
   2.4000000e+01  -2.0911611e+01   1.4400000e+02   6.1499011e+00  -2.9698643e+01  -6.0000000e+01   5.9860544e+01
   2.4000000e+01  -2.1715932e+01   1.4400000e+02   2.6697085e+00  -2.7992334e+01  -6.0000000e+01   6.3860367e+01
   2.4000000e+01  -2.5269169e+01   1.4400000e+02  -2.9007435e+00  -2.6387014e+01  -6.0000000e+01   6.9072875e+01
   2.4000000e+01  -2.6506336e+01   1.4400000e+02  -8.2408579e+00  -2.4461204e+01  -6.0000000e+01   7.2960272e+01
   2.4000000e+01  -2.5968120e+01   1.4400000e+02  -1.2596917e+01  -2.2290673e+01  -6.0000000e+01   7.7950398e+01
   2.4000000e+01  -2.6267012e+01   1.4400000e+02  -1.5208804e+01  -2.0612862e+01  -6.0000000e+01   8.0257806e+01
   2.4000000e+01  -3.0126397e+01   1.4400000e+02  -1.7848179e+01  -1.9876828e+01  -6.0000000e+01   7.6770999e+01
   2.4000000e+01  -2.5030453e+01   1.4400000e+02  -1.8322027e+01  -1.7910480e+01  -6.0000000e+01   7.1208301e+01
   2.4000000e+01  -1.9896442e+01   1.4400000e+02  -1.6051753e+01  -2.3977917e+01  -6.0000000e+01   6.5395601e+01
   2.4000000e+01  -1.8780170e+01   1.4400000e+02  -1.4843776e+01  -3.1392855e+01  -6.0000000e+01   5.3062309e+01
   2.4000000e+01  -2.0547568e+01   1.4400000e+02  -1.4452113e+01  -3.9940994e+01  -6.0000000e+01   4.0740795e+01
   2.4000000e+01  -2.0151159e+01   1.4400000e+02  -8.4144539e+00  -4.6011646e+01  -6.0000000e+01   2.9032443e+01
   2.4000000e+01  -2.2656740e+01   1.4400000e+02  -1.3246892e+00  -5.0297464e+01  -6.0000000e+01   1.9592918e+01
   2.4000000e+01  -2.2288461e+01   1.4400000e+02   6.7907834e+00  -5.3888629e+01  -6.0000000e+01   1.0926779e+01
   2.4000000e+01  -2.2421465e+01   1.4400000e+02   1.4781449e+01  -5.6560645e+01  -6.0000000e+01   4.9408501e+00
   2.4000000e+01  -2.3024123e+01   1.4400000e+02   2.1852223e+01  -5.9284090e+01  -6.0000000e+01  -3.7437069e-01
   2.4000000e+01  -2.3618032e+01   1.4400000e+02   2.8979985e+01  -6.0045096e+01  -6.0000000e+01  -3.7903175e+00
   2.4000000e+01  -2.5240439e+01   1.4400000e+02   3.7847696e+01  -5.6717930e+01  -6.0000000e+01  -7.3398477e+00
   2.4000000e+01  -2.3858655e+01   1.4400000e+02   4.3072215e+01  -5.6889259e+01  -6.0000000e+01  -8.1188793e+00
   2.4000000e+01  -2.3280372e+01   1.4400000e+02   4.4435117e+01  -5.8051953e+01  -6.0000000e+01  -7.3070205e+00
   2.4000000e+01  -2.2614254e+01   1.4400000e+02   4.3472301e+01  -5.8596158e+01  -6.0000000e+01  -5.5840731e+00
   2.4000000e+01  -2.1592648e+01   1.4400000e+02   4.1835942e+01  -5.8267828e+01  -6.0000000e+01  -2.8314111e+00
   2.4000000e+01  -2.0357923e+01   1.4400000e+02   4.0168122e+01  -5.6931645e+01  -6.0000000e+01   1.0212931e+00
   2.4000000e+01  -2.0740066e+01   1.4400000e+02   3.8260369e+01  -5.5649286e+01  -6.0000000e+01   4.8511392e+00
   2.4000000e+01  -2.0288070e+01   1.4400000e+02   3.6631206e+01  -5.3780327e+01  -6.0000000e+01   9.2130002e+00
   2.4000000e+01  -2.0590902e+01   1.4400000e+02   3.2526297e+01  -5.0293860e+01  -6.0000000e+01   1.3977423e+01
   2.4000000e+01  -2.0023802e+01   1.4400000e+02   2.9725051e+01  -4.9341349e+01  -6.0000000e+01   1.9684706e+01
   2.4000000e+01  -2.0177699e+01   1.4400000e+02   2.6568749e+01  -4.7825023e+01  -6.0000000e+01   2.4534929e+01
   2.4000000e+01  -2.0336041e+01   1.4400000e+02   2.5220571e+01  -4.5027653e+01  -6.0000000e+01   2.7443713e+01
   2.4000000e+01  -1.8283482e+01   1.4400000e+02   2.4827752e+01  -4.3454789e+01  -6.0000000e+01   3.0380672e+01
   2.4000000e+01  -1.6899779e+01   1.4400000e+02   2.3108757e+01  -4.3083087e+01  -6.0000000e+01   3.3982603e+01
   2.4000000e+01  -1.4297697e+01   1.4400000e+02   2.2001393e+01  -4.2085769e+01  -6.0000000e+01   3.7195000e+01
   2.4000000e+01  -1.4413609e+01   1.4400000e+02   2.1147598e+01  -4.0883348e+01  -6.0000000e+01   4.1779122e+01
   2.4000000e+01  -1.6800364e+01   1.4400000e+02   1.7893612e+01  -3.9333143e+01  -6.0000000e+01   4.5939399e+01
   2.4000000e+01  -1.8410735e+01   1.4400000e+02   1.5677774e+01  -3.5995785e+01  -6.0000000e+01   4.9786411e+01
   2.4000000e+01  -1.9347794e+01   1.4400000e+02   1.2266776e+01  -3.2515180e+01  -6.0000000e+01   5.4738752e+01
   2.4000000e+01  -1.7834601e+01   1.4400000e+02   9.8941764e+00  -2.9757768e+01  -6.0000000e+01   5.9785616e+01
   2.4000000e+01  -1.9230614e+01   1.4400000e+02   5.3667235e+00  -2.7546349e+01  -6.0000000e+01   6.4674499e+01
   2.4000000e+01  -2.0787925e+01   1.4400000e+02   1.5065871e+00  -2.6872631e+01  -6.0000000e+01   6.9280608e+01
   2.4000000e+01  -1.9547177e+01   1.4400000e+02  -2.7017970e+00  -2.4185102e+01  -6.0000000e+01   7.3310058e+01
   2.4000000e+01  -2.2333444e+01   1.4400000e+02  -7.9215575e+00  -2.2166303e+01  -6.0000000e+01   7.6585477e+01
   2.4000000e+01  -2.7513952e+01   1.4400000e+02  -1.0763498e+01  -2.0457323e+01  -6.0000000e+01   7.7481186e+01
   2.4000000e+01  -2.8939343e+01   1.4400000e+02  -1.2109781e+01  -1.8753237e+01  -6.0000000e+01   7.4277950e+01
   2.4000000e+01  -2.4936005e+01   1.4400000e+02  -1.7352261e+01  -1.9043231e+01  -6.0000000e+01   6.6854170e+01
   2.4000000e+01  -2.5433609e+01   1.4400000e+02  -2.1537293e+01  -2.1096711e+01  -6.0000000e+01   5.7114243e+01
   2.4000000e+01  -2.1798989e+01   1.4400000e+02  -2.2516096e+01  -2.6534664e+01  -6.0000000e+01   4.5747827e+01
   2.4000000e+01  -2.0271607e+01   1.4400000e+02  -1.7659262e+01  -3.5287976e+01  -6.0000000e+01   3.3778869e+01
   2.4000000e+01  -2.2611936e+01   1.4400000e+02  -8.9220469e+00  -4.5202036e+01  -6.0000000e+01   2.3166208e+01
   2.4000000e+01  -2.4336567e+01   1.4400000e+02   1.2013189e-02  -5.1287228e+01  -6.0000000e+01   1.4315105e+01
   2.4000000e+01  -2.6967746e+01   1.4400000e+02   7.5916637e+00  -5.5697451e+01  -6.0000000e+01   6.3884154e+00
   2.4000000e+01  -2.6102870e+01   1.4400000e+02   1.4614155e+01  -5.9474372e+01  -6.0000000e+01   1.3911251e+00
   2.4000000e+01  -2.4557792e+01   1.4400000e+02   1.9741443e+01  -6.2542974e+01  -6.0000000e+01  -4.5176858e+00
   2.4000000e+01  -2.2220716e+01   1.4400000e+02   2.2906652e+01  -6.5560791e+01  -6.0000000e+01  -8.7712629e+00
   2.4000000e+01  -2.3917808e+01   1.4400000e+02   2.7673502e+01  -6.6667522e+01  -6.0000000e+01  -1.2017239e+01
   2.4000000e+01  -2.3967402e+01   1.4400000e+02   3.4385098e+01  -6.5433519e+01  -6.0000000e+01  -1.4226604e+01
   2.4000000e+01  -2.5767814e+01   1.4400000e+02   4.3301103e+01  -6.1503053e+01  -6.0000000e+01  -1.4517332e+01
   2.4000000e+01  -2.5187571e+01   1.4400000e+02   4.7962422e+01  -6.0453989e+01  -6.0000000e+01  -1.5326554e+01
   2.4000000e+01  -2.5690048e+01   1.4400000e+02   4.8820080e+01  -6.1320443e+01  -6.0000000e+01  -1.4622128e+01
   2.4000000e+01  -2.4020360e+01   1.4400000e+02   4.9127051e+01  -6.1741793e+01  -6.0000000e+01  -1.2570543e+01
   2.4000000e+01  -2.4730617e+01   1.4400000e+02   4.6976748e+01  -6.1441439e+01  -6.0000000e+01  -1.0838632e+01
   2.4000000e+01  -2.2953072e+01   1.4400000e+02   4.5982734e+01  -6.0589143e+01  -6.0000000e+01  -7.6571974e+00
   2.4000000e+01  -2.1505132e+01   1.4400000e+02   4.4632429e+01  -6.0122700e+01  -6.0000000e+01  -3.2070198e+00
   2.4000000e+01  -2.1485808e+01   1.4400000e+02   4.2610452e+01  -5.9041156e+01  -6.0000000e+01   1.5283229e+00
   2.4000000e+01  -2.1153486e+01   1.4400000e+02   4.1205182e+01  -5.7622195e+01  -6.0000000e+01   4.9360348e+00
   2.4000000e+01  -2.0330330e+01   1.4400000e+02   3.9729070e+01  -5.6042734e+01  -6.0000000e+01   9.0584766e+00
   2.4000000e+01  -2.0393047e+01   1.4400000e+02   3.6964270e+01  -5.3839278e+01  -6.0000000e+01   1.3128008e+01
   2.4000000e+01  -2.1998797e+01   1.4400000e+02   3.1287648e+01  -5.0107167e+01  -6.0000000e+01   1.7316649e+01
   2.4000000e+01  -1.9978230e+01   1.4400000e+02   3.0520971e+01  -4.8424409e+01  -6.0000000e+01   2.0831240e+01
   2.4000000e+01  -1.7617396e+01   1.4400000e+02   2.8677452e+01  -4.7274458e+01  -6.0000000e+01   2.5080102e+01
   2.4000000e+01  -1.6020239e+01   1.4400000e+02   2.4774334e+01  -4.6231939e+01  -6.0000000e+01   3.0266517e+01
   2.4000000e+01  -1.6360095e+01   1.4400000e+02   2.2438933e+01  -4.2900714e+01  -6.0000000e+01   3.3072349e+01
   2.4000000e+01  -1.4968356e+01   1.4400000e+02   2.0455025e+01  -4.1770591e+01  -6.0000000e+01   3.7650423e+01
   2.4000000e+01  -1.6748835e+01   1.4400000e+02   1.8467381e+01  -3.8718780e+01  -6.0000000e+01   4.1310717e+01
   2.4000000e+01  -1.7903307e+01   1.4400000e+02   1.5295317e+01  -3.6089146e+01  -6.0000000e+01   4.4472995e+01
   2.4000000e+01  -2.0394370e+01   1.4400000e+02   1.1389507e+01  -3.1775470e+01  -6.0000000e+01   4.9046151e+01
   2.4000000e+01  -1.9829130e+01   1.4400000e+02   8.6115815e+00  -2.8579072e+01  -6.0000000e+01   5.3945053e+01
   2.4000000e+01  -2.1564159e+01   1.4400000e+02   6.0748505e+00  -2.5959062e+01  -6.0000000e+01   5.8242712e+01
   2.4000000e+01  -2.4282452e+01   1.4400000e+02   2.1183390e+00  -2.3357500e+01  -6.0000000e+01   6.2859812e+01
   2.4000000e+01  -2.6685100e+01   1.4400000e+02  -2.1864078e+00  -1.9955207e+01  -6.0000000e+01   6.6251276e+01
   2.4000000e+01  -2.8839646e+01   1.4400000e+02  -6.3681913e+00  -1.7282730e+01  -6.0000000e+01   6.8500850e+01
   2.4000000e+01  -2.8965355e+01   1.4400000e+02  -9.5255336e+00  -1.5737393e+01  -6.0000000e+01   7.0782161e+01
   2.4000000e+01  -2.6182986e+01   1.4400000e+02  -1.5187926e+01  -1.7071698e+01  -6.0000000e+01   6.7221229e+01
   2.4000000e+01  -2.5232300e+01   1.4400000e+02  -1.8980335e+01  -1.8437327e+01  -6.0000000e+01   6.0157000e+01
   2.4000000e+01  -2.2249976e+01   1.4400000e+02  -1.9892172e+01  -2.1748960e+01  -6.0000000e+01   4.8263720e+01
   2.4000000e+01  -1.9882568e+01   1.4400000e+02  -1.7956918e+01  -2.9331264e+01  -6.0000000e+01   3.6065145e+01
   2.4000000e+01  -1.9450439e+01   1.4400000e+02  -1.2080502e+01  -3.7041345e+01  -6.0000000e+01   2.3805935e+01
   2.4000000e+01  -2.1087335e+01   1.4400000e+02  -3.1743268e+00  -4.5358884e+01  -6.0000000e+01   1.3325676e+01
   2.4000000e+01  -2.4845174e+01   1.4400000e+02   5.6099060e+00  -5.1305419e+01  -6.0000000e+01   6.6766553e+00
   2.4000000e+01  -2.4086923e+01   1.4400000e+02   1.3395700e+01  -5.6395018e+01  -6.0000000e+01   2.3475453e+00
   2.4000000e+01  -2.3021392e+01   1.4400000e+02   2.0855770e+01  -5.9081877e+01  -6.0000000e+01  -3.0285595e+00
   2.4000000e+01  -2.2245550e+01   1.4400000e+02   2.8113645e+01  -6.0034922e+01  -6.0000000e+01  -7.1085774e+00
   2.4000000e+01  -2.2805455e+01   1.4400000e+02   3.6092530e+01  -5.9778292e+01  -6.0000000e+01  -9.5414225e+00
   2.4000000e+01  -1.9988274e+01   1.4400000e+02   4.5073585e+01  -5.7129849e+01  -6.0000000e+01  -1.0001872e+01
   2.4000000e+01  -2.0564202e+01   1.4400000e+02   4.8078532e+01  -5.8133623e+01  -6.0000000e+01  -1.1612697e+01
   2.4000000e+01  -1.9590670e+01   1.4400000e+02   4.8173868e+01  -5.8560632e+01  -6.0000000e+01  -1.1146026e+01
   2.4000000e+01  -1.8909299e+01   1.4400000e+02   4.7746749e+01  -5.8470174e+01  -6.0000000e+01  -9.3341844e+00
   2.4000000e+01  -1.7555989e+01   1.4400000e+02   4.6806500e+01  -5.8166209e+01  -6.0000000e+01  -6.2422726e+00
   2.4000000e+01  -1.7129641e+01   1.4400000e+02   4.5035102e+01  -5.6663594e+01  -6.0000000e+01  -2.5888179e+00
   2.4000000e+01  -1.6733838e+01   1.4400000e+02   4.3056043e+01  -5.5046829e+01  -6.0000000e+01   5.1868072e-01
   2.4000000e+01  -1.8185192e+01   1.4400000e+02   3.9196954e+01  -5.1654517e+01  -6.0000000e+01   3.6173308e+00
   2.4000000e+01  -1.7666226e+01   1.4400000e+02   3.7687010e+01  -4.9715236e+01  -6.0000000e+01   7.5784102e+00
   2.4000000e+01  -1.8258276e+01   1.4400000e+02   3.3702304e+01  -4.6899052e+01  -6.0000000e+01   1.3079661e+01
   2.4000000e+01  -1.6309768e+01   1.4400000e+02   3.2739574e+01  -4.5536085e+01  -6.0000000e+01   1.6841827e+01
   2.4000000e+01  -1.7583525e+01   1.4400000e+02   3.0361249e+01  -4.2166726e+01  -6.0000000e+01   2.0342805e+01
   2.4000000e+01  -1.6545357e+01   1.4400000e+02   2.7100626e+01  -4.1010614e+01  -6.0000000e+01   2.5319250e+01
   2.4000000e+01  -1.3949252e+01   1.4400000e+02   2.4757368e+01  -4.0152160e+01  -6.0000000e+01   2.9982905e+01
   2.4000000e+01  -1.2035742e+01   1.4400000e+02   2.5198329e+01  -3.9458293e+01  -6.0000000e+01   3.3290388e+01
   2.4000000e+01  -1.3927801e+01   1.4400000e+02   2.3483167e+01  -3.7488731e+01  -6.0000000e+01   3.7312071e+01
   2.4000000e+01  -1.2204365e+01   1.4400000e+02   2.1365427e+01  -3.7007173e+01  -6.0000000e+01   4.0549559e+01
   2.4000000e+01  -1.2852275e+01   1.4400000e+02   2.0300670e+01  -3.4904279e+01  -6.0000000e+01   4.3684967e+01
   2.4000000e+01  -1.2620369e+01   1.4400000e+02   1.8922449e+01  -3.3896373e+01  -6.0000000e+01   4.7338420e+01
   2.4000000e+01  -1.3934964e+01   1.4400000e+02   1.6173743e+01  -3.2981410e+01  -6.0000000e+01   5.2731919e+01
   2.4000000e+01  -1.7616100e+01   1.4400000e+02   1.2575803e+01  -2.8599641e+01  -6.0000000e+01   5.6918409e+01
   2.4000000e+01  -2.1399408e+01   1.4400000e+02   7.0320976e+00  -2.5186465e+01  -6.0000000e+01   6.1445638e+01
   2.4000000e+01  -2.0863215e+01   1.4400000e+02   2.6582733e-01  -2.2742058e+01  -6.0000000e+01   6.8342109e+01
   2.4000000e+01  -2.1564923e+01   1.4400000e+02  -6.0360487e+00  -1.9515176e+01  -6.0000000e+01   7.1257501e+01
   2.4000000e+01  -2.5722667e+01   1.4400000e+02  -8.8638620e+00  -1.6683115e+01  -6.0000000e+01   7.1866142e+01
   2.4000000e+01  -2.8249524e+01   1.4400000e+02  -1.1370449e+01  -1.4827383e+01  -6.0000000e+01   6.7195614e+01
   2.4000000e+01  -2.5411248e+01   1.4400000e+02  -1.5826263e+01  -1.5905810e+01  -6.0000000e+01   6.0578587e+01
   2.4000000e+01  -2.5940900e+01   1.4400000e+02  -1.7050312e+01  -1.7119561e+01  -6.0000000e+01   5.0781060e+01
   2.4000000e+01  -2.1603826e+01   1.4400000e+02  -1.4210889e+01  -2.6243279e+01  -6.0000000e+01   3.9197463e+01
   2.4000000e+01  -2.0529068e+01   1.4400000e+02  -5.3120192e+00  -3.7147265e+01  -6.0000000e+01   2.9106166e+01
   2.4000000e+01  -2.2545884e+01   1.4400000e+02   3.7801206e+00  -4.6408793e+01  -6.0000000e+01   1.9138424e+01
   2.4000000e+01  -2.5567110e+01   1.4400000e+02   1.0795388e+01  -5.2111063e+01  -6.0000000e+01   1.2667915e+01
   2.4000000e+01  -2.6683410e+01   1.4400000e+02   1.7693199e+01  -5.6925859e+01  -6.0000000e+01   5.9295836e+00
   2.4000000e+01  -2.5665623e+01   1.4400000e+02   2.2257559e+01  -6.0143480e+01  -6.0000000e+01   1.1631638e+00
   2.4000000e+01  -2.4568679e+01   1.4400000e+02   2.5676589e+01  -6.3068800e+01  -6.0000000e+01  -2.8197370e+00
   2.4000000e+01  -2.2953943e+01   1.4400000e+02   2.8906455e+01  -6.5435743e+01  -6.0000000e+01  -5.6693367e+00
   2.4000000e+01  -2.2501847e+01   1.4400000e+02   3.1470879e+01  -6.6604246e+01  -6.0000000e+01  -8.3849741e+00
   2.4000000e+01  -2.2054814e+01   1.4400000e+02   3.5772521e+01  -6.6518591e+01  -6.0000000e+01  -1.0434670e+01
   2.4000000e+01  -2.3612362e+01   1.4400000e+02   4.3590576e+01  -6.2841620e+01  -6.0000000e+01  -1.1459168e+01
   2.4000000e+01  -2.2634136e+01   1.4400000e+02   4.7871597e+01  -6.1115404e+01  -6.0000000e+01  -1.1450915e+01
   2.4000000e+01  -2.1790515e+01   1.4400000e+02   4.8405076e+01  -6.1198085e+01  -6.0000000e+01  -1.0324951e+01
   2.4000000e+01  -2.0492439e+01   1.4400000e+02   4.7119846e+01  -6.1218070e+01  -6.0000000e+01  -8.0799281e+00
   2.4000000e+01  -2.0092632e+01   1.4400000e+02   4.5776655e+01  -6.0316083e+01  -6.0000000e+01  -4.3469391e+00
   2.4000000e+01  -1.9834174e+01   1.4400000e+02   4.3781243e+01  -5.8495384e+01  -6.0000000e+01  -6.6355135e-01
   2.4000000e+01  -1.9969688e+01   1.4400000e+02   4.1505267e+01  -5.6706183e+01  -6.0000000e+01   2.4819194e+00
   2.4000000e+01  -2.1784253e+01   1.4400000e+02   3.8088347e+01  -5.4683420e+01  -6.0000000e+01   6.0311861e+00
   2.4000000e+01  -2.2199578e+01   1.4400000e+02   3.5168613e+01  -5.1869231e+01  -6.0000000e+01   9.4813814e+00
   2.4000000e+01  -2.2157444e+01   1.4400000e+02   3.3325674e+01  -5.0652602e+01  -6.0000000e+01   1.2229887e+01
   2.4000000e+01  -2.2414302e+01   1.4400000e+02   3.1273311e+01  -4.8583955e+01  -6.0000000e+01   1.6178516e+01
   2.4000000e+01  -2.1779241e+01   1.4400000e+02   3.0666960e+01  -4.8372187e+01  -6.0000000e+01   1.9969438e+01
   2.4000000e+01  -2.1565970e+01   1.4400000e+02   2.8455465e+01  -4.7324562e+01  -6.0000000e+01   2.3270530e+01
   2.4000000e+01  -2.1787347e+01   1.4400000e+02   2.7669833e+01  -4.5395064e+01  -6.0000000e+01   2.4554210e+01
   2.4000000e+01  -2.0501519e+01   1.4400000e+02   2.5689434e+01  -4.5427113e+01  -6.0000000e+01   2.8363813e+01
   2.4000000e+01  -2.0885518e+01   1.4400000e+02   2.2604716e+01  -4.4527766e+01  -6.0000000e+01   3.2579639e+01
   2.4000000e+01  -1.9186916e+01   1.4400000e+02   2.0128388e+01  -4.3772109e+01  -6.0000000e+01   3.5451434e+01
   2.4000000e+01  -1.7282803e+01   1.4400000e+02   2.0466557e+01  -4.2624758e+01  -6.0000000e+01   3.8602301e+01
   2.4000000e+01  -1.6918343e+01   1.4400000e+02   2.0210501e+01  -4.1293263e+01  -6.0000000e+01   4.1169086e+01
   2.4000000e+01  -1.7675040e+01   1.4400000e+02   1.8370807e+01  -4.0924971e+01  -6.0000000e+01   4.5669644e+01
   2.4000000e+01  -1.7179978e+01   1.4400000e+02   1.4178598e+01  -3.8090191e+01  -6.0000000e+01   5.0294755e+01
   2.4000000e+01  -1.9464402e+01   1.4400000e+02   1.0415260e+01  -3.5384642e+01  -6.0000000e+01   5.2774074e+01
   2.4000000e+01  -1.8297517e+01   1.4400000e+02   9.0630517e+00  -3.3667848e+01  -6.0000000e+01   5.7128482e+01
   2.4000000e+01  -1.9236572e+01   1.4400000e+02   6.6439734e+00  -3.1718313e+01  -6.0000000e+01   6.3038777e+01
   2.4000000e+01  -2.3231456e+01   1.4400000e+02   1.7994326e+00  -3.0809892e+01  -6.0000000e+01   6.8465009e+01
   2.4000000e+01  -2.0722899e+01   1.4400000e+02  -2.4373256e+00  -2.8223763e+01  -6.0000000e+01   7.2135423e+01
   2.4000000e+01  -2.3140773e+01   1.4400000e+02  -7.6294173e+00  -2.6200385e+01  -6.0000000e+01   7.6874748e+01
   2.4000000e+01  -2.2259817e+01   1.4400000e+02  -1.0207764e+01  -2.3425945e+01  -6.0000000e+01   8.0087435e+01
   2.4000000e+01  -2.0990723e+01   1.4400000e+02  -1.2147632e+01  -2.2435216e+01  -6.0000000e+01   8.3004559e+01
   2.4000000e+01  -2.5547137e+01   1.4400000e+02  -1.2112103e+01  -2.1112944e+01  -6.0000000e+01   8.3733677e+01
   2.4000000e+01  -2.6450573e+01   1.4400000e+02  -1.2466128e+01  -1.9892692e+01  -6.0000000e+01   8.3696840e+01
   2.4000000e+01  -2.6224652e+01   1.4400000e+02  -1.3250413e+01  -1.8998093e+01  -6.0000000e+01   8.3363095e+01
   2.4000000e+01  -2.9672672e+01   1.4400000e+02  -1.3943551e+01  -1.8028808e+01  -6.0000000e+01   8.0685135e+01
   2.4000000e+01  -2.8120453e+01   1.4400000e+02  -1.8347439e+01  -2.0950273e+01  -6.0000000e+01   7.1972641e+01
   2.4000000e+01  -2.5001759e+01   1.4400000e+02  -2.3242259e+01  -2.5437720e+01  -6.0000000e+01   6.0954860e+01
   2.4000000e+01  -2.3901636e+01   1.4400000e+02  -2.4402859e+01  -2.5375399e+01  -6.0000000e+01   4.8996076e+01
   2.4000000e+01  -2.0074635e+01   1.4400000e+02  -1.8266704e+01  -2.9713992e+01  -6.0000000e+01   3.6709749e+01
   2.4000000e+01  -1.7817340e+01   1.4400000e+02  -8.7706977e+00  -3.7508458e+01  -6.0000000e+01   2.4830869e+01
   2.4000000e+01  -2.1128302e+01   1.4400000e+02   7.0938947e-01  -4.4788392e+01  -6.0000000e+01   1.4506364e+01
   2.4000000e+01  -2.1864862e+01   1.4400000e+02   9.4500779e+00  -4.9696662e+01  -6.0000000e+01   4.5644634e+00
   2.4000000e+01  -2.2253138e+01   1.4400000e+02   1.7254851e+01  -5.4042938e+01  -6.0000000e+01  -2.9819288e+00
   2.4000000e+01  -2.1041979e+01   1.4400000e+02   2.4740346e+01  -5.7007533e+01  -6.0000000e+01  -7.9878483e+00
   2.4000000e+01  -2.0432175e+01   1.4400000e+02   3.2244464e+01  -5.8237254e+01  -6.0000000e+01  -1.2230844e+01
   2.4000000e+01  -2.0240110e+01   1.4400000e+02   4.0791264e+01  -5.7443440e+01  -6.0000000e+01  -1.4072252e+01
   2.4000000e+01  -2.0113154e+01   1.4400000e+02   4.7661151e+01  -5.7182978e+01  -6.0000000e+01  -1.4868625e+01
   2.4000000e+01  -1.9611752e+01   1.4400000e+02   4.9613241e+01  -5.9186413e+01  -6.0000000e+01  -1.5053538e+01
   2.4000000e+01  -1.8745475e+01   1.4400000e+02   4.9075124e+01  -6.0355922e+01  -6.0000000e+01  -1.3205532e+01
   2.4000000e+01  -1.8715417e+01   1.4400000e+02   4.7572529e+01  -5.9768199e+01  -6.0000000e+01  -1.1146203e+01
   2.4000000e+01  -1.6955446e+01   1.4400000e+02   4.6140538e+01  -5.8916834e+01  -6.0000000e+01  -6.6216198e+00
   2.4000000e+01  -1.7590292e+01   1.4400000e+02   4.3333070e+01  -5.7075770e+01  -6.0000000e+01  -1.5338435e+00
   2.4000000e+01  -1.4939895e+01   1.4400000e+02   4.1783305e+01  -5.5459495e+01  -6.0000000e+01   3.5756352e+00
   2.4000000e+01  -1.7959928e+01   1.4400000e+02   3.5670717e+01  -4.9624939e+01  -6.0000000e+01   8.4081174e+00
   2.4000000e+01  -1.7509237e+01   1.4400000e+02   3.1540541e+01  -4.5722809e+01  -6.0000000e+01   1.4927784e+01
   2.4000000e+01  -1.4201643e+01   1.4400000e+02   2.9800338e+01  -4.5486254e+01  -6.0000000e+01   1.9739708e+01
   2.4000000e+01  -1.3323321e+01   1.4400000e+02   2.8345209e+01  -4.3408792e+01  -6.0000000e+01   2.5100884e+01
   2.4000000e+01  -1.1990100e+01   1.4400000e+02   2.5127722e+01  -4.1561943e+01  -6.0000000e+01   2.9824749e+01
   2.4000000e+01  -1.5545866e+01   1.4400000e+02   2.0531215e+01  -3.6266468e+01  -6.0000000e+01   3.4859396e+01
   2.4000000e+01  -1.6781915e+01   1.4400000e+02   1.8382437e+01  -3.2925927e+01  -6.0000000e+01   3.8478289e+01
   2.4000000e+01  -1.6203557e+01   1.4400000e+02   1.6760234e+01  -3.0905399e+01  -6.0000000e+01   4.1901205e+01
   2.4000000e+01  -1.7896560e+01   1.4400000e+02   1.2184449e+01  -2.6872920e+01  -6.0000000e+01   4.8032620e+01
   2.4000000e+01  -1.6640485e+01   1.4400000e+02   9.5735274e+00  -2.5616635e+01  -6.0000000e+01   5.3956612e+01
   2.4000000e+01  -1.9197868e+01   1.4400000e+02   5.5328179e+00  -2.2969391e+01  -6.0000000e+01   6.0019242e+01
   2.4000000e+01  -2.0889997e+01   1.4400000e+02   1.2013330e+00  -2.1702950e+01  -6.0000000e+01   6.4705274e+01
   2.4000000e+01  -2.1496775e+01   1.4400000e+02  -3.1498617e+00  -2.0454609e+01  -6.0000000e+01   6.9356284e+01
   2.4000000e+01  -2.1104213e+01   1.4400000e+02  -8.6179556e+00  -1.9431274e+01  -6.0000000e+01   7.4284198e+01
   2.4000000e+01  -2.2805104e+01   1.4400000e+02  -1.2968596e+01  -1.8592282e+01  -6.0000000e+01   7.9218604e+01
   2.4000000e+01  -2.1978573e+01   1.4400000e+02  -1.5674009e+01  -1.7526690e+01  -6.0000000e+01   8.1551325e+01
   2.4000000e+01  -2.4931249e+01   1.4400000e+02  -1.7946984e+01  -1.6672691e+01  -6.0000000e+01   8.1662382e+01
   2.4000000e+01  -2.7772265e+01   1.4400000e+02  -1.8734494e+01  -1.4991618e+01  -6.0000000e+01   7.9524655e+01
   2.4000000e+01  -3.0043475e+01   1.4400000e+02  -1.8600905e+01  -1.3400297e+01  -6.0000000e+01   7.4171553e+01
   2.4000000e+01  -2.6827541e+01   1.4400000e+02  -2.0508807e+01  -1.4714507e+01  -6.0000000e+01   6.4749930e+01
   2.4000000e+01  -2.6877732e+01   1.4400000e+02  -1.9837121e+01  -1.5855700e+01  -6.0000000e+01   5.4915667e+01
   2.4000000e+01  -2.2267588e+01   1.4400000e+02  -1.5975616e+01  -2.5530285e+01  -6.0000000e+01   4.2879348e+01
   2.4000000e+01  -2.2950777e+01   1.4400000e+02  -6.5235233e+00  -3.6665662e+01  -6.0000000e+01   3.1485957e+01
   2.4000000e+01  -2.6600283e+01   1.4400000e+02   2.1692235e+00  -4.6231785e+01  -6.0000000e+01   2.1866215e+01
   2.4000000e+01  -2.6324848e+01   1.4400000e+02   1.1971996e+01  -5.1714399e+01  -6.0000000e+01   1.3993411e+01
   2.4000000e+01  -2.7391567e+01   1.4400000e+02   1.9190964e+01  -5.5882408e+01  -6.0000000e+01   6.9035792e+00
   2.4000000e+01  -2.6016937e+01   1.4400000e+02   2.4382155e+01  -5.9533589e+01  -6.0000000e+01   1.5681608e+00
   2.4000000e+01  -2.5166254e+01   1.4400000e+02   2.8342764e+01  -6.2105906e+01  -6.0000000e+01  -4.1347830e+00
   2.4000000e+01  -2.3696501e+01   1.4400000e+02   3.0695825e+01  -6.4408635e+01  -6.0000000e+01  -9.0469664e+00
   2.4000000e+01  -2.1954297e+01   1.4400000e+02   3.4225135e+01  -6.5725571e+01  -6.0000000e+01  -1.1801823e+01
   2.4000000e+01  -2.1548203e+01   1.4400000e+02   3.9881330e+01  -6.4577081e+01  -6.0000000e+01  -1.4685223e+01
   2.4000000e+01  -2.1281905e+01   1.4400000e+02   4.7231778e+01  -6.2280421e+01  -6.0000000e+01  -1.4725288e+01
   2.4000000e+01  -2.1363181e+01   1.4400000e+02   4.9824345e+01  -6.2716645e+01  -6.0000000e+01  -1.5426552e+01
   2.4000000e+01  -2.1632544e+01   1.4400000e+02   4.9766685e+01  -6.3213461e+01  -6.0000000e+01  -1.4736815e+01
   2.4000000e+01  -2.2660190e+01   1.4400000e+02   4.8170427e+01  -6.2958691e+01  -6.0000000e+01  -1.3532446e+01
   2.4000000e+01  -2.2059684e+01   1.4400000e+02   4.6604537e+01  -6.2342590e+01  -6.0000000e+01  -1.0685903e+01
   2.4000000e+01  -2.1830649e+01   1.4400000e+02   4.4326407e+01  -6.1034281e+01  -6.0000000e+01  -8.3415015e+00
   2.4000000e+01  -2.0304847e+01   1.4400000e+02   4.3125806e+01  -5.9560349e+01  -6.0000000e+01  -3.8418325e+00
   2.4000000e+01  -1.9568092e+01   1.4400000e+02   4.2737042e+01  -5.7941971e+01  -6.0000000e+01   8.9515960e-02
   2.4000000e+01  -2.0244393e+01   1.4400000e+02   4.0188403e+01  -5.6314072e+01  -6.0000000e+01   3.0636528e+00
   2.4000000e+01  -2.0300411e+01   1.4400000e+02   3.8912233e+01  -5.4881494e+01  -6.0000000e+01   6.2489961e+00
   2.4000000e+01  -2.0931120e+01   1.4400000e+02   3.6373535e+01  -5.3214028e+01  -6.0000000e+01   1.0428876e+01
   2.4000000e+01  -2.1741593e+01   1.4400000e+02   3.3168171e+01  -5.1640031e+01  -6.0000000e+01   1.4037538e+01
   2.4000000e+01  -2.1528870e+01   1.4400000e+02   3.0898928e+01  -4.9013935e+01  -6.0000000e+01   1.7528435e+01
   2.4000000e+01  -1.9161043e+01   1.4400000e+02   3.0871290e+01  -4.9931097e+01  -6.0000000e+01   1.9668551e+01
   2.4000000e+01  -1.8258677e+01   1.4400000e+02   3.0027597e+01  -5.0342205e+01  -6.0000000e+01   2.1657561e+01
   2.4000000e+01  -1.6183987e+01   1.4400000e+02   3.1235913e+01  -5.0845167e+01  -6.0000000e+01   2.2946327e+01
   2.4000000e+01  -1.6341096e+01   1.4400000e+02   2.9023766e+01  -4.9330396e+01  -6.0000000e+01   2.5641953e+01
   2.4000000e+01  -1.5954141e+01   1.4400000e+02   2.6260199e+01  -4.6860312e+01  -6.0000000e+01   2.9748611e+01
   2.4000000e+01  -1.4445212e+01   1.4400000e+02   2.4634785e+01  -4.5582140e+01  -6.0000000e+01   3.2835298e+01
   2.4000000e+01  -1.5427662e+01   1.4400000e+02   1.9402169e+01  -4.4455229e+01  -6.0000000e+01   3.8082692e+01
   2.4000000e+01  -1.9865433e+01   1.4400000e+02   1.5679386e+01  -4.1075543e+01  -6.0000000e+01   4.2946944e+01
   2.4000000e+01  -1.9523496e+01   1.4400000e+02   1.3007692e+01  -3.8991423e+01  -6.0000000e+01   4.8404028e+01
   2.4000000e+01  -2.0356808e+01   1.4400000e+02   9.8022228e+00  -3.8042609e+01  -6.0000000e+01   5.3448304e+01
   2.4000000e+01  -2.0367439e+01   1.4400000e+02   7.8209718e+00  -3.6197907e+01  -6.0000000e+01   5.6823902e+01
   2.4000000e+01  -2.1066586e+01   1.4400000e+02   5.5881917e+00  -3.4112710e+01  -6.0000000e+01   6.1543671e+01
   2.4000000e+01  -2.3123164e+01   1.4400000e+02   2.5017782e+00  -3.2634492e+01  -6.0000000e+01   6.5315935e+01
   2.4000000e+01  -2.4005020e+01   1.4400000e+02  -1.9542687e+00  -3.1362919e+01  -6.0000000e+01   7.0500928e+01
   2.4000000e+01  -2.3008557e+01   1.4400000e+02  -5.5905633e+00  -2.8388774e+01  -6.0000000e+01   7.3847607e+01
   2.4000000e+01  -2.4906432e+01   1.4400000e+02  -8.7074295e+00  -2.6157867e+01  -6.0000000e+01   7.6624258e+01
   2.4000000e+01  -2.7536373e+01   1.4400000e+02  -1.1522959e+01  -2.4393197e+01  -6.0000000e+01   7.8265606e+01
   2.4000000e+01  -3.0754701e+01   1.4400000e+02  -1.3149899e+01  -2.2574366e+01  -6.0000000e+01   7.9567528e+01
   2.4000000e+01  -3.2484100e+01   1.4400000e+02  -1.4779482e+01  -2.0856961e+01  -6.0000000e+01   7.9921272e+01
   2.4000000e+01  -3.0099999e+01   1.4400000e+02  -1.6376077e+01  -1.9361106e+01  -6.0000000e+01   7.9409713e+01
   2.4000000e+01  -2.8209706e+01   1.4400000e+02  -1.8000274e+01  -1.7288086e+01  -6.0000000e+01   7.4648078e+01
   2.4000000e+01  -2.9367944e+01   1.4400000e+02  -1.9366707e+01  -1.7418372e+01  -6.0000000e+01   7.2818228e+01
   2.4000000e+01  -2.2478131e+01   1.4400000e+02  -1.2449265e+01  -2.3220773e+01  -6.0000000e+01   6.5744377e+01
   2.4000000e+01  -1.9656129e+01   1.4400000e+02  -6.6513223e+00  -3.2974199e+01  -6.0000000e+01   5.4426062e+01
   2.4000000e+01  -1.9621382e+01   1.4400000e+02  -3.9179562e+00  -4.2139822e+01  -6.0000000e+01   4.2675313e+01
   2.4000000e+01  -1.9011659e+01   1.4400000e+02  -2.4213664e+00  -4.6736995e+01  -6.0000000e+01   3.1177755e+01
   2.4000000e+01  -1.9740292e+01   1.4400000e+02  -4.9652703e-01  -5.1533125e+01  -6.0000000e+01   2.0322612e+01
   2.4000000e+01  -2.1122788e+01   1.4400000e+02   2.3388967e+00  -5.5791157e+01  -6.0000000e+01   1.1409449e+01
   2.4000000e+01  -2.2898215e+01   1.4400000e+02   5.6886411e+00  -5.8411512e+01  -6.0000000e+01   3.4270480e+00
   2.4000000e+01  -2.2631245e+01   1.4400000e+02   1.2028974e+01  -6.1049189e+01  -6.0000000e+01  -1.8581067e+00
   2.4000000e+01  -2.2650945e+01   1.4400000e+02   1.9272854e+01  -6.2460865e+01  -6.0000000e+01  -4.7715006e+00
   2.4000000e+01  -2.3110206e+01   1.4400000e+02   2.7294154e+01  -6.1269184e+01  -6.0000000e+01  -7.7812613e+00
   2.4000000e+01  -2.4396265e+01   1.4400000e+02   3.6393968e+01  -5.8257694e+01  -6.0000000e+01  -9.3660951e+00
   2.4000000e+01  -2.3923262e+01   1.4400000e+02   4.3049602e+01  -5.7571492e+01  -6.0000000e+01  -1.0170244e+01
   2.4000000e+01  -2.3186187e+01   1.4400000e+02   4.4956357e+01  -5.8838187e+01  -6.0000000e+01  -9.4494400e+00
   2.4000000e+01  -2.2561243e+01   1.4400000e+02   4.3326120e+01  -5.9236356e+01  -6.0000000e+01  -7.6281902e+00
   2.4000000e+01  -2.0795628e+01   1.4400000e+02   4.2058493e+01  -5.8923102e+01  -6.0000000e+01  -4.3112732e+00
   2.4000000e+01  -1.8900164e+01   1.4400000e+02   4.1507106e+01  -5.8046623e+01  -6.0000000e+01  -7.2873498e-01
   2.4000000e+01  -1.8352454e+01   1.4400000e+02   3.9446311e+01  -5.6454413e+01  -6.0000000e+01   3.6317300e+00
   2.4000000e+01  -1.9413979e+01   1.4400000e+02   3.6097674e+01  -5.3951539e+01  -6.0000000e+01   9.2284043e+00
   2.4000000e+01  -2.0108851e+01   1.4400000e+02   3.1335217e+01  -4.8963820e+01  -6.0000000e+01   1.4831360e+01
   2.4000000e+01  -2.1395226e+01   1.4400000e+02   2.6986951e+01  -4.4220094e+01  -6.0000000e+01   1.9141642e+01
   2.4000000e+01  -1.8528081e+01   1.4400000e+02   2.6118710e+01  -4.4161737e+01  -6.0000000e+01   2.4082173e+01
   2.4000000e+01  -1.8209041e+01   1.4400000e+02   2.2336655e+01  -4.1558991e+01  -6.0000000e+01   3.0123158e+01
   2.4000000e+01  -1.6738846e+01   1.4400000e+02   2.1114146e+01  -3.9223346e+01  -6.0000000e+01   3.3360101e+01
   2.4000000e+01  -1.8946368e+01   1.4400000e+02   1.6121488e+01  -3.5814500e+01  -6.0000000e+01   4.0297573e+01
   2.4000000e+01  -1.9418095e+01   1.4400000e+02   1.4099662e+01  -3.2285442e+01  -6.0000000e+01   4.5069485e+01
   2.4000000e+01  -1.8826629e+01   1.4400000e+02   1.2819528e+01  -2.9483753e+01  -6.0000000e+01   4.9511186e+01
   2.4000000e+01  -1.8542911e+01   1.4400000e+02   9.6581298e+00  -2.7414469e+01  -6.0000000e+01   5.5769475e+01
   2.4000000e+01  -1.8478530e+01   1.4400000e+02   4.2913534e+00  -2.6874360e+01  -6.0000000e+01   6.3272269e+01
   2.4000000e+01  -1.7631254e+01   1.4400000e+02   1.6886085e+00  -2.6486921e+01  -6.0000000e+01   6.9674000e+01
   2.4000000e+01  -1.6489920e+01   1.4400000e+02  -7.9369069e-01  -2.5948827e+01  -6.0000000e+01   7.3551607e+01
   2.4000000e+01  -1.7951321e+01   1.4400000e+02  -4.0340227e+00  -2.3754815e+01  -6.0000000e+01   7.6864101e+01
   2.4000000e+01  -1.6221763e+01   1.4400000e+02  -5.8949602e+00  -2.2554734e+01  -6.0000000e+01   8.1425456e+01
   2.4000000e+01  -1.8269173e+01   1.4400000e+02  -7.6866198e+00  -2.1453876e+01  -6.0000000e+01   8.2964981e+01
   2.4000000e+01  -2.0552549e+01   1.4400000e+02  -9.1386082e+00  -2.0384953e+01  -6.0000000e+01   8.3559930e+01
   2.4000000e+01  -2.5561850e+01   1.4400000e+02  -1.1501289e+01  -1.9608052e+01  -6.0000000e+01   8.3979531e+01
   2.4000000e+01  -2.9244307e+01   1.4400000e+02  -1.4971512e+01  -1.7869301e+01  -6.0000000e+01   8.1915904e+01
   2.4000000e+01  -2.8938681e+01   1.4400000e+02  -1.5639811e+01  -1.6156413e+01  -6.0000000e+01   7.6947575e+01
   2.4000000e+01  -2.5916575e+01   1.4400000e+02  -1.9090156e+01  -1.4973647e+01  -6.0000000e+01   6.7267315e+01
   2.4000000e+01  -2.5003738e+01   1.4400000e+02  -2.3398253e+01  -2.0527785e+01  -6.0000000e+01   5.6257811e+01
   2.4000000e+01  -2.2959319e+01   1.4400000e+02  -2.0723884e+01  -2.7677943e+01  -6.0000000e+01   4.4192318e+01
   2.4000000e+01  -2.2611272e+01   1.4400000e+02  -1.2463084e+01  -3.7437951e+01  -6.0000000e+01   3.2122682e+01
   2.4000000e+01  -2.4140132e+01   1.4400000e+02  -4.6087242e+00  -4.6767016e+01  -6.0000000e+01   2.1566395e+01
