  -1.7500870e+01   1.1369397e+01   6.3936910e+01   2.3970400e+01   2.9157155e+01  -4.1946133e+01   1.9978389e+00
  -1.9595799e+01   1.3352678e+01   4.9937279e+01   1.1446940e+01   4.1644095e+01  -4.2084577e+01   2.0191881e+00
  -2.1671566e+01   1.5350240e+01   4.1000000e+01  -8.3590486e-01   5.0000000e+01  -5.0000000e+01   2.1108485e+00
  -2.1030983e+01   1.6194392e+01   4.1000000e+01   1.1643394e+01   5.0000000e+01  -5.0000000e+01   1.1291748e+01
  -1.5992135e+01   1.2186895e+01   4.1000000e+01   2.3146777e+01   5.0000000e+01  -5.0000000e+01   1.5614507e+01
  -1.6822047e+01   1.4231431e+01   4.1000000e+01   2.6067807e+01   5.0000000e+01  -5.0000000e+01   1.6306343e+01
  -2.0536295e+01   1.7374854e+01   4.1000000e+01   2.0642544e+01   5.0000000e+01  -5.0000000e+01   1.8253863e+01
  -2.4079203e+01   2.0205350e+01   4.1000000e+01   1.6409179e+01   5.0000000e+01  -5.0000000e+01   1.9938862e+01
  -2.6612625e+01   2.2718229e+01   4.1000000e+01   1.3048997e+01   5.0000000e+01  -5.0000000e+01   2.0797591e+01
  -2.8848288e+01   2.3770504e+01   4.1000000e+01   1.0716142e+01   5.0000000e+01  -5.0000000e+01   2.2814886e+01
  -3.2159985e+01   2.4302179e+01   4.1000000e+01   7.0952378e+00   5.0000000e+01  -5.0000000e+01   2.4301841e+01
  -3.3102086e+01   2.5147224e+01   4.1000000e+01   3.5187198e+00   5.0000000e+01  -5.0000000e+01   2.9426476e+01
  -3.5330005e+01   2.6782967e+01   4.1000000e+01   7.0236029e-01   5.0000000e+01  -5.0000000e+01   3.2985782e+01
  -3.7726466e+01   2.9789804e+01   4.1000000e+01  -4.4680074e+00   5.0000000e+01  -5.0000000e+01   3.8432365e+01
  -4.3028618e+01   3.1010599e+01   4.1000000e+01  -9.2351549e+00   5.0000000e+01  -5.0000000e+01   4.4632593e+01
  -4.5316500e+01   3.4669699e+01   4.1000000e+01  -1.3764967e+01   5.0000000e+01  -5.0000000e+01   4.8379056e+01
  -4.7452339e+01   3.0792545e+01   4.1000000e+01  -1.6571320e+01   5.0000000e+01  -5.0000000e+01   5.1569622e+01
  -4.6845182e+01   2.8433294e+01   4.1000000e+01  -1.9443992e+01   5.0000000e+01  -5.0000000e+01   5.3634893e+01
  -4.5336128e+01   2.5729564e+01   4.1000000e+01  -2.2777306e+01   5.0000000e+01  -5.0000000e+01   5.4016778e+01
  -3.9743564e+01   1.8666121e+01   4.1000000e+01  -2.4139723e+01   5.0000000e+01  -5.0000000e+01   4.9212934e+01
  -3.3059907e+01   1.7614422e+01   4.1000000e+01  -2.5692333e+01   5.0000000e+01  -5.0000000e+01   4.3754575e+01
  -2.7524370e+01   1.5152584e+01   4.1000000e+01  -2.3954851e+01   5.0000000e+01  -5.0000000e+01   3.5619120e+01
  -2.3208734e+01   8.5460307e+00   4.1000000e+01  -1.8490708e+01   5.0000000e+01  -5.0000000e+01   2.4927217e+01
  -1.8805851e+01   4.6399167e+00   4.1000000e+01  -1.1018072e+01   5.0000000e+01  -5.0000000e+01   1.3437779e+01
  -1.1987382e+01   8.6132810e+00   4.1000000e+01  -2.4361693e+00   5.0000000e+01  -5.0000000e+01   1.4026420e+00
  -5.1809623e+00   7.2576716e+00   4.1000000e+01   7.8916788e+00   5.0000000e+01  -5.0000000e+01  -8.0291263e+00
  -1.7978113e+00   2.4528963e+00   4.1000000e+01   1.6603851e+01   5.0000000e+01  -5.0000000e+01  -1.0590770e+01
   4.4193013e+00  -2.6161647e+00   4.1000000e+01   2.6530378e+01   5.0000000e+01  -5.0000000e+01  -1.1673070e+01
   9.4235615e+00  -7.2602619e+00   4.1000000e+01   3.6967534e+01   5.0000000e+01  -5.0000000e+01  -1.4345108e+01
   1.3901639e+01  -1.0556199e+01   4.1000000e+01   4.7527231e+01   5.0000000e+01  -5.0000000e+01  -1.6646148e+01
   1.5295658e+01  -1.2038679e+01   4.1000000e+01   5.7862343e+01   5.0000000e+01  -5.0000000e+01  -2.0149811e+01
   1.2980941e+01  -1.1079383e+01   4.1000000e+01   6.8315987e+01   5.0000000e+01  -5.0000000e+01  -2.2501256e+01
   1.1640292e+01  -9.9910243e+00   4.1000000e+01   7.0445491e+01   5.0000000e+01  -5.0000000e+01  -2.1884393e+01
   8.1202593e+00  -6.6699761e+00   4.1000000e+01   6.6858489e+01   5.0000000e+01  -5.0000000e+01  -1.9813259e+01
   6.1992630e+00  -5.6134935e+00   4.1000000e+01   6.4188923e+01   5.0000000e+01  -5.0000000e+01  -1.5108210e+01
   3.5630239e+00  -3.9586048e+00   4.1000000e+01   5.9917996e+01   5.0000000e+01  -5.0000000e+01  -1.0079387e+01
   1.9931484e+00  -3.7859023e+00   4.1000000e+01   5.6902195e+01   5.0000000e+01  -5.0000000e+01  -6.1374091e+00
  -1.0353959e+00   1.7228361e-01   4.1000000e+01   5.2459441e+01   5.0000000e+01  -5.0000000e+01  -4.3373906e+00
  -2.1692852e+00   1.2809382e+00   4.1000000e+01   5.0356098e+01   5.0000000e+01  -5.0000000e+01  -2.6220096e+00
  -2.6806692e+00   1.2171249e+00   4.1000000e+01   4.9110475e+01   5.0000000e+01  -5.0000000e+01  -8.0677790e-01
  -3.5980369e+00   2.8877436e+00   4.1000000e+01   4.7366738e+01   5.0000000e+01  -5.0000000e+01   9.1438436e-01
  -5.5842453e+00   5.1080679e+00   4.1000000e+01   4.5100412e+01   5.0000000e+01  -5.0000000e+01   2.3885532e+00
  -4.9343397e+00   4.5755650e+00   4.1000000e+01   4.5020466e+01   5.0000000e+01  -5.0000000e+01   2.9548734e+00
  -4.3550268e+00   2.5977798e+00   4.1000000e+01   4.5347224e+01   5.0000000e+01  -5.0000000e+01   5.2856219e+00
  -3.7303871e+00   1.5809350e+00   4.1000000e+01   4.6333167e+01   5.0000000e+01  -5.0000000e+01   7.2207976e+00
  -5.2597852e+00   2.5357453e+00   4.1000000e+01   4.4997489e+01   5.0000000e+01  -5.0000000e+01   9.5410576e+00
  -6.2060692e+00   2.5930393e+00   4.1000000e+01   4.3633789e+01   5.0000000e+01  -5.0000000e+01   1.1923925e+01
  -8.9216656e+00   8.7080721e+00   4.1000000e+01   3.8459641e+01   5.0000000e+01  -5.0000000e+01   1.4444632e+01
  -1.2246473e+01   1.3230166e+01   4.1000000e+01   3.1714925e+01   5.0000000e+01  -5.0000000e+01   1.5191406e+01
  -1.6851553e+01   1.7321229e+01   4.1000000e+01   2.5882444e+01   5.0000000e+01  -5.0000000e+01   1.6081984e+01
  -1.9225764e+01   1.9844535e+01   4.1000000e+01   2.1710928e+01   5.0000000e+01  -5.0000000e+01   1.7300030e+01
  -2.2714580e+01   2.2192900e+01   4.1000000e+01   1.7217772e+01   5.0000000e+01  -5.0000000e+01   1.8967490e+01
  -2.6432594e+01   2.3971345e+01   4.1000000e+01   1.3384721e+01   5.0000000e+01  -5.0000000e+01   2.0506812e+01
  -2.7473308e+01   2.2928809e+01   4.1000000e+01   1.2096077e+01   5.0000000e+01  -5.0000000e+01   2.3043355e+01
  -3.0968385e+01   2.4911984e+01   4.1000000e+01   7.2722880e+00   5.0000000e+01  -5.0000000e+01   2.4858647e+01
  -3.4262541e+01   2.9411298e+01   4.1000000e+01   1.3698886e+00   5.0000000e+01  -5.0000000e+01   2.8798482e+01
  -3.7248255e+01   3.2543050e+01   4.1000000e+01  -3.6384376e+00   5.0000000e+01  -5.0000000e+01   3.3512116e+01
  -4.1035759e+01   3.4855225e+01   4.1000000e+01  -6.7133591e+00   5.0000000e+01  -5.0000000e+01   3.9452614e+01
  -4.7090399e+01   3.4727673e+01   4.1000000e+01  -1.2012278e+01   5.0000000e+01  -5.0000000e+01   4.5481850e+01
  -5.0639990e+01   3.6820547e+01   4.1000000e+01  -1.6595667e+01   5.0000000e+01  -5.0000000e+01   4.9697945e+01
  -5.5017648e+01   3.9520556e+01   4.1000000e+01  -1.9401850e+01   5.0000000e+01  -5.0000000e+01   5.4776095e+01
  -5.8453092e+01   3.7454389e+01   4.1000000e+01  -2.1170577e+01   5.0000000e+01  -5.0000000e+01   5.7190540e+01
  -5.8371615e+01   3.7908708e+01   4.1000000e+01  -2.4402582e+01   5.0000000e+01  -5.0000000e+01   5.9809373e+01
  -5.5942147e+01   3.6086099e+01   4.1000000e+01  -2.7181277e+01   5.0000000e+01  -5.0000000e+01   6.1323018e+01
  -5.3452899e+01   3.1154545e+01   4.1000000e+01  -2.9112278e+01   5.0000000e+01  -5.0000000e+01   6.2314759e+01
  -4.9128378e+01   2.5521918e+01   4.1000000e+01  -3.0187371e+01   5.0000000e+01  -5.0000000e+01   5.6903446e+01
  -4.4340529e+01   1.7574868e+01   4.1000000e+01  -2.8411153e+01   5.0000000e+01  -5.0000000e+01   5.1224235e+01
  -3.9086480e+01   1.4770748e+01   4.1000000e+01  -2.7145968e+01   5.0000000e+01  -5.0000000e+01   4.4832450e+01
  -3.5909726e+01   1.5531658e+01   4.1000000e+01  -2.6171690e+01   5.0000000e+01  -5.0000000e+01   3.9028590e+01
  -3.0230101e+01   1.2053491e+01   4.1000000e+01  -2.7500414e+01   5.0000000e+01  -5.0000000e+01   2.9845228e+01
  -2.6077663e+01   1.1745328e+01   4.1000000e+01  -2.6711098e+01   5.0000000e+01  -5.0000000e+01   2.0129832e+01
  -2.2850098e+01   1.3852816e+01   4.1000000e+01  -2.6259644e+01   5.0000000e+01  -5.0000000e+01   9.9202992e+00
  -2.2810630e+01   1.4665613e+01   4.1000000e+01  -2.3386319e+01   5.0000000e+01  -5.0000000e+01  -9.8516703e-01
  -1.6864145e+01   1.2460697e+01   4.1000000e+01  -1.6538381e+01   5.0000000e+01  -5.0000000e+01  -1.2258220e+01
  -1.4152248e+01   9.0597747e+00   4.1000000e+01  -7.4749593e+00   5.0000000e+01  -5.0000000e+01  -2.3812595e+01
  -1.0370506e+01   6.4339316e+00   4.1000000e+01   2.7093365e+00   5.0000000e+01  -5.0000000e+01  -3.5746924e+01
  -6.2074652e+00   4.2383248e+00   4.1000000e+01   1.0220254e+01   5.0000000e+01  -5.0000000e+01  -3.5256396e+01
  -2.1001406e+00   2.4045286e+00   4.1000000e+01   1.8745589e+01   5.0000000e+01  -5.0000000e+01  -2.7692413e+01
   1.7447015e+00   1.3897835e-01   4.1000000e+01   2.9873727e+01   5.0000000e+01  -5.0000000e+01  -2.1061116e+01
   3.1078774e+00   1.4754267e+00   4.1000000e+01   4.1668923e+01   5.0000000e+01  -5.0000000e+01  -1.7599097e+01
   2.1113275e+00   2.1293010e+00   4.1000000e+01   5.3209265e+01   5.0000000e+01  -5.0000000e+01  -1.4543710e+01
   4.8767377e+00  -2.1134419e+00   4.1000000e+01   5.9444409e+01   5.0000000e+01  -5.0000000e+01  -1.2310880e+01
   6.1834338e+00  -3.0736729e+00   4.1000000e+01   6.0435775e+01   5.0000000e+01  -5.0000000e+01  -9.8235736e+00
   5.5786523e+00  -3.3396599e+00   4.1000000e+01   5.9251083e+01   5.0000000e+01  -5.0000000e+01  -7.2352745e+00
   3.9542083e+00  -2.6251574e+00   4.1000000e+01   5.6974338e+01   5.0000000e+01  -5.0000000e+01  -4.6116003e+00
   1.0634737e+00   2.1723951e-01   4.1000000e+01   5.2552688e+01   5.0000000e+01  -5.0000000e+01  -1.8783339e+00
  -1.1936178e+00   1.7842237e+00   4.1000000e+01   4.9176626e+01   5.0000000e+01  -5.0000000e+01   1.3054312e+00
  -2.1196184e+00   2.0428289e+00   4.1000000e+01   4.7650068e+01   5.0000000e+01  -5.0000000e+01   3.8196335e+00
  -5.4224777e+00   5.6186601e+00   4.1000000e+01   4.3347728e+01   5.0000000e+01  -5.0000000e+01   6.0263616e+00
  -6.5738038e+00   7.4881740e+00   4.1000000e+01   4.0642983e+01   5.0000000e+01  -5.0000000e+01   7.4032677e+00
  -6.4978272e+00   5.9727946e+00   4.1000000e+01   3.8957217e+01   5.0000000e+01  -5.0000000e+01   1.0481271e+01
  -7.8764014e+00   8.7288830e+00   4.1000000e+01   3.7529850e+01   5.0000000e+01  -5.0000000e+01   1.1358037e+01
  -9.6857755e+00   1.0446076e+01   4.1000000e+01   3.4258193e+01   5.0000000e+01  -5.0000000e+01   1.2967549e+01
  -1.1488471e+01   1.3658613e+01   4.1000000e+01   2.9221636e+01   5.0000000e+01  -5.0000000e+01   1.5572756e+01
  -1.6140664e+01   1.8413773e+01   4.1000000e+01   2.3938509e+01   5.0000000e+01  -5.0000000e+01   1.8586027e+01
  -1.9895230e+01   2.2225246e+01   4.1000000e+01   1.8892512e+01   5.0000000e+01  -5.0000000e+01   2.0074809e+01
  -2.3499797e+01   2.2350977e+01   4.1000000e+01   1.3467707e+01   5.0000000e+01  -5.0000000e+01   2.1173333e+01
  -2.5827609e+01   2.1809611e+01   4.1000000e+01   1.0861048e+01   5.0000000e+01  -5.0000000e+01   2.3750406e+01
  -2.8707167e+01   2.3414955e+01   4.1000000e+01   7.3067017e+00   5.0000000e+01  -5.0000000e+01   2.5227114e+01
  -3.1626921e+01   2.5613625e+01   4.1000000e+01   3.9697910e+00   5.0000000e+01  -5.0000000e+01   2.8934399e+01
  -3.3792290e+01   2.9817813e+01   4.1000000e+01  -1.4115251e+00   5.0000000e+01  -5.0000000e+01   3.3881336e+01
  -3.7819083e+01   3.2228151e+01   4.1000000e+01  -5.9713009e+00   5.0000000e+01  -5.0000000e+01   3.6889157e+01
  -3.9687369e+01   3.4423397e+01   4.1000000e+01  -9.8142267e+00   5.0000000e+01  -5.0000000e+01   4.2895716e+01
  -4.4008180e+01   3.2652817e+01   4.1000000e+01  -1.3023155e+01   5.0000000e+01  -5.0000000e+01   4.6397871e+01
  -4.7760152e+01   3.3507953e+01   4.1000000e+01  -1.6653075e+01   5.0000000e+01  -5.0000000e+01   4.9630164e+01
  -5.0527101e+01   3.2740601e+01   4.1000000e+01  -2.0695338e+01   5.0000000e+01  -5.0000000e+01   5.2600417e+01
  -5.0078066e+01   3.2277859e+01   4.1000000e+01  -2.4442965e+01   5.0000000e+01  -5.0000000e+01   5.4217257e+01
  -4.7587634e+01   2.9735244e+01   4.1000000e+01  -2.6989714e+01   5.0000000e+01  -5.0000000e+01   5.4960457e+01
  -4.6106686e+01   2.6562198e+01   4.1000000e+01  -2.7134756e+01   5.0000000e+01  -5.0000000e+01   5.6649338e+01
  -4.1155925e+01   2.1162160e+01   4.1000000e+01  -2.8101853e+01   5.0000000e+01  -5.0000000e+01   5.1298445e+01
  -3.6136405e+01   1.7942500e+01   4.1000000e+01  -3.0269207e+01   5.0000000e+01  -5.0000000e+01   4.3622100e+01
  -2.8691408e+01   1.7352612e+01   4.1000000e+01  -2.8088741e+01   5.0000000e+01  -5.0000000e+01   3.6207920e+01
  -2.3735443e+01   1.4917495e+01   4.1000000e+01  -2.2767886e+01   5.0000000e+01  -5.0000000e+01   2.6283444e+01
  -1.9936905e+01   8.8858991e+00   4.1000000e+01  -1.8820241e+01   5.0000000e+01  -5.0000000e+01   1.5426894e+01
  -1.6356007e+01   7.9914518e+00   4.1000000e+01  -1.0763696e+01   5.0000000e+01  -5.0000000e+01   3.9642598e+00
  -1.1172622e+01   6.8353680e+00   4.1000000e+01   1.9200681e-02   5.0000000e+01  -5.0000000e+01  -6.8213713e+00
  -6.6174526e+00   5.4240736e+00   4.1000000e+01   9.2257293e+00   5.0000000e+01  -5.0000000e+01  -1.2944990e+01
  -7.5021570e-01   1.1179938e+00   4.1000000e+01   1.9618851e+01   5.0000000e+01  -5.0000000e+01  -1.1368756e+01
   4.4867781e+00  -3.0887731e+00   4.1000000e+01   2.9833065e+01   5.0000000e+01  -5.0000000e+01  -1.3451953e+01
   8.3411547e+00  -6.2750158e+00   4.1000000e+01   4.1064524e+01   5.0000000e+01  -5.0000000e+01  -1.6607681e+01
   9.6037905e+00  -5.5736275e+00   4.1000000e+01   5.2281183e+01   5.0000000e+01  -5.0000000e+01  -1.7623668e+01
   5.1813040e+00  -4.4218112e+00   4.1000000e+01   6.1473126e+01   5.0000000e+01  -5.0000000e+01  -1.8972065e+01
   4.3517066e+00  -4.1168804e+00   4.1000000e+01   6.2739007e+01   5.0000000e+01  -5.0000000e+01  -1.6370476e+01
   3.2029202e+00  -3.7890734e+00   4.1000000e+01   6.0548267e+01   5.0000000e+01  -5.0000000e+01  -1.2265870e+01
   9.1511962e-01  -1.1184516e+00   4.1000000e+01   5.6455975e+01   5.0000000e+01  -5.0000000e+01  -8.3208985e+00
  -2.2244128e+00   8.8900485e-01   4.1000000e+01   5.2166740e+01   5.0000000e+01  -5.0000000e+01  -5.0779409e+00
  -6.2192785e+00   3.4621385e+00   4.1000000e+01   4.7714331e+01   5.0000000e+01  -5.0000000e+01  -3.2246889e+00
  -9.1974080e+00   7.8606717e+00   4.1000000e+01   4.3210191e+01   5.0000000e+01  -5.0000000e+01  -2.7183786e+00
  -1.2472887e+01   7.1133684e+00   4.1000000e+01   4.0315311e+01   5.0000000e+01  -5.0000000e+01  -8.2436255e-01
  -1.4099521e+01   1.2574707e+01   4.1000000e+01   3.6375888e+01   5.0000000e+01  -5.0000000e+01   2.6791716e-01
  -1.5667719e+01   1.2351923e+01   4.1000000e+01   3.4874180e+01   5.0000000e+01  -5.0000000e+01   2.3726586e+00
  -1.6383110e+01   1.4439970e+01   4.1000000e+01   3.2885006e+01   5.0000000e+01  -5.0000000e+01   4.4106402e+00
  -1.7822873e+01   1.3118589e+01   4.1000000e+01   3.1003797e+01   5.0000000e+01  -5.0000000e+01   6.9251511e+00
  -1.8631402e+01   1.3458717e+01   4.1000000e+01   2.9085747e+01   5.0000000e+01  -5.0000000e+01   9.0716400e+00
  -1.6660506e+01   1.1389262e+01   4.1000000e+01   2.9446433e+01   5.0000000e+01  -5.0000000e+01   1.1385544e+01
  -1.0625988e+01   3.0940369e+00   4.1000000e+01   3.4377354e+01   5.0000000e+01  -5.0000000e+01   1.3917000e+01
  -1.7952857e+01   1.0105173e+01   4.1000000e+01   2.9460404e+01   5.0000000e+01  -5.0000000e+01   1.4479869e+01
  -1.8090095e+01   1.3472933e+01   4.1000000e+01   2.5971931e+01   5.0000000e+01  -5.0000000e+01   1.5752524e+01
  -2.2309027e+01   1.3798137e+01   4.1000000e+01   2.1637613e+01   5.0000000e+01  -5.0000000e+01   1.7674884e+01
  -2.5483311e+01   2.0076804e+01   4.1000000e+01   1.6883251e+01   5.0000000e+01  -5.0000000e+01   1.9162298e+01
  -2.7138535e+01   2.0135405e+01   4.1000000e+01   1.4091417e+01   5.0000000e+01  -5.0000000e+01   2.1793961e+01
  -2.9347783e+01   1.9599764e+01   4.1000000e+01   1.1407698e+01   5.0000000e+01  -5.0000000e+01   2.2822017e+01
  -3.0244415e+01   2.2273801e+01   4.1000000e+01   1.0116134e+01   5.0000000e+01  -5.0000000e+01   2.4308701e+01
  -3.2719168e+01   2.4512378e+01   4.1000000e+01   7.2430051e+00   5.0000000e+01  -5.0000000e+01   2.6257556e+01
  -3.3130561e+01   2.5501406e+01   4.1000000e+01   5.9691764e+00   5.0000000e+01  -5.0000000e+01   2.8714834e+01
  -3.4462019e+01   2.5604507e+01   4.1000000e+01   4.7367496e+00   5.0000000e+01  -5.0000000e+01   2.9166246e+01
  -3.6351584e+01   2.6070699e+01   4.1000000e+01   1.0953018e+00   5.0000000e+01  -5.0000000e+01   3.2610598e+01
  -3.8310538e+01   2.8843997e+01   4.1000000e+01  -1.2584619e+00   5.0000000e+01  -5.0000000e+01   3.6148908e+01
  -4.0054326e+01   2.8444035e+01   4.1000000e+01  -3.0340781e+00   5.0000000e+01  -5.0000000e+01   3.8759104e+01
  -4.2356478e+01   3.0757576e+01   4.1000000e+01  -6.3212737e+00   5.0000000e+01  -5.0000000e+01   4.3887991e+01
  -4.6688572e+01   3.1206229e+01   4.1000000e+01  -1.0104580e+01   5.0000000e+01  -5.0000000e+01   4.7177252e+01
  -5.0248675e+01   3.0499889e+01   4.1000000e+01  -1.1997262e+01   5.0000000e+01  -5.0000000e+01   5.0770636e+01
  -5.3336368e+01   3.1374110e+01   4.1000000e+01  -1.4324138e+01   5.0000000e+01  -5.0000000e+01   5.6564624e+01
  -5.9752583e+01   3.7744582e+01   4.1000000e+01  -1.8483301e+01   5.0000000e+01  -5.0000000e+01   6.0515115e+01
  -5.7522424e+01   3.8303126e+01   4.1000000e+01  -1.9987096e+01   5.0000000e+01  -5.0000000e+01   6.4708126e+01
  -5.7733600e+01   3.7499965e+01   4.1000000e+01  -2.3173365e+01   5.0000000e+01  -5.0000000e+01   6.7080930e+01
  -5.6657558e+01   3.8529267e+01   4.1000000e+01  -2.5954240e+01   5.0000000e+01  -5.0000000e+01   6.8020545e+01
  -5.5180621e+01   3.7328033e+01   4.1000000e+01  -2.9537421e+01   5.0000000e+01  -5.0000000e+01   6.5603098e+01
  -5.1659005e+01   3.2697754e+01   4.1000000e+01  -3.1263327e+01   5.0000000e+01  -5.0000000e+01   6.3419343e+01
  -4.6560296e+01   2.6925588e+01   4.1000000e+01  -3.1454464e+01   5.0000000e+01  -5.0000000e+01   6.1681783e+01
  -4.2540098e+01   2.2452143e+01   4.1000000e+01  -3.1084091e+01   5.0000000e+01  -5.0000000e+01   5.7972440e+01
  -4.0426175e+01   2.0167736e+01   4.1000000e+01  -3.2044732e+01   5.0000000e+01  -5.0000000e+01   5.3067966e+01
  -3.6145742e+01   2.1515767e+01   4.1000000e+01  -3.0156597e+01   5.0000000e+01  -5.0000000e+01   5.0079144e+01
  -3.3113246e+01   1.9733650e+01   4.1000000e+01  -2.9182782e+01   5.0000000e+01  -5.0000000e+01   4.6837208e+01
  -3.0394296e+01   1.6278212e+01   4.1000000e+01  -2.6667178e+01   5.0000000e+01  -5.0000000e+01   4.2542878e+01
  -2.5952447e+01   1.2480279e+01   4.1000000e+01  -2.8311227e+01   5.0000000e+01  -5.0000000e+01   3.3114369e+01
  -2.3864868e+01   1.2781934e+01   4.1000000e+01  -3.0715305e+01   5.0000000e+01  -5.0000000e+01   2.3458164e+01
  -1.9593592e+01   9.2827145e+00   4.1000000e+01  -2.9769995e+01   5.0000000e+01  -5.0000000e+01   1.3718065e+01
  -1.6691410e+01   1.1020434e+01   4.1000000e+01  -2.4877369e+01   5.0000000e+01  -5.0000000e+01   3.4532312e+00
  -1.2404993e+01   1.0200449e+01   4.1000000e+01  -1.7180238e+01   5.0000000e+01  -5.0000000e+01  -7.6326882e+00
  -1.2116394e+01   9.4187062e+00   4.1000000e+01  -7.1715348e+00   5.0000000e+01  -5.0000000e+01  -1.8959829e+01
  -8.5576316e+00   8.3403206e+00   4.1000000e+01   3.6420139e+00   5.0000000e+01  -5.0000000e+01  -2.4937977e+01
  -4.5635730e+00   6.1608100e+00   4.1000000e+01   1.2431835e+01   5.0000000e+01  -5.0000000e+01  -2.1446320e+01
  -7.7093081e-01   1.9030776e+00   4.1000000e+01   2.3415496e+01   5.0000000e+01  -5.0000000e+01  -1.9217383e+01
   1.4075361e+00  -2.8594415e-01   4.1000000e+01   3.4873544e+01   5.0000000e+01  -5.0000000e+01  -1.8581813e+01
  -1.0109993e+01   3.4415012e+00   4.1000000e+01   4.5122841e+01   5.0000000e+01  -5.0000000e+01  -6.9604576e+00
  -1.2925137e+00   1.2335862e+00   4.1000000e+01   5.1792594e+01   5.0000000e+01  -5.0000000e+01  -1.0615857e+01
  -1.0845885e-01  -8.5456264e-02   4.1000000e+01   5.3819628e+01   5.0000000e+01  -5.0000000e+01  -1.1297170e+01
  -1.0220355e+00  -4.6264262e-03   4.1000000e+01   5.3401786e+01   5.0000000e+01  -5.0000000e+01  -9.2430167e+00
  -2.1745612e+00  -3.1034602e-01   4.1000000e+01   5.1596646e+01   5.0000000e+01  -5.0000000e+01  -6.5300255e+00
  -3.3939053e+00   6.1978869e-01   4.1000000e+01   4.9918127e+01   5.0000000e+01  -5.0000000e+01  -5.0026959e+00
  -5.1846719e+00   1.8775721e+00   4.1000000e+01   4.7855132e+01   5.0000000e+01  -5.0000000e+01  -3.5375601e+00
  -7.2643247e+00   3.7144341e+00   4.1000000e+01   4.4886397e+01   5.0000000e+01  -5.0000000e+01  -1.7964450e+00
  -9.0153062e+00   6.7553476e+00   4.1000000e+01   4.2495250e+01   5.0000000e+01  -5.0000000e+01  -2.4850758e+00
  -1.1290084e+01   6.4905307e+00   4.1000000e+01   3.9797154e+01   5.0000000e+01  -5.0000000e+01   4.9501691e-01
  -1.2881691e+01   6.9136433e+00   4.1000000e+01   3.8271760e+01   5.0000000e+01  -5.0000000e+01   1.3698387e+00
  -1.4992615e+01   8.2204723e+00   4.1000000e+01   3.6165170e+01   5.0000000e+01  -5.0000000e+01   3.5052207e+00
  -1.5880428e+01   9.7011267e+00   4.1000000e+01   3.4907571e+01   5.0000000e+01  -5.0000000e+01   4.0895483e+00
  -1.7751001e+01   1.1920057e+01   4.1000000e+01   3.1881965e+01   5.0000000e+01  -5.0000000e+01   4.8117672e+00
  -1.9163715e+01   1.4218997e+01   4.1000000e+01   3.0553829e+01   5.0000000e+01  -5.0000000e+01   4.9832211e+00
  -2.0437274e+01   1.5382628e+01   4.1000000e+01   2.9749199e+01   5.0000000e+01  -5.0000000e+01   5.4983655e+00
  -2.1469351e+01   1.7232677e+01   4.1000000e+01   2.9065386e+01   5.0000000e+01  -5.0000000e+01   4.4626588e+00
  -2.2569842e+01   1.6811933e+01   4.1000000e+01   2.7324553e+01   5.0000000e+01  -5.0000000e+01   6.9593316e+00
  -2.3299674e+01   1.6019559e+01   4.1000000e+01   2.6288585e+01   5.0000000e+01  -5.0000000e+01   8.0077433e+00
  -2.5354802e+01   1.6812671e+01   4.1000000e+01   2.4474236e+01   5.0000000e+01  -5.0000000e+01   9.3142870e+00
  -2.5622723e+01   1.5632282e+01   4.1000000e+01   2.3402131e+01   5.0000000e+01  -5.0000000e+01   1.2320084e+01
  -2.6252852e+01   1.6096871e+01   4.1000000e+01   2.1754727e+01   5.0000000e+01  -5.0000000e+01   1.3808795e+01
  -2.7463432e+01   1.7572854e+01   4.1000000e+01   2.0194867e+01   5.0000000e+01  -5.0000000e+01   1.4935284e+01
  -2.7686559e+01   1.9957476e+01   4.1000000e+01   1.8850151e+01   5.0000000e+01  -5.0000000e+01   1.6561283e+01
  -2.9100100e+01   1.9445917e+01   4.1000000e+01   1.6976823e+01   5.0000000e+01  -5.0000000e+01   1.7653379e+01
  -3.0139074e+01   2.0914083e+01   4.1000000e+01   1.5565211e+01   5.0000000e+01  -5.0000000e+01   1.7984518e+01
  -3.1863787e+01   2.1438842e+01   4.1000000e+01   1.3191148e+01   5.0000000e+01  -5.0000000e+01   1.9081633e+01
  -3.2976659e+01   2.1912340e+01   4.1000000e+01   9.7871280e+00   5.0000000e+01  -5.0000000e+01   2.3360269e+01
  -3.4094638e+01   2.4357655e+01   4.1000000e+01   7.6717350e+00   5.0000000e+01  -5.0000000e+01   2.6023005e+01
  -3.5957491e+01   2.5629888e+01   4.1000000e+01   3.0842168e+00   5.0000000e+01  -5.0000000e+01   2.9627890e+01
  -3.8302403e+01   2.6719259e+01   4.1000000e+01  -1.0274872e+00   5.0000000e+01  -5.0000000e+01   3.5015485e+01
  -4.1195306e+01   2.7526120e+01   4.1000000e+01  -5.0336786e+00   5.0000000e+01  -5.0000000e+01   4.1174318e+01
  -4.4443223e+01   2.5355185e+01   4.1000000e+01  -9.0196084e+00   5.0000000e+01  -5.0000000e+01   4.5127060e+01
  -4.6817804e+01   2.5616929e+01   4.1000000e+01  -1.1760222e+01   5.0000000e+01  -5.0000000e+01   4.9176336e+01
  -4.9113123e+01   2.8268483e+01   4.1000000e+01  -1.5817984e+01   5.0000000e+01  -5.0000000e+01   5.2205394e+01
  -4.7552419e+01   2.4509123e+01   4.1000000e+01  -1.9489607e+01   5.0000000e+01  -5.0000000e+01   5.2279935e+01
  -4.4118324e+01   2.3125794e+01   4.1000000e+01  -2.0734902e+01   5.0000000e+01  -5.0000000e+01   4.9710689e+01
  -3.8193988e+01   1.5760093e+01   4.1000000e+01  -2.2332236e+01   5.0000000e+01  -5.0000000e+01   4.1569248e+01
  -3.3040370e+01   1.1677395e+01   4.1000000e+01  -2.3027393e+01   5.0000000e+01  -5.0000000e+01   3.1852744e+01
  -2.7750886e+01   7.8699529e+00   4.1000000e+01  -2.0688303e+01   5.0000000e+01  -5.0000000e+01   2.1331747e+01
  -2.3178662e+01   6.9185587e+00   4.1000000e+01  -1.5593062e+01   5.0000000e+01  -5.0000000e+01   1.0203553e+01
  -1.8198752e+01   1.0602978e+01   4.1000000e+01  -1.0230451e+01   5.0000000e+01  -5.0000000e+01  -1.4949232e+00
  -1.0297907e+01   1.1978314e+01   4.1000000e+01  -8.6751347e-01   5.0000000e+01  -5.0000000e+01  -1.3099678e+01
  -4.7384308e+00   8.9143888e+00   4.1000000e+01   7.4710648e+00   5.0000000e+01  -5.0000000e+01  -1.4639335e+01
   1.5687743e+00   2.9904477e+00   4.1000000e+01   1.8376690e+01   5.0000000e+01  -5.0000000e+01  -1.2023431e+01
   4.5873660e+00  -4.4390934e+00   4.1000000e+01   2.8534150e+01   5.0000000e+01  -5.0000000e+01  -1.3048699e+01
   9.0614744e+00  -6.2576509e+00   4.1000000e+01   3.9502529e+01   5.0000000e+01  -5.0000000e+01  -1.5641017e+01
   8.7680634e+00  -5.1289308e+00   4.1000000e+01   5.0573569e+01   5.0000000e+01  -5.0000000e+01  -1.6275864e+01
   4.9375687e+00  -4.2104853e+00   4.1000000e+01   6.0772488e+01   5.0000000e+01  -5.0000000e+01  -1.5575632e+01
   4.0708852e+00  -4.7615015e+00   4.1000000e+01   6.1885174e+01   5.0000000e+01  -5.0000000e+01  -1.3932239e+01
   3.2766697e+00  -4.4619843e+00   4.1000000e+01   5.9651019e+01   5.0000000e+01  -5.0000000e+01  -1.0435386e+01
   9.0335765e-01  -2.1841090e+00   4.1000000e+01   5.6100931e+01   5.0000000e+01  -5.0000000e+01  -6.8257940e+00
  -2.0288114e+00  -2.6589456e-01   4.1000000e+01   5.1310869e+01   5.0000000e+01  -5.0000000e+01  -2.4529571e+00
  -5.6487668e+00   1.0329893e+00   4.1000000e+01   4.6803418e+01   5.0000000e+01  -5.0000000e+01   4.3605554e-01
  -9.2358517e+00   3.5645303e+00   4.1000000e+01   4.1267258e+01   5.0000000e+01  -5.0000000e+01   4.2692705e+00
  -1.2169364e+01   5.0057943e+00   4.1000000e+01   3.7281411e+01   5.0000000e+01  -5.0000000e+01   7.1269819e+00
  -1.5059835e+01   8.7760707e+00   4.1000000e+01   3.3085209e+01   5.0000000e+01  -5.0000000e+01   9.1180480e+00
  -1.6557133e+01   9.5008523e+00   4.1000000e+01   3.0751467e+01   5.0000000e+01  -5.0000000e+01   1.0418893e+01
  -1.9735395e+01   1.3964194e+01   4.1000000e+01   2.7084112e+01   5.0000000e+01  -5.0000000e+01   1.1392013e+01
  -2.1342835e+01   1.4527709e+01   4.1000000e+01   2.6095878e+01   5.0000000e+01  -5.0000000e+01   1.2110762e+01
  -2.0715518e+01   1.4581215e+01   4.1000000e+01   2.5324175e+01   5.0000000e+01  -5.0000000e+01   1.3667026e+01
  -1.6650018e+01   1.0004690e+01   4.1000000e+01   2.7625215e+01   5.0000000e+01  -5.0000000e+01   1.5112899e+01
  -1.7066559e+01   1.1478578e+01   4.1000000e+01   2.7346296e+01   5.0000000e+01  -5.0000000e+01   1.6269730e+01
  -2.0459297e+01   1.3833395e+01   4.1000000e+01   2.4460769e+01   5.0000000e+01  -5.0000000e+01   1.8639239e+01
  -2.3569929e+01   1.5645688e+01   4.1000000e+01   1.9509778e+01   5.0000000e+01  -5.0000000e+01   2.0100865e+01
  -2.6470284e+01   1.9209006e+01   4.1000000e+01   1.4112788e+01   5.0000000e+01  -5.0000000e+01   2.1239027e+01
  -3.0428259e+01   2.3477312e+01   4.1000000e+01   9.8171792e+00   5.0000000e+01  -5.0000000e+01   2.2676716e+01
  -3.1785586e+01   2.5338376e+01   4.1000000e+01   7.5300026e+00   5.0000000e+01  -5.0000000e+01   2.3309151e+01
  -3.2439308e+01   2.6309629e+01   4.1000000e+01   5.4995590e+00   5.0000000e+01  -5.0000000e+01   2.5419329e+01
  -3.3945749e+01   2.6592990e+01   4.1000000e+01   4.9193678e+00   5.0000000e+01  -5.0000000e+01   2.6614981e+01
  -3.5524034e+01   2.5543718e+01   4.1000000e+01   1.9707786e+00   5.0000000e+01  -5.0000000e+01   3.0243480e+01
  -3.5707903e+01   2.8597357e+01   4.1000000e+01  -1.3338650e-01   5.0000000e+01  -5.0000000e+01   3.4495889e+01
  -3.8237769e+01   2.9980513e+01   4.1000000e+01  -3.5044554e+00   5.0000000e+01  -5.0000000e+01   3.7989688e+01
  -4.0921042e+01   3.2701408e+01   4.1000000e+01  -8.2128731e+00   5.0000000e+01  -5.0000000e+01   4.4536480e+01
  -4.4178083e+01   3.4869084e+01   4.1000000e+01  -1.0840519e+01   5.0000000e+01  -5.0000000e+01   4.9352998e+01
  -4.7818861e+01   3.3733984e+01   4.1000000e+01  -1.4199684e+01   5.0000000e+01  -5.0000000e+01   5.1690839e+01
  -5.1365083e+01   3.6388771e+01   4.1000000e+01  -1.7377039e+01   5.0000000e+01  -5.0000000e+01   5.5660933e+01
  -5.4383214e+01   3.4533281e+01   4.1000000e+01  -2.0786775e+01   5.0000000e+01  -5.0000000e+01   5.9182886e+01
  -5.3052692e+01   3.0041453e+01   4.1000000e+01  -2.4145577e+01   5.0000000e+01  -5.0000000e+01   6.1572697e+01
  -4.9987304e+01   2.6725851e+01   4.1000000e+01  -2.6320204e+01   5.0000000e+01  -5.0000000e+01   6.1559917e+01
  -4.7580157e+01   2.2441294e+01   4.1000000e+01  -2.8623765e+01   5.0000000e+01  -5.0000000e+01   5.8911175e+01
  -4.3037051e+01   1.6780890e+01   4.1000000e+01  -2.9320925e+01   5.0000000e+01  -5.0000000e+01   5.3822025e+01
  -4.1071776e+01   2.4713005e+01   4.1000000e+01  -3.2286790e+01   5.0000000e+01  -5.0000000e+01   5.9523698e+01
  -3.3245385e+01   1.7328940e+01   4.1000000e+01  -3.1884884e+01   5.0000000e+01  -5.0000000e+01   4.9487678e+01
  -2.5801645e+01   9.9909574e+00   4.1000000e+01  -2.8528134e+01   5.0000000e+01  -5.0000000e+01   3.8367721e+01
  -1.8532896e+01   8.2786338e+00   4.1000000e+01  -2.2193494e+01   5.0000000e+01  -5.0000000e+01   2.6828456e+01
  -1.4512727e+01   6.5972035e+00   4.1000000e+01  -1.4216738e+01   5.0000000e+01  -5.0000000e+01   1.4863790e+01
  -8.5156333e+00   3.8278295e+00   4.1000000e+01  -4.1405601e+00   5.0000000e+01  -5.0000000e+01   2.6612631e+00
  -3.0474017e+00   4.7861070e+00   4.1000000e+01   7.0899232e+00   5.0000000e+01  -5.0000000e+01  -7.7944538e+00
   2.9173862e+00   3.8502002e+00   4.1000000e+01   1.7458297e+01   5.0000000e+01  -5.0000000e+01  -1.1036618e+01
   7.2013107e+00  -5.1498144e+00   4.1000000e+01   2.8013603e+01   5.0000000e+01  -5.0000000e+01  -1.2040679e+01
   1.0955021e+01  -9.4029253e+00   4.1000000e+01   3.8630185e+01   5.0000000e+01  -5.0000000e+01  -1.4177526e+01
   1.3677798e+01  -1.0850414e+01   4.1000000e+01   4.9191554e+01   5.0000000e+01  -5.0000000e+01  -1.9158192e+01
   1.2712742e+01  -9.7513736e+00   4.1000000e+01   5.9118017e+01   5.0000000e+01  -5.0000000e+01  -2.2297455e+01
   9.0653448e+00  -9.0109567e+00   4.1000000e+01   6.7659442e+01   5.0000000e+01  -5.0000000e+01  -2.4623119e+01
   7.5327092e+00  -8.6549072e+00   4.1000000e+01   6.7921505e+01   5.0000000e+01  -5.0000000e+01  -2.2346286e+01
   5.2054106e+00  -6.2191197e+00   4.1000000e+01   6.4503925e+01   5.0000000e+01  -5.0000000e+01  -1.8960019e+01
   2.3731954e+00  -2.9802685e+00   4.1000000e+01   6.0287429e+01   5.0000000e+01  -5.0000000e+01  -1.7064281e+01
   8.7544551e-01  -3.5091752e+00   4.1000000e+01   5.7532696e+01   5.0000000e+01  -5.0000000e+01  -1.2341658e+01
  -1.4023255e+00  -1.6382504e+00   4.1000000e+01   5.4221286e+01   5.0000000e+01  -5.0000000e+01  -8.6338931e+00
  -3.9630285e+00   9.7375413e-01   4.1000000e+01   4.9998630e+01   5.0000000e+01  -5.0000000e+01  -4.6305020e+00
  -6.6816623e+00   2.0910506e+00   4.1000000e+01   4.6367102e+01   5.0000000e+01  -5.0000000e+01  -1.4369478e+00
  -8.5131460e+00   4.9982859e+00   4.1000000e+01   4.3235492e+01   5.0000000e+01  -5.0000000e+01   9.4014703e-01
  -1.0214011e+01   5.9735735e+00   4.1000000e+01   4.0774012e+01   5.0000000e+01  -5.0000000e+01   3.2803830e+00
  -1.1510460e+01   4.9365977e+00   4.1000000e+01   3.9013703e+01   5.0000000e+01  -5.0000000e+01   6.7276842e+00
  -1.1472942e+01   9.0809806e+00   4.1000000e+01   3.6957751e+01   5.0000000e+01  -5.0000000e+01   7.5375130e+00
  -1.5617953e+01   9.5139665e+00   4.1000000e+01   3.2952532e+01   5.0000000e+01  -5.0000000e+01   9.6637244e+00
  -1.5582786e+01   8.5656489e+00   4.1000000e+01   3.1476422e+01   5.0000000e+01  -5.0000000e+01   1.1231803e+01
  -1.3266621e+01   9.5961380e+00   4.1000000e+01   3.2654312e+01   5.0000000e+01  -5.0000000e+01   1.1505054e+01
  -1.4659376e+01   1.1402825e+01   4.1000000e+01   3.2308666e+01   5.0000000e+01  -5.0000000e+01   1.2110459e+01
  -1.7309471e+01   1.4491793e+01   4.1000000e+01   2.8578093e+01   5.0000000e+01  -5.0000000e+01   1.3805844e+01
  -2.0760991e+01   1.9834157e+01   4.1000000e+01   2.4038928e+01   5.0000000e+01  -5.0000000e+01   1.4360244e+01
  -2.2085348e+01   2.2876881e+01   4.1000000e+01   1.9914256e+01   5.0000000e+01  -5.0000000e+01   1.6200569e+01
  -2.4590733e+01   1.8337408e+01   4.1000000e+01   1.7755693e+01   5.0000000e+01  -5.0000000e+01   1.8523316e+01
  -2.5416458e+01   1.8467644e+01   4.1000000e+01   1.6211760e+01   5.0000000e+01  -5.0000000e+01   2.0746209e+01
  -2.7326346e+01   2.0039571e+01   4.1000000e+01   1.3608055e+01   5.0000000e+01  -5.0000000e+01   2.2391882e+01
  -3.0033731e+01   2.3029471e+01   4.1000000e+01   1.1491149e+01   5.0000000e+01  -5.0000000e+01   2.2283111e+01
  -3.1190961e+01   2.4912057e+01   4.1000000e+01   8.3128356e+00   5.0000000e+01  -5.0000000e+01   2.4115302e+01
  -3.2570558e+01   2.4951700e+01   4.1000000e+01   5.9824391e+00   5.0000000e+01  -5.0000000e+01   2.7566773e+01
  -3.5291542e+01   2.7781248e+01   4.1000000e+01   8.1060499e-01   5.0000000e+01  -5.0000000e+01   2.9079141e+01
