  -1.7500870e+01   1.1369397e+01   6.3936910e+01   2.3970400e+01   2.9157155e+01  -4.1946133e+01   1.9978389e+00
  -2.3000000e+01   1.6240279e+01   6.7985269e+01   2.9295018e+01   2.3712329e+01  -5.0000000e+01   2.5297787e+00
  -2.3000000e+01   1.5115807e+01   7.2133847e+01   3.0015978e+01   2.1714143e+01  -5.0000000e+01   2.5374959e+00
  -2.3000000e+01   1.6267385e+01   6.4022079e+01   2.7907231e+01   2.9210629e+01  -5.0000000e+01   6.4918185e+00
  -2.3000000e+01   1.7644676e+01   6.1225742e+01   2.5554991e+01   3.1663630e+01  -5.0000000e+01   9.5501360e+00
  -2.3000000e+01   1.9372030e+01   5.6134803e+01   2.2729204e+01   3.6152610e+01  -5.0000000e+01   1.2774657e+01
  -2.3000000e+01   1.8571276e+01   5.2794301e+01   1.9489212e+01   4.0223632e+01  -5.0000000e+01   1.7848064e+01
  -2.3000000e+01   1.9327883e+01   4.8451532e+01   1.7533114e+01   4.4165457e+01  -5.0000000e+01   2.1115174e+01
  -2.3000000e+01   2.0268715e+01   4.3715153e+01   1.5400215e+01   4.7542161e+01  -5.0000000e+01   2.3051455e+01
  -2.3000000e+01   1.9331346e+01   3.9792254e+01   1.4661422e+01   5.1702070e+01  -5.0000000e+01   2.5918588e+01
  -2.3000000e+01   1.7022080e+01   3.6413719e+01   1.3516158e+01   5.5736532e+01  -5.0000000e+01   2.8785184e+01
  -2.3000000e+01   1.6247290e+01   3.2988089e+01   1.1595579e+01   6.0495888e+01  -5.0000000e+01   3.3511939e+01
  -2.3000000e+01   1.5015018e+01   2.7062843e+01   9.4695221e+00   6.4503327e+01  -5.0000000e+01   3.7537002e+01
  -2.3000000e+01   1.4348218e+01   2.0317867e+01   4.5397621e+00   6.8462007e+01  -5.0000000e+01   4.2826439e+01
  -2.3000000e+01   1.1384892e+01   1.4517448e+01  -3.8151988e-02   7.2230522e+01  -5.0000000e+01   4.8871181e+01
  -2.3000000e+01   1.0665492e+01   8.7505698e+00  -4.3287270e+00   7.6262183e+01  -5.0000000e+01   5.2806813e+01
  -2.3000000e+01   2.1228202e+00   4.5165459e+00  -6.2075660e+00   7.9849564e+01  -5.0000000e+01   5.6472673e+01
  -2.3000000e+01  -3.1016837e+00  -2.3220030e-01  -7.6003580e+00   8.4292987e+01  -5.0000000e+01   5.7495943e+01
  -2.3000000e+01  -4.7356879e+00  -3.2190478e+00  -9.2224515e+00   8.9588126e+01  -5.0000000e+01   5.5869870e+01
  -2.3000000e+01  -4.9696761e+00  -5.1002785e+00  -8.3500178e+00   9.3805879e+01  -5.0000000e+01   4.4824542e+01
  -2.3000000e+01   8.4142070e-01  -6.5305704e+00  -1.1434438e+01   9.6609571e+01  -5.0000000e+01   3.3733709e+01
  -2.3000000e+01   3.7617013e+00  -4.7074413e-01  -1.0602378e+01   9.3911956e+01  -5.0000000e+01   2.4355710e+01
  -2.3000000e+01   1.8925351e+00   8.4133460e+00  -5.7989973e+00   8.8751988e+01  -5.0000000e+01   1.3245621e+01
  -2.3000000e+01   3.5621009e+00   1.8852634e+01  -1.6361817e+00   8.2602540e+01  -5.0000000e+01   2.6729681e+00
  -2.3000000e+01   1.2167736e+01   2.8587877e+01   1.5528895e+00   7.5731684e+01  -5.0000000e+01  -7.5331306e+00
  -2.3000000e+01   1.7148587e+01   3.8927073e+01   6.1044339e+00   6.8029365e+01  -5.0000000e+01  -1.6764921e+01
  -2.3000000e+01   1.5556784e+01   4.8755681e+01   1.3289595e+01   5.9320776e+01  -5.0000000e+01  -2.6367217e+01
  -2.3000000e+01   1.5060446e+01   5.7821115e+01   2.0506692e+01   5.0379068e+01  -5.0000000e+01  -3.5153415e+01
  -2.3000000e+01   1.3568101e+01   6.5059062e+01   2.8242270e+01   4.1371164e+01  -5.0000000e+01  -4.3235223e+01
  -2.3000000e+01   1.2983085e+01   7.1092178e+01   3.5741457e+01   3.2916561e+01  -5.0000000e+01  -4.9092379e+01
  -2.3000000e+01   1.2963275e+01   7.5040570e+01   4.3438293e+01   2.4564458e+01  -5.0000000e+01  -5.1978042e+01
  -2.3000000e+01   1.2772442e+01   7.8910036e+01   5.2854645e+01   1.6233625e+01  -5.0000000e+01  -4.9029564e+01
  -2.3000000e+01   1.4608856e+01   8.0030792e+01   5.3178846e+01   8.2376671e+00  -5.0000000e+01  -4.4871251e+01
  -2.3000000e+01   1.7005845e+01   7.9011570e+01   5.0036474e+01   1.1359504e+00  -5.0000000e+01  -3.7884216e+01
  -2.3000000e+01   1.7026761e+01   7.9873404e+01   4.7363725e+01  -1.1279200e+00  -5.0000000e+01  -2.9617065e+01
  -2.3000000e+01   1.7445915e+01   7.8131707e+01   4.3076356e+01  -1.5267934e-01  -5.0000000e+01  -2.1438956e+01
  -2.3000000e+01   1.6171931e+01   7.6412938e+01   3.9818360e+01   3.8184976e+00  -5.0000000e+01  -1.5511094e+01
  -2.3000000e+01   1.8631748e+01   7.3349129e+01   3.6513137e+01   5.0311089e+00  -5.0000000e+01  -1.2192506e+01
  -2.3000000e+01   1.8606956e+01   7.2281294e+01   3.5221177e+01   7.3386877e+00  -5.0000000e+01  -1.0214544e+01
  -2.3000000e+01   1.8572474e+01   7.3083222e+01   3.4452947e+01   7.1770755e+00  -5.0000000e+01  -8.7427296e+00
  -2.3000000e+01   1.9390236e+01   7.1996551e+01   3.3137586e+01   1.0565741e+01  -5.0000000e+01  -7.3041156e+00
  -2.3000000e+01   2.0087706e+01   6.9296874e+01   3.2091920e+01   1.5144910e+01  -5.0000000e+01  -6.0557745e+00
  -2.3000000e+01   1.8952903e+01   6.9437870e+01   3.2326349e+01   1.8332008e+01  -5.0000000e+01  -6.1670794e+00
  -2.3000000e+01   1.6883733e+01   7.0735621e+01   3.2580237e+01   2.1374426e+01  -5.0000000e+01  -4.4976873e+00
  -2.3000000e+01   1.6267265e+01   7.1663718e+01   3.3139056e+01   2.2608396e+01  -5.0000000e+01  -3.1667566e+00
  -2.3000000e+01   1.6471941e+01   6.9401308e+01   3.2115988e+01   2.6669953e+01  -5.0000000e+01  -3.8371714e-01
  -2.3000000e+01   1.5642281e+01   6.8063112e+01   3.1726059e+01   3.0047404e+01  -5.0000000e+01   2.1165674e+00
  -2.3000000e+01   2.0576298e+01   6.3188553e+01   2.6722604e+01   2.9913738e+01  -5.0000000e+01   7.9866510e+00
  -2.3000000e+01   2.1668499e+01   5.9294395e+01   2.3336078e+01   3.4239018e+01  -5.0000000e+01   1.0028898e+01
  -2.3000000e+01   2.1846840e+01   5.5198236e+01   2.1836887e+01   3.8318448e+01  -5.0000000e+01   1.3134409e+01
  -2.3000000e+01   2.2288788e+01   5.3605697e+01   2.0205836e+01   4.0866377e+01  -5.0000000e+01   1.5592078e+01
  -2.3000000e+01   2.2061491e+01   5.0695930e+01   1.8297568e+01   4.4031340e+01  -5.0000000e+01   1.8974478e+01
  -2.3000000e+01   2.1121350e+01   4.6904168e+01   1.6937515e+01   4.7566234e+01  -5.0000000e+01   2.2500679e+01
  -2.3000000e+01   1.9317444e+01   4.3590415e+01   1.7327667e+01   5.2457315e+01  -5.0000000e+01   2.5159657e+01
  -2.3000000e+01   1.8008826e+01   3.7055432e+01   1.4907842e+01   5.8207224e+01  -5.0000000e+01   2.8424713e+01
  -2.3000000e+01   1.9144553e+01   3.0236106e+01   9.8634410e+00   6.1919105e+01  -5.0000000e+01   3.3107462e+01
  -2.3000000e+01   1.8496567e+01   2.3668680e+01   5.0952736e+00   6.5991031e+01  -5.0000000e+01   3.8419028e+01
  -2.3000000e+01   1.6034866e+01   1.6337134e+01   1.5008652e+00   6.9216608e+01  -5.0000000e+01   4.4191535e+01
  -2.3000000e+01   1.1990101e+01   1.1479907e+01  -2.9890989e+00   7.3086533e+01  -5.0000000e+01   5.0120968e+01
  -2.3000000e+01   8.7460854e+00   6.3107864e+00  -7.0734843e+00   7.7006927e+01  -5.0000000e+01   5.5133891e+01
  -2.3000000e+01   2.8845897e+00   3.0788626e-01  -9.1914100e+00   7.9567296e+01  -5.0000000e+01   5.9658507e+01
  -2.3000000e+01  -6.7216480e+00  -2.2734102e+00  -1.0257860e+01   8.0908276e+01  -5.0000000e+01   6.1400449e+01
  -2.3000000e+01  -7.8573111e+00  -5.9993035e+00  -1.1485293e+01   8.2631409e+01  -5.0000000e+01   6.2201284e+01
  -2.3000000e+01  -8.2063090e+00  -8.1522749e+00  -1.2292948e+01   8.4505360e+01  -5.0000000e+01   6.2216554e+01
  -2.3000000e+01  -9.4807161e+00  -1.1352848e+01  -1.2379631e+01   8.8120876e+01  -5.0000000e+01   5.9788951e+01
  -2.3000000e+01  -1.0207834e+01  -1.3784370e+01  -1.2114898e+01   9.2084577e+01  -5.0000000e+01   5.1201560e+01
  -2.3000000e+01  -1.0997259e+01  -1.3958335e+01  -1.0105256e+01   9.5203206e+01  -5.0000000e+01   4.1260854e+01
  -2.3000000e+01  -8.5765588e+00  -1.1867162e+01  -8.5181142e+00   9.7863258e+01  -5.0000000e+01   3.4320994e+01
  -2.3000000e+01  -5.2865680e+00  -9.5045769e+00  -8.0434712e+00   9.8195819e+01  -5.0000000e+01   3.0560900e+01
  -2.3000000e+01  -3.8798254e+00  -7.0105577e+00  -7.2462322e+00   1.0170867e+02  -5.0000000e+01   1.8334467e+01
  -2.3000000e+01  -2.1743340e+00  -6.1398934e+00  -6.2968149e+00   1.0335570e+02  -5.0000000e+01   6.8428446e+00
  -2.3000000e+01   5.2759197e-01  -5.6291580e+00  -6.5375681e+00   1.0583077e+02  -5.0000000e+01  -3.5302172e+00
  -2.3000000e+01   2.2058864e+00  -6.8954287e-02  -4.2722336e+00   1.0460737e+02  -5.0000000e+01  -1.3747311e+01
  -2.3000000e+01   6.3313177e+00   6.9357414e+00  -1.4690391e+00   1.0087198e+02  -5.0000000e+01  -2.4297370e+01
  -2.3000000e+01   8.8455358e+00   1.8014840e+01   1.8449343e+00   9.5647355e+01  -5.0000000e+01  -3.2941222e+01
  -2.3000000e+01   1.1374501e+01   2.8264188e+01   7.4154714e+00   8.9875182e+01  -5.0000000e+01  -4.2317357e+01
  -2.3000000e+01   1.4410810e+01   3.9718526e+01   1.3541929e+01   8.4329523e+01  -5.0000000e+01  -4.9351870e+01
  -2.3000000e+01   1.5892096e+01   5.0499502e+01   2.2806632e+01   7.7649874e+01  -5.0000000e+01  -5.5061496e+01
  -2.3000000e+01   1.6383867e+01   6.0003596e+01   3.4019399e+01   6.9371305e+01  -5.0000000e+01  -5.8996462e+01
  -2.3000000e+01   1.7335167e+01   6.6110871e+01   4.5724585e+01   6.0662656e+01  -5.0000000e+01  -6.0070736e+01
  -2.3000000e+01   1.7024683e+01   6.9933679e+01   5.6002724e+01   5.1856042e+01  -5.0000000e+01  -5.4979032e+01
  -2.3000000e+01   1.6038908e+01   7.1606764e+01   5.4639546e+01   4.3841952e+01  -5.0000000e+01  -4.9531235e+01
  -2.3000000e+01   1.6686083e+01   7.1847215e+01   5.0277765e+01   3.5599763e+01  -5.0000000e+01  -4.2103368e+01
  -2.3000000e+01   1.6951512e+01   7.2526202e+01   4.5753422e+01   2.6846610e+01  -5.0000000e+01  -3.3707343e+01
  -2.3000000e+01   1.7372464e+01   7.4056778e+01   4.1476364e+01   1.8320848e+01  -5.0000000e+01  -2.4695577e+01
  -2.3000000e+01   1.9135111e+01   7.3288656e+01   3.6488685e+01   1.2843041e+01  -5.0000000e+01  -1.5455755e+01
  -2.3000000e+01   1.9242560e+01   7.2670395e+01   3.3700586e+01   1.2537691e+01  -5.0000000e+01  -8.9541561e+00
  -2.3000000e+01   1.9403056e+01   7.4061139e+01   3.2692462e+01   1.1785443e+01  -5.0000000e+01  -5.6954257e+00
  -2.3000000e+01   2.0790144e+01   6.9648823e+01   2.9772999e+01   1.6990054e+01  -5.0000000e+01  -2.3278521e+00
  -2.3000000e+01   2.1676506e+01   6.8522557e+01   2.8222361e+01   1.8399975e+01  -5.0000000e+01  -4.0021390e-01
  -2.3000000e+01   1.9795613e+01   6.9275240e+01   2.7002824e+01   2.1569726e+01  -5.0000000e+01   2.4599925e+00
  -2.3000000e+01   2.1918017e+01   6.7336897e+01   2.6558870e+01   2.2972884e+01  -5.0000000e+01   3.1991268e+00
  -2.3000000e+01   2.1298402e+01   6.3824459e+01   2.5010165e+01   3.0326092e+01  -5.0000000e+01   5.2930096e+00
  -2.3000000e+01   2.2290629e+01   6.0960469e+01   2.1394558e+01   3.2908622e+01  -5.0000000e+01   1.0139805e+01
  -2.3000000e+01   2.3425759e+01   5.6427226e+01   1.9661898e+01   3.7330431e+01  -5.0000000e+01   1.5779168e+01
  -2.3000000e+01   2.4660762e+01   5.2316853e+01   1.7225217e+01   4.0827160e+01  -5.0000000e+01   1.9074073e+01
  -2.3000000e+01   2.1417476e+01   5.0123106e+01   1.5255043e+01   4.5428351e+01  -5.0000000e+01   2.1918529e+01
  -2.3000000e+01   1.9282547e+01   4.6220922e+01   1.4896468e+01   5.0279997e+01  -5.0000000e+01   2.5235758e+01
  -2.3000000e+01   1.8669935e+01   4.0356051e+01   1.3069568e+01   5.5144438e+01  -5.0000000e+01   2.7855751e+01
  -2.3000000e+01   1.7849594e+01   3.4996951e+01   1.1927712e+01   6.0687076e+01  -5.0000000e+01   3.2488489e+01
  -2.3000000e+01   1.9292751e+01   2.8844392e+01   7.4849365e+00   6.4988060e+01  -5.0000000e+01   3.7492842e+01
  -2.3000000e+01   1.7586054e+01   2.2958187e+01   3.3874095e+00   6.8728758e+01  -5.0000000e+01   4.1717234e+01
  -2.3000000e+01   1.6798732e+01   1.8093861e+01  -6.6758873e-01   7.2935547e+01  -5.0000000e+01   4.7191314e+01
  -2.3000000e+01   1.0313408e+01   1.2829505e+01  -2.9931657e+00   7.6995877e+01  -5.0000000e+01   5.1611483e+01
  -2.3000000e+01   6.3086502e+00   7.6251906e+00  -5.3720883e+00   8.1727001e+01  -5.0000000e+01   5.5569794e+01
  -2.3000000e+01   1.9409816e+00   3.2322770e+00  -7.7926771e+00   8.6743199e+01  -5.0000000e+01   5.8486047e+01
  -2.3000000e+01  -1.2247580e+00  -1.7050866e+00  -9.7008759e+00   9.1475326e+01  -5.0000000e+01   5.8830737e+01
  -2.3000000e+01  -3.6229727e+00  -4.9864840e+00  -1.0006018e+01   9.6322024e+01  -5.0000000e+01   5.7503113e+01
  -2.3000000e+01  -6.0818975e+00  -8.8416976e+00  -8.4489629e+00   9.8372581e+01  -5.0000000e+01   5.5373683e+01
  -2.3000000e+01  -5.4777953e+00  -1.1018295e+01  -7.8743904e+00   1.0113376e+02  -5.0000000e+01   4.5089747e+01
  -2.3000000e+01  -5.5504801e+00  -9.0110217e+00  -5.4164132e+00   1.0757283e+02  -5.0000000e+01   3.6064238e+01
  -2.3000000e+01   1.5617785e+00  -4.7565598e+00  -5.7032037e+00   1.0659307e+02  -5.0000000e+01   2.6575694e+01
  -2.3000000e+01   3.6353140e+00   2.7974501e+00  -2.3525674e+00   1.0178928e+02  -5.0000000e+01   1.6777628e+01
  -2.3000000e+01   3.7448948e+00   1.0586721e+01  -1.9012478e+00   9.6903150e+01  -5.0000000e+01   5.6121853e+00
  -2.3000000e+01   7.8629649e+00   2.1367631e+01   1.1608177e+00   9.0246140e+01  -5.0000000e+01  -4.2686887e+00
  -2.3000000e+01   1.1397285e+01   3.1179612e+01   6.7193734e+00   8.2711853e+01  -5.0000000e+01  -1.3785011e+01
  -2.3000000e+01   1.4411952e+01   4.1009479e+01   1.2429697e+01   7.4543393e+01  -5.0000000e+01  -2.3869259e+01
  -2.3000000e+01   1.3843318e+01   5.0104088e+01   2.0052833e+01   6.5924849e+01  -5.0000000e+01  -3.2426133e+01
  -2.3000000e+01   1.2963867e+01   5.8008748e+01   2.7423632e+01   5.7180393e+01  -5.0000000e+01  -4.1319653e+01
  -2.3000000e+01   1.3424247e+01   6.4534069e+01   3.5642641e+01   4.8430584e+01  -5.0000000e+01  -4.8988819e+01
  -2.3000000e+01   1.4586309e+01   6.9631577e+01   4.4903004e+01   3.9926507e+01  -5.0000000e+01  -5.2359089e+01
  -2.3000000e+01   1.5484985e+01   7.1197534e+01   5.2593448e+01   3.0740429e+01  -5.0000000e+01  -4.9628067e+01
  -2.3000000e+01   1.5844445e+01   7.2671264e+01   5.0951108e+01   2.1979021e+01  -5.0000000e+01  -4.2366992e+01
  -2.3000000e+01   1.5892044e+01   7.3469328e+01   4.6525441e+01   1.5228589e+01  -5.0000000e+01  -3.2618814e+01
  -2.3000000e+01   1.7496939e+01   7.2434600e+01   4.1224793e+01   1.3226790e+01  -5.0000000e+01  -2.2901761e+01
  -2.3000000e+01   1.7133003e+01   6.9119122e+01   3.7316462e+01   1.6697305e+01  -5.0000000e+01  -1.5422069e+01
  -2.3000000e+01   1.7688428e+01   6.5868669e+01   3.4508463e+01   1.7246798e+01  -5.0000000e+01  -1.0907264e+01
  -2.3000000e+01   2.0400880e+01   6.3334474e+01   3.1717350e+01   1.8033070e+01  -5.0000000e+01  -9.1631364e+00
  -2.3000000e+01   1.6245969e+01   5.9846008e+01   3.2398145e+01   2.7959742e+01  -5.0000000e+01  -7.7649182e+00
  -2.3000000e+01   2.1308813e+01   5.6962934e+01   2.7794388e+01   2.6546872e+01  -5.0000000e+01  -3.9245342e+00
  -2.3000000e+01   1.9513955e+01   5.5763636e+01   2.8470443e+01   3.1396874e+01  -5.0000000e+01  -2.1175159e+00
  -2.3000000e+01   2.1009677e+01   5.4440174e+01   2.6873464e+01   3.2616294e+01  -5.0000000e+01   6.0283476e-01
  -2.3000000e+01   1.7827135e+01   5.3438001e+01   2.7399296e+01   3.8052338e+01  -5.0000000e+01   3.2615520e+00
  -2.3000000e+01   1.7519167e+01   5.2181230e+01   2.6486730e+01   4.0529056e+01  -5.0000000e+01   5.5766054e+00
  -2.3000000e+01   1.6413170e+01   5.5261164e+01   2.6068557e+01   3.8891948e+01  -5.0000000e+01   7.2509265e+00
  -2.3000000e+01   1.3275897e+01   6.3773737e+01   2.6747022e+01   3.1252754e+01  -5.0000000e+01   6.8610190e+00
  -2.3000000e+01   1.5151482e+01   5.4340756e+01   2.5752613e+01   3.9421970e+01  -5.0000000e+01   1.0325424e+01
  -2.3000000e+01   1.7333547e+01   5.3700547e+01   2.3106097e+01   4.0269195e+01  -5.0000000e+01   1.2900936e+01
  -2.3000000e+01   1.4252797e+01   5.0719086e+01   2.2646545e+01   4.5257390e+01  -5.0000000e+01   1.6368724e+01
  -2.3000000e+01   1.8345403e+01   4.4931226e+01   1.9791742e+01   4.8960893e+01  -5.0000000e+01   1.9811076e+01
  -2.3000000e+01   1.6805731e+01   4.3061670e+01   1.9038150e+01   5.2492050e+01  -5.0000000e+01   2.3296905e+01
  -2.3000000e+01   1.4099782e+01   4.1702846e+01   1.9066355e+01   5.6283688e+01  -5.0000000e+01   2.5385635e+01
  -2.3000000e+01   1.5765526e+01   3.8090935e+01   1.8441389e+01   5.8914258e+01  -5.0000000e+01   2.7479192e+01
  -2.3000000e+01   1.5605110e+01   3.4454497e+01   1.7218358e+01   6.1956800e+01  -5.0000000e+01   3.0575199e+01
  -2.3000000e+01   1.5531514e+01   3.0955364e+01   1.6138742e+01   6.4327760e+01  -5.0000000e+01   3.3172562e+01
  -2.3000000e+01   1.3281361e+01   2.6677298e+01   1.5565057e+01   6.7790512e+01  -5.0000000e+01   3.5029938e+01
  -2.3000000e+01   1.1874170e+01   2.4215721e+01   1.3059678e+01   7.0193497e+01  -5.0000000e+01   3.8459278e+01
  -2.3000000e+01   1.1439463e+01   1.9135658e+01   1.0614691e+01   7.2812226e+01  -5.0000000e+01   4.2439312e+01
  -2.3000000e+01   8.7987134e+00   1.5807784e+01   8.4690239e+00   7.5062410e+01  -5.0000000e+01   4.5082621e+01
  -2.3000000e+01   7.9195292e+00   1.1564537e+01   5.2859460e+00   7.7242215e+01  -5.0000000e+01   4.9811796e+01
  -2.3000000e+01   5.1413648e+00   8.9363696e+00   1.7883170e+00   7.9727749e+01  -5.0000000e+01   5.3619659e+01
  -2.3000000e+01  -2.1468210e+00   3.8721826e+00  -3.2946489e-01   8.2130019e+01  -5.0000000e+01   5.7583305e+01
  -2.3000000e+01  -6.7108375e+00  -9.7443543e-01  -2.3034492e+00   8.4631811e+01  -5.0000000e+01   6.2048205e+01
  -2.3000000e+01  -1.0142430e+01  -3.9371704e+00  -4.4935373e+00   8.5800679e+01  -5.0000000e+01   6.4319864e+01
  -2.3000000e+01  -8.4245263e+00  -4.1207332e+00  -5.8798191e+00   8.5967077e+01  -5.0000000e+01   6.4900576e+01
  -2.3000000e+01  -8.8224724e+00  -7.6612561e+00  -7.1878654e+00   8.6112317e+01  -5.0000000e+01   6.5233971e+01
  -2.3000000e+01  -6.5026507e+00  -1.1359815e+01  -9.1564760e+00   8.7626279e+01  -5.0000000e+01   6.3435848e+01
  -2.3000000e+01  -6.4588951e+00  -1.3220728e+01  -1.0704931e+01   8.9596736e+01  -5.0000000e+01   6.0921015e+01
  -2.3000000e+01  -7.4514022e+00  -1.4789993e+01  -1.1084554e+01   9.3912680e+01  -5.0000000e+01   5.7625909e+01
  -2.3000000e+01  -7.9156289e+00  -1.7395726e+01  -1.0637827e+01   9.9547292e+01  -5.0000000e+01   5.2433421e+01
  -2.3000000e+01  -9.6275487e+00  -1.7763733e+01  -8.3005577e+00   1.0369421e+02  -5.0000000e+01   4.7005473e+01
  -2.3000000e+01  -9.9132748e+00  -1.7872500e+01  -6.4826606e+00   1.0815927e+02  -5.0000000e+01   4.1445708e+01
  -2.3000000e+01  -3.6390125e+00  -1.6316350e+01  -6.4266757e+00   1.0817718e+02  -5.0000000e+01   3.8135562e+01
  -2.3000000e+01  -8.8802210e-02  -1.2281901e+01  -7.7101778e+00   1.0732277e+02  -5.0000000e+01   3.4885697e+01
  -2.3000000e+01   1.3858183e+00  -5.6281440e+00  -6.0770790e+00   1.0447727e+02  -5.0000000e+01   3.1285503e+01
  -2.3000000e+01  -4.4375466e+00  -1.1162517e+01  -2.5583434e+00   1.0980742e+02  -5.0000000e+01   1.9271676e+01
  -2.3000000e+01  -6.9349017e+00  -1.5277038e+01  -2.2044753e+00   1.1665984e+02  -5.0000000e+01   9.4168788e+00
  -2.3000000e+01  -8.1206591e+00  -1.5608005e+01  -7.4124499e-01   1.1884171e+02  -5.0000000e+01  -1.0152863e+00
  -2.3000000e+01  -6.2127741e-01  -7.0480731e+00  -1.8522036e+00   1.1538004e+02  -5.0000000e+01  -8.9357328e+00
  -2.3000000e+01   5.7664926e+00   3.5513905e+00  -1.2016255e+00   1.0872315e+02  -5.0000000e+01  -1.6821979e+01
  -2.3000000e+01   9.9768005e+00   1.5289966e+01   1.9466857e+00   1.0138658e+02  -5.0000000e+01  -2.1792679e+01
  -2.3000000e+01   1.4143327e+01   2.7340885e+01   8.4459197e+00   9.4257784e+01  -5.0000000e+01  -2.7907570e+01
  -2.3000000e+01   1.6892426e+01   3.9289809e+01   1.6493078e+01   8.6638658e+01  -5.0000000e+01  -3.4768511e+01
  -2.3000000e+01   1.5260626e+01   4.9581835e+01   2.6702735e+01   7.7817890e+01  -5.0000000e+01  -4.2962589e+01
  -2.3000000e+01   1.4467313e+01   5.6577893e+01   3.7006963e+01   6.9004624e+01  -5.0000000e+01  -5.0050686e+01
  -2.3000000e+01   1.5776715e+01   4.5615329e+01   4.7369462e+01   5.9735672e+01  -5.0000000e+01  -3.9893442e+01
  -2.3000000e+01   1.6730483e+01   5.7134051e+01   4.6589075e+01   5.2431884e+01  -5.0000000e+01  -3.6196192e+01
  -2.3000000e+01   1.5929661e+01   6.1631609e+01   4.5598015e+01   4.3020890e+01  -5.0000000e+01  -3.4326861e+01
  -2.3000000e+01   1.5979235e+01   6.3662647e+01   4.2846999e+01   3.3526206e+01  -5.0000000e+01  -2.8726922e+01
  -2.3000000e+01   1.5706579e+01   6.5655047e+01   3.9151588e+01   2.4625973e+01  -5.0000000e+01  -2.1780636e+01
  -2.3000000e+01   1.6345203e+01   6.7324353e+01   3.6444837e+01   1.7891158e+01  -5.0000000e+01  -1.6014065e+01
  -2.3000000e+01   1.6541502e+01   6.6638176e+01   3.4695240e+01   1.6943087e+01  -5.0000000e+01  -1.2200760e+01
  -2.3000000e+01   1.6888792e+01   6.4352440e+01   3.2617391e+01   1.9547825e+01  -5.0000000e+01  -9.1417260e+00
  -2.3000000e+01   1.8978057e+01   6.2527534e+01   3.1118865e+01   1.9242953e+01  -5.0000000e+01  -8.8319202e+00
  -2.3000000e+01   1.5978755e+01   6.0137511e+01   3.0544039e+01   2.6819426e+01  -5.0000000e+01  -5.1216645e+00
  -2.3000000e+01   1.5155709e+01   5.8285651e+01   3.0850246e+01   3.0756587e+01  -5.0000000e+01  -4.7798809e+00
  -2.3000000e+01   1.4731067e+01   5.6294155e+01   3.0647488e+01   3.4977546e+01  -5.0000000e+01  -1.9246001e+00
  -2.3000000e+01   1.6045477e+01   5.5158029e+01   2.9413053e+01   3.4303431e+01  -5.0000000e+01  -6.3138064e-01
  -2.3000000e+01   1.6682994e+01   5.3215563e+01   2.7512751e+01   3.5916999e+01  -5.0000000e+01   1.5233208e+00
  -2.3000000e+01   1.8280274e+01   5.1153752e+01   2.6556793e+01   3.6395019e+01  -5.0000000e+01   2.7563503e+00
  -2.3000000e+01   1.8470684e+01   4.9189194e+01   2.6609594e+01   3.8703400e+01  -5.0000000e+01   3.9277895e+00
  -2.3000000e+01   1.9397852e+01   4.7663379e+01   2.6853290e+01   4.0633913e+01  -5.0000000e+01   3.2686388e+00
  -2.3000000e+01   1.7878830e+01   4.6501328e+01   2.6382860e+01   4.3265319e+01  -5.0000000e+01   6.4268112e+00
  -2.3000000e+01   1.6300052e+01   4.6131006e+01   2.6583111e+01   4.5152374e+01  -5.0000000e+01   7.5942968e+00
  -2.3000000e+01   1.5111707e+01   4.5170729e+01   2.6744952e+01   4.7193065e+01  -5.0000000e+01   1.0034318e+01
  -2.3000000e+01   1.3681938e+01   4.3312122e+01   2.6534939e+01   5.0148237e+01  -5.0000000e+01   1.3062394e+01
  -2.3000000e+01   1.3586188e+01   4.2338128e+01   2.5001958e+01   5.0253738e+01  -5.0000000e+01   1.5073305e+01
  -2.3000000e+01   1.4004228e+01   4.0761601e+01   2.4261604e+01   5.1729386e+01  -5.0000000e+01   1.7026977e+01
  -2.3000000e+01   1.6091580e+01   3.8292854e+01   2.2165522e+01   5.1915951e+01  -5.0000000e+01   1.9088479e+01
  -2.3000000e+01   1.4303653e+01   3.7378317e+01   2.1712777e+01   5.3965765e+01  -5.0000000e+01   2.0862160e+01
  -2.3000000e+01   1.4520645e+01   3.4430574e+01   2.0688987e+01   5.5678706e+01  -5.0000000e+01   2.1951506e+01
  -2.3000000e+01   1.3808404e+01   3.2880657e+01   1.8856306e+01   5.6435305e+01  -5.0000000e+01   2.3896748e+01
  -2.3000000e+01   1.2625739e+01   2.9884601e+01   1.6594638e+01   5.9221702e+01  -5.0000000e+01   2.8176572e+01
  -2.3000000e+01   1.3130677e+01   2.5252806e+01   1.4105987e+01   6.1098868e+01  -5.0000000e+01   3.1052393e+01
  -2.3000000e+01   1.2602306e+01   2.1958081e+01   9.5014135e+00   6.2650259e+01  -5.0000000e+01   3.4765056e+01
  -2.3000000e+01   1.1523400e+01   1.8625122e+01   5.4411132e+00   6.4370996e+01  -5.0000000e+01   3.9910274e+01
  -2.3000000e+01   1.0520469e+01   1.5261054e+01   1.4776069e+00   6.6189879e+01  -5.0000000e+01   4.5370071e+01
  -2.3000000e+01   6.5851924e+00   1.2598515e+01  -1.7833460e+00   6.8654477e+01  -5.0000000e+01   4.9367882e+01
  -2.3000000e+01   3.7203815e+00   7.7144117e+00  -4.6051180e+00   7.0784562e+01  -5.0000000e+01   5.2505259e+01
  -2.3000000e+01  -1.5608986e+00   9.2890969e-01  -7.6524692e+00   7.3270346e+01  -5.0000000e+01   5.3966664e+01
  -2.3000000e+01  -5.2320232e+00  -2.0949122e+00  -1.0022657e+01   7.8658153e+01  -5.0000000e+01   5.2401696e+01
  -2.3000000e+01  -7.1448671e+00  -4.0790740e+00  -9.4377889e+00   8.3175793e+01  -5.0000000e+01   4.9351400e+01
  -2.3000000e+01  -7.5702588e+00  -4.2176739e+00  -9.3781635e+00   8.8733890e+01  -5.0000000e+01   3.7394610e+01
  -2.3000000e+01  -7.0213551e+00  -9.5958550e-02  -5.8574372e+00   9.4506547e+01  -5.0000000e+01   2.5657376e+01
  -2.3000000e+01  -3.3131892e+00   5.3102702e+00  -5.3880507e+00   9.2569070e+01  -5.0000000e+01   1.3501227e+01
  -2.3000000e+01   4.6963497e-01   1.2003639e+01  -2.8787322e+00   8.7646831e+01  -5.0000000e+01   1.7943256e+00
  -2.3000000e+01   9.4225505e+00   2.2115404e+01  -2.5122406e+00   8.2117169e+01  -5.0000000e+01  -8.8198989e+00
  -2.3000000e+01   1.7255056e+01   3.2929005e+01   1.6818928e+00   7.5617815e+01  -5.0000000e+01  -1.8767844e+01
  -2.3000000e+01   2.0123999e+01   4.3425554e+01   7.6604796e+00   6.7807999e+01  -5.0000000e+01  -2.8075155e+01
  -2.3000000e+01   1.9290042e+01   5.3751568e+01   1.6533529e+01   5.9209802e+01  -5.0000000e+01  -3.6147774e+01
  -2.3000000e+01   1.2125753e+01   6.1761482e+01   2.6298680e+01   5.0225163e+01  -5.0000000e+01  -4.4262769e+01
  -2.3000000e+01   1.4342080e+01   6.7272417e+01   3.4160900e+01   4.1567815e+01  -5.0000000e+01  -5.1065345e+01
  -2.3000000e+01   1.4261072e+01   7.1119051e+01   4.3767926e+01   3.2940172e+01  -5.0000000e+01  -5.1220413e+01
  -2.3000000e+01   1.4650183e+01   7.4303819e+01   5.2061131e+01   2.3968692e+01  -5.0000000e+01  -4.4565858e+01
  -2.3000000e+01   1.4862598e+01   7.4429791e+01   4.8676344e+01   1.6232272e+01  -5.0000000e+01  -3.6249167e+01
  -2.3000000e+01   1.5544524e+01   7.4979159e+01   4.4324677e+01   1.0838010e+01  -5.0000000e+01  -2.7522611e+01
  -2.3000000e+01   1.7123668e+01   7.4684193e+01   4.0343033e+01   7.9140463e+00  -5.0000000e+01  -1.9311017e+01
  -2.3000000e+01   1.7048792e+01   7.1493288e+01   3.5876875e+01   1.0563376e+01  -5.0000000e+01  -1.1486447e+01
  -2.3000000e+01   1.5790989e+01   6.7781778e+01   3.3116958e+01   1.5512688e+01  -5.0000000e+01  -6.9740719e+00
  -2.3000000e+01   1.4815385e+01   6.2145818e+01   2.9703155e+01   2.4822301e+01  -5.0000000e+01  -1.2717965e+00
  -2.3000000e+01   1.3553693e+01   5.8776045e+01   2.8728871e+01   3.1538072e+01  -5.0000000e+01   2.1148144e+00
  -2.3000000e+01   1.5214076e+01   5.5381007e+01   2.6303716e+01   3.3545743e+01  -5.0000000e+01   5.9536771e+00
  -2.3000000e+01   1.5368782e+01   5.4276721e+01   2.4795329e+01   3.3642833e+01  -5.0000000e+01   7.9012195e+00
  -2.3000000e+01   1.7658699e+01   5.0292494e+01   2.2864531e+01   3.6681137e+01  -5.0000000e+01   1.0433014e+01
  -2.3000000e+01   1.6559242e+01   4.8975106e+01   2.4258337e+01   4.0903484e+01  -5.0000000e+01   1.1332645e+01
  -2.3000000e+01   1.7181818e+01   4.9169376e+01   2.3458272e+01   4.1747769e+01  -5.0000000e+01   1.2379377e+01
  -2.3000000e+01   1.5452679e+01   5.5489573e+01   2.3202649e+01   3.5556052e+01  -5.0000000e+01   1.2351508e+01
  -2.3000000e+01   1.7408619e+01   5.4393082e+01   2.1682350e+01   3.4210662e+01  -5.0000000e+01   1.4227720e+01
  -2.3000000e+01   1.6902888e+01   4.9983319e+01   2.1489756e+01   3.9949149e+01  -5.0000000e+01   1.7809355e+01
  -2.3000000e+01   1.5566003e+01   4.7898872e+01   1.9931708e+01   4.4379072e+01  -5.0000000e+01   2.0720247e+01
  -2.3000000e+01   1.6657769e+01   4.5532487e+01   1.6715028e+01   4.6861685e+01  -5.0000000e+01   2.3473024e+01
  -2.3000000e+01   1.8109909e+01   3.9925374e+01   1.4245765e+01   5.0530019e+01  -5.0000000e+01   2.6595296e+01
  -2.3000000e+01   1.8670423e+01   3.6628466e+01   1.2470860e+01   5.3312817e+01  -5.0000000e+01   2.7913659e+01
  -2.3000000e+01   1.8904017e+01   3.3977552e+01   1.0506206e+01   5.5236384e+01  -5.0000000e+01   3.0043953e+01
  -2.3000000e+01   1.7198248e+01   3.0533168e+01   1.0582455e+01   5.8039035e+01  -5.0000000e+01   3.1753588e+01
  -2.3000000e+01   1.3856735e+01   2.6643746e+01   9.0442773e+00   6.1952015e+01  -5.0000000e+01   3.5441768e+01
  -2.3000000e+01   1.5789112e+01   2.2769524e+01   6.8619700e+00   6.4553636e+01  -5.0000000e+01   3.8887336e+01
  -2.3000000e+01   1.3992225e+01   1.8663778e+01   3.9699900e+00   6.7421308e+01  -5.0000000e+01   4.2604904e+01
  -2.3000000e+01   1.4496228e+01   1.4142507e+01  -9.6715211e-01   7.0231973e+01  -5.0000000e+01   4.7908069e+01
  -2.3000000e+01   1.1461248e+01   8.7241314e+00  -3.4750600e+00   7.2890177e+01  -5.0000000e+01   5.2439784e+01
  -2.3000000e+01   5.5714769e+00   4.6241374e+00  -5.8316317e+00   7.6456008e+01  -5.0000000e+01   5.5626310e+01
  -2.3000000e+01   1.1058770e+00  -9.7804048e-01  -8.0555187e+00   7.8698797e+01  -5.0000000e+01   5.8679257e+01
  -2.3000000e+01  -5.2255435e+00  -4.0122335e+00  -1.0131555e+01   8.1153967e+01  -5.0000000e+01   6.1516151e+01
  -2.3000000e+01  -9.2971089e+00  -7.0943956e+00  -1.0601114e+01   8.4244072e+01  -5.0000000e+01   6.2337129e+01
  -2.3000000e+01  -1.0924117e+01  -9.3610161e+00  -1.1144081e+01   8.7762851e+01  -5.0000000e+01   6.0285777e+01
  -2.3000000e+01  -1.2151727e+01  -1.0500784e+01  -9.4531521e+00   9.4654385e+01  -5.0000000e+01   5.6917497e+01
  -2.3000000e+01  -1.3089671e+01  -1.1175906e+01  -6.9715845e+00   1.0141571e+02  -5.0000000e+01   4.8995152e+01
  -2.3000000e+01  -4.8096886e+00  -4.1915118e+00  -6.5964574e+00   1.1244639e+02  -5.0000000e+01   5.9453241e+01
  -2.3000000e+01  -4.6415929e+00  -4.1113507e+00  -5.0098163e+00   1.1070369e+02  -5.0000000e+01   4.6939182e+01
  -2.3000000e+01  -4.6080182e+00  -3.1384176e+00  -5.9447185e+00   1.0599140e+02  -5.0000000e+01   3.4402709e+01
  -2.3000000e+01  -6.2036480e-02   1.0522562e+00  -4.6512489e+00   1.0130273e+02  -5.0000000e+01   2.2164302e+01
  -2.3000000e+01   3.7860822e+00   1.0568180e+01  -2.0767232e+00   9.5611087e+01  -5.0000000e+01   1.0358144e+01
  -2.3000000e+01   7.2459785e+00   2.0898821e+01   2.2016285e+00   8.8887255e+01  -5.0000000e+01  -9.3434212e-01
  -2.3000000e+01   1.4517090e+01   3.2678215e+01   7.5212664e+00   8.2045510e+01  -5.0000000e+01  -1.0928282e+01
  -2.3000000e+01   1.8527071e+01   4.2940500e+01   1.3646113e+01   7.4015294e+01  -5.0000000e+01  -2.1294978e+01
  -2.3000000e+01   1.3815647e+01   5.3248643e+01   2.1374927e+01   6.5263418e+01  -5.0000000e+01  -3.1153873e+01
  -2.3000000e+01   1.1955901e+01   6.1246903e+01   2.9627991e+01   5.6266352e+01  -5.0000000e+01  -4.0681425e+01
  -2.3000000e+01   1.3313253e+01   6.7255957e+01   3.7353972e+01   4.7426913e+01  -5.0000000e+01  -4.9394043e+01
  -2.3000000e+01   1.4026499e+01   7.0626316e+01   4.6563636e+01   3.8911779e+01  -5.0000000e+01  -5.4708166e+01
  -2.3000000e+01   1.3035922e+01   7.1920824e+01   5.5088880e+01   3.0280156e+01  -5.0000000e+01  -5.3159821e+01
  -2.3000000e+01   1.3428845e+01   7.4011181e+01   5.4672092e+01   2.1796242e+01  -5.0000000e+01  -4.9368118e+01
  -2.3000000e+01   1.4879870e+01   7.3621117e+01   5.0589707e+01   1.4163548e+01  -5.0000000e+01  -4.1860056e+01
  -2.3000000e+01   1.6861135e+01   7.2989286e+01   4.6207006e+01   7.3981227e+00  -5.0000000e+01  -3.4126677e+01
  -2.3000000e+01   1.5331657e+01   7.3446619e+01   4.2947875e+01   6.9918249e+00  -5.0000000e+01  -2.5661612e+01
  -2.3000000e+01   1.6069514e+01   7.1634534e+01   3.9467720e+01   7.4152820e+00  -5.0000000e+01  -1.8483140e+01
  -2.3000000e+01   1.7394645e+01   7.0033828e+01   3.5767089e+01   8.3994890e+00  -5.0000000e+01  -1.2116556e+01
  -2.3000000e+01   1.6682640e+01   6.7307458e+01   3.3060564e+01   1.2207693e+01  -5.0000000e+01  -7.4227565e+00
  -2.3000000e+01   1.8372182e+01   6.4871635e+01   3.0545868e+01   1.4251908e+01  -5.0000000e+01  -3.6620061e+00
  -2.3000000e+01   1.7990678e+01   6.3066643e+01   2.9129846e+01   1.7789484e+01  -5.0000000e+01  -8.9621938e-01
  -2.3000000e+01   1.5172641e+01   6.1408958e+01   2.9331100e+01   2.6462199e+01  -5.0000000e+01   1.5717918e+00
  -2.3000000e+01   2.0352452e+01   6.1763222e+01   2.6278474e+01   2.0595063e+01  -5.0000000e+01   3.4172123e+00
  -2.3000000e+01   1.6336957e+01   5.8366531e+01   2.6646254e+01   3.0853343e+01  -5.0000000e+01   5.6766533e+00
  -2.3000000e+01   1.4387697e+01   5.7473366e+01   2.7294791e+01   3.6898082e+01  -5.0000000e+01   6.2142108e+00
  -2.3000000e+01   1.8354214e+01   5.9782905e+01   2.5895298e+01   3.1313297e+01  -5.0000000e+01   5.5999761e+00
  -2.3000000e+01   1.9290198e+01   5.7835609e+01   2.6224004e+01   3.3775869e+01  -5.0000000e+01   6.7015080e+00
  -2.3000000e+01   2.0038508e+01   5.3909840e+01   2.4368300e+01   3.8361265e+01  -5.0000000e+01   1.0091389e+01
  -2.3000000e+01   2.2557260e+01   4.9045020e+01   2.2257300e+01   4.2513503e+01  -5.0000000e+01   1.2556966e+01
  -2.3000000e+01   2.4348450e+01   4.7901885e+01   1.8680342e+01   4.2214931e+01  -5.0000000e+01   1.5945487e+01
  -2.3000000e+01   1.7376382e+01   4.7571387e+01   1.9902663e+01   4.6615574e+01  -5.0000000e+01   1.9038039e+01
  -2.3000000e+01   1.6746860e+01   4.4315653e+01   1.9874017e+01   5.0998748e+01  -5.0000000e+01   2.1334393e+01
  -2.3000000e+01   1.6343140e+01   4.2308841e+01   1.9750134e+01   5.5202837e+01  -5.0000000e+01   2.3728596e+01
  -2.3000000e+01   1.6891705e+01   3.8338025e+01   1.9138339e+01   5.7778731e+01  -5.0000000e+01   2.5317843e+01
  -2.3000000e+01   1.7429730e+01   3.5204254e+01   1.6676216e+01   6.0282695e+01  -5.0000000e+01   2.7861113e+01
  -2.3000000e+01   1.5901959e+01   3.1995650e+01   1.4916449e+01   6.2461491e+01  -5.0000000e+01   3.1603939e+01
  -2.3000000e+01   1.6242565e+01   2.8326018e+01   1.0737497e+01   6.5113726e+01  -5.0000000e+01   3.4284671e+01
