  -1.7500870e+01   1.1369397e+01   6.3936910e+01   2.3970400e+01   2.9157155e+01  -4.1946133e+01   1.9978389e+00
  -2.1715355e+01   1.4039853e+01   4.9944701e+01   1.2035950e+01   2.8202998e+01  -4.2078003e+01   2.2242188e+00
  -2.3000000e+01   1.6964978e+01   4.1000000e+01   1.8077134e+01   3.8970799e+01  -5.0000000e+01   7.1258132e+00
  -2.3000000e+01   1.6932015e+01   4.1000000e+01   2.3084828e+01   4.8155283e+01  -5.0000000e+01   8.2900541e+00
  -2.3000000e+01   1.6451333e+01   4.1000000e+01   2.5360345e+01   5.3983443e+01  -5.0000000e+01   9.6429095e+00
  -2.3000000e+01   1.8050150e+01   4.1000000e+01   2.4970264e+01   5.6194944e+01  -5.0000000e+01   1.1553494e+01
  -2.3000000e+01   1.8069745e+01   4.1000000e+01   2.1955534e+01   5.6566330e+01  -5.0000000e+01   1.5657015e+01
  -2.3000000e+01   1.8471112e+01   4.1000000e+01   1.9841218e+01   5.5599657e+01  -5.0000000e+01   1.9566659e+01
  -2.3000000e+01   1.9610737e+01   4.1000000e+01   1.7044759e+01   5.3210441e+01  -5.0000000e+01   2.2287278e+01
  -2.3000000e+01   1.9223455e+01   4.1000000e+01   1.5538952e+01   5.2114247e+01  -5.0000000e+01   2.5700072e+01
  -2.3000000e+01   1.7431123e+01   4.1000000e+01   1.3610400e+01   5.1779883e+01  -5.0000000e+01   2.9060349e+01
  -2.3000000e+01   1.7490624e+01   4.1000000e+01   1.1204041e+01   5.2555265e+01  -5.0000000e+01   3.3997820e+01
  -2.3000000e+01   1.7698962e+01   4.1000000e+01   8.6333906e+00   5.0901791e+01  -5.0000000e+01   3.8440785e+01
  -2.3000000e+01   1.9044732e+01   4.1000000e+01   3.9676461e+00   4.8759750e+01  -5.0000000e+01   4.4089998e+01
  -2.3000000e+01   1.7130975e+01   4.1000000e+01  -4.2552718e-01   4.7121268e+01  -5.0000000e+01   5.1180087e+01
  -2.3000000e+01   1.8596043e+01   4.1000000e+01  -4.9682590e+00   4.6013745e+01  -5.0000000e+01   5.6353335e+01
  -2.3000000e+01   1.2881719e+01   4.1000000e+01  -8.5992883e+00   4.5317705e+01  -5.0000000e+01   6.0440462e+01
  -2.3000000e+01   1.0249936e+01   4.1000000e+01  -1.2560356e+01   4.4645777e+01  -5.0000000e+01   6.2527155e+01
  -2.3000000e+01   9.2166085e+00   4.1000000e+01  -1.7135941e+01   4.3597769e+01  -5.0000000e+01   6.2781099e+01
  -2.3000000e+01   7.7520805e+00   4.1000000e+01  -2.1897084e+01   3.7871381e+01  -5.0000000e+01   5.5990236e+01
  -2.3000000e+01   1.2840682e+01   4.1000000e+01  -2.7758395e+01   3.1214410e+01  -5.0000000e+01   4.7509320e+01
  -2.3000000e+01   1.5215550e+01   4.1000000e+01  -2.9503997e+01   2.7031862e+01  -5.0000000e+01   3.7465388e+01
  -2.3000000e+01   1.1178042e+01   4.1000000e+01  -2.5730023e+01   2.7497740e+01  -5.0000000e+01   2.6083783e+01
  -2.3000000e+01   9.5562437e+00   4.1000000e+01  -1.9309541e+01   3.2464943e+01  -5.0000000e+01   1.4323807e+01
  -2.3000000e+01   1.6173078e+01   4.1000000e+01  -1.3471672e+01   3.6123759e+01  -5.0000000e+01   2.7927481e+00
  -2.3000000e+01   1.8978843e+01   4.1000000e+01  -7.2054347e+00   4.0848082e+01  -5.0000000e+01  -6.7128178e+00
  -2.3000000e+01   1.6906349e+01   4.1000000e+01   1.1257093e+00   4.7142158e+01  -5.0000000e+01  -1.4651955e+01
  -2.3000000e+01   1.6113939e+01   4.1000000e+01   8.3348764e+00   5.2478079e+01  -5.0000000e+01  -1.9751663e+01
  -2.3000000e+01   1.5689687e+01   4.1000000e+01   1.5027053e+01   5.6567458e+01  -5.0000000e+01  -2.3414630e+01
  -2.3000000e+01   1.6710035e+01   4.1000000e+01   2.1150706e+01   5.9785293e+01  -5.0000000e+01  -2.5333270e+01
  -2.3000000e+01   1.8050921e+01   4.1000000e+01   2.7801368e+01   6.1319835e+01  -5.0000000e+01  -2.6626043e+01
  -2.3000000e+01   1.9713958e+01   4.1000000e+01   3.6222188e+01   6.0406927e+01  -5.0000000e+01  -2.6433648e+01
  -2.3000000e+01   1.9929864e+01   4.1000000e+01   3.9783512e+01   6.1694785e+01  -5.0000000e+01  -2.6242880e+01
  -2.3000000e+01   1.9629112e+01   4.1000000e+01   4.0853685e+01   6.2132401e+01  -5.0000000e+01  -2.5518208e+01
  -2.3000000e+01   1.8854164e+01   4.1000000e+01   4.1071081e+01   6.2626324e+01  -5.0000000e+01  -2.3063895e+01
  -2.3000000e+01   1.7917628e+01   4.1000000e+01   4.0205979e+01   6.2241010e+01  -5.0000000e+01  -1.9796045e+01
  -2.3000000e+01   1.6623677e+01   4.1000000e+01   3.9152868e+01   6.1884260e+01  -5.0000000e+01  -1.6683369e+01
  -2.3000000e+01   1.7371437e+01   4.1000000e+01   3.7964672e+01   6.1216396e+01  -5.0000000e+01  -1.4694951e+01
  -2.3000000e+01   1.7399265e+01   4.1000000e+01   3.6935848e+01   6.0500258e+01  -5.0000000e+01  -1.2784966e+01
  -2.3000000e+01   1.6506819e+01   4.1000000e+01   3.6088192e+01   6.0611496e+01  -5.0000000e+01  -1.0648675e+01
  -2.3000000e+01   1.7263514e+01   4.1000000e+01   3.5271579e+01   6.1030459e+01  -5.0000000e+01  -8.7148559e+00
  -2.3000000e+01   1.7800307e+01   4.1000000e+01   3.4869699e+01   6.1325615e+01  -5.0000000e+01  -6.7819056e+00
  -2.3000000e+01   1.7737268e+01   4.1000000e+01   3.4514987e+01   6.1261937e+01  -5.0000000e+01  -5.9951005e+00
  -2.3000000e+01   1.6215820e+01   4.1000000e+01   3.4093711e+01   6.1842744e+01  -5.0000000e+01  -3.8759937e+00
  -2.3000000e+01   1.5598435e+01   4.1000000e+01   3.4185670e+01   6.2338276e+01  -5.0000000e+01  -1.8216994e+00
  -2.3000000e+01   1.5293238e+01   4.1000000e+01   3.4092043e+01   6.2922158e+01  -5.0000000e+01   7.6785622e-01
  -2.3000000e+01   1.4444791e+01   4.1000000e+01   3.3920539e+01   6.3504735e+01  -5.0000000e+01   3.2695060e+00
  -2.3000000e+01   1.8350042e+01   4.1000000e+01   3.1664219e+01   6.2127108e+01  -5.0000000e+01   6.1593870e+00
  -2.3000000e+01   2.0149828e+01   4.1000000e+01   2.8013332e+01   6.1313856e+01  -5.0000000e+01   7.9172193e+00
  -2.3000000e+01   2.0684960e+01   4.1000000e+01   2.5801424e+01   6.0143331e+01  -5.0000000e+01   1.0932378e+01
  -2.3000000e+01   2.1296144e+01   4.1000000e+01   2.3506438e+01   5.9263104e+01  -5.0000000e+01   1.3562020e+01
  -2.3000000e+01   2.1107517e+01   4.1000000e+01   2.1145276e+01   5.8386279e+01  -5.0000000e+01   1.7277584e+01
  -2.3000000e+01   2.0301259e+01   4.1000000e+01   1.9228572e+01   5.7139939e+01  -5.0000000e+01   2.1228513e+01
  -2.3000000e+01   1.8708607e+01   4.1000000e+01   1.9021859e+01   5.7745786e+01  -5.0000000e+01   2.4491557e+01
  -2.3000000e+01   1.8391485e+01   4.1000000e+01   1.6228323e+01   5.7079565e+01  -5.0000000e+01   2.8107736e+01
  -2.3000000e+01   2.0777256e+01   4.1000000e+01   1.0856305e+01   5.3474082e+01  -5.0000000e+01   3.3406608e+01
  -2.3000000e+01   2.2012493e+01   4.1000000e+01   5.7312096e+00   5.0821825e+01  -5.0000000e+01   3.9079794e+01
  -2.3000000e+01   2.1842647e+01   4.1000000e+01   1.7738614e+00   4.7423905e+01  -5.0000000e+01   4.5623166e+01
  -2.3000000e+01   1.8404589e+01   4.1000000e+01  -3.0505903e+00   4.5884223e+01  -5.0000000e+01   5.2836417e+01
  -2.3000000e+01   1.7144213e+01   4.1000000e+01  -7.3328673e+00   4.5634601e+01  -5.0000000e+01   5.8808847e+01
  -2.3000000e+01   1.4849023e+01   4.1000000e+01  -1.1306893e+01   4.4905416e+01  -5.0000000e+01   6.3776306e+01
  -2.3000000e+01   8.0096117e+00   4.1000000e+01  -1.5476863e+01   4.3989124e+01  -5.0000000e+01   6.6194049e+01
  -2.3000000e+01   8.1984161e+00   4.1000000e+01  -2.0240973e+01   4.2589861e+01  -5.0000000e+01   6.7950892e+01
  -2.3000000e+01   8.7571781e+00   4.1000000e+01  -2.4895320e+01   4.0744929e+01  -5.0000000e+01   6.8644678e+01
  -2.3000000e+01   7.5969435e+00   4.1000000e+01  -2.8112780e+01   3.7568391e+01  -5.0000000e+01   6.8138981e+01
  -2.3000000e+01   7.0429802e+00   4.1000000e+01  -3.0661450e+01   3.2128272e+01  -5.0000000e+01   6.1834177e+01
  -2.3000000e+01   5.2556473e+00   4.1000000e+01  -3.0525569e+01   2.5353518e+01  -5.0000000e+01   5.3864677e+01
  -2.3000000e+01   7.4593999e+00   4.1000000e+01  -3.1346451e+01   2.1143398e+01  -5.0000000e+01   4.6477978e+01
  -2.3000000e+01   1.0637601e+01   4.1000000e+01  -3.1680371e+01   2.0083150e+01  -5.0000000e+01   4.0630610e+01
  -2.3000000e+01   1.1012748e+01   4.1000000e+01  -3.4528459e+01   2.1333207e+01  -5.0000000e+01   3.1174943e+01
  -2.3000000e+01   1.2312374e+01   4.1000000e+01  -3.5483291e+01   1.8855291e+01  -5.0000000e+01   2.1087362e+01
  -2.3000000e+01   1.5190716e+01   4.1000000e+01  -3.6316357e+01   1.5538333e+01  -5.0000000e+01   1.0710331e+01
  -2.3000000e+01   1.5363105e+01   4.1000000e+01  -3.3397115e+01   1.3901901e+01  -5.0000000e+01   2.5982462e-01
  -2.3000000e+01   1.6218989e+01   4.1000000e+01  -2.7343724e+01   1.2332724e+01  -5.0000000e+01  -1.0736711e+01
  -2.3000000e+01   1.4918749e+01   4.1000000e+01  -1.8715746e+01   1.8021523e+01  -5.0000000e+01  -2.1504257e+01
  -2.3000000e+01   1.4814130e+01   4.1000000e+01  -1.0654769e+01   2.3408712e+01  -5.0000000e+01  -3.1239959e+01
  -2.3000000e+01   1.5909592e+01   4.1000000e+01  -3.7647478e+00   3.2380537e+01  -5.0000000e+01  -3.5762186e+01
  -2.3000000e+01   1.7244937e+01   4.1000000e+01   4.0806151e+00   4.1641514e+01  -5.0000000e+01  -3.3992389e+01
  -2.3000000e+01   1.7973088e+01   4.1000000e+01   1.2932493e+01   4.8959100e+01  -5.0000000e+01  -2.9968550e+01
  -2.3000000e+01   2.0985492e+01   4.1000000e+01   2.2973065e+01   5.3571074e+01  -5.0000000e+01  -2.6257504e+01
  -2.3000000e+01   2.2525136e+01   4.1000000e+01   3.2885734e+01   5.5428949e+01  -5.0000000e+01  -2.2164918e+01
  -2.3000000e+01   2.0734964e+01   4.1000000e+01   3.6670954e+01   5.9357892e+01  -5.0000000e+01  -1.9888234e+01
  -2.3000000e+01   2.0763258e+01   4.1000000e+01   3.7609259e+01   6.2267484e+01  -5.0000000e+01  -1.8463346e+01
  -2.3000000e+01   1.9702296e+01   4.1000000e+01   3.7855257e+01   6.3730292e+01  -5.0000000e+01  -1.6870564e+01
  -2.3000000e+01   1.8598557e+01   4.1000000e+01   3.7841833e+01   6.4738563e+01  -5.0000000e+01  -1.4778435e+01
  -2.3000000e+01   1.8761634e+01   4.1000000e+01   3.6938067e+01   6.4184119e+01  -5.0000000e+01  -1.2756597e+01
  -2.3000000e+01   1.8170847e+01   4.1000000e+01   3.6026810e+01   6.3957286e+01  -5.0000000e+01  -9.7556314e+00
  -2.3000000e+01   1.7324121e+01   4.1000000e+01   3.5085087e+01   6.3723537e+01  -5.0000000e+01  -6.8253676e+00
  -2.3000000e+01   1.8177014e+01   4.1000000e+01   3.3968239e+01   6.3491117e+01  -5.0000000e+01  -4.0862029e+00
  -2.3000000e+01   1.8990087e+01   4.1000000e+01   3.2586523e+01   6.2861041e+01  -5.0000000e+01  -2.2906702e+00
  -2.3000000e+01   1.7449971e+01   4.1000000e+01   3.0861929e+01   6.2990545e+01  -5.0000000e+01   6.0947767e-01
  -2.3000000e+01   1.9120461e+01   4.1000000e+01   3.0248432e+01   6.2591949e+01  -5.0000000e+01   2.2036374e+00
  -2.3000000e+01   1.9326175e+01   4.1000000e+01   2.9013289e+01   6.2841782e+01  -5.0000000e+01   4.3769780e+00
  -2.3000000e+01   2.0846238e+01   4.1000000e+01   2.6023377e+01   6.2275078e+01  -5.0000000e+01   7.4493540e+00
  -2.3000000e+01   2.2140008e+01   4.1000000e+01   2.4043129e+01   6.1289956e+01  -5.0000000e+01   1.2601705e+01
  -2.3000000e+01   2.3302373e+01   4.1000000e+01   2.1009185e+01   5.8924203e+01  -5.0000000e+01   1.6618707e+01
  -2.3000000e+01   2.0514259e+01   4.1000000e+01   1.8028528e+01   5.9052369e+01  -5.0000000e+01   2.0076067e+01
  -2.3000000e+01   1.8437939e+01   4.1000000e+01   1.6996733e+01   5.8745363e+01  -5.0000000e+01   2.4212859e+01
  -2.3000000e+01   1.8444093e+01   4.1000000e+01   1.4492526e+01   5.7074662e+01  -5.0000000e+01   2.7455184e+01
  -2.3000000e+01   1.8653544e+01   4.1000000e+01   1.2790956e+01   5.6776639e+01  -5.0000000e+01   3.2367257e+01
  -2.3000000e+01   2.1464504e+01   4.1000000e+01   7.9626400e+00   5.4543838e+01  -5.0000000e+01   3.7974110e+01
  -2.3000000e+01   2.1277973e+01   4.1000000e+01   3.5802906e+00   5.2259882e+01  -5.0000000e+01   4.3005919e+01
  -2.3000000e+01   2.2100429e+01   4.1000000e+01  -5.7315061e-01   5.1407445e+01  -5.0000000e+01   4.9104966e+01
  -2.3000000e+01   1.7446813e+01   4.1000000e+01  -3.5859546e+00   5.0844486e+01  -5.0000000e+01   5.4290674e+01
  -2.3000000e+01   1.5112293e+01   4.1000000e+01  -6.8608239e+00   5.1411554e+01  -5.0000000e+01   5.8915066e+01
  -2.3000000e+01   1.2232955e+01   4.1000000e+01  -1.0599644e+01   5.2111784e+01  -5.0000000e+01   6.2943079e+01
  -2.3000000e+01   1.1513891e+01   4.1000000e+01  -1.5166887e+01   5.1821042e+01  -5.0000000e+01   6.4777772e+01
  -2.3000000e+01   1.0899960e+01   4.1000000e+01  -1.9511547e+01   5.0467804e+01  -5.0000000e+01   6.4910053e+01
  -2.3000000e+01   9.5829040e+00   4.1000000e+01  -2.2523459e+01   4.6277956e+01  -5.0000000e+01   6.4893728e+01
  -2.3000000e+01   9.1497253e+00   4.1000000e+01  -2.5992774e+01   3.9850226e+01  -5.0000000e+01   5.7869622e+01
  -2.3000000e+01   9.7621445e+00   4.1000000e+01  -3.1059549e+01   3.5665618e+01  -5.0000000e+01   4.9247575e+01
  -2.3000000e+01   1.4743396e+01   4.1000000e+01  -3.2527129e+01   2.9867514e+01  -5.0000000e+01   3.9588381e+01
  -2.3000000e+01   1.5517375e+01   4.1000000e+01  -2.9757643e+01   2.6818164e+01  -5.0000000e+01   2.8519105e+01
  -2.3000000e+01   1.2704740e+01   4.1000000e+01  -2.7371395e+01   2.9832032e+01  -5.0000000e+01   1.7244130e+01
  -2.3000000e+01   1.3448809e+01   4.1000000e+01  -1.9658598e+01   3.6471404e+01  -5.0000000e+01   5.8065589e+00
  -2.3000000e+01   1.4832858e+01   4.1000000e+01  -1.1223317e+01   4.0133701e+01  -5.0000000e+01  -4.6255107e+00
  -2.3000000e+01   1.6212448e+01   4.1000000e+01  -3.3091419e+00   4.5058217e+01  -5.0000000e+01  -1.3769200e+01
  -2.3000000e+01   1.6051090e+01   4.1000000e+01   5.6154589e+00   5.0631810e+01  -5.0000000e+01  -1.8826644e+01
  -2.3000000e+01   1.5817926e+01   4.1000000e+01   1.3075025e+01   5.5328113e+01  -5.0000000e+01  -2.3164567e+01
  -2.3000000e+01   1.6178810e+01   4.1000000e+01   2.0442605e+01   5.7677419e+01  -5.0000000e+01  -2.5713985e+01
  -2.3000000e+01   1.9411198e+01   4.1000000e+01   2.8542414e+01   5.9786540e+01  -5.0000000e+01  -2.5822946e+01
  -2.3000000e+01   1.8745600e+01   4.1000000e+01   3.6969021e+01   5.8863857e+01  -5.0000000e+01  -2.4355475e+01
  -2.3000000e+01   1.8394155e+01   4.1000000e+01   4.0160717e+01   6.0607736e+01  -5.0000000e+01  -2.2697140e+01
  -2.3000000e+01   1.7687930e+01   4.1000000e+01   4.0500079e+01   6.2109957e+01  -5.0000000e+01  -2.0205233e+01
  -2.3000000e+01   1.8081980e+01   4.1000000e+01   3.9640903e+01   6.2649498e+01  -5.0000000e+01  -1.7628476e+01
  -2.3000000e+01   1.7292334e+01   4.1000000e+01   3.9121567e+01   6.2683321e+01  -5.0000000e+01  -1.5092531e+01
  -2.3000000e+01   1.6234472e+01   4.1000000e+01   3.8361529e+01   6.1200039e+01  -5.0000000e+01  -1.2624446e+01
  -2.3000000e+01   1.7902028e+01   4.1000000e+01   3.6571963e+01   5.9873848e+01  -5.0000000e+01  -1.1124192e+01
  -2.3000000e+01   1.4543136e+01   4.1000000e+01   3.6554336e+01   6.0453134e+01  -5.0000000e+01  -8.0444003e+00
  -2.3000000e+01   1.8693481e+01   4.1000000e+01   3.3498002e+01   5.7710231e+01  -5.0000000e+01  -6.1341422e+00
  -2.3000000e+01   1.7359344e+01   4.1000000e+01   3.2874979e+01   5.7507036e+01  -5.0000000e+01  -3.2094747e+00
  -2.3000000e+01   1.8865558e+01   4.1000000e+01   3.1307512e+01   5.6904371e+01  -5.0000000e+01  -7.2141787e-01
  -2.3000000e+01   1.6271063e+01   4.1000000e+01   3.0994993e+01   5.8102330e+01  -5.0000000e+01   2.5603520e+00
  -2.3000000e+01   1.5946241e+01   4.1000000e+01   2.9869882e+01   5.8018519e+01  -5.0000000e+01   5.1498247e+00
  -2.3000000e+01   1.5114584e+01   4.1000000e+01   2.8877541e+01   5.8293253e+01  -5.0000000e+01   6.8321520e+00
  -2.3000000e+01   1.1420759e+01   4.1000000e+01   2.8436541e+01   5.8389398e+01  -5.0000000e+01   7.4009175e+00
  -2.3000000e+01   1.3238498e+01   4.1000000e+01   2.9143838e+01   5.9015793e+01  -5.0000000e+01   1.0223209e+01
  -2.3000000e+01   1.6043459e+01   4.1000000e+01   2.6164905e+01   5.7601018e+01  -5.0000000e+01   1.1933309e+01
  -2.3000000e+01   1.3204986e+01   4.1000000e+01   2.5028026e+01   5.8114382e+01  -5.0000000e+01   1.5748545e+01
  -2.3000000e+01   1.7500490e+01   4.1000000e+01   2.1828590e+01   5.6079218e+01  -5.0000000e+01   1.9252264e+01
  -2.3000000e+01   1.6299419e+01   4.1000000e+01   2.0370864e+01   5.6496398e+01  -5.0000000e+01   2.2949072e+01
  -2.3000000e+01   1.3848784e+01   4.1000000e+01   1.9903210e+01   5.8198351e+01  -5.0000000e+01   2.5175851e+01
  -2.3000000e+01   1.6072287e+01   4.1000000e+01   1.8939814e+01   5.7207797e+01  -5.0000000e+01   2.7253318e+01
  -2.3000000e+01   1.6583979e+01   4.1000000e+01   1.7321688e+01   5.6720990e+01  -5.0000000e+01   3.0323579e+01
  -2.3000000e+01   1.7449170e+01   4.1000000e+01   1.5700722e+01   5.5197360e+01  -5.0000000e+01   3.2991650e+01
  -2.3000000e+01   1.6723155e+01   4.1000000e+01   1.4891718e+01   5.4597476e+01  -5.0000000e+01   3.4491539e+01
  -2.3000000e+01   1.5785690e+01   4.1000000e+01   1.2221462e+01   5.4188379e+01  -5.0000000e+01   3.8222820e+01
  -2.3000000e+01   1.7049662e+01   4.1000000e+01   1.0158025e+01   5.3229367e+01  -5.0000000e+01   4.2410157e+01
  -2.3000000e+01   1.5516415e+01   4.1000000e+01   7.9836762e+00   5.1885219e+01  -5.0000000e+01   4.6023428e+01
  -2.3000000e+01   1.5977036e+01   4.1000000e+01   5.2796975e+00   5.0793990e+01  -5.0000000e+01   5.1092470e+01
  -2.3000000e+01   1.3505315e+01   4.1000000e+01   1.7807449e+00   5.0406721e+01  -5.0000000e+01   5.6003566e+01
  -2.3000000e+01   9.2347409e+00   4.1000000e+01  -8.6080414e-01   4.9999368e+01  -5.0000000e+01   6.0096053e+01
  -2.3000000e+01   6.9276469e+00   4.1000000e+01  -3.7100165e+00   4.9666120e+01  -5.0000000e+01   6.5130402e+01
  -2.3000000e+01   5.8626137e+00   4.1000000e+01  -7.8173172e+00   4.9282039e+01  -5.0000000e+01   6.8078932e+01
  -2.3000000e+01   8.2002205e+00   4.1000000e+01  -1.2442688e+01   4.8541278e+01  -5.0000000e+01   6.9787214e+01
  -2.3000000e+01   8.1388771e+00   4.1000000e+01  -1.7362882e+01   4.6834872e+01  -5.0000000e+01   7.2340520e+01
  -2.3000000e+01   1.0787415e+01   4.1000000e+01  -2.1768464e+01   4.4523453e+01  -5.0000000e+01   7.3000733e+01
  -2.3000000e+01   1.1507715e+01   4.1000000e+01  -2.6377452e+01   4.1762655e+01  -5.0000000e+01   7.1250305e+01
  -2.3000000e+01   1.0770578e+01   4.1000000e+01  -2.9843583e+01   3.8001213e+01  -5.0000000e+01   6.8262835e+01
  -2.3000000e+01   1.0435021e+01   4.1000000e+01  -3.1870468e+01   3.2271518e+01  -5.0000000e+01   6.4316051e+01
  -2.3000000e+01   9.7520199e+00   4.1000000e+01  -3.3713129e+01   2.6569521e+01  -5.0000000e+01   5.8593108e+01
  -2.3000000e+01   9.9083587e+00   4.1000000e+01  -3.6536205e+01   2.1892430e+01  -5.0000000e+01   5.2438706e+01
  -2.3000000e+01   1.5041370e+01   4.1000000e+01  -3.5967344e+01   1.7608821e+01  -5.0000000e+01   4.7948673e+01
  -2.3000000e+01   1.7214033e+01   4.1000000e+01  -3.5533933e+01   1.7111370e+01  -5.0000000e+01   4.4750452e+01
  -2.3000000e+01   1.6704287e+01   4.1000000e+01  -3.3363884e+01   1.9641023e+01  -5.0000000e+01   4.1300802e+01
  -2.3000000e+01   1.3022124e+01   4.1000000e+01  -3.7029461e+01   1.6027831e+01  -5.0000000e+01   3.0812068e+01
  -2.3000000e+01   1.2701115e+01   4.1000000e+01  -4.0565111e+01   1.1539603e+01  -5.0000000e+01   2.0452820e+01
  -2.3000000e+01   1.1206315e+01   4.1000000e+01  -3.9792189e+01   5.4079051e+00  -5.0000000e+01   1.0134036e+01
  -2.3000000e+01   1.4974238e+01   4.1000000e+01  -3.5179425e+01   8.4365535e+00  -5.0000000e+01   7.1310101e-01
  -2.3000000e+01   1.7048976e+01   4.1000000e+01  -2.8476321e+01   1.6321590e+01  -5.0000000e+01  -9.4836568e+00
  -2.3000000e+01   1.7335147e+01   4.1000000e+01  -1.9327217e+01   2.6223998e+01  -5.0000000e+01  -1.8234479e+01
  -2.3000000e+01   1.8416871e+01   4.1000000e+01  -9.7855277e+00   3.4624549e+01  -5.0000000e+01  -2.4369110e+01
  -2.3000000e+01   1.9037990e+01   4.1000000e+01  -9.1907525e-01   4.2713776e+01  -5.0000000e+01  -2.6632007e+01
  -2.3000000e+01   1.7687365e+01   4.1000000e+01   8.7864704e+00   4.8606192e+01  -5.0000000e+01  -2.7319950e+01
  -2.3000000e+01   1.7708431e+01   4.1000000e+01   1.8423324e+01   5.2204259e+01  -5.0000000e+01  -2.7311250e+01
  -2.3000000e+01   1.6919522e+01   4.1000000e+01   2.9357468e+01   4.1612370e+01  -5.0000000e+01  -1.5680687e+01
  -2.3000000e+01   1.9236849e+01   4.1000000e+01   3.2029451e+01   4.8883070e+01  -5.0000000e+01  -1.6454577e+01
  -2.3000000e+01   1.8744837e+01   4.1000000e+01   3.4338910e+01   5.3471909e+01  -5.0000000e+01  -1.7666889e+01
  -2.3000000e+01   1.7797667e+01   4.1000000e+01   3.6145851e+01   5.6644087e+01  -5.0000000e+01  -1.6803355e+01
  -2.3000000e+01   1.6108601e+01   4.1000000e+01   3.6741044e+01   5.8675431e+01  -5.0000000e+01  -1.4992524e+01
  -2.3000000e+01   1.5814601e+01   4.1000000e+01   3.7019717e+01   5.9581550e+01  -5.0000000e+01  -1.3900241e+01
  -2.3000000e+01   1.5521894e+01   4.1000000e+01   3.6795790e+01   5.9512050e+01  -5.0000000e+01  -1.2288806e+01
  -2.3000000e+01   1.5550499e+01   4.1000000e+01   3.5925510e+01   5.9137051e+01  -5.0000000e+01  -1.0351864e+01
  -2.3000000e+01   1.7103259e+01   4.1000000e+01   3.4909186e+01   5.7875725e+01  -5.0000000e+01  -1.0301556e+01
  -2.3000000e+01   1.5055578e+01   4.1000000e+01   3.4113419e+01   5.7919836e+01  -5.0000000e+01  -6.7700960e+00
  -2.3000000e+01   1.4021495e+01   4.1000000e+01   3.4111428e+01   5.8218262e+01  -5.0000000e+01  -5.1165409e+00
  -2.3000000e+01   1.3514571e+01   4.1000000e+01   3.4122293e+01   5.8913850e+01  -5.0000000e+01  -2.2534133e+00
  -2.3000000e+01   1.4375333e+01   4.1000000e+01   3.3234518e+01   5.7707515e+01  -5.0000000e+01  -1.1003851e+00
  -2.3000000e+01   1.5221569e+01   4.1000000e+01   3.1221800e+01   5.6473203e+01  -5.0000000e+01   5.7311964e-01
  -2.3000000e+01   1.6695963e+01   4.1000000e+01   3.0008453e+01   5.4383038e+01  -5.0000000e+01   1.7710178e+00
  -2.3000000e+01   1.7033018e+01   4.1000000e+01   2.9526392e+01   5.3270735e+01  -5.0000000e+01   3.2585281e+00
  -2.3000000e+01   1.8155478e+01   4.1000000e+01   2.9354344e+01   5.2796900e+01  -5.0000000e+01   2.8913865e+00
  -2.3000000e+01   1.6869507e+01   4.1000000e+01   2.8504159e+01   5.2961408e+01  -5.0000000e+01   5.9987519e+00
  -2.3000000e+01   1.5438576e+01   4.1000000e+01   2.8281655e+01   5.3403604e+01  -5.0000000e+01   7.4058970e+00
  -2.3000000e+01   1.4498558e+01   4.1000000e+01   2.8264152e+01   5.4033079e+01  -5.0000000e+01   9.7298645e+00
  -2.3000000e+01   1.3182654e+01   4.1000000e+01   2.7776481e+01   5.4432762e+01  -5.0000000e+01   1.2851298e+01
  -2.3000000e+01   1.3281042e+01   4.1000000e+01   2.5793016e+01   5.2769673e+01  -5.0000000e+01   1.4891334e+01
  -2.3000000e+01   1.3951267e+01   4.1000000e+01   2.4701898e+01   5.2189665e+01  -5.0000000e+01   1.6813556e+01
  -2.3000000e+01   1.6492533e+01   4.1000000e+01   2.2042346e+01   4.9178998e+01  -5.0000000e+01   1.9001693e+01
  -2.3000000e+01   1.4935804e+01   4.1000000e+01   2.1113131e+01   4.9608027e+01  -5.0000000e+01   2.0860952e+01
  -2.3000000e+01   1.5784039e+01   4.1000000e+01   1.9453889e+01   4.7677136e+01  -5.0000000e+01   2.2083875e+01
  -2.3000000e+01   1.5308016e+01   4.1000000e+01   1.7264717e+01   4.6197872e+01  -5.0000000e+01   2.4239301e+01
  -2.3000000e+01   1.4953625e+01   4.1000000e+01   1.4547507e+01   4.5810070e+01  -5.0000000e+01   2.8470463e+01
  -2.3000000e+01   1.6752657e+01   4.1000000e+01   1.1551367e+01   4.2492556e+01  -5.0000000e+01   3.1852670e+01
  -2.3000000e+01   1.7082796e+01   4.1000000e+01   6.9334255e+00   4.0128922e+01  -5.0000000e+01   3.6028861e+01
  -2.3000000e+01   1.6867532e+01   4.1000000e+01   2.8875433e+00   3.8362803e+01  -5.0000000e+01   4.1622617e+01
  -2.3000000e+01   1.6381905e+01   4.1000000e+01  -8.3944061e-01   3.6645953e+01  -5.0000000e+01   4.8044054e+01
  -2.3000000e+01   1.2855386e+01   4.1000000e+01  -4.2250116e+00   3.6373904e+01  -5.0000000e+01   5.3442484e+01
  -2.3000000e+01   1.1285061e+01   4.1000000e+01  -7.1959168e+00   3.4751016e+01  -5.0000000e+01   5.7983399e+01
  -2.3000000e+01   1.0036677e+01   4.1000000e+01  -1.1987345e+01   3.2355753e+01  -5.0000000e+01   6.0319062e+01
  -2.3000000e+01   7.7807863e+00   4.1000000e+01  -1.6886401e+01   3.0306731e+01  -5.0000000e+01   5.9840130e+01
  -2.3000000e+01   7.8930828e+00   4.1000000e+01  -2.0762838e+01   2.8506893e+01  -5.0000000e+01   5.6841584e+01
  -2.3000000e+01   6.5845101e+00   4.1000000e+01  -2.5274523e+01   2.4774516e+01  -5.0000000e+01   4.7317790e+01
  -2.3000000e+01   6.0880604e+00   4.1000000e+01  -2.8274108e+01   2.6123965e+01  -5.0000000e+01   3.7325235e+01
  -2.3000000e+01   6.9914902e+00   4.1000000e+01  -2.7892344e+01   2.6669627e+01  -5.0000000e+01   2.6267547e+01
  -2.3000000e+01   8.6523386e+00   4.1000000e+01  -2.4423919e+01   2.7269696e+01  -5.0000000e+01   1.4702882e+01
  -2.3000000e+01   1.4632593e+01   4.1000000e+01  -1.9620568e+01   3.3098175e+01  -5.0000000e+01   2.8179635e+00
  -2.3000000e+01   1.9975348e+01   4.1000000e+01  -1.3616744e+01   3.7749323e+01  -5.0000000e+01  -7.9446939e+00
  -2.3000000e+01   2.0967506e+01   4.1000000e+01  -6.1372850e+00   4.3518879e+01  -5.0000000e+01  -1.6201416e+01
  -2.3000000e+01   1.9601923e+01   4.1000000e+01   2.5825415e+00   4.9250494e+01  -5.0000000e+01  -2.0122039e+01
  -2.3000000e+01   1.4872731e+01   4.1000000e+01   1.1085715e+01   5.4870099e+01  -5.0000000e+01  -2.3174162e+01
  -2.3000000e+01   1.6520401e+01   4.1000000e+01   1.8414685e+01   5.7876236e+01  -5.0000000e+01  -2.5558970e+01
  -2.3000000e+01   1.9366508e+01   4.1000000e+01   2.7334653e+01   5.9649238e+01  -5.0000000e+01  -2.5018058e+01
  -2.3000000e+01   1.9168805e+01   4.1000000e+01   3.6556777e+01   5.8859972e+01  -5.0000000e+01  -2.2259785e+01
  -2.3000000e+01   1.7827322e+01   4.1000000e+01   3.9776120e+01   6.0913561e+01  -5.0000000e+01  -2.1104619e+01
  -2.3000000e+01   1.6937785e+01   4.1000000e+01   3.9787393e+01   6.2207661e+01  -5.0000000e+01  -1.9028533e+01
  -2.3000000e+01   1.6695691e+01   4.1000000e+01   3.9146752e+01   6.2403240e+01  -5.0000000e+01  -1.6279651e+01
  -2.3000000e+01   1.6027827e+01   4.1000000e+01   3.7872921e+01   6.1969642e+01  -5.0000000e+01  -1.2738657e+01
  -2.3000000e+01   1.4110443e+01   4.1000000e+01   3.6817403e+01   6.1295652e+01  -5.0000000e+01  -9.3742521e+00
  -2.3000000e+01   1.3566582e+01   4.1000000e+01   3.4805689e+01   6.0556976e+01  -5.0000000e+01  -4.6814045e+00
  -2.3000000e+01   1.2494486e+01   4.1000000e+01   3.3251548e+01   5.9782966e+01  -5.0000000e+01  -5.0151340e-01
  -2.3000000e+01   1.3990667e+01   4.1000000e+01   3.0759216e+01   5.7620309e+01  -5.0000000e+01   3.2178175e+00
  -2.3000000e+01   1.3768068e+01   4.1000000e+01   2.8791215e+01   5.5700263e+01  -5.0000000e+01   5.6163540e+00
  -2.3000000e+01   1.6122749e+01   4.1000000e+01   2.6329878e+01   5.3275357e+01  -5.0000000e+01   8.5894098e+00
  -2.3000000e+01   1.5329856e+01   4.1000000e+01   2.6912334e+01   5.4223192e+01  -5.0000000e+01   1.0321990e+01
  -2.3000000e+01   1.5835940e+01   4.1000000e+01   2.5875220e+01   5.4430457e+01  -5.0000000e+01   1.1652655e+01
  -2.3000000e+01   1.4076272e+01   4.1000000e+01   2.5310570e+01   5.4711758e+01  -5.0000000e+01   1.1359176e+01
  -2.3000000e+01   1.5574230e+01   4.1000000e+01   2.4306170e+01   5.3132554e+01  -5.0000000e+01   1.2766623e+01
  -2.3000000e+01   1.5420360e+01   4.1000000e+01   2.4021934e+01   5.3544986e+01  -5.0000000e+01   1.6597293e+01
  -2.3000000e+01   1.4604867e+01   4.1000000e+01   2.2009919e+01   5.4755781e+01  -5.0000000e+01   1.9625085e+01
  -2.3000000e+01   1.5985863e+01   4.1000000e+01   1.8298809e+01   5.3947298e+01  -5.0000000e+01   2.2572952e+01
  -2.3000000e+01   1.7805056e+01   4.1000000e+01   1.5422526e+01   5.1774733e+01  -5.0000000e+01   2.6388084e+01
  -2.3000000e+01   1.8978656e+01   4.1000000e+01   1.2814722e+01   4.9719933e+01  -5.0000000e+01   2.8330061e+01
  -2.3000000e+01   1.9806836e+01   4.1000000e+01   1.0172072e+01   4.7716234e+01  -5.0000000e+01   3.0838533e+01
  -2.3000000e+01   1.9092098e+01   4.1000000e+01   9.4559089e+00   4.6194209e+01  -5.0000000e+01   3.2869550e+01
  -2.3000000e+01   1.6896016e+01   4.1000000e+01   7.4066655e+00   4.5823845e+01  -5.0000000e+01   3.6621997e+01
  -2.3000000e+01   1.9846713e+01   4.1000000e+01   4.6263930e+00   4.3753583e+01  -5.0000000e+01   4.0732089e+01
  -2.3000000e+01   1.9514572e+01   4.1000000e+01   1.4705955e+00   4.2395443e+01  -5.0000000e+01   4.4772125e+01
  -2.3000000e+01   2.0806108e+01   4.1000000e+01  -2.9259180e+00   4.0738640e+01  -5.0000000e+01   5.1098317e+01
  -2.3000000e+01   2.0163770e+01   4.1000000e+01  -5.7458809e+00   3.8966870e+01  -5.0000000e+01   5.6246691e+01
  -2.3000000e+01   1.6169197e+01   4.1000000e+01  -8.9268630e+00   3.8500804e+01  -5.0000000e+01   6.0086678e+01
  -2.3000000e+01   1.4605350e+01   4.1000000e+01  -1.2800292e+01   3.7388721e+01  -5.0000000e+01   6.3444842e+01
  -2.3000000e+01   9.9302165e+00   4.1000000e+01  -1.7205586e+01   3.6357445e+01  -5.0000000e+01   6.6739204e+01
  -2.3000000e+01   6.7930882e+00   4.1000000e+01  -2.1475810e+01   3.5093581e+01  -5.0000000e+01   6.8698212e+01
  -2.3000000e+01   6.0776191e+00   4.1000000e+01  -2.5579998e+01   3.2976535e+01  -5.0000000e+01   6.7922169e+01
  -2.3000000e+01   4.9390227e+00   4.1000000e+01  -2.8782204e+01   3.1523815e+01  -5.0000000e+01   6.5362514e+01
  -2.3000000e+01   3.8753145e+00   4.1000000e+01  -3.0665652e+01   2.9886303e+01  -5.0000000e+01   5.9505474e+01
  -2.3000000e+01   1.1696857e+01   4.1000000e+01  -3.1143127e+01   3.8006357e+01  -5.0000000e+01   6.7606480e+01
  -2.3000000e+01   1.0126816e+01   4.1000000e+01  -3.2495609e+01   3.7340418e+01  -5.0000000e+01   5.6609011e+01
  -2.3000000e+01   8.5499321e+00   4.1000000e+01  -3.2966763e+01   3.2182130e+01  -5.0000000e+01   4.4630901e+01
  -2.3000000e+01   1.1807352e+01   4.1000000e+01  -3.0934670e+01   2.8196490e+01  -5.0000000e+01   3.2367331e+01
  -2.3000000e+01   1.2783671e+01   4.1000000e+01  -2.5634259e+01   3.0597866e+01  -5.0000000e+01   2.0131905e+01
  -2.3000000e+01   1.3349852e+01   4.1000000e+01  -1.8944591e+01   3.2974078e+01  -5.0000000e+01   8.2527487e+00
  -2.3000000e+01   1.7730326e+01   4.1000000e+01  -1.1736075e+01   3.7478896e+01  -5.0000000e+01  -1.8918969e+00
  -2.3000000e+01   2.0803031e+01   4.1000000e+01  -3.5294510e+00   4.3008692e+01  -5.0000000e+01  -1.0918528e+01
  -2.3000000e+01   1.5947568e+01   4.1000000e+01   4.7977525e+00   4.8595104e+01  -5.0000000e+01  -1.7157350e+01
  -2.3000000e+01   1.5121626e+01   4.1000000e+01   1.2878490e+01   5.3579689e+01  -5.0000000e+01  -2.1256492e+01
  -2.3000000e+01   1.6327047e+01   4.1000000e+01   2.0265347e+01   5.6433646e+01  -5.0000000e+01  -2.4776116e+01
  -2.3000000e+01   1.8609402e+01   4.1000000e+01   2.8599483e+01   5.8193890e+01  -5.0000000e+01  -2.6257103e+01
  -2.3000000e+01   1.8966186e+01   4.1000000e+01   3.7350158e+01   5.7229237e+01  -5.0000000e+01  -2.7057350e+01
  -2.3000000e+01   1.7305102e+01   4.1000000e+01   4.0687786e+01   5.9473271e+01  -5.0000000e+01  -2.6167211e+01
  -2.3000000e+01   1.7325501e+01   4.1000000e+01   4.1582822e+01   6.1636787e+01  -5.0000000e+01  -2.4927748e+01
  -2.3000000e+01   1.7634836e+01   4.1000000e+01   4.1709593e+01   6.2689294e+01  -5.0000000e+01  -2.4549542e+01
  -2.3000000e+01   1.5801017e+01   4.1000000e+01   4.1102481e+01   6.2761484e+01  -5.0000000e+01  -2.1505887e+01
  -2.3000000e+01   1.5471363e+01   4.1000000e+01   4.0427785e+01   6.2238585e+01  -5.0000000e+01  -1.8626669e+01
  -2.3000000e+01   1.5486161e+01   4.1000000e+01   3.8912832e+01   6.1631967e+01  -5.0000000e+01  -1.4855230e+01
  -2.3000000e+01   1.4370055e+01   4.1000000e+01   3.7440693e+01   6.0171033e+01  -5.0000000e+01  -1.1300971e+01
  -2.3000000e+01   1.5689895e+01   4.1000000e+01   3.5593947e+01   5.8365396e+01  -5.0000000e+01  -8.1705447e+00
  -2.3000000e+01   1.5360320e+01   4.1000000e+01   3.3805081e+01   5.7014474e+01  -5.0000000e+01  -4.7322348e+00
  -2.3000000e+01   1.3167174e+01   4.1000000e+01   3.3304526e+01   5.8352659e+01  -5.0000000e+01  -6.6698749e-01
  -2.3000000e+01   1.7156214e+01   4.1000000e+01   3.1095927e+01   5.6865311e+01  -5.0000000e+01   4.7134890e-01
  -2.3000000e+01   1.4334654e+01   4.1000000e+01   3.1120159e+01   5.9311527e+01  -5.0000000e+01   4.0672816e+00
  -2.3000000e+01   1.2962042e+01   4.1000000e+01   3.0928347e+01   6.0933954e+01  -5.0000000e+01   5.6665854e+00
  -2.3000000e+01   1.5884680e+01   4.1000000e+01   2.9820798e+01   5.9815566e+01  -5.0000000e+01   5.2204669e+00
  -2.3000000e+01   1.6896202e+01   4.1000000e+01   2.9970253e+01   5.9386241e+01  -5.0000000e+01   6.2625096e+00
  -2.3000000e+01   1.7997905e+01   4.1000000e+01   2.8489877e+01   5.9206745e+01  -5.0000000e+01   8.9781131e+00
  -2.3000000e+01   2.0965591e+01   4.1000000e+01   2.5826560e+01   5.7045197e+01  -5.0000000e+01   1.1517160e+01
  -2.3000000e+01   2.3120143e+01   4.1000000e+01   2.1352292e+01   5.3795492e+01  -5.0000000e+01   1.4722912e+01
  -2.3000000e+01   1.6463697e+01   4.1000000e+01   2.1668218e+01   5.5799709e+01  -5.0000000e+01   1.8353628e+01
  -2.3000000e+01   1.6046453e+01   4.1000000e+01   2.1315983e+01   5.6495782e+01  -5.0000000e+01   2.0986559e+01
  -2.3000000e+01   1.5993440e+01   4.1000000e+01   2.0688300e+01   5.7997736e+01  -5.0000000e+01   2.3618329e+01
  -2.3000000e+01   1.7116132e+01   4.1000000e+01   1.9646137e+01   5.6397073e+01  -5.0000000e+01   2.5227696e+01
  -2.3000000e+01   1.8312155e+01   4.1000000e+01   1.6562310e+01   5.4984336e+01  -5.0000000e+01   2.7811912e+01
  -2.3000000e+01   1.7567147e+01   4.1000000e+01   1.4240154e+01   5.3517962e+01  -5.0000000e+01   3.1724431e+01
  -2.3000000e+01   1.8521195e+01   4.1000000e+01   9.8120288e+00   5.2079117e+01  -5.0000000e+01   3.4907577e+01
