  -1.7500870e+01   1.1369397e+01   6.3936910e+01   2.3970400e+01   2.9157155e+01  -4.1946133e+01   1.9978389e+00
  -2.1710976e+01   1.3603840e+01   4.9975188e+01   1.1528360e+01   2.8062220e+01  -2.9302825e+01   2.0185108e+00
  -2.3000000e+01   1.7187667e+01   4.1000000e+01   6.7129850e+00   3.9419681e+01  -3.1213209e+01   3.2835508e+00
  -2.3000000e+01   1.7291204e+01   4.1000000e+01   7.4274859e+00   4.9295363e+01  -2.9819947e+01   5.8403236e+00
  -2.3000000e+01   1.6765232e+01   4.1000000e+01   8.2998153e+00   5.5567483e+01  -2.9164269e+01   8.1566875e+00
  -2.3000000e+01   1.8386960e+01   4.1000000e+01   7.7856594e+00   5.7487504e+01  -2.9599699e+01   1.0620785e+01
  -2.3000000e+01   1.8520420e+01   4.1000000e+01   5.6385276e+00   5.7047569e+01  -3.0980806e+01   1.5274421e+01
  -2.3000000e+01   1.8872778e+01   4.1000000e+01   5.4999017e+00   5.5653500e+01  -3.3828121e+01   1.9391879e+01
  -2.3000000e+01   1.9902075e+01   4.1000000e+01   5.0385609e+00   5.3056889e+01  -3.6936993e+01   2.2267879e+01
  -2.3000000e+01   1.9470389e+01   4.1000000e+01   5.8019411e+00   5.1834476e+01  -3.9694383e+01   2.5723451e+01
  -2.3000000e+01   1.7674575e+01   4.1000000e+01   6.2614333e+00   5.1276390e+01  -4.2562614e+01   2.9183215e+01
  -2.3000000e+01   1.7675419e+01   4.1000000e+01   6.2939219e+00   5.1807426e+01  -4.5651603e+01   3.4201262e+01
  -2.3000000e+01   1.7845915e+01   4.1000000e+01   6.1386297e+00   4.9951355e+01  -4.8765547e+01   3.8786117e+01
  -2.3000000e+01   1.9191085e+01   4.1000000e+01   3.7252919e+00   4.7509680e+01  -5.1857962e+01   4.4380109e+01
  -2.3000000e+01   1.7302384e+01   4.1000000e+01   1.1914522e+00   4.5917232e+01  -5.3832986e+01   5.1337210e+01
  -2.3000000e+01   1.8747448e+01   4.1000000e+01  -1.6662696e+00   4.4858150e+01  -5.5717129e+01   5.6382976e+01
  -2.3000000e+01   1.2976519e+01   4.1000000e+01  -4.1667115e+00   4.4316056e+01  -5.6341444e+01   6.0446156e+01
  -2.3000000e+01   1.0329368e+01   4.1000000e+01  -7.1146573e+00   4.3749546e+01  -5.7256193e+01   6.2429524e+01
  -2.3000000e+01   9.3510352e+00   4.1000000e+01  -1.0696226e+01   4.2753872e+01  -5.8548019e+01   6.2606720e+01
  -2.3000000e+01   8.0603123e+00   4.1000000e+01  -1.4169921e+01   3.6935845e+01  -6.0261346e+01   5.5728021e+01
  -2.3000000e+01   1.3342918e+01   4.1000000e+01  -1.8206585e+01   3.0196343e+01  -6.2228582e+01   4.7158812e+01
  -2.3000000e+01   1.5706478e+01   4.1000000e+01  -1.9230049e+01   2.6294303e+01  -6.2123903e+01   3.7101691e+01
  -2.3000000e+01   1.1456906e+01   4.1000000e+01  -1.6013034e+01   2.7107867e+01  -6.0903715e+01   2.5689043e+01
  -2.3000000e+01   9.6398658e+00   4.1000000e+01  -1.1340994e+01   3.2408451e+01  -5.8491148e+01   1.3858623e+01
  -2.3000000e+01   1.6215517e+01   4.1000000e+01  -7.4403519e+00   3.6205218e+01  -5.6145574e+01   2.2999449e+00
  -2.3000000e+01   1.8884839e+01   4.1000000e+01  -3.6958432e+00   4.1410299e+01  -5.2803521e+01  -7.3389144e+00
  -2.3000000e+01   1.6636416e+01   4.1000000e+01   8.7488299e-01   4.8679771e+01  -4.7533885e+01  -1.5768030e+01
  -2.3000000e+01   1.5987363e+01   4.1000000e+01   3.8947236e+00   5.4861156e+01  -4.2316483e+01  -2.1483799e+01
  -2.3000000e+01   1.5568772e+01   4.1000000e+01   6.5231140e+00   6.0237546e+01  -3.6991487e+01  -2.5545544e+01
  -2.3000000e+01   1.6791786e+01   4.1000000e+01   8.3187351e+00   6.4725283e+01  -3.1683278e+01  -2.7699430e+01
  -2.3000000e+01   1.8275751e+01   4.1000000e+01   1.0428692e+01   6.7741033e+01  -2.5916084e+01  -2.9419480e+01
  -2.3000000e+01   1.9967817e+01   4.1000000e+01   1.4260370e+01   6.8990576e+01  -1.9156016e+01  -3.0218302e+01
  -2.3000000e+01   2.0504342e+01   4.1000000e+01   1.3462075e+01   7.0626641e+01  -1.5456705e+01  -3.0017910e+01
  -2.3000000e+01   2.0325482e+01   4.1000000e+01   1.1894173e+01   7.1067690e+01  -1.3026132e+01  -2.9283165e+01
  -2.3000000e+01   1.9613098e+01   4.1000000e+01   1.0220562e+01   7.1281172e+01  -1.0983043e+01  -2.6781366e+01
  -2.3000000e+01   1.8621775e+01   4.1000000e+01   8.3307216e+00   7.0518968e+01  -9.9371153e+00  -2.3392587e+01
  -2.3000000e+01   1.7425047e+01   4.1000000e+01   6.7096583e+00   6.9572730e+01  -9.3734885e+00  -2.0483387e+01
  -2.3000000e+01   1.8058174e+01   4.1000000e+01   5.3185167e+00   6.8498652e+01  -9.6087882e+00  -1.8376936e+01
  -2.3000000e+01   1.7958275e+01   4.1000000e+01   4.6245313e+00   6.7626267e+01  -1.0020157e+01  -1.6090136e+01
  -2.3000000e+01   1.7004246e+01   4.1000000e+01   4.0999451e+00   6.7529589e+01  -1.0473084e+01  -1.3934933e+01
  -2.3000000e+01   1.7729602e+01   4.1000000e+01   3.6257889e+00   6.7559082e+01  -1.0912047e+01  -1.1632495e+01
  -2.3000000e+01   1.8273020e+01   4.1000000e+01   3.4860661e+00   6.7615676e+01  -1.1349432e+01  -9.7593135e+00
  -2.3000000e+01   1.8293040e+01   4.1000000e+01   3.3111993e+00   6.7095516e+01  -1.1344174e+01  -8.9963981e+00
  -2.3000000e+01   1.6779466e+01   4.1000000e+01   2.5036257e+00   6.7305715e+01  -1.0484737e+01  -6.8084222e+00
  -2.3000000e+01   1.6221642e+01   4.1000000e+01   2.0709902e+00   6.7714301e+01  -9.6616902e+00  -4.9407736e+00
  -2.3000000e+01   1.5901843e+01   4.1000000e+01   1.6138160e+00   6.7790132e+01  -9.3559895e+00  -2.0905723e+00
  -2.3000000e+01   1.5012773e+01   4.1000000e+01   1.9181665e+00   6.8471535e+01  -9.9038299e+00   6.9691939e-01
  -2.3000000e+01   1.8845780e+01   4.1000000e+01   1.3457042e+00   6.6073019e+01  -1.3040229e+01   4.0545962e+00
  -2.3000000e+01   2.0665630e+01   4.1000000e+01  -6.3463548e-02   6.3944173e+01  -1.6585285e+01   6.4228923e+00
  -2.3000000e+01   2.1167032e+01   4.1000000e+01  -2.0475495e-01   6.2051164e+01  -1.9515374e+01   9.9159542e+00
  -2.3000000e+01   2.1786377e+01   4.1000000e+01  -3.1170947e-01   6.0346196e+01  -2.2437405e+01   1.2907513e+01
  -2.3000000e+01   2.1602972e+01   4.1000000e+01  -4.8133138e-01   5.8783039e+01  -2.5364296e+01   1.6874040e+01
  -2.3000000e+01   2.0754356e+01   4.1000000e+01  -2.2503176e-01   5.7172773e+01  -2.8254151e+01   2.1158713e+01
  -2.3000000e+01   1.9048227e+01   4.1000000e+01   1.4295280e+00   5.7719497e+01  -3.0766878e+01   2.4502880e+01
  -2.3000000e+01   1.8668274e+01   4.1000000e+01   1.2190603e+00   5.6512850e+01  -3.4620891e+01   2.8208735e+01
  -2.3000000e+01   2.1050865e+01   4.1000000e+01  -1.6480931e+00   5.2395829e+01  -3.8312587e+01   3.3645805e+01
  -2.3000000e+01   2.2236544e+01   4.1000000e+01  -4.5197190e+00   4.9450119e+01  -4.1300480e+01   3.9462231e+01
  -2.3000000e+01   2.2033625e+01   4.1000000e+01  -6.6005249e+00   4.5902482e+01  -4.3222191e+01   4.5823354e+01
  -2.3000000e+01   1.8651578e+01   4.1000000e+01  -1.0071278e+01   4.4437323e+01  -4.4404432e+01   5.2979604e+01
  -2.3000000e+01   1.7329578e+01   4.1000000e+01  -1.3842152e+01   4.4229934e+01  -4.4706925e+01   5.8883632e+01
  -2.3000000e+01   1.4907597e+01   4.1000000e+01  -1.7699317e+01   4.3514015e+01  -4.4554056e+01   6.3736198e+01
  -2.3000000e+01   7.9840245e+00   4.1000000e+01  -2.2270333e+01   4.2620773e+01  -4.4065935e+01   6.6034218e+01
  -2.3000000e+01   8.1272118e+00   4.1000000e+01  -2.7547967e+01   4.1215441e+01  -4.3336571e+01   6.7746408e+01
  -2.3000000e+01   8.6260116e+00   4.1000000e+01  -3.2711878e+01   3.9405919e+01  -4.2327015e+01   6.8435644e+01
  -2.3000000e+01   7.3616884e+00   4.1000000e+01  -3.6612616e+01   3.6458162e+01  -4.0459418e+01   6.8031327e+01
  -2.3000000e+01   6.7175010e+00   4.1000000e+01  -4.0347705e+01   3.1337986e+01  -3.8843744e+01   6.1626735e+01
  -2.3000000e+01   4.7212785e+00   4.1000000e+01  -4.1592127e+01   2.4701161e+01  -3.6626045e+01   5.3711266e+01
  -2.3000000e+01   6.8394344e+00   4.1000000e+01  -4.3747213e+01   2.0975322e+01  -3.5471489e+01   4.6243683e+01
  -2.3000000e+01   9.8671561e+00   4.1000000e+01  -4.5416733e+01   2.0190351e+01  -3.4155192e+01   4.0577325e+01
  -2.3000000e+01   1.0259219e+01   4.1000000e+01  -4.7252076e+01   2.1489630e+01  -3.5889198e+01   3.1156226e+01
  -2.3000000e+01   1.1653042e+01   4.1000000e+01  -4.7802217e+01   1.9014890e+01  -3.6574509e+01   2.1092574e+01
  -2.3000000e+01   1.4567861e+01   4.1000000e+01  -4.7809636e+01   1.5649572e+01  -3.7686269e+01   1.0815130e+01
  -2.3000000e+01   1.4801834e+01   4.1000000e+01  -4.5516133e+01   1.4009015e+01  -3.7039090e+01   4.0406353e-01
  -2.3000000e+01   1.5525024e+01   4.1000000e+01  -3.9604028e+01   1.2500458e+01  -3.6624657e+01  -1.0446756e+01
  -2.3000000e+01   1.4273660e+01   4.1000000e+01  -3.2184450e+01   1.8210020e+01  -3.5086915e+01  -2.1164764e+01
  -2.3000000e+01   1.4281258e+01   4.1000000e+01  -2.5218640e+01   2.3814075e+01  -3.3806346e+01  -3.1137534e+01
  -2.3000000e+01   1.5577682e+01   4.1000000e+01  -1.9518912e+01   3.3064367e+01  -3.2171255e+01  -3.6403764e+01
  -2.3000000e+01   1.7136025e+01   4.1000000e+01  -1.3933961e+01   4.2857578e+01  -2.8972352e+01  -3.5335910e+01
  -2.3000000e+01   1.8005265e+01   4.1000000e+01  -7.9656607e+00   5.1496334e+01  -2.4108219e+01  -3.2190630e+01
  -2.3000000e+01   2.1146783e+01   4.1000000e+01  -1.3517737e+00   5.8603124e+01  -1.7881686e+01  -2.9760548e+01
  -2.3000000e+01   2.2737372e+01   4.1000000e+01   4.5972629e+00   6.3479235e+01  -1.1464799e+01  -2.6862585e+01
  -2.3000000e+01   2.1385473e+01   4.1000000e+01   5.1520364e+00   6.7614404e+01  -9.5406398e+00  -2.4291840e+01
  -2.3000000e+01   2.1598824e+01   4.1000000e+01   4.7369326e+00   7.0500161e+01  -8.4691474e+00  -2.2484466e+01
  -2.3000000e+01   2.0482279e+01   4.1000000e+01   4.1418549e+00   7.1784289e+01  -7.7412042e+00  -2.0370097e+01
  -2.3000000e+01   1.9313550e+01   4.1000000e+01   3.5637709e+00   7.2502386e+01  -7.2781678e+00  -1.8128456e+01
  -2.3000000e+01   1.9435577e+01   4.1000000e+01   2.8377365e+00   7.1527256e+01  -7.6978708e+00  -1.5733231e+01
  -2.3000000e+01   1.8788777e+01   4.1000000e+01   2.2561601e+00   7.0853665e+01  -8.2997683e+00  -1.2605187e+01
  -2.3000000e+01   1.7882748e+01   4.1000000e+01   2.0195705e+00   7.0407844e+01  -8.8513413e+00  -9.9231979e+00
  -2.3000000e+01   1.8665725e+01   4.1000000e+01   1.7455236e+00   6.9633909e+01  -1.0285844e+01  -6.7859841e+00
  -2.3000000e+01   1.9428380e+01   4.1000000e+01   1.3780263e+00   6.8504513e+01  -1.1670466e+01  -4.8056467e+00
  -2.3000000e+01   1.7869828e+01   4.1000000e+01   7.9307390e-01   6.8030717e+01  -1.2831690e+01  -1.6878851e+00
  -2.3000000e+01   1.9501000e+01   4.1000000e+01   7.3098200e-01   6.7426925e+01  -1.3687425e+01  -2.0809107e-02
  -2.3000000e+01   1.9734957e+01   4.1000000e+01   6.0208282e-01   6.6973600e+01  -1.5088895e+01   2.4695064e+00
  -2.3000000e+01   2.1272732e+01   4.1000000e+01  -9.4573413e-01   6.5281432e+01  -1.7471545e+01   6.0750604e+00
  -2.3000000e+01   2.2593309e+01   4.1000000e+01  -1.5955594e+00   6.3082130e+01  -1.9947696e+01   1.1793902e+01
  -2.3000000e+01   2.3701738e+01   4.1000000e+01  -1.6652308e+00   5.9911395e+01  -2.3968039e+01   1.6128053e+01
  -2.3000000e+01   2.0948815e+01   4.1000000e+01  -1.7658344e+00   5.9419612e+01  -2.7357018e+01   1.9832053e+01
  -2.3000000e+01   1.8794230e+01   4.1000000e+01  -7.4495282e-01   5.8840722e+01  -3.0024126e+01   2.4137154e+01
  -2.3000000e+01   1.8698909e+01   4.1000000e+01  -9.3607250e-01   5.6897569e+01  -3.3278730e+01   2.7477735e+01
  -2.3000000e+01   1.8883808e+01   4.1000000e+01  -3.9732179e-01   5.6258769e+01  -3.6474221e+01   3.2470467e+01
  -2.3000000e+01   2.1679820e+01   4.1000000e+01  -2.3836329e+00   5.3450833e+01  -4.0507631e+01   3.8161282e+01
  -2.3000000e+01   2.1438317e+01   4.1000000e+01  -4.7298863e+00   5.1338880e+01  -4.2791222e+01   4.3333047e+01
  -2.3000000e+01   2.2227827e+01   4.1000000e+01  -7.3195403e+00   5.0337506e+01  -4.4498388e+01   4.9331268e+01
  -2.3000000e+01   1.7551401e+01   4.1000000e+01  -9.6099519e+00   4.9895839e+01  -4.4990721e+01   5.4429572e+01
  -2.3000000e+01   1.5230723e+01   4.1000000e+01  -1.2353156e+01   5.0183097e+01  -4.5526409e+01   5.8883195e+01
  -2.3000000e+01   1.2354115e+01   4.1000000e+01  -1.5790227e+01   5.0839259e+01  -4.5978026e+01   6.2870488e+01
  -2.3000000e+01   1.1533254e+01   4.1000000e+01  -1.9770329e+01   5.0968205e+01  -4.6270749e+01   6.4579854e+01
  -2.3000000e+01   1.0886468e+01   4.1000000e+01  -2.3954792e+01   4.9604434e+01  -4.6502823e+01   6.4729946e+01
  -2.3000000e+01   9.5335990e+00   4.1000000e+01  -2.7002766e+01   4.5442688e+01  -4.5586481e+01   6.4792736e+01
  -2.3000000e+01   9.1647551e+00   4.1000000e+01  -3.0341306e+01   3.9148390e+01  -4.5789505e+01   5.7732276e+01
  -2.3000000e+01   9.7564409e+00   4.1000000e+01  -3.4105103e+01   3.5182696e+01  -4.7696819e+01   4.9154588e+01
  -2.3000000e+01   1.4749044e+01   4.1000000e+01  -3.4379799e+01   2.9408206e+01  -4.8420913e+01   3.9516783e+01
  -2.3000000e+01   1.5521581e+01   4.1000000e+01  -3.0751608e+01   2.6610595e+01  -4.9152043e+01   2.8486386e+01
  -2.3000000e+01   1.2772448e+01   4.1000000e+01  -2.7317720e+01   2.9680899e+01  -5.0309585e+01   1.7240653e+01
  -2.3000000e+01   1.3363093e+01   4.1000000e+01  -2.0669121e+01   3.6620711e+01  -4.8521425e+01   5.7592450e+00
  -2.3000000e+01   1.4597424e+01   4.1000000e+01  -1.4287506e+01   4.0890489e+01  -4.5668163e+01  -4.8297902e+00
  -2.3000000e+01   1.5947254e+01   4.1000000e+01  -9.0856398e+00   4.6798031e+01  -4.1887665e+01  -1.4518829e+01
  -2.3000000e+01   1.5732989e+01   4.1000000e+01  -3.9006337e+00   5.3855227e+01  -3.6297973e+01  -2.0594039e+01
  -2.3000000e+01   1.5701327e+01   4.1000000e+01  -3.3395840e-01   5.9860593e+01  -3.1409791e+01  -2.5425166e+01
  -2.3000000e+01   1.6246909e+01   4.1000000e+01   3.1007316e+00   6.3832974e+01  -2.6190095e+01  -2.8597960e+01
  -2.3000000e+01   1.9626796e+01   4.1000000e+01   6.8407010e+00   6.7577937e+01  -2.0431762e+01  -2.9192400e+01
  -2.3000000e+01   1.9050753e+01   4.1000000e+01   1.0920513e+01   6.8361796e+01  -1.4446798e+01  -2.8918748e+01
  -2.3000000e+01   1.8942897e+01   4.1000000e+01   1.0810884e+01   7.0268081e+01  -1.1877229e+01  -2.6850194e+01
  -2.3000000e+01   1.8406726e+01   4.1000000e+01   9.4613792e+00   7.0888872e+01  -1.0550726e+01  -2.4014308e+01
  -2.3000000e+01   1.8892725e+01   4.1000000e+01   7.8187542e+00   7.0622147e+01  -9.9987710e+00  -2.1372749e+01
  -2.3000000e+01   1.8069191e+01   4.1000000e+01   6.7176040e+00   6.9458849e+01  -1.0058614e+01  -1.8203409e+01
  -2.3000000e+01   1.6890188e+01   4.1000000e+01   5.8786543e+00   6.7506279e+01  -1.0529932e+01  -1.5706699e+01
  -2.3000000e+01   1.8479552e+01   4.1000000e+01   5.2093190e+00   6.5281062e+01  -1.2606907e+01  -1.3908247e+01
  -2.3000000e+01   1.5144126e+01   4.1000000e+01   6.1019631e+00   6.5019193e+01  -1.3931258e+01  -1.0475889e+01
  -2.3000000e+01   1.9192564e+01   4.1000000e+01   5.2876965e+00   6.1246407e+01  -1.7341551e+01  -8.1836545e+00
  -2.3000000e+01   1.7831436e+01   4.1000000e+01   6.6486634e+00   6.0343564e+01  -1.9800771e+01  -4.9730438e+00
  -2.3000000e+01   1.9300865e+01   4.1000000e+01   7.5456931e+00   5.9012831e+01  -2.3035925e+01  -2.0421705e+00
  -2.3000000e+01   1.6731700e+01   4.1000000e+01   8.4923005e+00   5.9780396e+01  -2.4356428e+01   1.5172752e+00
  -2.3000000e+01   1.6382257e+01   4.1000000e+01   8.5971198e+00   5.9333366e+01  -2.5868279e+01   4.2794698e+00
  -2.3000000e+01   1.5529249e+01   4.1000000e+01   8.8229382e+00   5.9798368e+01  -2.6634012e+01   5.9706407e+00
  -2.3000000e+01   1.1747611e+01   4.1000000e+01   9.0585439e+00   6.0435778e+01  -2.6154058e+01   6.0767468e+00
  -2.3000000e+01   1.3643575e+01   4.1000000e+01   9.8829698e+00   6.0410189e+01  -2.7499123e+01   9.2312485e+00
  -2.3000000e+01   1.6505967e+01   4.1000000e+01   8.0938328e+00   5.8359253e+01  -2.9101679e+01   1.1217555e+01
  -2.3000000e+01   1.3652136e+01   4.1000000e+01   7.3581369e+00   5.8602878e+01  -2.9658222e+01   1.5187970e+01
  -2.3000000e+01   1.7860072e+01   4.1000000e+01   6.2479493e+00   5.6100904e+01  -3.2961414e+01   1.9024743e+01
  -2.3000000e+01   1.6613277e+01   4.1000000e+01   6.4118809e+00   5.6387705e+01  -3.4819772e+01   2.2836425e+01
  -2.3000000e+01   1.4168856e+01   4.1000000e+01   7.0048206e+00   5.8024811e+01  -3.5918386e+01   2.5132366e+01
  -2.3000000e+01   1.6341131e+01   4.1000000e+01   7.3444893e+00   5.6824203e+01  -3.7894405e+01   2.7326599e+01
  -2.3000000e+01   1.6840103e+01   4.1000000e+01   7.4236437e+00   5.5972964e+01  -4.0233619e+01   3.0555768e+01
  -2.3000000e+01   1.7676445e+01   4.1000000e+01   7.9577588e+00   5.4152758e+01  -4.3202533e+01   3.3400134e+01
  -2.3000000e+01   1.6871724e+01   4.1000000e+01   8.9420195e+00   5.3568557e+01  -4.5336160e+01   3.4873514e+01
  -2.3000000e+01   1.5921509e+01   4.1000000e+01   8.7614979e+00   5.3179463e+01  -4.8133266e+01   3.8634431e+01
  -2.3000000e+01   1.7168378e+01   4.1000000e+01   8.5240937e+00   5.1890362e+01  -5.0584361e+01   4.2677114e+01
  -2.3000000e+01   1.5619532e+01   4.1000000e+01   8.3799181e+00   5.0347244e+01  -5.2642737e+01   4.6283502e+01
  -2.3000000e+01   1.6075841e+01   4.1000000e+01   7.4963323e+00   4.9269981e+01  -5.4873479e+01   5.1262253e+01
  -2.3000000e+01   1.3600178e+01   4.1000000e+01   5.7790779e+00   4.9211291e+01  -5.6664997e+01   5.6048594e+01
  -2.3000000e+01   9.2617236e+00   4.1000000e+01   4.7084943e+00   4.8941664e+01  -5.7254159e+01   6.0121909e+01
  -2.3000000e+01   6.9357770e+00   4.1000000e+01   3.0846617e+00   4.8742903e+01  -5.7840948e+01   6.5188429e+01
  -2.3000000e+01   5.8753507e+00   4.1000000e+01   2.0563581e-01   4.8425674e+01  -5.8468976e+01   6.8057732e+01
  -2.3000000e+01   8.2209884e+00   4.1000000e+01  -3.1545032e+00   4.7709933e+01  -5.8775158e+01   6.9724137e+01
  -2.3000000e+01   8.1954263e+00   4.1000000e+01  -7.2779109e+00   4.6179611e+01  -5.9325134e+01   7.2314449e+01
  -2.3000000e+01   1.0875963e+01   4.1000000e+01  -1.1227306e+01   4.4060578e+01  -5.9375214e+01   7.3116276e+01
  -2.3000000e+01   1.1644484e+01   4.1000000e+01  -1.5651206e+01   4.1533301e+01  -5.9512967e+01   7.1440223e+01
  -2.3000000e+01   1.0922383e+01   4.1000000e+01  -1.9469616e+01   3.8119910e+01  -5.9149269e+01   6.8606219e+01
  -2.3000000e+01   1.0563001e+01   4.1000000e+01  -2.2812425e+01   3.2600734e+01  -5.8579314e+01   6.4577587e+01
  -2.3000000e+01   9.8923439e+00   4.1000000e+01  -2.5683089e+01   2.6986597e+01  -5.7670655e+01   5.8819199e+01
  -2.3000000e+01   1.0082593e+01   4.1000000e+01  -2.9243573e+01   2.2182187e+01  -5.7450826e+01   5.2624542e+01
  -2.3000000e+01   1.5142958e+01   4.1000000e+01  -3.0218331e+01   1.8132114e+01  -5.5638241e+01   4.8070111e+01
  -2.3000000e+01   1.7326448e+01   4.1000000e+01  -3.0860648e+01   1.7430090e+01  -5.4981287e+01   4.4644486e+01
  -2.3000000e+01   1.6764303e+01   4.1000000e+01  -2.9709635e+01   1.9832189e+01  -5.4027121e+01   4.1232378e+01
  -2.3000000e+01   1.3383232e+01   4.1000000e+01  -3.1589126e+01   1.5913353e+01  -5.6730484e+01   3.0765099e+01
  -2.3000000e+01   1.3085178e+01   4.1000000e+01  -3.2226226e+01   1.1374224e+01  -5.9526404e+01   2.0424914e+01
  -2.3000000e+01   1.1666814e+01   4.1000000e+01  -3.0470112e+01   5.1857056e+00  -6.0339846e+01   1.0074269e+01
  -2.3000000e+01   1.5363240e+01   4.1000000e+01  -2.6464557e+01   8.3557004e+00  -5.9255361e+01   3.7850104e-01
  -2.3000000e+01   1.7240813e+01   4.1000000e+01  -2.1071426e+01   1.6369570e+01  -5.7731459e+01  -9.9828271e+00
  -2.3000000e+01   1.7194721e+01   4.1000000e+01  -1.4374882e+01   2.6566812e+01  -5.4265940e+01  -1.9224393e+01
  -2.3000000e+01   1.8143544e+01   4.1000000e+01  -8.5892698e+00   3.5774904e+01  -4.9187181e+01  -2.6009123e+01
  -2.3000000e+01   1.8800993e+01   4.1000000e+01  -4.0073071e+00   4.4595191e+01  -4.4085145e+01  -2.8784746e+01
  -2.3000000e+01   1.7336132e+01   4.1000000e+01   1.2001250e+00   5.2361336e+01  -3.7660640e+01  -3.0189292e+01
  -2.3000000e+01   1.7473909e+01   4.1000000e+01   6.0062576e+00   5.8187098e+01  -3.1176116e+01  -3.0942060e+01
  -2.3000000e+01   1.5385649e+01   4.1000000e+01   1.5340718e+01   4.8003390e+01  -2.1543163e+01  -1.9743405e+01
  -2.3000000e+01   1.9064986e+01   4.1000000e+01   1.1925426e+01   5.5513933e+01  -2.2701035e+01  -2.0244734e+01
  -2.3000000e+01   1.8986340e+01   4.1000000e+01   1.1436958e+01   5.9781135e+01  -2.0635317e+01  -2.1138985e+01
  -2.3000000e+01   1.8221233e+01   4.1000000e+01   1.1092563e+01   6.2716716e+01  -1.8545108e+01  -2.0054009e+01
  -2.3000000e+01   1.6588140e+01   4.1000000e+01   1.0183268e+01   6.4698927e+01  -1.7023884e+01  -1.8001967e+01
  -2.3000000e+01   1.6357923e+01   4.1000000e+01   9.2666088e+00   6.5096367e+01  -1.5989892e+01  -1.6625210e+01
  -2.3000000e+01   1.6100289e+01   4.1000000e+01   8.1924827e+00   6.4703146e+01  -1.5158595e+01  -1.5085175e+01
  -2.3000000e+01   1.6142398e+01   4.1000000e+01   6.9585596e+00   6.3779438e+01  -1.5093835e+01  -1.2978343e+01
  -2.3000000e+01   1.7679444e+01   4.1000000e+01   5.8022666e+00   6.2109421e+01  -1.5415151e+01  -1.2841983e+01
  -2.3000000e+01   1.5645525e+01   4.1000000e+01   5.0232750e+00   6.1482363e+01  -1.5463798e+01  -8.9460446e+00
  -2.3000000e+01   1.4610727e+01   4.1000000e+01   5.2960236e+00   6.1501909e+01  -1.6043802e+01  -7.1626540e+00
  -2.3000000e+01   1.4109189e+01   4.1000000e+01   5.6499087e+00   6.1768693e+01  -1.6765899e+01  -4.0062523e+00
  -2.3000000e+01   1.4940009e+01   4.1000000e+01   5.7268440e+00   6.0010021e+01  -1.8398190e+01  -2.6648127e+00
  -2.3000000e+01   1.5787065e+01   4.1000000e+01   5.0772754e+00   5.8064357e+01  -2.0352331e+01  -6.5797287e-01
  -2.3000000e+01   1.7190709e+01   4.1000000e+01   4.9467893e+00   5.5581685e+01  -2.2052157e+01   7.3872983e-01
  -2.3000000e+01   1.7472533e+01   4.1000000e+01   6.7325642e+00   5.4173082e+01  -2.4917688e+01   2.4397828e+00
  -2.3000000e+01   1.8570672e+01   4.1000000e+01   9.6478862e+00   5.3293456e+01  -2.8699537e+01   2.3607318e+00
  -2.3000000e+01   1.7255226e+01   4.1000000e+01   1.1448243e+01   5.3223725e+01  -3.1634512e+01   5.6195502e+00
  -2.3000000e+01   1.5807786e+01   4.1000000e+01   1.3429033e+01   5.3564362e+01  -3.3958509e+01   7.1010220e+00
  -2.3000000e+01   1.4917185e+01   4.1000000e+01   1.5246155e+01   5.3856910e+01  -3.6092651e+01   9.5929910e+00
  -2.3000000e+01   1.3482121e+01   4.1000000e+01   1.6834827e+01   5.4311022e+01  -3.8474353e+01   1.2768282e+01
  -2.3000000e+01   1.3557998e+01   4.1000000e+01   1.6696511e+01   5.2535859e+01  -4.0470415e+01   1.4869939e+01
  -2.3000000e+01   1.4185390e+01   4.1000000e+01   1.7253489e+01   5.1887863e+01  -4.2377480e+01   1.6813128e+01
  -2.3000000e+01   1.6650532e+01   4.1000000e+01   1.7790316e+01   4.8713695e+01  -4.6099739e+01   1.9168384e+01
  -2.3000000e+01   1.5041983e+01   4.1000000e+01   1.9300748e+01   4.9114061e+01  -4.8735814e+01   2.1065711e+01
  -2.3000000e+01   1.5828167e+01   4.1000000e+01   2.0422408e+01   4.7134083e+01  -5.1839285e+01   2.2340834e+01
  -2.3000000e+01   1.5294422e+01   4.1000000e+01   2.1174572e+01   4.5610517e+01  -5.5046538e+01   2.4535073e+01
  -2.3000000e+01   1.4877806e+01   4.1000000e+01   2.1583985e+01   4.5163379e+01  -5.8590093e+01   2.8801449e+01
  -2.3000000e+01   1.6637246e+01   4.1000000e+01   2.1836041e+01   4.1846567e+01  -6.2037029e+01   3.2106480e+01
  -2.3000000e+01   1.6905134e+01   4.1000000e+01   2.0091284e+01   3.9774346e+01  -6.5063761e+01   3.6146186e+01
  -2.3000000e+01   1.6637873e+01   4.1000000e+01   1.8501619e+01   3.8098685e+01  -6.7539890e+01   4.1657956e+01
  -2.3000000e+01   1.6055345e+01   4.1000000e+01   1.6890549e+01   3.6610125e+01  -6.9843889e+01   4.7958005e+01
  -2.3000000e+01   1.2395886e+01   4.1000000e+01   1.4877196e+01   3.6732803e+01  -7.1609991e+01   5.3253222e+01
  -2.3000000e+01   1.0815901e+01   4.1000000e+01   1.3236295e+01   3.5355288e+01  -7.2821352e+01   5.7737183e+01
  -2.3000000e+01   9.7776729e+00   4.1000000e+01   1.0938552e+01   3.3385337e+01  -7.4545047e+01   5.9944212e+01
  -2.3000000e+01   7.5935081e+00   4.1000000e+01   7.8163351e+00   3.1450143e+01  -7.6796823e+01   5.9436542e+01
  -2.3000000e+01   7.8811495e+00   4.1000000e+01   6.2254815e+00   2.9457192e+01  -7.7857745e+01   5.6643304e+01
  -2.3000000e+01   6.6429216e+00   4.1000000e+01   2.7085400e+00   2.5166175e+01  -8.0251895e+01   4.6964036e+01
  -2.3000000e+01   6.3525717e+00   4.1000000e+01   1.0278433e+00   2.5956982e+01  -8.1853470e+01   3.6822088e+01
  -2.3000000e+01   7.2430800e+00   4.1000000e+01   1.1064785e+00   2.6337577e+01  -8.1689548e+01   2.5608543e+01
  -2.3000000e+01   8.8141994e+00   4.1000000e+01   2.9830501e+00   2.6928744e+01  -7.9344557e+01   1.3939637e+01
  -2.3000000e+01   1.4669140e+01   4.1000000e+01   3.6116807e+00   3.2720358e+01  -7.4812318e+01   2.0041538e+00
  -2.3000000e+01   1.9963400e+01   4.1000000e+01   5.3550225e+00   3.7415505e+01  -6.9821743e+01  -8.6882855e+00
  -2.3000000e+01   2.0724529e+01   4.1000000e+01   7.9147487e+00   4.3721486e+01  -6.3862979e+01  -1.7050568e+01
  -2.3000000e+01   1.9202726e+01   4.1000000e+01   1.1567293e+01   5.0579729e+01  -5.6997867e+01  -2.1629793e+01
  -2.3000000e+01   1.4402664e+01   4.1000000e+01   1.4548634e+01   5.7534251e+01  -5.0216202e+01  -2.5091333e+01
  -2.3000000e+01   1.6210224e+01   4.1000000e+01   1.6381772e+01   6.1830867e+01  -4.3826266e+01  -2.7528076e+01
  -2.3000000e+01   1.9133636e+01   4.1000000e+01   1.9820848e+01   6.5532645e+01  -3.6368268e+01  -2.7696169e+01
  -2.3000000e+01   1.9053271e+01   4.1000000e+01   2.3636956e+01   6.6678808e+01  -2.8855346e+01  -2.5964419e+01
  -2.3000000e+01   1.8093082e+01   4.1000000e+01   2.1803056e+01   6.8482519e+01  -2.5084599e+01  -2.4338629e+01
  -2.3000000e+01   1.7340989e+01   4.1000000e+01   1.8773016e+01   6.9322640e+01  -2.2324642e+01  -2.1868484e+01
  -2.3000000e+01   1.7195153e+01   4.1000000e+01   1.5977044e+01   6.8922544e+01  -2.0178851e+01  -1.9246786e+01
  -2.3000000e+01   1.6558109e+01   4.1000000e+01   1.3156071e+01   6.7709416e+01  -1.8973667e+01  -1.5492093e+01
  -2.3000000e+01   1.4567883e+01   4.1000000e+01   1.1362762e+01   6.6810915e+01  -1.8473136e+01  -1.1829968e+01
  -2.3000000e+01   1.4092252e+01   4.1000000e+01   9.2110719e+00   6.4576613e+01  -1.9042500e+01  -6.6241754e+00
  -2.3000000e+01   1.2981939e+01   4.1000000e+01   8.2341391e+00   6.2970445e+01  -2.0103973e+01  -2.0230126e+00
  -2.3000000e+01   1.4515584e+01   4.1000000e+01   6.5909182e+00   5.9518930e+01  -2.1943276e+01   2.1490152e+00
  -2.3000000e+01   1.4214550e+01   4.1000000e+01   5.7813351e+00   5.7112939e+01  -2.3722580e+01   4.6971950e+00
  -2.3000000e+01   1.6524910e+01   4.1000000e+01   5.5004760e+00   5.4051349e+01  -2.6837163e+01   8.0171258e+00
  -2.3000000e+01   1.5736513e+01   4.1000000e+01   8.2777181e+00   5.4706790e+01  -2.9484601e+01   9.9044153e+00
  -2.3000000e+01   1.6163108e+01   4.1000000e+01   8.8838885e+00   5.4954332e+01  -3.1193804e+01   1.1233300e+01
  -2.3000000e+01   1.4413378e+01   4.1000000e+01   8.6970664e+00   5.5523852e+01  -3.0753648e+01   1.0682168e+01
  -2.3000000e+01   1.5894175e+01   4.1000000e+01   7.9899205e+00   5.3856834e+01  -3.1150964e+01   1.1973085e+01
  -2.3000000e+01   1.5727675e+01   4.1000000e+01   9.9364618e+00   5.3897585e+01  -3.4304236e+01   1.6160156e+01
  -2.3000000e+01   1.4941273e+01   4.1000000e+01   9.4561227e+00   5.4792674e+01  -3.6095040e+01   1.9477940e+01
  -2.3000000e+01   1.6332174e+01   4.1000000e+01   7.5949333e+00   5.3662867e+01  -3.8269441e+01   2.2589724e+01
  -2.3000000e+01   1.8105141e+01   4.1000000e+01   6.3530491e+00   5.1264241e+01  -4.0488166e+01   2.6423006e+01
  -2.3000000e+01   1.9210195e+01   4.1000000e+01   5.4705042e+00   4.9150383e+01  -4.2444961e+01   2.8452779e+01
  -2.3000000e+01   2.0001485e+01   4.1000000e+01   4.5315774e+00   4.7178095e+01  -4.4507509e+01   3.0990240e+01
  -2.3000000e+01   1.9225704e+01   4.1000000e+01   4.9845383e+00   4.5722384e+01  -4.5786585e+01   3.2985439e+01
  -2.3000000e+01   1.7014944e+01   4.1000000e+01   4.5611371e+00   4.5193893e+01  -4.7869995e+01   3.6787724e+01
  -2.3000000e+01   1.9958672e+01   4.1000000e+01   3.9930957e+00   4.2999895e+01  -5.0630150e+01   4.0914189e+01
  -2.3000000e+01   1.9565772e+01   4.1000000e+01   3.1843488e+00   4.1826468e+01  -5.2796013e+01   4.4919372e+01
  -2.3000000e+01   2.0902754e+01   4.1000000e+01   4.1563574e-01   3.9903483e+01  -5.4925583e+01   5.1150783e+01
  -2.3000000e+01   2.0254050e+01   4.1000000e+01  -1.2684632e+00   3.7978336e+01  -5.5821407e+01   5.6157649e+01
  -2.3000000e+01   1.6229936e+01   4.1000000e+01  -3.6288601e+00   3.7757838e+01  -5.6302992e+01   6.0016997e+01
  -2.3000000e+01   1.4664033e+01   4.1000000e+01  -6.8416929e+00   3.6545944e+01  -5.6538025e+01   6.3508476e+01
  -2.3000000e+01   1.0003505e+01   4.1000000e+01  -1.0687002e+01   3.5589213e+01  -5.6848184e+01   6.6705765e+01
  -2.3000000e+01   6.8972775e+00   4.1000000e+01  -1.4544606e+01   3.4424537e+01  -5.7101031e+01   6.8674248e+01
  -2.3000000e+01   6.2035913e+00   4.1000000e+01  -1.8482999e+01   3.2555179e+01  -5.6937572e+01   6.7934505e+01
  -2.3000000e+01   5.0876029e+00   4.1000000e+01  -2.1849151e+01   3.1312257e+01  -5.6819741e+01   6.5437791e+01
  -2.3000000e+01   4.0594476e+00   4.1000000e+01  -2.4277308e+01   2.9863866e+01  -5.6420243e+01   5.9593892e+01
  -2.3000000e+01   1.1825609e+01   4.1000000e+01  -2.5503229e+01   3.7987167e+01  -5.4486237e+01   6.7718684e+01
  -2.3000000e+01   1.0331633e+01   4.1000000e+01  -2.7446340e+01   3.7141750e+01  -5.5947377e+01   5.6683072e+01
  -2.3000000e+01   8.8189139e+00   4.1000000e+01  -2.7945471e+01   3.1921092e+01  -5.6288157e+01   4.4690756e+01
  -2.3000000e+01   1.2023309e+01   4.1000000e+01  -2.6115635e+01   2.8124823e+01  -5.5590652e+01   3.2414946e+01
  -2.3000000e+01   1.2886782e+01   4.1000000e+01  -2.2001677e+01   3.0586661e+01  -5.3814630e+01   2.0153447e+01
  -2.3000000e+01   1.3280474e+01   4.1000000e+01  -1.7148173e+01   3.3219862e+01  -5.1322386e+01   8.2227196e+00
  -2.3000000e+01   1.7620465e+01   4.1000000e+01  -1.2068137e+01   3.8159964e+01  -4.8305308e+01  -2.1291699e+00
  -2.3000000e+01   2.0398237e+01   4.1000000e+01  -7.2580315e+00   4.4726508e+01  -4.3459170e+01  -1.1807138e+01
  -2.3000000e+01   1.5594648e+01   4.1000000e+01  -2.7028048e+00   5.1486740e+01  -3.8195907e+01  -1.8876242e+01
  -2.3000000e+01   1.4928546e+01   4.1000000e+01   1.3037551e+00   5.7853776e+01  -3.2851318e+01  -2.3736279e+01
  -2.3000000e+01   1.6300990e+01   4.1000000e+01   4.3919983e+00   6.2281244e+01  -2.7598023e+01  -2.7822802e+01
  -2.3000000e+01   1.8713391e+01   4.1000000e+01   8.2151717e+00   6.6006675e+01  -2.1544035e+01  -2.9975887e+01
  -2.3000000e+01   1.9121941e+01   4.1000000e+01   1.2263248e+01   6.7253430e+01  -1.5238011e+01  -3.1712515e+01
  -2.3000000e+01   1.7843389e+01   4.1000000e+01   1.1820122e+01   6.9451579e+01  -1.2436519e+01  -3.0585296e+01
  -2.3000000e+01   1.8063662e+01   4.1000000e+01   1.0528398e+01   7.1032616e+01  -1.0809922e+01  -2.8865070e+01
  -2.3000000e+01   1.8482480e+01   4.1000000e+01   9.2156575e+00   7.1748220e+01  -9.7309008e+00  -2.8285809e+01
  -2.3000000e+01   1.6603921e+01   4.1000000e+01   7.8490260e+00   7.1186362e+01  -8.8065368e+00  -2.5103348e+01
  -2.3000000e+01   1.6238030e+01   4.1000000e+01   6.6003599e+00   7.0145026e+01  -8.4571277e+00  -2.2179033e+01
  -2.3000000e+01   1.6121021e+01   4.1000000e+01   5.1681103e+00   6.9020738e+01  -8.8377279e+00  -1.8187162e+01
  -2.3000000e+01   1.4938756e+01   4.1000000e+01   4.2922313e+00   6.6762915e+01  -9.7636093e+00  -1.4617507e+01
  -2.3000000e+01   1.6173134e+01   4.1000000e+01   3.5587874e+00   6.3849654e+01  -1.1688613e+01  -1.0991436e+01
  -2.3000000e+01   1.5775891e+01   4.1000000e+01   3.1330164e+00   6.1608942e+01  -1.3635997e+01  -7.1898179e+00
  -2.3000000e+01   1.3624256e+01   4.1000000e+01   3.9123459e+00   6.2204284e+01  -1.5096662e+01  -2.8275293e+00
  -2.3000000e+01   1.7514757e+01   4.1000000e+01   3.4089304e+00   6.0322288e+01  -1.7596604e+01  -1.4709877e+00
  -2.3000000e+01   1.4796281e+01   4.1000000e+01   4.1831530e+00   6.2012537e+01  -1.8474033e+01   2.6138810e+00
  -2.3000000e+01   1.3479929e+01   4.1000000e+01   4.3654189e+00   6.3182222e+01  -1.8971601e+01   4.4577862e+00
  -2.3000000e+01   1.6300172e+01   4.1000000e+01   3.9730943e+00   6.2256577e+01  -1.9648970e+01   3.8109334e+00
  -2.3000000e+01   1.7276888e+01   4.1000000e+01   5.1612957e+00   6.1877841e+01  -2.0886925e+01   4.8568234e+00
  -2.3000000e+01   1.8383031e+01   4.1000000e+01   5.7179710e+00   6.0898393e+01  -2.4003499e+01   8.0177079e+00
  -2.3000000e+01   2.1297912e+01   4.1000000e+01   6.0356092e+00   5.7921031e+01  -2.8147397e+01   1.0999694e+01
  -2.3000000e+01   2.3452986e+01   4.1000000e+01   3.9146161e+00   5.4081800e+01  -3.0856173e+01   1.4463175e+01
  -2.3000000e+01   1.6814145e+01   4.1000000e+01   4.8736005e+00   5.6094860e+01  -3.1094747e+01   1.8015490e+01
  -2.3000000e+01   1.6328084e+01   4.1000000e+01   5.3119721e+00   5.6674738e+01  -3.2407425e+01   2.0753074e+01
  -2.3000000e+01   1.6293153e+01   4.1000000e+01   6.7739259e+00   5.8017910e+01  -3.4879868e+01   2.3379071e+01
  -2.3000000e+01   1.7399283e+01   4.1000000e+01   7.8057310e+00   5.6044098e+01  -3.7712338e+01   2.5276307e+01
  -2.3000000e+01   1.8554754e+01   4.1000000e+01   7.5982356e+00   5.4263507e+01  -4.1373893e+01   2.8021471e+01
  -2.3000000e+01   1.7772128e+01   4.1000000e+01   7.9297534e+00   5.2619769e+01  -4.4493305e+01   3.1989336e+01
  -2.3000000e+01   1.8731590e+01   4.1000000e+01   6.0284953e+00   5.0928747e+01  -4.7583828e+01   3.5259411e+01
