  -1.7500870e+01   1.1369397e+01   6.3936910e+01   2.3970400e+01   2.9157155e+01  -4.1946133e+01   1.9978389e+00
  -1.7733887e+01   1.1888066e+01   4.9939242e+01   1.1863154e+01   2.8755503e+01  -2.9920451e+01   2.1150707e+00
  -8.8540189e+00   1.1000000e+01   4.1000000e+01   9.4060055e+00   3.8414343e+01  -2.2366686e+01   6.5665415e+00
  -1.2629962e+01   1.1000000e+01   4.1000000e+01   9.6322004e+00   4.8118669e+01  -2.3724015e+01   9.7181069e+00
  -1.4198075e+01   1.1000000e+01   4.1000000e+01   1.0946763e+01   5.3869421e+01  -2.5223492e+01   1.2249442e+01
  -1.5055367e+01   1.1000000e+01   4.1000000e+01   1.1807080e+01   5.6871936e+01  -2.7053279e+01   1.5575382e+01
  -1.7010112e+01   1.1000000e+01   4.1000000e+01   1.0553359e+01   5.8805009e+01  -2.9617586e+01   1.9864165e+01
  -1.8201294e+01   1.1000000e+01   4.1000000e+01   1.0957507e+01   5.9661796e+01  -3.2620800e+01   2.3355206e+01
  -1.8737518e+01   1.1000000e+01   4.1000000e+01   1.1455250e+01   5.9787439e+01  -3.5464513e+01   2.5852149e+01
  -2.0163802e+01   1.1000000e+01   4.1000000e+01   1.2083084e+01   5.9937504e+01  -3.8388455e+01   2.8477639e+01
  -2.2947307e+01   1.1000000e+01   4.1000000e+01   1.1948201e+01   6.0340502e+01  -4.2141935e+01   3.0275722e+01
  -2.3646612e+01   1.1000000e+01   4.1000000e+01   1.2123174e+01   6.1627534e+01  -4.5666823e+01   3.4448460e+01
  -2.4890947e+01   1.1000000e+01   4.1000000e+01   1.2601660e+01   6.1436589e+01  -4.9201519e+01   3.8297480e+01
  -2.5506435e+01   1.1000000e+01   4.1000000e+01   1.1505463e+01   6.1132557e+01  -5.2654773e+01   4.3529087e+01
  -2.9820863e+01   1.1000000e+01   4.1000000e+01   9.0895332e+00   6.1780090e+01  -5.6196363e+01   4.9315119e+01
  -3.0245715e+01   1.1000000e+01   4.1000000e+01   6.9470695e+00   6.3003285e+01  -5.8688864e+01   5.3476629e+01
  -3.4384212e+01   1.1000000e+01   4.1000000e+01   4.8262139e+00   6.2491626e+01  -6.0993357e+01   5.6239232e+01
  -3.5503863e+01   1.1000000e+01   4.1000000e+01   2.4565980e+00   6.0513966e+01  -6.3517899e+01   5.7890309e+01
  -3.5549607e+01   1.1000000e+01   4.1000000e+01  -1.0438811e+00   5.6800089e+01  -6.6387774e+01   5.7904532e+01
  -3.3708271e+01   1.1000000e+01   4.1000000e+01  -4.9896983e+00   4.7911427e+01  -6.9200664e+01   5.1598085e+01
  -2.8240009e+01   1.1000000e+01   4.1000000e+01  -8.2892379e+00   3.8995804e+01  -7.1135736e+01   4.4718220e+01
  -2.4359435e+01   1.1000000e+01   4.1000000e+01  -9.2235997e+00   3.2085186e+01  -7.0802857e+01   3.5937718e+01
  -2.3989366e+01   1.1000000e+01   4.1000000e+01  -7.5438470e+00   2.8807681e+01  -6.9512997e+01   2.4517417e+01
  -2.2250325e+01   1.1000000e+01   4.1000000e+01  -4.1500093e+00   3.2369397e+01  -6.6125259e+01   1.2710631e+01
  -1.3423906e+01   1.1000000e+01   4.1000000e+01   2.3513696e+00   3.9737441e+01  -6.0004807e+01   8.3626739e-01
  -7.6278509e+00   1.1000000e+01   4.1000000e+01   8.5228925e+00   4.8042592e+01  -5.3691111e+01  -8.6235582e+00
  -7.9457174e+00   1.1000000e+01   4.1000000e+01   1.2158651e+01   5.5016987e+01  -4.7675270e+01  -1.5756600e+01
  -5.3579338e+00   1.1000000e+01   4.1000000e+01   1.4966424e+01   5.9112562e+01  -4.1312863e+01  -2.0550486e+01
  -3.3333474e+00   1.1000000e+01   4.1000000e+01   1.7218005e+01   6.1445616e+01  -3.4983603e+01  -2.5334503e+01
  -6.5284223e-01   1.1000000e+01   4.1000000e+01   1.9033549e+01   6.2764805e+01  -2.8419653e+01  -2.8500924e+01
   2.0560109e-01   1.1000000e+01   4.1000000e+01   2.0801462e+01   6.2985963e+01  -2.1889021e+01  -3.2009690e+01
  -1.4357554e+00   1.1000000e+01   4.1000000e+01   2.3967528e+01   6.2047679e+01  -1.4776228e+01  -3.4515213e+01
  -2.5433893e+00   1.1000000e+01   4.1000000e+01   2.2077753e+01   6.2108014e+01  -1.1284018e+01  -3.3494330e+01
  -4.2038131e+00   1.1000000e+01   4.1000000e+01   1.9487279e+01   6.0958616e+01  -9.9860426e+00  -3.0935955e+01
  -5.5791367e+00   1.1000000e+01   4.1000000e+01   1.6899173e+01   6.0020650e+01  -8.9281162e+00  -2.6590816e+01
  -7.1641776e+00   1.1000000e+01   4.1000000e+01   1.4050814e+01   5.7631572e+01  -9.5946902e+00  -2.1291927e+01
  -8.7791153e+00   1.1000000e+01   4.1000000e+01   1.1816710e+01   5.6303647e+01  -1.0472571e+01  -1.7058705e+01
  -9.1535249e+00   1.1000000e+01   4.1000000e+01   1.1440220e+01   5.5275910e+01  -1.2341669e+01  -1.3133455e+01
  -9.4997873e+00   1.1000000e+01   4.1000000e+01   1.1557632e+01   5.4790233e+01  -1.3832585e+01  -1.0347667e+01
  -9.9747649e+00   1.1000000e+01   4.1000000e+01   1.1434778e+01   5.5213903e+01  -1.5077550e+01  -8.5307442e+00
  -9.9458512e+00   1.1000000e+01   4.1000000e+01   1.1890527e+01   5.6150648e+01  -1.5766516e+01  -5.8390884e+00
  -1.0569201e+01   1.1000000e+01   4.1000000e+01   1.2726220e+01   5.8047907e+01  -1.6496045e+01  -3.3995934e+00
  -1.0454059e+01   1.1000000e+01   4.1000000e+01   1.2506716e+01   5.7900855e+01  -1.6112381e+01  -3.0378552e+00
  -1.1392557e+01   1.1000000e+01   4.1000000e+01   1.0872472e+01   5.8621961e+01  -1.4904856e+01  -1.8900557e+00
  -1.1612461e+01   1.1000000e+01   4.1000000e+01   9.7652697e+00   5.9251934e+01  -1.3341996e+01  -5.6121951e-01
  -1.2638884e+01   1.1000000e+01   4.1000000e+01   8.7541048e+00   6.0005674e+01  -1.2825747e+01   2.0685380e+00
  -1.3661824e+01   1.1000000e+01   4.1000000e+01   8.6142754e+00   6.1334439e+01  -1.3385665e+01   4.1855947e+00
  -1.2013120e+01   1.1000000e+01   4.1000000e+01   1.0370676e+01   5.9941423e+01  -1.6882461e+01   9.8887483e+00
  -1.2303727e+01   1.1000000e+01   4.1000000e+01   1.0000212e+01   6.0701554e+01  -1.9810960e+01   1.3557368e+01
  -1.3775119e+01   1.1000000e+01   4.1000000e+01   1.0361309e+01   6.1934155e+01  -2.2376840e+01   1.6914624e+01
  -1.4083079e+01   1.1000000e+01   4.1000000e+01   1.0889438e+01   6.2495036e+01  -2.4825096e+01   1.9644025e+01
  -1.5673732e+01   1.1000000e+01   4.1000000e+01   1.0721255e+01   6.3033837e+01  -2.7774589e+01   2.2768322e+01
  -1.7851546e+01   1.1000000e+01   4.1000000e+01   1.0529578e+01   6.3431023e+01  -3.0849741e+01   2.5628264e+01
  -1.9619759e+01   1.1000000e+01   4.1000000e+01   1.1440645e+01   6.4358406e+01  -3.3750828e+01   2.7606188e+01
  -2.1816648e+01   1.1000000e+01   4.1000000e+01   1.1034159e+01   6.5059984e+01  -3.7747033e+01   3.0076386e+01
  -2.2210777e+01   1.1000000e+01   4.1000000e+01   9.5987630e+00   6.4299484e+01  -4.1337399e+01   3.4801223e+01
  -2.3292991e+01   1.1000000e+01   4.1000000e+01   7.7140098e+00   6.4250403e+01  -4.4488709e+01   3.9801903e+01
  -2.5780855e+01   1.1000000e+01   4.1000000e+01   6.2233419e+00   6.3611531e+01  -4.7049709e+01   4.5358471e+01
  -3.1483461e+01   1.1000000e+01   4.1000000e+01   2.4091014e+00   6.4475542e+01  -5.0307502e+01   5.0812456e+01
  -3.4171585e+01   1.1000000e+01   4.1000000e+01  -1.1008864e+00   6.6035838e+01  -5.2342437e+01   5.4826102e+01
  -3.7345327e+01   1.1000000e+01   4.1000000e+01  -3.7353462e+00   6.6346358e+01  -5.3164817e+01   5.8848534e+01
  -4.1961702e+01   1.1000000e+01   4.1000000e+01  -6.6154325e+00   6.4496394e+01  -5.3552193e+01   6.0816499e+01
  -4.1812155e+01   1.1000000e+01   4.1000000e+01  -1.0435684e+01   6.2322080e+01  -5.4318510e+01   6.2953549e+01
  -4.0348526e+01   1.1000000e+01   4.1000000e+01  -1.4325240e+01   5.9297055e+01  -5.4689726e+01   6.4190458e+01
  -4.0312398e+01   1.1000000e+01   4.1000000e+01  -1.8035510e+01   5.4044139e+01  -5.5133021e+01   6.4826359e+01
  -3.9243103e+01   1.1000000e+01   4.1000000e+01  -2.1838589e+01   4.6095913e+01  -5.5839641e+01   5.8493370e+01
  -3.8732477e+01   1.1000000e+01   4.1000000e+01  -2.3884316e+01   3.6349838e+01  -5.6208927e+01   5.0477620e+01
  -3.5717691e+01   1.1000000e+01   4.1000000e+01  -2.5574224e+01   2.7831088e+01  -5.6492764e+01   4.2700027e+01
  -3.2776102e+01   1.1000000e+01   4.1000000e+01  -2.6357370e+01   2.3813085e+01  -5.5989116e+01   3.7506528e+01
  -2.9702806e+01   1.1000000e+01   4.1000000e+01  -2.7989525e+01   2.2426210e+01  -5.7786397e+01   2.8318648e+01
  -2.7127927e+01   1.1000000e+01   4.1000000e+01  -2.7894256e+01   1.8927232e+01  -5.7843361e+01   1.8745454e+01
  -2.3921944e+01   1.1000000e+01   4.1000000e+01  -2.7768430e+01   1.5878241e+01  -5.7442415e+01   9.5105009e+00
  -2.3132659e+01   1.1000000e+01   4.1000000e+01  -2.6279940e+01   1.4345216e+01  -5.5562648e+01  -1.2874771e-01
  -1.9733769e+01   1.1000000e+01   4.1000000e+01  -2.1639656e+01   1.4072350e+01  -5.3238545e+01  -1.0513395e+01
  -1.8076589e+01   1.1000000e+01   4.1000000e+01  -1.5730310e+01   2.1071994e+01  -5.0049827e+01  -2.1223614e+01
  -1.4101806e+01   1.1000000e+01   4.1000000e+01  -9.1718632e+00   2.9153362e+01  -4.6528889e+01  -3.1756328e+01
  -1.0974306e+01   1.1000000e+01   4.1000000e+01  -3.9503285e+00   3.9756287e+01  -4.2605133e+01  -3.4361342e+01
  -8.3443237e+00   1.1000000e+01   4.1000000e+01   1.8425135e+00   4.9864623e+01  -3.7042368e+01  -3.1003065e+01
  -5.7953864e+00   1.1000000e+01   4.1000000e+01   8.8794615e+00   5.7118490e+01  -2.9634939e+01  -2.8687793e+01
  -3.2547034e+00   1.1000000e+01   4.1000000e+01   1.6748815e+01   6.1165148e+01  -2.1160543e+01  -2.7824038e+01
  -3.9213297e+00   1.1000000e+01   4.1000000e+01   2.2368086e+01   6.2221484e+01  -1.3972596e+01  -2.5818129e+01
  -4.8131883e+00   1.1000000e+01   4.1000000e+01   2.0738302e+01   6.3446790e+01  -1.2218199e+01  -2.3144353e+01
  -4.5910424e+00   1.1000000e+01   4.1000000e+01   1.8937537e+01   6.3630313e+01  -1.0982561e+01  -2.0348850e+01
  -5.4585161e+00   1.1000000e+01   4.1000000e+01   1.6837568e+01   6.2962655e+01  -1.0743835e+01  -1.7779985e+01
  -6.7668077e+00   1.1000000e+01   4.1000000e+01   1.4814948e+01   6.2673621e+01  -1.0722651e+01  -1.4785505e+01
  -7.7613947e+00   1.1000000e+01   4.1000000e+01   1.3441596e+01   6.0736591e+01  -1.2188748e+01  -1.0842215e+01
  -8.8898654e+00   1.1000000e+01   4.1000000e+01   1.2608124e+01   6.0222512e+01  -1.3661505e+01  -6.8750312e+00
  -9.3077006e+00   1.1000000e+01   4.1000000e+01   1.2182427e+01   5.9491193e+01  -1.4799520e+01  -4.0738047e+00
  -1.0273308e+01   1.1000000e+01   4.1000000e+01   1.2590413e+01   6.0251306e+01  -1.6762530e+01  -1.5296428e-01
  -1.0009929e+01   1.1000000e+01   4.1000000e+01   1.3189356e+01   6.0011500e+01  -1.8420915e+01   2.3837234e+00
  -1.0987506e+01   1.1000000e+01   4.1000000e+01   1.1807957e+01   6.0163967e+01  -1.9395318e+01   4.9065236e+00
  -1.0419928e+01   1.1000000e+01   4.1000000e+01   1.3109422e+01   6.0724931e+01  -2.0068144e+01   7.0301749e+00
  -1.1392341e+01   1.1000000e+01   4.1000000e+01   1.3432503e+01   6.1795621e+01  -2.1893878e+01   9.5765304e+00
  -1.1212104e+01   1.1000000e+01   4.1000000e+01   1.2723092e+01   6.1833403e+01  -2.4069791e+01   1.4038722e+01
  -1.2368065e+01   1.1000000e+01   4.1000000e+01   1.2958484e+01   6.3092017e+01  -2.5881581e+01   1.9630890e+01
  -1.3007594e+01   1.1000000e+01   4.1000000e+01   1.3291787e+01   6.2980729e+01  -2.8832330e+01   2.3555493e+01
  -1.6283806e+01   1.1000000e+01   4.1000000e+01   1.1679222e+01   6.4138607e+01  -3.2804989e+01   2.5409523e+01
  -1.8953138e+01   1.1000000e+01   4.1000000e+01   1.1336637e+01   6.4514657e+01  -3.5714699e+01   2.7543964e+01
  -2.0623899e+01   1.1000000e+01   4.1000000e+01   1.0812672e+01   6.4337496e+01  -3.8769177e+01   2.9771617e+01
  -2.2101139e+01   1.1000000e+01   4.1000000e+01   1.1481592e+01   6.5345187e+01  -4.2078804e+01   3.3653783e+01
  -2.1678480e+01   1.1000000e+01   4.1000000e+01   1.0921126e+01   6.5639470e+01  -4.5532062e+01   3.8882330e+01
  -2.3962413e+01   1.1000000e+01   4.1000000e+01   9.3388745e+00   6.6077311e+01  -4.8688310e+01   4.3035431e+01
  -2.4717911e+01   1.1000000e+01   4.1000000e+01   7.6150693e+00   6.7301292e+01  -5.1345826e+01   4.8236263e+01
  -2.9780896e+01   1.1000000e+01   4.1000000e+01   5.7408927e+00   6.8075863e+01  -5.3895584e+01   5.1661657e+01
  -3.3274346e+01   1.1000000e+01   4.1000000e+01   3.6331107e+00   6.9372460e+01  -5.6268368e+01   5.4345454e+01
  -3.6514066e+01   1.1000000e+01   4.1000000e+01   8.4469697e-01   7.0685619e+01  -5.8458041e+01   5.6678287e+01
  -3.6538577e+01   1.1000000e+01   4.1000000e+01  -2.2780785e+00   6.9663317e+01  -5.9745815e+01   5.8380317e+01
  -3.5480860e+01   1.1000000e+01   4.1000000e+01  -5.4231990e+00   6.6830804e+01  -6.1056733e+01   5.9291265e+01
  -3.5870354e+01   1.1000000e+01   4.1000000e+01  -7.7894377e+00   6.1028587e+01  -6.1508508e+01   6.0870068e+01
  -3.3865771e+01   1.1000000e+01   4.1000000e+01  -1.1565322e+01   5.2501346e+01  -6.3079307e+01   5.4674045e+01
  -3.1195509e+01   1.1000000e+01   4.1000000e+01  -1.5905241e+01   4.4225626e+01  -6.6025615e+01   4.6024862e+01
  -2.4671766e+01   1.1000000e+01   4.1000000e+01  -1.6560085e+01   3.5908215e+01  -6.5693124e+01   3.7718913e+01
  -2.1289276e+01   1.1000000e+01   4.1000000e+01  -1.3976414e+01   3.0400965e+01  -6.4575622e+01   2.7531195e+01
  -2.1288181e+01   1.1000000e+01   4.1000000e+01  -1.2650059e+01   3.1401029e+01  -6.4744512e+01   1.6405721e+01
  -1.8227083e+01   1.1000000e+01   4.1000000e+01  -6.6238539e+00   3.8769549e+01  -6.0625547e+01   5.0316451e+00
  -1.3677160e+01   1.1000000e+01   4.1000000e+01   4.5892641e-01   4.4748833e+01  -5.5042583e+01  -5.8135882e+00
  -1.0437239e+01   1.1000000e+01   4.1000000e+01   5.8431975e+00   5.1886892e+01  -4.8384671e+01  -1.5207688e+01
  -7.9713542e+00   1.1000000e+01   4.1000000e+01   1.0463456e+01   5.7755666e+01  -4.1376222e+01  -1.9057869e+01
  -5.8287000e+00   1.1000000e+01   4.1000000e+01   1.3287312e+01   6.1176961e+01  -3.4871356e+01  -2.3902812e+01
  -3.4533743e+00   1.1000000e+01   4.1000000e+01   1.6422459e+01   6.2008352e+01  -2.8315070e+01  -2.8578636e+01
  -1.6755072e+00   1.1000000e+01   4.1000000e+01   2.0697498e+01   6.3147397e+01  -2.1032836e+01  -2.9993241e+01
  -5.6441183e+00   1.1000000e+01   4.1000000e+01   2.2811706e+01   6.2126238e+01  -1.5357256e+01  -3.0630722e+01
  -6.7469777e+00   1.1000000e+01   4.1000000e+01   2.1092323e+01   6.2253439e+01  -1.2953369e+01  -2.7491226e+01
  -8.0001259e+00   1.1000000e+01   4.1000000e+01   1.8456879e+01   6.1569585e+01  -1.2228308e+01  -2.3207633e+01
  -8.7310310e+00   1.1000000e+01   4.1000000e+01   1.6315596e+01   6.0438361e+01  -1.2375228e+01  -1.8126519e+01
  -1.0740901e+01   1.1000000e+01   4.1000000e+01   1.4504542e+01   5.9787300e+01  -1.3418167e+01  -1.3755559e+01
  -1.2568179e+01   1.1000000e+01   4.1000000e+01   1.3168252e+01   5.7698139e+01  -1.5497181e+01  -1.0401022e+01
  -1.2118308e+01   1.1000000e+01   4.1000000e+01   1.4327983e+01   5.6364924e+01  -1.8599907e+01  -7.1893513e+00
  -1.6141148e+01   1.1000000e+01   4.1000000e+01   1.4615801e+01   5.8659660e+01  -2.1317553e+01  -5.7584523e+00
  -1.3604370e+01   1.1000000e+01   4.1000000e+01   1.7026461e+01   5.6351218e+01  -2.4965544e+01  -1.3036577e+00
  -1.5228953e+01   1.1000000e+01   4.1000000e+01   1.9394223e+01   5.7199054e+01  -2.8737670e+01   1.0857029e+00
  -1.4496364e+01   1.1000000e+01   4.1000000e+01   2.2373132e+01   5.7357942e+01  -3.2450972e+01   4.3598835e+00
  -1.7029774e+01   1.1000000e+01   4.1000000e+01   2.2507045e+01   5.8984919e+01  -3.4643540e+01   6.1562825e+00
  -1.7599412e+01   1.1000000e+01   4.1000000e+01   2.2565958e+01   5.9037030e+01  -3.6282701e+01   8.2437607e+00
  -1.7225859e+01   1.1000000e+01   4.1000000e+01   2.1605913e+01   5.8344625e+01  -3.6543548e+01   9.5974173e+00
  -1.6758663e+01   1.1000000e+01   4.1000000e+01   1.8869555e+01   5.5352149e+01  -3.5469273e+01   8.3275127e+00
  -1.9795122e+01   1.1000000e+01   4.1000000e+01   1.9230108e+01   5.8476775e+01  -3.6125931e+01   1.1572312e+01
  -1.7434830e+01   1.1000000e+01   4.1000000e+01   1.9059269e+01   5.7750001e+01  -3.6707347e+01   1.4880307e+01
  -2.1435101e+01   1.1000000e+01   4.1000000e+01   1.6985715e+01   5.9504406e+01  -3.8147376e+01   1.6975893e+01
  -1.9866389e+01   1.1000000e+01   4.1000000e+01   1.8244067e+01   6.0195646e+01  -4.0147879e+01   2.1540586e+01
  -2.1257838e+01   1.1000000e+01   4.1000000e+01   1.8588941e+01   6.1375488e+01  -4.2697895e+01   2.4602473e+01
  -2.3938109e+01   1.1000000e+01   4.1000000e+01   1.8252972e+01   6.3155355e+01  -4.5150563e+01   2.5401539e+01
  -2.2995030e+01   1.1000000e+01   4.1000000e+01   2.0086620e+01   6.3125235e+01  -4.7080578e+01   2.7930398e+01
  -2.3859757e+01   1.1000000e+01   4.1000000e+01   2.1401127e+01   6.3984620e+01  -5.0018693e+01   3.0838395e+01
  -2.3691777e+01   1.1000000e+01   4.1000000e+01   2.3543831e+01   6.3567410e+01  -5.3281643e+01   3.3232334e+01
  -2.4919826e+01   1.1000000e+01   4.1000000e+01   2.5967023e+01   6.3739937e+01  -5.6737570e+01   3.4179677e+01
  -2.6465509e+01   1.1000000e+01   4.1000000e+01   2.7031841e+01   6.4352629e+01  -6.1385498e+01   3.7047874e+01
  -2.6803811e+01   1.1000000e+01   4.1000000e+01   2.9150170e+01   6.4541398e+01  -6.5148659e+01   4.0654556e+01
  -2.8702731e+01   1.1000000e+01   4.1000000e+01   3.0900958e+01   6.4571704e+01  -6.9444638e+01   4.3558264e+01
  -2.9647454e+01   1.1000000e+01   4.1000000e+01   3.2592477e+01   6.4893444e+01  -7.3726618e+01   4.7935292e+01
  -3.3454113e+01   1.1000000e+01   4.1000000e+01   3.2528087e+01   6.6296571e+01  -7.8529128e+01   5.1151742e+01
  -3.7624164e+01   1.1000000e+01   4.1000000e+01   3.4067607e+01   6.6730862e+01  -8.1944865e+01   5.4249774e+01
  -4.0346552e+01   1.1000000e+01   4.1000000e+01   3.5833769e+01   6.7217803e+01  -8.5459890e+01   5.9017583e+01
  -4.3372816e+01   1.1000000e+01   4.1000000e+01   3.9996521e+01   6.7558789e+01  -8.8592782e+01   6.2224960e+01
  -4.0994006e+01   1.1000000e+01   4.1000000e+01   4.5787104e+01   6.7446007e+01  -9.1148117e+01   6.5162761e+01
  -4.1423539e+01   1.1000000e+01   4.1000000e+01   4.7296759e+01   6.7270998e+01  -9.6379950e+01   6.8807223e+01
  -3.9904646e+01   1.1000000e+01   4.1000000e+01   4.7482243e+01   6.6423124e+01  -1.0164777e+02   7.0759806e+01
  -3.8934752e+01   1.1000000e+01   4.1000000e+01   4.7104845e+01   6.4668772e+01  -1.0673600e+02   6.9322769e+01
  -3.7683521e+01   1.1000000e+01   4.1000000e+01   4.4520277e+01   6.0811947e+01  -1.1154535e+02   6.6541643e+01
  -3.5754275e+01   1.1000000e+01   4.1000000e+01   4.0058479e+01   5.3729095e+01  -1.1543511e+02   6.2740039e+01
  -3.4863686e+01   1.1000000e+01   4.1000000e+01   3.6828053e+01   4.5133716e+01  -1.1795576e+02   5.6502856e+01
  -3.4661407e+01   1.1000000e+01   4.1000000e+01   3.3732814e+01   3.6256610e+01  -1.2056506e+02   4.9061544e+01
  -2.9881014e+01   1.1000000e+01   4.1000000e+01   3.4863719e+01   2.8442957e+01  -1.2138288e+02   4.4310554e+01
  -2.7800441e+01   1.1000000e+01   4.1000000e+01   3.4980103e+01   2.4125349e+01  -1.2305981e+02   4.0233528e+01
  -2.7044443e+01   1.1000000e+01   4.1000000e+01   3.5850546e+01   2.4035888e+01  -1.2317779e+02   3.5744308e+01
  -2.6317674e+01   1.1000000e+01   4.1000000e+01   3.4507760e+01   1.7199955e+01  -1.2451373e+02   2.5323420e+01
  -2.4647254e+01   1.1000000e+01   4.1000000e+01   3.3867185e+01   1.1315006e+01  -1.2553776e+02   1.5388269e+01
  -2.5195039e+01   1.1000000e+01   4.1000000e+01   3.3058983e+01   4.2889302e+00  -1.2416027e+02   4.9592414e+00
  -2.2486937e+01   1.1000000e+01   4.1000000e+01   3.5633866e+01   8.2966634e+00  -1.2007674e+02  -4.2260434e+00
  -1.7942253e+01   1.1000000e+01   4.1000000e+01   3.6693861e+01   1.7581837e+01  -1.1363399e+02  -1.3595671e+01
  -1.5277690e+01   1.1000000e+01   4.1000000e+01   3.8633462e+01   2.8394305e+01  -1.0532996e+02  -2.0276703e+01
  -1.0606585e+01   1.1000000e+01   4.1000000e+01   4.2168706e+01   3.8691887e+01  -9.6104120e+01  -2.3668985e+01
  -7.9888535e+00   1.1000000e+01   4.1000000e+01   4.4510641e+01   4.7851726e+01  -8.6990958e+01  -2.4077934e+01
  -7.1369593e+00   1.1000000e+01   4.1000000e+01   4.7184412e+01   5.3496140e+01  -7.7639771e+01  -2.6407601e+01
  -6.4936873e+00   1.1000000e+01   4.1000000e+01   4.9371662e+01   5.5632808e+01  -6.8451128e+01  -2.8211079e+01
  -1.6449137e+01   1.1000000e+01   4.1000000e+01   5.6572865e+01   4.5366062e+01  -6.0371723e+01  -1.7087911e+01
  -8.0836305e+00   1.1000000e+01   4.1000000e+01   5.0665476e+01   5.0053015e+01  -5.5488902e+01  -1.7593475e+01
  -7.9516532e+00   1.1000000e+01   4.1000000e+01   4.5992579e+01   5.1605563e+01  -4.9961984e+01  -1.7969835e+01
  -9.1544429e+00   1.1000000e+01   4.1000000e+01   4.1463510e+01   5.3231057e+01  -4.5094728e+01  -1.6222215e+01
  -1.0680264e+01   1.1000000e+01   4.1000000e+01   3.6255033e+01   5.4110117e+01  -4.1197657e+01  -1.4099537e+01
  -1.1363810e+01   1.1000000e+01   4.1000000e+01   3.2026100e+01   5.4188857e+01  -3.7554336e+01  -1.2255957e+01
  -1.2350257e+01   1.1000000e+01   4.1000000e+01   2.7957667e+01   5.4226173e+01  -3.4204306e+01  -1.0221964e+01
  -1.3179624e+01   1.1000000e+01   4.1000000e+01   2.4436190e+01   5.4202470e+01  -3.1947603e+01  -7.6345782e+00
  -1.2575709e+01   1.1000000e+01   4.1000000e+01   2.2893679e+01   5.3386884e+01  -3.0680534e+01  -6.4518336e+00
  -1.5396832e+01   1.1000000e+01   4.1000000e+01   2.0183740e+01   5.5041361e+01  -2.9880772e+01  -3.7386740e+00
  -1.6764697e+01   1.1000000e+01   4.1000000e+01   1.8699281e+01   5.6239837e+01  -2.8939034e+01  -3.1033786e+00
  -1.8053065e+01   1.1000000e+01   4.1000000e+01   1.7727233e+01   5.7637387e+01  -2.8496133e+01  -5.0267287e-01
  -1.7566176e+01   1.1000000e+01   4.1000000e+01   1.7350442e+01   5.6666186e+01  -2.8623862e+01   1.0823367e+00
  -1.7815497e+01   1.1000000e+01   4.1000000e+01   1.6446022e+01   5.6418697e+01  -2.9350441e+01   3.3785863e+00
  -1.7304831e+01   1.1000000e+01   4.1000000e+01   1.7553258e+01   5.5535932e+01  -3.0703516e+01   5.2812278e+00
  -1.7652361e+01   1.1000000e+01   4.1000000e+01   1.9867933e+01   5.5464351e+01  -3.3360653e+01   6.7559195e+00
  -1.7405027e+01   1.1000000e+01   4.1000000e+01   2.3406240e+01   5.6041946e+01  -3.6483176e+01   7.0495820e+00
  -1.8760914e+01   1.1000000e+01   4.1000000e+01   2.5349174e+01   5.6392873e+01  -4.0375001e+01   9.2253198e+00
  -2.0082895e+01   1.1000000e+01   4.1000000e+01   2.6867386e+01   5.6617673e+01  -4.3507534e+01   9.6919537e+00
  -2.1657198e+01   1.1000000e+01   4.1000000e+01   2.8380608e+01   5.7397194e+01  -4.6422912e+01   1.1341945e+01
  -2.2722469e+01   1.1000000e+01   4.1000000e+01   2.9528008e+01   5.7442933e+01  -4.9435026e+01   1.3666763e+01
  -2.2951116e+01   1.1000000e+01   4.1000000e+01   2.9316616e+01   5.5871962e+01  -5.1427313e+01   1.5431914e+01
  -2.3088212e+01   1.1000000e+01   4.1000000e+01   3.0818463e+01   5.6047076e+01  -5.3789852e+01   1.7435121e+01
  -2.1594131e+01   1.1000000e+01   4.1000000e+01   3.3717379e+01   5.4708892e+01  -5.7279747e+01   2.0395713e+01
  -2.3275733e+01   1.1000000e+01   4.1000000e+01   3.5533275e+01   5.5182710e+01  -6.1555953e+01   2.1481500e+01
  -2.3308923e+01   1.1000000e+01   4.1000000e+01   3.8256579e+01   5.4142262e+01  -6.5588964e+01   2.2705217e+01
  -2.4469886e+01   1.1000000e+01   4.1000000e+01   4.0021357e+01   5.3418850e+01  -7.0393211e+01   2.4173067e+01
  -2.5390463e+01   1.1000000e+01   4.1000000e+01   4.1740416e+01   5.3493252e+01  -7.5502717e+01   2.7782725e+01
  -2.4990736e+01   1.1000000e+01   4.1000000e+01   4.4901615e+01   5.1687591e+01  -8.0292172e+01   3.1261182e+01
  -2.5833821e+01   1.1000000e+01   4.1000000e+01   4.5984465e+01   5.1057113e+01  -8.5844519e+01   3.5030139e+01
  -2.7384846e+01   1.1000000e+01   4.1000000e+01   4.6887718e+01   5.0766592e+01  -9.1266315e+01   3.9743296e+01
  -2.9560526e+01   1.1000000e+01   4.1000000e+01   4.7103564e+01   5.1051183e+01  -9.6553993e+01   4.5093616e+01
  -3.3835429e+01   1.1000000e+01   4.1000000e+01   4.4818332e+01   5.1200457e+01  -1.0147431e+02   4.7877981e+01
  -3.6364668e+01   1.1000000e+01   4.1000000e+01   4.4326351e+01   4.9600651e+01  -1.0512824e+02   5.1030059e+01
  -3.7822131e+01   1.1000000e+01   4.1000000e+01   4.5480161e+01   4.6119944e+01  -1.0932127e+02   5.3298605e+01
  -3.8269070e+01   1.1000000e+01   4.1000000e+01   4.3453591e+01   4.1155237e+01  -1.1456827e+02   5.1897614e+01
  -3.6000783e+01   1.1000000e+01   4.1000000e+01   4.5045333e+01   3.6406542e+01  -1.1870965e+02   4.9031536e+01
  -3.4233372e+01   1.1000000e+01   4.1000000e+01   4.0796836e+01   2.7724467e+01  -1.2190234e+02   3.8710227e+01
  -3.2493792e+01   1.1000000e+01   4.1000000e+01   3.8647238e+01   2.4890894e+01  -1.2273641e+02   2.8097936e+01
  -3.0010325e+01   1.1000000e+01   4.1000000e+01   3.6417008e+01   2.4225158e+01  -1.1919170e+02   1.6903801e+01
  -2.6374409e+01   1.1000000e+01   4.1000000e+01   3.6341298e+01   2.5701554e+01  -1.1310446e+02   5.7670613e+00
  -1.9371687e+01   1.1000000e+01   4.1000000e+01   3.7571808e+01   3.4200744e+01  -1.0561210e+02  -4.4449669e+00
  -9.9865078e+00   1.1000000e+01   4.1000000e+01   4.1664739e+01   4.3735058e+01  -9.6461088e+01  -1.3283649e+01
  -6.2588334e+00   1.1000000e+01   4.1000000e+01   4.3053804e+01   5.1535089e+01  -8.7463134e+01  -1.7404914e+01
  -3.9932649e+00   1.1000000e+01   4.1000000e+01   4.5248429e+01   5.6741820e+01  -7.8535631e+01  -1.9150660e+01
  -6.6740655e+00   1.1000000e+01   4.1000000e+01   4.3933363e+01   6.0015800e+01  -7.0480787e+01  -2.3583591e+01
  -3.3009340e+00   1.1000000e+01   4.1000000e+01   4.4776377e+01   6.0360933e+01  -6.1900090e+01  -2.6717732e+01
  -2.7399083e+00   1.1000000e+01   4.1000000e+01   4.7611268e+01   6.0506931e+01  -5.2984471e+01  -2.7689447e+01
  -6.0068133e+00   1.1000000e+01   4.1000000e+01   4.8826297e+01   5.9384753e+01  -4.4639323e+01  -2.6557595e+01
  -7.8054706e+00   1.1000000e+01   4.1000000e+01   4.3875149e+01   6.0089598e+01  -4.0018185e+01  -2.4351581e+01
  -8.4326218e+00   1.1000000e+01   4.1000000e+01   3.8182171e+01   5.9316962e+01  -3.6301927e+01  -2.0984004e+01
  -9.1515042e+00   1.1000000e+01   4.1000000e+01   3.3061522e+01   5.7794393e+01  -3.3162651e+01  -1.6633927e+01
  -1.0852633e+01   1.1000000e+01   4.1000000e+01   2.7847113e+01   5.6369521e+01  -3.1427927e+01  -1.1309223e+01
  -1.3615433e+01   1.1000000e+01   4.1000000e+01   2.3514877e+01   5.6273563e+01  -3.0443120e+01  -7.7294237e+00
  -1.5908882e+01   1.1000000e+01   4.1000000e+01   1.9752473e+01   5.6315913e+01  -3.0135198e+01  -2.3332229e+00
  -1.7835429e+01   1.1000000e+01   4.1000000e+01   1.7252355e+01   5.6754269e+01  -3.0007509e+01   1.3453827e+00
  -1.7839268e+01   1.1000000e+01   4.1000000e+01   1.5811275e+01   5.5708843e+01  -3.0375820e+01   5.8893761e+00
  -1.8226649e+01   1.1000000e+01   4.1000000e+01   1.4557134e+01   5.4343627e+01  -3.1314796e+01   8.0865417e+00
  -1.8017307e+01   1.1000000e+01   4.1000000e+01   1.5623675e+01   5.4216739e+01  -3.3438199e+01   1.1927616e+01
  -1.9233062e+01   1.1000000e+01   4.1000000e+01   1.8290757e+01   5.5986037e+01  -3.6113650e+01   1.3068032e+01
  -1.8546523e+01   1.1000000e+01   4.1000000e+01   1.9981401e+01   5.6210569e+01  -3.8406203e+01   1.4596605e+01
  -1.7703266e+01   1.1000000e+01   4.1000000e+01   1.8325442e+01   5.4246948e+01  -3.7789520e+01   1.3570134e+01
  -1.6981715e+01   1.1000000e+01   4.1000000e+01   1.8158963e+01   5.2543498e+01  -3.8050212e+01   1.5681436e+01
  -1.8822304e+01   1.1000000e+01   4.1000000e+01   2.0293689e+01   5.4444863e+01  -4.1411850e+01   1.9211622e+01
  -2.0862227e+01   1.1000000e+01   4.1000000e+01   1.9549134e+01   5.7137471e+01  -4.3571151e+01   2.1455951e+01
  -2.1167039e+01   1.1000000e+01   4.1000000e+01   1.8465558e+01   5.8056105e+01  -4.5658324e+01   2.4421553e+01
  -2.1848719e+01   1.1000000e+01   4.1000000e+01   1.9056882e+01   5.8765051e+01  -4.8157466e+01   2.8021919e+01
  -2.1837099e+01   1.1000000e+01   4.1000000e+01   1.9772696e+01   5.8836277e+01  -5.0587627e+01   3.0086181e+01
  -2.1833888e+01   1.1000000e+01   4.1000000e+01   2.0376164e+01   5.8479693e+01  -5.3324749e+01   3.2571273e+01
  -2.3233986e+01   1.1000000e+01   4.1000000e+01   2.2147934e+01   5.7959863e+01  -5.6226429e+01   3.4026721e+01
  -2.5575648e+01   1.1000000e+01   4.1000000e+01   2.2516552e+01   5.7701656e+01  -6.0376671e+01   3.6323309e+01
  -2.4086531e+01   1.1000000e+01   4.1000000e+01   2.4207829e+01   5.7177170e+01  -6.3756883e+01   4.0612003e+01
  -2.5620621e+01   1.1000000e+01   4.1000000e+01   2.5112189e+01   5.7142786e+01  -6.7841305e+01   4.4192760e+01
  -2.6638755e+01   1.1000000e+01   4.1000000e+01   2.4551438e+01   5.8140528e+01  -7.1823329e+01   4.9829807e+01
  -2.8733540e+01   1.1000000e+01   4.1000000e+01   2.5190358e+01   5.8689802e+01  -7.4759196e+01   5.4244133e+01
  -3.2863584e+01   1.1000000e+01   4.1000000e+01   2.5047869e+01   5.9562020e+01  -7.8369994e+01   5.6558752e+01
  -3.5404470e+01   1.1000000e+01   4.1000000e+01   2.5742746e+01   5.9626787e+01  -8.1200898e+01   5.9640799e+01
  -3.9361977e+01   1.1000000e+01   4.1000000e+01   2.5458778e+01   5.9503304e+01  -8.4982567e+01   6.2407555e+01
  -4.0553079e+01   1.1000000e+01   4.1000000e+01   2.3175687e+01   5.6640577e+01  -8.9173790e+01   6.4118310e+01
  -3.9631214e+01   1.1000000e+01   4.1000000e+01   2.0711339e+01   5.2013071e+01  -9.2534843e+01   6.3418359e+01
  -3.9646404e+01   1.1000000e+01   4.1000000e+01   1.6874406e+01   4.6908791e+01  -9.6455355e+01   5.9540722e+01
  -3.8521219e+01   1.1000000e+01   4.1000000e+01   1.3341847e+01   3.9360951e+01  -9.9132580e+01   5.2495747e+01
  -3.3161662e+01   1.1000000e+01   4.1000000e+01   1.1805437e+01   4.8871636e+01  -9.9764119e+01   5.8862458e+01
  -2.8391153e+01   1.1000000e+01   4.1000000e+01   9.8599978e+00   4.2155353e+01  -9.8916742e+01   4.8500262e+01
  -2.5186722e+01   1.1000000e+01   4.1000000e+01   7.1864861e+00   3.3452334e+01  -9.5961585e+01   3.6745691e+01
  -2.0067667e+01   1.1000000e+01   4.1000000e+01   8.7132089e+00   2.8618300e+01  -9.0855840e+01   2.4732457e+01
  -1.7490720e+01   1.1000000e+01   4.1000000e+01   1.1437811e+01   3.2593550e+01  -8.4862564e+01   1.2663355e+01
  -1.2913610e+01   1.1000000e+01   4.1000000e+01   1.4730739e+01   3.6996665e+01  -7.7614668e+01   8.2234719e-01
  -7.1586991e+00   1.1000000e+01   4.1000000e+01   2.0656307e+01   4.4929089e+01  -6.9443839e+01  -8.8073226e+00
  -2.0792273e+00   1.1000000e+01   4.1000000e+01   2.5168914e+01   5.2423033e+01  -6.0945149e+01  -1.4944474e+01
  -3.7479624e+00   1.1000000e+01   4.1000000e+01   2.5593399e+01   5.6960568e+01  -5.3757019e+01  -2.0117282e+01
  -3.3163016e+00   1.1000000e+01   4.1000000e+01   2.6840098e+01   5.9906481e+01  -4.6429031e+01  -2.4435281e+01
  -1.1701831e+00   1.1000000e+01   4.1000000e+01   2.8214237e+01   6.0763125e+01  -3.9040320e+01  -2.9261911e+01
  -1.3880150e+00   1.1000000e+01   4.1000000e+01   3.0534308e+01   6.1326428e+01  -3.1307830e+01  -3.2548896e+01
  -4.4866265e+00   1.1000000e+01   4.1000000e+01   3.1637882e+01   5.9740543e+01  -2.4282811e+01  -3.5166345e+01
  -6.2107307e+00   1.1000000e+01   4.1000000e+01   2.8334784e+01   6.0528296e+01  -2.0667457e+01  -3.3399728e+01
  -7.4200666e+00   1.1000000e+01   4.1000000e+01   2.5072387e+01   6.1382458e+01  -1.8282381e+01  -2.9852008e+01
  -8.2152428e+00   1.1000000e+01   4.1000000e+01   2.2446528e+01   6.1046488e+01  -1.6997820e+01  -2.7238012e+01
  -1.0077346e+01   1.1000000e+01   4.1000000e+01   1.8873692e+01   5.9807571e+01  -1.6208104e+01  -2.3295992e+01
  -1.1056687e+01   1.1000000e+01   4.1000000e+01   1.6303772e+01   5.7867239e+01  -1.6050524e+01  -1.9014019e+01
  -1.1652040e+01   1.1000000e+01   4.1000000e+01   1.4258452e+01   5.6232498e+01  -1.6876750e+01  -1.3600582e+01
  -1.3480553e+01   1.1000000e+01   4.1000000e+01   1.2471696e+01   5.4708823e+01  -1.8368108e+01  -9.3569243e+00
  -1.3076833e+01   1.1000000e+01   4.1000000e+01   1.2436566e+01   5.2544927e+01  -2.0388840e+01  -4.4054954e+00
  -1.4029465e+01   1.1000000e+01   4.1000000e+01   1.2543683e+01   5.2285139e+01  -2.2532867e+01  -1.0087215e+00
  -1.6397927e+01   1.1000000e+01   4.1000000e+01   1.2636697e+01   5.4890390e+01  -2.4091279e+01   1.6024905e+00
  -1.3151786e+01   1.1000000e+01   4.1000000e+01   1.4904207e+01   5.3456087e+01  -2.6313772e+01   4.8957912e+00
  -1.7627654e+01   1.1000000e+01   4.1000000e+01   1.4101934e+01   5.8263388e+01  -2.7068540e+01   6.8762212e+00
  -1.8496594e+01   1.1000000e+01   4.1000000e+01   1.3290514e+01   6.0090864e+01  -2.7018440e+01   7.3779088e+00
  -1.4996847e+01   1.1000000e+01   4.1000000e+01   1.3878022e+01   5.8495882e+01  -2.6023689e+01   8.1024282e+00
  -1.5058271e+01   1.1000000e+01   4.1000000e+01   1.6218945e+01   5.8999455e+01  -2.7595901e+01   9.8157003e+00
  -1.5592941e+01   1.1000000e+01   4.1000000e+01   1.8145366e+01   6.0035714e+01  -3.1138056e+01   1.3343719e+01
  -1.5232650e+01   1.1000000e+01   4.1000000e+01   2.0576772e+01   6.0775985e+01  -3.4248237e+01   1.6855402e+01
  -1.4285559e+01   1.1000000e+01   4.1000000e+01   2.1151767e+01   5.9671369e+01  -3.7270332e+01   2.0570398e+01
  -1.9805859e+01   1.1000000e+01   4.1000000e+01   1.9630890e+01   6.0554990e+01  -4.0823413e+01   2.0983206e+01
  -2.0678057e+01   1.1000000e+01   4.1000000e+01   1.9921894e+01   6.0994638e+01  -4.2815846e+01   2.2821912e+01
  -2.1622172e+01   1.1000000e+01   4.1000000e+01   2.1173821e+01   6.3002419e+01  -4.5477798e+01   2.4963542e+01
  -2.2169541e+01   1.1000000e+01   4.1000000e+01   2.3179495e+01   6.2985745e+01  -4.8340822e+01   2.6694554e+01
  -2.2040182e+01   1.1000000e+01   4.1000000e+01   2.4570189e+01   6.3237949e+01  -5.2026051e+01   2.9235947e+01
  -2.3340172e+01   1.1000000e+01   4.1000000e+01   2.5900413e+01   6.2769701e+01  -5.6227299e+01   3.2282026e+01
  -2.4111172e+01   1.1000000e+01   4.1000000e+01   2.5686026e+01   6.2945914e+01  -6.0632054e+01   3.4811173e+01
