  -1.7500870e+01   1.1369397e+01   6.3936910e+01   2.3970400e+01   2.9157155e+01  -4.1946133e+01   1.9978389e+00
  -2.1367647e+01   1.4420347e+01   6.5117447e+01   1.1914989e+01   2.8019082e+01  -2.9967774e+01   1.9049653e+00
  -2.3000000e+01   1.5201260e+01   7.0177676e+01   1.4920036e+01   2.4609399e+01  -3.3444710e+01   1.4687025e+00
  -2.3000000e+01   1.6442864e+01   6.3395030e+01   1.9448916e+01   2.9862779e+01  -4.0818886e+01   6.0871293e+00
  -2.3000000e+01   1.7687111e+01   6.1052032e+01   2.3728908e+01   3.1801412e+01  -4.8156328e+01   9.5440074e+00
  -2.3000000e+01   1.9391817e+01   5.6063320e+01   2.2036712e+01   3.6201676e+01  -4.9311537e+01   1.2794520e+01
  -2.3000000e+01   1.8590478e+01   5.2747528e+01   1.9047481e+01   4.0255239e+01  -4.9538374e+01   1.7856168e+01
  -2.3000000e+01   1.9304495e+01   4.8404305e+01   1.8358494e+01   4.4240579e+01  -5.1030895e+01   2.1142579e+01
  -2.3000000e+01   2.0262080e+01   4.3843379e+01   1.7280541e+01   4.7228449e+01  -5.2310153e+01   2.3147037e+01
  -2.3000000e+01   1.9298014e+01   3.9943707e+01   1.7431406e+01   5.1403825e+01  -5.3271847e+01   2.5947224e+01
  -2.3000000e+01   1.6979240e+01   3.6594095e+01   1.7232211e+01   5.5292446e+01  -5.4567607e+01   2.8832964e+01
  -2.3000000e+01   1.6188069e+01   3.3255827e+01   1.6694383e+01   5.9868024e+01  -5.6264076e+01   3.3611071e+01
  -2.3000000e+01   1.4910369e+01   2.7218348e+01   1.6245791e+01   6.3744915e+01  -5.8750071e+01   3.7782778e+01
  -2.3000000e+01   1.4253433e+01   2.0471458e+01   1.3352307e+01   6.7305296e+01  -6.1700828e+01   4.3014517e+01
  -2.3000000e+01   1.1187167e+01   1.4579712e+01   1.0411506e+01   7.1309957e+01  -6.3566591e+01   4.8716744e+01
  -2.3000000e+01   1.0420335e+01   8.5533776e+00   7.2379765e+00   7.5600754e+01  -6.5397408e+01   5.2587496e+01
  -2.3000000e+01   1.8984314e+00   4.2439299e+00   5.6490634e+00   7.9395818e+01  -6.5471175e+01   5.6230650e+01
  -2.3000000e+01  -3.2579586e+00  -4.9452011e-01   4.1503934e+00   8.3599491e+01  -6.5577843e+01   5.7222414e+01
  -2.3000000e+01  -4.9919144e+00  -3.7209705e+00   2.6407510e+00   8.8875418e+01  -6.5514859e+01   5.5376535e+01
  -2.3000000e+01  -5.3948039e+00  -5.7946226e+00   1.3282833e+00   9.3664798e+01  -6.2085023e+01   4.4166855e+01
  -2.3000000e+01   5.9666974e-01  -7.1261871e+00  -4.9663488e+00   9.6432395e+01  -5.8023672e+01   3.3109914e+01
  -2.3000000e+01   3.6397228e+00  -7.9476019e-01  -5.6086009e+00   9.3648016e+01  -5.6069721e+01   2.3844927e+01
  -2.3000000e+01   1.8591545e+00   8.4261673e+00  -3.0761289e+00   8.8989211e+01  -5.2541241e+01   1.2811675e+01
  -2.3000000e+01   3.5473149e+00   1.8963213e+01  -1.3106228e+00   8.3469621e+01  -4.9281976e+01   2.3143773e+00
  -2.3000000e+01   1.2130407e+01   2.8675812e+01  -3.6973533e-01   7.7283604e+01  -4.6474259e+01  -7.9116620e+00
  -2.3000000e+01   1.7068758e+01   3.8993587e+01   1.4254945e+00   7.0513348e+01  -4.2856298e+01  -1.7440564e+01
  -2.3000000e+01   1.5429397e+01   4.8673637e+01   4.5122363e+00   6.2896781e+01  -3.8079307e+01  -2.7475593e+01
  -2.3000000e+01   1.4979086e+01   5.7604589e+01   7.3671409e+00   5.4855779e+01  -3.3133770e+01  -3.7104821e+01
  -2.3000000e+01   1.3549329e+01   6.4769333e+01   1.0550548e+01   4.6692551e+01  -2.7885921e+01  -4.6486058e+01
  -2.3000000e+01   1.3128273e+01   7.0784916e+01   1.3484585e+01   3.9120743e+01  -2.2402899e+01  -5.4536743e+01
  -2.3000000e+01   1.3325164e+01   7.4530084e+01   1.6667342e+01   3.2136960e+01  -1.6524949e+01  -6.0780817e+01
  -2.3000000e+01   1.3434111e+01   7.7424116e+01   2.1155561e+01   2.4995871e+01  -1.0251021e+01  -6.1008568e+01
  -2.3000000e+01   1.5598693e+01   7.6392912e+01   1.9159076e+01   1.8122647e+01  -1.0207840e+01  -5.5397415e+01
  -2.3000000e+01   1.7801201e+01   7.4232041e+01   1.7035547e+01   1.1641380e+01  -1.2760417e+01  -4.7204636e+01
  -2.3000000e+01   1.7702550e+01   7.4750875e+01   1.5889856e+01   8.5036876e+00  -1.5290127e+01  -3.7510136e+01
  -2.3000000e+01   1.7997137e+01   7.3415283e+01   1.4592705e+01   7.8519941e+00  -1.9024530e+01  -2.7695322e+01
  -2.3000000e+01   1.6641105e+01   7.2396953e+01   1.4701096e+01   1.0234158e+01  -2.3028727e+01  -1.9320672e+01
  -2.3000000e+01   1.8904733e+01   7.0436888e+01   1.6017217e+01   9.6952830e+00  -2.8366466e+01  -1.4348094e+01
  -2.3000000e+01   1.8847411e+01   7.0050291e+01   1.8544543e+01   1.0773171e+01  -3.2456511e+01  -1.1541258e+01
  -2.3000000e+01   1.8710932e+01   7.1432669e+01   2.0710579e+01   9.7305394e+00  -3.5648378e+01  -9.6812691e+00
  -2.3000000e+01   1.9503071e+01   7.0748471e+01   2.2659300e+01   1.2460276e+01  -3.9038490e+01  -7.9199198e+00
  -2.3000000e+01   2.0163283e+01   6.8462737e+01   2.4826988e+01   1.6429832e+01  -4.2399124e+01  -6.4028249e+00
  -2.3000000e+01   1.9068931e+01   6.8235620e+01   2.2367988e+01   2.0234296e+01  -3.9258432e+01  -6.8161406e+00
  -2.3000000e+01   1.7019770e+01   6.9049594e+01   1.7598932e+01   2.4068162e+01  -3.3680387e+01  -5.3857748e+00
  -2.3000000e+01   1.6446779e+01   6.9994084e+01   1.7668013e+01   2.5085395e+01  -3.3200544e+01  -4.0285766e+00
  -2.3000000e+01   1.6605614e+01   6.7576032e+01   1.6984331e+01   2.9485621e+01  -3.3534562e+01  -1.0683277e+00
  -2.3000000e+01   1.5786708e+01   6.7111097e+01   2.2478674e+01   3.1275108e+01  -4.0015853e+01   1.7098560e+00
  -2.3000000e+01   2.0612751e+01   6.2926940e+01   2.4704004e+01   3.0213389e+01  -4.7955023e+01   7.9352955e+00
  -2.3000000e+01   2.1691905e+01   5.9162845e+01   2.2226800e+01   3.4397313e+01  -4.8824560e+01   1.0017979e+01
  -2.3000000e+01   2.1840431e+01   5.5102389e+01   2.1715511e+01   3.8495414e+01  -4.9873484e+01   1.3088403e+01
  -2.3000000e+01   2.2277089e+01   5.3625000e+01   2.0840143e+01   4.0833935e+01  -5.0753542e+01   1.5612843e+01
  -2.3000000e+01   2.2034421e+01   5.0781931e+01   1.9729933e+01   4.3895749e+01  -5.1675417e+01   1.9014760e+01
  -2.3000000e+01   2.1064563e+01   4.7074827e+01   1.9137006e+01   4.7337051e+01  -5.2582546e+01   2.2615660e+01
  -2.3000000e+01   1.9274365e+01   4.3732578e+01   1.9905180e+01   5.2244876e+01  -5.2997476e+01   2.5213079e+01
  -2.3000000e+01   1.7974630e+01   3.7244051e+01   1.9025123e+01   5.7640566e+01  -5.5177121e+01   2.8561774e+01
  -2.3000000e+01   1.9091748e+01   3.0446146e+01   1.6169723e+01   6.1009493e+01  -5.8091602e+01   3.3206906e+01
  -2.3000000e+01   1.8403556e+01   2.3791349e+01   1.3287502e+01   6.5038822e+01  -6.0619734e+01   3.8504592e+01
  -2.3000000e+01   1.5894513e+01   1.6356234e+01   1.1194222e+01   6.8319476e+01  -6.2431534e+01   4.4154194e+01
  -2.3000000e+01   1.1738245e+01   1.1345050e+01   7.5603086e+00   7.2237037e+01  -6.4108576e+01   5.0025565e+01
  -2.3000000e+01   8.4882019e+00   6.0141112e+00   4.2679129e+00   7.6367640e+01  -6.5325200e+01   5.4877604e+01
  -2.3000000e+01   2.6847795e+00  -2.9399916e-02   2.3220365e+00   7.9127383e+01  -6.5135177e+01   5.9400489e+01
  -2.3000000e+01  -6.8410155e+00  -2.5207001e+00   1.1073654e+00   8.0481776e+01  -6.4124883e+01   6.1188455e+01
  -2.3000000e+01  -7.9203418e+00  -6.2089128e+00  -5.3205067e-01   8.2194989e+01  -6.3313356e+01   6.1969937e+01
  -2.3000000e+01  -8.2464537e+00  -8.3422562e+00  -1.9165015e+00   8.4056161e+01  -6.2325475e+01   6.1986257e+01
  -2.3000000e+01  -9.5487387e+00  -1.1539786e+01  -3.1342903e+00   8.7728171e+01  -6.0860475e+01   5.9478202e+01
  -2.3000000e+01  -1.0316495e+01  -1.4009356e+01  -4.3426621e+00   9.1874367e+01  -5.9077024e+01   5.0854313e+01
  -2.3000000e+01  -1.1230073e+01  -1.4278745e+01  -4.3602565e+00   9.5350955e+01  -5.6512392e+01   4.0899409e+01
  -2.3000000e+01  -8.7837223e+00  -1.2297672e+01  -3.6867029e+00   9.7671091e+01  -5.6099101e+01   3.3960978e+01
  -2.3000000e+01  -5.4711267e+00  -9.9294569e+00  -3.2615393e+00   9.7851124e+01  -5.6164372e+01   3.0212337e+01
  -2.3000000e+01  -3.9347151e+00  -7.1544370e+00  -3.6362727e+00   1.0142740e+02  -5.4439987e+01   1.7782741e+01
  -2.3000000e+01  -2.1738130e+00  -6.1680634e+00  -3.4258298e+00   1.0297212e+02  -5.3466914e+01   6.3284184e+00
  -2.3000000e+01   5.2146701e-01  -5.6826613e+00  -3.9833107e+00   1.0523406e+02  -5.3204396e+01  -3.9703005e+00
  -2.3000000e+01   2.2794060e+00   1.1850301e-01  -2.8052178e+00   1.0444341e+02  -5.1511466e+01  -1.4105221e+01
  -2.3000000e+01   6.4380358e+00   7.3553118e+00  -1.8333791e+00   1.0149732e+02  -4.8917915e+01  -2.4608121e+01
  -2.3000000e+01   8.9969773e+00   1.8575982e+01  -1.2579249e+00   9.7326087e+01  -4.5439515e+01  -3.3313458e+01
  -2.3000000e+01   1.1502907e+01   2.8963133e+01   6.3218583e-01   9.3219504e+01  -4.0716342e+01  -4.2861026e+01
  -2.3000000e+01   1.4579351e+01   4.0485670e+01   2.6469570e+00   8.9857970e+01  -3.5764316e+01  -5.0347906e+01
  -2.3000000e+01   1.6054020e+01   5.1477038e+01   6.7761841e+00   8.5763505e+01  -2.9434690e+01  -5.7311937e+01
  -2.3000000e+01   1.6528634e+01   6.1859809e+01   1.2952256e+01   8.1239940e+01  -2.1625242e+01  -6.4719280e+01
  -2.3000000e+01   1.7806266e+01   6.9215738e+01   1.9462693e+01   7.6904176e+01  -1.4044047e+01  -7.1559052e+01
  -2.3000000e+01   1.8328023e+01   7.0892708e+01   2.3970452e+01   7.2040679e+01  -8.2189067e+00  -6.7577278e+01
  -2.3000000e+01   1.7459179e+01   7.0200379e+01   2.2254813e+01   6.7162144e+01  -8.2304524e+00  -6.1691880e+01
  -2.3000000e+01   1.7755244e+01   6.8539961e+01   1.9665493e+01   6.1460331e+01  -9.3644577e+00  -5.4637907e+01
  -2.3000000e+01   1.7404847e+01   6.7243411e+01   1.7119499e+01   5.4661077e+01  -1.0943353e+01  -4.7380015e+01
  -2.3000000e+01   1.7194221e+01   6.6618391e+01   1.4632415e+01   4.6908303e+01  -1.3328021e+01  -3.9157488e+01
  -2.3000000e+01   1.8546371e+01   6.4678233e+01   1.2009758e+01   3.8720125e+01  -1.7153465e+01  -2.9579637e+01
  -2.3000000e+01   1.8819347e+01   6.5423938e+01   1.1111490e+01   3.0761919e+01  -2.1832393e+01  -1.9535264e+01
  -2.3000000e+01   1.9144300e+01   6.9214174e+01   1.2372110e+01   2.2566112e+01  -2.6847680e+01  -1.1248633e+01
  -2.3000000e+01   2.0804939e+01   6.7588191e+01   1.5042774e+01   2.0912176e+01  -3.3967329e+01  -4.2415078e+00
  -2.3000000e+01   2.1744552e+01   6.7494249e+01   1.8389100e+01   2.0051731e+01  -3.9544092e+01  -9.7980164e-01
  -2.3000000e+01   1.9851028e+01   6.8543195e+01   1.9370046e+01   2.2683206e+01  -4.1827093e+01   2.1219750e+00
  -2.3000000e+01   2.1944490e+01   6.7043533e+01   2.3361781e+01   2.3401258e+01  -4.6616123e+01   3.0880935e+00
  -2.3000000e+01   2.1289032e+01   6.3843152e+01   2.5592908e+01   3.0306963e+01  -5.0676944e+01   5.3390941e+00
  -2.3000000e+01   2.2292978e+01   6.0907752e+01   2.0850887e+01   3.3017292e+01  -4.9351734e+01   1.0104384e+01
  -2.3000000e+01   2.3433386e+01   5.6381300e+01   1.9256192e+01   3.7393393e+01  -4.9561148e+01   1.5772290e+01
  -2.3000000e+01   2.4650966e+01   5.2380127e+01   1.8427618e+01   4.0678339e+01  -5.1474016e+01   1.9134705e+01
  -2.3000000e+01   2.1371101e+01   5.0240472e+01   1.7440402e+01   4.5277690e+01  -5.2498623e+01   2.1902500e+01
  -2.3000000e+01   1.9235805e+01   4.6365860e+01   1.7332308e+01   5.0096123e+01  -5.2754559e+01   2.5239698e+01
  -2.3000000e+01   1.8637478e+01   4.0548788e+01   1.6303107e+01   5.4781808e+01  -5.3787295e+01   2.7891299e+01
  -2.3000000e+01   1.7770729e+01   3.5127050e+01   1.6682236e+01   6.0412411e+01  -5.5658839e+01   3.2501425e+01
  -2.3000000e+01   1.9206377e+01   2.8981104e+01   1.4471967e+01   6.4289899e+01  -5.8889268e+01   3.7521767e+01
  -2.3000000e+01   1.7440891e+01   2.3035212e+01   1.2073529e+01   6.8105620e+01  -6.0887824e+01   4.1731465e+01
  -2.3000000e+01   1.6590522e+01   1.7963610e+01   9.4671205e+00   7.2363322e+01  -6.2957706e+01   4.7082688e+01
  -2.3000000e+01   1.0056894e+01   1.2599548e+01   7.6557714e+00   7.6697708e+01  -6.3562514e+01   5.1423974e+01
  -2.3000000e+01   6.0002259e+00   7.2718619e+00   5.6692281e+00   8.1686567e+01  -6.4289223e+01   5.5312570e+01
  -2.3000000e+01   1.5957492e+00   2.7797048e+00   3.5234991e+00   8.6940165e+01  -6.4740393e+01   5.8038263e+01
  -2.3000000e+01  -1.4209994e+00  -1.9493465e+00   1.6961864e+00   9.1730184e+01  -6.3823746e+01   5.8383873e+01
  -2.3000000e+01  -3.8685778e+00  -5.4634132e+00   4.5205067e-01   9.6611530e+01  -6.2522219e+01   5.7040085e+01
  -2.3000000e+01  -6.3368284e+00  -9.2608441e+00   3.2636252e-01   9.8647324e+01  -6.0105759e+01   5.4930068e+01
  -2.3000000e+01  -5.7828051e+00  -1.1476037e+01  -1.5152964e+00   1.0138440e+02  -5.7414608e+01   4.4658859e+01
  -2.3000000e+01  -5.8090666e+00  -9.4774218e+00  -3.5747642e-01   1.0773019e+02  -5.6044844e+01   3.5603912e+01
  -2.3000000e+01   1.3685700e+00  -5.1185634e+00  -1.6375466e+00   1.0655264e+02  -5.4769685e+01   2.6198222e+01
  -2.3000000e+01   3.5725539e+00   2.7064440e+00   2.6335410e-01   1.0180815e+02  -5.2711830e+01   1.6503505e+01
  -2.3000000e+01   3.7375766e+00   1.0702863e+01  -8.5419883e-01   9.7253290e+01  -5.0624386e+01   5.3848448e+00
  -2.3000000e+01   7.8936304e+00   2.1587208e+01  -1.9861461e-01   9.1114394e+01  -4.7432709e+01  -4.4151261e+00
  -2.3000000e+01   1.1383733e+01   3.1439524e+01   2.2534864e+00   8.4976742e+01  -4.3004848e+01  -1.3971609e+01
  -2.3000000e+01   1.4380577e+01   4.1165074e+01   4.0960386e+00   7.7960352e+01  -3.8450954e+01  -2.4324805e+01
  -2.3000000e+01   1.3797803e+01   5.0155552e+01   6.9332671e+00   7.0730906e+01  -3.2828876e+01  -3.3606425e+01
  -2.3000000e+01   1.3045125e+01   5.7834310e+01   9.4274753e+00   6.3359770e+01  -2.7437514e+01  -4.3457776e+01
  -2.3000000e+01   1.3578040e+01   6.4363229e+01   1.2649061e+01   5.5972990e+01  -2.1625898e+01  -5.2829596e+01
  -2.3000000e+01   1.5160532e+01   6.9488634e+01   1.6820890e+01   4.9105557e+01  -1.5298258e+01  -5.9772891e+01
  -2.3000000e+01   1.6403619e+01   6.9766163e+01   2.0295374e+01   4.1794857e+01  -1.0773307e+01  -5.9512061e+01
  -2.3000000e+01   1.6740314e+01   6.9299738e+01   1.8610981e+01   3.4836448e+01  -1.1690176e+01  -5.1899289e+01
  -2.3000000e+01   1.6546961e+01   6.8530834e+01   1.6564710e+01   2.9173209e+01  -1.4654447e+01  -4.1931690e+01
  -2.3000000e+01   1.7948913e+01   6.7382638e+01   1.4548346e+01   2.4957018e+01  -1.8784952e+01  -3.1199810e+01
  -2.3000000e+01   1.7574708e+01   6.5322847e+01   1.4998983e+01   2.4089989e+01  -2.4583739e+01  -2.0467408e+01
  -2.3000000e+01   1.7905834e+01   6.3461526e+01   1.7066710e+01   2.1519677e+01  -3.1039345e+01  -1.2889390e+01
  -2.3000000e+01   2.0515383e+01   6.2015224e+01   2.0337717e+01   2.0277449e+01  -3.7894632e+01  -9.9254499e+00
  -2.3000000e+01   1.6373514e+01   5.9175943e+01   2.5912668e+01   2.8922543e+01  -4.3202292e+01  -7.9268324e+00
  -2.3000000e+01   2.1310147e+01   5.6997340e+01   2.8287717e+01   2.6452168e+01  -5.0605316e+01  -3.8370356e+00
  -2.3000000e+01   1.9446608e+01   5.6122663e+01   3.2987620e+01   3.0850930e+01  -5.4926192e+01  -1.8799861e+00
  -2.3000000e+01   2.0910420e+01   5.5289134e+01   3.5732796e+01   3.1190370e+01  -5.9631538e+01   1.0318707e+00
  -2.3000000e+01   1.7703594e+01   5.4270273e+01   3.5274470e+01   3.6798203e+01  -5.8464342e+01   3.4104933e+00
  -2.3000000e+01   1.7419254e+01   5.2838179e+01   3.3009954e+01   3.9588931e+01  -5.6976342e+01   5.6363338e+00
  -2.3000000e+01   1.6322793e+01   5.5752597e+01   3.0737820e+01   3.8260248e+01  -5.5025270e+01   7.3101367e+00
  -2.3000000e+01   1.3245751e+01   6.4168040e+01   2.9759355e+01   3.0718187e+01  -5.3269036e+01   6.9860465e+00
  -2.3000000e+01   1.5078871e+01   5.4760193e+01   3.0647826e+01   3.8825472e+01  -5.5465851e+01   1.0500044e+01
  -2.3000000e+01   1.7223129e+01   5.4143973e+01   2.7554236e+01   3.9782619e+01  -5.4850827e+01   1.2969398e+01
  -2.3000000e+01   1.4160430e+01   5.1055932e+01   2.6170226e+01   4.4937630e+01  -5.3765531e+01   1.6363040e+01
  -2.3000000e+01   1.8290206e+01   4.5267279e+01   2.3955719e+01   4.8431693e+01  -5.4774561e+01   1.9881702e+01
  -2.3000000e+01   1.6738010e+01   4.3340629e+01   2.3041778e+01   5.2141206e+01  -5.4414606e+01   2.3309487e+01
  -2.3000000e+01   1.4039766e+01   4.2022857e+01   2.2503095e+01   5.5868980e+01  -5.3753780e+01   2.5407057e+01
  -2.3000000e+01   1.5722293e+01   3.8334514e+01   2.1960555e+01   5.8473314e+01  -5.4112597e+01   2.7556391e+01
  -2.3000000e+01   1.5551912e+01   3.4656276e+01   2.1236918e+01   6.1444528e+01  -5.4966774e+01   3.0675620e+01
  -2.3000000e+01   1.5486710e+01   3.1251046e+01   2.1323246e+01   6.3419501e+01  -5.6728377e+01   3.3440314e+01
  -2.3000000e+01   1.3223378e+01   2.6939567e+01   2.2005705e+01   6.7017189e+01  -5.7952909e+01   3.5122108e+01
  -2.3000000e+01   1.1729006e+01   2.4389110e+01   2.1062583e+01   6.9494882e+01  -6.0166836e+01   3.8569817e+01
  -2.3000000e+01   1.1260225e+01   1.9225210e+01   2.0195790e+01   7.2058778e+01  -6.2424104e+01   4.2487838e+01
  -2.3000000e+01   8.5571309e+00   1.5850141e+01   1.9602031e+01   7.4303413e+01  -6.4107272e+01   4.5121070e+01
  -2.3000000e+01   7.6568997e+00   1.1583815e+01   1.7457107e+01   7.6560713e+01  -6.5878770e+01   4.9793618e+01
  -2.3000000e+01   4.6996371e+00   8.7246123e+00   1.5065367e+01   7.9330065e+01  -6.7423011e+01   5.3427798e+01
  -2.3000000e+01  -2.4845827e+00   3.6495166e+00   1.3382116e+01   8.1876498e+01  -6.7786393e+01   5.7394191e+01
  -2.3000000e+01  -6.9598434e+00  -1.1151989e+00   1.1735798e+01   8.4307757e+01  -6.7420566e+01   6.1872063e+01
  -2.3000000e+01  -1.0220134e+01  -3.9642445e+00   9.3768566e+00   8.5417393e+01  -6.7102988e+01   6.4123445e+01
  -2.3000000e+01  -8.4406967e+00  -4.1134998e+00   7.7819417e+00   8.5493706e+01  -6.6249986e+01   6.4756927e+01
  -2.3000000e+01  -8.8639405e+00  -7.6570168e+00   5.6918454e+00   8.5907347e+01  -6.5168672e+01   6.4767162e+01
  -2.3000000e+01  -6.4794317e+00  -1.1196930e+01   2.9713614e+00   8.7052732e+01  -6.4507903e+01   6.3227630e+01
  -2.3000000e+01  -6.5304915e+00  -1.3309387e+01   6.1357037e-01   8.9250179e+01  -6.3251744e+01   6.0722388e+01
  -2.3000000e+01  -7.5659594e+00  -1.4971063e+01  -1.2451108e+00   9.3562134e+01  -6.1524804e+01   5.7235358e+01
  -2.3000000e+01  -8.1253783e+00  -1.7673644e+01  -3.0875120e+00   9.9510725e+01  -5.8533212e+01   5.2004542e+01
  -2.3000000e+01  -9.7301485e+00  -1.7909474e+01  -3.5251201e+00   1.0397602e+02  -5.4907868e+01   4.6613435e+01
  -2.3000000e+01  -9.9125804e+00  -1.7746011e+01  -3.8233491e+00   1.0841690e+02  -5.2340390e+01   4.1323919e+01
  -2.3000000e+01  -3.7336651e+00  -1.6517451e+01  -4.0865911e+00   1.0814959e+02  -5.2809938e+01   3.7956687e+01
  -2.3000000e+01  -2.9579528e-01  -1.2731327e+01  -3.5966891e+00   1.0702974e+02  -5.5288965e+01   3.4420639e+01
  -2.3000000e+01   1.1677688e+00  -5.9843379e+00  -1.9781727e+00   1.0419365e+02  -5.5204361e+01   3.0801067e+01
  -2.3000000e+01  -4.5206188e+00  -1.1271326e+01   3.4380910e-01   1.0977513e+02  -5.3164881e+01   1.8789257e+01
  -2.3000000e+01  -7.0752496e+00  -1.5613409e+01   1.3014139e+00   1.1642606e+02  -5.4173181e+01   8.9985625e+00
  -2.3000000e+01  -8.1966121e+00  -1.5679531e+01   2.2286289e+00   1.1868005e+02  -5.3236211e+01  -1.3896410e+00
  -2.3000000e+01  -7.2158945e-01  -7.1933918e+00   1.3736362e+00   1.1497077e+02  -5.3750726e+01  -9.2999141e+00
  -2.3000000e+01   5.6534495e+00   3.4901753e+00   2.1394344e-01   1.0849557e+02  -5.1458947e+01  -1.6882085e+01
  -2.3000000e+01   9.8751897e+00   1.5346078e+01   5.6777747e-01   1.0178399e+02  -4.7769637e+01  -2.1641494e+01
  -2.3000000e+01   1.4054709e+01   2.7544064e+01   3.0392806e+00   9.6210387e+01  -4.2170668e+01  -2.7665474e+01
  -2.3000000e+01   1.6906123e+01   3.9686025e+01   6.1002851e+00   9.0557915e+01  -3.5817525e+01  -3.5015288e+01
  -2.3000000e+01   1.5143626e+01   5.0403859e+01   1.0605825e+01   8.4393759e+01  -2.8230178e+01  -4.4410735e+01
  -2.3000000e+01   1.4577864e+01   5.7436654e+01   1.4762499e+01   7.8234372e+01  -2.1339844e+01  -5.3419557e+01
  -2.3000000e+01   1.5154825e+01   4.6571262e+01   2.3697468e+01   7.0078664e+01  -1.2170735e+01  -4.4664023e+01
  -2.3000000e+01   1.7121732e+01   5.7075688e+01   1.8798780e+01   6.3831419e+01  -1.4586470e+01  -4.2173426e+01
  -2.3000000e+01   1.6642904e+01   5.9180294e+01   1.7018735e+01   5.5643950e+01  -1.4946324e+01  -4.0401156e+01
  -2.3000000e+01   1.6431206e+01   5.9823073e+01   1.5276062e+01   4.7088788e+01  -1.6545748e+01  -3.4738369e+01
  -2.3000000e+01   1.5756317e+01   6.0897336e+01   1.3381558e+01   3.8249543e+01  -1.9199922e+01  -2.7606571e+01
  -2.3000000e+01   1.6252344e+01   6.2335623e+01   1.2939163e+01   2.9706743e+01  -2.2924537e+01  -2.0691528e+01
  -2.3000000e+01   1.6668088e+01   6.3236314e+01   1.3443204e+01   2.3554125e+01  -2.6681307e+01  -1.4602586e+01
  -2.3000000e+01   1.7102074e+01   6.2019456e+01   1.4717771e+01   2.3525258e+01  -3.0642028e+01  -1.0393272e+01
  -2.3000000e+01   1.9185541e+01   6.0901059e+01   1.6956320e+01   2.1864729e+01  -3.4805076e+01  -9.6882464e+00
  -2.3000000e+01   1.6032911e+01   5.8083669e+01   1.7687793e+01   3.0608879e+01  -3.5787120e+01  -5.7788007e+00
  -2.3000000e+01   1.5306166e+01   5.7025489e+01   2.0656752e+01   3.2863638e+01  -3.8844980e+01  -5.2670617e+00
  -2.3000000e+01   1.4877386e+01   5.5342122e+01   2.2060970e+01   3.6473572e+01  -4.0651623e+01  -2.2131959e+00
  -2.3000000e+01   1.6149892e+01   5.4463785e+01   2.2574766e+01   3.5374239e+01  -4.2617899e+01  -8.4188577e-01
  -2.3000000e+01   1.6794833e+01   5.2573163e+01   2.0858970e+01   3.6885809e+01  -4.2770670e+01   1.3453092e+00
  -2.3000000e+01   1.8362479e+01   5.0597799e+01   2.0167767e+01   3.7282319e+01  -4.3078144e+01   2.5813440e+00
  -2.3000000e+01   1.8532047e+01   4.8810839e+01   2.1939683e+01   3.9272800e+01  -4.5041434e+01   3.8586846e+00
  -2.3000000e+01   1.9454643e+01   4.7569162e+01   2.5093673e+01   4.0559567e+01  -4.8403105e+01   3.4143871e+00
  -2.3000000e+01   1.7898787e+01   4.6530599e+01   2.6440413e+01   4.3080016e+01  -5.0252987e+01   6.5345842e+00
  -2.3000000e+01   1.6320120e+01   4.6311624e+01   2.7799753e+01   4.4655624e+01  -5.1581445e+01   7.7479821e+00
  -2.3000000e+01   1.5100431e+01   4.5452717e+01   2.9148513e+01   4.6553783e+01  -5.2909722e+01   1.0186930e+01
  -2.3000000e+01   1.3643503e+01   4.3631386e+01   3.0283165e+01   4.9522788e+01  -5.4324520e+01   1.3195896e+01
  -2.3000000e+01   1.3515079e+01   4.2700707e+01   2.9343298e+01   4.9692100e+01  -5.4872914e+01   1.5166305e+01
  -2.3000000e+01   1.3924453e+01   4.1114322e+01   2.9097829e+01   5.1186965e+01  -5.5412544e+01   1.7111048e+01
  -2.3000000e+01   1.6024203e+01   3.8741666e+01   2.8341225e+01   5.1093472e+01  -5.7082665e+01   1.9222031e+01
  -2.3000000e+01   1.4193265e+01   3.7858057e+01   2.8836706e+01   5.3162331e+01  -5.8098066e+01   2.1014646e+01
  -2.3000000e+01   1.4420932e+01   3.5006479e+01   2.8996700e+01   5.4602994e+01  -5.9495358e+01   2.2081563e+01
  -2.3000000e+01   1.3647411e+01   3.3558240e+01   2.8519923e+01   5.5306523e+01  -6.1010607e+01   2.3971822e+01
  -2.3000000e+01   1.2443918e+01   3.0507359e+01   2.7845816e+01   5.8082788e+01  -6.3085153e+01   2.8322725e+01
  -2.3000000e+01   1.2953383e+01   2.5839697e+01   2.6905656e+01   5.9776955e+01  -6.4920833e+01   3.1224305e+01
  -2.3000000e+01   1.2412777e+01   2.2618390e+01   2.3427438e+01   6.1295129e+01  -6.6208825e+01   3.4883816e+01
  -2.3000000e+01   1.1263170e+01   1.9075071e+01   1.9959061e+01   6.3340944e+01  -6.7059831e+01   3.9906601e+01
  -2.3000000e+01   1.0147086e+01   1.5543271e+01   1.6448040e+01   6.5519751e+01  -6.7983479e+01   4.5230782e+01
  -2.3000000e+01   6.0459589e+00   1.2694010e+01   1.3225112e+01   6.8496371e+01  -6.8436397e+01   4.9178422e+01
  -2.3000000e+01   3.1613972e+00   7.5448747e+00   1.0379946e+01   7.0913263e+01  -6.8550458e+01   5.2212470e+01
  -2.3000000e+01  -1.8902148e+00   6.1471067e-01   7.4633678e+00   7.3137147e+01  -6.8742539e+01   5.3699533e+01
  -2.3000000e+01  -5.5565639e+00  -2.5728624e+00   4.9168198e+00   7.8244534e+01  -6.8797851e+01   5.1936373e+01
  -2.3000000e+01  -7.4231152e+00  -4.6034944e+00   5.1981168e+00   8.2593730e+01  -6.7911420e+01   4.9074479e+01
  -2.3000000e+01  -7.9915894e+00  -4.9521719e+00   3.7223581e+00   8.8174717e+01  -6.5799485e+01   3.6996600e+01
  -2.3000000e+01  -7.3239975e+00  -5.1636882e-01   7.0451004e+00   9.3853797e+01  -6.5187792e+01   2.4603053e+01
  -2.3000000e+01  -3.4649470e+00   5.2787783e+00   5.3077636e+00   9.1123702e+01  -6.2903851e+01   1.2333392e+01
  -2.3000000e+01   5.1947071e-01   1.2417405e+01   5.1547129e+00   8.6220711e+01  -5.9260022e+01   6.8872547e-01
  -2.3000000e+01   9.5243868e+00   2.2646390e+01   3.2533810e+00   8.0886042e+01  -5.6420014e+01  -9.7651832e+00
  -2.3000000e+01   1.7356688e+01   3.3562168e+01   4.5060898e+00   7.5079208e+01  -5.2373960e+01  -1.9693152e+01
  -2.3000000e+01   2.0151701e+01   4.4097397e+01   6.4331652e+00   6.8058962e+01  -4.7380137e+01  -2.9149376e+01
  -2.3000000e+01   1.9184691e+01   5.4485894e+01   1.0347136e+01   6.0683217e+01  -4.0935053e+01  -3.7921959e+01
  -2.3000000e+01   1.1986549e+01   6.2560368e+01   1.4437463e+01   5.2884117e+01  -3.4114904e+01  -4.7458947e+01
  -2.3000000e+01   1.4483649e+01   6.7780956e+01   1.7081235e+01   4.5364584e+01  -2.8401338e+01  -5.5845561e+01
  -2.3000000e+01   1.4799278e+01   7.1283024e+01   2.1100525e+01   3.8109401e+01  -2.1388402e+01  -5.8996673e+01
  -2.3000000e+01   1.5485196e+01   7.2463720e+01   2.4117305e+01   3.0543853e+01  -1.7019529e+01  -5.1720486e+01
  -2.3000000e+01   1.5662394e+01   7.1019072e+01   2.1949440e+01   2.4188473e+01  -1.9828521e+01  -4.2021124e+01
  -2.3000000e+01   1.6062844e+01   7.1198086e+01   1.9083190e+01   1.8454851e+01  -2.2187515e+01  -3.2138578e+01
  -2.3000000e+01   1.7431893e+01   7.1333478e+01   1.7504988e+01   1.3933193e+01  -2.5374063e+01  -2.2672375e+01
  -2.3000000e+01   1.7320244e+01   6.8768695e+01   1.6278049e+01   1.4997889e+01  -2.9118575e+01  -1.3428756e+01
  -2.3000000e+01   1.5965385e+01   6.5980097e+01   1.8429151e+01   1.8395875e+01  -3.4410756e+01  -7.9673412e+00
  -2.3000000e+01   1.4869958e+01   6.0441971e+01   1.9948370e+01   2.7798672e+01  -3.9394412e+01  -1.7019637e+00
  -2.3000000e+01   1.3648789e+01   5.7993366e+01   2.2802031e+01   3.2757247e+01  -4.3518036e+01   1.8706965e+00
  -2.3000000e+01   1.5326978e+01   5.4727885e+01   2.0690709e+01   3.4489273e+01  -4.3852446e+01   5.8052903e+00
  -2.3000000e+01   1.5435351e+01   5.3821034e+01   2.0144499e+01   3.4315830e+01  -4.4932191e+01   7.7593113e+00
  -2.3000000e+01   1.7707067e+01   5.0000396e+01   1.9589549e+01   3.7096634e+01  -4.6492394e+01   1.0374287e+01
  -2.3000000e+01   1.6596724e+01   4.8853860e+01   2.2834160e+01   4.0994224e+01  -4.8605587e+01   1.1372812e+01
  -2.3000000e+01   1.7195438e+01   4.9127068e+01   2.2868209e+01   4.1768449e+01  -4.9424227e+01   1.2399226e+01
  -2.3000000e+01   1.5478311e+01   5.5357997e+01   2.1385762e+01   3.5736423e+01  -4.7962004e+01   1.2278320e+01
  -2.3000000e+01   1.7431960e+01   5.4236991e+01   1.9833064e+01   3.4410300e+01  -4.7980112e+01   1.4168250e+01
  -2.3000000e+01   1.6896277e+01   5.0038131e+01   2.2901118e+01   3.9781217e+01  -5.1814946e+01   1.7947480e+01
  -2.3000000e+01   1.5530004e+01   4.8053891e+01   2.2115461e+01   4.4138482e+01  -5.2523198e+01   2.0795258e+01
  -2.3000000e+01   1.6601339e+01   4.5726252e+01   1.9361220e+01   4.6597733e+01  -5.3047530e+01   2.3528302e+01
  -2.3000000e+01   1.8053839e+01   4.0104081e+01   1.7522582e+01   5.0234466e+01  -5.3825812e+01   2.6627791e+01
  -2.3000000e+01   1.8611273e+01   3.6874504e+01   1.6114140e+01   5.2896316e+01  -5.4223462e+01   2.8037871e+01
  -2.3000000e+01   1.8848564e+01   3.4201325e+01   1.4637379e+01   5.4831015e+01  -5.4803238e+01   3.0070882e+01
  -2.3000000e+01   1.7122241e+01   3.0648305e+01   1.4878204e+01   5.7798371e+01  -5.4968814e+01   3.1804422e+01
  -2.3000000e+01   1.3794968e+01   2.6782770e+01   1.4109024e+01   6.1454854e+01  -5.6189010e+01   3.5509359e+01
  -2.3000000e+01   1.5724440e+01   2.2919306e+01   1.3524911e+01   6.3751518e+01  -5.8588290e+01   3.8974996e+01
  -2.3000000e+01   1.3853594e+01   1.8687655e+01   1.2434529e+01   6.6809651e+01  -6.0682157e+01   4.2603345e+01
  -2.3000000e+01   1.4322913e+01   1.4110568e+01   9.0029300e+00   6.9306443e+01  -6.3056703e+01   4.7860998e+01
  -2.3000000e+01   1.1253240e+01   8.5290336e+00   7.2737766e+00   7.2209611e+01  -6.3962327e+01   5.2296422e+01
  -2.3000000e+01   5.3397536e+00   4.3252296e+00   5.3493970e+00   7.5927187e+01  -6.4549529e+01   5.5407806e+01
  -2.3000000e+01   9.3263287e-01  -1.2886828e+00   3.2533355e+00   7.8131789e+01  -6.4767450e+01   5.8468656e+01
  -2.3000000e+01  -5.3504270e+00  -4.2947879e+00   1.1818223e+00   8.0540727e+01  -6.4802001e+01   6.1270596e+01
  -2.3000000e+01  -9.3861830e+00  -7.3069469e+00   2.0380845e-01   8.3634306e+01  -6.3742662e+01   6.2056180e+01
  -2.3000000e+01  -1.0975761e+01  -9.5086255e+00  -8.5229342e-01   8.7170090e+01  -6.2373035e+01   6.0005327e+01
  -2.3000000e+01  -1.2300995e+01  -1.0791035e+01  -7.5168542e-01   9.4335949e+01  -6.0580034e+01   5.6509410e+01
  -2.3000000e+01  -1.3354838e+01  -1.1545146e+01  -1.0357968e-01   1.0146836e+02  -5.8156151e+01   4.8540443e+01
  -2.3000000e+01  -4.9962063e+00  -4.3732720e+00  -1.0980003e+00   1.1254191e+02  -5.5927267e+01   5.8974000e+01
  -2.3000000e+01  -4.6975375e+00  -4.0439296e+00  -1.6668698e+00   1.1099583e+02  -5.3027696e+01   4.6456274e+01
  -2.3000000e+01  -4.5264487e+00  -2.6578935e+00  -4.5522685e+00   1.0666176e+02  -4.9916596e+01   3.3927318e+01
  -2.3000000e+01   2.4358790e-01   2.0484318e+00  -5.2901605e+00   1.0262355e+02  -4.6684986e+01   2.1701026e+01
  -2.3000000e+01   4.1719262e+00   1.1746697e+01  -4.6748717e+00   9.7960305e+01  -4.3683576e+01   9.8880450e+00
  -2.3000000e+01   7.5198474e+00   2.2117421e+01  -3.0349566e+00   9.2695634e+01  -3.9700458e+01  -1.4787538e+00
  -2.3000000e+01   1.4719617e+01   3.3871758e+01  -3.4340645e-01   8.8019784e+01  -3.5758970e+01  -1.1738430e+01
  -2.3000000e+01   1.8380421e+01   4.3633775e+01   1.4787000e+00   8.1869290e+01  -3.1234169e+01  -2.2483168e+01
  -2.3000000e+01   1.3515835e+01   5.3475967e+01   4.4044939e+00   7.5178339e+01  -2.5771262e+01  -3.3109993e+01
  -2.3000000e+01   1.1727248e+01   6.0778090e+01   7.4920573e+00   6.8281314e+01  -2.0608458e+01  -4.3613762e+01
  -2.3000000e+01   1.3261771e+01   6.6509678e+01   1.0270090e+01   6.1413612e+01  -1.5814739e+01  -5.3907956e+01
  -2.3000000e+01   1.4398213e+01   7.0066978e+01   1.4645358e+01   5.5009684e+01  -9.9831173e+00  -6.2982004e+01
  -2.3000000e+01   1.4255449e+01   7.0306604e+01   1.8959309e+01   4.8838156e+01  -4.6839585e+00  -6.5994004e+01
  -2.3000000e+01   1.4569578e+01   7.0668340e+01   1.8335314e+01   4.3158022e+01  -4.9609932e+00  -6.3658828e+01
  -2.3000000e+01   1.5689486e+01   6.8236694e+01   1.6318943e+01   3.7503843e+01  -7.6668490e+00  -5.6179861e+01
  -2.3000000e+01   1.7192625e+01   6.6010438e+01   1.4459673e+01   3.0833418e+01  -1.1377487e+01  -4.7925795e+01
  -2.3000000e+01   1.5632542e+01   6.6481229e+01   1.3049216e+01   2.5309173e+01  -1.4399121e+01  -3.7750991e+01
  -2.3000000e+01   1.6287595e+01   6.5746207e+01   1.2270654e+01   2.0615262e+01  -1.8711909e+01  -2.7531178e+01
  -2.3000000e+01   1.7507156e+01   6.5868066e+01   1.2167220e+01   1.6767356e+01  -2.3810792e+01  -1.7699541e+01
  -2.3000000e+01   1.6821105e+01   6.4750134e+01   1.4123698e+01   1.6735041e+01  -2.9573395e+01  -9.8523443e+00
  -2.3000000e+01   1.8497246e+01   6.3241592e+01   1.6496558e+01   1.6883067e+01  -3.5082538e+01  -4.7251972e+00
  -2.3000000e+01   1.8087684e+01   6.2096199e+01   1.9731605e+01   1.9252212e+01  -4.0091871e+01  -1.3680931e+00
  -2.3000000e+01   1.5251928e+01   6.1094630e+01   2.5594459e+01   2.6768082e+01  -4.6125677e+01   1.4910184e+00
  -2.3000000e+01   2.0353657e+01   6.1759917e+01   2.6568487e+01   2.0577058e+01  -5.0399641e+01   3.4904555e+00
  -2.3000000e+01   1.6330707e+01   5.8391618e+01   2.6979799e+01   3.0821807e+01  -5.0363157e+01   5.6966104e+00
  -2.3000000e+01   1.4400094e+01   5.7373957e+01   2.6131971e+01   3.7078055e+01  -4.8659853e+01   6.1462203e+00
  -2.3000000e+01   1.8398855e+01   5.9540860e+01   2.2426328e+01   3.1642018e+01  -4.6222292e+01   5.4599791e+00
  -2.3000000e+01   1.9301574e+01   5.7803273e+01   2.5894834e+01   3.3761074e+01  -4.9765156e+01   6.7645620e+00
  -2.3000000e+01   2.0002477e+01   5.4164843e+01   2.8135962e+01   3.7896204e+01  -5.4281771e+01   1.0294632e+01
  -2.3000000e+01   2.2518543e+01   4.9539003e+01   2.8374690e+01   4.1534854e+01  -5.6926385e+01   1.2825301e+01
  -2.3000000e+01   2.4262633e+01   4.8384698e+01   2.4569600e+01   4.1528707e+01  -5.6403358e+01   1.6027331e+01
  -2.3000000e+01   1.7280192e+01   4.7958145e+01   2.4534639e+01   4.6207673e+01  -5.4922113e+01   1.9034189e+01
  -2.3000000e+01   1.6687349e+01   4.4577286e+01   2.3889488e+01   5.0699747e+01  -5.4323426e+01   2.1357287e+01
  -2.3000000e+01   1.6262359e+01   4.2577372e+01   2.4320752e+01   5.4796824e+01  -5.5197262e+01   2.3820702e+01
  -2.3000000e+01   1.6784893e+01   3.8614268e+01   2.4640367e+01   5.7394144e+01  -5.6232283e+01   2.5306418e+01
  -2.3000000e+01   1.7318078e+01   3.5554409e+01   2.3686800e+01   5.9626652e+01  -5.8231659e+01   2.7914812e+01
  -2.3000000e+01   1.5747122e+01   3.2283177e+01   2.3236991e+01   6.1802432e+01  -5.9875981e+01   3.1713378e+01
  -2.3000000e+01   1.6096026e+01   2.8782545e+01   2.0576713e+01   6.4010859e+01  -6.1891869e+01   3.4263883e+01
