  -1.7500870e+01   1.1369397e+01   6.3936910e+01   2.3970400e+01   2.9157155e+01  -4.1946133e+01   1.9978389e+00
  -1.9627505e+01   1.3332808e+01   6.4691324e+01   1.1421873e+01   2.7850006e+01  -2.9032795e+01   2.0188051e+00
  -2.2403945e+01   1.3055435e+01   6.5937593e+01  -8.5900304e-01   2.6777396e+01  -1.6511122e+01   1.9845337e+00
  -2.3000000e+01   1.1000000e+01   6.4429101e+01   2.8591376e+00   3.4441491e+01  -2.0096536e+01   5.8836617e+00
  -2.3000000e+01   1.1000000e+01   6.0641026e+01   5.2918267e+00   4.0334790e+01  -2.4067040e+01   9.0601160e+00
  -2.3000000e+01   1.1000000e+01   5.5797974e+01   6.2502607e+00   4.6684031e+01  -2.6402453e+01   1.2821921e+01
  -2.3000000e+01   1.1000000e+01   5.2832717e+01   6.2069550e+00   5.0899330e+01  -2.8867666e+01   1.8017201e+01
  -2.3000000e+01   1.1000000e+01   4.7969335e+01   6.9413171e+00   5.5458576e+01  -3.1392006e+01   2.1791507e+01
  -2.3000000e+01   1.1000000e+01   4.1785619e+01   7.4694259e+00   6.0214265e+01  -3.3751935e+01   2.4426399e+01
  -2.3000000e+01   1.1000000e+01   3.6412946e+01   8.5960739e+00   6.4724111e+01  -3.5911661e+01   2.7326538e+01
  -2.3000000e+01   1.1000000e+01   3.3095829e+01   9.1974054e+00   6.6828512e+01  -3.8974705e+01   2.9856137e+01
  -2.3000000e+01   1.1000000e+01   2.9231143e+01   9.1967612e+00   6.9875090e+01  -4.2652572e+01   3.4456303e+01
  -2.3000000e+01   1.1000000e+01   2.3140624e+01   9.1455971e+00   7.2244834e+01  -4.6821410e+01   3.8452157e+01
  -2.3000000e+01   1.1000000e+01   1.6288264e+01   6.4707309e+00   7.4531614e+01  -5.1381278e+01   4.3642507e+01
  -2.3000000e+01   1.1000000e+01   1.2900262e+01   3.5658252e+00   7.5326060e+01  -5.4372691e+01   4.8826442e+01
  -2.3000000e+01   1.1000000e+01   8.2246732e+00   5.2286816e-01   7.7546794e+01  -5.6862078e+01   5.2629036e+01
  -2.3000000e+01   1.1000000e+01   1.2122806e+01  -1.3364763e+00   7.4728468e+01  -5.6955897e+01   5.5322387e+01
  -2.3000000e+01   1.1000000e+01   1.5546359e+01  -3.4325143e+00   7.1993030e+01  -5.7421724e+01   5.6692215e+01
  -2.3000000e+01   1.1000000e+01   1.5383070e+01  -6.5798607e+00   6.9200736e+01  -5.8808685e+01   5.5986911e+01
  -2.3000000e+01   1.1000000e+01   1.3136140e+01  -1.0663332e+01   6.3753168e+01  -6.1071089e+01   4.6893673e+01
  -2.3000000e+01   1.1000000e+01   9.9884569e+00  -1.4166714e+01   6.2769600e+01  -6.3288051e+01   3.6835612e+01
  -2.3000000e+01   1.1000000e+01   1.2284720e+01  -1.3666489e+01   6.3440469e+01  -6.2462262e+01   2.6350541e+01
  -2.3000000e+01   1.1000000e+01   2.0440500e+01  -1.1114609e+01   5.8207966e+01  -6.0214189e+01   1.4869156e+01
  -2.3000000e+01   1.1000000e+01   3.0100071e+01  -7.3369866e+00   5.3262186e+01  -5.6970386e+01   3.5536465e+00
  -2.3000000e+01   1.1000000e+01   3.8201454e+01  -3.0725198e+00   5.0045548e+01  -5.3117769e+01  -5.8625596e+00
  -2.3000000e+01   1.1000000e+01   4.7007796e+01   7.4048448e-01   4.5932552e+01  -4.9077422e+01  -1.3166387e+01
  -2.3000000e+01   1.1000000e+01   5.5962714e+01   5.3524090e+00   3.9578750e+01  -4.4306325e+01  -2.2373522e+01
  -2.3000000e+01   1.1000000e+01   6.4497817e+01   9.1606930e+00   3.1755571e+01  -3.9388104e+01  -3.1024014e+01
  -2.3000000e+01   1.1000000e+01   7.1134174e+01   1.3112326e+01   2.3308553e+01  -3.4287625e+01  -3.9748817e+01
  -2.3000000e+01   1.1000000e+01   7.6719658e+01   1.6232413e+01   1.5279770e+01  -2.8559984e+01  -4.6403193e+01
  -2.3000000e+01   1.1000000e+01   8.0511469e+01   1.9628982e+01   7.8292899e+00  -2.2656145e+01  -5.0494270e+01
  -2.3000000e+01   1.1000000e+01   8.4340163e+01   2.4971529e+01   2.5369733e+00  -1.6423424e+01  -5.0131310e+01
  -2.3000000e+01   1.1000000e+01   8.4955158e+01   2.4926401e+01   1.6929693e+00  -1.6630115e+01  -4.5077800e+01
  -2.3000000e+01   1.1000000e+01   8.3434053e+01   2.4247506e+01   2.8346395e+00  -1.8670896e+01  -3.8641148e+01
  -2.3000000e+01   1.1000000e+01   8.2159275e+01   2.3399978e+01   5.9721263e+00  -2.1229617e+01  -3.1117436e+01
  -2.3000000e+01   1.1000000e+01   7.9311846e+01   2.2112167e+01   9.4608508e+00  -2.4404812e+01  -2.3347419e+01
  -2.3000000e+01   1.1000000e+01   7.6328982e+01   2.1236656e+01   1.3123908e+01  -2.7588279e+01  -1.6989690e+01
  -2.3000000e+01   1.1000000e+01   7.3862565e+01   2.1606682e+01   1.6543708e+01  -3.0650875e+01  -1.2873472e+01
  -2.3000000e+01   1.1000000e+01   7.2265729e+01   2.2530353e+01   1.9622256e+01  -3.3119670e+01  -1.0372386e+01
  -2.3000000e+01   1.1000000e+01   7.1937556e+01   2.3203304e+01   2.0985295e+01  -3.5068783e+01  -9.0096629e+00
  -2.3000000e+01   1.1000000e+01   7.1364267e+01   2.3970289e+01   2.4209637e+01  -3.6879548e+01  -7.1336262e+00
  -2.3000000e+01   1.1000000e+01   6.9015027e+01   2.5049556e+01   2.8652515e+01  -3.8506550e+01  -5.4776394e+00
  -2.3000000e+01   1.1000000e+01   6.9025806e+01   2.5664517e+01   3.1172530e+01  -3.9013070e+01  -5.6691543e+00
  -2.3000000e+01   1.1000000e+01   6.9826671e+01   2.5100177e+01   3.2339356e+01  -3.8626326e+01  -5.0519792e+00
  -2.3000000e+01   1.1000000e+01   7.0572464e+01   2.4941582e+01   3.2977030e+01  -3.8186419e+01  -3.8781574e+00
  -2.3000000e+01   1.1000000e+01   6.8749119e+01   2.4709755e+01   3.6134255e+01  -3.8630020e+01  -1.2664999e+00
  -2.3000000e+01   1.1000000e+01   6.7287289e+01   2.6154849e+01   3.8368441e+01  -4.0927118e+01   1.2720672e+00
  -2.3000000e+01   1.1000000e+01   6.3379621e+01   2.7038202e+01   4.2708177e+01  -4.3937884e+01   6.3795754e+00
  -2.3000000e+01   1.1000000e+01   6.0073440e+01   2.6840659e+01   4.7655791e+01  -4.6500938e+01   9.7414613e+00
  -2.3000000e+01   1.1000000e+01   5.5877635e+01   2.7967410e+01   5.2313889e+01  -4.8656081e+01   1.3390267e+01
  -2.3000000e+01   1.1000000e+01   5.3646326e+01   2.8971684e+01   5.6235047e+01  -5.0791885e+01   1.5921664e+01
  -2.3000000e+01   1.1000000e+01   5.0381880e+01   2.9727449e+01   5.9542577e+01  -5.3277029e+01   1.9318685e+01
  -2.3000000e+01   1.1000000e+01   4.6102810e+01   3.0666994e+01   6.2340544e+01  -5.5834272e+01   2.2756451e+01
  -2.3000000e+01   1.1000000e+01   4.0717009e+01   3.2414378e+01   6.6082390e+01  -5.8300989e+01   2.5650204e+01
  -2.3000000e+01   1.1000000e+01   3.2857481e+01   3.2608468e+01   7.0338952e+01  -6.2400914e+01   2.9236011e+01
  -2.3000000e+01   1.1000000e+01   2.4985257e+01   3.1208720e+01   7.3966809e+01  -6.7300848e+01   3.4084376e+01
  -2.3000000e+01   1.1000000e+01   1.7039759e+01   2.8564470e+01   7.7345740e+01  -7.2204954e+01   3.9384876e+01
  -2.3000000e+01   1.1000000e+01   1.0497551e+01   2.5953017e+01   7.8462344e+01  -7.5549325e+01   4.4601522e+01
  -2.3000000e+01   1.1000000e+01   9.2807853e+00   2.1004745e+01   7.8306957e+01  -7.7130535e+01   4.9648709e+01
  -2.3000000e+01   1.1000000e+01   7.1124693e+00   1.6296131e+01   7.8664846e+01  -7.7247319e+01   5.4035948e+01
  -2.3000000e+01   1.1000000e+01   6.7016347e+00   1.3119690e+01   7.7132767e+01  -7.5945204e+01   5.8121182e+01
  -2.3000000e+01   1.1000000e+01   1.4014136e+01   1.0486381e+01   7.4441134e+01  -7.4383048e+01   6.0154968e+01
  -2.3000000e+01   1.1000000e+01   1.3388524e+01   7.1704260e+00   7.1666235e+01  -7.3564762e+01   6.1579780e+01
  -2.3000000e+01   1.1000000e+01   1.3174167e+01   3.9315716e+00   6.8638856e+01  -7.2980598e+01   6.1971021e+01
  -2.3000000e+01   1.1000000e+01   1.0761284e+01  -1.8495241e-01   6.4768886e+01  -7.2819699e+01   6.0076130e+01
  -2.3000000e+01   1.1000000e+01   9.1088237e+00  -4.8051740e+00   5.9485927e+01  -7.3132180e+01   5.1867360e+01
  -2.3000000e+01   1.1000000e+01   8.6503712e+00  -8.8137643e+00   5.3273072e+01  -7.3125337e+01   4.2201801e+01
  -2.3000000e+01   1.1000000e+01   1.1198386e+01  -1.0209147e+01   4.9987427e+01  -7.2784353e+01   3.4262441e+01
  -2.3000000e+01   1.1000000e+01   1.3008016e+01  -9.8754770e+00   5.0401323e+01  -7.1926878e+01   2.9449373e+01
  -2.3000000e+01   1.1000000e+01   1.5650557e+01  -1.1437762e+01   5.0832466e+01  -7.2855106e+01   1.9687546e+01
  -2.3000000e+01   1.1000000e+01   1.6992622e+01  -1.1285564e+01   4.7390717e+01  -7.3093140e+01   9.2105827e+00
  -2.3000000e+01   1.1000000e+01   1.7161515e+01  -1.0684199e+01   4.4373470e+01  -7.3660387e+01  -1.3832969e+00
  -2.3000000e+01   1.1000000e+01   2.0320415e+01  -7.7097716e+00   4.2108634e+01  -7.2128071e+01  -1.2167404e+01
  -2.3000000e+01   1.1000000e+01   2.3345340e+01  -3.7333961e+00   4.1098980e+01  -6.8941895e+01  -2.2947518e+01
  -2.3000000e+01   1.1000000e+01   3.2096353e+01   5.6722437e-01   4.1359648e+01  -6.3242781e+01  -3.2588221e+01
  -2.3000000e+01   1.1000000e+01   4.0297476e+01   4.2921025e+00   3.6953682e+01  -5.7550427e+01  -4.1286847e+01
  -2.3000000e+01   1.1000000e+01   5.0169665e+01   8.2212095e+00   3.4148872e+01  -5.1704409e+01  -4.6887828e+01
  -2.3000000e+01   1.1000000e+01   5.8969342e+01   1.3369484e+01   3.1218178e+01  -4.4955863e+01  -5.0372575e+01
  -2.3000000e+01   1.1000000e+01   6.8077218e+01   1.9498000e+01   2.6808080e+01  -3.7548054e+01  -5.2141225e+01
  -2.3000000e+01   1.1000000e+01   7.5218166e+01   2.6293026e+01   2.2827611e+01  -3.0445523e+01  -5.2141218e+01
  -2.3000000e+01   1.1000000e+01   7.9390187e+01   3.1563173e+01   2.3066720e+01  -2.6054439e+01  -4.5342530e+01
  -2.3000000e+01   1.1000000e+01   7.9338801e+01   3.0451793e+01   2.2501581e+01  -2.7778553e+01  -3.8304951e+01
  -2.3000000e+01   1.1000000e+01   7.9226372e+01   2.9113404e+01   2.1887105e+01  -2.9715362e+01  -3.1420980e+01
  -2.3000000e+01   1.1000000e+01   7.8747600e+01   2.8003414e+01   2.0453287e+01  -3.1518912e+01  -2.5534445e+01
  -2.3000000e+01   1.1000000e+01   7.8042892e+01   2.7286342e+01   2.0031086e+01  -3.3507334e+01  -2.0387785e+01
  -2.3000000e+01   1.1000000e+01   7.5697372e+01   2.6585978e+01   2.1617427e+01  -3.6025269e+01  -1.4624472e+01
  -2.3000000e+01   1.1000000e+01   7.3679603e+01   2.6424226e+01   2.3797513e+01  -3.8262434e+01  -9.8459926e+00
  -2.3000000e+01   1.1000000e+01   7.3503603e+01   2.6731766e+01   2.5650062e+01  -3.9934595e+01  -6.9331585e+00
  -2.3000000e+01   1.1000000e+01   6.9939885e+01   2.7041485e+01   3.0170221e+01  -4.2283027e+01  -3.3218137e+00
  -2.3000000e+01   1.1000000e+01   6.7854654e+01   2.7486926e+01   3.4073191e+01  -4.3867341e+01  -1.0497883e+00
  -2.3000000e+01   1.1000000e+01   6.7730243e+01   2.7200696e+01   3.6562782e+01  -4.5183954e+01   9.5564914e-01
  -2.3000000e+01   1.1000000e+01   6.5621084e+01   2.7938128e+01   4.0010759e+01  -4.5840188e+01   2.7756312e+00
  -2.3000000e+01   1.1000000e+01   6.3423466e+01   2.8286499e+01   4.4399639e+01  -4.7517024e+01   5.0880573e+00
  -2.3000000e+01   1.1000000e+01   6.1323204e+01   2.7784873e+01   4.8052849e+01  -4.9298427e+01   9.1775510e+00
  -2.3000000e+01   1.1000000e+01   5.7416459e+01   2.8519410e+01   5.2849140e+01  -5.0844946e+01   1.4906418e+01
  -2.3000000e+01   1.1000000e+01   5.2822854e+01   2.9233236e+01   5.7466913e+01  -5.3096593e+01   1.8960754e+01
  -2.3000000e+01   1.1000000e+01   4.9698630e+01   2.8996013e+01   6.0560229e+01  -5.6147931e+01   2.1854558e+01
  -2.3000000e+01   1.1000000e+01   4.4668005e+01   2.9784484e+01   6.3339302e+01  -5.8465315e+01   2.5210951e+01
  -2.3000000e+01   1.1000000e+01   3.7366579e+01   2.9954268e+01   6.7221102e+01  -6.1316365e+01   2.8329708e+01
  -2.3000000e+01   1.1000000e+01   3.0797691e+01   3.0955921e+01   7.1736386e+01  -6.4982798e+01   3.2972239e+01
  -2.3000000e+01   1.1000000e+01   2.2803278e+01   2.9950795e+01   7.6368974e+01  -6.9985068e+01   3.8189682e+01
  -2.3000000e+01   1.1000000e+01   1.6786582e+01   2.7378084e+01   7.9028980e+01  -7.4186695e+01   4.2239057e+01
  -2.3000000e+01   1.1000000e+01   1.1643698e+01   2.4313618e+01   8.2222053e+01  -7.7598795e+01   4.7205612e+01
  -2.3000000e+01   1.1000000e+01   1.2208101e+01   2.0833565e+01   8.0851070e+01  -7.6757129e+01   5.0817566e+01
  -2.3000000e+01   1.1000000e+01   1.1200683e+01   1.6936441e+01   8.0446943e+01  -7.6122435e+01   5.4227333e+01
  -2.3000000e+01   1.1000000e+01   1.0774293e+01   1.2684070e+01   8.0114324e+01  -7.5434556e+01   5.7031566e+01
  -2.3000000e+01   1.1000000e+01   1.0429815e+01   8.7603140e+00   7.9179348e+01  -7.3991761e+01   5.7718307e+01
  -2.3000000e+01   1.1000000e+01   1.1639836e+01   5.2162008e+00   7.7755323e+01  -7.2473273e+01   5.7121974e+01
  -2.3000000e+01   1.1000000e+01   1.0806868e+01   1.9167606e+00   7.3442623e+01  -7.0873459e+01   5.5666502e+01
  -2.3000000e+01   1.1000000e+01   8.0147124e+00  -3.2311160e+00   6.9175327e+01  -7.0627660e+01   4.6538228e+01
  -2.3000000e+01   1.1000000e+01   1.1356970e+01  -6.4721844e+00   6.7539595e+01  -7.1279796e+01   3.7720354e+01
  -2.3000000e+01   1.1000000e+01   1.1035003e+01  -7.7347982e+00   6.6463519e+01  -7.0692650e+01   2.7831327e+01
  -2.3000000e+01   1.1000000e+01   1.7957827e+01  -4.9738477e+00   6.1150750e+01  -6.9093197e+01   1.7075186e+01
  -2.3000000e+01   1.1000000e+01   2.3421434e+01  -4.5842646e+00   5.8686175e+01  -6.7774925e+01   5.7085219e+00
  -2.3000000e+01   1.1000000e+01   3.2709445e+01  -7.9306490e-02   5.7651804e+01  -6.2378663e+01  -4.8023476e+00
  -2.3000000e+01   1.1000000e+01   4.0935354e+01   4.1576520e+00   5.2277504e+01  -5.7267320e+01  -1.3360081e+01
  -2.3000000e+01   1.1000000e+01   4.9636945e+01   7.9146766e+00   4.6519328e+01  -5.1970198e+01  -2.2253071e+01
  -2.3000000e+01   1.1000000e+01   5.7987392e+01   1.2005687e+01   3.9768023e+01  -4.5512818e+01  -2.9838807e+01
  -2.3000000e+01   1.1000000e+01   6.5144380e+01   1.5026937e+01   3.2126532e+01  -3.9467790e+01  -3.8581161e+01
  -2.3000000e+01   1.1000000e+01   7.1245943e+01   1.8758612e+01   2.4089599e+01  -3.3015843e+01  -4.5610087e+01
  -2.3000000e+01   1.1000000e+01   7.6871601e+01   2.3389928e+01   1.7457715e+01  -2.6509844e+01  -4.8341457e+01
  -2.3000000e+01   1.1000000e+01   7.8511042e+01   2.7657931e+01   1.4036790e+01  -2.2779459e+01  -4.4050651e+01
  -2.3000000e+01   1.1000000e+01   7.8388454e+01   2.7614624e+01   1.4492480e+01  -2.4303629e+01  -3.7210200e+01
  -2.3000000e+01   1.1000000e+01   7.6443725e+01   2.6667305e+01   1.7030007e+01  -2.7454257e+01  -2.9401269e+01
  -2.3000000e+01   1.1000000e+01   7.4275289e+01   2.5909884e+01   2.1106785e+01  -3.0585655e+01  -2.2269925e+01
  -2.3000000e+01   1.1000000e+01   7.0031834e+01   2.5766204e+01   2.5650549e+01  -3.3873941e+01  -1.6134454e+01
  -2.3000000e+01   1.1000000e+01   6.5440399e+01   2.6086369e+01   2.8925775e+01  -3.6699158e+01  -1.1764673e+01
  -2.3000000e+01   1.1000000e+01   6.2413102e+01   2.6761408e+01   3.3099870e+01  -3.9193900e+01  -8.8500800e+00
  -2.3000000e+01   1.1000000e+01   5.8325448e+01   2.8536583e+01   3.8404569e+01  -4.2210207e+01  -7.2632554e+00
  -2.3000000e+01   1.1000000e+01   5.4416033e+01   2.9977215e+01   4.3748003e+01  -4.4901949e+01  -3.4416984e+00
  -2.3000000e+01   1.1000000e+01   5.1995569e+01   3.2051980e+01   4.8404232e+01  -4.7041437e+01  -1.1703989e+00
  -2.3000000e+01   1.1000000e+01   4.9735744e+01   3.4086556e+01   5.2740150e+01  -4.9221598e+01   1.7153560e+00
  -2.3000000e+01   1.1000000e+01   4.9917511e+01   3.5273883e+01   5.4119158e+01  -5.1127850e+01   3.5210486e+00
  -2.3000000e+01   1.1000000e+01   4.8935569e+01   3.5998376e+01   5.5122956e+01  -5.3029358e+01   5.7245267e+00
  -2.3000000e+01   1.1000000e+01   5.2584575e+01   3.5589489e+01   5.1708647e+01  -5.4309173e+01   6.7816109e+00
  -2.3000000e+01   1.1000000e+01   6.0552725e+01   3.2716759e+01   4.1549928e+01  -5.3210893e+01   5.4127222e+00
  -2.3000000e+01   1.1000000e+01   5.2678878e+01   3.4623885e+01   4.7644723e+01  -5.5757205e+01   1.0013575e+01
  -2.3000000e+01   1.1000000e+01   5.2990276e+01   3.4494954e+01   4.9768649e+01  -5.7086115e+01   1.2825761e+01
  -2.3000000e+01   1.1000000e+01   4.9984494e+01   3.3217285e+01   5.1509880e+01  -5.7876486e+01   1.6086928e+01
  -2.3000000e+01   1.1000000e+01   4.3686819e+01   3.4468321e+01   5.7658353e+01  -6.0257303e+01   2.0426023e+01
  -2.3000000e+01   1.1000000e+01   4.0922726e+01   3.5328673e+01   6.1605531e+01  -6.2066830e+01   2.3742964e+01
  -2.3000000e+01   1.1000000e+01   4.0659705e+01   3.4946882e+01   6.2406152e+01  -6.3272711e+01   2.5346755e+01
  -2.3000000e+01   1.1000000e+01   3.6204884e+01   3.6189139e+01   6.5625624e+01  -6.4986567e+01   2.7914571e+01
  -2.3000000e+01   1.1000000e+01   3.2188513e+01   3.6868035e+01   6.8810279e+01  -6.7304974e+01   3.1168976e+01
  -2.3000000e+01   1.1000000e+01   2.8066284e+01   3.7581850e+01   7.0645254e+01  -7.0032301e+01   3.4013874e+01
  -2.3000000e+01   1.1000000e+01   2.4930237e+01   3.7902012e+01   7.1813375e+01  -7.2148217e+01   3.5477498e+01
  -2.3000000e+01   1.1000000e+01   2.4288396e+01   3.5748655e+01   7.1592893e+01  -7.4230490e+01   3.8347344e+01
  -2.3000000e+01   1.1000000e+01   1.9653929e+01   3.4046512e+01   7.3001427e+01  -7.6263259e+01   4.2158152e+01
  -2.3000000e+01   1.1000000e+01   1.9273873e+01   3.1889062e+01   7.2016876e+01  -7.6993135e+01   4.4354742e+01
  -2.3000000e+01   1.1000000e+01   1.6373559e+01   2.8636957e+01   7.2208767e+01  -7.8012656e+01   4.8811964e+01
  -2.3000000e+01   1.1000000e+01   1.5589053e+01   2.4483637e+01   7.1888565e+01  -7.8212036e+01   5.2324378e+01
  -2.3000000e+01   1.1000000e+01   1.7724126e+01   2.1458494e+01   6.9954884e+01  -7.7095577e+01   5.5686823e+01
  -2.3000000e+01   1.1000000e+01   1.8031828e+01   1.7868339e+01   6.7896543e+01  -7.6383835e+01   6.0088150e+01
  -2.3000000e+01   1.1000000e+01   1.8339058e+01   1.4205712e+01   6.6286370e+01  -7.6093186e+01   6.2771858e+01
  -2.3000000e+01   1.1000000e+01   1.8420322e+01   1.1473403e+01   6.4852784e+01  -7.5623503e+01   6.4230468e+01
  -2.3000000e+01   1.1000000e+01   1.4766213e+01   7.6789290e+00   6.2623998e+01  -7.5455779e+01   6.5300908e+01
  -2.3000000e+01   1.1000000e+01   9.3295338e+00   3.8524705e+00   6.0366137e+01  -7.5180597e+01   6.3937019e+01
  -2.3000000e+01   1.1000000e+01   7.1494153e+00  -1.1605291e-01   5.8532540e+01  -7.5075202e+01   6.1034169e+01
  -2.3000000e+01   1.1000000e+01   7.0940100e+00  -3.8313183e+00   5.6947559e+01  -7.4894364e+01   5.7566567e+01
  -2.3000000e+01   1.1000000e+01   6.6828298e+00  -7.5166509e+00   5.4826410e+01  -7.4509109e+01   5.2790251e+01
  -2.3000000e+01   1.1000000e+01   9.5353207e+00  -9.8820063e+00   5.1290281e+01  -7.3995269e+01   4.7547077e+01
  -2.3000000e+01   1.1000000e+01   1.1126320e+01  -1.2098952e+01   4.8668748e+01  -7.4460350e+01   4.1799714e+01
  -2.3000000e+01   1.1000000e+01   9.2175336e+00  -1.1484456e+01   5.0014843e+01  -7.3660652e+01   3.8472153e+01
  -2.3000000e+01   1.1000000e+01   8.2533943e+00  -1.1253800e+01   5.4999007e+01  -7.3468715e+01   3.5552217e+01
  -2.3000000e+01   1.1000000e+01   9.7472480e+00  -9.4098973e+00   6.0335304e+01  -7.1739951e+01   3.1602321e+01
  -2.3000000e+01   1.1000000e+01   1.2714688e+01  -1.1019242e+01   5.2469867e+01  -7.4276435e+01   2.0558906e+01
  -2.3000000e+01   1.1000000e+01   1.9043858e+01  -1.1171919e+01   4.2519705e+01  -7.7356093e+01   1.0197422e+01
  -2.3000000e+01   1.1000000e+01   1.9561625e+01  -1.0602627e+01   3.2570506e+01  -7.9377567e+01  -4.1061165e-01
  -2.3000000e+01   1.1000000e+01   2.1973388e+01  -6.5701431e+00   3.2778903e+01  -7.7641415e+01  -9.5818664e+00
  -2.3000000e+01   1.1000000e+01   2.8986211e+01  -2.0221131e+00   3.7436086e+01  -7.2899842e+01  -1.8455262e+01
  -2.3000000e+01   1.1000000e+01   3.8053639e+01   3.5828257e+00   4.1286379e+01  -6.6460986e+01  -2.5616020e+01
  -2.3000000e+01   1.1000000e+01   4.7240437e+01   8.8466294e+00   3.9774805e+01  -5.9433304e+01  -3.1599012e+01
  -2.3000000e+01   1.1000000e+01   5.5727166e+01   1.3350842e+01   3.6523550e+01  -5.2761521e+01  -3.6415893e+01
  -2.3000000e+01   1.1000000e+01   6.2441302e+01   1.8252542e+01   3.0390619e+01  -4.5301744e+01  -4.2395355e+01
  -2.3000000e+01   1.1000000e+01   6.6982818e+01   2.2538185e+01   2.4049112e+01  -3.8456057e+01  -4.5348233e+01
  -2.3000000e+01   1.1000000e+01   5.6491377e+01   3.2291364e+01   1.6810359e+01  -2.8603579e+01  -3.3643173e+01
  -2.3000000e+01   1.1000000e+01   6.8187718e+01   2.7713557e+01   2.4903053e+01  -3.2638565e+01  -2.7873724e+01
  -2.3000000e+01   1.1000000e+01   7.0680948e+01   2.7567240e+01   2.3106521e+01  -3.3132622e+01  -2.4776396e+01
  -2.3000000e+01   1.1000000e+01   7.0319346e+01   2.7782888e+01   2.3070201e+01  -3.4526333e+01  -2.1188633e+01
  -2.3000000e+01   1.1000000e+01   6.9234098e+01   2.7333497e+01   2.3014730e+01  -3.6411957e+01  -1.7400635e+01
  -2.3000000e+01   1.1000000e+01   6.8167933e+01   2.7419447e+01   2.4351548e+01  -3.7901477e+01  -1.4649722e+01
  -2.3000000e+01   1.1000000e+01   6.6174563e+01   2.7343349e+01   2.6610031e+01  -3.9022656e+01  -1.2045507e+01
  -2.3000000e+01   1.1000000e+01   6.3658863e+01   2.7091710e+01   2.9952062e+01  -4.0405828e+01  -9.1475442e+00
  -2.3000000e+01   1.1000000e+01   6.1583585e+01   2.7474548e+01   3.2795031e+01  -4.1316288e+01  -8.0005004e+00
  -2.3000000e+01   1.1000000e+01   5.8941804e+01   2.7241474e+01   3.6769948e+01  -4.2573900e+01  -5.1787395e+00
  -2.3000000e+01   1.1000000e+01   5.7073507e+01   2.7962618e+01   3.9125100e+01  -4.3649940e+01  -4.4659041e+00
  -2.3000000e+01   1.1000000e+01   5.5143340e+01   2.8830418e+01   4.2430446e+01  -4.4895588e+01  -1.6809111e+00
  -2.3000000e+01   1.1000000e+01   5.3260639e+01   2.9850130e+01   4.4741685e+01  -4.6039594e+01  -3.2196026e-01
  -2.3000000e+01   1.1000000e+01   5.1368109e+01   3.0166817e+01   4.7227076e+01  -4.7596393e+01   1.9603450e+00
  -2.3000000e+01   1.1000000e+01   4.8369184e+01   3.1376073e+01   5.0430935e+01  -4.8517175e+01   3.7204271e+00
  -2.3000000e+01   1.1000000e+01   4.5281145e+01   3.3196014e+01   5.4269380e+01  -4.9715630e+01   5.2798061e+00
  -2.3000000e+01   1.1000000e+01   4.2825663e+01   3.6191796e+01   5.8098781e+01  -5.1751647e+01   5.7330554e+00
  -2.3000000e+01   1.1000000e+01   4.2087947e+01   3.7898247e+01   5.9588040e+01  -5.4114730e+01   7.6848108e+00
  -2.3000000e+01   1.1000000e+01   4.2787606e+01   3.8949286e+01   5.8325516e+01  -5.6409379e+01   8.2717722e+00
  -2.3000000e+01   1.1000000e+01   4.3318720e+01   3.9974331e+01   5.6935480e+01  -5.8803236e+01   1.0215253e+01
  -2.3000000e+01   1.1000000e+01   4.2020714e+01   4.0572982e+01   5.6469807e+01  -6.1308045e+01   1.3095419e+01
  -2.3000000e+01   1.1000000e+01   4.1692213e+01   3.9956535e+01   5.4795911e+01  -6.3064765e+01   1.5233812e+01
  -2.3000000e+01   1.1000000e+01   3.9962383e+01   4.0600733e+01   5.6397571e+01  -6.4389045e+01   1.7319328e+01
  -2.3000000e+01   1.1000000e+01   3.6032811e+01   4.2061621e+01   5.9594151e+01  -6.6436082e+01   1.9960902e+01
  -2.3000000e+01   1.1000000e+01   3.6015431e+01   4.2607177e+01   5.9879176e+01  -6.8613344e+01   2.1264537e+01
  -2.3000000e+01   1.1000000e+01   3.2964694e+01   4.3450221e+01   6.1027604e+01  -7.0802240e+01   2.2535378e+01
  -2.3000000e+01   1.1000000e+01   3.2351771e+01   4.3017336e+01   6.0335587e+01  -7.3143780e+01   2.4131445e+01
  -2.3000000e+01   1.1000000e+01   2.9996482e+01   4.1706639e+01   6.1074694e+01  -7.5720492e+01   2.8176394e+01
  -2.3000000e+01   1.1000000e+01   2.4825977e+01   4.0995359e+01   6.2840704e+01  -7.7779608e+01   3.1269856e+01
  -2.3000000e+01   1.1000000e+01   2.1986007e+01   3.7138301e+01   6.3726507e+01  -7.9201642e+01   3.4773763e+01
  -2.3000000e+01   1.1000000e+01   1.9513962e+01   3.2788458e+01   6.4004658e+01  -8.0030235e+01   3.9539224e+01
  -2.3000000e+01   1.1000000e+01   1.6860347e+01   2.8271299e+01   6.4358369e+01  -8.0843270e+01   4.4648766e+01
  -2.3000000e+01   1.1000000e+01   1.6037591e+01   2.2491356e+01   6.2969282e+01  -8.0789580e+01   4.7803925e+01
  -2.3000000e+01   1.1000000e+01   1.3219021e+01   1.7358601e+01   6.0778295e+01  -8.0029944e+01   5.0438913e+01
  -2.3000000e+01   1.1000000e+01   1.2386974e+01   1.2680577e+01   5.7300936e+01  -7.9688627e+01   5.1495946e+01
  -2.3000000e+01   1.1000000e+01   1.4028079e+01   7.7542597e+00   5.4248533e+01  -7.9751762e+01   5.0103527e+01
  -2.3000000e+01   1.1000000e+01   1.8514335e+01   5.4492816e+00   5.0575945e+01  -7.9228257e+01   4.7765612e+01
  -2.3000000e+01   1.1000000e+01   2.0009550e+01   9.0090590e-01   4.5261604e+01  -8.0303725e+01   3.7756772e+01
  -2.3000000e+01   1.1000000e+01   2.5707369e+01  -6.3732756e-01   4.2621882e+01  -8.0505814e+01   2.8201328e+01
  -2.3000000e+01   1.1000000e+01   2.7925589e+01  -9.8822469e-01   4.1039433e+01  -7.9177308e+01   1.7138673e+01
  -2.3000000e+01   1.1000000e+01   3.2136146e+01   1.0304835e+00   3.9101917e+01  -7.5325728e+01   5.6616249e+00
  -2.3000000e+01   1.1000000e+01   3.6815684e+01   3.8806676e+00   4.3564204e+01  -7.0030343e+01  -5.2325854e+00
  -2.3000000e+01   1.1000000e+01   4.3971916e+01   7.6588311e+00   4.2445215e+01  -6.5201318e+01  -1.3509923e+01
  -2.3000000e+01   1.1000000e+01   5.2255833e+01   1.1371048e+01   3.9116108e+01  -5.9816711e+01  -2.0503399e+01
  -2.3000000e+01   1.1000000e+01   6.1841625e+01   1.6320634e+01   3.3026773e+01  -5.3087431e+01  -2.7567983e+01
  -2.3000000e+01   1.1000000e+01   6.8752068e+01   1.9809910e+01   2.4316450e+01  -4.6309073e+01  -3.7521757e+01
  -2.3000000e+01   1.1000000e+01   7.4431178e+01   2.3076788e+01   1.6267534e+01  -3.9820617e+01  -4.3925888e+01
  -2.3000000e+01   1.1000000e+01   7.8754577e+01   2.8078683e+01   1.0564291e+01  -3.2710420e+01  -4.5943370e+01
  -2.3000000e+01   1.1000000e+01   8.0718091e+01   3.3094851e+01   1.1874580e+01  -2.8797975e+01  -4.0114721e+01
  -2.3000000e+01   1.1000000e+01   7.7857623e+01   3.2400350e+01   1.4735380e+01  -3.1525499e+01  -3.3442196e+01
  -2.3000000e+01   1.1000000e+01   7.6568440e+01   3.0494927e+01   1.5651375e+01  -3.3541425e+01  -2.6288760e+01
  -2.3000000e+01   1.1000000e+01   7.5465984e+01   2.9113574e+01   1.7091342e+01  -3.5199185e+01  -1.9866207e+01
  -2.3000000e+01   1.1000000e+01   7.1625706e+01   2.7435688e+01   2.0449495e+01  -3.7637872e+01  -1.2754035e+01
  -2.3000000e+01   1.1000000e+01   6.7118011e+01   2.7082739e+01   2.4241519e+01  -4.0756406e+01  -7.7997298e+00
  -2.3000000e+01   1.1000000e+01   6.1906282e+01   2.6642682e+01   3.0996219e+01  -4.3992570e+01  -1.7223283e+00
  -2.3000000e+01   1.1000000e+01   5.8400012e+01   2.7485540e+01   3.5906869e+01  -4.6710526e+01   2.0479309e+00
  -2.3000000e+01   1.1000000e+01   5.5178202e+01   2.7492682e+01   3.9880856e+01  -4.7994478e+01   6.1600501e+00
  -2.3000000e+01   1.1000000e+01   5.2960046e+01   2.7454421e+01   4.1860046e+01  -4.9200048e+01   8.0572442e+00
  -2.3000000e+01   1.1000000e+01   4.8577693e+01   2.8450964e+01   4.7280510e+01  -5.0613287e+01   1.1134690e+01
  -2.3000000e+01   1.1000000e+01   4.6655329e+01   3.1387791e+01   5.1533424e+01  -5.2546440e+01   1.2124856e+01
  -2.3000000e+01   1.1000000e+01   4.5797616e+01   3.2816356e+01   5.4212072e+01  -5.4094648e+01   1.3176444e+01
  -2.3000000e+01   1.1000000e+01   5.2142891e+01   3.1195807e+01   4.7879053e+01  -5.3787987e+01   1.1865164e+01
  -2.3000000e+01   1.1000000e+01   5.1370019e+01   3.0965469e+01   4.7284192e+01  -5.4219294e+01   1.3792910e+01
  -2.3000000e+01   1.1000000e+01   4.7285997e+01   3.3056967e+01   5.1093513e+01  -5.7053216e+01   1.7673939e+01
  -2.3000000e+01   1.1000000e+01   4.6369611e+01   3.2561737e+01   5.3184150e+01  -5.9063787e+01   2.0613221e+01
  -2.3000000e+01   1.1000000e+01   4.4776691e+01   3.1391485e+01   5.5473484e+01  -6.0967903e+01   2.3572716e+01
  -2.3000000e+01   1.1000000e+01   3.8720912e+01   3.2051784e+01   6.0088671e+01  -6.3356828e+01   2.7161855e+01
  -2.3000000e+01   1.1000000e+01   3.4372637e+01   3.2828555e+01   6.4180640e+01  -6.5461183e+01   2.8864859e+01
  -2.3000000e+01   1.1000000e+01   3.0851758e+01   3.3262891e+01   6.6945476e+01  -6.7864176e+01   3.0921283e+01
  -2.3000000e+01   1.1000000e+01   2.6610964e+01   3.4256079e+01   6.8903381e+01  -6.9836942e+01   3.2556848e+01
  -2.3000000e+01   1.1000000e+01   2.4398227e+01   3.2259289e+01   6.8700448e+01  -7.1868754e+01   3.5516479e+01
  -2.3000000e+01   1.1000000e+01   1.9084058e+01   3.2039501e+01   7.1430460e+01  -7.5104556e+01   3.9341369e+01
  -2.3000000e+01   1.1000000e+01   1.5944740e+01   3.0072065e+01   7.2419375e+01  -7.7713253e+01   4.2736310e+01
  -2.3000000e+01   1.1000000e+01   1.1338935e+01   2.6089590e+01   7.4805305e+01  -8.0096284e+01   4.7718309e+01
  -2.3000000e+01   1.1000000e+01   8.1753216e+00   2.2979690e+01   7.5051081e+01  -8.0302651e+01   5.1849727e+01
  -2.3000000e+01   1.1000000e+01   9.6605746e+00   1.9095621e+01   7.3379728e+01  -7.9348690e+01   5.4415373e+01
  -2.3000000e+01   1.1000000e+01   9.5815964e+00   1.5536867e+01   7.1382299e+01  -7.8251453e+01   5.7238176e+01
  -2.3000000e+01   1.1000000e+01   1.2660806e+01   1.1693260e+01   6.8601496e+01  -7.7488020e+01   6.0117048e+01
  -2.3000000e+01   1.1000000e+01   1.4156131e+01   7.3063163e+00   6.5085140e+01  -7.7277583e+01   6.1435164e+01
  -2.3000000e+01   1.1000000e+01   1.5679727e+01   3.4960489e+00   6.0881028e+01  -7.6700273e+01   6.0499667e+01
  -2.3000000e+01   1.1000000e+01   1.5706079e+01  -6.9460868e-01   5.7503821e+01  -7.7008422e+01   5.7384623e+01
  -2.3000000e+01   1.1000000e+01   1.6568787e+01  -4.4364240e+00   5.3380699e+01  -7.7036281e+01   5.0640276e+01
  -2.3000000e+01   1.1000000e+01   1.8663174e+01  -3.4331085e+00   6.2987608e+01  -7.3163896e+01   6.0179975e+01
  -2.3000000e+01   1.1000000e+01   2.0840744e+01  -7.4288765e+00   6.1384160e+01  -7.3764159e+01   4.8889828e+01
  -2.3000000e+01   1.1000000e+01   2.0921762e+01  -1.1558824e+01   5.4680495e+01  -7.3194990e+01   3.6600154e+01
  -2.3000000e+01   1.1000000e+01   2.5738391e+01  -1.0582860e+01   4.8044243e+01  -7.0279970e+01   2.4252515e+01
  -2.3000000e+01   1.1000000e+01   3.4017878e+01  -6.8953150e+00   4.4148510e+01  -6.6027727e+01   1.2090187e+01
  -2.3000000e+01   1.1000000e+01   4.3505865e+01  -2.6381290e+00   3.7534412e+01  -6.1090199e+01   4.3683332e-01
  -2.3000000e+01   1.1000000e+01   5.3747384e+01   2.5310260e+00   3.2399073e+01  -5.5735280e+01  -8.8154988e+00
  -2.3000000e+01   1.1000000e+01   6.1775922e+01   7.2795304e+00   2.6369005e+01  -5.0043678e+01  -1.7410744e+01
  -2.3000000e+01   1.1000000e+01   7.0187518e+01   1.1486834e+01   1.7771744e+01  -4.4155788e+01  -2.6855158e+01
  -2.3000000e+01   1.1000000e+01   7.5705352e+01   1.5741436e+01   9.3020454e+00  -3.8260552e+01  -3.5638594e+01
  -2.3000000e+01   1.1000000e+01   8.0396725e+01   1.9751480e+01   8.9327987e-01  -3.2237740e+01  -4.2098435e+01
  -2.3000000e+01   1.1000000e+01   8.3455807e+01   2.4815706e+01  -5.2831163e+00  -2.5836354e+01  -4.6052191e+01
  -2.3000000e+01   1.1000000e+01   8.3148752e+01   2.9830618e+01  -4.8783012e+00  -2.1738223e+01  -4.5206884e+01
  -2.3000000e+01   1.1000000e+01   8.2793631e+01   3.0107275e+01  -2.2896739e+00  -2.3495876e+01  -4.1254655e+01
  -2.3000000e+01   1.1000000e+01   8.0276235e+01   2.9726904e+01   3.0528357e+00  -2.6764986e+01  -3.5776086e+01
  -2.3000000e+01   1.1000000e+01   7.7539158e+01   2.9581309e+01   7.6084727e+00  -2.9832778e+01  -3.1073910e+01
  -2.3000000e+01   1.1000000e+01   7.4726851e+01   2.8237174e+01   1.1938487e+01  -3.2617969e+01  -2.4474391e+01
  -2.3000000e+01   1.1000000e+01   7.1802344e+01   2.7568344e+01   1.5680217e+01  -3.4962099e+01  -1.8606416e+01
  -2.3000000e+01   1.1000000e+01   6.9604498e+01   2.6928385e+01   1.9335176e+01  -3.7343059e+01  -1.3011569e+01
  -2.3000000e+01   1.1000000e+01   6.6245532e+01   2.6522516e+01   2.2735327e+01  -3.9869887e+01  -8.3032516e+00
  -2.3000000e+01   1.1000000e+01   6.3684588e+01   2.6848136e+01   2.6654048e+01  -4.1889021e+01  -4.1789488e+00
  -2.3000000e+01   1.1000000e+01   6.1192702e+01   2.7315558e+01   3.0466235e+01  -4.3904339e+01  -1.1723719e+00
  -2.3000000e+01   1.1000000e+01   5.9928707e+01   2.8806877e+01   3.4693416e+01  -4.6589824e+01   1.3248474e+00
  -2.3000000e+01   1.1000000e+01   5.8001337e+01   3.0021984e+01   3.8237632e+01  -4.8200509e+01   3.1983267e+00
  -2.3000000e+01   1.1000000e+01   5.5476772e+01   3.0998243e+01   4.4251825e+01  -4.9808656e+01   5.2751193e+00
  -2.3000000e+01   1.1000000e+01   5.5791934e+01   3.0490422e+01   4.5304968e+01  -4.9987212e+01   5.8684074e+00
  -2.3000000e+01   1.1000000e+01   5.6517910e+01   3.0794639e+01   4.6279209e+01  -4.9668246e+01   5.8096476e+00
  -2.3000000e+01   1.1000000e+01   5.4136554e+01   3.2603983e+01   4.9846044e+01  -5.0411696e+01   7.0919309e+00
  -2.3000000e+01   1.1000000e+01   5.0202625e+01   3.3857091e+01   5.4573271e+01  -5.2578907e+01   1.0502100e+01
  -2.3000000e+01   1.1000000e+01   4.4030768e+01   3.5621950e+01   6.0510272e+01  -5.4971849e+01   1.4230089e+01
  -2.3000000e+01   1.1000000e+01   4.2620902e+01   3.6668050e+01   6.4243170e+01  -5.7141771e+01   1.7093823e+01
  -2.3000000e+01   1.1000000e+01   4.4070022e+01   3.6208642e+01   6.1867175e+01  -5.9122915e+01   1.8801828e+01
  -2.3000000e+01   1.1000000e+01   4.0791773e+01   3.6448715e+01   6.3159353e+01  -6.0823080e+01   2.1389153e+01
  -2.3000000e+01   1.1000000e+01   3.9637124e+01   3.7472173e+01   6.5355363e+01  -6.3160499e+01   2.4021006e+01
  -2.3000000e+01   1.1000000e+01   3.5614521e+01   3.8997754e+01   6.7415056e+01  -6.5583493e+01   2.6117395e+01
  -2.3000000e+01   1.1000000e+01   3.1732163e+01   3.9586974e+01   7.0096932e+01  -6.9007187e+01   2.8675193e+01
  -2.3000000e+01   1.1000000e+01   2.8899547e+01   3.9816047e+01   7.0740702e+01  -7.2310949e+01   3.2090568e+01
  -2.3000000e+01   1.1000000e+01   2.5550399e+01   3.7991024e+01   7.2535155e+01  -7.5748643e+01   3.4656674e+01
