  -7.2618274e+00   4.9687742e+00   6.4382348e+01   2.3970397e+01   2.9157151e+01  -4.1946132e+01   1.9978378e+00
  -7.1944372e+00   6.4106127e+00   5.0386109e+01   1.2518748e+01   2.8188445e+01  -4.3085679e+01   2.4998855e+00
  -2.1454917e+00   5.3119635e+00   4.2000000e+01   2.4378175e+01   3.5757536e+01  -5.1000000e+01   1.2112590e+01
  -5.3804573e+00   5.1844900e+00   4.2000000e+01   3.3246465e+01   4.5473173e+01  -5.1000000e+01   1.4321534e+01
  -6.7761929e+00   5.8519223e+00   4.2000000e+01   3.5539228e+01   5.2330389e+01  -5.1000000e+01   1.4861287e+01
  -7.8645092e+00   9.4004710e+00   4.2000000e+01   3.1787014e+01   5.5574047e+01  -5.1000000e+01   1.5350073e+01
  -1.0217968e+01   1.1656621e+01   4.2000000e+01   2.5702830e+01   5.7400775e+01  -5.1000000e+01   1.7488195e+01
  -1.1480966e+01   1.3892679e+01   4.2000000e+01   2.1125091e+01   5.7080238e+01  -5.1000000e+01   1.9433873e+01
  -1.1791325e+01   1.6109621e+01   4.2000000e+01   1.6632770e+01   5.4959245e+01  -5.1000000e+01   2.0662974e+01
  -1.3150113e+01   1.7044545e+01   4.2000000e+01   1.3499128e+01   5.3803071e+01  -5.1000000e+01   2.2883811e+01
  -1.6032677e+01   1.7463289e+01   4.2000000e+01   9.4213806e+00   5.3177913e+01  -5.1000000e+01   2.4439190e+01
  -1.6460062e+01   1.8064991e+01   4.2000000e+01   5.9072291e+00   5.3659042e+01  -5.1000000e+01   2.9482052e+01
  -1.7442301e+01   1.9680639e+01   4.2000000e+01   1.2915857e+00   5.0084692e+01  -5.1000000e+01   3.3137146e+01
  -1.7779348e+01   2.2140068e+01   4.2000000e+01  -5.7431388e+00   4.6163632e+01  -5.1000000e+01   3.8642729e+01
  -2.2170821e+01   2.4035496e+01   4.2000000e+01  -1.1947508e+01   4.2922165e+01  -5.1000000e+01   4.3950904e+01
  -2.2170248e+01   2.6416972e+01   4.2000000e+01  -1.6787506e+01   4.1672935e+01  -5.1000000e+01   4.7070240e+01
  -2.6752836e+01   2.2721024e+01   4.2000000e+01  -1.9037590e+01   4.0393787e+01  -5.1000000e+01   5.0418190e+01
  -2.7811505e+01   2.0827126e+01   4.2000000e+01  -2.2370577e+01   3.7530596e+01  -5.1000000e+01   5.2177818e+01
  -2.7883074e+01   1.9814879e+01   4.2000000e+01  -2.6568425e+01   3.4188465e+01  -5.1000000e+01   5.1912909e+01
  -2.5849113e+01   1.6406963e+01   4.2000000e+01  -2.9728079e+01   2.7464506e+01  -5.1000000e+01   4.5615216e+01
  -2.0169010e+01   1.8202015e+01   4.2000000e+01  -3.3357978e+01   2.2220651e+01  -5.1000000e+01   3.8397749e+01
  -1.6755991e+01   1.6966901e+01   4.2000000e+01  -3.1961650e+01   2.2337602e+01  -5.1000000e+01   2.9974010e+01
  -1.7025165e+01   1.1102172e+01   4.2000000e+01  -2.5636854e+01   2.5326687e+01  -5.1000000e+01   1.9653583e+01
  -1.5500616e+01   7.2153936e+00   4.2000000e+01  -1.6766747e+01   3.2118684e+01  -5.1000000e+01   9.1637579e+00
  -6.4916303e+00   8.2462207e+00   4.2000000e+01  -5.9109310e+00   3.9537931e+01  -5.1000000e+01  -1.5220924e+00
  -5.8724929e-01   5.8063524e+00   4.2000000e+01   6.2061463e+00   4.6931001e+01  -5.1000000e+01  -7.4240215e+00
  -1.0347072e+00   1.9028726e+00   4.2000000e+01   1.7667087e+01   5.3223876e+01  -5.1000000e+01  -1.1691101e+01
   1.6856414e+00  -2.1156262e+00   4.2000000e+01   2.9037044e+01   5.5435137e+01  -5.1000000e+01  -1.3738833e+01
   3.6342807e+00  -5.5749060e+00   4.2000000e+01   4.0081501e+01   5.5666326e+01  -5.1000000e+01  -1.6820321e+01
   6.0820491e+00  -8.0288884e+00   4.2000000e+01   5.0791448e+01   5.5257200e+01  -5.1000000e+01  -1.9067151e+01
   6.6893424e+00  -9.0339345e+00   4.2000000e+01   6.0882558e+01   5.4502041e+01  -5.1000000e+01  -2.2420245e+01
   5.1849306e+00  -8.2887320e+00   4.2000000e+01   7.0721346e+01   5.2716606e+01  -5.1000000e+01  -2.4349371e+01
   4.1688220e+00  -7.2271990e+00   4.2000000e+01   7.2800717e+01   5.4968443e+01  -5.1000000e+01  -2.3814601e+01
   2.6946748e+00  -4.6522296e+00   4.2000000e+01   6.9160085e+01   5.5178874e+01  -5.1000000e+01  -2.1996664e+01
   1.5494469e+00  -4.0628842e+00   4.2000000e+01   6.6559799e+01   5.4441875e+01  -5.1000000e+01  -1.7214793e+01
   1.5112224e-01  -2.8594554e+00   4.2000000e+01   6.1791685e+01   5.2922841e+01  -5.1000000e+01  -1.1794595e+01
  -1.2733495e+00  -2.7317369e+00   4.2000000e+01   5.8506120e+01   5.2386460e+01  -5.1000000e+01  -7.6257791e+00
  -1.6646477e+00   2.9429898e-01   4.2000000e+01   5.3918074e+01   5.2229613e+01  -5.1000000e+01  -5.7595467e+00
  -2.0293992e+00   9.3301178e-01   4.2000000e+01   5.2116225e+01   5.2353920e+01  -5.1000000e+01  -3.9716962e+00
  -2.5390887e+00   7.8998803e-01   4.2000000e+01   5.1489947e+01   5.3300996e+01  -5.1000000e+01  -2.3699826e+00
  -2.5449369e+00   2.0016354e+00   4.2000000e+01   5.0366020e+01   5.4806810e+01  -5.1000000e+01  -7.9997650e-01
  -3.1847614e+00   3.6104484e+00   4.2000000e+01   4.9075412e+01   5.6759726e+01  -5.1000000e+01   2.2749471e-01
  -3.0665521e+00   2.9048363e+00   4.2000000e+01   4.9469747e+01   5.6754369e+01  -5.1000000e+01   7.4550980e-01
  -3.8707071e+00   1.3658425e+00   4.2000000e+01   5.0105973e+01   5.7224459e+01  -5.1000000e+01   3.0435831e+00
  -3.9869326e+00   6.7002612e-01   4.2000000e+01   5.1196694e+01   5.7703423e+01  -5.1000000e+01   4.9270656e+00
  -5.0326422e+00   1.5580657e+00   4.2000000e+01   5.0207862e+01   5.8943109e+01  -5.1000000e+01   6.9871430e+00
  -6.0280977e+00   1.4923773e+00   4.2000000e+01   4.9497218e+01   6.0246883e+01  -5.1000000e+01   9.2976465e+00
  -4.6259474e+00   6.1669562e+00   4.2000000e+01   4.3955346e+01   5.9403300e+01  -5.1000000e+01   1.1988977e+01
  -5.1734351e+00   9.2864733e+00   4.2000000e+01   3.7447148e+01   6.0246566e+01  -5.1000000e+01   1.3001194e+01
  -6.9424803e+00   1.1999262e+01   4.2000000e+01   3.2038285e+01   6.0742677e+01  -5.1000000e+01   1.4340730e+01
  -7.3437674e+00   1.3440275e+01   4.2000000e+01   2.8154131e+01   6.0345465e+01  -5.1000000e+01   1.6073468e+01
  -9.0886863e+00   1.5024177e+01   4.2000000e+01   2.3659214e+01   6.0198500e+01  -5.1000000e+01   1.8068372e+01
  -1.1304264e+01   1.6232559e+01   4.2000000e+01   1.9484787e+01   5.9494757e+01  -5.1000000e+01   2.0034018e+01
  -1.2748218e+01   1.5748380e+01   4.2000000e+01   1.8036825e+01   5.9539802e+01  -5.1000000e+01   2.2588996e+01
  -1.4740926e+01   1.7563341e+01   4.2000000e+01   1.2260573e+01   5.8227456e+01  -5.1000000e+01   2.4437499e+01
  -1.4690940e+01   2.1356530e+01   4.2000000e+01   3.0084958e+00   5.1914350e+01  -5.1000000e+01   2.8907743e+01
  -1.5553888e+01   2.3872269e+01   4.2000000e+01  -4.4194522e+00   4.8191212e+01  -5.1000000e+01   3.4017510e+01
  -1.7798114e+01   2.5914666e+01   4.2000000e+01  -9.5162649e+00   4.2785415e+01  -5.1000000e+01   3.9479019e+01
  -2.3795038e+01   2.7283184e+01   4.2000000e+01  -1.5948791e+01   4.0810299e+01  -5.1000000e+01   4.4204528e+01
  -2.6115278e+01   2.8470422e+01   4.2000000e+01  -2.0223099e+01   4.0730297e+01  -5.1000000e+01   4.7805711e+01
  -2.9040492e+01   2.8915399e+01   4.2000000e+01  -2.2829630e+01   3.7069929e+01  -5.1000000e+01   5.2230614e+01
  -3.3867532e+01   2.5255712e+01   4.2000000e+01  -2.4785767e+01   3.1843732e+01  -5.1000000e+01   5.3657204e+01
  -3.3454589e+01   2.6203991e+01   4.2000000e+01  -2.9196205e+01   2.6455030e+01  -5.1000000e+01   5.4377471e+01
  -3.2055580e+01   2.5197238e+01   4.2000000e+01  -3.2673429e+01   2.2009086e+01  -5.1000000e+01   5.4909872e+01
  -3.2184311e+01   2.4074135e+01   4.2000000e+01  -3.5510519e+01   1.7248963e+01  -5.1000000e+01   5.4330070e+01
  -3.1108840e+01   2.2680049e+01   4.2000000e+01  -3.7880910e+01   1.2513219e+01  -5.1000000e+01   4.6856039e+01
  -3.0481022e+01   2.0112273e+01   4.2000000e+01  -3.6972042e+01   7.9742124e+00  -5.1000000e+01   3.9665567e+01
  -2.8098864e+01   1.9329481e+01   4.2000000e+01  -3.6353444e+01   9.1023251e+00  -5.1000000e+01   3.3780794e+01
  -2.5298819e+01   1.9467094e+01   4.2000000e+01  -3.5433833e+01   1.2332189e+01  -5.1000000e+01   2.9821030e+01
  -2.2595282e+01   1.6624497e+01   4.2000000e+01  -3.6889666e+01   1.5857725e+01  -5.1000000e+01   2.1425184e+01
  -1.9949300e+01   1.5509115e+01   4.2000000e+01  -3.6171755e+01   1.4574055e+01  -5.1000000e+01   1.2165491e+01
  -1.6599481e+01   1.5806901e+01   4.2000000e+01  -3.5732991e+01   1.2505206e+01  -5.1000000e+01   2.6718829e+00
  -1.5849552e+01   1.4936118e+01   4.2000000e+01  -3.1966131e+01   1.1705651e+01  -5.1000000e+01  -7.2874172e+00
  -1.2549932e+01   1.3377911e+01   4.2000000e+01  -2.4724460e+01   1.2206720e+01  -5.1000000e+01  -1.7381939e+01
  -1.1226544e+01   1.0239742e+01   4.2000000e+01  -1.4838496e+01   1.9969874e+01  -5.1000000e+01  -2.6491814e+01
  -7.2033838e+00   6.5073299e+00   4.2000000e+01  -3.5791278e+00   2.8738195e+01  -5.1000000e+01  -3.3773389e+01
  -3.6012852e+00   3.5607672e+00   4.2000000e+01   6.5259416e+00   3.9655438e+01  -5.1000000e+01  -3.1847935e+01
  -1.1746626e+00   2.0321481e+00   4.2000000e+01   1.7701974e+01   4.9046402e+01  -5.1000000e+01  -2.6480730e+01
   7.7878934e-01   4.4805553e-01   4.2000000e+01   2.9615373e+01   5.2300287e+01  -5.1000000e+01  -2.1147678e+01
   3.0915146e+00   1.4095838e+00   4.2000000e+01   4.1654960e+01   5.1345675e+01  -5.1000000e+01  -1.8095620e+01
   2.9920147e+00   1.7539663e+00   4.2000000e+01   5.3335011e+01   4.9888694e+01  -5.1000000e+01  -1.4977684e+01
   2.6174992e+00  -1.7573347e+00   4.2000000e+01   6.1254184e+01   5.3486381e+01  -5.1000000e+01  -1.3416624e+01
   2.8243922e+00  -2.4557276e+00   4.2000000e+01   6.3574949e+01   5.6346286e+01  -5.1000000e+01  -1.1712638e+01
   1.9287884e+00  -2.5921597e+00   4.2000000e+01   6.3057065e+01   5.7599169e+01  -5.1000000e+01  -9.7262048e+00
   6.4527373e-01  -2.0499798e+00   4.2000000e+01   6.1373113e+01   5.8876005e+01  -5.1000000e+01  -7.3187096e+00
  -3.1864177e-01   8.2115546e-02   4.2000000e+01   5.6787504e+01   5.8037048e+01  -5.1000000e+01  -4.6202811e+00
  -1.4456022e+00   1.1392308e+00   4.2000000e+01   5.3672358e+01   5.8194939e+01  -5.1000000e+01  -1.4337256e+00
  -1.8827947e+00   1.2285184e+00   4.2000000e+01   5.2440725e+01   5.7992718e+01  -5.1000000e+01   1.1193797e+00
  -2.8883664e+00   3.9638102e+00   4.2000000e+01   4.8644877e+01   5.9237299e+01  -5.1000000e+01   3.2123397e+00
  -2.6643049e+00   5.1675829e+00   4.2000000e+01   4.6165212e+01   5.8866058e+01  -5.1000000e+01   4.7598509e+00
  -3.5963792e+00   3.8808407e+00   4.2000000e+01   4.4840991e+01   5.9156200e+01  -5.1000000e+01   7.9527893e+00
  -3.0867345e+00   6.0426784e+00   4.2000000e+01   4.3516336e+01   5.9542887e+01  -5.1000000e+01   8.8440901e+00
  -4.1096608e+00   7.1419870e+00   4.2000000e+01   4.0759896e+01   6.0745140e+01  -5.1000000e+01   1.0466428e+01
  -4.0767767e+00   9.2694237e+00   4.2000000e+01   3.5753039e+01   6.0910462e+01  -5.1000000e+01   1.3414359e+01
  -5.5272651e+00   1.2713331e+01   4.2000000e+01   3.0517314e+01   6.1528306e+01  -5.1000000e+01   1.6910035e+01
  -6.2674898e+00   1.5340075e+01   4.2000000e+01   2.5309907e+01   6.0427204e+01  -5.1000000e+01   1.8973334e+01
  -9.7705735e+00   1.4912289e+01   4.2000000e+01   2.0123256e+01   6.0938866e+01  -5.1000000e+01   2.0436418e+01
  -1.2163804e+01   1.4691772e+01   4.2000000e+01   1.7172164e+01   6.0274764e+01  -5.1000000e+01   2.3153630e+01
  -1.3586751e+01   1.6396392e+01   4.2000000e+01   1.2377752e+01   5.8294151e+01  -5.1000000e+01   2.4755587e+01
  -1.4913805e+01   1.8113038e+01   4.2000000e+01   8.3711106e+00   5.7694986e+01  -5.1000000e+01   2.8683073e+01
  -1.4052037e+01   2.1539804e+01   4.2000000e+01   6.1678607e-01   5.3375894e+01  -5.1000000e+01   3.3960906e+01
  -1.6401823e+01   2.3514787e+01   4.2000000e+01  -5.7539377e+00   5.0266108e+01  -5.1000000e+01   3.6963672e+01
  -1.6844889e+01   2.4985581e+01   4.2000000e+01  -9.9565754e+00   4.9538544e+01  -5.1000000e+01   4.2902449e+01
  -2.2250495e+01   2.3838320e+01   4.2000000e+01  -1.3377635e+01   4.8272611e+01  -5.1000000e+01   4.6001095e+01
  -2.5544379e+01   2.4586394e+01   4.2000000e+01  -1.6977905e+01   4.8347554e+01  -5.1000000e+01   4.8889276e+01
  -2.8714569e+01   2.4271706e+01   4.2000000e+01  -2.1102951e+01   4.7497315e+01  -5.1000000e+01   5.1633942e+01
  -2.8579173e+01   2.3773318e+01   4.2000000e+01  -2.5373315e+01   4.4106245e+01  -5.1000000e+01   5.2914564e+01
  -2.7626815e+01   2.1924214e+01   4.2000000e+01  -2.8775185e+01   4.0214621e+01  -5.1000000e+01   5.3372341e+01
  -2.8058626e+01   2.0844926e+01   4.2000000e+01  -3.0714699e+01   3.2913365e+01  -5.1000000e+01   5.3343563e+01
  -2.5866042e+01   1.9015895e+01   4.2000000e+01  -3.3939522e+01   2.5814974e+01  -5.1000000e+01   4.6340158e+01
  -2.3892324e+01   1.6938115e+01   4.2000000e+01  -3.7231379e+01   2.4748013e+01  -5.1000000e+01   3.8900092e+01
  -1.7287941e+01   1.6876681e+01   4.2000000e+01  -3.5662253e+01   2.2960916e+01  -5.1000000e+01   3.1487873e+01
  -1.4098355e+01   1.3826051e+01   4.2000000e+01  -2.9703790e+01   2.4407597e+01  -5.1000000e+01   2.2038497e+01
  -1.4444780e+01   1.0435401e+01   4.2000000e+01  -2.5557067e+01   2.9291707e+01  -5.1000000e+01   1.1991135e+01
  -1.1554935e+01   8.6218677e+00   4.2000000e+01  -1.5753828e+01   3.7713760e+01  -5.1000000e+01   2.2341229e+00
  -6.9056914e+00   6.1299857e+00   4.2000000e+01  -3.8264287e+00   4.3258983e+01  -5.1000000e+01  -5.3929570e+00
  -3.5077943e+00   4.3829124e+00   4.2000000e+01   8.0377955e+00   4.9291427e+01  -5.1000000e+01  -1.2194089e+01
  -1.1159103e+00   9.8049693e-01   4.2000000e+01   1.9962693e+01   5.2791495e+01  -5.1000000e+01  -1.2072601e+01
   1.1690467e+00  -2.2429327e+00   4.2000000e+01   3.1262099e+01   5.4159806e+01  -5.1000000e+01  -1.5009207e+01
   3.5175925e+00  -4.7449399e+00   4.2000000e+01   4.2760417e+01   5.2384422e+01  -5.1000000e+01  -1.8192845e+01
   5.2111936e+00  -4.1511233e+00   4.2000000e+01   5.3964167e+01   5.2117974e+01  -5.1000000e+01  -1.9273463e+01
   1.6004185e+00  -3.0773032e+00   4.2000000e+01   6.3033995e+01   5.2502641e+01  -5.1000000e+01  -2.0598011e+01
   6.1899751e-01  -2.9916002e+00   4.2000000e+01   6.5304718e+01   5.5198200e+01  -5.1000000e+01  -1.8375206e+01
  -5.7364744e-01  -2.7913024e+00   4.2000000e+01   6.3709530e+01   5.6357939e+01  -5.1000000e+01  -1.4543231e+01
  -1.2826580e+00  -7.5762488e-01   4.2000000e+01   5.9854829e+01   5.6863881e+01  -5.1000000e+01  -1.0833963e+01
  -3.2163606e+00   7.1983586e-01   4.2000000e+01   5.5757678e+01   5.7178306e+01  -5.1000000e+01  -7.6758463e+00
  -5.0897247e+00   2.5450831e+00   4.2000000e+01   5.1228880e+01   5.5967471e+01  -5.1000000e+01  -5.6594964e+00
  -4.7585704e+00   5.7332945e+00   4.2000000e+01   4.6563361e+01   5.4862046e+01  -5.1000000e+01  -4.7994387e+00
  -8.7509435e+00   4.9596073e+00   4.2000000e+01   4.4926751e+01   5.7442868e+01  -5.1000000e+01  -3.1384375e+00
  -6.3164524e+00   9.1391134e+00   4.2000000e+01   3.9988081e+01   5.4800515e+01  -5.1000000e+01  -1.4574172e+00
  -7.9720292e+00   8.8253623e+00   4.2000000e+01   3.8930641e+01   5.5588618e+01  -5.1000000e+01   7.7880876e-01
  -7.2611380e+00   1.0358256e+01   4.2000000e+01   3.6916598e+01   5.5551263e+01  -5.1000000e+01   3.0257136e+00
  -9.8098143e+00   9.1163418e+00   4.2000000e+01   3.5933806e+01   5.7281757e+01  -5.1000000e+01   5.4646923e+00
  -1.0377673e+01   9.3725689e+00   4.2000000e+01   3.4241092e+01   5.7377783e+01  -5.1000000e+01   7.4925679e+00
  -9.9443548e+00   7.5567587e+00   4.2000000e+01   3.4697108e+01   5.7199757e+01  -5.1000000e+01   9.9855474e+00
  -9.0966388e+00   1.3043310e+00   4.2000000e+01   3.9185856e+01   5.5000047e+01  -5.1000000e+01   1.2622333e+01
  -1.2445720e+01   7.4847518e+00   4.2000000e+01   3.4177067e+01   5.8361170e+01  -5.1000000e+01   1.2352413e+01
  -1.0283737e+01   9.2921567e+00   4.2000000e+01   3.0672311e+01   5.6966210e+01  -5.1000000e+01   1.4248850e+01
  -1.4317197e+01   9.4452270e+00   4.2000000e+01   2.6830658e+01   5.8340774e+01  -5.1000000e+01   1.6171635e+01
  -1.2793733e+01   1.4225677e+01   4.2000000e+01   2.1602904e+01   5.7165147e+01  -5.1000000e+01   1.8188200e+01
  -1.4248804e+01   1.4040050e+01   4.2000000e+01   1.8998175e+01   5.7566259e+01  -5.1000000e+01   2.1141292e+01
  -1.6984006e+01   1.3349312e+01   4.2000000e+01   1.7086947e+01   5.9276066e+01  -5.1000000e+01   2.2103022e+01
  -1.5868885e+01   1.5592272e+01   4.2000000e+01   1.5134193e+01   5.8026081e+01  -5.1000000e+01   2.3740110e+01
  -1.6743423e+01   1.7245267e+01   4.2000000e+01   1.1690708e+01   5.7331247e+01  -5.1000000e+01   2.5950205e+01
  -1.6347751e+01   1.8186051e+01   4.2000000e+01   9.2761292e+00   5.5251341e+01  -5.1000000e+01   2.8694206e+01
  -1.7580888e+01   1.8331437e+01   4.2000000e+01   7.7652353e+00   5.4918037e+01  -5.1000000e+01   2.9145186e+01
  -1.9102920e+01   1.8722846e+01   4.2000000e+01   3.2568459e+00   5.3361359e+01  -5.1000000e+01   3.2702443e+01
  -1.9208633e+01   2.0756205e+01   4.2000000e+01  -1.5495625e-01   5.1226440e+01  -5.1000000e+01   3.6336759e+01
  -2.1128644e+01   2.0610450e+01   4.2000000e+01  -3.0735488e+00   4.8388346e+01  -5.1000000e+01   3.8841809e+01
  -2.1904419e+01   2.2302761e+01   4.2000000e+01  -7.0520542e+00   4.6831440e+01  -5.1000000e+01   4.3885187e+01
  -2.5870405e+01   2.3037385e+01   4.2000000e+01  -1.1214894e+01   4.6249038e+01  -5.1000000e+01   4.6616235e+01
  -2.9985334e+01   2.1822794e+01   4.2000000e+01  -1.3159071e+01   4.4492815e+01  -5.1000000e+01   5.0104972e+01
  -3.2548869e+01   2.2281680e+01   4.2000000e+01  -1.5874176e+01   4.1950643e+01  -5.1000000e+01   5.5562763e+01
  -3.5161043e+01   2.5035307e+01   4.2000000e+01  -2.0741510e+01   3.6835267e+01  -5.1000000e+01   5.7974595e+01
  -3.2592299e+01   2.4871311e+01   4.2000000e+01  -2.3635788e+01   2.9865739e+01  -5.1000000e+01   5.9656938e+01
  -3.3084421e+01   2.5653023e+01   4.2000000e+01  -2.8638398e+01   2.3329872e+01  -5.1000000e+01   5.9532502e+01
  -3.1227809e+01   2.7986819e+01   4.2000000e+01  -3.3010631e+01   1.7290226e+01  -5.1000000e+01   5.7785556e+01
  -3.0339205e+01   2.7934615e+01   4.2000000e+01  -3.7035047e+01   1.4066032e+01  -5.1000000e+01   5.4922047e+01
  -2.9290929e+01   2.5681217e+01   4.2000000e+01  -3.8981453e+01   1.2272754e+01  -5.1000000e+01   5.3190093e+01
  -2.7187572e+01   2.3299770e+01   4.2000000e+01  -3.9624988e+01   1.0031695e+01  -5.1000000e+01   5.1050589e+01
  -2.6697497e+01   2.0821647e+01   4.2000000e+01  -3.9760111e+01   8.5670479e+00  -5.1000000e+01   4.6824496e+01
  -2.6807264e+01   2.0437076e+01   4.2000000e+01  -4.1344346e+01   8.3515559e+00  -5.1000000e+01   4.1688141e+01
  -2.1789711e+01   2.1763807e+01   4.2000000e+01  -3.9322397e+01   8.9770257e+00  -5.1000000e+01   3.9255569e+01
  -1.9747828e+01   2.1917602e+01   4.2000000e+01  -3.8617543e+01   1.1958141e+01  -5.1000000e+01   3.7291220e+01
  -1.9010435e+01   2.0033596e+01   4.2000000e+01  -3.6140740e+01   1.6129396e+01  -5.1000000e+01   3.4641596e+01
  -1.8660725e+01   1.4773303e+01   4.2000000e+01  -3.8178207e+01   1.2547264e+01  -5.1000000e+01   2.4577254e+01
  -1.7234882e+01   1.2645442e+01   4.2000000e+01  -4.0156808e+01   8.6422985e+00  -5.1000000e+01   1.4969035e+01
  -1.7595971e+01   1.1133572e+01   4.2000000e+01  -3.8874339e+01   2.6248304e+00  -5.1000000e+01   5.3298786e+00
  -1.4950981e+01   1.3491010e+01   4.2000000e+01  -3.4274664e+01   6.5332268e+00  -5.1000000e+01  -3.4052659e+00
  -1.0703530e+01   1.2204633e+01   4.2000000e+01  -2.6279723e+01   1.6131802e+01  -5.1000000e+01  -1.2143770e+01
  -8.2945663e+00   1.0008258e+01   4.2000000e+01  -1.6010072e+01   2.7232642e+01  -5.1000000e+01  -1.7526343e+01
  -3.6472870e+00   7.3267607e+00   4.2000000e+01  -4.0460460e+00   3.7414375e+01  -5.1000000e+01  -1.8752733e+01
  -1.1557215e+00   5.3984786e+00   4.2000000e+01   7.9321085e+00   4.5862544e+01  -5.1000000e+01  -1.8064472e+01
  -5.8532260e-01   2.4102092e+00   4.2000000e+01   2.0085274e+01   4.8671378e+01  -5.1000000e+01  -1.7600945e+01
   3.6066600e-01   7.8148988e-01   4.2000000e+01   3.2188074e+01   4.8339141e+01  -5.1000000e+01  -1.7659975e+01
  -9.2782433e+00   7.4505935e+00   4.2000000e+01   4.1021848e+01   3.7562778e+01  -5.1000000e+01  -5.9861094e+00
  -2.2327347e-01   1.0186947e+00   4.2000000e+01   4.9871793e+01   4.4931562e+01  -5.1000000e+01  -9.3656902e+00
  -4.3856101e-01  -5.5940144e-02   4.2000000e+01   5.3944013e+01   4.9084946e+01  -5.1000000e+01  -1.1333415e+01
  -1.7533783e+00   2.2126230e-02   4.2000000e+01   5.4873459e+01   5.2224974e+01  -5.1000000e+01  -1.0342485e+01
  -3.2630538e+00  -2.8681332e-01   4.2000000e+01   5.3922309e+01   5.3714064e+01  -5.1000000e+01  -8.1539974e+00
  -3.9404739e+00   4.1599587e-01   4.2000000e+01   5.2449217e+01   5.4029164e+01  -5.1000000e+01  -6.8242239e+00
  -4.8783663e+00   1.3276074e+00   4.2000000e+01   5.0461285e+01   5.3902256e+01  -5.1000000e+01  -5.3632077e+00
  -5.7384621e+00   2.6825414e+00   4.2000000e+01   4.7552763e+01   5.3914025e+01  -5.1000000e+01  -3.5682265e+00
  -5.2340043e+00   4.9571932e+00   4.2000000e+01   4.4768725e+01   5.2777447e+01  -5.1000000e+01  -3.9612106e+00
  -7.9585198e+00   4.5600069e+00   4.2000000e+01   4.2787031e+01   5.4317329e+01  -5.1000000e+01  -1.0158249e+00
  -9.3137792e+00   4.7934778e+00   4.2000000e+01   4.1929475e+01   5.5401977e+01  -5.1000000e+01  -3.8820066e-01
  -1.0662268e+01   5.6605196e+00   4.2000000e+01   4.0691499e+01   5.6997898e+01  -5.1000000e+01   1.5211944e+00
  -1.0249151e+01   6.7850392e+00   4.2000000e+01   3.9124438e+01   5.5844999e+01  -5.1000000e+01   2.2741623e+00
  -1.0584005e+01   8.4031145e+00   4.2000000e+01   3.5789650e+01   5.5255408e+01  -5.1000000e+01   3.3201299e+00
  -1.0105420e+01   1.0227788e+01   4.2000000e+01   3.3681244e+01   5.3619707e+01  -5.1000000e+01   4.0120165e+00
  -1.0446059e+01   1.1150006e+01   4.2000000e+01   3.2503044e+01   5.3016334e+01  -5.1000000e+01   4.8478291e+00
  -1.0198246e+01   1.2512190e+01   4.2000000e+01   3.1759353e+01   5.3090364e+01  -5.1000000e+01   4.0065012e+00
  -1.1586449e+01   1.2137052e+01   4.2000000e+01   3.0197137e+01   5.3385160e+01  -5.1000000e+01   6.5089655e+00
  -1.2898813e+01   1.1470222e+01   4.2000000e+01   2.9421439e+01   5.3748076e+01  -5.1000000e+01   7.4698998e+00
  -1.4583848e+01   1.1849871e+01   4.2000000e+01   2.8065057e+01   5.4691992e+01  -5.1000000e+01   8.7436674e+00
  -1.5527979e+01   1.1129198e+01   4.2000000e+01   2.7064394e+01   5.4769274e+01  -5.1000000e+01   1.1641429e+01
  -1.5772335e+01   1.1563511e+01   4.2000000e+01   2.4584104e+01   5.3080822e+01  -5.1000000e+01   1.3384467e+01
  -1.5936188e+01   1.2705804e+01   4.2000000e+01   2.2691675e+01   5.2734755e+01  -5.1000000e+01   1.4699513e+01
  -1.4323556e+01   1.4724328e+01   4.2000000e+01   1.9791586e+01   4.9755197e+01  -5.1000000e+01   1.6883846e+01
  -1.6118589e+01   1.4264456e+01   4.2000000e+01   1.8171202e+01   5.0536691e+01  -5.1000000e+01   1.7944763e+01
  -1.6047599e+01   1.5551485e+01   4.2000000e+01   1.5588544e+01   4.8220418e+01  -5.1000000e+01   1.8609011e+01
  -1.7253948e+01   1.6147911e+01   4.2000000e+01   1.2352908e+01   4.6672307e+01  -5.1000000e+01   1.9895951e+01
  -1.8097061e+01   1.6506094e+01   4.2000000e+01   8.6251414e+00   4.6158904e+01  -5.1000000e+01   2.4217880e+01
  -1.7464597e+01   1.8665017e+01   4.2000000e+01   4.3361901e+00   4.1134606e+01  -5.1000000e+01   2.7040657e+01
  -1.8316061e+01   1.9994947e+01   4.2000000e+01  -1.6231755e+00   3.8687145e+01  -5.1000000e+01   3.0715145e+01
  -1.9844570e+01   2.1154976e+01   4.2000000e+01  -6.1334446e+00   3.7208271e+01  -5.1000000e+01   3.5649973e+01
  -2.1977098e+01   2.2703793e+01   4.2000000e+01  -1.0548630e+01   3.5421599e+01  -5.1000000e+01   4.0679231e+01
  -2.6449058e+01   2.2188959e+01   4.2000000e+01  -1.4566033e+01   3.5037430e+01  -5.1000000e+01   4.3553579e+01
  -2.8691181e+01   2.3292031e+01   4.2000000e+01  -1.8000692e+01   3.1153995e+01  -5.1000000e+01   4.6389419e+01
  -2.9901204e+01   2.3688516e+01   4.2000000e+01  -2.2787477e+01   2.4930425e+01  -5.1000000e+01   4.7620792e+01
  -3.0487862e+01   2.1207921e+01   4.2000000e+01  -2.7079604e+01   2.1497177e+01  -5.1000000e+01   4.6929698e+01
  -2.8368066e+01   1.8642878e+01   4.2000000e+01  -2.7949826e+01   2.0368734e+01  -5.1000000e+01   4.4448271e+01
  -2.6746483e+01   1.5199410e+01   4.2000000e+01  -3.0502427e+01   1.6732819e+01  -5.1000000e+01   3.5139196e+01
  -2.5187636e+01   1.2182768e+01   4.2000000e+01  -3.0840739e+01   2.0653223e+01  -5.1000000e+01   2.6177106e+01
  -2.2683846e+01   1.0933040e+01   4.2000000e+01  -2.8501233e+01   2.2978728e+01  -5.1000000e+01   1.5995078e+01
  -1.9041181e+01   9.4405920e+00   4.2000000e+01  -2.2770725e+01   2.5623346e+01  -5.1000000e+01   5.4381501e+00
  -1.2011717e+01   1.0972650e+01   4.2000000e+01  -1.5375238e+01   3.4711976e+01  -5.1000000e+01  -4.9900215e+00
  -2.8001132e+00   9.5454292e+00   4.2000000e+01  -3.7674734e+00   4.3825705e+01  -5.1000000e+01  -1.2667835e+01
   8.2964019e-01   6.6486462e+00   4.2000000e+01   7.9290108e+00   5.1397818e+01  -5.1000000e+01  -1.4818712e+01
   2.9074007e+00   1.9606068e+00   4.2000000e+01   2.0001593e+01   5.4142384e+01  -5.1000000e+01  -1.3086458e+01
   3.4687502e-01  -3.5394263e+00   4.2000000e+01   3.1235885e+01   5.6461286e+01  -5.1000000e+01  -1.5101003e+01
   3.9595181e+00  -4.8043867e+00   4.2000000e+01   4.2525951e+01   5.5173240e+01  -5.1000000e+01  -1.8138107e+01
   4.3553450e+00  -3.8958496e+00   4.2000000e+01   5.3455794e+01   5.4339923e+01  -5.1000000e+01  -1.8745452e+01
   1.3268600e+00  -3.0646574e+00   4.2000000e+01   6.3337142e+01   5.3766911e+01  -5.1000000e+01  -1.7875285e+01
  -3.7111389e-01  -3.5057801e+00   4.2000000e+01   6.5237642e+01   5.6876075e+01  -5.1000000e+01  -1.6374867e+01
  -1.0087783e+00  -3.3899785e+00   4.2000000e+01   6.3345193e+01   5.7093375e+01  -5.1000000e+01  -1.2929882e+01
  -1.7252610e+00  -1.6499596e+00   4.2000000e+01   5.9600707e+01   5.6280539e+01  -5.1000000e+01  -9.3547738e+00
  -3.3632231e+00  -2.0341629e-01   4.2000000e+01   5.4483855e+01   5.5481629e+01  -5.1000000e+01  -4.7940923e+00
  -6.0752461e+00   7.2636166e-01   4.2000000e+01   5.0254674e+01   5.5978998e+01  -5.1000000e+01  -1.8290868e+00
  -8.3254090e+00   2.5455292e+00   4.2000000e+01   4.4922087e+01   5.6552877e+01  -5.1000000e+01   2.1055114e+00
  -1.0253520e+01   3.4540648e+00   4.2000000e+01   4.1317068e+01   5.6856906e+01  -5.1000000e+01   5.0396532e+00
  -1.0457988e+01   6.2025326e+00   4.2000000e+01   3.6635992e+01   5.5504329e+01  -5.1000000e+01   7.5250829e+00
  -1.0886470e+01   6.7290341e+00   4.2000000e+01   3.3794745e+01   5.3739358e+01  -5.1000000e+01   9.3495342e+00
  -1.0829030e+01   1.0207040e+01   4.2000000e+01   2.9527733e+01   5.2689885e+01  -5.1000000e+01   1.0672522e+01
  -1.2076438e+01   1.0389466e+01   4.2000000e+01   2.9232178e+01   5.4069478e+01  -5.1000000e+01   1.1466069e+01
  -1.1348620e+01   1.0422562e+01   4.2000000e+01   2.8651692e+01   5.4237026e+01  -5.1000000e+01   1.3080187e+01
  -1.0353563e+01   6.7352014e+00   4.2000000e+01   3.0837598e+01   5.3141840e+01  -5.1000000e+01   1.4617511e+01
  -9.6993066e+00   8.2985808e+00   4.2000000e+01   2.9413068e+01   5.1564831e+01  -5.1000000e+01   1.5910403e+01
  -1.1621258e+01   1.0077347e+01   4.2000000e+01   2.6955972e+01   5.3142946e+01  -5.1000000e+01   1.8169719e+01
  -1.3787781e+01   1.1055643e+01   4.2000000e+01   2.2941897e+01   5.5144297e+01  -5.1000000e+01   1.9527464e+01
  -1.4285682e+01   1.3484563e+01   4.2000000e+01   1.7581122e+01   5.5024469e+01  -5.1000000e+01   2.0896169e+01
  -1.4909969e+01   1.6955716e+01   4.2000000e+01   1.2141970e+01   5.2956105e+01  -5.1000000e+01   2.2671874e+01
  -1.4758611e+01   1.8510439e+01   4.2000000e+01   8.7401227e+00   5.0925786e+01  -5.1000000e+01   2.3654214e+01
  -1.4599692e+01   1.9531603e+01   4.2000000e+01   5.6128980e+00   4.8924692e+01  -5.1000000e+01   2.5880885e+01
  -1.5960071e+01   1.9786816e+01   4.2000000e+01   4.3093308e+00   4.7436462e+01  -5.1000000e+01   2.7137647e+01
  -1.8260925e+01   1.9099726e+01   4.2000000e+01   8.1389072e-01   4.6348947e+01  -5.1000000e+01   3.0803384e+01
  -1.6329160e+01   2.1644829e+01   4.2000000e+01  -2.4394136e+00   4.3403099e+01  -5.1000000e+01   3.4803890e+01
  -1.8025144e+01   2.2617317e+01   4.2000000e+01  -6.3675331e+00   4.2161728e+01  -5.1000000e+01   3.7986219e+01
  -1.8741674e+01   2.5439152e+01   4.2000000e+01  -1.2371270e+01   3.9002285e+01  -5.1000000e+01   4.3893128e+01
  -2.0792518e+01   2.6471810e+01   4.2000000e+01  -1.5064638e+01   3.6907610e+01  -5.1000000e+01   4.7836980e+01
  -2.5184663e+01   2.5439711e+01   4.2000000e+01  -1.8230457e+01   3.6538305e+01  -5.1000000e+01   4.9759619e+01
  -2.7328475e+01   2.6421762e+01   4.2000000e+01  -2.1805073e+01   3.2140523e+01  -5.1000000e+01   5.2639136e+01
  -3.1454395e+01   2.4806010e+01   4.2000000e+01  -2.5665508e+01   2.8826304e+01  -5.1000000e+01   5.5302323e+01
  -3.2721534e+01   2.2346360e+01   4.2000000e+01  -2.9327789e+01   2.5214745e+01  -5.1000000e+01   5.6827181e+01
  -3.1826263e+01   2.0550212e+01   4.2000000e+01  -3.2392403e+01   2.1177466e+01  -5.1000000e+01   5.5682816e+01
  -3.1942127e+01   1.8961125e+01   4.2000000e+01  -3.5240603e+01   2.1177751e+01  -5.1000000e+01   5.3716779e+01
  -3.0802526e+01   1.5989623e+01   4.2000000e+01  -3.6371485e+01   2.0223463e+01  -5.1000000e+01   4.8528253e+01
  -2.5425445e+01   2.1591099e+01   4.2000000e+01  -3.7973222e+01   2.9966690e+01  -5.1000000e+01   5.7392178e+01
  -2.0766863e+01   1.3992993e+01   4.2000000e+01  -3.6986909e+01   3.0698582e+01  -5.1000000e+01   4.7253199e+01
  -1.7644670e+01   1.0034870e+01   4.2000000e+01  -3.4205187e+01   2.7207673e+01  -5.1000000e+01   3.5741615e+01
  -1.2774085e+01   9.1658772e+00   4.2000000e+01  -2.8488990e+01   2.6668719e+01  -5.1000000e+01   2.3914641e+01
  -1.0408161e+01   7.4950532e+00   4.2000000e+01  -1.9909652e+01   3.2218860e+01  -5.1000000e+01   1.2196283e+01
  -6.0796463e+00   4.2438714e+00   4.2000000e+01  -8.6563229e+00   3.7239069e+01  -5.1000000e+01   8.3495858e-01
  -1.3009553e-01   4.0265827e+00   4.2000000e+01   3.4728477e+00   4.4142627e+01  -5.1000000e+01  -6.8403074e+00
   4.6965300e+00   3.3693742e+00   4.2000000e+01   1.5554371e+01   4.9407770e+01  -5.1000000e+01  -1.0403951e+01
   2.9093701e+00  -3.6005959e+00   4.2000000e+01   2.7445717e+01   5.2287933e+01  -5.1000000e+01  -1.2141559e+01
   3.6414159e+00  -6.3132520e+00   4.2000000e+01   3.8920482e+01   5.3866799e+01  -5.1000000e+01  -1.5150951e+01
   5.7398923e+00  -7.5782417e+00   4.2000000e+01   5.0110161e+01   5.3443209e+01  -5.1000000e+01  -2.0364952e+01
   5.4229146e+00  -6.7181698e+00   4.2000000e+01   6.0431803e+01   5.3923091e+01  -5.1000000e+01  -2.3912459e+01
   2.4668357e+00  -6.2412495e+00   4.2000000e+01   6.8888408e+01   5.2699984e+01  -5.1000000e+01  -2.6241833e+01
   8.3723593e-01  -6.2033966e+00   4.2000000e+01   7.0480417e+01   5.5862947e+01  -5.1000000e+01  -2.4417795e+01
  -3.1673631e-01  -4.3828085e+00   4.2000000e+01   6.7922526e+01   5.8121940e+01  -5.1000000e+01  -2.1549692e+01
  -1.0496371e+00  -2.0607097e+00   4.2000000e+01   6.4123061e+01   5.8365894e+01  -5.1000000e+01  -2.0135219e+01
  -2.7187565e+00  -2.6987705e+00   4.2000000e+01   6.1356013e+01   5.6943078e+01  -5.1000000e+01  -1.5188421e+01
  -3.6042435e+00  -1.2487081e+00   4.2000000e+01   5.7388301e+01   5.5331198e+01  -5.1000000e+01  -1.1108527e+01
  -4.1850272e+00   7.0652442e-01   4.2000000e+01   5.2776048e+01   5.4214971e+01  -5.1000000e+01  -6.7759860e+00
  -5.9591109e+00   1.5614730e+00   4.2000000e+01   4.8667074e+01   5.3002123e+01  -5.1000000e+01  -3.2060165e+00
  -5.6356944e+00   3.7188516e+00   4.2000000e+01   4.4896905e+01   5.1373976e+01  -5.1000000e+01  -2.0699109e-01
  -6.6246100e+00   4.4118974e+00   4.2000000e+01   4.2432573e+01   5.1405693e+01  -5.1000000e+01   2.3683856e+00
  -8.9438720e+00   3.4781628e+00   4.2000000e+01   4.2058491e+01   5.4605363e+01  -5.1000000e+01   5.4012458e+00
  -5.8212155e+00   6.6532908e+00   4.2000000e+01   3.9404041e+01   5.2730993e+01  -5.1000000e+01   6.4588435e+00
  -1.0306600e+01   6.7184522e+00   4.2000000e+01   3.7250891e+01   5.7419595e+01  -5.1000000e+01   8.0437289e+00
  -1.1099346e+01   5.5800184e+00   4.2000000e+01   3.7276396e+01   5.9322431e+01  -5.1000000e+01   9.3549274e+00
  -7.6728183e+00   6.5516408e+00   4.2000000e+01   3.7926639e+01   5.7439540e+01  -5.1000000e+01   9.6162365e+00
  -7.7836289e+00   8.0450804e+00   4.2000000e+01   3.7533098e+01   5.7786477e+01  -5.1000000e+01   1.0226584e+01
  -8.4031226e+00   1.0281628e+01   4.2000000e+01   3.4095171e+01   5.8669177e+01  -5.1000000e+01   1.2097707e+01
  -8.0850689e+00   1.4236345e+01   4.2000000e+01   2.9247126e+01   5.7952153e+01  -5.1000000e+01   1.3130145e+01
  -7.1988684e+00   1.6315441e+01   4.2000000e+01   2.4092035e+01   5.5498920e+01  -5.1000000e+01   1.5718132e+01
  -1.2831451e+01   1.2564679e+01   4.2000000e+01   2.2642513e+01   5.6937535e+01  -5.1000000e+01   1.8032796e+01
  -1.3551580e+01   1.2998431e+01   4.2000000e+01   2.1119364e+01   5.7355978e+01  -5.1000000e+01   1.9989531e+01
  -1.4564593e+01   1.3967738e+01   4.2000000e+01   1.9145411e+01   5.9003812e+01  -5.1000000e+01   2.1497553e+01
  -1.5090114e+01   1.6222670e+01   4.2000000e+01   1.6204354e+01   5.7374500e+01  -5.1000000e+01   2.1795014e+01
  -1.4833318e+01   1.7728440e+01   4.2000000e+01   1.1970076e+01   5.5651534e+01  -5.1000000e+01   2.3966546e+01
  -1.6066196e+01   1.7942753e+01   4.2000000e+01   8.5476254e+00   5.3733345e+01  -5.1000000e+01   2.7604161e+01
  -1.6752241e+01   2.0264613e+01   4.2000000e+01   1.7497073e+00   5.1084569e+01  -5.1000000e+01   2.9340345e+01
