  -1.7500870e+01   1.1369397e+01   6.3936910e+01   2.3970400e+01   2.9157155e+01  -4.1946133e+01   1.9978389e+00
  -1.9073192e+01   1.3813456e+01   4.9944240e+01   1.2096600e+01   2.8161929e+01  -4.2078412e+01   2.2618595e+00
  -1.0520933e+01   8.9795243e+00   4.1000000e+01   2.3636392e+01   3.8638838e+01  -5.0000000e+01   9.7939484e+00
  -1.0728165e+01   7.5556283e+00   4.1000000e+01   3.2546355e+01   4.7581910e+01  -5.0000000e+01   1.3462590e+01
  -1.2083755e+01   7.9785981e+00   4.1000000e+01   3.4986166e+01   5.3550421e+01  -5.0000000e+01   1.4714015e+01
  -1.6051751e+01   1.2517454e+01   4.1000000e+01   3.1204061e+01   5.6074831e+01  -5.0000000e+01   1.5346192e+01
  -2.0534260e+01   1.5700481e+01   4.1000000e+01   2.4836523e+01   5.7374318e+01  -5.0000000e+01   1.7391766e+01
  -2.4053125e+01   1.8922911e+01   4.1000000e+01   1.9876950e+01   5.6462792e+01  -5.0000000e+01   1.9181679e+01
  -2.6484730e+01   2.2063660e+01   4.1000000e+01   1.5014977e+01   5.3492031e+01  -5.0000000e+01   2.0359047e+01
  -2.8777965e+01   2.3449607e+01   4.1000000e+01   1.1689410e+01   5.1828806e+01  -5.0000000e+01   2.2606897e+01
  -3.2118075e+01   2.4119196e+01   4.1000000e+01   7.5781783e+00   5.0956514e+01  -5.0000000e+01   2.4204466e+01
  -3.3045256e+01   2.4946845e+01   4.1000000e+01   4.0853154e+00   5.1246201e+01  -5.0000000e+01   2.9351909e+01
  -3.5451221e+01   2.7177655e+01   4.1000000e+01  -4.1662845e-01   4.7168742e+01  -5.0000000e+01   3.3092382e+01
  -3.8130954e+01   3.0836096e+01   4.1000000e+01  -7.3369773e+00   4.2457120e+01  -5.0000000e+01   3.8624974e+01
  -4.4098763e+01   3.3354909e+01   4.1000000e+01  -1.3294601e+01   3.8544698e+01  -5.0000000e+01   4.4352173e+01
  -4.6770905e+01   3.7543869e+01   4.1000000e+01  -1.8511825e+01   3.5981452e+01  -5.0000000e+01   4.7600428e+01
  -4.8640860e+01   3.3034943e+01   4.1000000e+01  -2.1200920e+01   3.5036171e+01  -5.0000000e+01   5.0657270e+01
  -4.7737420e+01   3.0096695e+01   4.1000000e+01  -2.4514803e+01   3.2692524e+01  -5.0000000e+01   5.2246216e+01
  -4.6672484e+01   2.8287799e+01   4.1000000e+01  -2.8532503e+01   2.9963682e+01  -5.0000000e+01   5.1972424e+01
  -4.2023635e+01   2.3746766e+01   4.1000000e+01  -3.1547041e+01   2.3890956e+01  -5.0000000e+01   4.5458740e+01
  -3.7018490e+01   2.5483473e+01   4.1000000e+01  -3.4696232e+01   1.9152508e+01  -5.0000000e+01   3.8307228e+01
  -3.2828353e+01   2.3875066e+01   4.1000000e+01  -3.3317590e+01   1.9933198e+01  -5.0000000e+01   2.9883634e+01
  -2.8431541e+01   1.6383186e+01   4.1000000e+01  -2.7339834e+01   2.3986354e+01  -5.0000000e+01   1.9394000e+01
  -2.2933347e+01   1.0694941e+01   4.1000000e+01  -1.8440613e+01   3.1785023e+01  -5.0000000e+01   8.8340058e+00
  -1.4235906e+01   1.1690378e+01   4.1000000e+01  -7.3787253e+00   3.9648789e+01  -5.0000000e+01  -1.6655991e+00
  -6.2059868e+00   8.3592993e+00   4.1000000e+01   4.6437169e+00   4.7373815e+01  -5.0000000e+01  -7.1186521e+00
  -3.2568894e+00   3.3398671e+00   4.1000000e+01   1.6017330e+01   5.3908732e+01  -5.0000000e+01  -1.1112597e+01
   2.8715865e+00  -1.8626536e+00   4.1000000e+01   2.7331316e+01   5.6286009e+01  -5.0000000e+01  -1.3059480e+01
   7.9783919e+00  -6.6233869e+00   4.1000000e+01   3.8468143e+01   5.6442997e+01  -5.0000000e+01  -1.6170463e+01
   1.2847355e+01  -1.0221550e+01   4.1000000e+01   4.9330184e+01   5.5621355e+01  -5.0000000e+01  -1.8375877e+01
   1.4695376e+01  -1.2022400e+01   4.1000000e+01   5.9739609e+01   5.4596329e+01  -5.0000000e+01  -2.1703569e+01
   1.2962585e+01  -1.1438850e+01   4.1000000e+01   6.9915499e+01   5.2347442e+01  -5.0000000e+01  -2.3596096e+01
   1.1173417e+01  -1.0179745e+01   4.1000000e+01   7.2411209e+01   5.4695209e+01  -5.0000000e+01  -2.3077514e+01
   7.5718324e+00  -6.8529214e+00   4.1000000e+01   6.9186951e+01   5.5407038e+01  -5.0000000e+01  -2.1286478e+01
   5.7367328e+00  -5.8954369e+00   4.1000000e+01   6.6680861e+01   5.5115372e+01  -5.0000000e+01  -1.6725590e+01
   3.2103450e+00  -4.2148633e+00   4.1000000e+01   6.1946926e+01   5.3883067e+01  -5.0000000e+01  -1.1384926e+01
   1.6115089e+00  -4.0000706e+00   4.1000000e+01   5.8638046e+01   5.3451370e+01  -5.0000000e+01  -7.2111734e+00
  -1.3869481e+00  -7.5717336e-03   4.1000000e+01   5.4090450e+01   5.3407388e+01  -5.0000000e+01  -5.2915278e+00
  -2.5448979e+00   1.0953105e+00   4.1000000e+01   5.2043753e+01   5.3564251e+01  -5.0000000e+01  -3.6073712e+00
  -3.0522417e+00   1.0064907e+00   4.1000000e+01   5.1289076e+01   5.4516390e+01  -5.0000000e+01  -2.0396177e+00
  -4.0880566e+00   2.5824671e+00   4.1000000e+01   5.0199172e+01   5.5971593e+01  -5.0000000e+01  -4.2126897e-01
  -6.1589887e+00   4.7241914e+00   4.1000000e+01   4.8839743e+01   5.7815832e+01  -5.0000000e+01   6.1278580e-01
  -5.6105846e+00   4.0684760e+00   4.1000000e+01   4.8873420e+01   5.7581309e+01  -5.0000000e+01   1.0818342e+00
  -5.0730962e+00   2.0345513e+00   4.1000000e+01   4.9483170e+01   5.7949389e+01  -5.0000000e+01   3.3710179e+00
  -4.5236110e+00   1.0215431e+00   4.1000000e+01   5.0742758e+01   5.8599061e+01  -5.0000000e+01   5.2685744e+00
  -6.1399926e+00   1.9542750e+00   4.1000000e+01   5.0029240e+01   5.9746454e+01  -5.0000000e+01   7.2843259e+00
  -7.1303468e+00   1.9155497e+00   4.1000000e+01   4.9272741e+01   6.1090246e+01  -5.0000000e+01   9.6443380e+00
  -9.6593342e+00   7.9495346e+00   4.1000000e+01   4.3846049e+01   6.0082599e+01  -5.0000000e+01   1.2297649e+01
  -1.3140482e+01   1.2310272e+01   4.1000000e+01   3.7026635e+01   6.0610428e+01  -5.0000000e+01   1.3085400e+01
  -1.7577933e+01   1.6177728e+01   4.1000000e+01   3.1164616e+01   6.0656937e+01  -5.0000000e+01   1.4126266e+01
  -1.9717148e+01   1.8573190e+01   4.1000000e+01   2.6662720e+01   5.9787788e+01  -5.0000000e+01   1.5637514e+01
  -2.3024835e+01   2.0852137e+01   4.1000000e+01   2.1825619e+01   5.9040950e+01  -5.0000000e+01   1.7495454e+01
  -2.6400345e+01   2.2552775e+01   4.1000000e+01   1.7410439e+01   5.7771606e+01  -5.0000000e+01   1.9560112e+01
  -2.7346903e+01   2.1843959e+01   4.1000000e+01   1.6092249e+01   5.7944326e+01  -5.0000000e+01   2.2142757e+01
  -3.0815570e+01   2.4197392e+01   4.1000000e+01   1.0328386e+01   5.6063811e+01  -5.0000000e+01   2.4151637e+01
  -3.4338227e+01   2.9709128e+01   4.1000000e+01   6.4430414e-01   4.7802262e+01  -5.0000000e+01   2.8884863e+01
  -3.7677074e+01   3.3577987e+01   4.1000000e+01  -6.4918115e+00   4.3178369e+01  -5.0000000e+01   3.3879871e+01
  -4.1948718e+01   3.6825654e+01   4.1000000e+01  -1.1486787e+01   3.6845712e+01  -5.0000000e+01   3.9591455e+01
  -4.9076386e+01   3.8690510e+01   4.1000000e+01  -1.7545674e+01   3.4271775e+01  -5.0000000e+01   4.4881166e+01
  -5.3109710e+01   4.1355309e+01   4.1000000e+01  -2.2134896e+01   3.3307800e+01  -5.0000000e+01   4.8650541e+01
  -5.7409911e+01   4.3612933e+01   4.1000000e+01  -2.5288342e+01   2.8827514e+01  -5.0000000e+01   5.3013991e+01
  -5.9693871e+01   3.9492840e+01   4.1000000e+01  -2.7630784e+01   2.3687502e+01  -5.0000000e+01   5.3861143e+01
  -6.0081810e+01   4.0825131e+01   4.1000000e+01  -3.2120993e+01   1.8113038e+01  -5.0000000e+01   5.4575053e+01
  -5.7716377e+01   3.9143550e+01   4.1000000e+01  -3.5405389e+01   1.3853307e+01  -5.0000000e+01   5.4943408e+01
  -5.6526136e+01   3.6796250e+01   4.1000000e+01  -3.8041502e+01   9.6070748e+00  -5.0000000e+01   5.4239947e+01
  -5.4171200e+01   3.4579087e+01   4.1000000e+01  -3.9850634e+01   5.9592169e+00  -5.0000000e+01   4.6794144e+01
  -5.1553859e+01   3.0823742e+01   4.1000000e+01  -3.8774115e+01   2.6030163e+00  -5.0000000e+01   3.9493433e+01
  -4.7947276e+01   2.9294527e+01   4.1000000e+01  -3.7921806e+01   4.6086043e+00  -5.0000000e+01   3.3390329e+01
  -4.4584928e+01   2.8731993e+01   4.1000000e+01  -3.6913879e+01   8.3724965e+00  -5.0000000e+01   2.9536163e+01
  -3.9964001e+01   2.5175979e+01   4.1000000e+01  -3.8597935e+01   1.2575962e+01  -5.0000000e+01   2.0922403e+01
  -3.5278224e+01   2.2463642e+01   4.1000000e+01  -3.7606131e+01   1.2306453e+01  -5.0000000e+01   1.1691433e+01
  -3.1329836e+01   2.1986943e+01   4.1000000e+01  -3.6858978e+01   1.0820625e+01  -5.0000000e+01   2.3406882e+00
  -2.9511182e+01   2.0418845e+01   4.1000000e+01  -3.2980905e+01   1.0438875e+01  -5.0000000e+01  -7.5268124e+00
  -2.5009419e+01   1.8458701e+01   4.1000000e+01  -2.5847466e+01   1.1198591e+01  -5.0000000e+01  -1.7625410e+01
  -2.1131744e+01   1.4464023e+01   4.1000000e+01  -1.6157544e+01   1.9433069e+01  -5.0000000e+01  -2.6861566e+01
  -1.3972334e+01   9.6924060e+00   4.1000000e+01  -5.1912622e+00   2.8829042e+01  -5.0000000e+01  -3.3960924e+01
  -7.7128070e+00   5.8924848e+00   4.1000000e+01   4.5672554e+00   3.9835594e+01  -5.0000000e+01  -3.1563975e+01
  -3.8087924e+00   3.9225419e+00   4.1000000e+01   1.5643793e+01   4.9410381e+01  -5.0000000e+01  -2.5942825e+01
  -2.9338933e-01   1.6550679e+00   4.1000000e+01   2.7543012e+01   5.2808610e+01  -5.0000000e+01  -2.0394694e+01
   1.3745384e+00   2.9039465e+00   4.1000000e+01   3.9605985e+01   5.1756455e+01  -5.0000000e+01  -1.7289913e+01
   1.0651255e+00   3.2421187e+00   4.1000000e+01   5.1346286e+01   5.0080106e+01  -5.0000000e+01  -1.4160020e+01
   3.7547612e+00  -1.4959772e+00   4.1000000e+01   5.9610995e+01   5.3744539e+01  -5.0000000e+01  -1.2706238e+01
   5.0463933e+00  -2.9805850e+00   4.1000000e+01   6.2702469e+01   5.6707784e+01  -5.0000000e+01  -1.1053713e+01
   4.5111781e+00  -3.5081107e+00   4.1000000e+01   6.2704845e+01   5.8178117e+01  -5.0000000e+01  -9.1555130e+00
   2.8644084e+00  -2.9419890e+00   4.1000000e+01   6.1339911e+01   5.9679697e+01  -5.0000000e+01  -6.8751147e+00
   1.3932808e-01  -2.3910614e-01   4.1000000e+01   5.6961400e+01   5.9002417e+01  -5.0000000e+01  -4.1165258e+00
  -2.0640303e+00   1.2979812e+00   4.1000000e+01   5.3749386e+01   5.9277861e+01  -5.0000000e+01  -9.9169384e-01
  -2.7524390e+00   1.5430542e+00   4.1000000e+01   5.2351677e+01   5.9132957e+01  -5.0000000e+01   1.6587705e+00
  -6.0783792e+00   5.0798095e+00   4.1000000e+01   4.8636893e+01   6.0326050e+01  -5.0000000e+01   3.5997445e+00
  -7.1098524e+00   6.8814019e+00   4.1000000e+01   4.5877559e+01   5.9863927e+01  -5.0000000e+01   5.0826513e+00
  -7.0842326e+00   5.3525756e+00   4.1000000e+01   4.4238845e+01   6.0049618e+01  -5.0000000e+01   8.2742572e+00
  -8.3653037e+00   8.1195146e+00   4.1000000e+01   4.2995971e+01   6.0298637e+01  -5.0000000e+01   9.0639508e+00
  -1.0439701e+01   9.6923728e+00   4.1000000e+01   4.0035744e+01   6.1258079e+01  -5.0000000e+01   1.0590496e+01
  -1.2378061e+01   1.2668388e+01   4.1000000e+01   3.4843751e+01   6.1192081e+01  -5.0000000e+01   1.3350311e+01
  -1.6878758e+01   1.7206553e+01   4.1000000e+01   2.9507620e+01   6.1404456e+01  -5.0000000e+01   1.6655559e+01
  -2.0213459e+01   2.0955624e+01   4.1000000e+01   2.3806251e+01   5.9508883e+01  -5.0000000e+01   1.8556647e+01
  -2.3694775e+01   2.0722050e+01   4.1000000e+01   1.8304302e+01   5.9786355e+01  -5.0000000e+01   1.9913845e+01
  -2.5792467e+01   2.0341170e+01   4.1000000e+01   1.5429685e+01   5.9130430e+01  -5.0000000e+01   2.2707455e+01
  -2.8560341e+01   2.2497187e+01   4.1000000e+01   1.0651692e+01   5.6626342e+01  -5.0000000e+01   2.4480304e+01
  -3.1465824e+01   2.4929426e+01   4.1000000e+01   6.5305682e+00   5.5399751e+01  -5.0000000e+01   2.8497246e+01
  -3.3766172e+01   2.9817548e+01   4.1000000e+01  -1.3121272e+00   4.9732946e+01  -5.0000000e+01   3.3842155e+01
  -3.8102320e+01   3.2917968e+01   4.1000000e+01  -7.6395924e+00   4.5654794e+01  -5.0000000e+01   3.6955331e+01
  -4.0089999e+01   3.5336201e+01   4.1000000e+01  -1.2062471e+01   4.3890866e+01  -5.0000000e+01   4.2905247e+01
  -4.4607948e+01   3.3866080e+01   4.1000000e+01  -1.5574638e+01   4.2997453e+01  -5.0000000e+01   4.6202492e+01
  -4.8508694e+01   3.4940745e+01   4.1000000e+01  -1.9229232e+01   4.2810326e+01  -5.0000000e+01   4.9368644e+01
  -5.1493330e+01   3.4539755e+01   4.1000000e+01  -2.3370241e+01   4.2051077e+01  -5.0000000e+01   5.2209380e+01
  -5.1224951e+01   3.4322286e+01   4.1000000e+01  -2.7850537e+01   3.8576880e+01  -5.0000000e+01   5.3374493e+01
  -4.8865914e+01   3.1967813e+01   4.1000000e+01  -3.1339247e+01   3.4625151e+01  -5.0000000e+01   5.3497738e+01
  -4.7781484e+01   2.9683452e+01   4.1000000e+01  -3.2977397e+01   2.7740695e+01  -5.0000000e+01   5.3353780e+01
  -4.4200126e+01   2.7217717e+01   4.1000000e+01  -3.5786037e+01   2.1436946e+01  -5.0000000e+01   4.6296441e+01
  -4.0617010e+01   2.4676138e+01   4.1000000e+01  -3.8980245e+01   2.1446718e+01  -5.0000000e+01   3.8675446e+01
  -3.3819046e+01   2.4574325e+01   4.1000000e+01  -3.7331362e+01   2.0101715e+01  -5.0000000e+01   3.1165056e+01
  -2.7502244e+01   1.9663544e+01   4.1000000e+01  -3.1225379e+01   2.2733156e+01  -5.0000000e+01   2.1691041e+01
  -2.4737347e+01   1.4895227e+01   4.1000000e+01  -2.7029709e+01   2.8576809e+01  -5.0000000e+01   1.1608131e+01
  -1.9966656e+01   1.2357272e+01   4.1000000e+01  -1.7234932e+01   3.7499982e+01  -5.0000000e+01   1.9063762e+00
  -1.2948468e+01   8.8673595e+00   4.1000000e+01  -5.3297730e+00   4.3733592e+01  -5.0000000e+01  -5.4183736e+00
  -7.8404040e+00   6.4842165e+00   4.1000000e+01   6.4843703e+00   4.9947361e+01  -5.0000000e+01  -1.1809523e+01
  -2.8047900e+00   2.4498500e+00   4.1000000e+01   1.8289275e+01   5.3784669e+01  -5.0000000e+01  -1.1779023e+01
   2.3001412e+00  -1.8062054e+00   4.1000000e+01   2.9547810e+01   5.5252811e+01  -5.0000000e+01  -1.4556382e+01
   7.1808573e+00  -5.4952050e+00   4.1000000e+01   4.1089824e+01   5.3169600e+01  -5.0000000e+01  -1.7441273e+01
   8.8699703e+00  -5.1146342e+00   4.1000000e+01   5.2475350e+01   5.2316677e+01  -5.0000000e+01  -1.8230201e+01
   4.6833615e+00  -4.2417059e+00   4.1000000e+01   6.2115593e+01   5.2649941e+01  -5.0000000e+01  -1.9538832e+01
   3.6674167e+00  -4.1974370e+00   4.1000000e+01   6.4862949e+01   5.5604906e+01  -5.0000000e+01  -1.7539691e+01
   2.3683100e+00  -4.0269169e+00   4.1000000e+01   6.3548981e+01   5.7001319e+01  -5.0000000e+01  -1.3870336e+01
   3.1418754e-02  -1.4455836e+00   4.1000000e+01   5.9996660e+01   5.7646441e+01  -5.0000000e+01  -1.0329046e+01
  -3.1888019e+00   4.6364966e-01   4.1000000e+01   5.6027098e+01   5.8202233e+01  -5.0000000e+01  -7.1584092e+00
  -6.8316760e+00   3.0020507e+00   4.1000000e+01   5.1359726e+01   5.7186666e+01  -5.0000000e+01  -5.2103302e+00
  -9.5167741e+00   7.4132840e+00   4.1000000e+01   4.6465727e+01   5.6060104e+01  -5.0000000e+01  -4.5322752e+00
  -1.2983848e+01   6.5245769e+00   4.1000000e+01   4.4564950e+01   5.8552451e+01  -5.0000000e+01  -2.8564472e+00
  -1.4264613e+01   1.2109566e+01   4.1000000e+01   3.9484165e+01   5.5478232e+01  -5.0000000e+01  -1.3918416e+00
  -1.5862103e+01   1.1900238e+01   4.1000000e+01   3.8125581e+01   5.6155532e+01  -5.0000000e+01   7.7738969e-01
  -1.6543687e+01   1.3999708e+01   4.1000000e+01   3.5951741e+01   5.5807199e+01  -5.0000000e+01   2.9348365e+00
  -1.8103744e+01   1.2464382e+01   4.1000000e+01   3.4843974e+01   5.7596422e+01  -5.0000000e+01   5.3843023e+00
  -1.8844609e+01   1.2760803e+01   4.1000000e+01   3.3170520e+01   5.7634676e+01  -5.0000000e+01   7.4300090e+00
  -1.6986126e+01   1.0580694e+01   4.1000000e+01   3.3471848e+01   5.7579138e+01  -5.0000000e+01   9.8781047e+00
  -1.0848574e+01   2.5022758e+00   4.1000000e+01   3.7740526e+01   5.5682174e+01  -5.0000000e+01   1.2556644e+01
  -1.8447118e+01   9.4677986e+00   4.1000000e+01   3.3786403e+01   5.8780888e+01  -5.0000000e+01   1.2789681e+01
  -1.8524154e+01   1.2599345e+01   4.1000000e+01   2.9820264e+01   5.7211128e+01  -5.0000000e+01   1.4268236e+01
  -2.2819045e+01   1.2825900e+01   4.1000000e+01   2.5815258e+01   5.8531778e+01  -5.0000000e+01   1.6064168e+01
  -2.5525144e+01   1.9239311e+01   4.1000000e+01   2.0410516e+01   5.6524394e+01  -5.0000000e+01   1.8010884e+01
  -2.7116502e+01   1.9289634e+01   4.1000000e+01   1.7525267e+01   5.6759680e+01  -5.0000000e+01   2.0834834e+01
  -2.9287814e+01   1.8405363e+01   4.1000000e+01   1.5609112e+01   5.8546051e+01  -5.0000000e+01   2.1768832e+01
  -3.0113396e+01   2.1422645e+01   4.1000000e+01   1.3580441e+01   5.6747347e+01  -5.0000000e+01   2.3435838e+01
  -3.2564386e+01   2.3800884e+01   4.1000000e+01   9.9266392e+00   5.5406592e+01  -5.0000000e+01   2.5671396e+01
  -3.3026600e+01   2.5134277e+01   4.1000000e+01   7.4449741e+00   5.2952052e+01  -5.0000000e+01   2.8422030e+01
  -3.4403386e+01   2.5396872e+01   4.1000000e+01   5.9139827e+00   5.2500688e+01  -5.0000000e+01   2.8901458e+01
  -3.6316897e+01   2.5974941e+01   4.1000000e+01   1.5096624e+00   5.0811787e+01  -5.0000000e+01   3.2529746e+01
  -3.8371057e+01   2.9033611e+01   4.1000000e+01  -2.0253137e+00   4.7849430e+01  -5.0000000e+01   3.6226113e+01
  -4.0273896e+01   2.8980588e+01   4.1000000e+01  -5.0301231e+00   4.4663417e+01  -5.0000000e+01   3.8804038e+01
  -4.2719751e+01   3.1592844e+01   4.1000000e+01  -8.9591841e+00   4.2614915e+01  -5.0000000e+01   4.3888439e+01
  -4.7380777e+01   3.2652491e+01   4.1000000e+01  -1.3061034e+01   4.1669488e+01  -5.0000000e+01   4.6948138e+01
  -5.0854291e+01   3.1645085e+01   4.1000000e+01  -1.5296915e+01   3.9647701e+01  -5.0000000e+01   5.0290820e+01
  -5.3985661e+01   3.2589412e+01   4.1000000e+01  -1.8174369e+01   3.6864442e+01  -5.0000000e+01   5.5752099e+01
  -6.0284208e+01   3.8628403e+01   4.1000000e+01  -2.3509938e+01   3.0816913e+01  -5.0000000e+01   5.8243047e+01
  -5.7653055e+01   3.8548228e+01   4.1000000e+01  -2.6728535e+01   2.3343433e+01  -5.0000000e+01   5.9602854e+01
  -5.8739836e+01   3.9308142e+01   4.1000000e+01  -3.1683382e+01   1.6607105e+01  -5.0000000e+01   5.9511330e+01
  -5.8792603e+01   4.2437782e+01   4.1000000e+01  -3.5877688e+01   1.0298826e+01  -5.0000000e+01   5.8096942e+01
  -5.8595003e+01   4.3242132e+01   4.1000000e+01  -3.9837053e+01   6.4324281e+00  -5.0000000e+01   5.5200096e+01
  -5.6181350e+01   4.0434521e+01   4.1000000e+01  -4.1519344e+01   4.6051961e+00  -5.0000000e+01   5.3049115e+01
  -5.2219371e+01   3.7009080e+01   4.1000000e+01  -4.2024488e+01   2.5722294e+00  -5.0000000e+01   5.0552669e+01
  -4.8820760e+01   3.2545375e+01   4.1000000e+01  -4.1799393e+01   2.5154499e+00  -5.0000000e+01   4.6199534e+01
  -4.7363523e+01   3.0593997e+01   4.1000000e+01  -4.3020824e+01   3.6751239e+00  -5.0000000e+01   4.1283120e+01
  -4.2950138e+01   3.1920359e+01   4.1000000e+01  -4.0808058e+01   4.5468989e+00  -5.0000000e+01   3.8979869e+01
  -4.1130919e+01   3.1963663e+01   4.1000000e+01  -4.0057218e+01   7.4729948e+00  -5.0000000e+01   3.7152171e+01
  -3.9211198e+01   2.9559681e+01   4.1000000e+01  -3.7812436e+01   1.2009861e+01  -5.0000000e+01   3.4326646e+01
  -3.4364578e+01   2.2436171e+01   4.1000000e+01  -4.0050770e+01   9.6618890e+00  -5.0000000e+01   2.4148253e+01
  -2.9357582e+01   1.7795135e+01   4.1000000e+01  -4.1431483e+01   7.2856644e+00  -5.0000000e+01   1.4569740e+01
  -2.7894229e+01   1.5098059e+01   4.1000000e+01  -3.9883860e+01   1.9050066e+00  -5.0000000e+01   5.0552109e+00
  -2.6802927e+01   1.8032184e+01   4.1000000e+01  -3.5132462e+01   6.0242650e+00  -5.0000000e+01  -3.5665038e+00
  -2.2374340e+01   1.7452923e+01   4.1000000e+01  -2.7543952e+01   1.5532276e+01  -5.0000000e+01  -1.2541412e+01
  -1.8594754e+01   1.5020815e+01   4.1000000e+01  -1.7606194e+01   2.6635998e+01  -5.0000000e+01  -1.8353122e+01
  -1.1499427e+01   1.1302120e+01   4.1000000e+01  -5.8724242e+00   3.7084778e+01  -5.0000000e+01  -1.9368115e+01
  -6.9064850e+00   8.4632287e+00   4.1000000e+01   5.9774031e+00   4.5904316e+01  -5.0000000e+01  -1.8124549e+01
  -3.7526069e+00   4.6006242e+00   4.1000000e+01   1.8049753e+01   4.9384218e+01  -5.0000000e+01  -1.7349295e+01
  -1.0625126e+00   2.2096899e+00   4.1000000e+01   3.0138324e+01   4.9090705e+01  -5.0000000e+01  -1.7034506e+01
  -1.1906640e+01   6.0519606e+00   4.1000000e+01   4.0268306e+01   3.8170974e+01  -5.0000000e+01  -5.1940374e+00
  -1.9092843e+00   2.5411851e+00   4.1000000e+01   4.8311812e+01   4.5824092e+01  -5.0000000e+01  -9.1019516e+00
  -4.7031547e-01   3.0338215e-01   4.1000000e+01   5.3024749e+01   4.9975345e+01  -5.0000000e+01  -1.0863575e+01
  -1.5407250e+00   2.2030540e-02   4.1000000e+01   5.4424651e+01   5.3157908e+01  -5.0000000e+01  -9.8296450e+00
  -2.7341988e+00  -4.7778449e-01   4.1000000e+01   5.3646321e+01   5.4779216e+01  -5.0000000e+01  -7.6942541e+00
  -3.9300204e+00   3.5955734e-01   4.1000000e+01   5.2298426e+01   5.5066738e+01  -5.0000000e+01  -6.3502407e+00
  -5.6950356e+00   1.5790655e+00   4.1000000e+01   5.0326551e+01   5.5053471e+01  -5.0000000e+01  -4.9768678e+00
  -7.7769933e+00   3.3979885e+00   4.1000000e+01   4.7405276e+01   5.5095828e+01  -5.0000000e+01  -3.2751792e+00
  -9.3623110e+00   6.4935070e+00   4.1000000e+01   4.4489699e+01   5.3892696e+01  -5.0000000e+01  -3.7071116e+00
  -1.1838368e+01   6.0688817e+00   4.1000000e+01   4.2342816e+01   5.5327941e+01  -5.0000000e+01  -7.9402083e-01
  -1.3415544e+01   6.4047919e+00   4.1000000e+01   4.1389000e+01   5.6333835e+01  -5.0000000e+01  -1.5216105e-01
  -1.5526025e+01   7.5551383e+00   4.1000000e+01   4.0050002e+01   5.7738951e+01  -5.0000000e+01   1.7742608e+00
  -1.6198274e+01   9.1117845e+00   4.1000000e+01   3.8423763e+01   5.6570715e+01  -5.0000000e+01   2.4249757e+00
  -1.8003735e+01   1.1302491e+01   4.1000000e+01   3.5009525e+01   5.5800534e+01  -5.0000000e+01   3.3948434e+00
  -1.9245680e+01   1.3811873e+01   4.1000000e+01   3.2729921e+01   5.3870387e+01  -5.0000000e+01   3.9331224e+00
  -2.0478783e+01   1.5098007e+01   4.1000000e+01   3.1402313e+01   5.3021671e+01  -5.0000000e+01   4.7109051e+00
  -2.1499517e+01   1.6995624e+01   4.1000000e+01   3.0502223e+01   5.2716912e+01  -5.0000000e+01   3.7694100e+00
  -2.2605423e+01   1.6538797e+01   4.1000000e+01   2.8871680e+01   5.3008861e+01  -5.0000000e+01   6.2928173e+00
  -2.3342787e+01   1.5671335e+01   4.1000000e+01   2.8104875e+01   5.3495958e+01  -5.0000000e+01   7.2682809e+00
  -2.5412272e+01   1.6247651e+01   4.1000000e+01   2.6733706e+01   5.4381853e+01  -5.0000000e+01   8.4750700e+00
  -2.5623933e+01   1.5154420e+01   4.1000000e+01   2.5820506e+01   5.4601210e+01  -5.0000000e+01   1.1464532e+01
  -2.6244821e+01   1.5731621e+01   4.1000000e+01   2.3355744e+01   5.2876690e+01  -5.0000000e+01   1.3229794e+01
  -2.7444942e+01   1.7297706e+01   4.1000000e+01   2.1414766e+01   5.2271918e+01  -5.0000000e+01   1.4508785e+01
  -2.7670192e+01   2.0079432e+01   4.1000000e+01   1.8353286e+01   4.8689473e+01  -5.0000000e+01   1.6664950e+01
  -2.9118169e+01   1.9513031e+01   4.1000000e+01   1.6712181e+01   4.9537213e+01  -5.0000000e+01   1.7719487e+01
  -3.0188531e+01   2.1274912e+01   4.1000000e+01   1.4069593e+01   4.6795607e+01  -5.0000000e+01   1.8413524e+01
  -3.2015110e+01   2.2186565e+01   4.1000000e+01   1.0764674e+01   4.4956105e+01  -5.0000000e+01   1.9725113e+01
  -3.3159629e+01   2.2664820e+01   4.1000000e+01   7.0925843e+00   4.4371628e+01  -5.0000000e+01   2.4096590e+01
  -3.4535713e+01   2.5764205e+01   4.1000000e+01   2.7768073e+00   3.8583122e+01  -5.0000000e+01   2.6961468e+01
  -3.6746841e+01   2.7821733e+01   4.1000000e+01  -3.1295052e+00   3.5589988e+01  -5.0000000e+01   3.0606774e+01
  -3.9449725e+01   2.9618576e+01   4.1000000e+01  -7.6375325e+00   3.3578325e+01  -5.0000000e+01   3.5620055e+01
  -4.3009480e+01   3.1809196e+01   4.1000000e+01  -1.1937482e+01   3.1249723e+01  -5.0000000e+01   4.0902272e+01
  -4.6941116e+01   3.0899118e+01   4.1000000e+01  -1.5744458e+01   3.1130264e+01  -5.0000000e+01   4.4055057e+01
  -4.9947315e+01   3.2216836e+01   4.1000000e+01  -1.8984013e+01   2.7337913e+01  -5.0000000e+01   4.7226600e+01
  -5.2185979e+01   3.3876463e+01   4.1000000e+01  -2.4072297e+01   2.0737419e+01  -5.0000000e+01   4.8380113e+01
  -5.1020256e+01   3.0827989e+01   4.1000000e+01  -2.8532927e+01   1.7253689e+01  -5.0000000e+01   4.7246350e+01
  -4.6332796e+01   2.6966021e+01   4.1000000e+01  -2.9434136e+01   1.6893881e+01  -5.0000000e+01   4.4500940e+01
  -4.1652219e+01   2.1952094e+01   4.1000000e+01  -3.1984258e+01   1.4346105e+01  -5.0000000e+01   3.5032130e+01
  -3.6972462e+01   1.7341168e+01   4.1000000e+01  -3.2196302e+01   1.9254416e+01  -5.0000000e+01   2.5954503e+01
  -3.3020146e+01   1.5248138e+01   4.1000000e+01  -2.9723678e+01   2.2422191e+01  -5.0000000e+01   1.5747632e+01
  -2.7823658e+01   1.3006136e+01   4.1000000e+01  -2.3910030e+01   2.5627352e+01  -5.0000000e+01   5.1805686e+00
  -2.1930505e+01   1.5068853e+01   4.1000000e+01  -1.6421124e+01   3.4684658e+01  -5.0000000e+01  -5.2345361e+00
  -1.1934045e+01   1.3563420e+01   4.1000000e+01  -5.0370638e+00   4.3966632e+01  -5.0000000e+01  -1.3030620e+01
  -5.6745267e+00   9.6580575e+00   4.1000000e+01   6.4917512e+00   5.1903912e+01  -5.0000000e+01  -1.4758947e+01
   2.7303233e-01   3.7605060e+00   4.1000000e+01   1.8425200e+01   5.5223362e+01  -5.0000000e+01  -1.2865982e+01
   2.5031358e+00  -3.5858901e+00   4.1000000e+01   2.9574565e+01   5.7601919e+01  -5.0000000e+01  -1.4699462e+01
   7.7845746e+00  -5.6913415e+00   4.1000000e+01   4.0942714e+01   5.5876238e+01  -5.0000000e+01  -1.7344444e+01
   7.9267918e+00  -4.9470540e+00   4.1000000e+01   5.2112453e+01   5.4515993e+01  -5.0000000e+01  -1.7688847e+01
   4.4984966e+00  -4.2938402e+00   4.1000000e+01   6.2341142e+01   5.3565081e+01  -5.0000000e+01  -1.6667502e+01
   3.2035064e+00  -4.9161254e+00   4.1000000e+01   6.4677111e+01   5.6895307e+01  -5.0000000e+01  -1.5519276e+01
   2.4010251e+00  -4.7101902e+00   4.1000000e+01   6.3016240e+01   5.7570377e+01  -5.0000000e+01  -1.2361951e+01
   2.2985711e-01  -2.5183205e+00   4.1000000e+01   5.9560917e+01   5.7091961e+01  -5.0000000e+01  -8.7982933e+00
  -2.6758889e+00  -6.2324503e-01   4.1000000e+01   5.4572573e+01   5.6537231e+01  -5.0000000e+01  -4.3352559e+00
  -6.3007018e+00   6.6083810e-01   4.1000000e+01   5.0266259e+01   5.7215221e+01  -5.0000000e+01  -1.3886383e+00
  -1.0038527e+01   3.0027805e+00   4.1000000e+01   4.4998418e+01   5.7720856e+01  -5.0000000e+01   2.4602307e+00
  -1.2849670e+01   4.2896650e+00   4.1000000e+01   4.1206889e+01   5.7891802e+01  -5.0000000e+01   5.4675335e+00
  -1.5543588e+01   8.0229947e+00   4.1000000e+01   3.6387409e+01   5.6406970e+01  -5.0000000e+01   7.7896163e+00
  -1.6755193e+01   8.9791556e+00   4.1000000e+01   3.3235742e+01   5.4593743e+01  -5.0000000e+01   9.3882883e+00
  -1.9780364e+01   1.3598068e+01   4.1000000e+01   2.8734597e+01   5.2973104e+01  -5.0000000e+01   1.0739656e+01
  -2.1432689e+01   1.4085401e+01   4.1000000e+01   2.8187781e+01   5.4217251e+01  -5.0000000e+01   1.1364561e+01
  -2.0782208e+01   1.4191295e+01   4.1000000e+01   2.7499447e+01   5.4247558e+01  -5.0000000e+01   1.2867882e+01
  -1.6796489e+01   9.6041594e+00   4.1000000e+01   2.9502171e+01   5.3564273e+01  -5.0000000e+01   1.4392631e+01
  -1.7118299e+01   1.1246276e+01   4.1000000e+01   2.8444592e+01   5.1934394e+01  -5.0000000e+01   1.5870787e+01
  -2.0574859e+01   1.3532323e+01   4.1000000e+01   2.6023074e+01   5.3315108e+01  -5.0000000e+01   1.8098729e+01
  -2.3743394e+01   1.5005235e+01   4.1000000e+01   2.1866114e+01   5.5112944e+01  -5.0000000e+01   1.9390544e+01
  -2.6522737e+01   1.8414157e+01   4.1000000e+01   1.6314624e+01   5.4428961e+01  -5.0000000e+01   2.0658074e+01
  -3.0343276e+01   2.3208444e+01   4.1000000e+01   1.0541169e+01   5.1148790e+01  -5.0000000e+01   2.2510802e+01
  -3.1829004e+01   2.5642150e+01   4.1000000e+01   6.8067956e+00   4.8236629e+01  -5.0000000e+01   2.3406661e+01
  -3.2649076e+01   2.7144311e+01   4.1000000e+01   3.5531260e+00   4.5663017e+01  -5.0000000e+01   2.5702282e+01
  -3.4242757e+01   2.7544743e+01   4.1000000e+01   2.3112959e+00   4.4038476e+01  -5.0000000e+01   2.6977738e+01
  -3.5862405e+01   2.6525894e+01   4.1000000e+01  -9.3778802e-01   4.3399249e+01  -5.0000000e+01   3.0698217e+01
  -3.6225462e+01   3.0106128e+01   4.1000000e+01  -4.2109869e+00   3.9568321e+01  -5.0000000e+01   3.4821346e+01
  -3.8997387e+01   3.1786024e+01   4.1000000e+01  -8.1880741e+00   3.7701986e+01  -5.0000000e+01   3.8027768e+01
  -4.2322264e+01   3.5858594e+01   4.1000000e+01  -1.3965984e+01   3.3517288e+01  -5.0000000e+01   4.4136775e+01
  -4.5779528e+01   3.8096451e+01   4.1000000e+01  -1.6947726e+01   3.0452740e+01  -5.0000000e+01   4.8102105e+01
  -4.9621105e+01   3.7147246e+01   4.1000000e+01  -2.0281087e+01   2.9915892e+01  -5.0000000e+01   5.0079734e+01
  -5.3019214e+01   3.9336481e+01   4.1000000e+01  -2.4007628e+01   2.5097669e+01  -5.0000000e+01   5.2980181e+01
  -5.6090277e+01   3.7513733e+01   4.1000000e+01  -2.8035664e+01   2.1757383e+01  -5.0000000e+01   5.5501865e+01
  -5.5115250e+01   3.3766876e+01   4.1000000e+01  -3.1855672e+01   1.8275379e+01  -5.0000000e+01   5.6823271e+01
  -5.2208944e+01   3.0660523e+01   4.1000000e+01  -3.4564713e+01   1.5121525e+01  -5.0000000e+01   5.5498149e+01
  -5.0874624e+01   2.8219628e+01   4.1000000e+01  -3.7273627e+01   1.6168202e+01  -5.0000000e+01   5.3476639e+01
  -4.7446561e+01   2.4361751e+01   4.1000000e+01  -3.8223178e+01   1.6186672e+01  -5.0000000e+01   4.8048900e+01
  -4.5501570e+01   3.1388943e+01   4.1000000e+01  -4.0205108e+01   2.5897947e+01  -5.0000000e+01   5.7056316e+01
  -3.7817769e+01   2.3652172e+01   4.1000000e+01  -3.9684959e+01   2.6740392e+01  -5.0000000e+01   4.6629193e+01
  -3.1154060e+01   1.7927249e+01   4.1000000e+01  -3.7214082e+01   2.4215499e+01  -5.0000000e+01   3.4927971e+01
  -2.3392566e+01   1.4710470e+01   4.1000000e+01  -3.0838670e+01   2.5261782e+01  -5.0000000e+01   2.3048406e+01
  -1.8280944e+01   1.1265650e+01   4.1000000e+01  -2.1719138e+01   3.1863912e+01  -5.0000000e+01   1.1377041e+01
  -1.0903830e+01   6.7888313e+00   4.1000000e+01  -1.0332425e+01   3.7798520e+01  -5.0000000e+01   1.7485891e-01
  -4.1099581e+00   5.9232151e+00   4.1000000e+01   1.8379830e+00   4.4840435e+01  -5.0000000e+01  -6.6338927e+00
   1.1109708e+00   5.4718804e+00   4.1000000e+01   1.3867061e+01   5.0187118e+01  -5.0000000e+01  -9.9083636e+00
   5.0283706e+00  -3.4556225e+00   4.1000000e+01   2.5634189e+01   5.3356232e+01  -5.0000000e+01  -1.1760181e+01
   8.7205856e+00  -7.7631388e+00   4.1000000e+01   3.7191976e+01   5.4406478e+01  -5.0000000e+01  -1.4366395e+01
   1.2275746e+01  -9.7662991e+00   4.1000000e+01   4.8550884e+01   5.3586548e+01  -5.0000000e+01  -1.9427697e+01
   1.1636445e+01  -9.0288130e+00   4.1000000e+01   5.9226378e+01   5.3683783e+01  -5.0000000e+01  -2.2808962e+01
   8.4868877e+00  -8.7455247e+00   4.1000000e+01   6.8199802e+01   5.2612485e+01  -5.0000000e+01  -2.5149129e+01
   6.7934630e+00  -8.6657740e+00   4.1000000e+01   7.0139477e+01   5.6140057e+01  -5.0000000e+01  -2.3721411e+01
   4.2383341e+00  -6.3794084e+00   4.1000000e+01   6.7952917e+01   5.8639815e+01  -5.0000000e+01  -2.1009614e+01
   1.4107545e+00  -3.2390781e+00   4.1000000e+01   6.4259337e+01   5.9347293e+01  -5.0000000e+01  -1.9467546e+01
   1.1183226e-01  -3.9185675e+00   4.1000000e+01   6.1411170e+01   5.8075339e+01  -5.0000000e+01  -1.4700660e+01
  -1.9749405e+00  -2.0440128e+00   4.1000000e+01   5.7553910e+01   5.6584917e+01  -5.0000000e+01  -1.0704926e+01
  -4.3689670e+00   6.0149028e-01   4.1000000e+01   5.2938436e+01   5.5653891e+01  -5.0000000e+01  -6.3183177e+00
  -7.0012377e+00   1.8089198e+00   4.1000000e+01   4.8731958e+01   5.4520958e+01  -5.0000000e+01  -2.8669949e+00
  -8.6703784e+00   4.7835336e+00   4.1000000e+01   4.4779346e+01   5.2755239e+01  -5.0000000e+01  -6.3659039e-04
  -1.0364438e+01   5.7873678e+00   4.1000000e+01   4.2142060e+01   5.2649092e+01  -5.0000000e+01   2.5340641e+00
  -1.1884553e+01   4.5770699e+00   4.1000000e+01   4.1671855e+01   5.5699103e+01  -5.0000000e+01   5.6185958e+00
  -1.1596216e+01   8.8269034e+00   4.1000000e+01   3.8945910e+01   5.3681348e+01  -5.0000000e+01   6.5846056e+00
  -1.6134757e+01   8.9086594e+00   4.1000000e+01   3.6709089e+01   5.8200130e+01  -5.0000000e+01   8.2204165e+00
  -1.6141429e+01   7.6906616e+00   4.1000000e+01   3.6424185e+01   6.0018595e+01  -5.0000000e+01   9.4049144e+00
  -1.3548290e+01   8.9567039e+00   4.1000000e+01   3.7072022e+01   5.8065126e+01  -5.0000000e+01   9.6930850e+00
  -1.4931600e+01   1.0845893e+01   4.1000000e+01   3.6677974e+01   5.8225507e+01  -5.0000000e+01   1.0275615e+01
  -1.7550439e+01   1.3834823e+01   4.1000000e+01   3.3183159e+01   5.8878983e+01  -5.0000000e+01   1.2063274e+01
  -2.0827604e+01   1.9222150e+01   4.1000000e+01   2.8003898e+01   5.7341384e+01  -5.0000000e+01   1.2888487e+01
  -2.2057478e+01   2.2331347e+01   4.1000000e+01   2.2355363e+01   5.4076316e+01  -5.0000000e+01   1.5303786e+01
  -2.4672168e+01   1.7538929e+01   4.1000000e+01   2.0838870e+01   5.6232676e+01  -5.0000000e+01   1.7587786e+01
  -2.5412980e+01   1.7801773e+01   4.1000000e+01   1.9632769e+01   5.6722552e+01  -5.0000000e+01   1.9729556e+01
  -2.7309803e+01   1.9139785e+01   4.1000000e+01   1.7663309e+01   5.8192478e+01  -5.0000000e+01   2.1269130e+01
  -2.9898875e+01   2.2272164e+01   4.1000000e+01   1.4556361e+01   5.5835949e+01  -5.0000000e+01   2.1488039e+01
  -3.1084004e+01   2.4460362e+01   4.1000000e+01   1.0079889e+01   5.3420171e+01  -5.0000000e+01   2.3688104e+01
  -3.2514684e+01   2.4766951e+01   4.1000000e+01   6.7067623e+00   5.1390091e+01  -5.0000000e+01   2.7408530e+01
  -3.5440590e+01   2.8186896e+01   4.1000000e+01  -2.4507260e-01   4.7673751e+01  -5.0000000e+01   2.9212031e+01
